<?xml version="1.0"?>
<!DOCTYPE Section SYSTEM "section.dtd">

<Section index="151" thickness="0.06" alignLocked="true">
<Transform dim="0"
 xcoef=" 0 1 0 0 0 0"
 ycoef=" 0 0 1 0 0 0">
<Contour name="d03cfa34ax23" hidden="false" closed="false" simplified="false" border="0 1 1" fill="0 1 1" mode="9"
 points="2.84066 5.5569,
	2.82055 5.54685,
	2.77833 5.52272,
	2.75018 5.44832,
	2.72605 5.3699,
	"/>
<Contour name="d01" hidden="false" closed="true" simplified="true" border="1 0.5 0" fill="1 0.5 0" mode="9"
 points="2.35604 4.9118,
	2.37453 4.88221,
	2.40042 4.86372,
	2.41522 4.85632,
	2.44481 4.85632,
	2.4596 4.85632,
	2.47439 4.86742,
	2.50398 4.87112,
	2.53357 4.88221,
	2.54097 4.88591,
	2.53357 4.94509,
	2.53357 4.95988,
	2.50768 4.98208,
	2.4485 4.99317,
	2.41891 4.99317,
	2.40412 4.99317,
	2.38933 4.98578,
	2.38193 4.98578,
	2.37083 4.97098,
	2.35974 4.94139,
	2.35604 4.9155,
	"/>
<Contour name="d01c28b" hidden="false" closed="true" simplified="true" border="0 1 0" fill="0 1 0" mode="9"
 points="2.78208 5.68195,
	2.79163 5.66921,
	2.8171 5.66921,
	2.82983 5.66921,
	2.8553 5.67876,
	2.86803 5.68195,
	2.89031 5.70105,
	2.89668 5.70741,
	2.89668 5.71378,
	2.90623 5.72014,
	2.92214 5.74561,
	2.92533 5.77107,
	2.92533 5.78381,
	2.90941 5.80927,
	2.88395 5.81564,
	2.85848 5.81564,
	2.84575 5.80927,
	2.79482 5.75834,
	2.78527 5.74561,
	2.78208 5.69468,
	2.78208 5.68513,
	"/>
<Contour name="d01cfa28b" hidden="false" closed="false" simplified="false" border="0 1 1" fill="0 1 1" mode="9"
 points="2.90897 5.80582,
	2.83576 5.74216,
	2.78165 5.6785,
	"/>
<Contour name="d02" hidden="false" closed="true" simplified="true" border="0.5 0 1" fill="0.5 0 1" mode="9"
 points="2.24925 4.06982,
	2.27042 4.02749,
	2.29159 4.01161,
	2.37627 4.01161,
	2.41332 4.04336,
	2.45565 4.05924,
	2.49799 4.06453,
	2.51387 4.08041,
	2.51916 4.12275,
	2.52975 4.13333,
	2.57209 4.13333,
	2.59326 4.13333,
	2.61443 4.14392,
	2.6303 4.17038,
	2.67264 4.19684,
	2.68852 4.21801,
	2.68323 4.23918,
	2.59855 4.28681,
	2.55621 4.2921,
	2.51387 4.28681,
	2.47153 4.24447,
	2.45036 4.23389,
	2.42919 4.23389,
	2.38685 4.19684,
	2.36568 4.18096,
	2.3551 4.17038,
	2.31276 4.16509,
	2.29159 4.15979,
	2.24925 4.12275,
	2.24925 4.08041,
	2.24925 4.07512,
	"/>
<Contour name="d02" hidden="false" closed="true" simplified="true" border="0.5 0 1" fill="0.5 0 1" mode="9"
 points="1.46598 3.14895,
	1.48186 3.13308,
	1.65122 3.13308,
	1.73589 3.12778,
	1.74648 3.12778,
	1.77823 3.08545,
	1.7994 3.04311,
	1.83116 3.00077,
	1.87879 2.92138,
	1.89466 2.8367,
	1.92642 2.79966,
	1.96876 2.76261,
	2.0111 2.73615,
	2.09577 2.65147,
	2.17516 2.57738,
	2.19633 2.54033,
	2.23338 2.49799,
	2.27571 2.47153,
	2.36039 2.46624,
	2.40802 2.38156,
	2.43449 2.33922,
	2.45036 2.29688,
	2.46624 2.21221,
	2.50329 2.17516,
	2.54563 2.15928,
	2.57738 2.12224,
	2.58267 2.03756,
	2.56679 1.99522,
	2.56679 1.91054,
	2.56679 1.89996,
	2.53504 1.85762,
	2.52975 1.77294,
	2.57209 1.76765,
	2.61443 1.75177,
	2.6356 1.74119,
	2.68852 1.65651,
	2.70969 1.61417,
	2.73086 1.52949,
	2.73086 1.50832,
	2.73086 1.49774,
	2.78378 1.41835,
	2.79437 1.39718,
	2.87375 1.36014,
	2.90021 1.39718,
	2.9108 1.41835,
	2.9108 1.58771,
	2.90551 1.60888,
	2.87375 1.65122,
	2.86317 1.65122,
	2.842 1.66709,
	2.82083 1.67239,
	2.78378 1.70943,
	2.73615 1.78882,
	2.7044 1.8735,
	2.66206 1.95817,
	2.65676 2.12753,
	2.6356 2.16987,
	2.60913 2.25455,
	2.59326 2.33922,
	2.58267 2.50858,
	2.56679 2.55092,
	2.51387 2.6356,
	2.4927 2.65676,
	2.47153 2.66206,
	2.45565 2.65676,
	2.46624 2.6991,
	2.47682 2.72027,
	2.49799 2.74144,
	2.50858 2.78378,
	2.50858 2.86846,
	2.4927 2.9108,
	2.46624 2.95314,
	2.44507 2.97431,
	2.4239 3.01665,
	2.41861 3.10132,
	2.41332 3.14366,
	2.37627 3.186,
	2.37098 3.22834,
	2.38156 3.24951,
	2.4239 3.29185,
	2.42919 3.37653,
	2.42919 3.41886,
	2.42919 3.44003,
	2.42919 3.45062,
	2.38685 3.48767,
	2.36039 3.52471,
	2.31805 3.55117,
	2.23338 3.55647,
	2.15399 3.48237,
	2.13282 3.4612,
	2.12224 3.44003,
	2.08519 3.39769,
	2.00051 3.35006,
	1.97934 3.34477,
	1.9423 3.30772,
	1.93171 3.29714,
	1.593 3.29714,
	1.55066 3.29714,
	1.52949 3.28656,
	1.49774 3.24422,
	1.47657 3.22305,
	1.46598 3.20188,
	1.46598 3.15954,
	1.46598 3.15425,
	"/>
<Contour name="d02" hidden="false" closed="true" simplified="true" border="0.5 0 1" fill="0.5 0 1" mode="9"
 points="0.460435 3.1172,
	0.481605 3.07486,
	0.486897 3.05369,
	0.539821 2.97431,
	0.545113 2.93197,
	0.539821 2.84729,
	0.571575 2.81024,
	0.592744 2.78907,
	0.613914 2.77849,
	0.619206 2.69381,
	0.613914 2.60913,
	0.571575 2.56679,
	0.529236 2.56679,
	0.508067 2.54563,
	0.508067 2.52446,
	0.481605 2.48212,
	0.481605 2.47153,
	0.523944 2.44507,
	0.608621 2.4239,
	0.629791 2.4239,
	0.656253 2.45565,
	0.698591 2.46624,
	0.709176 2.46624,
	0.746223 2.50329,
	0.756807 2.67264,
	0.7621 2.69381,
	0.846778 2.7732,
	0.862655 2.79437,
	0.862655 2.80495,
	0.94204 2.87904,
	0.963209 2.90021,
	0.984379 2.90551,
	1.00555 2.92138,
	1.01613 2.92138,
	1.02672 2.93197,
	1.02672 2.94255,
	1.04259 2.96372,
	1.04259 3.00606,
	1.04259 3.02723,
	1.03201 3.0484,
	0.862655 3.05369,
	0.777977 3.05369,
	0.735638 3.05369,
	0.693299 3.08015,
	0.629791 3.15425,
	0.587452 3.19129,
	0.545113 3.20717,
	0.502774 3.20717,
	0.481605 3.19659,
	0.460435 3.17542,
	0.460435 3.13308,
	0.460435 3.12249,
	"/>
<Contour name="d02c45" hidden="false" closed="true" simplified="true" border="0 1 0" fill="0 1 0" mode="9"
 points="2.64323 1.63211,
	2.6565 1.61088,
	2.66446 1.58965,
	2.68038 1.56842,
	2.68835 1.54719,
	2.71754 1.50473,
	2.73346 1.4835,
	2.75735 1.44104,
	2.77061 1.42246,
	2.79185 1.40123,
	2.81042 1.38796,
	2.83165 1.38531,
	2.83961 1.39327,
	2.84227 1.47819,
	2.83696 1.49942,
	2.83696 1.50473,
	2.83165 1.51004,
	2.829 1.52065,
	2.829 1.52596,
	2.80511 1.56842,
	2.79981 1.57373,
	2.79981 1.57904,
	2.7945 1.58435,
	2.7945 1.58965,
	2.77858 1.61088,
	2.77061 1.6215,
	2.76796 1.63211,
	2.76 1.64273,
	2.75469 1.64804,
	2.75469 1.65335,
	2.73877 1.66927,
	2.73611 1.67458,
	2.73081 1.67458,
	2.72019 1.68254,
	2.69896 1.68519,
	2.68835 1.6905,
	2.66711 1.68785,
	2.66181 1.68785,
	2.64323 1.66927,
	2.64323 1.64804,
	2.64323 1.63742,
	2.64323 1.63477,
	"/>
<Contour name="d02cfa45" hidden="false" closed="false" simplified="false" border="0 1 1" fill="0 1 1" mode="9"
 points="2.66582 1.68366,
	2.68705 1.64916,
	2.71094 1.60139,
	2.74013 1.53504,
	2.76667 1.47931,
	2.79851 1.42889,
	2.83567 1.38643,
	"/>
<Contour name="d02c46a" hidden="false" closed="true" simplified="true" border="0 1 0" fill="0 1 0" mode="9"
 points="0.674077 3.04927,
	0.682038 3.02804,
	0.766961 2.98027,
	0.809423 2.97761,
	0.851884 2.98027,
	0.873115 2.98027,
	0.891692 2.98823,
	0.902307 2.99619,
	0.915577 3.01211,
	0.923538 3.02273,
	0.928846 3.02804,
	0.928846 3.03865,
	0.923538 3.04927,
	0.902307 3.06519,
	0.881077 3.0705,
	0.859846 3.08111,
	0.774923 3.08377,
	0.732461 3.09173,
	0.711231 3.09438,
	0.69 3.09173,
	0.679384 3.08111,
	0.674077 3.0705,
	0.674077 3.05192,
	"/>
<Contour name="d02cfa46a" hidden="false" closed="false" simplified="false" border="0 1 1" fill="0 1 1" mode="9"
 points="0.924899 3.03977,
	0.824053 3.01854,
	0.736476 3.02916,
	0.675438 3.07427,
	"/>
<Contour name="d03p34" hidden="false" closed="true" simplified="false" border="1 0 0" fill="1 0 0" mode="-13"
 points="1.88544 5.42391,
	1.90074 5.40249,
	1.88544 5.38107,
	1.89462 5.38107,
	1.90686 5.39943,
	1.9191 5.38107,
	1.92828 5.38107,
	1.91298 5.40249,
	1.92828 5.42391,
	1.9191 5.42391,
	1.90686 5.40555,
	1.89462 5.42391,
	"/>
<Contour name="d03c31" hidden="false" closed="true" simplified="true" border="1 0 0" fill="0 1 0" mode="9"
 points="2.69595 6.11478,
	2.70162 6.10344,
	2.74131 6.06659,
	2.76398 6.05242,
	2.80651 6.01273,
	2.85186 5.98721,
	2.87454 5.98721,
	2.88021 5.98721,
	2.89155 5.99855,
	2.89722 6.00706,
	2.90006 6.00422,
	2.90289 6.01556,
	2.88872 6.03541,
	2.84336 6.07509,
	2.84052 6.08643,
	2.83202 6.09777,
	2.83202 6.10344,
	2.82635 6.10911,
	2.82635 6.11478,
	2.81785 6.12612,
	2.80934 6.1488,
	2.80934 6.17148,
	2.81501 6.19416,
	2.85186 6.23952,
	2.87171 6.2622,
	2.88021 6.27353,
	2.88872 6.29338,
	2.88872 6.29905,
	2.89722 6.31039,
	2.89439 6.33307,
	2.84903 6.33307,
	2.82635 6.33307,
	2.81501 6.33307,
	2.80367 6.32456,
	2.798 6.32456,
	2.75548 6.28204,
	2.74131 6.25936,
	2.7328 6.24802,
	2.7328 6.22534,
	2.71579 6.2055,
	2.70445 6.18282,
	2.69878 6.17715,
	2.69595 6.13179,
	2.69595 6.12045,
	2.69595 6.11762,
	"/>
<Contour name="d03cfa31" hidden="false" closed="false" simplified="false" border="0 1 1" fill="0 1 1" mode="9"
 points="2.88969 6.32519,
	2.83299 6.28267,
	2.79613 6.25432,
	2.76495 6.21747,
	2.75078 6.17211,
	2.75078 6.12959,
	2.77913 6.07005,
	2.84433 6.01619,
	2.88118 5.98784,
	"/>
<Contour name="d03c32a" hidden="false" closed="true" simplified="true" border="1 0 0" fill="0 1 0" mode="9"
 points="1.20405 4.97937,
	1.22383 4.96207,
	1.24361 4.95959,
	1.26339 4.96454,
	1.3425 5.01151,
	1.35239 5.01646,
	1.36228 5.01646,
	1.38206 5.03377,
	1.38948 5.04118,
	1.38948 5.05107,
	1.38948 5.05602,
	1.3697 5.06343,
	1.33014 5.06591,
	1.31036 5.06591,
	1.30047 5.06591,
	1.26091 5.0486,
	1.24113 5.03377,
	1.23125 5.02882,
	1.21888 5.00904,
	1.20899 4.99915,
	1.20405 4.98926,
	1.20405 4.98185,
	"/>
<Contour name="d03cfa32a" hidden="false" closed="false" simplified="false" border="0 1 1" fill="0 1 1" mode="9"
 points="1.38502 5.03669,
	1.35535 5.04658,
	1.31085 5.03669,
	1.2614 5.00703,
	1.23915 4.96005,
	"/>
<Contour name="d03c32b" hidden="false" closed="true" simplified="true" border="1 0 0" fill="0 1 0" mode="9"
 points="0.917253 5.01399,
	0.92467 4.99421,
	0.937032 4.97443,
	0.944449 4.95465,
	0.964228 4.93487,
	1.00379 4.9052,
	1.04334 4.88542,
	1.06312 4.87306,
	1.10268 4.86564,
	1.12246 4.86564,
	1.13235 4.86564,
	1.13729 4.87059,
	1.14224 4.87059,
	1.15213 4.87801,
	1.14966 4.91756,
	1.13977 4.92498,
	1.10021 4.92745,
	1.06065 4.94476,
	1.05571 4.94971,
	1.05076 4.94971,
	1.03098 4.96207,
	1.02109 4.97196,
	1.0112 4.9769,
	1.00626 4.9769,
	1.00131 4.98185,
	0.996369 4.98185,
	0.996369 4.98679,
	0.966701 5.0214,
	0.954339 5.04118,
	0.93456 5.05355,
	0.92467 5.05355,
	0.917253 5.04613,
	0.917253 5.02635,
	0.917253 5.01646,
	"/>
<Contour name="d03cfa32b" hidden="false" closed="false" simplified="false" border="0 1 1" fill="0 1 1" mode="9"
 points="0.937516 5.04906,
	0.937516 5.04164,
	0.94246 5.00455,
	0.964712 4.97488,
	1.01416 4.92296,
	1.08833 4.8933,
	1.14767 4.89577,
	"/>
<Contour name="d03plinn29" hidden="false" closed="true" simplified="false" border="0 0 1" fill="0 0 1" mode="-13"
 points="1.56301 5.41321,
	1.52188 5.37209,
	1.56301 5.33096,
	1.60413 5.37209,
	"/>
<Contour name="d04" hidden="false" closed="true" simplified="true" border="1 0 0" fill="1 0 0" mode="9"
 points="3.26404 4.93018,
	3.28411 4.89806,
	3.31221 4.86594,
	3.32426 4.84988,
	3.32426 4.78565,
	3.32827 4.75353,
	3.34032 4.72141,
	3.35236 4.70535,
	3.38448 4.69331,
	3.40054 4.69331,
	3.43266 4.67725,
	3.43667 4.69331,
	3.43266 4.70134,
	3.44872 4.70535,
	3.50894 4.74951,
	3.54106 4.77762,
	3.57318 4.79769,
	3.63741 4.80171,
	3.65347 4.80171,
	3.6615 4.80171,
	3.67756 4.81776,
	3.68158 4.882,
	3.67756 4.91412,
	3.65347 4.94222,
	3.62135 4.94222,
	3.49288 4.9904,
	3.36441 4.9904,
	3.30017 4.9904,
	3.28411 4.9904,
	3.27608 4.98237,
	3.27608 4.97434,
	3.26404 4.95828,
	3.26404 4.94222,
	3.26404 4.93419,
	"/>
<Contour name="d04" hidden="false" closed="true" simplified="true" border="1 0 0" fill="1 0 0" mode="9"
 points="4.19547 3.32426,
	4.25168 3.28009,
	4.26774 3.27207,
	4.39621 3.27207,
	4.41227 3.27608,
	4.42431 3.29214,
	4.45242 3.29615,
	4.48454 3.32024,
	4.50461 3.3363,
	4.50461 3.34433,
	4.52468 3.37645,
	4.53271 3.38448,
	4.53271 3.4166,
	4.5287 3.43266,
	4.50461 3.46478,
	4.48855 3.47682,
	4.46848 3.50894,
	4.46446 3.525,
	4.43636 3.5531,
	4.40424 3.56515,
	4.39621 3.57318,
	4.36409 3.58121,
	4.34803 3.58923,
	4.31591 3.58923,
	4.29986 3.58121,
	4.24365 3.51697,
	4.21153 3.48886,
	4.19949 3.45675,
	4.19547 3.32827,
	"/>
<Contour name="d04" hidden="false" closed="true" simplified="true" border="1 0 0" fill="1 0 0" mode="9"
 points="4.04692 4.03488,
	4.067 4.00276,
	4.11919 3.95458,
	4.16737 3.89837,
	4.19949 3.87429,
	4.2316 3.86224,
	4.36008 3.85823,
	4.42431 3.83012,
	4.45643 3.81005,
	4.52067 3.80603,
	4.55279 3.80603,
	4.56885 3.80603,
	4.57688 3.80603,
	4.6371 3.86224,
	4.66922 3.89436,
	4.69331 3.92648,
	4.70535 3.93852,
	4.76959 3.94254,
	4.80171 3.93852,
	4.82981 3.97064,
	4.86193 3.97867,
	4.89405 3.99473,
	4.90208 4.00276,
	4.90208 4.067,
	4.90208 4.08306,
	4.90208 4.09109,
	4.84988 4.14328,
	4.82981 4.1754,
	4.82178 4.19146,
	4.81375 4.19949,
	4.81375 4.32796,
	4.81375 4.34402,
	4.84988 4.40424,
	4.882 4.43636,
	4.87799 4.46848,
	4.87397 4.48454,
	4.87397 4.49257,
	4.80974 4.5287,
	4.79368 4.53271,
	4.78565 4.53271,
	4.73747 4.47249,
	4.71338 4.40825,
	4.70134 4.3922,
	4.70134 4.36008,
	4.69732 4.34402,
	4.69732 4.33599,
	4.68528 4.31993,
	4.67725 4.25569,
	4.66119 4.23963,
	4.59695 4.22759,
	4.58089 4.21956,
	4.54877 4.19146,
	4.51665 4.19146,
	4.50862 4.19146,
	4.49257 4.2035,
	4.48454 4.21153,
	4.48052 4.24365,
	4.46446 4.25168,
	4.40023 4.25168,
	4.36811 4.24365,
	4.33599 4.22759,
	4.31993 4.22357,
	4.30387 4.20751,
	4.23963 4.1754,
	4.20751 4.16335,
	4.14328 4.16335,
	4.11116 4.15934,
	4.0951 4.15532,
	4.06298 4.13123,
	4.04692 4.09911,
	4.04692 4.03889,
	"/>
<Contour name="d04c34b" hidden="false" closed="true" simplified="true" border="0 1 0" fill="0 1 0" mode="9"
 points="3.33472 4.97454,
	3.35309 4.95879,
	3.37408 4.9483,
	3.38457 4.94305,
	3.46853 4.94043,
	3.51051 4.92469,
	3.5315 4.91419,
	3.61546 4.91419,
	3.62595 4.91419,
	3.6312 4.91681,
	3.6312 4.9378,
	3.6312 4.9483,
	3.61021 4.96404,
	3.59972 4.97454,
	3.59447 4.97454,
	3.57348 4.99028,
	3.5315 5.00864,
	3.52101 5.01389,
	3.47903 5.01914,
	3.43705 5.01914,
	3.41606 5.01914,
	3.39507 5.00864,
	3.38457 5.0034,
	3.34259 5.0034,
	3.33472 4.9929,
	3.33472 4.98241,
	3.33472 4.97716,
	"/>
<Contour name="d04cfa34b" hidden="false" closed="false" simplified="false" border="0 1 1" fill="0 1 1" mode="9"
 points="3.62855 4.94029,
	3.54984 4.95341,
	3.4239 4.97178,
	3.33207 4.9849,
	"/>
<Contour name="d04c35" hidden="false" closed="true" simplified="true" border="0 1 0" fill="0 1 0" mode="9"
 points="4.26089 3.25864,
	4.27138 3.24814,
	4.28188 3.24289,
	4.28713 3.24027,
	4.2845 3.23502,
	4.28975 3.22977,
	4.33173 3.22453,
	4.35272 3.21928,
	4.36321 3.21666,
	4.3842 3.2219,
	4.3947 3.2324,
	4.41569 3.24289,
	4.43668 3.24814,
	4.45767 3.25864,
	4.47866 3.277,
	4.48915 3.2875,
	4.49177 3.30849,
	4.49177 3.31898,
	4.4839 3.32948,
	4.46291 3.33735,
	4.44192 3.33735,
	4.39995 3.3216,
	4.37896 3.31373,
	4.35797 3.30061,
	4.31599 3.30061,
	4.295 3.30061,
	4.2845 3.30061,
	4.26351 3.29274,
	4.26089 3.27175,
	4.26089 3.26126,
	"/>
<Contour name="d04cfa35" hidden="false" closed="false" simplified="false" border="0 1 1" fill="0 1 1" mode="9"
 points="4.48913 3.32409,
	4.37106 3.27424,
	4.26349 3.27949,
	"/>
<Contour name="d03c33Bax42_ssvd" hidden="false" closed="true" simplified="false" border="1 0 0" fill="0 0 1" mode="11"
 points="1.06719 5.89666,
	1.05635 5.88582,
	1.06719 5.87499,
	1.07802 5.88582,
	"/>
<Contour name="d03c34ax23_ssvda" hidden="false" closed="true" simplified="false" border="1 0 0" fill="0 0 1" mode="11"
 points="2.84287 5.52172,
	2.82955 5.50841,
	2.84287 5.49509,
	2.85618 5.50841,
	"/>
<Contour name="d03c34ax23_ssvr" hidden="false" closed="true" simplified="false" border="0 1 0.502" fill="0 0 1" mode="11"
 points="2.93987 5.48748,
	2.92656 5.47417,
	2.93987 5.46085,
	2.95319 5.47417,
	"/>
<Contour name="d03c34ax23_ssvr" hidden="false" closed="true" simplified="false" border="0 1 0.502" fill="0 0 1" mode="11"
 points="3.03688 5.45515,
	3.02357 5.44183,
	3.03688 5.42852,
	3.0502 5.44183,
	"/>
<Contour name="d03c34ax23_ssvr" hidden="false" closed="true" simplified="false" border="0 1 0.502" fill="0 0 1" mode="11"
 points="3.08444 5.4133,
	3.07112 5.39998,
	3.08444 5.38667,
	3.09775 5.39998,
	"/>
<Contour name="d03c34ax23_ssvr" hidden="false" closed="true" simplified="false" border="0 1 0.502" fill="0 0 1" mode="11"
 points="3.0559 5.34863,
	3.04259 5.33531,
	3.0559 5.322,
	3.06922 5.33531,
	"/>
<Contour name="d03c34ax23_ssvr" hidden="false" closed="true" simplified="false" border="0 1 0.502" fill="0 0 1" mode="11"
 points="2.97792 5.32009,
	2.9646 5.30678,
	2.97792 5.29347,
	2.99123 5.30678,
	"/>
<Contour name="d04c37ax30_ssvr" hidden="false" closed="true" simplified="false" border="0 1 0.502" fill="0 0 1" mode="11"
 points="6.1172 4.91937,
	6.10485 4.90702,
	6.1172 4.89467,
	6.12955 4.90702,
	"/>
<Contour name="d04c40ax31_ssvr" hidden="false" closed="true" simplified="false" border="0 1 0.502" fill="0 0 1" mode="11"
 points="6.27029 3.93007,
	6.25748 3.91726,
	6.27029 3.90444,
	6.2831 3.91726,
	"/>
<Contour name="d04c40ax31_ssvr" hidden="false" closed="true" simplified="false" border="0 1 0.502" fill="0 0 1" mode="11"
 points="6.18976 4.00693,
	6.17695 3.99412,
	6.18976 3.98131,
	6.20257 3.99412,
	"/>
<Contour name="d04c40ax31_ssvr" hidden="false" closed="true" simplified="false" border="0 1 0.502" fill="0 0 1" mode="11"
 points="6.11655 3.98863,
	6.10374 3.97582,
	6.11655 3.96301,
	6.12936 3.97582,
	"/>
<Contour name="d04c40ax31_ssvr" hidden="false" closed="true" simplified="false" border="0 1 0.502" fill="0 0 1" mode="11"
 points="6.08727 4.03072,
	6.07446 4.01791,
	6.08727 4.0051,
	6.10008 4.01791,
	"/>
<Contour name="d04c40ax31_ssvr" hidden="false" closed="true" simplified="false" border="0 1 0.502" fill="0 0 1" mode="11"
 points="5.97929 4.04171,
	5.96648 4.02889,
	5.97929 4.01608,
	5.9921 4.02889,
	"/>
<Contour name="d04c40ax31_ssvr" hidden="false" closed="true" simplified="false" border="0 1 0.502" fill="0 0 1" mode="11"
 points="6.02505 4.00876,
	6.01223 3.99595,
	6.02505 3.98314,
	6.03786 3.99595,
	"/>
<Contour name="d04c40ax31_ssvr" hidden="false" closed="true" simplified="false" border="0 1 0.502" fill="0 0 1" mode="11"
 points="6.16231 3.87333,
	6.1495 3.86052,
	6.16231 3.84771,
	6.17512 3.86052,
	"/>
<Contour name="d04c40ax31_ssvr" hidden="false" closed="true" simplified="false" border="0 1 0.502" fill="0 0 1" mode="11"
 points="6.21538 4.17165,
	6.20257 4.15884,
	6.21538 4.14602,
	6.22819 4.15884,
	"/>
<Contour name="d04c40ax31_ssvr" hidden="false" closed="true" simplified="false" border="0 1 0.502" fill="0 0 1" mode="11"
 points="6.46062 4.09295,
	6.44781 4.08014,
	6.46062 4.06733,
	6.47343 4.08014,
	"/>
<Contour name="d01" hidden="false" closed="true" simplified="true" border="1 0.502 0" fill="1 0.502 0" mode="9"
 points="3.69919 5.66545,
	3.70706 5.64448,
	3.72016 5.6235,
	3.74114 5.60515,
	3.75162 5.59729,
	3.77784 5.55796,
	3.79357 5.51601,
	3.79619 5.50553,
	3.80144 5.50028,
	3.80406 5.4898,
	3.81192 5.47931,
	3.81454 5.46882,
	3.82765 5.45047,
	3.82765 5.44523,
	3.85649 5.40328,
	3.85911 5.3928,
	3.87222 5.37182,
	3.89057 5.35085,
	3.90368 5.33512,
	3.92465 5.32201,
	3.9666 5.30366,
	4.00855 5.30366,
	4.02952 5.30104,
	4.04001 5.29842,
	4.0505 5.29055,
	4.05574 5.29055,
	4.06623 5.28269,
	4.0872 5.27482,
	4.09769 5.27482,
	4.10293 5.27482,
	4.1239 5.29317,
	4.13439 5.30366,
	4.14488 5.3089,
	4.16585 5.3089,
	4.17634 5.31152,
	4.21566 5.35085,
	4.23401 5.36396,
	4.2445 5.37182,
	4.26547 5.37182,
	4.28383 5.38493,
	4.30218 5.40328,
	4.32315 5.41115,
	4.33364 5.41901,
	4.34412 5.42163,
	4.34937 5.42688,
	4.35461 5.42688,
	4.37558 5.44261,
	4.39656 5.45309,
	4.40442 5.45834,
	4.41491 5.47931,
	4.41753 5.50028,
	4.40704 5.52126,
	4.39918 5.52912,
	4.39394 5.5501,
	4.39656 5.57107,
	4.40442 5.59204,
	4.4018 5.63399,
	4.39394 5.65496,
	4.39656 5.69691,
	4.38869 5.71788,
	4.35985 5.75197,
	4.3415 5.79391,
	4.33626 5.81489,
	4.33364 5.85683,
	4.33364 5.87781,
	4.32315 5.89878,
	4.31266 5.90665,
	4.30742 5.90665,
	4.30218 5.91189,
	4.21828 5.925,
	4.19731 5.925,
	4.15536 5.91713,
	4.14488 5.91189,
	4.10293 5.90665,
	4.08196 5.90402,
	4.07147 5.90402,
	4.06098 5.89878,
	4.0505 5.89878,
	4.04001 5.89354,
	3.95612 5.89354,
	3.93514 5.89091,
	3.91679 5.88305,
	3.89582 5.86994,
	3.89057 5.86732,
	3.89319 5.86208,
	3.88533 5.85421,
	3.87222 5.81226,
	3.85911 5.79129,
	3.85387 5.7808,
	3.8329 5.77032,
	3.81192 5.77032,
	3.80668 5.76507,
	3.80144 5.76507,
	3.78046 5.75197,
	3.76473 5.73886,
	3.74376 5.72575,
	3.72279 5.72313,
	3.7123 5.71788,
	3.70443 5.7074,
	3.69919 5.68642,
	3.69919 5.66807,
	"/>
<Contour name="d01" hidden="false" closed="true" simplified="true" border="1 0.502 0" fill="1 0.502 0" mode="9"
 points="3.46062 5.41901,
	3.46586 5.40853,
	3.47635 5.39804,
	3.48946 5.37707,
	3.52354 5.34561,
	3.54451 5.3325,
	3.555 5.32725,
	3.56024 5.32988,
	3.56811 5.37182,
	3.56286 5.41377,
	3.56024 5.43474,
	3.53665 5.47669,
	3.52616 5.48455,
	3.50519 5.48718,
	3.4947 5.48193,
	3.47635 5.46358,
	3.46324 5.44261,
	3.46062 5.42163,
	"/>
<Contour name="d01" hidden="false" closed="true" simplified="true" border="1 0.502 0" fill="1 0.502 0" mode="9"
 points="2.8052 5.66021,
	2.81568 5.63923,
	2.83404 5.6235,
	2.84452 5.61564,
	2.8655 5.6104,
	2.87598 5.60515,
	2.89696 5.60515,
	2.90744 5.60515,
	2.92842 5.61302,
	2.9389 5.61302,
	2.95988 5.6235,
	2.97036 5.63137,
	3.01231 5.63661,
	3.0228 5.63923,
	3.04377 5.63137,
	3.06212 5.61302,
	3.07261 5.60777,
	3.09096 5.58942,
	3.12766 5.56058,
	3.21156 5.5265,
	3.2168 5.52126,
	3.22991 5.54223,
	3.22729 5.5632,
	3.22729 5.57369,
	3.21418 5.59467,
	3.19321 5.6104,
	3.17223 5.62088,
	3.15126 5.63661,
	3.13029 5.67332,
	3.12766 5.71526,
	3.12242 5.72575,
	3.11193 5.73624,
	3.06999 5.74934,
	3.04901 5.75983,
	3.03066 5.77556,
	3.01493 5.79653,
	3.00969 5.79916,
	3.00969 5.8044,
	3.00445 5.80964,
	2.9625 5.81226,
	2.94152 5.81226,
	2.92055 5.80702,
	2.89958 5.79653,
	2.86025 5.75721,
	2.84714 5.73886,
	2.81306 5.69691,
	2.8052 5.67594,
	2.8052 5.66545,
	2.8052 5.66283,
	"/>
<Contour name="d03" hidden="false" closed="true" simplified="true" border="1 1 0" fill="1 1 0.501961" mode="11"
 points="2.27508 6.06333,
	2.28304 6.04209,
	2.28835 6.03147,
	2.30693 6.01289,
	2.32817 6.00227,
	2.37064 5.99431,
	2.45559 5.9651,
	2.47683 5.94918,
	2.48745 5.94387,
	2.49276 5.94387,
	2.50338 5.9359,
	2.52462 5.92794,
	2.54585 5.92528,
	2.58833 5.90936,
	2.60957 5.90405,
	2.62019 5.89608,
	2.63081 5.89343,
	2.64142 5.88546,
	2.66266 5.88546,
	2.67328 5.88812,
	2.67859 5.88812,
	2.6839 5.89343,
	2.72637 5.90936,
	2.73168 5.91467,
	2.73168 5.91997,
	2.77416 5.92263,
	2.7954 5.93059,
	2.80336 5.94121,
	2.81398 5.94652,
	2.81929 5.95183,
	2.82991 5.95449,
	2.84053 5.96245,
	2.85114 5.9651,
	2.86973 5.98369,
	2.86707 6.00493,
	2.83256 6.04209,
	2.81132 6.06067,
	2.80071 6.07129,
	2.78743 6.08722,
	2.77947 6.10846,
	2.77416 6.15093,
	2.76885 6.17217,
	2.76885 6.19341,
	2.78743 6.23588,
	2.81929 6.2757,
	2.8538 6.31022,
	2.88831 6.35004,
	2.89097 6.37127,
	2.88831 6.38189,
	2.87238 6.40313,
	2.86707 6.40844,
	2.8246 6.41109,
	2.80336 6.40313,
	2.79274 6.39517,
	2.78212 6.39251,
	2.73965 6.36596,
	2.73434 6.36331,
	2.64939 6.37393,
	2.60691 6.38455,
	2.58568 6.38455,
	2.56444 6.37924,
	2.5432 6.36596,
	2.53524 6.358,
	2.53524 6.35269,
	2.52462 6.34738,
	2.49011 6.30756,
	2.46356 6.26774,
	2.44498 6.25181,
	2.4317 6.23854,
	2.42639 6.23854,
	2.40516 6.22527,
	2.39454 6.22261,
	2.38392 6.21465,
	2.36268 6.20668,
	2.34144 6.19341,
	2.33082 6.1881,
	2.32021 6.17748,
	2.31224 6.17217,
	2.29897 6.15093,
	2.29366 6.14562,
	2.27508 6.10315,
	2.27508 6.08191,
	2.27508 6.07129,
	2.27508 6.06598,
	"/>
<Contour name="d03" hidden="false" closed="true" simplified="true" border="1 1 0" fill="1 1 0.501961" mode="11"
 points="2.36003 5.41558,
	2.3733 5.40231,
	2.37861 5.40231,
	2.38392 5.397,
	2.42639 5.39169,
	2.43701 5.38904,
	2.44232 5.38373,
	2.48214 5.36514,
	2.50338 5.35452,
	2.51134 5.34391,
	2.51665 5.3386,
	2.51665 5.33329,
	2.54585 5.29081,
	2.56178 5.26957,
	2.58302 5.26692,
	2.59364 5.26957,
	2.59895 5.27488,
	2.6839 5.30674,
	2.70514 5.3147,
	2.71045 5.32001,
	2.71576 5.32001,
	2.72106 5.32532,
	2.72637 5.3678,
	2.75292 5.45275,
	2.76885 5.49522,
	2.77416 5.50584,
	2.77947 5.51115,
	2.77947 5.51646,
	2.7954 5.5377,
	2.81663 5.55894,
	2.82725 5.5669,
	2.83256 5.57221,
	2.82991 5.59345,
	2.81132 5.60938,
	2.80071 5.61468,
	2.7954 5.61999,
	2.71045 5.63592,
	2.68921 5.63592,
	2.66797 5.63061,
	2.64673 5.61734,
	2.59098 5.5377,
	2.55647 5.49788,
	2.55116 5.48726,
	2.54851 5.4846,
	2.5432 5.48726,
	2.52196 5.4793,
	2.50338 5.46602,
	2.48214 5.44478,
	2.47152 5.44478,
	2.4609 5.45009,
	2.41843 5.45275,
	2.39719 5.45009,
	2.38657 5.44744,
	2.36534 5.42886,
	2.36003 5.41824,
	"/>
<Contour name="ax39" hidden="false" closed="true" simplified="true" border="0 1 1" fill="0.501961 1 1" mode="11"
 points="5.68201 9.66329,
	5.6906 9.62893,
	5.6906 9.59457,
	5.71208 9.56022,
	5.72067 9.55163,
	5.72067 9.54304,
	5.74644 9.51297,
	5.75073 9.49579,
	5.81086 9.43996,
	5.84522 9.41419,
	5.90964 9.37983,
	5.92682 9.37554,
	5.944 9.36265,
	5.97836 9.34977,
	6.01271 9.34548,
	6.02989 9.34118,
	6.03848 9.34548,
	6.02989 9.37983,
	5.97406 9.44855,
	5.95259 9.47861,
	5.9397 9.54733,
	5.92682 9.58169,
	5.86669 9.62893,
	5.84951 9.64611,
	5.83663 9.68047,
	5.84522 9.74919,
	5.84092 9.76637,
	5.81515 9.79213,
	5.7808 9.79213,
	5.76362 9.79213,
	5.72926 9.77496,
	5.71637 9.76637,
	5.70349 9.73201,
	5.68201 9.69765,
	5.68201 9.66759,
	"/>
<Contour name="d02p46a" hidden="false" closed="true" simplified="false" border="0 0 1" fill="0 0 1" mode="-9"
 points="1.82744 3.19057,
	1.81235 3.17549,
	1.82744 3.16041,
	1.84252 3.17549,
	"/>
<Contour name="d02p46b" hidden="false" closed="true" simplified="false" border="0 0 1" fill="0 0 1" mode="-9"
 points="1.82744 3.19057,
	1.81235 3.17549,
	1.82744 3.16041,
	1.84252 3.17549,
	"/>
<Contour name="d02p46c" hidden="false" closed="true" simplified="false" border="0 0 1" fill="0 0 1" mode="-9"
 points="1.82744 3.19057,
	1.81235 3.17549,
	1.82744 3.16041,
	1.84252 3.17549,
	"/>
<Contour name="d03p32a" hidden="false" closed="true" simplified="false" border="0.501961 0 1" fill="0.501961 0 1" mode="-9"
 points="1.28573 5.12999,
	1.30965 5.12999,
	1.29769 5.15192,
	"/>
<Contour name="d03p32b" hidden="false" closed="true" simplified="false" border="0.501961 0 1" fill="0.501961 0 1" mode="-9"
 points="1.28573 5.12999,
	1.30965 5.12999,
	1.29769 5.15192,
	"/>
<Contour name="d03p33a" hidden="false" closed="true" simplified="false" border="1 0 0.5" fill="1 0 0.5" mode="-9"
 points="1.23788 5.62245,
	1.2618 5.62245,
	1.24984 5.64438,
	"/>
<Contour name="d03p33b" hidden="false" closed="true" simplified="false" border="1 0 0.5" fill="1 0 0.5" mode="-9"
 points="1.23788 5.62245,
	1.2618 5.62245,
	1.24984 5.64438,
	"/>
<Contour name="d04p36" hidden="false" closed="true" simplified="false" border="0 0 1" fill="0 0 1" mode="9"
 points="4.72272 4.20679,
	4.74214 4.20679,
	4.73243 4.22459,
	"/>
<Contour name="d02p45" comment="21DEC2016 KH fixed" hidden="false" closed="true" simplified="false" border="1 1 0" fill="1 0 0" mode="9"
 points="2.55427 2.36505,
	2.55427 2.3009,
	2.49013 2.3009,
	2.49013 2.35703,
	2.48211 2.36505,
	2.48211 2.29289,
	2.56229 2.29289,
	2.56229 2.37306,
	2.48211 2.37306,
	2.49013 2.36505,
	"/>
<Contour name="ax30" comment="LK bouton trace named after cfa" hidden="false" closed="true" simplified="true" border="0 1 1" fill="0.502 1 1" mode="9"
 points="5.97663 4.84805,
	5.97971 4.8316,
	5.98074 4.82337,
	5.98382 4.81514,
	5.99205 4.80692,
	6.0085 4.79664,
	6.01673 4.7915,
	6.02392 4.78327,
	6.03215 4.76682,
	6.03832 4.75037,
	6.04243 4.74214,
	6.04346 4.73392,
	6.04346 4.73083,
	6.04757 4.72569,
	6.06094 4.71335,
	6.07636 4.69896,
	6.09178 4.68765,
	6.0959 4.68559,
	6.09795 4.68353,
	6.10207 4.68251,
	6.10412 4.68045,
	6.10824 4.67942,
	6.12469 4.67017,
	6.14114 4.65886,
	6.14936 4.65577,
	6.15348 4.65372,
	6.15759 4.6496,
	6.16376 4.64652,
	6.19666 4.64343,
	6.20489 4.64138,
	6.21311 4.64241,
	6.22134 4.64138,
	6.25424 4.64446,
	6.28714 4.64446,
	6.30359 4.64343,
	6.3365 4.64858,
	6.35295 4.65577,
	6.36117 4.65783,
	6.36529 4.65989,
	6.39819 4.65577,
	6.40641 4.65269,
	6.42286 4.64035,
	6.43109 4.63315,
	6.43932 4.62801,
	6.44754 4.62493,
	6.46399 4.6239,
	6.49689 4.62493,
	6.51335 4.62698,
	6.5298 4.63418,
	6.53802 4.63932,
	6.55139 4.65577,
	6.55756 4.664,
	6.56578 4.68045,
	6.56784 4.68456,
	6.56681 4.70101,
	6.56784 4.70924,
	6.56578 4.72569,
	6.56167 4.74214,
	6.55447 4.75859,
	6.54933 4.77504,
	6.55139 4.7915,
	6.56167 4.80795,
	6.56681 4.81617,
	6.5699 4.83262,
	6.57092 4.84085,
	6.56887 4.84907,
	6.56681 4.85319,
	6.55242 4.86964,
	6.54419 4.87581,
	6.53597 4.87992,
	6.52774 4.88198,
	6.49484 4.8974,
	6.47839 4.90563,
	6.46296 4.91899,
	6.45371 4.93544,
	6.43932 4.95189,
	6.43315 4.96012,
	6.41669 4.97143,
	6.40024 4.98068,
	6.38379 4.99199,
	6.37557 4.99611,
	6.37145 5.00022,
	6.36323 5.00433,
	6.355 5.00536,
	6.34678 5.00947,
	6.34266 5.01153,
	6.32621 5.01359,
	6.31799 5.01359,
	6.30154 5.00845,
	6.28509 5.00125,
	6.27686 4.99816,
	6.27275 4.99611,
	6.23984 4.99097,
	6.23162 4.98788,
	6.19872 4.98377,
	6.18227 4.9776,
	6.17404 4.97349,
	6.16581 4.96732,
	6.14936 4.95909,
	6.14114 4.95498,
	6.13702 4.95292,
	6.12057 4.95087,
	6.11235 4.94881,
	6.07945 4.94675,
	6.06299 4.94161,
	6.04654 4.9303,
	6.03112 4.91385,
	6.02701 4.90974,
	6.01878 4.89329,
	6.01364 4.88506,
	6.00644 4.87684,
	6.00233 4.87272,
	5.98588 4.86244,
	5.97868 4.85422,
	5.97663 4.8501,
	5.97663 4.84907,
	"/>
</Transform>

<Transform dim="0"
 xcoef=" 0 1 0 0 0 0"
 ycoef=" 0 0 1 0 0 0">
<Contour name="ax06" comment="LK bouton trace named after cfa" hidden="false" closed="true" simplified="true" border="0 1 1" fill="0.502 1 1" mode="9"
 points="2.05219 5.79729,
	2.05945 5.76826,
	2.0667 5.75375,
	2.07033 5.73923,
	2.07033 5.7356,
	2.07578 5.72834,
	2.07578 5.72471,
	2.0794 5.72108,
	2.08666 5.69205,
	2.09936 5.66302,
	2.10844 5.6485,
	2.13565 5.62855,
	2.16469 5.62129,
	2.1792 5.61947,
	2.20642 5.59951,
	2.22093 5.59044,
	2.279 5.59226,
	2.28626 5.59588,
	2.30077 5.5977,
	2.30803 5.5977,
	2.33706 5.61403,
	2.34432 5.61766,
	2.35702 5.63217,
	2.38424 5.65576,
	2.39875 5.66846,
	2.4042 5.67572,
	2.40783 5.67935,
	2.41327 5.69387,
	2.41146 5.7229,
	2.41146 5.73741,
	2.4169 5.75193,
	2.44412 5.77915,
	2.45137 5.78641,
	2.46771 5.81544,
	2.47859 5.84447,
	2.48222 5.8735,
	2.48041 5.90253,
	2.47496 5.93157,
	2.47315 5.93882,
	2.46771 5.94608,
	2.46771 5.94971,
	2.455 5.96241,
	2.44775 5.96967,
	2.43323 5.97693,
	2.42597 5.98237,
	2.39694 5.99144,
	2.36791 5.99326,
	2.36428 5.99689,
	2.33525 6.00233,
	2.32073 6.00596,
	2.31347 6.00777,
	2.25904 6.05495,
	2.23001 6.06765,
	2.21549 6.06765,
	2.18646 6.06039,
	2.17194 6.05132,
	2.15743 6.03862,
	2.14654 6.02592,
	2.13928 6.0114,
	2.13565 5.99689,
	2.11932 5.96785,
	2.11751 5.9606,
	2.10662 5.94608,
	2.09211 5.93519,
	2.07033 5.90798,
	2.06489 5.89346,
	2.06126 5.88983,
	2.05582 5.87532,
	2.05219 5.84628,
	2.05219 5.81725,
	2.05219 5.80274,
	2.05219 5.79911,
	"/>
</Transform>

<Transform dim="0"
 xcoef=" 0 1 0 0 0 0"
 ycoef=" 0 0 1 0 0 0">
<Contour name="ax31" comment="LK bouton trace named after cfa" hidden="false" closed="true" simplified="true" border="0 1 1" fill="0.502 1 1" mode="9"
 points="5.77827 4.06272,
	5.78336 4.04234,
	5.78209 4.03979,
	5.791 4.01941,
	5.79482 4.00923,
	5.80119 3.99904,
	5.80883 3.97866,
	5.81138 3.97611,
	5.8152 3.95574,
	5.81775 3.95064,
	5.81775 3.94555,
	5.82411 3.92517,
	5.82539 3.88442,
	5.82539 3.86404,
	5.82921 3.85385,
	5.83176 3.84876,
	5.83176 3.84621,
	5.84959 3.82583,
	5.8585 3.81564,
	5.86869 3.79527,
	5.87506 3.77489,
	5.87633 3.7698,
	5.89161 3.74942,
	5.91199 3.73414,
	5.91708 3.73032,
	5.93746 3.72904,
	5.94765 3.73159,
	5.9884 3.75197,
	6.00878 3.76215,
	6.02916 3.76852,
	6.03935 3.77234,
	6.04954 3.77362,
	6.05972 3.77871,
	6.0801 3.78381,
	6.12085 3.80163,
	6.14123 3.81055,
	6.14633 3.8131,
	6.1667 3.81437,
	6.18708 3.81182,
	6.19727 3.808,
	6.23802 3.808,
	6.2393 3.808,
	6.24694 3.81182,
	6.25713 3.81819,
	6.25967 3.82074,
	6.28005 3.82711,
	6.28514 3.82965,
	6.29533 3.83093,
	6.30552 3.83475,
	6.31062 3.83602,
	6.33099 3.84748,
	6.34118 3.85003,
	6.34373 3.85258,
	6.36411 3.85895,
	6.36665 3.86022,
	6.38066 3.86913,
	6.38703 3.87932,
	6.3883 3.88951,
	6.38194 3.90989,
	6.37939 3.91498,
	6.3883 3.93536,
	6.39849 3.943,
	6.40741 3.95319,
	6.41505 3.97357,
	6.42014 3.98375,
	6.43033 3.99267,
	6.47108 4.01177,
	6.49146 4.02196,
	6.51184 4.0296,
	6.53222 4.03979,
	6.5424 4.04616,
	6.56023 4.06654,
	6.56278 4.07672,
	6.56278 4.08182,
	6.56023 4.08691,
	6.55896 4.0971,
	6.55259 4.10729,
	6.53476 4.12767,
	6.51439 4.1455,
	6.5042 4.15441,
	6.49656 4.1646,
	6.48891 4.18498,
	6.46472 4.22573,
	6.43542 4.26649,
	6.41887 4.28686,
	6.40486 4.30724,
	6.39722 4.31743,
	6.39212 4.32252,
	6.38703 4.3238,
	6.37684 4.33016,
	6.37175 4.33398,
	6.36156 4.3378,
	6.35137 4.34417,
	6.34882 4.34417,
	6.34628 4.34672,
	6.34373 4.34672,
	6.34118 4.34927,
	6.33609 4.34927,
	6.3259 4.35309,
	6.3208 4.35309,
	6.31571 4.35563,
	6.29533 4.35563,
	6.28514 4.35436,
	6.28005 4.35436,
	6.27496 4.35181,
	6.26477 4.35054,
	6.24439 4.35436,
	6.20364 4.36582,
	6.19854 4.36964,
	6.18835 4.37346,
	6.18326 4.37474,
	6.17307 4.38238,
	6.16798 4.3862,
	6.16543 4.3862,
	6.15524 4.39639,
	6.14505 4.40021,
	6.12468 4.40276,
	6.1043 4.40021,
	6.09411 4.39894,
	6.05336 4.38493,
	6.0126 4.37474,
	5.99223 4.36964,
	5.95147 4.34545,
	5.94128 4.33908,
	5.93109 4.33653,
	5.91072 4.32507,
	5.89034 4.30979,
	5.87506 4.29068,
	5.87124 4.28049,
	5.86996 4.26012,
	5.84959 4.21936,
	5.84194 4.20918,
	5.83176 4.20026,
	5.81138 4.19517,
	5.80119 4.1888,
	5.791 4.17988,
	5.78718 4.17479,
	5.78463 4.17224,
	5.78463 4.16969,
	5.78081 4.1646,
	5.77954 4.15441,
	5.78718 4.13403,
	5.791 4.11366,
	5.78336 4.09328,
	5.77954 4.08819,
	5.77827 4.08309,
	5.77954 4.0729,
	5.77827 4.06399,
	"/>
</Transform>

<Transform dim="1"
 xcoef=" 0.01 1 0 0 0 0"
 ycoef=" 0 0 1 0 0 0">
<Contour name="d03c34ax23_ssvr" hidden="false" closed="true" simplified="false" border="0 1 0.502" fill="0 0 1" mode="11"
 points="3.03878 5.39428,
	3.02547 5.38096,
	3.03878 5.36765,
	3.0521 5.38096,
	"/>
</Transform>

<Transform dim="1"
 xcoef=" 0 1 0 0 0 0"
 ycoef=" -0.02 0 1 0 0 0">
<Contour name="d03c34ax23_ssvr" hidden="false" closed="true" simplified="false" border="0 1 0.502" fill="0 0 1" mode="11"
 points="2.95509 5.52362,
	2.94178 5.51031,
	2.95509 5.49699,
	2.96841 5.51031,
	"/>
</Transform>

<Transform dim="0"
 xcoef=" 0 1 0 0 0 0"
 ycoef=" 0 0 1 0 0 0">
<Contour name="ax23" comment="LK bouton trace named after cfa" hidden="false" closed="true" simplified="true" border="0 1 1" fill="0.502 1 1" mode="9"
 points="2.71093 5.27052,
	2.71574 5.2398,
	2.72342 5.22444,
	2.72822 5.21675,
	2.74166 5.20139,
	2.74934 5.19371,
	2.75702 5.18795,
	2.77239 5.18411,
	2.77623 5.18219,
	2.80695 5.17835,
	2.81079 5.17739,
	2.81848 5.17931,
	2.8492 5.17643,
	2.87993 5.18027,
	2.91065 5.17931,
	2.91833 5.18027,
	2.9337 5.17931,
	2.96442 5.18027,
	2.99515 5.17931,
	3.01051 5.18027,
	3.01819 5.18507,
	3.02299 5.19275,
	3.02972 5.19851,
	3.0374 5.20139,
	3.04124 5.20331,
	3.0566 5.20331,
	3.07196 5.19467,
	3.07964 5.18987,
	3.08349 5.18795,
	3.08733 5.18411,
	3.11805 5.17451,
	3.14878 5.16875,
	3.1795 5.16587,
	3.19487 5.16298,
	3.21023 5.16202,
	3.22463 5.16587,
	3.22751 5.16971,
	3.22943 5.17163,
	3.23615 5.20235,
	3.23807 5.21003,
	3.24672 5.2254,
	3.2496 5.23212,
	3.2496 5.23788,
	3.24864 5.24556,
	3.25056 5.2494,
	3.26592 5.25708,
	3.2736 5.26092,
	3.27744 5.26188,
	3.27936 5.26188,
	3.29185 5.27725,
	3.29569 5.28109,
	3.29761 5.28493,
	3.29857 5.30029,
	3.29761 5.30797,
	3.28704 5.3387,
	3.28224 5.35406,
	3.28032 5.36174,
	3.28032 5.39247,
	3.28032 5.40783,
	3.2784 5.42319,
	3.27744 5.43088,
	3.27744 5.43472,
	3.27168 5.45008,
	3.2688 5.45776,
	3.26304 5.46544,
	3.24864 5.476,
	3.24096 5.4808,
	3.22559 5.49425,
	3.22463 5.49809,
	3.21887 5.50577,
	3.18815 5.52401,
	3.17278 5.53265,
	3.1651 5.53554,
	3.14974 5.53842,
	3.11901 5.54802,
	3.10365 5.5557,
	3.08925 5.57106,
	3.07868 5.58643,
	3.07388 5.59411,
	3.07196 5.59795,
	3.05852 5.61331,
	3.0518 5.62003,
	3.04796 5.62291,
	3.04412 5.62387,
	3.04028 5.62675,
	3.00955 5.63251,
	2.99419 5.63443,
	2.96346 5.62579,
	2.9481 5.61811,
	2.93274 5.60563,
	2.92506 5.59987,
	2.92121 5.59699,
	2.91737 5.59603,
	2.91353 5.59315,
	2.91161 5.59315,
	2.90777 5.59027,
	2.87705 5.58354,
	2.84632 5.57394,
	2.83096 5.56626,
	2.81559 5.55666,
	2.80791 5.55186,
	2.77815 5.52497,
	2.75318 5.49425,
	2.74646 5.48657,
	2.74166 5.47888,
	2.73686 5.46352,
	2.7359 5.40207,
	2.73302 5.38671,
	2.73014 5.37903,
	2.7263 5.37518,
	2.72438 5.37326,
	2.7215 5.3579,
	2.7215 5.34254,
	2.72438 5.32718,
	2.72342 5.31949,
	2.71958 5.31181,
	2.71862 5.30797,
	2.7167 5.30605,
	2.71189 5.27533,
	2.71093 5.27149,
	"/>
</Transform>

<Transform dim="1"
 xcoef=" -0.02 1 0 0 0 0"
 ycoef=" -0.01 0 1 0 0 0">
<Contour name="d03c34ax23_ssvr" hidden="false" closed="true" simplified="false" border="0 1 0.502" fill="0 0 1" mode="11"
 points="3.00933 5.5027,
	2.99601 5.48938,
	3.00933 5.47607,
	3.02264 5.48938,
	"/>
</Transform>

<Transform dim="1"
 xcoef=" 0 1 0 0 0 0"
 ycoef=" 0.02 0 1 0 0 0">
<Contour name="d03c34ax23_ssvr" hidden="false" closed="true" simplified="false" border="0 1 0.502" fill="0 0 1" mode="11"
 points="2.95509 5.28586,
	2.94178 5.27254,
	2.95509 5.25923,
	2.96841 5.27254,
	"/>
</Transform>

<Transform dim="1"
 xcoef=" 0.05 1 0 0 0 0"
 ycoef=" 0.04 0 1 0 0 0">
<Contour name="d03c34ax23_ssvr" hidden="false" closed="true" simplified="false" border="0 1 0.502" fill="0 0 1" mode="11"
 points="2.95509 5.28586,
	2.94178 5.27254,
	2.95509 5.25923,
	2.96841 5.27254,
	"/>
</Transform>

<Transform dim="1"
 xcoef=" 0.15 1 0 0 0 0"
 ycoef=" -0.04 0 1 0 0 0">
<Contour name="d03c34ax23_ssvr" hidden="false" closed="true" simplified="false" border="0 1 0.502" fill="0 0 1" mode="11"
 points="2.95509 5.28586,
	2.94178 5.27254,
	2.95509 5.25923,
	2.96841 5.27254,
	"/>
</Transform>

<Transform dim="1"
 xcoef=" 0 1 0 0 0 0"
 ycoef=" -0.01 0 1 0 0 0">
<Contour name="d03c34ax23_ssvr" hidden="false" closed="true" simplified="false" border="0 1 0.502" fill="0 0 1" mode="11"
 points="3.07683 5.51411,
	3.06351 5.5008,
	3.07683 5.48748,
	3.09014 5.5008,
	"/>
</Transform>

<Transform dim="1"
 xcoef=" -0.03 1 0 0 0 0"
 ycoef=" 0.06 0 1 0 0 0">
<Contour name="d04c37ax30_ssvr" hidden="false" closed="true" simplified="false" border="0 1 0.502" fill="0 0 1" mode="11"
 points="6.41181 4.89997,
	6.39946 4.88762,
	6.41181 4.87527,
	6.42416 4.88762,
	"/>
</Transform>

<Transform dim="1"
 xcoef=" 0.01 1 0 0 0 0"
 ycoef=" -0.09 0 1 0 0 0">
<Contour name="d04c40ax31_ssvr" hidden="false" closed="true" simplified="false" border="0 1 0.502" fill="0 0 1" mode="11"
 points="6.13119 4.25766,
	6.11838 4.24485,
	6.13119 4.23204,
	6.14401 4.24485,
	"/>
</Transform>

<Transform dim="1"
 xcoef=" -0.01 1 0 0 0 0"
 ycoef=" -0.01 0 1 0 0 0">
<Contour name="d04c40ax31_ssvr" hidden="false" closed="true" simplified="false" border="0 1 0.502" fill="0 0 1" mode="11"
 points="6.2044 4.29061,
	6.19159 4.2778,
	6.2044 4.26498,
	6.21721 4.2778,
	"/>
</Transform>

<Transform dim="1"
 xcoef=" 0.02 1 0 0 0 0"
 ycoef=" 0.04 0 1 0 0 0">
<Contour name="d04c40ax31_ssvr" hidden="false" closed="true" simplified="false" border="0 1 0.502" fill="0 0 1" mode="11"
 points="6.13119 4.25766,
	6.11838 4.24485,
	6.13119 4.23204,
	6.14401 4.24485,
	"/>
</Transform>

<Transform dim="1"
 xcoef=" 0.06 1 0 0 0 0"
 ycoef=" 0.12 0 1 0 0 0">
<Contour name="d04c40ax31_ssvr" hidden="false" closed="true" simplified="false" border="0 1 0.502" fill="0 0 1" mode="11"
 points="6.13119 4.25766,
	6.11838 4.24485,
	6.13119 4.23204,
	6.14401 4.24485,
	"/>
</Transform>

<Transform dim="0"
 xcoef=" 0 1 0 0 0 0"
 ycoef=" 0 0 1 0 0 0">
<Contour name="d04c40ax31_ssvr" hidden="false" closed="true" simplified="false" border="0 1 0.502" fill="0 0 1" mode="11"
 points="6.15499 4.04903,
	6.14218 4.03622,
	6.15499 4.0234,
	6.1678 4.03622,
	"/>
</Transform>

<Transform dim="1"
 xcoef=" 0.03 1 0 0 0 0"
 ycoef=" -0.05 0 1 0 0 0">
<Contour name="d04c40ax31_ssvr" hidden="false" closed="true" simplified="false" border="0 1 0.502" fill="0 0 1" mode="11"
 points="6.15499 4.04903,
	6.14218 4.03622,
	6.15499 4.0234,
	6.1678 4.03622,
	"/>
</Transform>

<Transform dim="1"
 xcoef=" 0.06 1 0 0 0 0"
 ycoef=" 0.05 0 1 0 0 0">
<Contour name="d04c40ax31_ssvr" hidden="false" closed="true" simplified="false" border="0 1 0.502" fill="0 0 1" mode="11"
 points="5.97014 3.98131,
	5.95733 3.9685,
	5.97014 3.95569,
	5.98295 3.9685,
	"/>
</Transform>

<Transform dim="1"
 xcoef=" -0.01 1 0 0 0 0"
 ycoef=" 0.01 0 1 0 0 0">
<Contour name="d03c34ax23_ssvr" hidden="false" closed="true" simplified="false" border="0 1 0.502" fill="0 0 1" mode="11"
 points="3.00835 5.26113,
	2.99504 5.24781,
	3.00835 5.2345,
	3.02167 5.24781,
	"/>
</Transform>

<Transform dim="0"
 xcoef=" 0 1 0 0 0 0"
 ycoef=" 0 0 1 0 0 0">
<Contour name="d03c34ax23_ssvr" hidden="false" closed="true" simplified="false" border="0 1 0.502" fill="0 0 1" mode="11"
 points="2.94705 5.4174,
	2.9339 5.40426,
	2.94705 5.39111,
	2.96019 5.40426,
	"/>
</Transform>

<Transform dim="1"
 xcoef=" 0.01 1 0 0 0 0"
 ycoef=" -0.01 0 1 0 0 0">
<Contour name="d04c37ax30_ssvr" hidden="false" closed="true" simplified="false" border="0 1 0.502" fill="0 0 1" mode="11"
 points="6.41181 4.89997,
	6.39946 4.88762,
	6.41181 4.87527,
	6.42416 4.88762,
	"/>
</Transform>

<Transform dim="1"
 xcoef=" -0.01 1 0 0 0 0"
 ycoef=" 0.01 0 1 0 0 0">
<Contour name="d04c37ax30_ssvr" hidden="false" closed="true" simplified="false" border="0 1 0.502" fill="0 0 1" mode="11"
 points="6.08015 4.85057,
	6.0678 4.83822,
	6.08015 4.82587,
	6.0925 4.83822,
	"/>
</Transform>

<Transform dim="1"
 xcoef=" 0.01 1 0 0 0 0"
 ycoef=" 0 0 1 0 0 0">
<Contour name="d04c40ax31_ssvr" hidden="false" closed="true" simplified="false" border="0 1 0.502" fill="0 0 1" mode="11"
 points="6.07629 4.26132,
	6.06348 4.24851,
	6.07629 4.2357,
	6.0891 4.24851,
	"/>
</Transform>

<Transform dim="1"
 xcoef=" 0.01 1 0 0 0 0"
 ycoef=" 0 0 1 0 0 0">
<Contour name="d04c40ax31_ssvr" hidden="false" closed="true" simplified="false" border="0 1 0.502" fill="0 0 1" mode="11"
 points="6.01322 4.25766,
	6.0004 4.24485,
	6.01322 4.23204,
	6.02603 4.24485,
	"/>
</Transform>

<Transform dim="1"
 xcoef=" -0.01 1 0 0 0 0"
 ycoef=" 0 0 1 0 0 0">
<Contour name="d04c40ax31_ssvr" hidden="false" closed="true" simplified="false" border="0 1 0.502" fill="0 0 1" mode="11"
 points="6.13119 4.25766,
	6.11838 4.24485,
	6.13119 4.23204,
	6.14401 4.24485,
	"/>
</Transform>

<Transform dim="1"
 xcoef=" -0.01 1 0 0 0 0"
 ycoef=" 0 0 1 0 0 0">
<Contour name="d04c40ax31_ssvr" hidden="false" closed="true" simplified="false" border="0 1 0.502" fill="0 0 1" mode="11"
 points="6.241 4.2357,
	6.22819 4.22289,
	6.241 4.21008,
	6.25381 4.22289,
	"/>
</Transform>

<Transform dim="1"
 xcoef=" -0.01 1 0 0 0 0"
 ycoef=" 0 0 1 0 0 0">
<Contour name="d04c40ax31_ssvr" hidden="false" closed="true" simplified="false" border="0 1 0.502" fill="0 0 1" mode="11"
 points="6.27578 4.17714,
	6.26297 4.16433,
	6.27578 4.15151,
	6.28859 4.16433,
	"/>
</Transform>

<Transform dim="1"
 xcoef=" 0.01 1 0 0 0 0"
 ycoef=" 0.01 0 1 0 0 0">
<Contour name="d04c40ax31_ssvr" hidden="false" closed="true" simplified="false" border="0 1 0.502" fill="0 0 1" mode="11"
 points="6.20806 3.96484,
	6.19525 3.95203,
	6.20806 3.93922,
	6.22087 3.95203,
	"/>
</Transform>

<Transform dim="1"
 xcoef=" 0 1 0 0 0 0"
 ycoef=" -0.02 0 1 0 0 0">
<Contour name="d04c40ax31_ssvr" hidden="false" closed="true" simplified="false" border="0 1 0.502" fill="0 0 1" mode="11"
 points="6.25381 3.97216,
	6.241 3.95935,
	6.25381 3.94654,
	6.26663 3.95935,
	"/>
</Transform>

<Transform dim="1"
 xcoef=" 0.01 1 0 0 0 0"
 ycoef=" -0.01 0 1 0 0 0">
<Contour name="d04c40ax31_ssvr" hidden="false" closed="true" simplified="false" border="0 1 0.502" fill="0 0 1" mode="11"
 points="6.32885 4.04354,
	6.31604 4.03072,
	6.32885 4.01791,
	6.34166 4.03072,
	"/>
</Transform>

<Transform dim="1"
 xcoef=" 0.01 1 0 0 0 0"
 ycoef=" 0 0 1 0 0 0">
<Contour name="d04c40ax31_ssvr" hidden="false" closed="true" simplified="false" border="0 1 0.502" fill="0 0 1" mode="11"
 points="6.33617 3.98497,
	6.32336 3.97216,
	6.33617 3.95935,
	6.34898 3.97216,
	"/>
</Transform>

<Transform dim="1"
 xcoef=" -0.01 1 0 0 0 0"
 ycoef=" 0 0 1 0 0 0">
<Contour name="d04c40ax31_ssvr" hidden="false" closed="true" simplified="false" border="0 1 0.502" fill="0 0 1" mode="11"
 points="6.39474 4.05452,
	6.38193 4.04171,
	6.39474 4.02889,
	6.40755 4.04171,
	"/>
</Transform>

<Transform dim="1"
 xcoef=" 0.01 1 0 0 0 0"
 ycoef=" 0 0 1 0 0 0">
<Contour name="d04c40ax31_ssvr" hidden="false" closed="true" simplified="false" border="0 1 0.502" fill="0 0 1" mode="11"
 points="6.07263 3.91909,
	6.05982 3.90627,
	6.07263 3.89346,
	6.08544 3.90627,
	"/>
</Transform>

<Transform dim="1"
 xcoef=" 0 1 0 0 0 0"
 ycoef=" 0.01 0 1 0 0 0">
<Contour name="d04c40ax31_ssvr" hidden="false" closed="true" simplified="false" border="0 1 0.502" fill="0 0 1" mode="11"
 points="5.97014 3.98131,
	5.95733 3.9685,
	5.97014 3.95569,
	5.98295 3.9685,
	"/>
</Transform>

<Transform dim="1"
 xcoef=" -0.01 1 0 0 0 0"
 ycoef=" -0.01 0 1 0 0 0">
<Contour name="d04c40ax31_ssvr" hidden="false" closed="true" simplified="false" border="0 1 0.502" fill="0 0 1" mode="11"
 points="6.06531 4.07099,
	6.0525 4.05818,
	6.06531 4.04537,
	6.07812 4.05818,
	"/>
</Transform>

<Transform dim="0"
 xcoef=" 0 1 0 0 0 0"
 ycoef=" 0 0 1 0 0 0">
<Contour name="d04c40ax31_ssvr" hidden="false" closed="true" simplified="false" border="0 1 0.502" fill="0 0 1" mode="11"
 points="6.09246 3.85013,
	6.08067 3.83835,
	6.09246 3.82657,
	6.10424 3.83835,
	"/>
</Transform>

<Transform dim="0"
 xcoef=" 0 1 0 0 0 0"
 ycoef=" 0 0 1 0 0 0">
<Contour name="d03c34ax23" hidden="false" closed="true" simplified="true" border="0 1 0" fill="0 1 0" mode="9"
 points="2.68518 5.38441,
	2.69267 5.38066,
	2.75261 5.36005,
	2.75636 5.35818,
	2.75823 5.35724,
	2.81911 5.47619,
	2.84908 5.53613,
	2.85657 5.55018,
	2.79663 5.57547,
	2.78914 5.57921,
	2.78539 5.58015,
	2.78352 5.58109,
	2.72358 5.52208,
	2.70859 5.5071,
	2.70672 5.50335,
	2.69642 5.44341,
	2.6908 5.41344,
	2.68799 5.39845,
	2.68611 5.39096,
	2.68611 5.38722,
	2.68518 5.38534,
	"/>
</Transform>

<Transform dim="0"
 xcoef=" 0 1 0 0 0 0"
 ycoef=" 0 0 1 0 0 0">
<Contour name="ax37" comment="dch traced 07.2018" hidden="false" closed="true" simplified="true" border="0 1 1" fill="0.502 1 1" mode="9"
 points="2.68453 4.39806,
	2.68754 4.38842,
	2.68874 4.3836,
	2.69417 4.37396,
	2.70743 4.35527,
	2.71285 4.34623,
	2.71948 4.33659,
	2.73636 4.3173,
	2.7448 4.30766,
	2.74902 4.30283,
	2.75565 4.29319,
	2.75926 4.28897,
	2.76107 4.28656,
	2.76348 4.28536,
	2.7671 4.28114,
	2.77674 4.2727,
	2.78156 4.26968,
	2.79121 4.26848,
	2.81049 4.26788,
	2.82014 4.26788,
	2.82496 4.26788,
	2.8346 4.26968,
	2.85389 4.26848,
	2.87318 4.26547,
	2.89246 4.26426,
	2.90211 4.26486,
	2.91175 4.26727,
	2.91657 4.26788,
	2.91898 4.26788,
	2.92863 4.2733,
	2.93285 4.27752,
	2.93526 4.27993,
	2.94008 4.28957,
	2.94128 4.29078,
	2.94611 4.31007,
	2.94731 4.31971,
	2.94671 4.32935,
	2.9449 4.339,
	2.94189 4.34864,
	2.93707 4.35828,
	2.93405 4.36311,
	2.93104 4.36672,
	2.922 4.37456,
	2.91718 4.37938,
	2.90753 4.38661,
	2.89789 4.39264,
	2.8786 4.40108,
	2.87378 4.40349,
	2.87257 4.40349,
	2.87137 4.40469,
	2.85208 4.40952,
	2.84726 4.41132,
	2.82797 4.41313,
	2.82315 4.41434,
	2.80386 4.41494,
	2.79422 4.41554,
	2.78458 4.41735,
	2.77976 4.42037,
	2.77493 4.42458,
	2.77252 4.42579,
	2.77011 4.4282,
	2.76529 4.43121,
	2.76288 4.43302,
	2.75324 4.43604,
	2.74841 4.43724,
	2.73877 4.43724,
	2.72913 4.43604,
	2.7243 4.43604,
	2.71466 4.43363,
	2.70502 4.43001,
	2.7008 4.427,
	2.69959 4.427,
	2.68995 4.41976,
	2.68754 4.41735,
	2.68513 4.41253,
	2.68453 4.40289,
	2.68453 4.39867,
	"/>
</Transform>

<Transform dim="0"
 xcoef=" 0 1 0 0 0 0"
 ycoef=" 0 0 1 0 0 0">
<Contour name="ax38" comment="dch traced 07.2018" hidden="false" closed="true" simplified="true" border="0 1 1" fill="0.502 1 1" mode="9"
 points="2.55182 4.50533,
	2.55329 4.49943,
	2.55477 4.49795,
	2.55845 4.48615,
	2.56583 4.47434,
	2.56952 4.46844,
	2.58059 4.45885,
	2.59018 4.45148,
	2.61378 4.4441,
	2.61969 4.44262,
	2.62116 4.44188,
	2.62706 4.4441,
	2.63887 4.4441,
	2.65067 4.44262,
	2.65657 4.44188,
	2.66838 4.43672,
	2.67133 4.43451,
	2.6728 4.43303,
	2.67428 4.43303,
	2.68018 4.42934,
	2.68313 4.42787,
	2.68903 4.42787,
	2.69494 4.42934,
	2.71854 4.42934,
	2.74215 4.42565,
	2.74805 4.42418,
	2.75395 4.42418,
	2.77756 4.41754,
	2.78346 4.41533,
	2.78936 4.41459,
	2.80117 4.4168,
	2.80707 4.41828,
	2.81002 4.41902,
	2.8115 4.42049,
	2.81297 4.42049,
	2.81445 4.42197,
	2.82625 4.42713,
	2.83806 4.43672,
	2.84617 4.44779,
	2.8506 4.45369,
	2.85133 4.45664,
	2.85502 4.46254,
	2.85502 4.46402,
	2.8565 4.46549,
	2.86019 4.4773,
	2.86166 4.4832,
	2.86314 4.50681,
	2.8624 4.53041,
	2.85871 4.54222,
	2.85502 4.54812,
	2.85355 4.55107,
	2.85355 4.55254,
	2.84986 4.55845,
	2.84912 4.5614,
	2.84174 4.57246,
	2.83584 4.57837,
	2.82478 4.58796,
	2.81297 4.5946,
	2.80707 4.59755,
	2.79527 4.59976,
	2.78936 4.6005,
	2.78346 4.60345,
	2.78051 4.60419,
	2.77904 4.60566,
	2.77313 4.60787,
	2.77018 4.60861,
	2.76871 4.61009,
	2.7569 4.6123,
	2.7333 4.61156,
	2.72149 4.61083,
	2.69789 4.6064,
	2.69198 4.60566,
	2.68018 4.6005,
	2.65657 4.58574,
	2.64477 4.57763,
	2.64329 4.57763,
	2.63739 4.57394,
	2.63592 4.57246,
	2.63444 4.57246,
	2.62264 4.56582,
	2.61969 4.56361,
	2.61674 4.56287,
	2.61526 4.5614,
	2.60936 4.55918,
	2.60788 4.55771,
	2.60493 4.55697,
	2.60346 4.5555,
	2.60198 4.5555,
	2.60051 4.55402,
	2.59903 4.55402,
	2.57616 4.54,
	2.57026 4.53705,
	2.55845 4.52746,
	2.55403 4.52156,
	2.55182 4.51566,
	2.55182 4.50976,
	2.55182 4.50681,
	2.55182 4.50607,
	"/>
</Transform>

<Transform dim="0"
 xcoef=" 0 1 0 0 0 0"
 ycoef=" 0 0 1 0 0 0">
<Contour name="ax14" comment="dch traced 07.2018" hidden="false" closed="true" simplified="true" border="0 1 1" fill="0.502 1 1" mode="9"
 points="1.70546 4.42967,
	1.70726 4.42245,
	1.70726 4.41523,
	1.71087 4.4008,
	1.71267 4.39899,
	1.71448 4.39177,
	1.71719 4.38816,
	1.71719 4.38636,
	1.7217 4.38004,
	1.73343 4.36741,
	1.7623 4.34756,
	1.79118 4.33853,
	1.80562 4.33763,
	1.82005 4.33853,
	1.83449 4.34305,
	1.84171 4.34756,
	1.84532 4.34846,
	1.84893 4.35117,
	1.85615 4.35387,
	1.86337 4.35839,
	1.86698 4.36019,
	1.86878 4.36199,
	1.87239 4.3629,
	1.876 4.3656,
	1.87781 4.3656,
	1.88412 4.37102,
	1.88593 4.37102,
	1.88954 4.37463,
	1.89946 4.38816,
	1.90758 4.4026,
	1.913 4.41704,
	1.9139 4.42426,
	1.92292 4.45313,
	1.92563 4.46035,
	1.93014 4.46667,
	1.93195 4.46757,
	1.93195 4.46938,
	1.93736 4.47569,
	1.94097 4.4793,
	1.94368 4.48652,
	1.94458 4.49374,
	1.94007 4.50818,
	1.93556 4.5154,
	1.93195 4.5181,
	1.91751 4.52081,
	1.88863 4.51901,
	1.88141 4.51991,
	1.85254 4.5172,
	1.84532 4.5163,
	1.83088 4.5172,
	1.81645 4.5163,
	1.80201 4.51359,
	1.7984 4.51179,
	1.79479 4.51179,
	1.79118 4.50998,
	1.78396 4.50908,
	1.78216 4.50727,
	1.77855 4.50727,
	1.76411 4.50096,
	1.7605 4.49915,
	1.75869 4.49915,
	1.75689 4.49735,
	1.75328 4.49645,
	1.74967 4.49374,
	1.74787 4.49374,
	1.73343 4.48381,
	1.71448 4.45764,
	1.71087 4.45043,
	1.71087 4.44862,
	1.70816 4.44501,
	1.70816 4.4414,
	1.70636 4.43779,
	1.70546 4.43057,
	"/>
</Transform>

<Transform dim="0"
 xcoef=" 0 1 0 0 0 0"
 ycoef=" 0 0 1 0 0 0">
<Contour name="ax42" comment="dch traced 07.2018" hidden="false" closed="true" simplified="true" border="0 1 1" fill="0.502 1 1" mode="9"
 points="2.03888 5.60752,
	2.04008 5.59796,
	2.04844 5.57883,
	2.05561 5.57047,
	2.09386 5.54896,
	2.09864 5.54776,
	2.1082 5.54179,
	2.11059 5.54179,
	2.14883 5.5131,
	2.15361 5.50952,
	2.2301 5.48801,
	2.24922 5.48442,
	2.28747 5.47008,
	2.32571 5.45813,
	2.34483 5.45215,
	2.34961 5.45215,
	2.35917 5.44857,
	2.36395 5.44737,
	2.4022 5.45096,
	2.41176 5.45096,
	2.41654 5.45215,
	2.45478 5.44737,
	2.46434 5.44857,
	2.46912 5.45096,
	2.47869 5.45215,
	2.48825 5.45574,
	2.49781 5.46171,
	2.50259 5.4641,
	2.50498 5.46649,
	2.50737 5.46649,
	2.50976 5.46888,
	2.51215 5.46888,
	2.53127 5.48083,
	2.56832 5.5131,
	2.57071 5.51669,
	2.58983 5.53222,
	2.5982 5.54179,
	2.60417 5.54896,
	2.60776 5.55852,
	2.61015 5.56091,
	2.61612 5.58003,
	2.61612 5.58959,
	2.61373 5.59915,
	2.61254 5.60393,
	2.61254 5.60632,
	2.60656 5.61588,
	2.58744 5.62664,
	2.56832 5.63022,
	2.53008 5.63022,
	2.52051 5.63022,
	2.51573 5.63022,
	2.51095 5.63262,
	2.50139 5.63381,
	2.48227 5.64218,
	2.47271 5.64457,
	2.47032 5.64696,
	2.46076 5.65054,
	2.45598 5.65293,
	2.43686 5.65293,
	2.4273 5.65293,
	2.38905 5.64576,
	2.36993 5.64098,
	2.36037 5.6374,
	2.34125 5.62544,
	2.33647 5.62425,
	2.31973 5.60871,
	2.30061 5.59796,
	2.29225 5.59198,
	2.27312 5.5872,
	2.254 5.5884,
	2.24444 5.5884,
	2.22532 5.59198,
	2.21576 5.59437,
	2.20739 5.60035,
	2.18827 5.61708,
	2.1799 5.62305,
	2.17512 5.62664,
	2.13688 5.63501,
	2.11776 5.64098,
	2.09864 5.64218,
	2.07951 5.64098,
	2.06039 5.6374,
	2.058 5.6374,
	2.05561 5.63501,
	2.05083 5.63381,
	2.04127 5.62544,
	2.03888 5.62066,
	2.03888 5.6111,
	2.03888 5.60871,
	"/>
</Transform>

<Transform dim="0"
 xcoef=" 0 1 0 0 0 0"
 ycoef=" 0 0 1 0 0 0">
<Contour name="ax13" comment="dch traced 07.2018" hidden="false" closed="true" simplified="true" border="0 1 1" fill="0.502 1 1" mode="9"
 points="-0.170864 4.65338,
	-0.162855 4.63202,
	-0.157515 4.62134,
	-0.153511 4.616,
	-0.153511 4.61333,
	-0.137492 4.59197,
	-0.129483 4.58263,
	-0.0867669 4.57061,
	-0.0760879 4.56661,
	-0.0734181 4.56661,
	-0.0680786 4.5626,
	-0.0654089 4.5626,
	-0.0467206 4.54258,
	-0.0400463 4.5319,
	-0.0373765 4.52656,
	-0.0186883 4.5052,
	0.00133488 4.48919,
	0.0200231 4.46916,
	0.0293673 4.45848,
	0.0333719 4.45314,
	0.0547299 4.4398,
	0.0654089 4.43446,
	0.0680786 4.43179,
	0.0787576 4.42912,
	0.121474 4.42645,
	0.142832 4.42645,
	0.16419 4.43045,
	0.174869 4.43312,
	0.180208 4.43312,
	0.190887 4.43846,
	0.200231 4.4478,
	0.206906 4.45848,
	0.209575 4.46916,
	0.208241 4.47984,
	0.197562 4.5012,
	0.192222 4.51188,
	0.189552 4.53324,
	0.190887 4.55459,
	0.192222 4.56527,
	0.196227 4.57595,
	0.198896 4.58129,
	0.197562 4.60265,
	0.197562 4.60532,
	0.181543 4.62668,
	0.173534 4.63335,
	0.152176 4.64804,
	0.130818 4.66005,
	0.120139 4.66539,
	0.11213 4.67206,
	0.0734181 4.71078,
	0.0680786 4.71344,
	0.0627391 4.71878,
	0.042716 4.73213,
	0.021358 4.73747,
	0.0160185 4.73881,
	-0.0266975 4.73213,
	-0.0373765 4.7308,
	-0.0480555 4.72679,
	-0.0694135 4.72279,
	-0.0907715 4.72145,
	-0.101451 4.71878,
	-0.11213 4.72012,
	-0.133488 4.71611,
	-0.144167 4.71078,
	-0.149506 4.70944,
	-0.15885 4.7001,
	-0.16419 4.68942,
	-0.166859 4.68675,
	-0.170864 4.66539,
	-0.170864 4.65471,
	"/>
</Transform>

<Transform dim="0"
 xcoef=" 0 1 0 0 0 0"
 ycoef=" 0 0 1 0 0 0">
<Contour name="ax52" comment="dch traced 07.2018" hidden="false" closed="true" simplified="true" border="0 1 1" fill="0.502 1 1" mode="9"
 points="2.20081 4.33714,
	2.20642 4.31471,
	2.20922 4.3035,
	2.20922 4.29789,
	2.23165 4.25303,
	2.23866 4.24182,
	2.25969 4.2236,
	2.2709 4.21799,
	2.31436 4.18855,
	2.31856 4.18575,
	2.32417 4.18014,
	2.33398 4.17313,
	2.33959 4.17033,
	2.36202 4.17453,
	2.36763 4.17734,
	2.37043 4.17734,
	2.39286 4.19416,
	2.41529 4.21378,
	2.4265 4.21939,
	2.44893 4.225,
	2.46014 4.2292,
	2.48257 4.24182,
	2.5036 4.26285,
	2.50921 4.26705,
	2.52042 4.27126,
	2.54285 4.27406,
	2.56528 4.27967,
	2.57089 4.28107,
	2.5807 4.29088,
	2.5793 4.3021,
	2.5793 4.3077,
	2.57369 4.31892,
	2.57369 4.32172,
	2.57089 4.32453,
	2.57089 4.32733,
	2.56107 4.33714,
	2.54565 4.35957,
	2.52603 4.3806,
	2.5064 4.39882,
	2.5008 4.40443,
	2.49098 4.41144,
	2.48538 4.41704,
	2.47416 4.42405,
	2.47136 4.42405,
	2.44893 4.43667,
	2.4265 4.44368,
	2.41529 4.44508,
	2.40968 4.44788,
	2.36482 4.45069,
	2.34239 4.45209,
	2.29754 4.45069,
	2.28632 4.45069,
	2.28071 4.45209,
	2.25829 4.44788,
	2.23586 4.44087,
	2.22464 4.43387,
	2.21623 4.42265,
	2.20642 4.40162,
	2.20362 4.39041,
	2.20081 4.34555,
	2.20081 4.33995,
	2.20081 4.33854,
	"/>
</Transform>

<Transform dim="0"
 xcoef=" 0 1 0 0 0 0"
 ycoef=" 0 0 1 0 0 0">
<Contour name="ax10" comment="dch traced 07.2018" hidden="false" closed="true" simplified="true" border="0 1 1" fill="0.502 1 1" mode="9"
 points="3.55839 2.08659,
	3.5607 2.07736,
	3.56416 2.07275,
	3.56416 2.07044,
	3.57454 2.05199,
	3.60568 2.01854,
	3.60914 2.01392,
	3.61837 2.01162,
	3.6276 2.00585,
	3.64605 2.00354,
	3.64836 2.00354,
	3.65067 2.00123,
	3.65297 2.00123,
	3.65528 1.99893,
	3.65759 1.99893,
	3.67489 1.98509,
	3.68066 1.97932,
	3.68296 1.97932,
	3.69104 1.97355,
	3.69565 1.97124,
	3.71411 1.9724,
	3.71872 1.9747,
	3.73717 1.97586,
	3.77409 1.98855,
	3.811 1.98624,
	3.82945 1.98739,
	3.84791 1.99085,
	3.85713 1.99431,
	3.86521 2.00239,
	3.86751 2.00469,
	3.86751 2.007,
	3.86982 2.00931,
	3.87098 2.02776,
	3.8629 2.06467,
	3.85713 2.08313,
	3.84906 2.10158,
	3.83868 2.12004,
	3.8306 2.12927,
	3.8283 2.13388,
	3.81215 2.15003,
	3.80984 2.15349,
	3.79139 2.16618,
	3.78216 2.17194,
	3.77755 2.1731,
	3.77524 2.1754,
	3.76601 2.17771,
	3.74756 2.17771,
	3.7291 2.1731,
	3.71987 2.17194,
	3.71065 2.16848,
	3.70834 2.16848,
	3.70603 2.16618,
	3.6968 2.16387,
	3.69219 2.16156,
	3.67374 2.16156,
	3.66451 2.16041,
	3.6276 2.16272,
	3.61837 2.16387,
	3.61376 2.16156,
	3.60453 2.16156,
	3.59645 2.15695,
	3.578 2.13965,
	3.56877 2.13157,
	3.56646 2.12696,
	3.56416 2.12465,
	3.5607 2.11543,
	3.55839 2.09697,
	3.55839 2.08774,
	"/>
</Transform>

<Transform dim="0"
 xcoef=" 0 1 0 0 0 0"
 ycoef=" 0 0 1 0 0 0">
<Contour name="ax54" comment="dch traced 07.2018" hidden="false" closed="true" simplified="true" border="0 1 1" fill="0.502 1 1" mode="9"
 points="1.34634 3.63746,
	1.3494 3.62116,
	1.35551 3.613,
	1.36061 3.60689,
	1.3759 3.59466,
	1.38303 3.58651,
	1.38711 3.58549,
	1.39934 3.5702,
	1.40342 3.56612,
	1.41972 3.55593,
	1.43603 3.54981,
	1.45234 3.54981,
	1.46049 3.55083,
	1.46864 3.55389,
	1.4768 3.55389,
	1.48495 3.55695,
	1.48903 3.55899,
	1.49106 3.55899,
	1.49208 3.56103,
	1.49412 3.56103,
	1.49616 3.56306,
	1.4982 3.56306,
	1.51451 3.57326,
	1.51756 3.57733,
	1.52266 3.59364,
	1.52266 3.60995,
	1.52979 3.64256,
	1.53387 3.65887,
	1.53693 3.69148,
	1.53693 3.70779,
	1.53489 3.71594,
	1.53285 3.72002,
	1.52979 3.73632,
	1.52776 3.73836,
	1.52674 3.75467,
	1.52572 3.76282,
	1.52164 3.77098,
	1.50737 3.78525,
	1.50024 3.7934,
	1.49616 3.79748,
	1.48801 3.80257,
	1.4717 3.80359,
	1.46355 3.80461,
	1.45539 3.80869,
	1.43909 3.81174,
	1.43501 3.81276,
	1.42686 3.80767,
	1.42278 3.80665,
	1.41463 3.80053,
	1.40953 3.79238,
	1.40647 3.7883,
	1.40647 3.78626,
	1.40036 3.77811,
	1.39832 3.77607,
	1.3973 3.772,
	1.38711 3.75569,
	1.3759 3.72308,
	1.36876 3.70677,
	1.36774 3.70269,
	1.36469 3.69862,
	1.36367 3.69454,
	1.36163 3.6925,
	1.35551 3.67619,
	1.35144 3.66804,
	1.34634 3.65173,
	1.34634 3.64358,
	1.34634 3.6395,
	1.34634 3.63848,
	"/>
</Transform>

<Transform dim="0"
 xcoef=" 0 1 0 0 0 0"
 ycoef=" 0 0 1 0 0 0">
<Contour name="ax26" comment="dch traced 07.2018" hidden="false" closed="true" simplified="true" border="0 1 1" fill="0.502 1 1" mode="9"
 points="2.53393 4.10779,
	2.53588 4.1039,
	2.53588 4.10195,
	2.54171 4.09417,
	2.54269 4.09028,
	2.55533 4.07472,
	2.56311 4.06791,
	2.57089 4.06304,
	2.57479 4.0611,
	2.57673 4.05915,
	2.58451 4.05721,
	2.58646 4.05526,
	2.61758 4.05818,
	2.63315 4.06304,
	2.63704 4.06304,
	2.6526 4.06791,
	2.66817 4.06985,
	2.67595 4.0718,
	2.68373 4.0718,
	2.68762 4.0718,
	2.71875 4.05721,
	2.72653 4.05429,
	2.75766 4.05721,
	2.77322 4.06013,
	2.80435 4.06888,
	2.81213 4.07083,
	2.87438 4.06499,
	2.90551 4.06693,
	2.92107 4.06985,
	2.92885 4.0718,
	2.93275 4.07472,
	2.94831 4.07861,
	2.95123 4.08639,
	2.95025 4.09417,
	2.94345 4.10973,
	2.91815 4.14086,
	2.91232 4.14767,
	2.9094 4.15156,
	2.90745 4.15351,
	2.90745 4.15545,
	2.89384 4.17004,
	2.88119 4.18172,
	2.8666 4.19242,
	2.86271 4.19631,
	2.85493 4.2002,
	2.85104 4.20312,
	2.84715 4.20409,
	2.83158 4.21284,
	2.82964 4.21284,
	2.82769 4.21479,
	2.81213 4.21868,
	2.781 4.22938,
	2.76544 4.22841,
	2.74987 4.22938,
	2.73431 4.22841,
	2.73042 4.22841,
	2.72264 4.22549,
	2.70707 4.22257,
	2.67595 4.20701,
	2.66038 4.19631,
	2.6526 4.19144,
	2.64871 4.18755,
	2.64288 4.18269,
	2.63801 4.17588,
	2.62439 4.16518,
	2.61758 4.16032,
	2.61369 4.15642,
	2.59813 4.15059,
	2.567 4.14864,
	2.55144 4.14475,
	2.54366 4.13892,
	2.53977 4.13503,
	2.53588 4.12724,
	2.53393 4.11946,
	2.53393 4.11168,
	2.53393 4.10876,
	"/>
</Transform>

<Transform dim="0"
 xcoef=" 0 1 0 0 0 0"
 ycoef=" 0 0 1 0 0 0">
<Contour name="ax70" comment="dch traced 08.2018" hidden="false" closed="true" simplified="true" border="0 1 1" fill="0.502 1 1" mode="9"
 points="1.73492 3.56219,
	1.73664 3.55528,
	1.74355 3.54147,
	1.74614 3.53802,
	1.75218 3.52421,
	1.75477 3.5173,
	1.75649 3.51385,
	1.75822 3.51385,
	1.77203 3.50436,
	1.77894 3.49745,
	1.78152 3.49486,
	1.78152 3.49314,
	1.7867 3.48709,
	1.79016 3.48019,
	1.79188 3.47674,
	1.79361 3.47501,
	1.79965 3.4612,
	1.79965 3.45947,
	1.80224 3.45602,
	1.81432 3.4284,
	1.82382 3.40078,
	1.82555 3.39905,
	1.82641 3.3956,
	1.82813 3.39387,
	1.82813 3.39215,
	1.84453 3.36453,
	1.85489 3.35158,
	1.86784 3.34036,
	1.88079 3.33086,
	1.90582 3.30929,
	1.93344 3.30324,
	1.94725 3.30238,
	1.96106 3.30411,
	1.96796 3.30497,
	1.99558 3.31619,
	1.99731 3.31619,
	2.01112 3.32396,
	2.01803 3.32741,
	2.02148 3.32828,
	2.02838 3.33259,
	2.03184 3.33345,
	2.03874 3.33777,
	2.05255 3.34295,
	2.05946 3.3464,
	2.06636 3.35158,
	2.07413 3.36539,
	2.07758 3.3723,
	2.08017 3.38611,
	2.08104 3.39301,
	2.08967 3.40682,
	2.09916 3.41891,
	2.10607 3.42581,
	2.1147 3.43789,
	2.11988 3.4448,
	2.12506 3.44998,
	2.1311 3.45688,
	2.15785 3.47674,
	2.17166 3.48623,
	2.17857 3.49141,
	2.18548 3.49831,
	2.19065 3.50522,
	2.20446 3.51817,
	2.21482 3.53111,
	2.22 3.53802,
	2.22 3.53974,
	2.22259 3.5432,
	2.22432 3.5501,
	2.22173 3.56391,
	2.22 3.56737,
	2.22 3.56909,
	2.21827 3.57082,
	2.21827 3.57254,
	2.2131 3.57859,
	2.18634 3.60016,
	2.17943 3.60448,
	2.17598 3.60793,
	2.16217 3.61743,
	2.13628 3.63296,
	2.12247 3.64073,
	2.11556 3.64332,
	2.11211 3.64419,
	2.11038 3.64591,
	2.10866 3.64591,
	2.1052 3.6485,
	2.10175 3.64936,
	2.10002 3.64936,
	2.0983 3.65109,
	2.07068 3.66058,
	2.06722 3.66317,
	2.05341 3.66749,
	2.04651 3.67008,
	2.0396 3.67094,
	2.0327 3.67353,
	2.01889 3.6744,
	2.01198 3.67353,
	1.99817 3.66749,
	1.99472 3.66576,
	1.99127 3.66576,
	1.98782 3.66404,
	1.97401 3.66404,
	1.9671 3.6649,
	1.93948 3.66058,
	1.92567 3.65972,
	1.91876 3.66058,
	1.90495 3.66749,
	1.90323 3.66749,
	1.89978 3.67008,
	1.88597 3.6744,
	1.87215 3.67698,
	1.84453 3.67698,
	1.83159 3.66922,
	1.80397 3.65023,
	1.79706 3.64591,
	1.79016 3.64332,
	1.78843 3.6416,
	1.78152 3.63901,
	1.76771 3.63037,
	1.75563 3.62088,
	1.74873 3.61398,
	1.74441 3.60707,
	1.73837 3.59326,
	1.73578 3.57945,
	1.73492 3.56564,
	1.73492 3.56305,
	"/>
</Transform>

<Transform dim="0"
 xcoef=" 0 1 0 0 0 0"
 ycoef=" 0 0 1 0 0 0">
<Contour name="ax76" comment="dch traced 08.2018" hidden="false" closed="true" simplified="true" border="0 1 1" fill="0.502 1 1" mode="9"
 points="2.77067 6.16152,
	2.77483 6.13932,
	2.7901 6.09492,
	2.80258 6.07272,
	2.81091 6.06162,
	2.81784 6.0533,
	2.83727 6.03526,
	2.84698 6.02416,
	2.85947 6.00335,
	2.86779 5.99225,
	2.86918 5.9867,
	2.8664 5.97561,
	2.85669 5.96589,
	2.84559 5.96173,
	2.83449 5.95479,
	2.82894 5.95202,
	2.82617 5.94647,
	2.82339 5.94508,
	2.82201 5.93398,
	2.83172 5.88959,
	2.83311 5.88404,
	2.83866 5.87849,
	2.84143 5.87849,
	2.84837 5.86739,
	2.85808 5.85767,
	2.86085 5.8549,
	2.90525 5.84103,
	2.92745 5.83548,
	2.93855 5.83548,
	2.9441 5.8327,
	2.9663 5.83409,
	2.9774 5.83548,
	2.98295 5.8327,
	3.00515 5.82993,
	3.01624 5.82438,
	3.02179 5.82299,
	3.02734 5.81883,
	3.03012 5.81883,
	3.04122 5.81189,
	3.04954 5.79108,
	3.05232 5.77998,
	3.05787 5.76888,
	3.06758 5.75917,
	3.07868 5.75223,
	3.08423 5.74668,
	3.09533 5.74113,
	3.10504 5.73281,
	3.11059 5.72726,
	3.11614 5.71616,
	3.1203 5.69396,
	3.1203 5.68286,
	3.12308 5.67176,
	3.12446 5.66621,
	3.13279 5.65511,
	3.14389 5.6454,
	3.16609 5.63014,
	3.1869 5.61765,
	3.19245 5.61349,
	3.19522 5.61349,
	3.20632 5.60655,
	3.2091 5.60378,
	3.22019 5.601,
	3.23129 5.59545,
	3.23684 5.59268,
	3.23962 5.59268,
	3.24239 5.5899,
	3.25349 5.58713,
	3.27569 5.57464,
	3.27847 5.57464,
	3.28124 5.57187,
	3.29234 5.5677,
	3.33535 5.54273,
	3.35616 5.52469,
	3.36587 5.51498,
	3.36865 5.51082,
	3.38668 5.48862,
	3.39362 5.47891,
	3.3964 5.47336,
	3.40611 5.46226,
	3.42692 5.44561,
	3.43802 5.44284,
	3.44912 5.44284,
	3.45467 5.44422,
	3.46438 5.45394,
	3.47132 5.46504,
	3.48242 5.47475,
	3.49352 5.4803,
	3.49907 5.48307,
	3.50184 5.48307,
	3.51155 5.4914,
	3.51294 5.5025,
	3.51294 5.50805,
	3.51017 5.5136,
	3.51017 5.51637,
	3.50045 5.52747,
	3.4949 5.53302,
	3.48797 5.54412,
	3.47964 5.56632,
	3.47964 5.56909,
	3.46577 5.59129,
	3.46299 5.59684,
	3.44218 5.61488,
	3.43663 5.61765,
	3.43524 5.62043,
	3.42969 5.62181,
	3.41166 5.63985,
	3.40056 5.66205,
	3.39362 5.67315,
	3.37559 5.69257,
	3.36726 5.70228,
	3.3631 5.71338,
	3.36032 5.71616,
	3.36032 5.71893,
	3.35339 5.73003,
	3.35339 5.73281,
	3.35061 5.73558,
	3.34645 5.74668,
	3.34506 5.75223,
	3.3409 5.75778,
	3.33396 5.80218,
	3.33535 5.84658,
	3.33535 5.86877,
	3.3298 5.89097,
	3.31038 5.93537,
	3.30205 5.94647,
	3.28263 5.96312,
	3.27153 5.97144,
	3.26182 5.98254,
	3.24101 6.00058,
	3.23546 6.00613,
	3.23546 6.0089,
	3.22852 6.02,
	3.22297 6.0422,
	3.22019 6.0644,
	3.21742 6.15319,
	3.21048 6.19759,
	3.2091 6.21979,
	3.198 6.26419,
	3.19661 6.27529,
	3.19245 6.28639,
	3.19245 6.28916,
	3.18967 6.29194,
	3.18828 6.30304,
	3.18135 6.32523,
	3.17718 6.34743,
	3.17441 6.39183,
	3.17302 6.41403,
	3.15776 6.45843,
	3.15221 6.46953,
	3.14805 6.47508,
	3.14805 6.47785,
	3.13279 6.50005,
	3.12724 6.50282,
	3.10504 6.50282,
	3.08284 6.50976,
	3.07174 6.51392,
	3.04954 6.51392,
	3.03844 6.51531,
	3.01624 6.51115,
	3.00515 6.50421,
	2.99682 6.49727,
	2.97462 6.4834,
	2.97185 6.4834,
	2.96075 6.47508,
	2.95659 6.47091,
	2.93439 6.46398,
	2.91219 6.4612,
	2.90664 6.4612,
	2.89693 6.4501,
	2.89276 6.439,
	2.88999 6.43623,
	2.88721 6.42513,
	2.88999 6.38073,
	2.88999 6.35853,
	2.8886 6.35298,
	2.88583 6.35021,
	2.88583 6.34743,
	2.86779 6.32801,
	2.84698 6.30997,
	2.80674 6.26835,
	2.79842 6.25725,
	2.79842 6.25448,
	2.78593 6.23228,
	2.78177 6.22673,
	2.78177 6.22395,
	2.77761 6.21979,
	2.77206 6.19759,
	2.77067 6.17539,
	2.77067 6.16429,
	2.77067 6.16291,
	"/>
</Transform>

<Transform dim="0"
 xcoef=" 0 1 0 0 0 0"
 ycoef=" 0 0 1 0 0 0">
<Contour name="ax02" comment="dch traced 08.2018" hidden="false" closed="true" simplified="true" border="0 1 1" fill="0.502 1 1" mode="9"
 points="5.46323 4.22908,
	5.46614 4.21741,
	5.46614 4.20574,
	5.46906 4.19407,
	5.47052 4.18823,
	5.4749 4.1824,
	5.47636 4.17656,
	5.48657 4.16781,
	5.49824 4.15614,
	5.50553 4.14447,
	5.50699 4.13863,
	5.50991 4.13717,
	5.50991 4.13425,
	5.51866 4.12404,
	5.53033 4.11529,
	5.542 4.11237,
	5.54492 4.10946,
	5.56826 4.108,
	5.57993 4.10946,
	5.5916 4.11675,
	5.5989 4.12842,
	5.60327 4.15176,
	5.60619 4.19844,
	5.60911 4.20428,
	5.60765 4.21595,
	5.60035 4.22762,
	5.5989 4.23345,
	5.5916 4.24512,
	5.58723 4.25679,
	5.57701 4.26555,
	5.57118 4.27138,
	5.54784 4.28597,
	5.53617 4.29181,
	5.53033 4.29618,
	5.50699 4.2991,
	5.49532 4.2991,
	5.48511 4.29326,
	5.4749 4.28451,
	5.4676 4.27284,
	5.46323 4.2495,
	5.46323 4.23783,
	5.46323 4.23199,
	5.46323 4.23054,
	"/>
</Transform>

<Transform dim="0"
 xcoef=" 0 1 0 0 0 0"
 ycoef=" 0 0 1 0 0 0">
<Contour name="d03" hidden="false" closed="true" simplified="true" border="1 1 0" fill="1 1 0.501961" mode="11"
 points="0.743315 5.86423,
	0.751279 5.84299,
	0.767208 5.82175,
	0.777826 5.81113,
	0.817647 5.78193,
	0.822956 5.77662,
	0.828266 5.77662,
	0.838884 5.76866,
	0.88136 5.75007,
	0.902597 5.74211,
	0.934453 5.7076,
	0.945072 5.69698,
	0.950382 5.69698,
	0.961 5.68902,
	0.971619 5.68636,
	0.976929 5.68105,
	1.06188 5.6492,
	1.10435 5.63858,
	1.14683 5.62265,
	1.16807 5.61468,
	1.1893 5.60141,
	1.19992 5.58017,
	1.19992 5.56955,
	1.2132 5.55097,
	1.22116 5.52973,
	1.22116 5.5085,
	1.20523 5.46868,
	1.20258 5.4262,
	1.20523 5.38373,
	1.21851 5.34125,
	1.21851 5.32001,
	1.21585 5.30939,
	1.21054 5.30409,
	1.1893 5.29612,
	1.17072 5.27754,
	1.16807 5.2563,
	1.17072 5.23506,
	1.17869 5.21383,
	1.18399 5.20852,
	1.18665 5.1979,
	1.19992 5.17666,
	1.20523 5.15542,
	1.19992 5.13418,
	1.18134 5.12091,
	1.1601 5.11826,
	1.14948 5.12622,
	1.14152 5.1448,
	1.13356 5.15277,
	1.11232 5.15277,
	1.1017 5.15277,
	1.08312 5.13153,
	1.06984 5.11029,
	1.06188 5.08905,
	1.04595 5.07047,
	1.03533 5.06516,
	1.03002 5.05985,
	0.987547 5.0572,
	0.96631 5.05454,
	0.961 5.05454,
	0.950382 5.04392,
	0.947727 5.02269,
	0.958346 5.00145,
	0.963655 4.99083,
	1.00082 4.96163,
	1.00613 4.95632,
	1.02737 4.95101,
	1.03268 4.9457,
	1.07515 4.92712,
	1.09639 4.91384,
	1.11763 4.90588,
	1.13887 4.90323,
	1.1601 4.90588,
	1.17072 4.90854,
	1.19196 4.92712,
	1.2132 4.94039,
	1.22647 4.95367,
	1.22647 4.95897,
	1.25567 4.9988,
	1.26895 5.01738,
	1.31142 5.05189,
	1.33266 5.06251,
	1.37513 5.06516,
	1.41761 5.0572,
	1.42823 5.05454,
	1.44946 5.04127,
	1.45743 5.03331,
	1.47867 5.02534,
	1.4999 5.028,
	1.52114 5.03596,
	1.56362 5.03596,
	1.58485 5.03331,
	1.60609 5.02003,
	1.61671 5.01207,
	1.65919 5.0041,
	1.74414 4.99614,
	1.82909 4.99349,
	1.87156 4.99083,
	1.8928 4.98552,
	1.90342 4.98552,
	1.91404 4.98021,
	1.93527 4.97756,
	2.02022 4.93243,
	2.03084 4.92712,
	2.07332 4.92977,
	2.08394 4.93243,
	2.10517 4.94836,
	2.11579 4.95897,
	2.12641 4.98021,
	2.12641 5.00145,
	2.12376 5.01207,
	2.08394 5.04658,
	2.02288 5.12357,
	2.01757 5.13418,
	2.00695 5.1448,
	1.99368 5.16073,
	1.97509 5.18197,
	1.96448 5.19259,
	1.94324 5.20055,
	1.93793 5.20586,
	1.93262 5.20586,
	1.92731 5.21117,
	1.922 5.21117,
	1.90076 5.22975,
	1.88749 5.25099,
	1.88218 5.25896,
	1.8928 5.28019,
	1.8928 5.2855,
	1.90076 5.29612,
	1.90342 5.3386,
	1.91935 5.35452,
	1.94058 5.35452,
	1.98306 5.36514,
	2.00164 5.38373,
	2.00961 5.40496,
	2.00961 5.41027,
	2.0043 5.41558,
	1.99899 5.41558,
	1.99633 5.42089,
	1.99102 5.42089,
	1.98306 5.43151,
	1.97775 5.43417,
	1.97775 5.43947,
	1.95917 5.46071,
	1.93793 5.47664,
	1.92996 5.4846,
	1.92466 5.48726,
	1.91935 5.5085,
	1.91935 5.51912,
	1.91404 5.52973,
	1.8928 5.54566,
	1.87687 5.56159,
	1.85563 5.57221,
	1.84501 5.57752,
	1.83971 5.57752,
	1.8344 5.58283,
	1.81316 5.58814,
	1.79192 5.60141,
	1.78396 5.60938,
	1.78396 5.61468,
	1.76537 5.63327,
	1.75475 5.64123,
	1.71228 5.64389,
	1.6698 5.66778,
	1.65653 5.68636,
	1.64591 5.69698,
	1.62733 5.71025,
	1.60609 5.71822,
	1.60078 5.72353,
	1.57954 5.73149,
	1.49459 5.74476,
	1.48398 5.75007,
	1.39903 5.76069,
	1.35655 5.76069,
	1.31408 5.75273,
	1.2716 5.73946,
	1.1017 5.71025,
	1.05922 5.71291,
	1.04861 5.71556,
	1.0433 5.72087,
	1.02206 5.72618,
	1.00348 5.74211,
	1.00613 5.76335,
	1.01409 5.78459,
	1.0194 5.7952,
	1.0194 5.81644,
	1.01409 5.83768,
	1.00348 5.85892,
	1.00348 5.86423,
	0.995511 5.87485,
	0.992857 5.88546,
	0.987547 5.89077,
	0.984893 5.90139,
	0.958346 5.94387,
	0.918525 5.98369,
	0.899942 6.00227,
	0.894633 6.01289,
	0.857467 6.05006,
	0.846848 6.05536,
	0.804373 6.05536,
	0.793754 6.05536,
	0.772517 6.0474,
	0.756589 6.02882,
	0.759243 5.98634,
	0.764553 5.97572,
	0.761898 5.95449,
	0.756589 5.94387,
	0.751279 5.93856,
	0.743315 5.89608,
	0.743315 5.87485,
	0.743315 5.86688,
	"/>
</Transform>

<Transform dim="0"
 xcoef=" 0 1 0 0 0 0"
 ycoef=" 0 0 1 0 0 0">
<Contour name="d03cfa33Bax42" hidden="false" closed="false" simplified="false" border="0 1 1" fill="0 1 1" mode="9"
 points="1.02405 5.80066,
	1.02405 5.82291,
	0.99438 5.91439,
	0.915264 6.00339,
	"/>
</Transform>

<Transform dim="0"
 xcoef=" 0 1 0 0 0 0"
 ycoef=" 0 0 1 0 0 0">
<Contour name="d03cfa33Bax42" hidden="false" closed="false" simplified="false" border="0 1 1" fill="0 1 1" mode="9"
 points="1.42705 5.7611,
	1.39243 5.77099,
	1.29848 5.75863,
	1.20701 5.73143,
	"/>
</Transform>

<Transform dim="0"
 xcoef=" 0 1 0 0 0 0"
 ycoef=" 0 0 1 0 0 0">
<Contour name="ax42" comment="dch traced 07.2018" hidden="false" closed="true" simplified="true" border="0 1 1" fill="0.502 1 1" mode="9"
 points="0.896251 6.33591,
	0.899851 6.32151,
	0.931351 6.26391,
	0.945751 6.23511,
	0.950251 6.22071,
	0.951151 6.20631,
	0.950251 6.19911,
	0.943051 6.18471,
	0.940351 6.17751,
	0.930451 6.16311,
	0.928651 6.15591,
	0.928651 6.15231,
	0.925051 6.14871,
	0.922351 6.13431,
	0.925951 6.10551,
	0.926851 6.09831,
	0.929551 6.09111,
	0.930451 6.08751,
	0.920551 6.02991,
	0.921451 6.02271,
	0.924151 6.01551,
	0.925951 6.01191,
	0.925951 6.00831,
	0.942151 5.97951,
	0.953851 5.96511,
	0.959251 5.95791,
	0.972751 5.94441,
	0.995251 5.91561,
	1.01415 5.88681,
	1.01865 5.87961,
	1.02315 5.86521,
	1.02405 5.85081,
	1.02315 5.84361,
	1.02135 5.84001,
	1.01955 5.83821,
	1.01595 5.82381,
	1.01415 5.82021,
	1.01235 5.80581,
	1.00605 5.79141,
	1.00785 5.77701,
	1.01325 5.76261,
	1.02495 5.74821,
	1.03215 5.74191,
	1.04655 5.73471,
	1.06095 5.73021,
	1.08975 5.72751,
	1.10415 5.72751,
	1.13295 5.73201,
	1.19055 5.74731,
	1.21935 5.75361,
	1.23375 5.75631,
	1.24815 5.76171,
	1.25535 5.76351,
	1.25895 5.76531,
	1.27335 5.76711,
	1.28775 5.77161,
	1.30215 5.77431,
	1.35975 5.77881,
	1.36695 5.77881,
	1.37055 5.77791,
	1.37235 5.77791,
	1.38135 5.77701,
	1.41015 5.77611,
	1.42455 5.77521,
	1.48215 5.76531,
	1.51095 5.76261,
	1.52535 5.75991,
	1.53885 5.75181,
	1.56765 5.74551,
	1.58205 5.74011,
	1.58925 5.73741,
	1.59285 5.73561,
	1.59465 5.73381,
	1.59825 5.73291,
	1.60005 5.73291,
	1.60365 5.72931,
	1.61805 5.72301,
	1.63245 5.71401,
	1.65495 5.68521,
	1.66485 5.67081,
	1.67925 5.65911,
	1.69365 5.65101,
	1.70085 5.64741,
	1.70445 5.64561,
	1.73325 5.64381,
	1.74765 5.64201,
	1.75485 5.63931,
	1.76925 5.63031,
	1.77645 5.62581,
	1.78905 5.61231,
	1.79625 5.60511,
	1.79805 5.60331,
	1.80525 5.60151,
	1.80885 5.60511,
	1.81065 5.61951,
	1.80885 5.63391,
	1.80615 5.64111,
	1.79715 5.65551,
	1.79265 5.66271,
	1.78995 5.66631,
	1.77915 5.69511,
	1.74675 5.75271,
	1.73865 5.76711,
	1.72695 5.78151,
	1.71975 5.78871,
	1.70895 5.80311,
	1.70445 5.81031,
	1.68015 5.83911,
	1.66755 5.85351,
	1.64865 5.88231,
	1.64325 5.89671,
	1.63425 5.91111,
	1.61895 5.93991,
	1.61085 5.95431,
	1.60545 5.96871,
	1.60185 5.97591,
	1.59645 5.98311,
	1.59555 5.98671,
	1.59285 5.99031,
	1.59195 5.99391,
	1.59195 5.99571,
	1.58835 5.99931,
	1.58835 6.00291,
	1.57035 6.03171,
	1.56135 6.04611,
	1.55595 6.05331,
	1.55415 6.05691,
	1.55415 6.06051,
	1.54695 6.06681,
	1.54425 6.07041,
	1.54155 6.07761,
	1.53705 6.08481,
	1.53525 6.08841,
	1.53165 6.09201,
	1.52895 6.09921,
	1.52445 6.10641,
	1.49745 6.13341,
	1.49025 6.14061,
	1.47585 6.15231,
	1.44705 6.16941,
	1.43985 6.17301,
	1.41105 6.17661,
	1.39665 6.17841,
	1.39305 6.17841,
	1.37865 6.18291,
	1.37145 6.18381,
	1.36785 6.18381,
	1.33905 6.19731,
	1.32465 6.20271,
	1.29585 6.22431,
	1.28865 6.23061,
	1.27785 6.24501,
	1.22025 6.29451,
	1.19145 6.31431,
	1.13385 6.34581,
	1.11945 6.35391,
	1.09065 6.37641,
	1.08345 6.38271,
	1.05465 6.39981,
	1.04025 6.40611,
	1.01145 6.40791,
	0.997051 6.40431,
	0.989851 6.40341,
	0.986251 6.40071,
	0.971851 6.39891,
	0.943051 6.38811,
	0.928651 6.38181,
	0.921451 6.37911,
	0.907051 6.36921,
	0.898951 6.35571,
	0.897151 6.35211,
	0.896251 6.33771,
	0.896251 6.33681,
	"/>
</Transform>

<Transform dim="0"
 xcoef=" 0 1 0 0 0 0"
 ycoef=" 0 0 1 0 0 0">
<Contour name="d03c33Bax42" hidden="false" closed="true" simplified="true" border="0 1 0" fill="0 1 0" mode="9"
 points="0.885155 5.98082,
	0.926907 5.92144,
	0.948247 5.89175,
	0.953814 5.88433,
	0.972371 5.82495,
	0.981649 5.79526,
	0.982577 5.7934,
	1.04196 5.80082,
	1.07165 5.80454,
	1.07258 5.80639,
	1.05031 5.92515,
	1.04845 5.93258,
	0.994639 5.99196,
	0.967732 6.02165,
	0.961237 6.02907,
	0.957526 6.03278,
	0.898144 5.9901,
	0.890722 5.98546,
	0.88701 5.98268,
	0.886082 5.98175,
	"/>
<Contour name="d03c33Bax42" hidden="false" closed="true" simplified="true" border="0 1 0" fill="0 1 0" mode="9"
 points="1.1932 5.77948,
	1.20711 5.7201,
	1.21082 5.70526,
	1.21175 5.69783,
	1.21361 5.69412,
	1.33237 5.71917,
	1.34722 5.72196,
	1.4066 5.72289,
	1.42144 5.72289,
	1.42887 5.72289,
	1.43258 5.72381,
	1.4233 5.7832,
	1.41866 5.81289,
	1.41588 5.82773,
	1.41495 5.83515,
	1.41402 5.83701,
	1.29526 5.80732,
	1.23588 5.79247,
	1.20619 5.78505,
	1.19876 5.7832,
	1.19505 5.78227,
	1.1932 5.78134,
	1.1932 5.78041,
	"/>
</Transform>

<Transform dim="0"
 xcoef=" 0 1 0 0 0 0"
 ycoef=" 0 0 1 0 0 0">
<Contour name="d03c33Bax42_ssvr" hidden="false" closed="true" simplified="false" border="0 1 0.502" fill="0 0 1" mode="11"
 points="1.06787 6.29604,
	1.05287 6.28104,
	1.06787 6.26604,
	1.08287 6.28104,
	"/>
<Contour name="d03c33Bax42_ssvr" hidden="false" closed="true" simplified="false" border="0 1 0.502" fill="0 0 1" mode="11"
 points="1.09996 6.23309,
	1.08496 6.21809,
	1.09996 6.20309,
	1.11496 6.21809,
	"/>
<Contour name="d03c33Bax42_ssvr" hidden="false" closed="true" simplified="false" border="0 1 0.502" fill="0 0 1" mode="11"
 points="1.05923 6.20223,
	1.04423 6.18723,
	1.05923 6.17223,
	1.07423 6.18723,
	"/>
<Contour name="d03c33Bax42_ssvr" hidden="false" closed="true" simplified="false" border="0 1 0.502" fill="0 0 1" mode="11"
 points="1.10984 6.17508,
	1.09484 6.16008,
	1.10984 6.14508,
	1.12484 6.16008,
	"/>
<Contour name="d03c33Bax42_ssvr" hidden="false" closed="true" simplified="false" border="0 1 0.502" fill="0 0 1" mode="11"
 points="1.06417 6.15533,
	1.04917 6.14033,
	1.06417 6.12533,
	1.07917 6.14033,
	"/>
<Contour name="d03c33Bax42_ssvr" hidden="false" closed="true" simplified="false" border="0 1 0.502" fill="0 0 1" mode="11"
 points="1.14563 6.11953,
	1.13063 6.10453,
	1.14563 6.08953,
	1.16063 6.10453,
	"/>
<Contour name="d03c33Bax42_ssvr" hidden="false" closed="true" simplified="false" border="0 1 0.502" fill="0 0 1" mode="11"
 points="1.13822 5.98129,
	1.12322 5.96629,
	1.13822 5.95129,
	1.15322 5.96629,
	"/>
<Contour name="d03c33Bax42_ssvr" hidden="false" closed="true" simplified="false" border="0 1 0.502" fill="0 0 1" mode="11"
 points="1.09502 6.01215,
	1.08002 5.99715,
	1.09502 5.98215,
	1.11002 5.99715,
	"/>
<Contour name="d03c33Bax42_ssvr" hidden="false" closed="true" simplified="false" border="0 1 0.502" fill="0 0 1" mode="11"
 points="1.04812 5.99116,
	1.03312 5.97616,
	1.04812 5.96116,
	1.06312 5.97616,
	"/>
<Contour name="d03c33Bax42_ssvr" hidden="false" closed="true" simplified="false" border="0 1 0.502" fill="0 0 1" mode="11"
 points="1.09132 5.93439,
	1.07632 5.91939,
	1.09132 5.90439,
	1.10632 5.91939,
	"/>
<Contour name="d03c33Bax42_ssvr" hidden="false" closed="true" simplified="false" border="0 1 0.502" fill="0 0 1" mode="11"
 points="1.07774 5.96277,
	1.06274 5.94777,
	1.07774 5.93277,
	1.09274 5.94777,
	"/>
<Contour name="d03c33Bax42_ssvr" hidden="false" closed="true" simplified="false" border="0 1 0.502" fill="0 0 1" mode="11"
 points="0.995044 6.00474,
	0.980044 5.98974,
	0.995044 5.97474,
	1.01004 5.98974,
	"/>
<Contour name="d03c33Bax42_ssvr" hidden="false" closed="true" simplified="false" border="0 1 0.502" fill="0 0 1" mode="11"
 points="0.995044 6.14545,
	0.980044 6.13045,
	0.995044 6.11545,
	1.01004 6.13045,
	"/>
<Contour name="d03c33Bax42_ssvr" hidden="false" closed="true" simplified="false" border="0 1 0.502" fill="0 0 1" mode="11"
 points="1.00615 6.20964,
	0.991153 6.19464,
	1.00615 6.17964,
	1.02115 6.19464,
	"/>
<Contour name="d03c33Bax42_ssvr" hidden="false" closed="true" simplified="false" border="0 1 0.502" fill="0 0 1" mode="11"
 points="1.09256 6.12447,
	1.07756 6.10947,
	1.09256 6.09447,
	1.10756 6.10947,
	"/>
<Contour name="d03c33Bax42_ssvr" hidden="false" closed="true" simplified="false" border="0 1 0.502" fill="0 0 1" mode="11"
 points="1.27894 6.14545,
	1.26394 6.13045,
	1.27894 6.11545,
	1.29394 6.13045,
	"/>
<Contour name="d03c33Bax42_ssvr" hidden="false" closed="true" simplified="false" border="0 1 0.502" fill="0 0 1" mode="11"
 points="1.33695 6.14792,
	1.32195 6.13292,
	1.33695 6.11792,
	1.35195 6.13292,
	"/>
<Contour name="d03c33Bax42_ssvr" hidden="false" closed="true" simplified="false" border="0 1 0.502" fill="0 0 1" mode="11"
 points="1.3172 6.05658,
	1.3022 6.04158,
	1.3172 6.02658,
	1.3322 6.04158,
	"/>
<Contour name="d03c33Bax42_ssvr" hidden="false" closed="true" simplified="false" border="0 1 0.502" fill="0 0 1" mode="11"
 points="1.29498 5.9887,
	1.27998 5.9737,
	1.29498 5.9587,
	1.30998 5.9737,
	"/>
<Contour name="d03c33Bax42_ssvr" hidden="false" closed="true" simplified="false" border="0 1 0.502" fill="0 0 1" mode="11"
 points="1.25178 5.88872,
	1.23678 5.87372,
	1.25178 5.85872,
	1.26678 5.87372,
	"/>
<Contour name="d03c33Bax42_ssvr" hidden="false" closed="true" simplified="false" border="0 1 0.502" fill="0 0 1" mode="11"
 points="1.22092 5.85292,
	1.20592 5.83792,
	1.22092 5.82292,
	1.23592 5.83792,
	"/>
<Contour name="d03c33Bax42_ssvr" hidden="false" closed="true" simplified="false" border="0 1 0.502" fill="0 0 1" mode="11"
 points="1.42212 6.08621,
	1.40712 6.07121,
	1.42212 6.05621,
	1.43712 6.07121,
	"/>
<Contour name="d03c33Bax42_ssvr" hidden="false" closed="true" simplified="false" border="0 1 0.502" fill="0 0 1" mode="11"
 points="1.47396 6.05165,
	1.45896 6.03665,
	1.47396 6.02165,
	1.48896 6.03665,
	"/>
<Contour name="d03c33Bax42_ssvr" hidden="false" closed="true" simplified="false" border="0 1 0.502" fill="0 0 1" mode="11"
 points="1.36164 6.00598,
	1.34664 5.99098,
	1.36164 5.97598,
	1.37664 5.99098,
	"/>
<Contour name="d03c33Bax42_ssvr" hidden="false" closed="true" simplified="false" border="0 1 0.502" fill="0 0 1" mode="11"
 points="1.50111 5.93809,
	1.48611 5.92309,
	1.50111 5.90809,
	1.51611 5.92309,
	"/>
</Transform>

<Transform dim="0"
 xcoef=" 0 1 0 0 0 0"
 ycoef=" 0 0 1 0 0 0">
<Contour name="d03c33Bax42_ssvr" hidden="false" closed="true" simplified="false" border="0 1 0.502" fill="0 0 1" mode="11"
 points="1.04689 6.10842,
	1.03189 6.09342,
	1.04689 6.07842,
	1.06189 6.09342,
	"/>
</Transform>

<Transform dim="6"
 xcoef=" 1.23952278100005 0.846719580547845 -0.0276497631563769 0 0 0"
 ycoef=" -1.11236203363948 0.067738815962046 0.9268149500139 0 0 0">
<Image mag="0.00217968" contrast="1" brightness="0" red="true" green="true" blue="true"
 src="FWNGV.151.jpg" />
<Contour name="domain1" hidden="false" closed="true" simplified="false" border="1 0 1" fill="1 0 1" mode="11"
 points="0 0,
	4096 0,
	4096 4096,
	0 4096,
	"/>
</Transform>

<Transform dim="0"
 xcoef=" 0 1 0 0 0 0"
 ycoef=" 0 0 1 0 0 0">
<Contour name="ax78" comment="dch traced 08.2018" hidden="false" closed="true" simplified="true" border="0 1 1" fill="0 0 1" mode="11"
 points="3.58393 4.35124,
	3.58747 4.3418,
	3.58865 4.33235,
	3.60046 4.31346,
	3.60754 4.30402,
	3.61698 4.29694,
	3.63587 4.28749,
	3.64531 4.28277,
	3.65004 4.28159,
	3.65476 4.27805,
	3.6642 4.27687,
	3.67365 4.27333,
	3.68309 4.27215,
	3.72086 4.25798,
	3.72559 4.25444,
	3.73031 4.245,
	3.73267 4.23555,
	3.72913 4.21667,
	3.72795 4.19778,
	3.73267 4.17889,
	3.73503 4.17417,
	3.73739 4.15528,
	3.74565 4.13639,
	3.76454 4.12105,
	3.77399 4.11751,
	3.81176 4.11514,
	3.88731 4.11396,
	3.9062 4.11396,
	3.92509 4.1116,
	3.94398 4.11396,
	3.95342 4.11396,
	3.96286 4.11869,
	3.98175 4.12223,
	4.01953 4.13521,
	4.03841 4.14584,
	4.0573 4.1541,
	4.07619 4.1659,
	4.08091 4.16827,
	4.11869 4.20014,
	4.13639 4.21667,
	4.14466 4.22375,
	4.14938 4.22611,
	4.18597 4.26388,
	4.19188 4.27333,
	4.19778 4.29222,
	4.20368 4.30166,
	4.20958 4.32055,
	4.21312 4.32999,
	4.21667 4.33471,
	4.22021 4.34416,
	4.22257 4.34888,
	4.24027 4.36777,
	4.245 4.37249,
	4.24736 4.37249,
	4.25562 4.37839,
	4.26388 4.38665,
	4.27215 4.40554,
	4.27451 4.42443,
	4.27569 4.4622,
	4.27923 4.48109,
	4.27923 4.48581,
	4.28867 4.5047,
	4.29104 4.51415,
	4.30638 4.53303,
	4.32409 4.55192,
	4.33353 4.56136,
	4.34416 4.58025,
	4.34652 4.5897,
	4.34534 4.62747,
	4.34416 4.64636,
	4.34298 4.6558,
	4.3418 4.66052,
	4.34652 4.66997,
	4.35242 4.68886,
	4.3595 4.72663,
	4.36777 4.80218,
	4.37367 4.83996,
	4.37485 4.87773,
	4.37249 4.89662,
	4.36423 4.9344,
	4.36423 4.93912,
	4.37367 4.94738,
	4.37839 4.94974,
	4.38547 4.95919,
	4.39492 4.97807,
	4.3961 4.98752,
	4.39492 4.99696,
	4.39492 5.00168,
	4.3902 5.01113,
	4.38311 5.02057,
	4.37839 5.02529,
	4.34062 5.05008,
	4.33117 5.05717,
	4.32645 5.06071,
	4.32409 5.06543,
	4.32645 5.1032,
	4.32645 5.11265,
	4.33117 5.12209,
	4.34416 5.14098,
	4.38075 5.17167,
	4.3902 5.17639,
	4.40908 5.18938,
	4.41144 5.18938,
	4.41617 5.19292,
	4.43505 5.19764,
	4.47283 5.19764,
	4.47755 5.19764,
	4.48227 5.19528,
	4.49172 5.19528,
	4.49644 5.19528,
	4.5047 5.19056,
	4.51415 5.18938,
	4.52359 5.18584,
	4.53303 5.18466,
	4.53776 5.1823,
	4.55664 5.18112,
	4.57553 5.1823,
	4.58497 5.18466,
	4.60386 5.19646,
	4.61331 5.20472,
	4.61803 5.20709,
	4.62039 5.21181,
	4.62511 5.21417,
	4.63928 5.23306,
	4.644 5.2425,
	4.64636 5.25194,
	4.64754 5.28972,
	4.64636 5.29916,
	4.64282 5.30861,
	4.63573 5.31805,
	4.61685 5.33458,
	4.57907 5.34284,
	4.56018 5.34166,
	4.55074 5.34166,
	4.51297 5.33222,
	4.49408 5.32986,
	4.47519 5.32513,
	4.46575 5.32395,
	4.44686 5.31097,
	4.44214 5.30861,
	4.4386 5.30389,
	4.40082 5.28028,
	4.38193 5.26729,
	4.37249 5.26021,
	4.36304 5.25667,
	4.34416 5.2543,
	4.33471 5.25549,
	4.32527 5.25903,
	4.28749 5.25785,
	4.28513 5.25549,
	4.28041 5.25549,
	4.26152 5.24722,
	4.24264 5.23306,
	4.22611 5.21535,
	4.21667 5.19646,
	4.21076 5.18702,
	4.2084 5.17757,
	4.20486 5.17285,
	4.20014 5.15396,
	4.19896 5.13508,
	4.19896 5.12563,
	4.20014 5.12091,
	4.1966 5.10202,
	4.19542 5.09258,
	4.18833 5.07369,
	4.18361 5.0548,
	4.18125 5.01703,
	4.17535 4.97925,
	4.17063 4.96037,
	4.15528 4.92259,
	4.15056 4.91315,
	4.1482 4.90843,
	4.14584 4.88954,
	4.14584 4.88482,
	4.14348 4.88009,
	4.13403 4.87655,
	4.12695 4.86829,
	4.12223 4.85885,
	4.11987 4.8494,
	4.11869 4.81163,
	4.11514 4.80218,
	4.09744 4.78447,
	4.08799 4.78093,
	4.08563 4.77857,
	4.06674 4.77975,
	4.04786 4.78329,
	4.01008 4.78447,
	3.97231 4.78329,
	3.95342 4.78447,
	3.91564 4.78093,
	3.89676 4.77857,
	3.85898 4.77031,
	3.84954 4.76795,
	3.83065 4.7585,
	3.82121 4.75378,
	3.78461 4.71955,
	3.77635 4.7101,
	3.77163 4.70538,
	3.76926 4.70066,
	3.7669 4.69948,
	3.76336 4.69004,
	3.73621 4.65226,
	3.7185 4.61449,
	3.70906 4.5956,
	3.70316 4.57671,
	3.69371 4.55782,
	3.68191 4.53894,
	3.67247 4.52005,
	3.64768 4.48227,
	3.63705 4.46339,
	3.62997 4.45394,
	3.62525 4.44922,
	3.60046 4.41144,
	3.59455 4.402,
	3.59219 4.39728,
	3.59219 4.39492,
	3.58865 4.3902,
	3.58511 4.37131,
	3.58393 4.35242,
	"/>
</Transform>

<Transform dim="0"
 xcoef=" 0 1 0 0 0 0"
 ycoef=" 0 0 1 0 0 0">
<Contour name="ax79" comment="dch traced 08.2018" hidden="false" closed="true" simplified="true" border="0 1 1" fill="0 0 1" mode="11"
 points="5.88533 2.0668,
	5.89513 2.04439,
	5.90213 2.03319,
	5.91053 2.01079,
	5.91334 2.00518,
	5.91334 2.00238,
	5.91614 1.99958,
	5.92034 1.98838,
	5.93014 1.97718,
	5.94134 1.97018,
	5.94694 1.96738,
	5.94974 1.96458,
	5.96094 1.96178,
	5.98335 1.96038,
	6.00575 1.95618,
	6.01696 1.94917,
	6.03376 1.92957,
	6.03936 1.92537,
	6.04216 1.92257,
	6.05196 1.91837,
	6.07437 1.91697,
	6.08557 1.91697,
	6.08837 1.91977,
	6.09397 1.92117,
	6.09817 1.92537,
	6.10377 1.92677,
	6.10937 1.93097,
	6.15418 1.93657,
	6.16538 1.93657,
	6.16818 1.93657,
	6.17799 1.94497,
	6.19899 1.95478,
	6.22139 1.95758,
	6.2326 1.95898,
	6.2438 1.96598,
	6.2536 1.97718,
	6.2746 1.99398,
	6.29701 2.00378,
	6.29981 2.00659,
	6.32221 2.01219,
	6.34462 2.01219,
	6.36702 2.00939,
	6.38943 2.00939,
	6.43424 2.02479,
	6.47904 2.03179,
	6.48464 2.03459,
	6.50705 2.03599,
	6.52805 2.04719,
	6.53225 2.05279,
	6.53505 2.05559,
	6.53505 2.0584,
	6.53786 2.0612,
	6.53786 2.0724,
	6.53365 2.0836,
	6.52245 2.0906,
	6.51125 2.0948,
	6.49025 2.1088,
	6.48464 2.11021,
	6.48044 2.11441,
	6.47484 2.11581,
	6.47204 2.11581,
	6.46924 2.11861,
	6.45804 2.12141,
	6.43844 2.13961,
	6.42023 2.16061,
	6.40903 2.17182,
	6.39083 2.19282,
	6.38383 2.20262,
	6.36142 2.22363,
	6.34182 2.24043,
	6.33202 2.24603,
	6.31101 2.26423,
	6.28861 2.27824,
	6.27881 2.28664,
	6.276 2.28664,
	6.2704 2.29224,
	6.2256 2.31044,
	6.21439 2.31184,
	6.20319 2.31604,
	6.19199 2.31744,
	6.16958 2.32445,
	6.16398 2.32445,
	6.15278 2.32865,
	6.13038 2.33285,
	6.11917 2.33145,
	6.11357 2.33005,
	6.10377 2.31885,
	6.10237 2.31324,
	6.09957 2.31044,
	6.09677 2.28804,
	6.09677 2.26563,
	6.09397 2.26283,
	6.09257 2.25723,
	6.09257 2.25443,
	6.07017 2.24463,
	6.04776 2.24463,
	6.03656 2.24323,
	6.02676 2.23623,
	6.01836 2.21383,
	6.01135 2.20262,
	6.00715 2.19702,
	5.99595 2.19142,
	5.98475 2.19002,
	5.97355 2.18582,
	5.95114 2.18442,
	5.93994 2.18442,
	5.92874 2.18022,
	5.91754 2.17322,
	5.90773 2.16342,
	5.90773 2.14101,
	5.90633 2.13541,
	5.89233 2.11301,
	5.89093 2.1074,
	5.88673 2.1018,
	5.88533 2.0794,
	5.88533 2.0682,
	"/>
</Transform>

</Section>