<?xml version="1.0"?>
<!DOCTYPE Section SYSTEM "section.dtd">

<Section index="34" thickness="0.06" alignLocked="true">
<Transform dim="0"
 xcoef=" 0 1 0 0 0 0"
 ycoef=" 0 0 1 0 0 0">
<Contour name="d02" hidden="false" closed="true" simplified="true" border="0.5 0 1" fill="0.5 0 1" mode="9"
 points="3.34134 6.47627,
	3.34913 6.4607,
	3.3647 6.44901,
	3.42701 6.44901,
	3.44259 6.44901,
	3.45817 6.43733,
	3.49322 6.37892,
	3.501 6.36334,
	3.56331 6.3205,
	3.59447 6.30492,
	3.65678 6.2504,
	3.68404 6.22704,
	3.68014 6.19588,
	3.56331 6.07126,
	3.53216 6.04011,
	3.52048 6.02453,
	3.52048 5.99338,
	3.53605 5.9778,
	3.56721 5.98169,
	3.58279 5.99727,
	3.61394 6.01674,
	3.67625 6.01674,
	3.69183 6.01674,
	3.7074 6.00895,
	3.76971 6.00895,
	3.83202 6.01674,
	3.89433 6.01674,
	3.95664 6.04011,
	3.96832 6.0479,
	3.96832 6.04011,
	3.99948 6.03622,
	4.03063 6.04011,
	4.04621 6.04011,
	4.06179 6.05179,
	4.09294 6.05958,
	4.15525 6.05958,
	4.17083 6.06348,
	4.20198 6.09074,
	4.21756 6.09852,
	4.27987 6.09852,
	4.31103 6.10242,
	4.37334 6.15694,
	4.38112 6.18809,
	4.38112 6.2504,
	4.37334 6.28156,
	4.36944 6.29714,
	4.36944 6.30492,
	4.30713 6.30882,
	4.29155 6.31271,
	4.27987 6.32829,
	4.27598 6.3906,
	4.28377 6.42175,
	4.30324 6.45291,
	4.31492 6.51522,
	4.31492 6.57753,
	4.31103 6.5931,
	4.31103 6.60089,
	4.26819 6.65931,
	4.24093 6.68267,
	4.20977 6.69825,
	4.1942 6.70604,
	4.13189 6.70993,
	4.10073 6.70993,
	4.06958 6.69825,
	4.04621 6.67489,
	4.03063 6.6671,
	4.01506 6.65152,
	4.00727 6.63594,
	3.99169 6.62037,
	3.96054 6.61647,
	3.94496 6.61647,
	3.9177 6.64373,
	3.85539 6.64373,
	3.82423 6.64373,
	3.80866 6.63984,
	3.7775 6.61258,
	3.74635 6.60868,
	3.73077 6.60868,
	3.72298 6.60868,
	3.66067 6.55806,
	3.60615 6.49964,
	3.54384 6.49964,
	3.52827 6.50354,
	3.46985 6.55806,
	3.45427 6.55806,
	3.39196 6.51522,
	3.36081 6.50354,
	3.34523 6.49964,
	3.34134 6.48406,
	3.34134 6.48017,
	"/>
<Contour name="d02" hidden="false" closed="true" simplified="true" border="0.5 0 1" fill="0.5 0 1" mode="9"
 points="4.57584 6.4568,
	4.59142 6.44123,
	4.71604 6.37113,
	4.74719 6.34387,
	4.80561 6.31271,
	4.83287 6.28935,
	4.84844 6.27766,
	4.86402 6.27377,
	4.89518 6.28156,
	4.91075 6.28545,
	4.91465 6.34776,
	4.90296 6.37892,
	4.8796 6.40618,
	4.84844 6.42954,
	4.84066 6.42954,
	4.8095 6.4568,
	4.79782 6.46459,
	4.75498 6.5269,
	4.75109 6.54248,
	4.72383 6.57363,
	4.69267 6.58921,
	4.67709 6.58921,
	4.66152 6.58142,
	4.63815 6.55027,
	4.57973 6.49575,
	4.57584 6.46459,
	4.57584 6.4607,
	"/>
<Contour name="d02p10" hidden="false" closed="true" simplified="false" border="0 1 1" fill="0 1 1" mode="9"
 points="4.23879 6.54454,
	4.25655 6.52679,
	4.18552 6.45576,
	4.20327 6.438,
	4.2743 6.50903,
	4.29206 6.49127,
	4.29206 6.54454,
	"/>
<Contour name="d02c10" hidden="false" closed="true" simplified="true" border="0 1 0" fill="0 1 0" mode="9"
 points="4.73006 6.53921,
	4.74017 6.49879,
	4.75281 6.47857,
	4.78565 6.4432,
	4.80081 6.42551,
	4.84124 6.39772,
	4.86146 6.39772,
	4.87156 6.40024,
	4.87662 6.40024,
	4.88167 6.4053,
	4.88672 6.4053,
	4.88925 6.44572,
	4.88672 6.46594,
	4.8842 6.47604,
	4.87409 6.48615,
	4.86904 6.49626,
	4.86904 6.50131,
	4.85388 6.519,
	4.81345 6.55437,
	4.79323 6.56953,
	4.77302 6.57459,
	4.76291 6.58217,
	4.7427 6.58217,
	4.73006 6.56448,
	4.73006 6.54427,
	4.73006 6.54174,
	"/>
<Contour name="d02cfa10" hidden="false" closed="false" simplified="false" border="0 1 1" fill="0 1 1" mode="9"
 points="4.73401 6.57033,
	4.7517 6.53496,
	4.78202 6.49958,
	4.83256 6.43641,
	4.88309 6.39851,
	"/>
<Contour name="d02plinn08" hidden="false" closed="true" simplified="false" border="0 0 1" fill="0 0 1" mode="-13"
 points="3.94354 6.41862,
	3.87682 6.3519,
	3.94354 6.28518,
	4.01026 6.3519,
	"/>
<Contour name="d03" hidden="false" closed="true" simplified="true" border="1 1 0" fill="1 1 0.501961" mode="11"
 points="5.10707 3.10008,
	5.1214 3.07141,
	5.12499 3.01407,
	5.12499 2.99973,
	5.16083 2.94597,
	5.1895 2.92447,
	5.211 2.8958,
	5.22534 2.88505,
	5.23967 2.88505,
	5.25401 2.89221,
	5.27193 2.92089,
	5.29702 2.94597,
	5.3006 2.97464,
	5.30418 2.98898,
	5.34002 3.04632,
	5.35794 3.07499,
	5.37228 3.08574,
	5.37586 3.10008,
	5.4117 3.15742,
	5.41528 3.18609,
	5.4117 3.20043,
	5.4117 3.2076,
	5.35794 3.25419,
	5.32927 3.27211,
	5.3006 3.27569,
	5.28626 3.26494,
	5.2791 3.2506,
	5.26476 3.23627,
	5.25043 3.2076,
	5.25043 3.20043,
	5.22534 3.17176,
	5.211 3.16101,
	5.15366 3.16101,
	5.12499 3.16101,
	5.11065 3.15384,
	5.10707 3.12517,
	5.10707 3.11083,
	5.10707 3.10366,
	"/>
<Contour name="d03c05" hidden="false" closed="true" simplified="true" border="1 0 0" fill="0 1 0" mode="9"
 points="5.26068 2.94598,
	5.26867 2.93532,
	5.27133 2.92467,
	5.27932 2.91934,
	5.30063 2.91934,
	5.31129 2.91934,
	5.32727 2.94065,
	5.3326 2.94332,
	5.33526 2.96462,
	5.34325 2.98593,
	5.35657 3.00724,
	5.37788 3.02056,
	5.39652 3.03921,
	5.40185 3.04187,
	5.40185 3.0472,
	5.4205 3.06851,
	5.43381 3.08449,
	5.45512 3.10047,
	5.46045 3.1058,
	5.45779 3.14842,
	5.45779 3.15907,
	5.42316 3.19902,
	5.4125 3.20702,
	5.3912 3.20968,
	5.38054 3.20435,
	5.36989 3.1937,
	5.3539 3.15108,
	5.32727 3.10846,
	5.31928 3.08715,
	5.30596 3.06584,
	5.30596 3.06052,
	5.29797 3.04986,
	5.28731 3.00724,
	5.28731 3.00192,
	5.27133 2.98327,
	5.26068 2.97262,
	5.26068 2.95131,
	5.26068 2.94864,
	"/>
<Contour name="d03cfa05" hidden="false" closed="false" simplified="false" border="0 1 1" fill="0 1 1" mode="9"
 points="5.41008 3.20348,
	5.40742 3.16086,
	5.38611 3.09427,
	5.30087 2.9824,
	5.2769 2.9238,
	"/>
<Contour name="d03cfa06ax57" hidden="false" closed="false" simplified="false" border="0 1 1" fill="0 1 1" mode="9"
 points="4.82674 2.42836,
	4.75483 2.4257,
	4.73352 2.39906,
	4.73085 2.3671,
	"/>
<Contour name="d03cfa07ax58" hidden="false" closed="false" simplified="false" border="0 1 1" fill="0 1 1" mode="9"
 points="5.64448 4.10912,
	5.60719 4.13042,
	5.4527 4.20501,
	"/>
<Contour name="d04" hidden="false" closed="true" simplified="true" border="1 0 0" fill="1 0 0" mode="9"
 points="3.99295 3.87397,
	4.01326 3.85366,
	4.03648 3.85076,
	4.08291 3.85366,
	4.09451 3.85366,
	4.10612 3.85946,
	4.12934 3.85946,
	4.15255 3.84786,
	4.17577 3.84786,
	4.18737 3.84786,
	4.19318 3.84786,
	4.20478 3.85656,
	4.228 3.86237,
	4.25121 3.85946,
	4.29764 3.84205,
	4.3818 3.7579,
	4.39341 3.74629,
	4.40501 3.74049,
	4.41662 3.72888,
	4.41952 3.72598,
	4.42823 3.74919,
	4.40501 3.7637,
	4.39341 3.77241,
	4.3876 3.79272,
	4.3876 3.81594,
	4.3789 3.83915,
	4.37309 3.88558,
	4.34407 3.93201,
	4.33247 3.94362,
	4.32086 3.94652,
	4.29764 3.96393,
	4.27733 3.98715,
	4.25992 4.00456,
	4.23671 4.02197,
	4.19028 4.02777,
	4.14385 4.05969,
	4.12063 4.05679,
	4.09742 4.04808,
	4.0742 4.04808,
	4.06259 4.04808,
	4.04518 4.02487,
	4.02777 3.97844,
	3.99585 3.93781,
	3.99295 3.89138,
	3.99295 3.87978,
	3.99295 3.87688,
	"/>
<Contour name="d04c06" hidden="false" closed="true" simplified="true" border="0 1 0" fill="0 1 0" mode="9"
 points="3.94125 3.90491,
	3.95776 3.87848,
	3.96768 3.86526,
	3.97428 3.85866,
	4.02714 3.85535,
	4.03705 3.86526,
	4.04696 3.91812,
	4.05687 3.93134,
	4.06348 3.95776,
	4.08 3.98419,
	4.08991 3.99741,
	4.08991 4.02384,
	4.08661 4.03705,
	4.07339 4.05027,
	4.04696 4.05027,
	4.03375 4.05027,
	4.02714 4.05027,
	4.00071 4.02714,
	3.96437 3.97759,
	3.95446 3.95116,
	3.94125 3.93794,
	3.94125 3.91151,
	3.94125 3.90821,
	"/>
<Contour name="d04cfa06" hidden="false" closed="false" simplified="false" border="0 1 1" fill="0 1 1" mode="9"
 points="4.05257 4.04474,
	4.02614 3.99519,
	3.9964 3.94894,
	3.9898 3.90269,
	3.9898 3.86965,
	4.01623 3.85313,
	"/>
<Contour name="d01c03ax01_ssvr" hidden="false" closed="true" simplified="false" border="0 1 0.501961" fill="1 0 0.5" mode="11"
 points="3.58906 3.62997,
	3.60573 3.62997,
	3.5974 3.64525,
	"/>
<Contour name="d01c03ax01_ssvr" hidden="false" closed="true" simplified="false" border="0 1 0.501961" fill="1 0 0.5" mode="11"
 points="3.59184 3.55775,
	3.60851 3.55775,
	3.60017 3.57303,
	"/>
<Contour name="d01c03ax01_ssvr" hidden="false" closed="true" simplified="false" border="0 1 0.501961" fill="1 0 0.5" mode="11"
 points="3.53767 3.57442,
	3.55434 3.57442,
	3.54601 3.58969,
	"/>
<Contour name="d01c03ax01_ssvr" hidden="false" closed="true" simplified="false" border="0 1 0.501961" fill="1 0 0.5" mode="11"
 points="3.55017 3.50358,
	3.56684 3.50358,
	3.55851 3.51886,
	"/>
<Contour name="d01c03ax01_ssvr" hidden="false" closed="true" simplified="false" border="0 1 0.501961" fill="1 0 0.5" mode="11"
 points="3.52934 3.44525,
	3.54601 3.44525,
	3.53767 3.46053,
	"/>
<Contour name="d01c03ax01_ssvr" hidden="false" closed="true" simplified="false" border="0 1 0.501961" fill="1 0 0.5" mode="11"
 points="3.46545 3.48136,
	3.48212 3.48136,
	3.47378 3.49664,
	"/>
<Contour name="d01c03ax01_ssvr" hidden="false" closed="true" simplified="false" border="0 1 0.501961" fill="1 0 0.5" mode="11"
 points="3.6474 3.56469,
	3.66406 3.56469,
	3.65573 3.57997,
	"/>
<Contour name="d01c03ax01_ssvr" hidden="false" closed="true" simplified="false" border="0 1 0.501961" fill="1 0 0.5" mode="11"
 points="3.64045 3.61469,
	3.65712 3.61469,
	3.64879 3.62997,
	"/>
<Contour name="d03" hidden="false" closed="true" simplified="true" border="1 1 0" fill="1 1 0.501961" mode="11"
 points="5.14562 4.26502,
	5.15149 4.21806,
	5.15149 4.19458,
	5.15736 4.17109,
	5.15736 4.14761,
	5.15736 4.13587,
	5.16323 4.12413,
	5.16323 4.11239,
	5.18084 4.09184,
	5.18965 4.08303,
	5.21313 4.08303,
	5.22487 4.08597,
	5.23368 4.0801,
	5.24542 4.08303,
	5.28652 4.12119,
	5.31587 4.16522,
	5.32467 4.17696,
	5.33055 4.20045,
	5.32761 4.22393,
	5.32761 4.2298,
	5.31 4.25328,
	5.30119 4.27676,
	5.30706 4.32373,
	5.30119 4.37069,
	5.29239 4.39418,
	5.28064 4.40298,
	5.2689 4.40592,
	5.25716 4.40298,
	5.2102 4.36482,
	5.17497 4.32079,
	5.15736 4.30025,
	5.14856 4.28851,
	5.14562 4.26796,
	"/>
<Contour name="d03cfa10Bax61" hidden="false" closed="false" simplified="false" border="0 1 1" fill="0 1 1" mode="-9"
 points="5.14581 4.29835,
	5.14581 4.26312,
	5.14874 4.2279,
	5.15755 4.16332,
	"/>
<Contour name="d03" hidden="false" closed="true" simplified="true" border="1 1 0" fill="1 1 0.501961" mode="11"
 points="5.16176 3.91256,
	5.17059 3.86542,
	5.18238 3.84185,
	5.22363 3.8065,
	5.27077 3.77998,
	5.29434 3.77704,
	5.30612 3.77704,
	5.32969 3.79766,
	5.33264 3.82123,
	5.33264 3.82712,
	5.30907 3.8448,
	5.26193 3.85953,
	5.25603 3.85953,
	5.24425 3.86837,
	5.23247 3.87132,
	5.21184 3.88899,
	5.203 3.89783,
	5.20006 3.9214,
	5.20595 3.93319,
	5.21773 3.94497,
	5.26487 3.97149,
	5.27666 3.97443,
	5.30023 3.97149,
	5.3238 3.97443,
	5.32969 3.97149,
	5.35326 3.97738,
	5.36504 3.98033,
	5.38567 3.9597,
	5.39745 3.94792,
	5.40924 3.94203,
	5.41513 3.93613,
	5.46227 3.93908,
	5.50941 3.93024,
	5.55655 3.93319,
	5.56833 3.93908,
	5.57423 3.94497,
	5.58012 3.94497,
	5.60369 3.9597,
	5.60958 3.9656,
	5.62136 3.96854,
	5.64493 3.98622,
	5.65377 3.998,
	5.66556 4.04514,
	5.65967 4.09228,
	5.64788 4.09818,
	5.64199 4.10407,
	5.6302 4.10701,
	5.58306 4.13353,
	5.57128 4.14237,
	5.55949 4.14531,
	5.53592 4.16299,
	5.52414 4.17183,
	5.51235 4.17478,
	5.48879 4.18951,
	5.477 4.19245,
	5.46522 4.20129,
	5.41808 4.21013,
	5.39451 4.21013,
	5.37094 4.1954,
	5.33558 4.15121,
	5.3238 4.13942,
	5.31201 4.11585,
	5.30907 4.10407,
	5.29434 4.0805,
	5.25603 4.03925,
	5.25014 4.02747,
	5.22657 4.00979,
	5.21479 4.00684,
	5.203 3.998,
	5.19122 3.99506,
	5.17059 3.97443,
	5.16176 3.95086,
	5.16176 3.92729,
	5.16176 3.91551,
	"/>
<Contour name="d04" hidden="false" closed="true" simplified="true" border="1 0 0" fill="1 0 0" mode="9"
 points="5.57916 3.90641,
	5.58517 3.8984,
	5.58917 3.89439,
	5.6052 3.88838,
	5.63725 3.89039,
	5.70136 3.88838,
	5.71738 3.88838,
	5.7254 3.88838,
	5.74142 3.88037,
	5.74944 3.87837,
	5.75344 3.87636,
	5.76947 3.87837,
	5.78349 3.88838,
	5.79351 3.90441,
	5.80753 3.91843,
	5.83758 3.93245,
	5.86963 3.93245,
	5.90169 3.92644,
	5.9097 3.92444,
	5.91371 3.92043,
	5.97781 3.9024,
	5.98582 3.9004,
	6.01587 3.87636,
	6.04192 3.84631,
	6.04993 3.83029,
	6.05995 3.81827,
	6.08198 3.78621,
	6.094 3.77219,
	6.09801 3.76418,
	6.10201 3.76017,
	6.10201 3.75616,
	6.11604 3.74214,
	6.13206 3.74014,
	6.14809 3.74214,
	6.2122 3.76217,
	6.24425 3.76818,
	6.2763 3.76618,
	6.30835 3.76818,
	6.32438 3.7782,
	6.3344 3.79423,
	6.3364 3.80224,
	6.3344 3.81025,
	6.32037 3.82428,
	6.28832 3.84431,
	6.2743 3.85833,
	6.27229 3.86635,
	6.2743 3.87436,
	6.28632 3.89039,
	6.28431 3.89439,
	6.25226 3.90441,
	6.23624 3.91042,
	6.22021 3.92043,
	6.17614 3.98254,
	6.1561 4.01259,
	6.14809 4.0206,
	6.13206 4.02861,
	6.11604 4.03062,
	6.10001 4.02861,
	6.092 4.02861,
	6.07597 4.0206,
	6.07197 4.0206,
	6.04192 4.00257,
	6.00986 3.98855,
	6.00185 3.98654,
	5.99384 3.98053,
	5.98582 3.97853,
	5.9698 3.96851,
	5.95377 3.9625,
	5.94976 3.9625,
	5.94576 3.9585,
	5.92973 3.95649,
	5.92172 3.95649,
	5.90569 3.95048,
	5.87364 3.95249,
	5.85761 3.95449,
	5.8496 3.95449,
	5.84159 3.9585,
	5.82556 3.9605,
	5.81755 3.9625,
	5.81354 3.96651,
	5.78149 3.97252,
	5.76546 3.97052,
	5.73341 3.95449,
	5.71738 3.94648,
	5.70937 3.94247,
	5.64527 3.95449,
	5.62924 3.95649,
	5.61321 3.95449,
	5.59719 3.94247,
	5.58517 3.92644,
	5.57916 3.91843,
	5.57916 3.91042,
	5.57916 3.90841,
	"/>
<Contour name="d03p06" hidden="false" closed="true" simplified="false" border="0 0 1" fill="0 0 1" mode="-9"
 points="4.76884 3.19005,
	4.75488 3.17609,
	4.76884 3.16214,
	4.7828 3.17609,
	"/>
<Contour name="d04p06" hidden="false" closed="true" simplified="false" border="0 0 1" fill="0 0 1" mode="-9"
 points="4.54313 3.76831,
	4.5318 3.75699,
	4.54313 3.74566,
	4.55445 3.75699,
	"/>
<Contour name="d04p07" hidden="false" closed="true" simplified="false" border="1 0 1" fill="1 0 1" mode="-9"
 points="4.96542 3.57254,
	4.96542 3.56607,
	4.97189 3.55959,
	4.97837 3.55959,
	4.98484 3.56607,
	4.98484 3.57254,
	4.97837 3.57901,
	4.97189 3.57901,
	"/>
</Transform>

<Transform dim="0"
 xcoef=" 0 1 0 0 0 0"
 ycoef=" 0 0 1 0 0 0">
<Contour name="ax58" comment="LK bouton trace named after cfa" hidden="false" closed="true" simplified="true" border="0 1 1" fill="0.502 1 1" mode="9"
 points="5.35521 4.31411,
	5.35657 4.30322,
	5.37426 4.28145,
	5.38379 4.27056,
	5.38651 4.25967,
	5.38651 4.24878,
	5.39059 4.2379,
	5.3974 4.22701,
	5.40012 4.22157,
	5.42189 4.20387,
	5.46544 4.19571,
	5.48722 4.1889,
	5.50899 4.18618,
	5.51988 4.18482,
	5.53077 4.18074,
	5.53621 4.17938,
	5.5471 4.17257,
	5.54982 4.17257,
	5.5716 4.16032,
	5.58248 4.15352,
	5.5852 4.15352,
	5.60698 4.14127,
	5.65053 4.12358,
	5.66142 4.12222,
	5.68319 4.1263,
	5.69408 4.13038,
	5.71449 4.14535,
	5.71721 4.14535,
	5.7281 4.15488,
	5.73627 4.16577,
	5.73899 4.17665,
	5.73491 4.19843,
	5.73354 4.20387,
	5.72946 4.20932,
	5.72538 4.2202,
	5.71721 4.23109,
	5.70496 4.25287,
	5.69408 4.26375,
	5.68999 4.2692,
	5.68727 4.28008,
	5.68047 4.29097,
	5.67775 4.29369,
	5.66958 4.31547,
	5.65869 4.33724,
	5.64372 4.35766,
	5.6342 4.36718,
	5.62331 4.37399,
	5.61787 4.37807,
	5.60698 4.38215,
	5.59609 4.38351,
	5.59065 4.38488,
	5.56887 4.38351,
	5.55799 4.38215,
	5.5471 4.38351,
	5.52532 4.37671,
	5.51444 4.37263,
	5.50355 4.37127,
	5.49811 4.37127,
	5.49538 4.36854,
	5.47361 4.35902,
	5.45183 4.34133,
	5.44095 4.33588,
	5.4355 4.33316,
	5.39195 4.3318,
	5.37018 4.33044,
	5.35929 4.32363,
	5.35521 4.31819,
	5.35521 4.31547,
	"/>
</Transform>

<Transform dim="0"
 xcoef=" 0 1 0 0 0 0"
 ycoef=" 0 0 1 0 0 0">
<Contour name="ax01" comment="LK bouton trace named after cfa" hidden="false" closed="true" simplified="true" border="0 1 1" fill="0.502 1 1" mode="9"
 points="3.22879 3.53669,
	3.23117 3.52718,
	3.24781 3.50935,
	3.3227 3.45704,
	3.33221 3.45347,
	3.35123 3.44277,
	3.35599 3.44277,
	3.37501 3.43207,
	3.38452 3.42494,
	3.40354 3.40592,
	3.40711 3.40116,
	3.40949 3.39879,
	3.41305 3.39047,
	3.419 3.38214,
	3.42851 3.3762,
	3.44753 3.36907,
	3.46655 3.35837,
	3.48557 3.35718,
	3.49508 3.35718,
	3.49984 3.35956,
	3.50935 3.36075,
	3.51886 3.35956,
	3.52361 3.35956,
	3.52599 3.35956,
	3.5355 3.35361,
	3.54025 3.34886,
	3.54976 3.34529,
	3.55452 3.34648,
	3.5569 3.34648,
	3.57473 3.36431,
	3.589 3.38333,
	3.59375 3.40235,
	3.59494 3.40711,
	3.59851 3.41186,
	3.59969 3.41662,
	3.60802 3.42375,
	3.61039 3.42375,
	3.6199 3.4297,
	3.62466 3.43207,
	3.64368 3.43564,
	3.6627 3.44277,
	3.66508 3.44277,
	3.68291 3.45942,
	3.69361 3.47844,
	3.69837 3.48795,
	3.70074 3.49746,
	3.70431 3.50221,
	3.7055 3.50697,
	3.71501 3.51648,
	3.72333 3.52361,
	3.73284 3.52599,
	3.74235 3.53074,
	3.74711 3.53431,
	3.75186 3.54263,
	3.75424 3.54739,
	3.75543 3.56641,
	3.75424 3.57592,
	3.74711 3.59494,
	3.73403 3.61396,
	3.72809 3.63298,
	3.72452 3.652,
	3.72333 3.66151,
	3.72452 3.67102,
	3.72927 3.68053,
	3.73403 3.68529,
	3.73641 3.69004,
	3.73641 3.69955,
	3.73522 3.70431,
	3.72809 3.71263,
	3.71857 3.71501,
	3.69955 3.7162,
	3.69004 3.71739,
	3.68529 3.71739,
	3.67578 3.72095,
	3.67102 3.72452,
	3.652 3.72809,
	3.64725 3.72809,
	3.62823 3.7162,
	3.6092 3.71144,
	3.57116 3.70788,
	3.55333 3.69718,
	3.54382 3.69123,
	3.53431 3.68885,
	3.52956 3.68885,
	3.52718 3.68767,
	3.50816 3.68885,
	3.48914 3.68767,
	3.48438 3.68529,
	3.47963 3.68529,
	3.4606 3.67816,
	3.44158 3.67578,
	3.42256 3.67697,
	3.41781 3.67697,
	3.4083 3.6841,
	3.40354 3.68767,
	3.39879 3.68885,
	3.39641 3.69123,
	3.39403 3.69123,
	3.38928 3.6948,
	3.37977 3.69361,
	3.37026 3.69004,
	3.35242 3.67221,
	3.35005 3.66746,
	3.33221 3.64962,
	3.32984 3.64725,
	3.32746 3.64725,
	3.30963 3.63298,
	3.30249 3.62466,
	3.30012 3.61515,
	3.29179 3.59613,
	3.28823 3.58662,
	3.28823 3.57711,
	3.28347 3.5676,
	3.2811 3.56522,
	3.26207 3.56165,
	3.25256 3.55809,
	3.24781 3.5569,
	3.2383 3.55095,
	3.23117 3.54144,
	3.22879 3.53907,
	3.22879 3.53788,
	"/>
</Transform>

<Transform dim="0"
 xcoef=" 0 1 0 0 0 0"
 ycoef=" 0 0 1 0 0 0">
<Contour name="d01c05ax03_ssvr" hidden="false" closed="true" simplified="false" border="0 1 0.501961" fill="0 0 1" mode="11"
 points="3.8994 5.42458,
	3.88819 5.41337,
	3.8994 5.40217,
	3.91061 5.41337,
	"/>
<Contour name="d01c05ax03_ssvr" hidden="false" closed="true" simplified="false" border="0 1 0.501961" fill="0 0 1" mode="11"
 points="3.80976 5.33173,
	3.79855 5.32053,
	3.80976 5.30932,
	3.82096 5.32053,
	"/>
<Contour name="d01c05ax03_ssvr" hidden="false" closed="true" simplified="false" border="0 1 0.501961" fill="0 0 1" mode="11"
 points="3.77614 5.34934,
	3.76493 5.33814,
	3.77614 5.32693,
	3.78734 5.33814,
	"/>
<Contour name="d01c05ax03_ssvr" hidden="false" closed="true" simplified="false" border="0 1 0.501961" fill="0 0 1" mode="11"
 points="3.70891 5.34774,
	3.6977 5.33653,
	3.70891 5.32533,
	3.72011 5.33653,
	"/>
<Contour name="d01c05ax03_ssvr" hidden="false" closed="true" simplified="false" border="0 1 0.501961" fill="0 0 1" mode="11"
 points="3.7041 5.38136,
	3.6929 5.37015,
	3.7041 5.35895,
	3.71531 5.37015,
	"/>
<Contour name="d01c05ax03_ssvr" hidden="false" closed="true" simplified="false" border="0 1 0.501961" fill="0 0 1" mode="11"
 points="3.76814 5.50622,
	3.75693 5.49501,
	3.76814 5.48381,
	3.77934 5.49501,
	"/>
<Contour name="d01c05ax03_ssvr" hidden="false" closed="true" simplified="false" border="0 1 0.501961" fill="0 0 1" mode="11"
 points="3.73452 5.53503,
	3.72331 5.52383,
	3.73452 5.51262,
	3.74572 5.52383,
	"/>
<Contour name="d01c05ax03_ssvr" hidden="false" closed="true" simplified="false" border="0 1 0.501961" fill="0 0 1" mode="11"
 points="3.59685 5.4662,
	3.58564 5.45499,
	3.59685 5.44379,
	3.60806 5.45499,
	"/>
<Contour name="d01c05ax03_ssvr" hidden="false" closed="true" simplified="false" border="0 1 0.501961" fill="0 0 1" mode="11"
 points="3.55523 5.42938,
	3.54402 5.41818,
	3.55523 5.40697,
	3.56644 5.41818,
	"/>
<Contour name="d01c05ax03_ssvr" hidden="false" closed="true" simplified="false" border="0 1 0.501961" fill="0 0 1" mode="11"
 points="3.64487 5.38776,
	3.63367 5.37655,
	3.64487 5.36535,
	3.65608 5.37655,
	"/>
<Contour name="d01c05ax03_ssvr" hidden="false" closed="true" simplified="false" border="0 1 0.501961" fill="0 0 1" mode="11"
 points="3.66088 5.35094,
	3.64968 5.33974,
	3.66088 5.32853,
	3.67209 5.33974,
	"/>
<Contour name="d01c05ax03_ssvr" hidden="false" closed="true" simplified="false" border="0 1 0.501961" fill="0 0 1" mode="11"
 points="3.67369 5.31893,
	3.66248 5.30772,
	3.67369 5.29651,
	3.68489 5.30772,
	"/>
<Contour name="d01c05ax03_ssvr" hidden="false" closed="true" simplified="false" border="0 1 0.501961" fill="0 0 1" mode="11"
 points="3.68329 5.21007,
	3.67209 5.19887,
	3.68329 5.18766,
	3.6945 5.19887,
	"/>
<Contour name="d01c05ax03_ssvr" hidden="false" closed="true" simplified="false" border="0 1 0.501961" fill="0 0 1" mode="11"
 points="3.52161 5.2565,
	3.51041 5.24529,
	3.52161 5.23408,
	3.53282 5.24529,
	"/>
</Transform>

<Transform dim="0"
 xcoef=" 0 1 0 0 0 0"
 ycoef=" 0 0 1 0 0 0">
<Contour name="ax03" comment="LK bouton trace named after cfa" hidden="false" closed="true" simplified="true" border="0 1 1" fill="0.502 1 1" mode="9"
 points="3.36454 4.96197,
	3.36805 4.95075,
	3.37366 4.94093,
	3.37647 4.93532,
	3.39259 4.91288,
	3.3961 4.90727,
	3.40522 4.89605,
	3.40942 4.89044,
	3.43046 4.8687,
	3.44659 4.84626,
	3.4536 4.83504,
	3.455 4.83504,
	3.45641 4.83364,
	3.46763 4.83154,
	3.47885 4.83364,
	3.49007 4.83995,
	3.51251 4.85608,
	3.52373 4.8645,
	3.52934 4.868,
	3.53214 4.8694,
	3.53354 4.87081,
	3.53495 4.87081,
	3.54056 4.87431,
	3.54336 4.87501,
	3.54617 4.87712,
	3.54757 4.87712,
	3.55318 4.88062,
	3.55879 4.88273,
	3.57001 4.88974,
	3.59245 4.90026,
	3.60367 4.90587,
	3.62611 4.91498,
	3.63733 4.92059,
	3.64294 4.9241,
	3.65135 4.93532,
	3.65486 4.94093,
	3.65907 4.95215,
	3.65766 4.97459,
	3.65556 4.98581,
	3.65416 5.00825,
	3.65486 5.03069,
	3.65696 5.0363,
	3.65766 5.0391,
	3.65977 5.04191,
	3.66327 5.05313,
	3.66608 5.05874,
	3.66678 5.06154,
	3.67029 5.06715,
	3.67239 5.07276,
	3.67239 5.07417,
	3.67449 5.07627,
	3.678 5.08749,
	3.6801 5.0931,
	3.69062 5.10362,
	3.69623 5.10642,
	3.70184 5.11063,
	3.70955 5.12185,
	3.71587 5.13307,
	3.71867 5.13868,
	3.72288 5.14429,
	3.72428 5.14709,
	3.7355 5.15831,
	3.74041 5.16392,
	3.75163 5.17304,
	3.77056 5.19548,
	3.77477 5.20109,
	3.81965 5.22072,
	3.83087 5.22493,
	3.85331 5.22914,
	3.86453 5.22984,
	3.88697 5.23475,
	3.89819 5.23826,
	3.9038 5.23966,
	3.92624 5.25158,
	3.93746 5.2607,
	3.98234 5.30347,
	3.99356 5.31399,
	3.99636 5.31679,
	4.01179 5.33923,
	4.0181 5.35045,
	4.0209 5.35606,
	4.02651 5.3785,
	4.02792 5.38411,
	4.02722 5.39533,
	4.02651 5.40094,
	4.02581 5.40375,
	4.02722 5.40936,
	4.02581 5.42058,
	4.02231 5.4318,
	4.0195 5.43741,
	4.0181 5.44021,
	4.00688 5.44722,
	4.00407 5.44863,
	3.98164 5.45213,
	3.97042 5.45564,
	3.9592 5.46125,
	3.95359 5.46476,
	3.95078 5.46616,
	3.92834 5.4879,
	3.91712 5.49491,
	3.91432 5.49701,
	3.9031 5.49771,
	3.89749 5.49771,
	3.89188 5.49631,
	3.88066 5.49631,
	3.87505 5.49771,
	3.86663 5.50823,
	3.86032 5.51945,
	3.8491 5.52927,
	3.84349 5.53278,
	3.82105 5.53628,
	3.79861 5.53839,
	3.78739 5.53979,
	3.78178 5.54049,
	3.77898 5.54119,
	3.77617 5.544,
	3.77477 5.544,
	3.75233 5.56153,
	3.74111 5.56854,
	3.7355 5.57205,
	3.72989 5.57415,
	3.70745 5.57415,
	3.69623 5.57555,
	3.67379 5.57345,
	3.65135 5.57275,
	3.62891 5.56644,
	3.6233 5.56363,
	3.61769 5.56223,
	3.60647 5.56153,
	3.59525 5.55732,
	3.58403 5.55101,
	3.57281 5.53979,
	3.55598 5.51735,
	3.55037 5.50613,
	3.54617 5.50052,
	3.53495 5.4893,
	3.51601 5.46686,
	3.49427 5.44442,
	3.48305 5.4332,
	3.46482 5.41076,
	3.45571 5.39954,
	3.4515 5.39393,
	3.44028 5.37149,
	3.43116 5.34905,
	3.42345 5.32661,
	3.42135 5.321,
	3.41924 5.30978,
	3.41784 5.28734,
	3.41784 5.27612,
	3.41784 5.27051,
	3.42485 5.24807,
	3.43537 5.22563,
	3.43888 5.21441,
	3.44939 5.19197,
	3.4543 5.18075,
	3.4543 5.17514,
	3.4522 5.16953,
	3.44168 5.15902,
	3.43046 5.1499,
	3.42485 5.14569,
	3.40452 5.12325,
	3.39961 5.11764,
	3.39259 5.10642,
	3.39119 5.10362,
	3.39119 5.10222,
	3.38979 5.10081,
	3.38558 5.07837,
	3.38558 5.07697,
	3.38418 5.07557,
	3.38348 5.06996,
	3.38137 5.06435,
	3.38137 5.05874,
	3.37717 5.0363,
	3.37366 5.02508,
	3.37156 5.01947,
	3.36945 5.00825,
	3.36805 5.00544,
	3.36735 4.99983,
	3.36525 4.99422,
	3.36454 4.97178,
	3.36454 4.96617,
	3.36454 4.96337,
	3.36454 4.96267,
	"/>
</Transform>

<Transform dim="1"
 xcoef=" 0.01 1 0 0 0 0"
 ycoef=" 0 0 1 0 0 0">
<Contour name="d01c05ax03_ssvr" hidden="false" closed="true" simplified="false" border="0 1 0.501961" fill="0 0 1" mode="11"
 points="3.64648 5.49341,
	3.63527 5.48221,
	3.64648 5.471,
	3.65768 5.48221,
	"/>
</Transform>

<Transform dim="1"
 xcoef=" 0 1 0 0 0 0"
 ycoef=" -0.01 0 1 0 0 0">
<Contour name="d01c05ax03_ssvr" hidden="false" closed="true" simplified="false" border="0 1 0.501961" fill="0 0 1" mode="11"
 points="3.76173 5.28371,
	3.75053 5.2725,
	3.76173 5.2613,
	3.77294 5.2725,
	"/>
</Transform>

<Transform dim="1"
 xcoef=" -0.02 1 0 0 0 0"
 ycoef=" 0.02 0 1 0 0 0">
<Contour name="d01c05ax03_ssvr" hidden="false" closed="true" simplified="false" border="0 1 0.501961" fill="0 0 1" mode="11"
 points="3.76173 5.28371,
	3.75053 5.2725,
	3.76173 5.2613,
	3.77294 5.2725,
	"/>
</Transform>

<Transform dim="1"
 xcoef=" 0 1 0 0 0 0"
 ycoef=" -0.02 0 1 0 0 0">
<Contour name="d01c05ax03_ssvr" hidden="false" closed="true" simplified="false" border="0 1 0.501961" fill="0 0 1" mode="11"
 points="3.72011 5.2757,
	3.70891 5.2645,
	3.72011 5.25329,
	3.73132 5.2645,
	"/>
</Transform>

<Transform dim="1"
 xcoef=" 0 1 0 0 0 0"
 ycoef=" 0.02 0 1 0 0 0">
<Contour name="d01c05ax03_ssvr" hidden="false" closed="true" simplified="false" border="0 1 0.501961" fill="0 0 1" mode="11"
 points="3.72011 5.2757,
	3.70891 5.2645,
	3.72011 5.25329,
	3.73132 5.2645,
	"/>
</Transform>

<Transform dim="1"
 xcoef=" 0 1 0 0 0 0"
 ycoef=" 0.01 0 1 0 0 0">
<Contour name="d01c05ax03_ssvr" hidden="false" closed="true" simplified="false" border="0 1 0.501961" fill="0 0 1" mode="11"
 points="3.58725 5.41657,
	3.57604 5.40537,
	3.58725 5.39416,
	3.59845 5.40537,
	"/>
</Transform>

<Transform dim="1"
 xcoef=" -0.04 1 0 0 0 0"
 ycoef=" -0.02 0 1 0 0 0">
<Contour name="d01c05ax03_ssvr" hidden="false" closed="true" simplified="false" border="0 1 0.501961" fill="0 0 1" mode="11"
 points="3.58725 5.41657,
	3.57604 5.40537,
	3.58725 5.39416,
	3.59845 5.40537,
	"/>
</Transform>

<Transform dim="1"
 xcoef=" 0.02 1 0 0 0 0"
 ycoef=" 0.01 0 1 0 0 0">
<Contour name="d01c05ax03_ssvr" hidden="false" closed="true" simplified="false" border="0 1 0.501961" fill="0 0 1" mode="11"
 points="3.7025 5.4662,
	3.6913 5.45499,
	3.7025 5.44379,
	3.71371 5.45499,
	"/>
</Transform>

<Transform dim="1"
 xcoef=" 0.02 1 0 0 0 0"
 ycoef=" 0 0 1 0 0 0">
<Contour name="d01c05ax03_ssvr" hidden="false" closed="true" simplified="false" border="0 1 0.501961" fill="0 0 1" mode="11"
 points="3.75533 5.4774,
	3.74412 5.4662,
	3.75533 5.45499,
	3.76653 5.4662,
	"/>
</Transform>

<Transform dim="1"
 xcoef=" -0.01 1 0 0 0 0"
 ycoef=" 0 0 1 0 0 0">
<Contour name="d01c05ax03_ssvr" hidden="false" closed="true" simplified="false" border="0 1 0.501961" fill="0 0 1" mode="11"
 points="3.72972 5.42458,
	3.71851 5.41337,
	3.72972 5.40217,
	3.74092 5.41337,
	"/>
</Transform>

<Transform dim="1"
 xcoef=" 0.01 1 0 0 0 0"
 ycoef=" 0.01 0 1 0 0 0">
<Contour name="d01c05ax03_ssvr" hidden="false" closed="true" simplified="false" border="0 1 0.501961" fill="0 0 1" mode="11"
 points="3.82736 5.42618,
	3.81616 5.41497,
	3.82736 5.40377,
	3.83857 5.41497,
	"/>
</Transform>

<Transform dim="1"
 xcoef=" -0.02 1 0 0 0 0"
 ycoef=" 0.03 0 1 0 0 0">
<Contour name="d01c05ax03_ssvr" hidden="false" closed="true" simplified="false" border="0 1 0.501961" fill="0 0 1" mode="11"
 points="3.83057 5.38136,
	3.81936 5.37015,
	3.83057 5.35895,
	3.84177 5.37015,
	"/>
</Transform>

<Transform dim="1"
 xcoef=" -0.01 1 0 0 0 0"
 ycoef=" 0.01 0 1 0 0 0">
<Contour name="d01c05ax03_ssvr" hidden="false" closed="true" simplified="false" border="0 1 0.501961" fill="0 0 1" mode="11"
 points="3.82057 5.38136,
	3.80936 5.37015,
	3.82057 5.35895,
	3.83177 5.37015,
	"/>
</Transform>

<Transform dim="0"
 xcoef=" 0 1 0 0 0 0"
 ycoef=" 0 0 1 0 0 0">
<Contour name="d01c05ax03_ssvr" hidden="false" closed="true" simplified="false" border="0 1 0.501961" fill="0 0 1" mode="11"
 points="3.84778 5.43418,
	3.83657 5.42298,
	3.84778 5.41177,
	3.85899 5.42298,
	"/>
</Transform>

<Transform dim="1"
 xcoef=" -0.01 1 0 0 0 0"
 ycoef=" 0.04 0 1 0 0 0">
<Contour name="d01c05ax03_ssvr" hidden="false" closed="true" simplified="false" border="0 1 0.501961" fill="0 0 1" mode="11"
 points="3.84778 5.43418,
	3.83657 5.42298,
	3.84778 5.41177,
	3.85899 5.42298,
	"/>
</Transform>

<Transform dim="0"
 xcoef=" 0 1 0 0 0 0"
 ycoef=" 0 0 1 0 0 0">
<Contour name="d01c05ax03_ssvr" hidden="false" closed="true" simplified="false" border="0 1 0.501961" fill="0 0 1" mode="11"
 points="3.65768 5.52703,
	3.64648 5.51582,
	3.65768 5.50462,
	3.66889 5.51582,
	"/>
</Transform>

<Transform dim="1"
 xcoef=" -0.04 1 0 0 0 0"
 ycoef=" 0.02 0 1 0 0 0">
<Contour name="d01c05ax03_ssvr" hidden="false" closed="true" simplified="false" border="0 1 0.501961" fill="0 0 1" mode="11"
 points="3.65768 5.52703,
	3.64648 5.51582,
	3.65768 5.50462,
	3.66889 5.51582,
	"/>
</Transform>

<Transform dim="0"
 xcoef=" 0 1 0 0 0 0"
 ycoef=" 0 0 1 0 0 0">
<Contour name="d01c05ax03_ssvr" hidden="false" closed="true" simplified="false" border="0 1 0.501961" fill="0 0 1" mode="11"
 points="3.61606 5.35735,
	3.60485 5.34614,
	3.61606 5.33493,
	3.62727 5.34614,
	"/>
</Transform>

<Transform dim="1"
 xcoef=" 0.01 1 0 0 0 0"
 ycoef=" 0 0 1 0 0 0">
<Contour name="d01c05ax03_ssvr" hidden="false" closed="true" simplified="false" border="0 1 0.501961" fill="0 0 1" mode="11"
 points="3.64808 5.22288,
	3.63687 5.21167,
	3.64808 5.20047,
	3.65928 5.21167,
	"/>
</Transform>

<Transform dim="0"
 xcoef=" 0 1 0 0 0 0"
 ycoef=" 0 0 1 0 0 0">
<Contour name="d01c05ax03_ssvr" hidden="false" closed="true" simplified="false" border="0 1 0.501961" fill="0 0 1" mode="11"
 points="3.57606 5.31735,
	3.56485 5.30614,
	3.57606 5.29493,
	3.58727 5.30614,
	"/>
</Transform>

<Transform dim="1"
 xcoef=" 0.02 1 0 0 0 0"
 ycoef=" -0.04 0 1 0 0 0">
<Contour name="d01c05ax03_ssvr" hidden="false" closed="true" simplified="false" border="0 1 0.501961" fill="0 0 1" mode="11"
 points="3.57606 5.31735,
	3.56485 5.30614,
	3.57606 5.29493,
	3.58727 5.30614,
	"/>
</Transform>

<Transform dim="1"
 xcoef=" 0.05 1 0 0 0 0"
 ycoef=" 3.46944695195361e-18 0 1 0 0 0">
<Contour name="d01c05ax03_ssvr" hidden="false" closed="true" simplified="false" border="0 1 0.501961" fill="0 0 1" mode="11"
 points="3.57606 5.31735,
	3.56485 5.30614,
	3.57606 5.29493,
	3.58727 5.30614,
	"/>
</Transform>

<Transform dim="0"
 xcoef=" 0 1 0 0 0 0"
 ycoef=" 0 0 1 0 0 0">
<Contour name="KZ_d01ax05" comment="LK bouton trace named after cfa" hidden="false" closed="true" simplified="true" border="0 1 1" fill="0.502 1 1" mode="11"
 points="3.35947 4.96453,
	3.36043 4.96068,
	3.36718 4.95297,
	3.36814 4.9549,
	3.36236 4.9626,
	3.3614 4.96453,
	"/>
</Transform>

<Transform dim="0"
 xcoef=" 0 1 0 0 0 0"
 ycoef=" 0 0 1 0 0 0">
<Contour name="KZ_d01ax05" comment="LK bouton trace named after cfa" hidden="false" closed="true" simplified="true" border="0 1 1" fill="0.502 1 1" mode="11"
 points="3.36042 4.9708,
	3.36909 4.95539,
	3.3739 4.94769,
	3.38065 4.93998,
	3.39991 4.90916,
	3.40569 4.89375,
	3.41628 4.87834,
	3.43073 4.86293,
	3.44614 4.84945,
	3.45385 4.84463,
	3.4577 4.8427,
	3.47311 4.84078,
	3.48081 4.8427,
	3.48467 4.8427,
	3.50008 4.85233,
	3.51549 4.86678,
	3.5309 4.87738,
	3.54631 4.88605,
	3.55401 4.88893,
	3.56172 4.89375,
	3.56557 4.89568,
	3.56942 4.89568,
	3.57713 4.90049,
	3.59254 4.90531,
	3.59639 4.90531,
	3.6118 4.91109,
	3.61951 4.91205,
	3.63492 4.91976,
	3.65033 4.93035,
	3.65803 4.93806,
	3.66189 4.94191,
	3.66381 4.95732,
	3.66189 4.98814,
	3.66092 5.00355,
	3.66189 5.01896,
	3.66477 5.02666,
	3.66574 5.04207,
	3.66863 5.05749,
	3.66959 5.06519,
	3.6773 5.0806,
	3.68018 5.08831,
	3.6956 5.10275,
	3.69945 5.10661,
	3.70715 5.10853,
	3.72256 5.10853,
	3.73797 5.11142,
	3.76879 5.13743,
	3.77265 5.14032,
	3.78035 5.15573,
	3.7842 5.16343,
	3.78709 5.17884,
	3.78709 5.19425,
	3.78806 5.1981,
	3.80347 5.20485,
	3.81888 5.20966,
	3.82658 5.21159,
	3.83044 5.21352,
	3.83814 5.21352,
	3.84585 5.2164,
	3.87667 5.23374,
	3.89208 5.24048,
	3.90749 5.24434,
	3.9229 5.24626,
	3.9306 5.25108,
	3.94601 5.26456,
	3.99995 5.3262,
	4.00958 5.34161,
	4.02403 5.37243,
	4.02884 5.38784,
	4.02981 5.3917,
	4.04522 5.40229,
	4.05292 5.40903,
	4.05389 5.41674,
	4.04811 5.43215,
	4.04329 5.43985,
	4.03655 5.44756,
	4.02114 5.4543,
	3.99032 5.46297,
	3.9595 5.46971,
	3.94409 5.47164,
	3.92964 5.48705,
	3.92193 5.49283,
	3.89111 5.50727,
	3.88341 5.51113,
	3.868 5.52654,
	3.86029 5.53328,
	3.84488 5.54002,
	3.82947 5.54387,
	3.81406 5.54484,
	3.79865 5.54387,
	3.78324 5.54676,
	3.77554 5.55254,
	3.76013 5.56795,
	3.72931 5.57662,
	3.7216 5.57662,
	3.7139 5.57855,
	3.68307 5.57951,
	3.62143 5.57277,
	3.60602 5.56988,
	3.59832 5.56795,
	3.59061 5.5641,
	3.58291 5.5564,
	3.57617 5.54099,
	3.5386 5.47934,
	3.50971 5.44852,
	3.502 5.44082,
	3.4837 5.41,
	3.46059 5.37918,
	3.44999 5.36377,
	3.4471 5.35991,
	3.44421 5.35221,
	3.44132 5.34836,
	3.43266 5.31753,
	3.42784 5.28671,
	3.42977 5.2713,
	3.42977 5.2636,
	3.43844 5.23278,
	3.45096 5.20196,
	3.45385 5.18655,
	3.45481 5.17884,
	3.45288 5.17114,
	3.4471 5.16343,
	3.41628 5.14513,
	3.41243 5.14128,
	3.40954 5.12587,
	3.40858 5.11816,
	3.39991 5.10275,
	3.39317 5.08734,
	3.38835 5.07193,
	3.38643 5.06423,
	3.37968 5.04882,
	3.37679 5.03341,
	3.36524 5.00259,
	3.36042 4.97177,
	"/>
</Transform>

<Transform dim="1"
 xcoef=" 0.01 1 0 0 0 0"
 ycoef=" 0.01 0 1 0 0 0">
<Contour name="d02" hidden="false" closed="true" simplified="true" border="0.5 0 1" fill="0.5 0 1" mode="9"
 points="2.94022 5.63899,
	2.96748 5.61173,
	2.99864 5.59226,
	3.06095 5.5689,
	3.0921 5.565,
	3.10768 5.56111,
	3.11157 5.5689,
	3.10768 5.57668,
	3.13494 5.58447,
	3.15051 5.58447,
	3.1583 5.58447,
	3.17388 5.59616,
	3.18946 5.60005,
	3.20114 5.61173,
	3.19725 5.64289,
	3.13494 5.69741,
	3.10378 5.71688,
	2.97916 5.72077,
	2.96359 5.71688,
	2.94801 5.7052,
	2.94022 5.68962,
	2.94022 5.65847,
	2.94022 5.64289,
	"/>
</Transform>

<Transform dim="1"
 xcoef=" 0.01 1 0 0 0 0"
 ycoef=" 0 0 1 0 0 0">
<Contour name="d01c05ax03_ssvr" hidden="false" closed="true" simplified="false" border="0 1 0.501961" fill="0 0 1" mode="11"
 points="3.66329 5.26169,
	3.65209 5.25049,
	3.66329 5.23928,
	3.6745 5.25049,
	"/>
</Transform>

<Transform dim="0"
 xcoef=" 0 1 0 0 0 0"
 ycoef=" 0 0 1 0 0 0">
<Contour name="ax62" comment="dch traced 07.2018" hidden="false" closed="true" simplified="true" border="0 1 1" fill="0.502 1 1" mode="9"
 points="7.08341 2.80858,
	7.09641 2.78085,
	7.11634 2.75312,
	7.12154 2.74619,
	7.12847 2.74012,
	7.14234 2.73232,
	7.15534 2.72019,
	7.16487 2.70632,
	7.17267 2.69246,
	7.17874 2.67859,
	7.18827 2.66473,
	7.1926 2.6578,
	7.2056 2.64393,
	7.2186 2.6318,
	7.23246 2.62227,
	7.24633 2.61793,
	7.26019 2.6162,
	7.26713 2.61447,
	7.27406 2.61533,
	7.27753 2.61533,
	7.27926 2.61533,
	7.29312 2.6266,
	7.30439 2.64046,
	7.31825 2.65346,
	7.34599 2.67253,
	7.35985 2.68379,
	7.36505 2.69073,
	7.36852 2.69766,
	7.36938 2.71152,
	7.36852 2.71846,
	7.36852 2.72192,
	7.37198 2.72886,
	7.37545 2.74272,
	7.37632 2.77045,
	7.37545 2.78432,
	7.36592 2.81205,
	7.35465 2.82591,
	7.34772 2.83111,
	7.34425 2.83371,
	7.33732 2.83544,
	7.33039 2.83891,
	7.32345 2.84498,
	7.31392 2.85884,
	7.30006 2.87184,
	7.28619 2.87964,
	7.27233 2.88311,
	7.21686 2.88657,
	7.203 2.88571,
	7.18913 2.88744,
	7.17527 2.89177,
	7.1614 2.89351,
	7.14754 2.89351,
	7.11981 2.88051,
	7.11634 2.87877,
	7.10248 2.86577,
	7.09728 2.85884,
	7.09381 2.85191,
	7.09294 2.84844,
	7.09034 2.84498,
	7.08341 2.81725,
	7.08341 2.81031,
	7.08341 2.80945,
	"/>
</Transform>

<Transform dim="0"
 xcoef=" 0 1 0 0 0 0"
 ycoef=" 0 0 1 0 0 0">
<Contour name="ax02" comment="LK bouton trace named after cfa" hidden="false" closed="true" simplified="true" border="0 1 1" fill="0.502 1 1" mode="9"
 points="4.41079 6.35814,
	4.41552 6.34302,
	4.42024 6.33546,
	4.42213 6.33167,
	4.43726 6.31844,
	4.45238 6.31088,
	4.46751 6.30521,
	4.47507 6.30426,
	4.49019 6.30521,
	4.52044 6.31561,
	4.55069 6.3364,
	4.56581 6.34302,
	4.59606 6.35152,
	4.60362 6.35247,
	4.61875 6.35814,
	4.63387 6.36665,
	4.63765 6.36854,
	4.64521 6.37516,
	4.64899 6.37894,
	4.6575 6.39406,
	4.65656 6.40162,
	4.65656 6.4054,
	4.64994 6.42053,
	4.64616 6.42809,
	4.64049 6.43565,
	4.63671 6.43943,
	4.63293 6.44132,
	4.63009 6.44132,
	4.62442 6.44132,
	4.60929 6.43187,
	4.60173 6.42809,
	4.59795 6.4262,
	4.59606 6.42431,
	4.58094 6.42336,
	4.57337 6.42431,
	4.56581 6.42715,
	4.55069 6.4366,
	4.54407 6.44321,
	4.54029 6.44605,
	4.53651 6.447,
	4.53462 6.44605,
	4.52706 6.44889,
	4.51193 6.44983,
	4.48168 6.44794,
	4.46656 6.44605,
	4.45144 6.43943,
	4.44387 6.43565,
	4.42875 6.42242,
	4.42213 6.40729,
	4.41835 6.39973,
	4.41174 6.36948,
	4.41079 6.36192,
	4.41079 6.35909,
	"/>
</Transform>

<Transform dim="0"
 xcoef=" 0 1 0 0 0 0"
 ycoef=" 0 0 1 0 0 0">
<Contour name="ax04" comment="dch traced 07.2018" hidden="false" closed="true" simplified="true" border="0 1 1" fill="0.502 1 1" mode="9"
 points="6.17546 6.63114,
	6.17763 6.62246,
	6.18848 6.6051,
	6.2015 6.58882,
	6.20584 6.58448,
	6.2091 6.5758,
	6.21018 6.55845,
	6.2091 6.54109,
	6.21018 6.52373,
	6.21235 6.51505,
	6.22103 6.49769,
	6.22645 6.49009,
	6.23513 6.48141,
	6.24164 6.47382,
	6.2449 6.47057,
	6.26226 6.46948,
	6.27094 6.46948,
	6.2883 6.47382,
	6.30566 6.4825,
	6.32193 6.49443,
	6.32627 6.4966,
	6.33495 6.50528,
	6.33929 6.50962,
	6.34905 6.5259,
	6.35231 6.53458,
	6.35448 6.53675,
	6.35448 6.53892,
	6.36641 6.55628,
	6.37292 6.57363,
	6.37509 6.58231,
	6.37401 6.59967,
	6.37292 6.60835,
	6.37292 6.61269,
	6.3675 6.63005,
	6.36424 6.63873,
	6.36207 6.64307,
	6.35773 6.64741,
	6.35339 6.65609,
	6.34688 6.6626,
	6.34254 6.66694,
	6.33386 6.67128,
	6.3165 6.67236,
	6.30782 6.67236,
	6.29915 6.67019,
	6.22971 6.66802,
	6.21235 6.66585,
	6.19499 6.65934,
	6.17872 6.64524,
	6.17546 6.63656,
	6.17546 6.63222,
	"/>
</Transform>

<Transform dim="0"
 xcoef=" 0 1 0 0 0 0"
 ycoef=" 0 0 1 0 0 0">
<Contour name="ax46" comment="dch traced 07.2018" hidden="false" closed="true" simplified="true" border="0 1 1" fill="0.502 1 1" mode="9"
 points="3.79898 7.07969,
	3.81017 7.0541,
	3.82457 7.02851,
	3.83577 7.01731,
	3.85976 7.00291,
	3.86616 7.00131,
	3.89015 6.98692,
	3.91574 6.99651,
	3.92854 7.00131,
	3.93974 7.01091,
	3.94934 7.02371,
	3.94934 7.02691,
	3.95413 7.0333,
	3.95413 7.0365,
	3.96213 7.0493,
	3.96693 7.0557,
	3.98293 7.10688,
	3.99412 7.15807,
	3.99732 7.20926,
	3.99572 7.26044,
	3.99252 7.28604,
	3.99572 7.31163,
	4.00372 7.33722,
	4.00692 7.35002,
	4.00692 7.36282,
	4.00372 7.37561,
	3.99092 7.4012,
	3.98453 7.414,
	3.98293 7.43959,
	3.98932 7.46519,
	3.99252 7.47798,
	4.01012 7.50198,
	4.03251 7.52437,
	4.04371 7.53557,
	4.05011 7.54197,
	4.05811 7.55316,
	4.06131 7.56596,
	4.0645 7.57236,
	4.0629 7.62354,
	4.06131 7.64914,
	4.05971 7.66193,
	4.05491 7.67473,
	4.04371 7.68593,
	4.03091 7.69393,
	4.01812 7.69713,
	3.99252 7.69393,
	3.96693 7.68753,
	3.95413 7.68433,
	3.94774 7.68433,
	3.94454 7.68113,
	3.93814 7.68113,
	3.91255 7.67313,
	3.88695 7.66993,
	3.87416 7.66833,
	3.86776 7.66673,
	3.85656 7.65554,
	3.85176 7.65074,
	3.85176 7.64754,
	3.84856 7.64434,
	3.84536 7.63154,
	3.84376 7.60595,
	3.84216 7.59315,
	3.83737 7.58675,
	3.83257 7.56116,
	3.83417 7.53557,
	3.84216 7.50998,
	3.83897 7.48438,
	3.83097 7.45879,
	3.82937 7.44599,
	3.83097 7.4332,
	3.86136 7.38201,
	3.86776 7.36921,
	3.87096 7.35642,
	3.86936 7.33082,
	3.86936 7.31803,
	3.86456 7.29243,
	3.84856 7.24125,
	3.84536 7.21565,
	3.82457 7.16447,
	3.81817 7.15167,
	3.81337 7.14527,
	3.80377 7.11968,
	3.79898 7.10688,
	3.79898 7.08129,
	"/>
</Transform>

<Transform dim="0"
 xcoef=" 0 1 0 0 0 0"
 ycoef=" 0 0 1 0 0 0">
<Contour name="ax47" comment="dch traced 07.2018" hidden="false" closed="true" simplified="true" border="0 1 1" fill="0.502 1 1" mode="9"
 points="3.10152 4.65677,
	3.10421 4.64241,
	3.106 4.63524,
	3.1078 4.63345,
	3.11139 4.61909,
	3.11318 4.61192,
	3.12036 4.59757,
	3.12215 4.59398,
	3.12215 4.58681,
	3.11766 4.57246,
	3.11766 4.56528,
	3.11766 4.56169,
	3.12036 4.55452,
	3.13022 4.54017,
	3.1374 4.53389,
	3.14098 4.5312,
	3.14816 4.5303,
	3.16251 4.52492,
	3.17686 4.51685,
	3.19031 4.50608,
	3.19749 4.5016,
	3.21094 4.48904,
	3.21453 4.48545,
	3.22171 4.48097,
	3.22888 4.48007,
	3.24323 4.48545,
	3.25041 4.48904,
	3.25669 4.49532,
	3.25848 4.49891,
	3.25848 4.51326,
	3.26117 4.52761,
	3.26386 4.53479,
	3.27373 4.54914,
	3.27642 4.55631,
	3.27642 4.5581,
	3.27911 4.5608,
	3.2827 4.57515,
	3.28449 4.58232,
	3.2818 4.59667,
	3.27193 4.61013,
	3.26745 4.6173,
	3.26835 4.63165,
	3.27193 4.63793,
	3.27731 4.64511,
	3.29077 4.65497,
	3.29346 4.65856,
	3.29525 4.66035,
	3.29525 4.66753,
	3.28897 4.68188,
	3.28449 4.68905,
	3.2809 4.69264,
	3.27911 4.69533,
	3.27283 4.70071,
	3.26566 4.70789,
	3.2513 4.71865,
	3.24413 4.72403,
	3.21543 4.73569,
	3.20825 4.73749,
	3.20467 4.73928,
	3.17596 4.73838,
	3.17238 4.73659,
	3.15803 4.73569,
	3.14368 4.73211,
	3.14009 4.73121,
	3.13381 4.72583,
	3.12125 4.71148,
	3.11049 4.69802,
	3.1087 4.69444,
	3.1069 4.69264,
	3.10331 4.67829,
	3.10152 4.67112,
	3.10152 4.65766,
	"/>
</Transform>

<Transform dim="0"
 xcoef=" 0 1 0 0 0 0"
 ycoef=" 0 0 1 0 0 0">
<Contour name="ax57" comment="dch traced 07.2018" hidden="false" closed="true" simplified="true" border="0 1 1" fill="0.502 1 1" mode="9"
 points="6.69683 2.27287,
	6.69966 2.26154,
	6.70816 2.25446,
	6.73081 2.25021,
	6.74214 2.2488,
	6.75347 2.25305,
	6.75914 2.25446,
	6.76197 2.25588,
	6.78463 2.25021,
	6.79596 2.24596,
	6.81861 2.24455,
	6.84127 2.24738,
	6.86393 2.26296,
	6.87526 2.27004,
	6.88092 2.27429,
	6.89225 2.27854,
	6.90358 2.27854,
	6.91491 2.28278,
	6.92624 2.29128,
	6.94182 2.31111,
	6.96023 2.33235,
	6.96872 2.34226,
	6.99138 2.36067,
	6.99704 2.36492,
	6.99988 2.36775,
	7.00554 2.36917,
	7.01687 2.37766,
	7.02253 2.37908,
	7.03386 2.38616,
	7.04519 2.38758,
	7.05652 2.39183,
	7.06219 2.39324,
	7.06785 2.39183,
	7.09051 2.39607,
	7.10184 2.40032,
	7.11175 2.40882,
	7.11458 2.41448,
	7.11458 2.42581,
	7.11033 2.43714,
	7.10042 2.44847,
	7.08909 2.45555,
	7.08343 2.4598,
	7.03811 2.46971,
	6.9928 2.4683,
	6.98147 2.46546,
	6.9758 2.46546,
	6.96447 2.46121,
	6.95314 2.45413,
	6.94182 2.44989,
	6.93898 2.44989,
	6.89508 2.42015,
	6.84977 2.38333,
	6.82853 2.36917,
	6.8172 2.36067,
	6.81153 2.35642,
	6.80587 2.35501,
	6.8002 2.35076,
	6.77755 2.34368,
	6.75489 2.33943,
	6.74356 2.33518,
	6.7209 2.3196,
	6.7124 2.30827,
	6.70816 2.30261,
	6.70532 2.29978,
	6.70532 2.29695,
	6.70249 2.29411,
	6.69966 2.28278,
	6.69683 2.27712,
	6.69683 2.27429,
	"/>
</Transform>

<Transform dim="0"
 xcoef=" 0 1 0 0 0 0"
 ycoef=" 0 0 1 0 0 0">
<Contour name="ax69" comment="dch traced 07.2018" hidden="false" closed="true" simplified="true" border="0 1 1" fill="0.502 1 1" mode="9"
 points="2.46333 1.45328,
	2.46708 1.41333,
	2.47332 1.39335,
	2.48456 1.37337,
	2.48955 1.36339,
	2.4933 1.34341,
	2.4933 1.33342,
	2.49455 1.32843,
	2.50329 1.32219,
	2.52326 1.32343,
	2.53325 1.32593,
	2.54324 1.33092,
	2.54823 1.33467,
	2.55323 1.33592,
	2.55822 1.33966,
	2.5782 1.34716,
	2.58319 1.3484,
	2.59318 1.35465,
	2.59818 1.35714,
	2.6169 1.37587,
	2.63313 1.39585,
	2.64562 1.41582,
	2.65561 1.42456,
	2.66435 1.42831,
	2.66934 1.43206,
	2.67184 1.43206,
	2.68183 1.43955,
	2.68682 1.44204,
	2.69181 1.44704,
	2.70805 1.46077,
	2.71304 1.47076,
	2.72053 1.4795,
	2.72053 1.482,
	2.73676 1.50072,
	2.75549 1.51695,
	2.77547 1.52694,
	2.77796 1.52944,
	2.78795 1.53319,
	2.80793 1.54692,
	2.81167 1.55691,
	2.81542 1.57688,
	2.81916 1.58687,
	2.82665 1.59561,
	2.83789 1.61434,
	2.84413 1.63432,
	2.85163 1.67427,
	2.85537 1.68426,
	2.8691 1.70298,
	2.8691 1.70548,
	2.8766 1.71547,
	2.87784 1.72546,
	2.8766 1.73545,
	2.8691 1.75542,
	2.8716 1.7754,
	2.87285 1.78539,
	2.8716 1.79538,
	2.86786 1.80536,
	2.85912 1.8141,
	2.84913 1.8166,
	2.82915 1.81535,
	2.80918 1.81161,
	2.79919 1.80661,
	2.7892 1.80411,
	2.78421 1.80287,
	2.78171 1.80037,
	2.77671 1.79912,
	2.75674 1.78664,
	2.74675 1.7779,
	2.71304 1.73794,
	2.70305 1.73045,
	2.69306 1.72546,
	2.68807 1.72546,
	2.66809 1.71922,
	2.6581 1.71672,
	2.65311 1.71422,
	2.61316 1.70798,
	2.5732 1.69424,
	2.57071 1.69175,
	2.56821 1.69175,
	2.55822 1.68426,
	2.55073 1.67552,
	2.54699 1.67052,
	2.54324 1.65055,
	2.54449 1.63057,
	2.55073 1.61059,
	2.55947 1.59062,
	2.55947 1.58063,
	2.55947 1.57564,
	2.55573 1.56565,
	2.55448 1.56065,
	2.55198 1.55816,
	2.54823 1.54817,
	2.53825 1.53943,
	2.53325 1.53568,
	2.52826 1.53443,
	2.50953 1.52195,
	2.50454 1.51945,
	2.49954 1.51446,
	2.48955 1.50822,
	2.47207 1.48949,
	2.46708 1.4795,
	2.46333 1.45952,
	2.46333 1.45453,
	"/>
</Transform>

<Transform dim="0"
 xcoef=" 0 1 0 0 0 0"
 ycoef=" 0 0 1 0 0 0">
<Contour name="ax63" comment="dch traced 08.2018" hidden="false" closed="true" simplified="true" border="0 1 1" fill="0.502 1 1" mode="9"
 points="1.99015 2.44697,
	1.99342 2.43823,
	1.99233 2.42074,
	1.99452 2.38577,
	2.00326 2.3508,
	2.01091 2.34315,
	2.01419 2.33987,
	2.01637 2.33987,
	2.02512 2.33331,
	2.02949 2.33113,
	2.03167 2.32894,
	2.03605 2.32894,
	2.04042 2.32675,
	2.0579 2.32785,
	2.07539 2.33331,
	2.08413 2.33659,
	2.11911 2.35954,
	2.13659 2.37156,
	2.15408 2.38577,
	2.16282 2.39342,
	2.16719 2.3967,
	2.16938 2.39888,
	2.17156 2.39888,
	2.18905 2.41309,
	2.19779 2.41746,
	2.20216 2.41856,
	2.20654 2.42184,
	2.22402 2.4273,
	2.23277 2.42949,
	2.24151 2.42621,
	2.259 2.412,
	2.26774 2.40653,
	2.28522 2.40107,
	2.29397 2.39779,
	2.31145 2.39561,
	2.32894 2.39779,
	2.34643 2.40435,
	2.35517 2.40435,
	2.35954 2.40435,
	2.36828 2.40107,
	2.37703 2.39451,
	2.38577 2.39014,
	2.38796 2.38796,
	2.40544 2.3814,
	2.42293 2.3814,
	2.4579 2.38796,
	2.46664 2.39014,
	2.47101 2.39233,
	2.47539 2.39233,
	2.51036 2.40981,
	2.5191 2.41746,
	2.52347 2.42074,
	2.52566 2.42402,
	2.54096 2.43932,
	2.54533 2.4426,
	2.54752 2.44697,
	2.56391 2.46336,
	2.56828 2.46774,
	2.57047 2.47101,
	2.57812 2.47976,
	2.59014 2.49506,
	2.60435 2.51254,
	2.6109 2.52019,
	2.61746 2.52566,
	2.65134 2.54861,
	2.66555 2.5661,
	2.67101 2.57484,
	2.67429 2.57921,
	2.67757 2.58795,
	2.67976 2.59123,
	2.67976 2.59342,
	2.68303 2.59779,
	2.68522 2.60653,
	2.70271 2.64151,
	2.7038 2.64588,
	2.70599 2.64806,
	2.71801 2.68303,
	2.72347 2.70052,
	2.72566 2.70926,
	2.72784 2.71364,
	2.73331 2.74861,
	2.73549 2.76609,
	2.73659 2.80107,
	2.73549 2.83604,
	2.73221 2.84478,
	2.73003 2.84915,
	2.73003 2.85352,
	2.72019 2.87101,
	2.71364 2.87975,
	2.70489 2.8874,
	2.69615 2.89287,
	2.6885 2.90052,
	2.67101 2.90708,
	2.65353 2.90817,
	2.63604 2.91145,
	2.60107 2.93112,
	2.5967 2.93331,
	2.59451 2.93331,
	2.59233 2.93549,
	2.55735 2.93658,
	2.52238 2.93549,
	2.50489 2.93112,
	2.48741 2.93003,
	2.47867 2.92784,
	2.47429 2.92784,
	2.47211 2.92566,
	2.45462 2.92128,
	2.45244 2.92128,
	2.45025 2.9191,
	2.44151 2.91582,
	2.43276 2.91473,
	2.42402 2.91145,
	2.41965 2.91036,
	2.41746 2.91036,
	2.41528 2.90817,
	2.40653 2.90489,
	2.37375 2.88194,
	2.35735 2.86773,
	2.34861 2.86008,
	2.34205 2.85243,
	2.33331 2.84369,
	2.31255 2.80872,
	2.30708 2.79123,
	2.3038 2.77374,
	2.30599 2.75626,
	2.31364 2.72129,
	2.3202 2.7038,
	2.32129 2.68631,
	2.31801 2.66883,
	2.31801 2.66446,
	2.31473 2.65571,
	2.31255 2.65134,
	2.31255 2.64916,
	2.29397 2.61528,
	2.27976 2.59779,
	2.2732 2.58905,
	2.25681 2.57265,
	2.23932 2.56063,
	2.23714 2.56063,
	2.22839 2.55517,
	2.19342 2.54533,
	2.17594 2.54096,
	2.17156 2.53877,
	2.16282 2.53877,
	2.14533 2.5355,
	2.13659 2.53331,
	2.10271 2.50927,
	2.08523 2.49724,
	2.07648 2.48959,
	2.06774 2.48413,
	2.05025 2.47757,
	2.04588 2.47757,
	2.03714 2.47429,
	2.01965 2.47211,
	2.00217 2.46664,
	1.9978 2.46555,
	1.99015 2.45681,
	1.99015 2.44806,
	"/>
</Transform>

<Transform dim="0"
 xcoef=" 0 1 0 0 0 0"
 ycoef=" 0 0 1 0 0 0">
<Contour name="ax44" comment="dch traced 07.2018" hidden="false" closed="true" simplified="true" border="0 1 1" fill="0.502 1 1" mode="9"
 points="2.55977 7.14842,
	2.56165 7.14467,
	2.56259 7.13716,
	2.56446 7.13341,
	2.56446 7.13153,
	2.56634 7.12966,
	2.56634 7.12778,
	2.56915 7.12403,
	2.57009 7.12028,
	2.57197 7.1184,
	2.57197 7.11653,
	2.57666 7.10996,
	2.58041 7.10715,
	2.61042 7.0987,
	2.61793 7.09589,
	2.63294 7.09589,
	2.64044 7.09308,
	2.64419 7.09214,
	2.64607 7.09026,
	2.66108 7.08557,
	2.67608 7.08463,
	2.69109 7.08557,
	2.7061 7.09308,
	2.72111 7.10339,
	2.72392 7.10527,
	2.72767 7.10902,
	2.73705 7.12215,
	2.75112 7.13435,
	2.75863 7.1381,
	2.76613 7.13998,
	2.78114 7.13998,
	2.78864 7.13904,
	2.80365 7.13247,
	2.80553 7.13247,
	2.8074 7.1306,
	2.82241 7.12591,
	2.82991 7.12403,
	2.83742 7.12403,
	2.84492 7.12215,
	2.85993 7.12215,
	2.86743 7.12215,
	2.87119 7.12215,
	2.88526 7.1306,
	2.88807 7.13435,
	2.89557 7.13904,
	2.90214 7.1456,
	2.90402 7.14936,
	2.90589 7.15123,
	2.90871 7.16624,
	2.90871 7.17374,
	2.90777 7.17749,
	2.90777 7.17937,
	2.90402 7.18312,
	2.89745 7.18781,
	2.8937 7.18969,
	2.88619 7.19625,
	2.88244 7.19907,
	2.88057 7.19907,
	2.86931 7.21126,
	2.86462 7.21877,
	2.85243 7.23377,
	2.8468 7.24034,
	2.84305 7.24222,
	2.83554 7.24878,
	2.82429 7.26004,
	2.81678 7.26567,
	2.81491 7.26942,
	2.81209 7.27129,
	2.8074 7.2788,
	2.80459 7.28255,
	2.80177 7.29005,
	2.80084 7.29756,
	2.80365 7.31257,
	2.80928 7.32757,
	2.81209 7.33508,
	2.81397 7.35008,
	2.81115 7.36509,
	2.80271 7.3801,
	2.79615 7.38573,
	2.79239 7.38854,
	2.78489 7.38948,
	2.77739 7.38854,
	2.77363 7.38854,
	2.74362 7.37822,
	2.73612 7.37541,
	2.73236 7.37166,
	2.7258 7.36697,
	2.72205 7.36509,
	2.70704 7.3529,
	2.70047 7.34727,
	2.68546 7.33883,
	2.67796 7.33602,
	2.66295 7.33414,
	2.64794 7.33414,
	2.63294 7.33133,
	2.61793 7.32476,
	2.61042 7.32007,
	2.60386 7.31257,
	2.59917 7.30506,
	2.59635 7.29756,
	2.59448 7.29381,
	2.59166 7.2788,
	2.5851 7.26379,
	2.57572 7.24972,
	2.57009 7.23471,
	2.56634 7.2197,
	2.5654 7.2047,
	2.5654 7.20094,
	2.56353 7.19719,
	2.56071 7.18218,
	2.55977 7.15217,
	2.55977 7.14936,
	"/>
</Transform>

<Transform dim="0"
 xcoef=" 0 1 0 0 0 0"
 ycoef=" 0 0 1 0 0 0">
<Contour name="d02c06ax44_ssvr" hidden="false" closed="true" simplified="false" border="0 1 0.502" fill="0 0 1" mode="11"
 points="2.66314 7.31438,
	2.64814 7.29938,
	2.66314 7.28438,
	2.67814 7.29938,
	"/>
<Contour name="d02c06ax44_ssvr" hidden="false" closed="true" simplified="false" border="0 1 0.502" fill="0 0 1" mode="11"
 points="2.67219 7.27139,
	2.65719 7.25639,
	2.67219 7.24139,
	2.68719 7.25639,
	"/>
<Contour name="d02c06ax44_ssvr" hidden="false" closed="true" simplified="false" border="0 1 0.502" fill="0 0 1" mode="11"
 points="2.62015 7.21483,
	2.60515 7.19983,
	2.62015 7.18483,
	2.63515 7.19983,
	"/>
<Contour name="d02c06ax44_ssvr" hidden="false" closed="true" simplified="false" border="0 1 0.502" fill="0 0 1" mode="11"
 points="2.69029 7.20352,
	2.67529 7.18852,
	2.69029 7.17352,
	2.70529 7.18852,
	"/>
</Transform>

<Transform dim="0"
 xcoef=" 0 1 0 0 0 0"
 ycoef=" 0 0 1 0 0 0">
<Contour name="ax57" comment="dch traced 08.2018" hidden="false" closed="true" simplified="true" border="0 1 1" fill="0.502 1 1" mode="11"
 points="4.7362 2.33834,
	4.74078 2.33491,
	4.74535 2.33491,
	4.76367 2.34292,
	4.77282 2.34864,
	4.7774 2.34979,
	4.79572 2.36352,
	4.83234 2.38298,
	4.85065 2.39099,
	4.85981 2.39328,
	4.86897 2.39786,
	4.90559 2.40244,
	4.91475 2.40015,
	4.91933 2.39786,
	4.93764 2.38183,
	4.95595 2.37153,
	4.96511 2.3681,
	4.98342 2.35665,
	4.99258 2.35093,
	4.99487 2.34864,
	5.01318 2.3475,
	5.02234 2.3475,
	5.04065 2.34177,
	5.04981 2.33834,
	5.06812 2.32804,
	5.08643 2.32003,
	5.10475 2.30858,
	5.1139 2.30515,
	5.15053 2.30057,
	5.15969 2.30057,
	5.178 2.304,
	5.19631 2.30515,
	5.20547 2.30515,
	5.21462 2.31087,
	5.2192 2.3143,
	5.22836 2.31659,
	5.23752 2.32117,
	5.24667 2.32804,
	5.26384 2.34635,
	5.27643 2.36467,
	5.28215 2.38298,
	5.28215 2.38756,
	5.27643 2.39671,
	5.26155 2.41503,
	5.24324 2.42991,
	5.23408 2.43792,
	5.21577 2.44822,
	5.19746 2.46081,
	5.1883 2.46424,
	5.17914 2.47225,
	5.14252 2.48713,
	5.1242 2.49515,
	5.10589 2.49629,
	5.09673 2.49629,
	5.08758 2.49972,
	5.05095 2.50316,
	5.03264 2.5043,
	5.01433 2.50087,
	5.00517 2.49858,
	4.98686 2.48942,
	4.9777 2.48599,
	4.90559 2.44593,
	4.88728 2.43677,
	4.86897 2.43105,
	4.86439 2.43105,
	4.85523 2.42762,
	4.83692 2.42533,
	4.80029 2.41732,
	4.78198 2.41503,
	4.7774 2.41503,
	4.76825 2.41159,
	4.76367 2.41045,
	4.75566 2.40244,
	4.74993 2.39328,
	4.74764 2.38412,
	4.74421 2.37954,
	4.7362 2.34292,
	4.7362 2.33948,
	"/>
</Transform>

<Transform dim="0"
 xcoef=" 0 1 0 0 0 0"
 ycoef=" 0 0 1 0 0 0">
<Contour name="d03cfa06ax57" hidden="false" closed="true" simplified="true" border="0 1 0" fill="0 1 0" mode="9"
 points="4.698 2.38194,
	4.70332 2.37129,
	4.72463 2.35531,
	4.73529 2.34732,
	4.7566 2.34465,
	4.76725 2.34465,
	4.77258 2.34465,
	4.80188 2.38727,
	4.82052 2.39526,
	4.83118 2.39526,
	4.84183 2.40059,
	4.84716 2.40592,
	4.81253 2.44853,
	4.8072 2.45386,
	4.76459 2.45386,
	4.75393 2.4512,
	4.73529 2.42989,
	4.72197 2.41124,
	4.71398 2.40325,
	4.70865 2.40325,
	4.70066 2.39526,
	4.698 2.38461,
	"/>
</Transform>

<Transform dim="0"
 xcoef=" 0 1 0 0 0 0"
 ycoef=" 0 0 1 0 0 0">
<Contour name="d03c06ax57" hidden="false" closed="true" simplified="true" border="0 1 0" fill="0.502 1 0.502" mode="11"
 points="4.6689 2.40259,
	4.69422 2.35493,
	4.71805 2.35344,
	4.74188 2.35344,
	4.7538 2.3527,
	4.75678 2.3527,
	4.76795 2.36387,
	4.77391 2.36908,
	4.82157 2.39813,
	4.83349 2.40483,
	4.8387 2.4093,
	4.81413 2.45696,
	4.79029 2.4726,
	4.78433 2.47707,
	4.78136 2.4793,
	4.77987 2.48005,
	4.68454 2.41377,
	4.67262 2.40557,
	4.66964 2.40334,
	"/>
</Transform>

<Transform dim="0"
 xcoef=" 0 1 0 0 0 0"
 ycoef=" 0 0 1 0 0 0">
<Contour name="d03" hidden="false" closed="true" simplified="true" border="1 1 0" fill="1 1 0.501961" mode="11"
 points="4.24996 3.18775,
	4.25873 3.18446,
	4.26312 3.18336,
	4.2982 3.19432,
	4.30697 3.19761,
	4.31574 3.19871,
	4.35081 3.19542,
	4.3552 3.19542,
	4.35739 3.19542,
	4.39247 3.16034,
	4.39685 3.15705,
	4.43193 3.15048,
	4.4407 3.14828,
	4.51086 3.14828,
	4.5284 3.15157,
	4.53717 3.15376,
	4.55471 3.16253,
	4.56348 3.16582,
	4.57225 3.16582,
	4.58102 3.16144,
	4.59856 3.16034,
	4.60732 3.16034,
	4.62486 3.16692,
	4.63363 3.16911,
	4.66871 3.16363,
	4.6731 3.16363,
	4.67748 3.16802,
	4.69502 3.1713,
	4.70379 3.1724,
	4.70708 3.1713,
	4.70708 3.16692,
	4.72243 3.14938,
	4.7312 3.14171,
	4.73887 3.13623,
	4.73668 3.11869,
	4.73887 3.10115,
	4.72571 3.06607,
	4.71585 3.03099,
	4.71585 3.02661,
	4.70379 3.00907,
	4.66981 2.98057,
	4.66213 2.97289,
	4.6446 2.96303,
	4.60952 2.93672,
	4.60513 2.93343,
	4.59965 2.92466,
	4.59088 2.91589,
	4.57882 2.89835,
	4.57444 2.88958,
	4.57005 2.87204,
	4.56896 2.86327,
	4.57115 2.82819,
	4.57225 2.81065,
	4.57882 2.77558,
	4.57992 2.76681,
	4.56348 2.74927,
	4.54923 2.73173,
	4.54375 2.71419,
	4.54046 2.70542,
	4.53936 2.70323,
	4.53498 2.70323,
	4.5273 2.69665,
	4.45715 2.67911,
	4.43961 2.67473,
	4.42207 2.66705,
	4.41111 2.64951,
	4.40562 2.64074,
	4.39905 2.6232,
	4.39795 2.61882,
	4.39137 2.61005,
	4.38809 2.60567,
	4.37932 2.57059,
	4.37383 2.53551,
	4.36726 2.51797,
	4.34424 2.48289,
	4.33218 2.46535,
	4.31793 2.44781,
	4.28285 2.41273,
	4.26641 2.3952,
	4.26312 2.39081,
	4.26202 2.38862,
	4.26641 2.37108,
	4.2675 2.36669,
	4.30149 2.336,
	4.31902 2.32394,
	4.33656 2.31736,
	4.34533 2.3086,
	4.34862 2.30421,
	4.35081 2.29544,
	4.35081 2.29106,
	4.35081 2.28886,
	4.36835 2.27352,
	4.37274 2.26913,
	4.38151 2.26475,
	4.4133 2.22967,
	4.42864 2.21213,
	4.43632 2.20336,
	4.45386 2.19349,
	4.4714 2.18582,
	4.48894 2.18253,
	4.52401 2.18472,
	4.55909 2.18472,
	4.56786 2.18692,
	4.5854 2.20007,
	4.59417 2.20665,
	4.61609 2.24173,
	4.62815 2.25927,
	4.6435 2.27681,
	4.67858 2.29983,
	4.68296 2.30202,
	4.71585 2.3371,
	4.72681 2.35464,
	4.7312 2.36341,
	4.73558 2.38094,
	4.73558 2.38971,
	4.73558 2.3941,
	4.74435 2.41164,
	4.74873 2.41931,
	4.7575 2.42589,
	4.77504 2.43137,
	4.81012 2.43247,
	4.82766 2.43247,
	4.83643 2.43247,
	4.84082 2.43247,
	4.87589 2.44452,
	4.88028 2.44891,
	4.88905 2.4511,
	4.89234 2.45549,
	4.90111 2.45768,
	4.90549 2.46206,
	4.92303 2.46864,
	4.92742 2.47083,
	4.93618 2.47193,
	4.94057 2.47631,
	4.94934 2.47851,
	4.96688 2.48837,
	4.97565 2.49385,
	4.98332 2.50262,
	4.98661 2.50701,
	4.99099 2.54209,
	4.99209 2.55086,
	4.99209 2.55524,
	4.99648 2.56401,
	4.99757 2.57278,
	4.99538 2.60786,
	4.99538 2.61663,
	4.99209 2.63417,
	4.99099 2.63855,
	4.98003 2.65609,
	4.96359 2.67034,
	4.92851 2.69446,
	4.91974 2.70323,
	4.91645 2.712,
	4.91536 2.72077,
	4.9033 2.73831,
	4.89672 2.74707,
	4.86164 2.74707,
	4.83533 2.78215,
	4.82328 2.79969,
	4.81451 2.81723,
	4.77943 2.82929,
	4.77504 2.83148,
	4.77066 2.83587,
	4.76847 2.83696,
	4.77066 2.87204,
	4.77724 2.88958,
	4.77943 2.89835,
	4.77943 2.90712,
	4.76956 2.9422,
	4.76299 2.95974,
	4.75202 2.97728,
	4.74873 2.99482,
	4.74764 3.00359,
	4.77614 3.07374,
	4.78381 3.09128,
	4.79587 3.10882,
	4.81012 3.12636,
	4.8452 3.15048,
	4.86274 3.16253,
	4.86493 3.16473,
	4.86822 3.18227,
	4.86932 3.18665,
	4.87041 3.18884,
	4.88795 3.19323,
	4.89672 3.19542,
	4.89891 3.19542,
	4.90659 3.21296,
	4.90988 3.2305,
	4.91536 3.24804,
	4.92303 3.28312,
	4.94057 3.29956,
	4.94934 3.30723,
	4.96688 3.316,
	4.97565 3.31819,
	4.99319 3.3171,
	5.01073 3.30833,
	5.0195 3.30285,
	5.02388 3.29956,
	5.04142 3.29846,
	5.05019 3.29846,
	5.06773 3.30394,
	5.0765 3.30504,
	5.08088 3.30614,
	5.08308 3.31491,
	5.07979 3.34998,
	5.07869 3.35875,
	5.07759 3.36314,
	5.06115 3.38068,
	5.02607 3.4037,
	5.00853 3.41466,
	4.99099 3.42343,
	4.98223 3.42453,
	4.96469 3.43439,
	4.95701 3.44097,
	4.94386 3.45851,
	4.92961 3.49359,
	4.92632 3.50236,
	4.91645 3.5199,
	4.90768 3.52757,
	4.89891 3.53305,
	4.88137 3.53524,
	4.81122 3.56045,
	4.80683 3.56265,
	4.77175 3.56703,
	4.75422 3.56922,
	4.74545 3.56922,
	4.73668 3.57361,
	4.7016 3.5769,
	4.68406 3.57909,
	4.67529 3.58128,
	4.6709 3.58128,
	4.66652 3.58457,
	4.66433 3.58676,
	4.62925 3.59334,
	4.62048 3.59444,
	4.61609 3.59553,
	4.58102 3.57909,
	4.57225 3.5758,
	4.53717 3.55607,
	4.51963 3.53963,
	4.51524 3.53524,
	4.51305 3.53305,
	4.47797 3.53305,
	4.4692 3.53305,
	4.46482 3.53195,
	4.44947 3.51441,
	4.44618 3.51003,
	4.43632 3.47495,
	4.42974 3.45741,
	4.42755 3.44864,
	4.41878 3.4311,
	4.40234 3.41576,
	4.3848 3.4037,
	4.37603 3.39931,
	4.36726 3.39054,
	4.36287 3.38616,
	4.35849 3.37739,
	4.3563 3.373,
	4.3563 3.36862,
	4.34972 3.35985,
	4.34753 3.35108,
	4.31354 3.316,
	4.30477 3.30723,
	4.29381 3.28969,
	4.28066 3.25462,
	4.27298 3.23708,
	4.25325 3.202,
	4.25106 3.19323,
	4.24996 3.18884,
	"/>
</Transform>

<Transform dim="0"
 xcoef=" 0 1 0 0 0 0"
 ycoef=" 0 0 1 0 0 0">
<Contour name="d03c07ax58" hidden="false" closed="true" simplified="true" border="0 1 0" fill="0.502 1 0.502" mode="11"
 points="5.43971 4.17701,
	5.62581 4.08687,
	5.63744 4.08105,
	5.63889 4.08033,
	5.64035 4.08105,
	5.64907 4.12758,
	5.65416 4.15084,
	5.65634 4.16247,
	5.65707 4.16538,
	5.65707 4.16683,
	5.6338 4.17483,
	5.54076 4.20318,
	5.49423 4.21772,
	5.47097 4.22499,
	5.46515 4.22644,
	5.46225 4.22717,
	5.46079 4.2279,
	5.44116 4.18137,
	5.44044 4.17847,
	5.43971 4.17774,
	"/>
</Transform>

<Transform dim="0"
 xcoef=" 0 1 0 0 0 0"
 ycoef=" 0 0 1 0 0 0">
<Contour name="d03c10Bax61" hidden="false" closed="true" simplified="true" border="0 1 0" fill="0.502 1 0.502" mode="11"
 points="5.10685 4.16687,
	5.11377 4.16514,
	5.16906 4.16082,
	5.17251 4.15996,
	5.17597 4.16082,
	5.17856 4.27141,
	5.17943 4.28523,
	5.17943 4.29214,
	5.15178 4.29733,
	5.12413 4.30078,
	5.11031 4.30337,
	5.10858 4.30251,
	5.10685 4.19192,
	5.10685 4.1781,
	5.10685 4.17119,
	5.10685 4.16773,
	"/>
</Transform>

<Transform dim="0"
 xcoef=" 0 1 0 0 0 0"
 ycoef=" 0 0 1 0 0 0">
<Contour name="d01" hidden="false" closed="true" simplified="true" border="1 0.502 0" fill="1 0.502 0" mode="9"
 points="4.35269 4.57476,
	4.36326 4.54092,
	4.40133 4.47324,
	4.41402 4.4394,
	4.41402 4.43517,
	4.41825 4.43306,
	4.43306 4.39922,
	4.45844 4.36749,
	4.47324 4.3548,
	4.48805 4.33788,
	4.49439 4.32942,
	4.49862 4.32942,
	4.51554 4.31885,
	4.524 4.31462,
	4.54092 4.31462,
	4.55784 4.32308,
	4.59168 4.32519,
	4.6086 4.31885,
	4.62552 4.32519,
	4.65936 4.34846,
	4.69109 4.37595,
	4.7207 4.40768,
	4.73973 4.43729,
	4.75031 4.45421,
	4.75454 4.45844,
	4.75665 4.47536,
	4.76934 4.49228,
	4.78626 4.50708,
	4.80318 4.51554,
	4.81164 4.51977,
	4.81587 4.524,
	4.84971 4.53669,
	4.86663 4.54515,
	4.87509 4.54727,
	4.87932 4.5515,
	4.88778 4.55361,
	4.89624 4.55996,
	4.90047 4.55996,
	4.91739 4.57265,
	4.94066 4.60649,
	4.96815 4.6361,
	4.97661 4.65302,
	4.98084 4.66994,
	4.97873 4.68686,
	4.97027 4.70378,
	4.95546 4.71858,
	4.94066 4.72916,
	4.92374 4.7355,
	4.8899 4.73339,
	4.87298 4.72704,
	4.85817 4.71647,
	4.84971 4.71435,
	4.81799 4.6932,
	4.80318 4.68474,
	4.79472 4.68263,
	4.76088 4.68897,
	4.74396 4.6932,
	4.7355 4.69955,
	4.66782 4.72704,
	4.63398 4.73339,
	4.60014 4.73339,
	4.59168 4.7355,
	4.57688 4.74819,
	4.56842 4.75454,
	4.5515 4.75665,
	4.51766 4.75242,
	4.50074 4.75454,
	4.49228 4.75665,
	4.47959 4.77146,
	4.47113 4.78838,
	4.46901 4.79684,
	4.45632 4.80953,
	4.44998 4.81799,
	4.43306 4.8201,
	4.4246 4.81376,
	4.42248 4.8053,
	4.41825 4.80107,
	4.41402 4.76723,
	4.41402 4.75031,
	4.41402 4.74608,
	4.40768 4.73973,
	4.40768 4.73127,
	4.38864 4.69743,
	4.37384 4.66359,
	4.37172 4.64667,
	4.35692 4.61283,
	4.35269 4.60437,
	4.35269 4.58745,
	4.35269 4.57899,
	4.35269 4.57688,
	"/>
</Transform>

<Transform dim="0"
 xcoef=" 0 1 0 0 0 0"
 ycoef=" 0 0 1 0 0 0">
<Contour name="d04" hidden="false" closed="true" simplified="true" border="1 0 0" fill="1 0 0" mode="9"
 points="4.44329 3.53981,
	4.4473 3.53781,
	4.46333 3.54181,
	4.49538 3.54181,
	4.5114 3.54181,
	4.51942 3.54382,
	4.52743 3.54983,
	4.53745 3.56585,
	4.53745 3.56986,
	4.54346 3.57787,
	4.54746 3.58188,
	4.55147 3.58188,
	4.55948 3.58789,
	4.59154 3.59791,
	4.60756 3.59991,
	4.67167 3.5939,
	4.67968 3.58989,
	4.74379 3.58589,
	4.80789 3.57787,
	4.8159 3.57787,
	4.84796 3.56585,
	4.85597 3.56185,
	4.85998 3.55784,
	4.876 3.55383,
	4.88402 3.54983,
	4.90004 3.54782,
	4.91607 3.53981,
	4.92608 3.52378,
	4.93009 3.51978,
	4.9361 3.50375,
	4.95814 3.4717,
	4.97416 3.46168,
	5.03827 3.44365,
	5.07032 3.44165,
	5.08635 3.44165,
	5.15045 3.42162,
	5.18251 3.4116,
	5.19052 3.4116,
	5.22257 3.39557,
	5.23058 3.39157,
	5.23459 3.39157,
	5.23659 3.38756,
	5.2406 3.38756,
	5.2426 3.39157,
	5.2386 3.39958,
	5.2386 3.40759,
	5.21656 3.43965,
	5.18852 3.46569,
	5.16247 3.49774,
	5.13643 3.52378,
	5.12241 3.53981,
	5.10237 3.56986,
	5.09236 3.58589,
	5.08835 3.5939,
	5.08034 3.59991,
	5.06431 3.60191,
	5.0563 3.60191,
	5.05229 3.59791,
	5.03627 3.60391,
	5.02425 3.61593,
	5.00021 3.64598,
	4.98218 3.67804,
	4.97617 3.69406,
	4.96615 3.71009,
	4.95814 3.7161,
	4.94211 3.7181,
	4.93009 3.73213,
	4.92608 3.74014,
	4.92208 3.74415,
	4.92208 3.74815,
	4.89403 3.77419,
	4.86198 3.79623,
	4.83594 3.82428,
	4.82392 3.8403,
	4.79988 3.86635,
	4.77984 3.8984,
	4.76582 3.91242,
	4.75781 3.91843,
	4.7538 3.91843,
	4.74579 3.92444,
	4.73778 3.92644,
	4.73377 3.93045,
	4.70172 3.93646,
	4.68569 3.93646,
	4.66966 3.93245,
	4.66165 3.92845,
	4.64963 3.91242,
	4.64162 3.8984,
	4.62559 3.88838,
	4.61758 3.88237,
	4.60957 3.88037,
	4.60556 3.88037,
	4.57751 3.85633,
	4.56349 3.84631,
	4.55147 3.83029,
	4.53544 3.79823,
	4.52943 3.79022,
	4.52743 3.78221,
	4.52142 3.77419,
	4.51541 3.74214,
	4.5114 3.67804,
	4.5074 3.67002,
	4.50339 3.63797,
	4.50139 3.62996,
	4.49738 3.62595,
	4.49337 3.60992,
	4.46333 3.58188,
	4.45732 3.56585,
	4.4493 3.55984,
	4.44329 3.54382,
	4.44329 3.54181,
	"/>
</Transform>

<Transform dim="0"
 xcoef=" 0 1 0 0 0 0"
 ycoef=" 0 0 1 0 0 0">
<Contour name="ax61" comment="dch traced 08.2018" hidden="false" closed="true" simplified="true" border="0 1 1" fill="0.502 1 1" mode="11"
 points="4.40898 3.59855,
	4.41187 3.587,
	4.41982 3.57544,
	4.42271 3.57255,
	4.42849 3.57038,
	4.44004 3.56966,
	4.4516 3.57472,
	4.46316 3.58194,
	4.46605 3.58411,
	4.46749 3.58555,
	4.46894 3.58555,
	4.48049 3.5935,
	4.50289 3.61589,
	4.50577 3.61805,
	4.513 3.62961,
	4.51733 3.64117,
	4.5195 3.6874,
	4.51878 3.71051,
	4.51661 3.73362,
	4.51516 3.74518,
	4.51516 3.75674,
	4.51444 3.76252,
	4.52528 3.78563,
	4.54984 3.83186,
	4.5585 3.84342,
	4.56934 3.85497,
	4.58089 3.86508,
	4.59245 3.87375,
	4.60401 3.87881,
	4.60979 3.8817,
	4.61268 3.88242,
	4.62423 3.89325,
	4.64735 3.90626,
	4.6524 3.91203,
	4.65963 3.92359,
	4.66252 3.92937,
	4.66685 3.93515,
	4.67263 3.94021,
	4.67841 3.94309,
	4.70152 3.94382,
	4.71308 3.94382,
	4.71886 3.94309,
	4.72175 3.94309,
	4.7333 3.93876,
	4.73908 3.93876,
	4.74197 3.93876,
	4.75353 3.9337,
	4.75931 3.93154,
	4.76508 3.92793,
	4.76797 3.92648,
	4.78892 3.90337,
	4.80553 3.88025,
	4.81348 3.8687,
	4.81492 3.86581,
	4.82648 3.85569,
	4.83226 3.85208,
	4.83804 3.84992,
	4.86115 3.84847,
	4.87271 3.84847,
	4.87849 3.84847,
	4.89004 3.85208,
	4.91316 3.86292,
	4.93627 3.8752,
	4.94783 3.88025,
	4.97094 3.8882,
	5.01717 3.90698,
	5.04028 3.91709,
	5.05184 3.92359,
	5.05762 3.92648,
	5.06918 3.93732,
	5.11035 3.98354,
	5.11324 3.98643,
	5.11757 3.99799,
	5.12263 4.0211,
	5.12985 4.06733,
	5.13346 4.11356,
	5.13996 4.15979,
	5.14285 4.1829,
	5.14357 4.19446,
	5.14141 4.21757,
	5.14069 4.22913,
	5.14069 4.23491,
	5.13852 4.24646,
	5.1378 4.25802,
	5.13635 4.2638,
	5.13707 4.27536,
	5.1378 4.28114,
	5.1378 4.28402,
	5.14357 4.29558,
	5.15152 4.30714,
	5.15802 4.3187,
	5.16091 4.33025,
	5.15441 4.35337,
	5.14502 4.37648,
	5.13274 4.39959,
	5.11902 4.42271,
	5.10096 4.44582,
	5.09085 4.45738,
	5.07929 4.46677,
	5.07351 4.47183,
	5.06195 4.47905,
	5.05618 4.48266,
	5.05329 4.48483,
	5.03017 4.49133,
	5.01861 4.4935,
	5.01284 4.49422,
	4.96661 4.48699,
	4.94349 4.48483,
	4.93772 4.48411,
	4.92616 4.4776,
	4.92038 4.47544,
	4.89727 4.46099,
	4.87415 4.44799,
	4.8626 4.44438,
	4.85682 4.44366,
	4.8337 4.43427,
	4.81059 4.41765,
	4.76797 4.37215,
	4.75714 4.36131,
	4.73402 4.34325,
	4.71163 4.32086,
	4.70224 4.30931,
	4.69935 4.30931,
	4.68852 4.29919,
	4.67985 4.28764,
	4.66757 4.26452,
	4.66035 4.24141,
	4.65601 4.22985,
	4.65024 4.21829,
	4.63362 4.19518,
	4.62423 4.18362,
	4.61918 4.17785,
	4.60762 4.1699,
	4.58451 4.15762,
	4.57295 4.15112,
	4.56717 4.14823,
	4.56139 4.14751,
	4.55561 4.14534,
	4.5325 4.1309,
	4.52167 4.12006,
	4.50361 4.09695,
	4.48338 4.07383,
	4.4776 4.06805,
	4.44077 4.02183,
	4.43282 4.01027,
	4.42126 3.98716,
	4.41837 3.98138,
	4.4126 3.95826,
	4.40898 3.93515,
	4.40898 3.91203,
	4.41115 3.88892,
	4.41765 3.86581,
	4.42126 3.85425,
	4.43427 3.83114,
	4.44149 3.81958,
	4.44871 3.79647,
	4.44943 3.77335,
	4.44943 3.76179,
	4.44871 3.75602,
	4.4451 3.74446,
	4.44366 3.73868,
	4.4321 3.71557,
	4.42199 3.69245,
	4.41404 3.66934,
	4.41187 3.65778,
	4.40898 3.61155,
	4.40898 3.6,
	4.40898 3.59927,
	"/>
</Transform>

<Transform dim="0"
 xcoef=" 0 1 0 0 0 0"
 ycoef=" 0 0 1 0 0 0">
<Contour name="d03c10Bax61_ssvr" hidden="false" closed="true" simplified="false" border="0 1 0.502" fill="0 0 1" mode="11"
 points="4.78277 4.22086,
	4.76777 4.20586,
	4.78277 4.19086,
	4.79777 4.20586,
	"/>
<Contour name="d03c10Bax61_ssvr" hidden="false" closed="true" simplified="false" border="0 1 0.502" fill="0 0 1" mode="11"
 points="4.79231 4.17912,
	4.77731 4.16412,
	4.79231 4.14912,
	4.80731 4.16412,
	"/>
<Contour name="d03c10Bax61_ssvr" hidden="false" closed="true" simplified="false" border="0 1 0.502" fill="0 0 1" mode="11"
 points="4.74341 4.18747,
	4.72841 4.17247,
	4.74341 4.15747,
	4.75841 4.17247,
	"/>
<Contour name="d03c10Bax61_ssvr" hidden="false" closed="true" simplified="false" border="0 1 0.502" fill="0 0 1" mode="11"
 points="4.72194 4.14692,
	4.70694 4.13192,
	4.72194 4.11692,
	4.73694 4.13192,
	"/>
<Contour name="d03c10Bax61_ssvr" hidden="false" closed="true" simplified="false" border="0 1 0.502" fill="0 0 1" mode="11"
 points="4.72791 4.1004,
	4.71291 4.0854,
	4.72791 4.0704,
	4.74291 4.0854,
	"/>
<Contour name="d03c10Bax61_ssvr" hidden="false" closed="true" simplified="false" border="0 1 0.502" fill="0 0 1" mode="11"
 points="4.78396 4.08489,
	4.76896 4.06989,
	4.78396 4.05489,
	4.79896 4.06989,
	"/>
<Contour name="d03c10Bax61_ssvr" hidden="false" closed="true" simplified="false" border="0 1 0.502" fill="0 0 1" mode="11"
 points="4.82571 4.14692,
	4.81071 4.13192,
	4.82571 4.11692,
	4.84071 4.13192,
	"/>
<Contour name="d03c10Bax61_ssvr" hidden="false" closed="true" simplified="false" border="0 1 0.502" fill="0 0 1" mode="11"
 points="4.86626 4.15049,
	4.85126 4.13549,
	4.86626 4.12049,
	4.88126 4.13549,
	"/>
<Contour name="d03c10Bax61_ssvr" hidden="false" closed="true" simplified="false" border="0 1 0.502" fill="0 0 1" mode="11"
 points="4.89011 4.20178,
	4.87511 4.18678,
	4.89011 4.17178,
	4.90511 4.18678,
	"/>
<Contour name="d03c10Bax61_ssvr" hidden="false" closed="true" simplified="false" border="0 1 0.502" fill="0 0 1" mode="11"
 points="4.83883 4.21848,
	4.82383 4.20348,
	4.83883 4.18848,
	4.85383 4.20348,
	"/>
<Contour name="d03c10Bax61_ssvr" hidden="false" closed="true" simplified="false" border="0 1 0.502" fill="0 0 1" mode="11"
 points="4.8269 4.25784,
	4.8119 4.24284,
	4.8269 4.22784,
	4.8419 4.24284,
	"/>
<Contour name="d03c10Bax61_ssvr" hidden="false" closed="true" simplified="false" border="0 1 0.502" fill="0 0 1" mode="11"
 points="4.90801 4.24233,
	4.89301 4.22733,
	4.90801 4.21233,
	4.92301 4.22733,
	"/>
<Contour name="d03c10Bax61_ssvr" hidden="false" closed="true" simplified="false" border="0 1 0.502" fill="0 0 1" mode="11"
 points="4.96287 4.23637,
	4.94787 4.22137,
	4.96287 4.20637,
	4.97787 4.22137,
	"/>
<Contour name="d03c10Bax61_ssvr" hidden="false" closed="true" simplified="false" border="0 1 0.502" fill="0 0 1" mode="11"
 points="4.93663 4.14214,
	4.92163 4.12714,
	4.93663 4.11214,
	4.95163 4.12714,
	"/>
<Contour name="d03c10Bax61_ssvr" hidden="false" closed="true" simplified="false" border="0 1 0.502" fill="0 0 1" mode="11"
 points="4.94975 4.19224,
	4.93475 4.17724,
	4.94975 4.16224,
	4.96475 4.17724,
	"/>
<Contour name="d03c10Bax61_ssvr" hidden="false" closed="true" simplified="false" border="0 1 0.502" fill="0 0 1" mode="11"
 points="5.00104 4.1493,
	4.98604 4.1343,
	5.00104 4.1193,
	5.01604 4.1343,
	"/>
<Contour name="d03c10Bax61_ssvr" hidden="false" closed="true" simplified="false" border="0 1 0.502" fill="0 0 1" mode="11"
 points="5.007 4.1982,
	4.992 4.1832,
	5.007 4.1682,
	5.022 4.1832,
	"/>
<Contour name="d03c10Bax61_ssvr" hidden="false" closed="true" simplified="false" border="0 1 0.502" fill="0 0 1" mode="11"
 points="5.106 4.20059,
	5.091 4.18559,
	5.106 4.17059,
	5.121 4.18559,
	"/>
</Transform>

<Transform dim="6"
 xcoef=" 0.48631579603555 0.937593271794507 -0.0597947467023258 0 0 0"
 ycoef=" -0.550267769487002 0.0256018739945528 1.06143146659241 0 0 0">
<Image mag="0.00217968" contrast="1" brightness="0" red="true" green="true" blue="true"
 src="FWNGV.34.jpg" />
<Contour name="domain1" hidden="false" closed="true" simplified="false" border="1 0 1" fill="1 0 1" mode="11"
 points="0 0,
	4096 0,
	4096 4096,
	0 4096,
	"/>
</Transform>

<Transform dim="0"
 xcoef=" 0 1 0 0 0 0"
 ycoef=" 0 0 1 0 0 0">
<Contour name="d03c10Bax61_ssvr" hidden="false" closed="true" simplified="false" border="0 1 0.502" fill="0 0 1" mode="11"
 points="4.98553 4.07655,
	4.97053 4.06155,
	4.98553 4.04655,
	5.00053 4.06155,
	"/>
<Contour name="d03c10Bax61_ssvr" hidden="false" closed="true" simplified="false" border="0 1 0.502" fill="0 0 1" mode="11"
 points="5.04517 4.11352,
	5.03017 4.09852,
	5.04517 4.08352,
	5.06017 4.09852,
	"/>
<Contour name="d03c10Bax61_ssvr" hidden="false" closed="true" simplified="false" border="0 1 0.502" fill="0 0 1" mode="11"
 points="4.93663 3.95489,
	4.92163 3.93989,
	4.93663 3.92489,
	4.95163 3.93989,
	"/>
<Contour name="d03c10Bax61_ssvr" hidden="false" closed="true" simplified="false" border="0 1 0.502" fill="0 0 1" mode="11"
 points="5.00461 3.96324,
	4.98961 3.94824,
	5.00461 3.93324,
	5.01961 3.94824,
	"/>
<Contour name="d03c10Bax61_ssvr" hidden="false" closed="true" simplified="false" border="0 1 0.502" fill="0 0 1" mode="11"
 points="4.90562 4.0014,
	4.89062 3.9864,
	4.90562 3.9714,
	4.92062 3.9864,
	"/>
<Contour name="d03c10Bax61_ssvr" hidden="false" closed="true" simplified="false" border="0 1 0.502" fill="0 0 1" mode="11"
 points="4.8925 4.09801,
	4.8775 4.08301,
	4.8925 4.06801,
	4.9075 4.08301,
	"/>
<Contour name="d03c10Bax61_ssvr" hidden="false" closed="true" simplified="false" border="0 1 0.502" fill="0 0 1" mode="11"
 points="4.86268 4.05508,
	4.84768 4.04008,
	4.86268 4.02508,
	4.87768 4.04008,
	"/>
<Contour name="d03c10Bax61_ssvr" hidden="false" closed="true" simplified="false" border="0 1 0.502" fill="0 0 1" mode="11"
 points="4.83644 3.9537,
	4.82144 3.9387,
	4.83644 3.9237,
	4.85144 3.9387,
	"/>
<Contour name="d03c10Bax61_ssvr" hidden="false" closed="true" simplified="false" border="0 1 0.502" fill="0 0 1" mode="11"
 points="4.70763 4.02526,
	4.69263 4.01026,
	4.70763 3.99526,
	4.72263 4.01026,
	"/>
<Contour name="d03c10Bax61_ssvr" hidden="false" closed="true" simplified="false" border="0 1 0.502" fill="0 0 1" mode="11"
 points="4.60983 3.96801,
	4.59483 3.95301,
	4.60983 3.93801,
	4.62483 3.95301,
	"/>
<Contour name="d03c10Bax61_ssvr" hidden="false" closed="true" simplified="false" border="0 1 0.502" fill="0 0 1" mode="11"
 points="4.52395 4.0348,
	4.50895 4.0198,
	4.52395 4.0048,
	4.53895 4.0198,
	"/>
<Contour name="d03c10Bax61_ssvr" hidden="false" closed="true" simplified="false" border="0 1 0.502" fill="0 0 1" mode="11"
 points="4.61102 4.08132,
	4.59602 4.06632,
	4.61102 4.05132,
	4.62602 4.06632,
	"/>
<Contour name="d03c10Bax61_ssvr" hidden="false" closed="true" simplified="false" border="0 1 0.502" fill="0 0 1" mode="11"
 points="4.63487 4.12545,
	4.61987 4.11045,
	4.63487 4.09545,
	4.64987 4.11045,
	"/>
<Contour name="d03c10Bax61_ssvr" hidden="false" closed="true" simplified="false" border="0 1 0.502" fill="0 0 1" mode="11"
 points="4.65157 4.15765,
	4.63657 4.14265,
	4.65157 4.12765,
	4.66657 4.14265,
	"/>
</Transform>

<Transform dim="0"
 xcoef=" 0 1 0 0 0 0"
 ycoef=" 0 0 1 0 0 0">
<Contour name="d03c10Bax61_ssvr" hidden="false" closed="true" simplified="false" border="0 1 0.502" fill="0 0 1" mode="11"
 points="4.91993 4.32463,
	4.90493 4.30963,
	4.91993 4.29463,
	4.93493 4.30963,
	"/>
</Transform>

<Transform dim="0"
 xcoef=" 0 1 0 0 0 0"
 ycoef=" 0 0 1 0 0 0">
<Contour name="d03" hidden="false" closed="true" simplified="true" border="1 1 0" fill="1 1 0.501961" mode="11"
 points="5.35845 3.83621,
	5.37106 3.80258,
	5.37106 3.76895,
	5.37526 3.75214,
	5.42991 3.68488,
	5.45093 3.65125,
	5.50557 3.584,
	5.535 3.55457,
	5.60225 3.52094,
	5.66951 3.51674,
	5.70314 3.51674,
	5.73677 3.53776,
	5.75358 3.55457,
	5.76619 3.584,
	5.79562 3.61342,
	5.79562 3.64705,
	5.79562 3.65546,
	5.77039 3.68488,
	5.73677 3.69329,
	5.71995 3.70169,
	5.70314 3.73532,
	5.69473 3.76895,
	5.70734 3.80258,
	5.73677 3.832,
	5.73677 3.84882,
	5.70734 3.86983,
	5.67371 3.87824,
	5.60646 3.87824,
	5.58964 3.87824,
	5.55602 3.89506,
	5.52239 3.89506,
	5.48876 3.86563,
	5.45513 3.84461,
	5.42571 3.84041,
	5.39208 3.85302,
	5.37526 3.86143,
	5.36686 3.86143,
	5.35845 3.85302,
	5.35845 3.84041,
	"/>
<Contour name="d03cfa11ax62" hidden="false" closed="false" simplified="false" border="0 1 1" fill="0 1 1" mode="9"
 points="5.71775 3.81943,
	5.70443 3.79279,
	5.69644 3.76349,
	5.69644 3.73419,
	5.71242 3.70489,
	5.73906 3.68092,
	"/>
</Transform>

<Transform dim="0"
 xcoef=" 0 1 0 0 0 0"
 ycoef=" 0 0 1 0 0 0">
<Contour name="ax62" comment="dch traced 08.2018" hidden="false" closed="true" simplified="true" border="0 1 1" fill="0.502 1 1" mode="11"
 points="5.66644 3.78179,
	5.68414 3.74847,
	5.69456 3.73181,
	5.69976 3.72348,
	5.71642 3.70995,
	5.73204 3.69433,
	5.7487 3.686,
	5.75807 3.66934,
	5.76015 3.66517,
	5.75807 3.64851,
	5.75807 3.64018,
	5.76015 3.63185,
	5.76432 3.62352,
	5.79139 3.5902,
	5.79972 3.58292,
	5.80389 3.57875,
	5.80805 3.57771,
	5.81638 3.5725,
	5.82055 3.57042,
	5.82888 3.56938,
	5.83721 3.57042,
	5.85387 3.56626,
	5.85803 3.56522,
	5.86011 3.56313,
	5.86428 3.56313,
	5.86844 3.56001,
	5.87053 3.56001,
	5.87573 3.55168,
	5.87677 3.54751,
	5.87886 3.54543,
	5.87782 3.54127,
	5.88094 3.53294,
	5.88615 3.52461,
	5.89031 3.52148,
	5.89239 3.5194,
	5.90072 3.5194,
	5.91738 3.52252,
	5.92571 3.52669,
	5.93404 3.52877,
	5.94237 3.53294,
	5.94654 3.53502,
	5.97361 3.56834,
	5.99027 3.57875,
	6.00693 3.58187,
	6.02359 3.58292,
	6.03192 3.58396,
	6.04858 3.5902,
	6.06524 3.59958,
	6.06836 3.60791,
	6.06836 3.61207,
	6.0642 3.6204,
	6.05587 3.62665,
	6.0517 3.62873,
	6.04441 3.63706,
	6.04025 3.64123,
	6.03713 3.64956,
	6.01942 3.68288,
	6.01005 3.7162,
	6.00485 3.73286,
	5.99964 3.74119,
	5.99652 3.74951,
	5.99443 3.75368,
	5.99235 3.75576,
	5.98506 3.77242,
	5.97361 3.78908,
	5.96632 3.79741,
	5.94966 3.81095,
	5.94654 3.81928,
	5.94133 3.82761,
	5.93717 3.84427,
	5.93092 3.86093,
	5.92988 3.86926,
	5.92155 3.88592,
	5.91634 3.89425,
	5.90072 3.90987,
	5.88406 3.92132,
	5.8674 3.92444,
	5.85074 3.92444,
	5.84241 3.9234,
	5.82575 3.92444,
	5.80909 3.92132,
	5.80076 3.9182,
	5.76848 3.88696,
	5.76015 3.88175,
	5.72683 3.88384,
	5.7185 3.88384,
	5.71018 3.88175,
	5.70185 3.87446,
	5.7008 3.86613,
	5.70185 3.8578,
	5.69456 3.85052,
	5.68623 3.84531,
	5.68206 3.84427,
	5.6779 3.84114,
	5.67477 3.83281,
	5.67686 3.81615,
	5.67373 3.80782,
	5.66853 3.79949,
	5.66644 3.79116,
	5.66644 3.78283,
	"/>
</Transform>

<Transform dim="0"
 xcoef=" 0 1 0 0 0 0"
 ycoef=" 0 0 1 0 0 0">
<Contour name="d03cfa11ax62" hidden="false" closed="true" simplified="true" border="0 1 0" fill="0 1 0" mode="9"
 points="5.68222 3.75838,
	5.7062 3.71843,
	5.71951 3.69712,
	5.7275 3.68646,
	5.74881 3.67581,
	5.77012 3.67048,
	5.79143 3.67315,
	5.80209 3.67315,
	5.81274 3.68114,
	5.81807 3.69179,
	5.81274 3.77703,
	5.80741 3.78768,
	5.80741 3.79301,
	5.79676 3.801,
	5.79676 3.80633,
	5.75414 3.83296,
	5.74349 3.83296,
	5.73816 3.83296,
	5.71685 3.81165,
	5.70886 3.801,
	5.68755 3.801,
	5.68222 3.79567,
	5.68222 3.77436,
	5.68222 3.76371,
	5.68222 3.76105,
	"/>
</Transform>

<Transform dim="1"
 xcoef=" 0.06 1 0 0 0 0"
 ycoef=" 0 0 1 0 0 0">
<Contour name="d03c11ax62" hidden="false" closed="true" simplified="true" border="0 1 0" fill="0 1 0" mode="9"
 points="5.68222 3.75838,
	5.7062 3.71843,
	5.71951 3.69712,
	5.7275 3.68646,
	5.74881 3.67581,
	5.77012 3.67048,
	5.79143 3.67315,
	5.80209 3.67315,
	5.81274 3.68114,
	5.81807 3.69179,
	5.81274 3.77703,
	5.80741 3.78768,
	5.80741 3.79301,
	5.79676 3.801,
	5.79676 3.80633,
	5.75414 3.83296,
	5.74349 3.83296,
	5.73816 3.83296,
	5.71685 3.81165,
	5.70886 3.801,
	5.68755 3.801,
	5.68222 3.79567,
	5.68222 3.77436,
	5.68222 3.76371,
	5.68222 3.76105,
	"/>
</Transform>

<Transform dim="1"
 xcoef=" -0.13 1 0 0 0 0"
 ycoef=" 0.04 0 1 0 0 0">
<Contour name="d03c11ax62_ssvda" hidden="false" closed="true" simplified="false" border="1 0 0" fill="0 0 1" mode="11"
 points="5.66496 3.78818,
	5.65422 3.77743,
	5.66496 3.76669,
	5.67571 3.77743,
	"/>
</Transform>

<Transform dim="0"
 xcoef=" 0 1 0 0 0 0"
 ycoef=" 0 0 1 0 0 0">
<Contour name="d03c11ax62_ssvr" hidden="false" closed="true" simplified="false" border="0 1 0.502" fill="0 0 1" mode="11"
 points="5.84236 3.70876,
	5.82736 3.69376,
	5.84236 3.67876,
	5.85736 3.69376,
	"/>
<Contour name="d03c11ax62_ssvr" hidden="false" closed="true" simplified="false" border="0 1 0.502" fill="0 0 1" mode="11"
 points="5.8229 3.74768,
	5.8079 3.73268,
	5.8229 3.71768,
	5.8379 3.73268,
	"/>
</Transform>

<Transform dim="0"
 xcoef=" 0 1 0 0 0 0"
 ycoef=" 0 0 1 0 0 0">
<Contour name="ax18" comment="dch traced 08.2018" hidden="false" closed="true" simplified="true" border="0 1 1" fill="0.502 1 1" mode="11"
 points="6.74193 3.61585,
	6.74613 3.60465,
	6.74753 3.59905,
	6.75173 3.59346,
	6.75173 3.59066,
	6.76292 3.58086,
	6.77411 3.57387,
	6.77971 3.57387,
	6.78531 3.57107,
	6.83009 3.57247,
	6.83569 3.57527,
	6.83848 3.57527,
	6.85528 3.59626,
	6.86507 3.60605,
	6.87487 3.61165,
	6.88606 3.61445,
	6.90845 3.61585,
	6.92524 3.63264,
	6.93224 3.64383,
	6.93504 3.64943,
	6.93784 3.65083,
	6.93923 3.65643,
	6.94343 3.66202,
	6.94483 3.68441,
	6.94483 3.69001,
	6.93224 3.711,
	6.92384 3.7208,
	6.91825 3.72359,
	6.91545 3.72639,
	6.90425 3.73059,
	6.89865 3.73339,
	6.87627 3.73759,
	6.86507 3.73759,
	6.84268 3.74318,
	6.82029 3.74318,
	6.8091 3.74179,
	6.7979 3.73759,
	6.77551 3.72219,
	6.76012 3.69981,
	6.74333 3.65503,
	6.74193 3.63264,
	6.74193 3.62144,
	6.74193 3.61725,
	"/>
</Transform>

<Transform dim="0"
 xcoef=" 0 1 0 0 0 0"
 ycoef=" 0 0 1 0 0 0">
<Contour name="ax18" comment="dch traced 08.2018" hidden="false" closed="true" simplified="true" border="0 1 1" fill="0.502 1 1" mode="11"
 points="7.73831 2.24073,
	7.74098 2.23217,
	7.74312 2.2279,
	7.749 2.21934,
	7.75595 2.21079,
	7.76396 2.20384,
	7.77252 2.19796,
	7.77679 2.19529,
	7.77893 2.19315,
	7.78695 2.18888,
	7.78909 2.18834,
	7.79016 2.18834,
	7.79123 2.18727,
	7.80833 2.18246,
	7.81688 2.17979,
	7.82116 2.17819,
	7.82544 2.17765,
	7.82757 2.17712,
	7.82864 2.17605,
	7.83719 2.17338,
	7.85377 2.16322,
	7.8559 2.16215,
	7.85697 2.16108,
	7.85804 2.16108,
	7.86232 2.15841,
	7.86446 2.15734,
	7.86552 2.15627,
	7.88263 2.14932,
	7.89118 2.14825,
	7.89973 2.14825,
	7.90401 2.14825,
	7.91256 2.14986,
	7.92112 2.1536,
	7.92967 2.15841,
	7.93394 2.16108,
	7.93929 2.1691,
	7.94143 2.17338,
	7.9425 2.17444,
	7.94517 2.183,
	7.94891 2.2001,
	7.95479 2.21721,
	7.9596 2.22576,
	7.96067 2.22683,
	7.96067 2.2279,
	7.96281 2.2295,
	7.96869 2.23698,
	7.98472 2.25142,
	7.99114 2.25997,
	7.99381 2.26424,
	7.99648 2.2728,
	7.99755 2.27494,
	7.99862 2.29204,
	7.99862 2.30914,
	7.99755 2.31128,
	7.99702 2.31556,
	7.99702 2.31663,
	7.99595 2.3177,
	7.99595 2.31984,
	7.99274 2.32839,
	7.99274 2.32946,
	7.99167 2.33053,
	7.99114 2.33266,
	7.98579 2.34122,
	7.97884 2.34923,
	7.97029 2.35618,
	7.96174 2.36206,
	7.9596 2.36367,
	7.95853 2.36367,
	7.95158 2.36955,
	7.9441 2.37756,
	7.93769 2.38612,
	7.93394 2.39039,
	7.92646 2.3952,
	7.92432 2.39627,
	7.91577 2.39734,
	7.90722 2.39734,
	7.90294 2.39627,
	7.89867 2.3936,
	7.89439 2.392,
	7.89225 2.39039,
	7.89011 2.38986,
	7.88584 2.38665,
	7.88263 2.38398,
	7.87835 2.38131,
	7.87087 2.37382,
	7.86392 2.36741,
	7.85697 2.35992,
	7.85323 2.35618,
	7.85109 2.35244,
	7.84735 2.34817,
	7.84468 2.34442,
	7.84361 2.34229,
	7.84254 2.34122,
	7.84254 2.34015,
	7.83719 2.33159,
	7.83506 2.32732,
	7.82383 2.31021,
	7.81581 2.3022,
	7.80726 2.29739,
	7.79978 2.29257,
	7.79871 2.29257,
	7.79764 2.29151,
	7.79657 2.29151,
	7.7955 2.29044,
	7.79443 2.29044,
	7.79229 2.28883,
	7.77519 2.28295,
	7.77091 2.28188,
	7.76984 2.28082,
	7.76557 2.27975,
	7.7645 2.27868,
	7.76343 2.27868,
	7.76236 2.27761,
	7.76022 2.27707,
	7.75167 2.27119,
	7.74472 2.26318,
	7.74205 2.25943,
	7.73884 2.25088,
	7.73831 2.24233,
	7.73831 2.24126,
	"/>
</Transform>

<Transform dim="0"
 xcoef=" 0 1 0 0 0 0"
 ycoef=" 0 0 1 0 0 0">
<Contour name="ax72" comment="dch traced 08.2018" hidden="false" closed="true" simplified="true" border="0 1 1" fill="0.502 1 1" mode="9"
 points="5.39281 4.70651,
	5.39423 4.70083,
	5.39423 4.698,
	5.3999 4.68664,
	5.40558 4.68167,
	5.41693 4.67671,
	5.42261 4.67458,
	5.42829 4.67387,
	5.43964 4.67458,
	5.451 4.67316,
	5.46235 4.66961,
	5.48506 4.65968,
	5.49641 4.65471,
	5.50777 4.64619,
	5.51273 4.64122,
	5.51628 4.63555,
	5.51841 4.63271,
	5.51983 4.63129,
	5.52054 4.62845,
	5.52905 4.6171,
	5.5397 4.60574,
	5.54538 4.60149,
	5.55673 4.5951,
	5.56808 4.59084,
	5.57376 4.58871,
	5.5766 4.58729,
	5.58795 4.58587,
	5.59931 4.58658,
	5.60498 4.58658,
	5.60782 4.588,
	5.61918 4.58942,
	5.63053 4.59226,
	5.65324 4.60149,
	5.66459 4.60645,
	5.67027 4.61142,
	5.67311 4.61426,
	5.67879 4.62561,
	5.68091 4.63129,
	5.68021 4.64264,
	5.6795 4.64548,
	5.68021 4.65116,
	5.68659 4.66251,
	5.68872 4.66535,
	5.69369 4.67671,
	5.69582 4.68238,
	5.69724 4.69374,
	5.69795 4.69941,
	5.69724 4.71077,
	5.69724 4.7129,
	5.6944 4.71786,
	5.69298 4.7207,
	5.68801 4.72567,
	5.67666 4.73277,
	5.67382 4.73348,
	5.6724 4.7349,
	5.66105 4.73631,
	5.65537 4.73631,
	5.65253 4.73631,
	5.65111 4.73561,
	5.63905 4.7278,
	5.62769 4.72354,
	5.60498 4.71786,
	5.59363 4.71645,
	5.58795 4.71574,
	5.5766 4.71716,
	5.57092 4.71786,
	5.55957 4.72425,
	5.55389 4.72638,
	5.55105 4.72709,
	5.5397 4.73348,
	5.51699 4.74341,
	5.51415 4.74483,
	5.49144 4.74767,
	5.48577 4.74909,
	5.46306 4.74767,
	5.45171 4.74767,
	5.429 4.7427,
	5.41764 4.73773,
	5.40629 4.73064,
	5.39706 4.71999,
	5.39423 4.71432,
	5.39281 4.71148,
	5.39281 4.70864,
	5.39281 4.70722,
	"/>
</Transform>

</Section>