<?xml version="1.0"?>
<!DOCTYPE Section SYSTEM "section.dtd">

<Section index="149" thickness="0.06" alignLocked="true">
<Transform dim="0"
 xcoef=" 0 1 0 0 0 0"
 ycoef=" 0 0 1 0 0 0">
<Contour name="d02" hidden="false" closed="true" simplified="true" border="0.5 0 1" fill="0.5 0 1" mode="9"
 points="2.2414 4.04578,
	2.25871 4.01116,
	2.26737 4.00251,
	2.27169 3.93327,
	2.289 3.89866,
	2.30631 3.88568,
	2.34093 3.89,
	2.36689 3.92029,
	2.3842 3.9376,
	2.41881 3.9376,
	2.43612 3.9376,
	2.46641 3.96789,
	2.47939 3.98087,
	2.48372 3.99818,
	2.48372 4.00683,
	2.50103 4.02414,
	2.51833 4.0328,
	2.52699 4.0328,
	2.53564 4.04145,
	2.53131 4.07607,
	2.51833 4.11068,
	2.4967 4.14097,
	2.42747 4.1453,
	2.39285 4.1453,
	2.37554 4.1453,
	2.34093 4.12799,
	2.32362 4.12799,
	2.289 4.11068,
	2.25438 4.08472,
	2.2414 4.0501,
	"/>
<Contour name="d02" hidden="false" closed="true" simplified="true" border="0.5 0 1" fill="0.5 0 1" mode="9"
 points="1.79139 3.21931,
	1.82601 3.1847,
	1.84764 3.15008,
	1.8563 3.08085,
	1.86062 3.04623,
	1.86495 3.02892,
	1.88226 3.01162,
	1.87793 2.99431,
	1.89524 2.95969,
	1.94717 2.89046,
	2.08563 2.76497,
	2.15486 2.7217,
	2.18515 2.68709,
	2.28035 2.55295,
	2.31496 2.52699,
	2.3842 2.49237,
	2.41881 2.47939,
	2.48372 2.42747,
	2.50968 2.39285,
	2.52266 2.37554,
	2.53564 2.30631,
	2.53997 2.23708,
	2.5443 2.20246,
	2.57458 2.17217,
	2.59189 2.15486,
	2.60055 2.14621,
	2.60487 2.07698,
	2.59622 2.00774,
	2.58324 1.97313,
	2.57026 1.95582,
	2.55728 1.9212,
	2.55728 1.85197,
	2.55728 1.81735,
	2.5443 1.78274,
	2.52266 1.74812,
	2.51401 1.73081,
	2.4491 1.66158,
	2.44045 1.64427,
	2.44045 1.60966,
	2.44045 1.59235,
	2.45343 1.57504,
	2.48804 1.55773,
	2.50535 1.54908,
	2.57458 1.54042,
	2.6092 1.5361,
	2.67843 1.50581,
	2.74767 1.45821,
	2.78228 1.42359,
	2.80392 1.38898,
	2.81257 1.37167,
	2.84719 1.34138,
	2.8818 1.33705,
	2.89911 1.33705,
	2.90777 1.40629,
	2.92507 1.41061,
	2.93373 1.41494,
	2.93806 1.44956,
	2.93806 1.46686,
	2.93806 1.47552,
	2.92507 1.49283,
	2.90777 1.56206,
	2.90344 1.63129,
	2.90344 1.66591,
	2.89911 1.68322,
	2.86882 1.71783,
	2.86882 1.72649,
	2.86017 1.73514,
	2.85584 1.75245,
	2.82555 1.78274,
	2.80392 1.81735,
	2.79526 1.83466,
	2.79094 1.86928,
	2.78661 1.88659,
	2.75632 1.9212,
	2.74767 1.95582,
	2.71305 2.02505,
	2.69574 2.05967,
	2.69141 2.1289,
	2.69141 2.16352,
	2.62651 2.23275,
	2.60487 2.26737,
	2.59622 2.30198,
	2.59622 2.37121,
	2.58324 2.38852,
	2.57026 2.45775,
	2.56593 2.49237,
	2.57026 2.5616,
	2.57458 2.59622,
	2.57891 2.61353,
	2.54862 2.64814,
	2.53131 2.66545,
	2.4967 2.68709,
	2.46208 2.69574,
	2.45775 2.76497,
	2.46641 2.83421,
	2.4967 2.86882,
	2.50535 2.88613,
	2.50968 2.95536,
	2.4967 2.98998,
	2.47506 3.0246,
	2.47074 3.09383,
	2.47074 3.12845,
	2.47074 3.14575,
	2.49237 3.18037,
	2.52266 3.21066,
	2.53131 3.27989,
	2.53131 3.41836,
	2.53131 3.45297,
	2.49237 3.52221,
	2.47074 3.55682,
	2.44045 3.58711,
	2.40583 3.60875,
	2.37121 3.62173,
	2.3366 3.62605,
	2.30198 3.62173,
	2.23275 3.59144,
	2.19813 3.58711,
	2.16352 3.56115,
	2.13755 3.52653,
	2.12457 3.49192,
	2.05534 3.42701,
	2.02072 3.41836,
	1.95149 3.41403,
	1.91688 3.4097,
	1.89957 3.39672,
	1.89091 3.3621,
	1.86928 3.32749,
	1.80437 3.27124,
	1.79139 3.23662,
	1.79139 3.22364,
	"/>
</Transform>

<Transform dim="0"
 xcoef=" 0 1 0 0 0 0"
 ycoef=" 0 0 1 0 0 0">
<Contour name="d02" hidden="false" closed="true" simplified="true" border="0.5 0 1" fill="0.5 0 1" mode="9"
 points="0.610527 3.07042,
	0.663874 2.97558,
	0.693511 2.88074,
	0.705366 2.85703,
	0.705366 2.66735,
	0.693511 2.64364,
	0.669801 2.61993,
	0.675728 2.57251,
	0.687583 2.5488,
	0.711293 2.52509,
	0.735003 2.51324,
	0.758713 2.51324,
	0.817987 2.60807,
	0.847624 2.70291,
	0.865407 2.75033,
	0.871334 2.77404,
	0.912826 2.82146,
	0.912826 2.86888,
	0.912826 2.88074,
	0.960246 2.92816,
	0.983956 2.93408,
	1.02545 2.97558,
	1.07287 3.00521,
	1.12029 3.01707,
	1.16771 3.04671,
	1.26255 3.05263,
	1.30996 3.05263,
	1.33367 3.05263,
	1.35146 3.07634,
	1.35146 3.0882,
	1.39888 3.10005,
	1.49372 3.1534,
	1.50557 3.1534,
	1.51743 3.16525,
	1.52928 3.16525,
	1.54114 3.17711,
	1.58855 3.17711,
	1.61226 3.17711,
	1.63597 3.19489,
	1.64783 3.20675,
	1.64783 3.25417,
	1.64783 3.27788,
	1.64783 3.28973,
	1.62412 3.30159,
	1.5767 3.30159,
	1.56484 3.30159,
	1.54706 3.27788,
	1.35738 3.27195,
	1.16771 3.27788,
	1.12029 3.27195,
	1.10843 3.27195,
	1.09658 3.26009,
	1.04916 3.24824,
	0.859479 3.24824,
	0.81206 3.24824,
	0.78835 3.24824,
	0.76464 3.26602,
	0.717221 3.27788,
	0.693511 3.29566,
	0.669801 3.30159,
	0.646091 3.29566,
	0.622382 3.20082,
	0.622382 3.1534,
	0.610527 3.10598,
	0.610527 3.08227,
	0.610527 3.07634,
	"/>
</Transform>

<Transform dim="0"
 xcoef=" 0 1 0 0 0 0"
 ycoef=" 0 0 1 0 0 0">
<Contour name="d02c45" hidden="false" closed="true" simplified="true" border="0 1 0" fill="0 1 0" mode="9"
 points="2.5185 1.53923,
	2.53973 1.52596,
	2.56096 1.52596,
	2.60342 1.51004,
	2.64588 1.48615,
	2.68835 1.46758,
	2.70958 1.45696,
	2.74938 1.42246,
	2.76531 1.40388,
	2.77592 1.39327,
	2.78388 1.38796,
	2.79715 1.36673,
	2.80246 1.35877,
	2.81308 1.35081,
	2.83431 1.34815,
	2.84492 1.34815,
	2.84758 1.39062,
	2.84492 1.41185,
	2.83165 1.45431,
	2.82104 1.47288,
	2.78123 1.50738,
	2.76 1.52861,
	2.73877 1.53658,
	2.65385 1.59496,
	2.61138 1.61354,
	2.60077 1.61885,
	2.59015 1.61885,
	2.56892 1.60823,
	2.54769 1.59231,
	2.52911 1.57108,
	2.52115 1.56046,
	2.5185 1.54188,
	"/>
<Contour name="d02cfa45" hidden="false" closed="false" simplified="false" border="0 1 1" fill="0 1 1" mode="9"
 points="2.52251 1.55097,
	2.58886 1.55362,
	2.64459 1.55097,
	2.72951 1.5085,
	2.79055 1.45543,
	2.82505 1.39173,
	2.83832 1.34662,
	"/>
</Transform>

<Transform dim="0"
 xcoef=" 0 1 0 0 0 0"
 ycoef=" 0 0 1 0 0 0">
<Contour name="d03cfa31" hidden="false" closed="false" simplified="false" border="0 1 1" fill="0 1 1" mode="9"
 points="2.92087 6.23731,
	2.90386 6.2203,
	2.88969 6.19479,
	2.88685 6.16077,
	2.89252 6.11825,
	2.91236 6.07572,
	"/>
</Transform>

<Transform dim="0"
 xcoef=" 0 1 0 0 0 0"
 ycoef=" 0 0 1 0 0 0">
<Contour name="d03c32a" hidden="false" closed="true" simplified="true" border="1 0 0" fill="0 1 0" mode="9"
 points="1.19663 5.10794,
	1.20652 5.10052,
	1.2263 5.10052,
	1.24608 5.11041,
	1.26339 5.12772,
	1.26586 5.13761,
	1.28317 5.15244,
	1.26586 5.16727,
	1.24608 5.16975,
	1.2263 5.16233,
	1.21641 5.15739,
	1.1991 5.13761,
	1.19663 5.11783,
	1.19663 5.11041,
	"/>
<Contour name="d03cfa32a" hidden="false" closed="false" simplified="false" border="0 1 1" fill="0 1 1" mode="9"
 points="1.27623 5.15784,
	1.25151 5.14795,
	1.21689 5.12817,
	1.19959 5.10345,
	"/>
</Transform>

<Transform dim="0"
 xcoef=" 0 1 0 0 0 0"
 ycoef=" 0 0 1 0 0 0">
<Contour name="d03c33a" hidden="false" closed="true" simplified="true" border="1 0 0" fill="0 1 0" mode="9"
 points="0.296686 6.26254,
	0.306575 6.25265,
	0.326354 6.24276,
	0.365912 6.23782,
	0.385691 6.2304,
	0.395581 6.22545,
	0.427722 6.26007,
	0.435139 6.26748,
	0.454918 6.2749,
	0.469752 6.29468,
	0.477169 6.31446,
	0.499421 6.35402,
	0.499421 6.3738,
	0.492004 6.39358,
	0.489531 6.39852,
	0.469752 6.3911,
	0.454918 6.37132,
	0.435139 6.35154,
	0.425249 6.34166,
	0.41536 6.33918,
	0.375802 6.30704,
	0.358495 6.29468,
	0.318937 6.29221,
	0.299158 6.28974,
	0.296686 6.26996,
	0.296686 6.26501,
	"/>
<Contour name="d03cfa33a" hidden="false" closed="false" simplified="false" border="0 1 1" fill="0 1 1" mode="9"
 points="0.487542 6.3965,
	0.445512 6.31244,
	0.378758 6.27288,
	0.294697 6.25805,
	"/>
</Transform>

<Transform dim="0"
 xcoef=" 0 1 0 0 0 0"
 ycoef=" 0 0 1 0 0 0">
<Contour name="d04" hidden="false" closed="true" simplified="true" border="1 0 0" fill="1 0 0" mode="9"
 points="5.85318 4.84418,
	5.88747 4.76581,
	5.88747 4.72663,
	5.88747 4.70704,
	5.89727 4.68744,
	5.90216 4.67765,
	5.92176 4.68255,
	5.93155 4.69234,
	5.95114 4.68744,
	5.95604 4.72663,
	5.98053 4.76581,
	6.01482 4.805,
	6.02951 4.82459,
	6.02951 4.84418,
	6.02951 4.85398,
	6.0687 4.88337,
	6.08829 4.90296,
	6.09809 4.91276,
	6.09809 4.95194,
	6.09809 4.96174,
	6.0589 4.96663,
	5.90216 4.96174,
	5.88257 4.96174,
	5.86298 4.95194,
	5.85318 4.93235,
	5.85318 4.85398,
	5.85318 4.84908,
	"/>
<Contour name="d04" hidden="false" closed="true" simplified="true" border="1 0 0" fill="1 0 0" mode="9"
 points="3.32578 4.95194,
	3.36987 4.87357,
	3.37966 4.83439,
	3.37966 4.7952,
	3.36497 4.77561,
	3.35517 4.76581,
	3.36007 4.72663,
	3.39436 4.70214,
	3.41395 4.69234,
	3.45313 4.69234,
	3.48742 4.72663,
	3.50701 4.74622,
	3.58538 4.7903,
	3.62457 4.8001,
	3.64416 4.8001,
	3.72253 4.87357,
	3.72742 4.91276,
	3.71273 4.95194,
	3.67844 4.98623,
	3.63926 5.01072,
	3.61967 5.01561,
	3.58538 5.045,
	3.57558 5.0548,
	3.5364 5.06949,
	3.49722 5.07439,
	3.47762 5.07439,
	3.46783 5.08419,
	3.46783 5.09398,
	3.44823 5.11358,
	3.43844 5.13317,
	3.42864 5.14296,
	3.38946 5.14296,
	3.36987 5.13807,
	3.34048 5.10378,
	3.32578 5.0646,
	3.32578 4.98623,
	3.32578 4.96663,
	3.32578 4.95684,
	"/>
<Contour name="d04" hidden="false" closed="true" simplified="true" border="1 0 0" fill="1 0 0" mode="9"
 points="3.89886 4.08008,
	3.93804 4.0458,
	4.01641 4.00661,
	4.09478 3.95763,
	4.13396 3.93314,
	4.17315 3.92335,
	4.25152 3.91845,
	4.2907 3.90375,
	4.32989 3.90375,
	4.34948 3.90865,
	4.36907 3.92335,
	4.38866 3.92824,
	4.5454 3.92335,
	4.62377 3.90865,
	4.64336 3.91355,
	4.68255 3.95274,
	4.72173 3.97233,
	4.73153 3.98212,
	4.8099 3.98212,
	4.82949 3.98212,
	4.86867 4.00661,
	4.90786 4.01641,
	4.91765 4.01641,
	4.93235 4.036,
	4.93725 4.11437,
	4.93235 4.13396,
	4.93235 4.14376,
	4.89316 4.17315,
	4.86867 4.21233,
	4.86867 4.23192,
	4.84908 4.27111,
	4.84418 4.2907,
	4.82949 4.31029,
	4.67275 4.31029,
	4.59438 4.31029,
	4.57479 4.31029,
	4.5552 4.32009,
	4.47683 4.31519,
	4.43764 4.3054,
	4.39846 4.2858,
	4.32009 4.23192,
	4.28091 4.20743,
	4.24172 4.19764,
	4.08498 4.19274,
	4.00661 4.19274,
	3.96743 4.18784,
	3.94784 4.18784,
	3.92824 4.17805,
	3.90865 4.15845,
	3.89886 4.11927,
	3.89886 4.08498,
	"/>
<Contour name="d04" hidden="false" closed="true" simplified="true" border="1 0 0" fill="1 0 0" mode="9"
 points="4.25641 3.38946,
	4.26621 3.36987,
	4.3054 3.34048,
	4.38376 3.33558,
	4.46213 3.34538,
	4.50132 3.37966,
	4.57969 3.41395,
	4.59928 3.41885,
	4.62867 3.45313,
	4.63357 3.49232,
	4.62377 3.57069,
	4.61887 3.59028,
	4.59928 3.60497,
	4.56009 3.61967,
	4.48173 3.62457,
	4.46703 3.62946,
	4.44744 3.64416,
	4.43764 3.64416,
	4.41805 3.66375,
	4.40825 3.68334,
	4.40336 3.69314,
	4.38376 3.68824,
	4.35927 3.65395,
	4.34948 3.64416,
	4.34948 3.62457,
	4.31519 3.5462,
	4.2956 3.5266,
	4.26131 3.50211,
	4.25641 3.42374,
	4.25641 3.40415,
	4.25641 3.39436,
	"/>
</Transform>

<Transform dim="0"
 xcoef=" 0 1 0 0 0 0"
 ycoef=" 0 0 1 0 0 0">
<Contour name="d04c34b" hidden="false" closed="true" simplified="true" border="0 1 0" fill="0 1 0" mode="9"
 points="3.47116 5.06637,
	3.47903 5.05587,
	3.51838 5.02963,
	3.56036 5.01651,
	3.57086 5.01127,
	3.58135 5.01127,
	3.60234 5.0034,
	3.61284 5.0034,
	3.61808 5.0034,
	3.62071 5.02439,
	3.60759 5.04538,
	3.60759 5.05062,
	3.58922 5.06899,
	3.5866 5.07424,
	3.58135 5.07424,
	3.542 5.1031,
	3.52101 5.1031,
	3.50002 5.10834,
	3.47903 5.10834,
	3.47116 5.09785,
	3.47116 5.07686,
	3.47116 5.06899,
	"/>
<Contour name="d04cfa34b" hidden="false" closed="false" simplified="false" border="0 1 1" fill="0 1 1" mode="9"
 points="3.6233 5.01638,
	3.58132 5.0295,
	3.52098 5.05574,
	3.47375 5.10034,
	"/>
</Transform>

<Transform dim="0"
 xcoef=" 0 1 0 0 0 0"
 ycoef=" 0 0 1 0 0 0">
<Contour name="d04c35" hidden="false" closed="true" simplified="true" border="0 1 0" fill="0 1 0" mode="9"
 points="4.30812 3.34259,
	4.31336 3.3321,
	4.31336 3.32685,
	4.32386 3.31636,
	4.34485 3.31111,
	4.42881 3.30849,
	4.43405 3.31373,
	4.47603 3.31373,
	4.48653 3.31636,
	4.49702 3.32423,
	4.51801 3.3321,
	4.53375 3.34784,
	4.54163 3.35834,
	4.54687 3.36358,
	4.54687 3.36883,
	4.55474 3.3767,
	4.55474 3.39769,
	4.55212 3.40819,
	4.5495 3.41343,
	4.46554 3.40819,
	4.38158 3.39244,
	4.36059 3.38457,
	4.3396 3.38195,
	4.31861 3.37145,
	4.31074 3.36096,
	4.30812 3.35047,
	4.30812 3.34522,
	"/>
<Contour name="d04cfa35" hidden="false" closed="false" simplified="false" border="0 1 1" fill="0 1 1" mode="9"
 points="4.55209 3.40805,
	4.51011 3.37394,
	4.39467 3.34508,
	4.31071 3.34508,
	"/>
</Transform>

<Transform dim="0"
 xcoef=" 0 1 0 0 0 0"
 ycoef=" 0 0 1 0 0 0">
<Contour name="d03c31" hidden="false" closed="true" simplified="true" border="1 0 0" fill="0 1 0" mode="9"
 points="2.85186 6.16865,
	2.86037 6.14597,
	2.88872 6.10061,
	2.90006 6.07793,
	2.90289 6.07226,
	2.92557 6.07226,
	2.93974 6.09494,
	2.94541 6.18565,
	2.95392 6.19699,
	2.95675 6.20833,
	2.94825 6.23101,
	2.93691 6.23952,
	2.93124 6.24519,
	2.9199 6.24519,
	2.87454 6.23101,
	2.8547 6.21117,
	2.85186 6.18849,
	2.85186 6.17715,
	2.85186 6.17148,
	"/>
</Transform>

<Transform dim="0"
 xcoef=" 0 1 0 0 0 0"
 ycoef=" 0 0 1 0 0 0">
<Contour name="d03c34ax23_ssvr" hidden="false" closed="true" simplified="false" border="0 1 0.502" fill="0 0 1" mode="11"
 points="2.89683 5.44299,
	2.88326 5.42942,
	2.89683 5.41585,
	2.9104 5.42942,
	"/>
<Contour name="d03c34ax23_ssvr" hidden="false" closed="true" simplified="false" border="0 1 0.502" fill="0 0 1" mode="11"
 points="2.93754 5.39841,
	2.92397 5.38484,
	2.93754 5.37127,
	2.95111 5.38484,
	"/>
<Contour name="d03c34ax23_ssvr" hidden="false" closed="true" simplified="false" border="0 1 0.502" fill="0 0 1" mode="11"
 points="3.05966 5.42555,
	3.04609 5.41198,
	3.05966 5.39841,
	3.07322 5.41198,
	"/>
<Contour name="d03c34ax23_ssvr" hidden="false" closed="true" simplified="false" border="0 1 0.502" fill="0 0 1" mode="11"
 points="3.12944 5.37321,
	3.11587 5.35964,
	3.12944 5.34607,
	3.14301 5.35964,
	"/>
<Contour name="d03c34ax23_ssvr" hidden="false" closed="true" simplified="false" border="0 1 0.502" fill="0 0 1" mode="11"
 points="3.04221 5.36933,
	3.02864 5.35576,
	3.04221 5.3422,
	3.05578 5.35576,
	"/>
<Contour name="d03c34ax23_ssvr" hidden="false" closed="true" simplified="false" border="0 1 0.502" fill="0 0 1" mode="11"
 points="3.21085 5.46625,
	3.19728 5.45268,
	3.21085 5.43911,
	3.22442 5.45268,
	"/>
</Transform>

<Transform dim="0"
 xcoef=" 0 1 0 0 0 0"
 ycoef=" 0 0 1 0 0 0">
<Contour name="d04c37ax30_ssvr" hidden="false" closed="true" simplified="false" border="0 1 0.502" fill="0 0 1" mode="11"
 points="6.43651 5.02169,
	6.42416 5.00934,
	6.43651 4.997,
	6.44886 5.00934,
	"/>
<Contour name="d04c37ax30_ssvr" hidden="false" closed="true" simplified="false" border="0 1 0.502" fill="0 0 1" mode="11"
 points="6.27774 5.00582,
	6.26539 4.99347,
	6.27774 4.98112,
	6.29009 4.99347,
	"/>
<Contour name="d04c37ax30_ssvr" hidden="false" closed="true" simplified="false" border="0 1 0.502" fill="0 0 1" mode="11"
 points="6.22834 4.88232,
	6.21599 4.86998,
	6.22834 4.85763,
	6.24069 4.86998,
	"/>
</Transform>

<Transform dim="0"
 xcoef=" 0 1 0 0 0 0"
 ycoef=" 0 0 1 0 0 0">
<Contour name="d04c40ax31_ssvr" hidden="false" closed="true" simplified="false" border="0 1 0.502" fill="0 0 1" mode="11"
 points="6.16963 4.01242,
	6.15682 3.99961,
	6.16963 3.9868,
	6.18244 3.99961,
	"/>
<Contour name="d04c40ax31_ssvr" hidden="false" closed="true" simplified="false" border="0 1 0.502" fill="0 0 1" mode="11"
 points="6.10923 4.02157,
	6.09642 4.00876,
	6.10923 3.99595,
	6.12204 4.00876,
	"/>
<Contour name="d04c40ax31_ssvr" hidden="false" closed="true" simplified="false" border="0 1 0.502" fill="0 0 1" mode="11"
 points="6.12204 4.12406,
	6.10923 4.11125,
	6.12204 4.09844,
	6.13485 4.11125,
	"/>
<Contour name="d04c40ax31_ssvr" hidden="false" closed="true" simplified="false" border="0 1 0.502" fill="0 0 1" mode="11"
 points="6.44415 4.34185,
	6.43134 4.32904,
	6.44415 4.31623,
	6.45696 4.32904,
	"/>
</Transform>

<Transform dim="0"
 xcoef=" 0 1 0 0 0 0"
 ycoef=" 0 0 1 0 0 0">
<Contour name="d01" hidden="false" closed="true" simplified="true" border="1 0.502 0" fill="1 0.502 0" mode="9"
 points="4.80555 5.63662,
	4.81341 5.61565,
	4.82652 5.59729,
	4.86322 5.57108,
	4.90517 5.54748,
	4.92614 5.53175,
	4.93663 5.52389,
	4.94187 5.51602,
	4.96285 5.49767,
	4.97071 5.48718,
	5.01266 5.46097,
	5.03363 5.44786,
	5.05461 5.43999,
	5.06247 5.42951,
	5.06771 5.42426,
	5.07034 5.40329,
	5.07558 5.3928,
	5.11753 5.36134,
	5.12801 5.35348,
	5.14899 5.34823,
	5.16996 5.35086,
	5.19093 5.35872,
	5.20142 5.3561,
	5.20666 5.35086,
	5.21191 5.35086,
	5.22239 5.34299,
	5.26434 5.34561,
	5.28531 5.33775,
	5.32202 5.30367,
	5.3325 5.2958,
	5.35348 5.28794,
	5.36396 5.28269,
	5.36921 5.28269,
	5.3797 5.27483,
	5.40067 5.26696,
	5.41116 5.26434,
	5.41902 5.25648,
	5.42426 5.25648,
	5.44524 5.24337,
	5.45572 5.2355,
	5.4767 5.23026,
	5.49767 5.23288,
	5.50554 5.24337,
	5.51078 5.26434,
	5.50816 5.30629,
	5.50029 5.34823,
	5.49505 5.36921,
	5.49505 5.37445,
	5.46883 5.41378,
	5.45048 5.43213,
	5.40853 5.43475,
	5.38756 5.44262,
	5.37707 5.44786,
	5.3561 5.44786,
	5.31415 5.43999,
	5.27221 5.43737,
	5.25123 5.43213,
	5.23026 5.43737,
	5.18831 5.45835,
	5.15423 5.49505,
	5.14374 5.50554,
	5.1385 5.51078,
	5.1385 5.51602,
	5.12539 5.537,
	5.09131 5.56583,
	5.07034 5.5737,
	5.04936 5.57632,
	5.03888 5.57894,
	5.03363 5.57894,
	5.01266 5.59467,
	4.9812 5.634,
	4.95498 5.67332,
	4.91566 5.70478,
	4.89468 5.71789,
	4.87371 5.72051,
	4.86322 5.72051,
	4.85274 5.71527,
	4.84749 5.71527,
	4.82914 5.69954,
	4.81341 5.67857,
	4.80555 5.65759,
	4.80555 5.63924,
	"/>
<Contour name="d01" hidden="false" closed="true" simplified="true" border="1 0.502 0" fill="1 0.502 0" mode="9"
 points="3.51568 5.34299,
	3.52616 5.32202,
	3.53403 5.31153,
	3.54452 5.30629,
	3.55238 5.2958,
	3.57335 5.28794,
	3.59433 5.29056,
	3.60482 5.2958,
	3.6153 5.31677,
	3.61792 5.33775,
	3.60482 5.3797,
	3.57073 5.42164,
	3.54976 5.43475,
	3.53927 5.43475,
	3.52616 5.41378,
	3.5183 5.3928,
	3.51568 5.35086,
	3.51568 5.34561,
	"/>
<Contour name="d01" hidden="false" closed="true" simplified="true" border="1 0.502 0" fill="1 0.502 0" mode="9"
 points="2.81044 5.66808,
	2.81831 5.65759,
	2.83928 5.64449,
	2.84977 5.64186,
	2.86026 5.634,
	2.94415 5.6104,
	2.9861 5.59729,
	3.02804 5.59205,
	3.04902 5.59205,
	3.09097 5.58156,
	3.09621 5.58156,
	3.09883 5.5737,
	3.1198 5.58156,
	3.14078 5.59467,
	3.15913 5.61302,
	3.15389 5.634,
	3.12243 5.67332,
	3.11718 5.68381,
	3.11456 5.72576,
	3.11194 5.73624,
	3.09621 5.7546,
	3.08572 5.76508,
	3.04377 5.77819,
	3.03853 5.77819,
	3.03067 5.78606,
	3.01756 5.828,
	3.00183 5.84635,
	2.98348 5.85946,
	2.9625 5.86733,
	2.94153 5.86471,
	2.92056 5.85422,
	2.90483 5.83587,
	2.9022 5.82538,
	2.86812 5.78606,
	2.85764 5.77819,
	2.84453 5.75984,
	2.82618 5.73887,
	2.82618 5.73362,
	2.81831 5.72314,
	2.81044 5.68119,
	2.81044 5.6707,
	"/>
<Contour name="d01" hidden="false" closed="true" simplified="true" border="1 0.502 0" fill="1 0.502 0" mode="9"
 points="2.18648 5.18569,
	2.19435 5.16472,
	2.19959 5.15423,
	2.19959 5.13326,
	2.20746 5.11228,
	2.2363 5.07034,
	2.25989 5.02839,
	2.27038 5.02052,
	2.29135 4.9812,
	2.29659 4.97596,
	2.3097 4.93401,
	2.31757 4.91304,
	2.32019 4.90255,
	2.33068 4.89206,
	2.33592 4.88682,
	2.34116 4.88682,
	2.38311 4.85536,
	2.40408 4.85011,
	2.44603 4.85274,
	2.467 4.84749,
	2.50895 4.82914,
	2.52992 4.82652,
	2.54041 4.82128,
	2.58236 4.82128,
	2.62431 4.82914,
	2.64528 4.83963,
	2.65577 4.84225,
	2.69247 4.87371,
	2.70558 4.89468,
	2.72393 4.91041,
	2.7449 4.9209,
	2.76588 4.92614,
	2.80782 4.95236,
	2.81831 4.96285,
	2.8288 4.98382,
	2.82355 5.00479,
	2.81044 5.02577,
	2.7685 5.05461,
	2.76325 5.05985,
	2.75801 5.05985,
	2.71606 5.08344,
	2.69509 5.08869,
	2.65314 5.08869,
	2.63217 5.08869,
	2.6112 5.09393,
	2.60071 5.09655,
	2.58236 5.11228,
	2.57449 5.12015,
	2.57187 5.13064,
	2.57974 5.17258,
	2.57974 5.21453,
	2.57712 5.2355,
	2.57187 5.24599,
	2.56663 5.28794,
	2.56663 5.32988,
	2.55352 5.37183,
	2.53517 5.39018,
	2.51682 5.40329,
	2.49584 5.41116,
	2.48536 5.4164,
	2.44341 5.41378,
	2.42244 5.40853,
	2.38049 5.38756,
	2.34379 5.36396,
	2.32281 5.3561,
	2.28873 5.32464,
	2.28086 5.30367,
	2.26251 5.28531,
	2.24154 5.27221,
	2.2363 5.27221,
	2.21532 5.25123,
	2.18648 5.20929,
	2.18648 5.18831,
	"/>
<Contour name="d01" hidden="false" closed="true" simplified="true" border="1 0.502 0" fill="1 0.502 0" mode="9"
 points="3.70968 5.634,
	3.71755 5.61302,
	3.72017 5.60254,
	3.74901 5.56583,
	3.76736 5.5501,
	3.78833 5.54224,
	3.79358 5.537,
	3.79882 5.537,
	3.81455 5.51864,
	3.8329 5.47932,
	3.83552 5.46883,
	3.83552 5.46359,
	3.84339 5.4531,
	3.86436 5.43999,
	3.87485 5.43475,
	3.91417 5.39805,
	3.99545 5.34823,
	4.03739 5.32726,
	4.04001 5.32202,
	4.04526 5.32202,
	4.0505 5.31677,
	4.07147 5.31153,
	4.11342 5.31415,
	4.1344 5.32464,
	4.15013 5.34299,
	4.1711 5.35348,
	4.19207 5.3561,
	4.20256 5.35872,
	4.2078 5.35872,
	4.22878 5.37183,
	4.24975 5.39018,
	4.27072 5.40329,
	4.2917 5.41116,
	4.33364 5.41378,
	4.35462 5.42164,
	4.35986 5.42689,
	4.44375 5.46097,
	4.46473 5.47408,
	4.48046 5.48718,
	4.4857 5.49243,
	4.47784 5.5134,
	4.44638 5.55535,
	4.43589 5.57632,
	4.43327 5.58681,
	4.43589 5.60778,
	4.44375 5.62875,
	4.44113 5.64973,
	4.43327 5.66022,
	4.43065 5.6707,
	4.42278 5.68119,
	4.41229 5.72314,
	4.39656 5.76508,
	4.37035 5.80179,
	4.35986 5.82276,
	4.35462 5.83325,
	4.35462 5.83849,
	4.34151 5.85946,
	4.33364 5.88044,
	4.33364 5.90141,
	4.32578 5.92238,
	4.32578 5.92763,
	4.31791 5.93811,
	4.27859 5.96171,
	4.26024 5.9722,
	4.24975 5.97744,
	4.22878 5.97744,
	4.2078 5.96433,
	4.16586 5.95122,
	4.12391 5.94336,
	4.08196 5.92501,
	4.07147 5.91976,
	4.06623 5.91976,
	4.06099 5.91452,
	4.04001 5.90928,
	3.99807 5.88568,
	3.98758 5.88306,
	3.98234 5.87781,
	3.96136 5.86995,
	3.95088 5.86471,
	3.94563 5.86471,
	3.90369 5.83062,
	3.8932 5.82276,
	3.88271 5.82014,
	3.87223 5.81227,
	3.83028 5.79654,
	3.80931 5.7913,
	3.79095 5.77819,
	3.75949 5.73624,
	3.7123 5.65497,
	3.70968 5.63662,
	"/>
</Transform>

<Transform dim="0"
 xcoef=" 0 1 0 0 0 0"
 ycoef=" 0 0 1 0 0 0">
<Contour name="d03" hidden="false" closed="true" simplified="true" border="1 1 0" fill="1 1 0.501961" mode="11"
 points="2.19013 5.95449,
	2.19278 5.94387,
	2.2034 5.94121,
	2.24587 5.95449,
	2.26711 5.9598,
	2.35206 5.94652,
	2.39454 5.94652,
	2.41577 5.94387,
	2.43701 5.9359,
	2.44232 5.93059,
	2.52727 5.94387,
	2.56975 5.94652,
	2.61222 5.94387,
	2.6547 5.9359,
	2.67593 5.93325,
	2.71841 5.9359,
	2.76089 5.93325,
	2.78212 5.92794,
	2.8246 5.93059,
	2.82991 5.93059,
	2.86442 5.9651,
	2.883 5.97572,
	2.89097 5.98103,
	2.89893 5.99165,
	2.90424 5.99696,
	2.90424 6.00227,
	2.90955 6.00758,
	2.92017 6.05006,
	2.91751 6.09253,
	2.90689 6.11377,
	2.90158 6.15624,
	2.90689 6.19872,
	2.92017 6.23854,
	2.92548 6.24916,
	2.92548 6.25447,
	2.93079 6.25978,
	2.93079 6.28101,
	2.92017 6.32349,
	2.91751 6.34473,
	2.90955 6.36596,
	2.89627 6.3872,
	2.88831 6.39782,
	2.86707 6.40313,
	2.84584 6.40313,
	2.8246 6.39517,
	2.81398 6.38986,
	2.80336 6.38986,
	2.76089 6.37127,
	2.71841 6.37393,
	2.69717 6.37393,
	2.67593 6.36596,
	2.6547 6.36331,
	2.64408 6.35535,
	2.63877 6.35535,
	2.59629 6.33145,
	2.58037 6.31552,
	2.53789 6.29429,
	2.51665 6.28898,
	2.50603 6.28632,
	2.50072 6.28101,
	2.49542 6.28101,
	2.47418 6.26774,
	2.43436 6.23057,
	2.42905 6.22261,
	2.38657 6.19341,
	2.37595 6.18544,
	2.35206 6.14297,
	2.33879 6.12439,
	2.32021 6.1058,
	2.28038 6.08191,
	2.25915 6.0766,
	2.24056 6.06333,
	2.21402 6.02085,
	2.21402 6.01554,
	2.20605 6.00493,
	2.2034 5.99431,
	2.19543 5.98369,
	2.19013 5.96245,
	2.19013 5.95714,
	"/>
<Contour name="d03" hidden="false" closed="true" simplified="true" border="1 1 0" fill="1 1 0.501961" mode="11"
 points="0.270779 6.20668,
	0.292017 6.19341,
	0.334492 6.18279,
	0.376967 6.18279,
	0.398205 6.1881,
	0.408823 6.1881,
	0.430061 6.18014,
	0.451299 6.16686,
	0.464572 6.14828,
	0.472536 6.12704,
	0.501738 6.08722,
	0.522975 6.08457,
	0.607926 6.09784,
	0.613235 6.09784,
	0.61589 6.10846,
	0.605271 6.15093,
	0.589343 6.17217,
	0.57076 6.18544,
	0.568105 6.19075,
	0.557486 6.19341,
	0.536249 6.20668,
	0.520321 6.22261,
	0.515011 6.23323,
	0.520321 6.24119,
	0.530939 6.2465,
	0.536249 6.2465,
	0.541558 6.25181,
	0.552177 6.25447,
	0.573415 6.26774,
	0.591997 6.28632,
	0.599962 6.29694,
	0.599962 6.31818,
	0.594652 6.32349,
	0.576069 6.36596,
	0.57076 6.37658,
	0.560141 6.3872,
	0.546868 6.40844,
	0.528285 6.42171,
	0.517666 6.42437,
	0.507047 6.42171,
	0.491119 6.40578,
	0.477846 6.36331,
	0.477846 6.358,
	0.464572 6.33676,
	0.427406 6.29694,
	0.408823 6.28101,
	0.398205 6.27305,
	0.376967 6.26774,
	0.366348 6.26243,
	0.323873 6.25978,
	0.313254 6.25712,
	0.307945 6.25712,
	0.302635 6.25181,
	0.281398 6.24385,
	0.273434 6.23323,
	0.270779 6.21199,
	0.270779 6.20934,
	"/>
<Contour name="d03" hidden="false" closed="true" simplified="true" border="1 1 0" fill="1 1 0.501961" mode="11"
 points="0.602616 6.01023,
	0.61589 5.989,
	0.623854 5.96776,
	0.626509 5.95714,
	0.642437 5.9359,
	0.663674 5.91997,
	0.674293 5.91201,
	0.684912 5.89343,
	0.719423 5.85892,
	0.730042 5.85095,
	0.751279 5.84299,
	0.793754 5.84033,
	0.814992 5.84033,
	0.854813 5.8191,
	0.873395 5.80582,
	0.894633 5.8191,
	0.905252 5.84033,
	0.947727 5.88015,
	0.955691 5.89077,
	0.953036 5.93325,
	0.950382 5.95449,
	0.942418 5.97572,
	0.939763 5.99696,
	0.939763 6.00227,
	0.934453 6.00758,
	0.929144 6.02882,
	0.913216 6.05006,
	0.902597 6.05802,
	0.860122 6.07129,
	0.854813 6.07129,
	0.841539 6.09253,
	0.833575 6.10315,
	0.833575 6.10846,
	0.828266 6.11111,
	0.820301 6.13235,
	0.807028 6.15359,
	0.796409 6.16421,
	0.775172 6.15624,
	0.753934 6.13766,
	0.738006 6.11908,
	0.716768 6.10049,
	0.695531 6.08988,
	0.653056 6.08988,
	0.631818 6.08191,
	0.61589 6.06333,
	0.605271 6.04475,
	0.602616 6.02351,
	0.602616 6.01289,
	"/>
<Contour name="d03" hidden="false" closed="true" simplified="true" border="1 1 0" fill="1 1 0.501961" mode="11"
 points="0.870741 4.9165,
	0.884014 4.89526,
	0.905252 4.88199,
	0.947727 4.86871,
	0.990202 4.86871,
	1.01144 4.87402,
	1.02206 4.87933,
	1.10701 4.88199,
	1.14948 4.90057,
	1.1601 4.90588,
	1.17869 4.92446,
	1.18665 4.9457,
	1.18665 4.95632,
	1.18665 4.96163,
	1.18134 4.96694,
	1.18134 4.98818,
	1.18399 4.9988,
	1.1893 5.0041,
	1.19461 5.02534,
	1.19992 5.03596,
	1.19992 5.0572,
	1.19196 5.09967,
	1.22647 5.13949,
	1.23709 5.1448,
	1.2424 5.15011,
	1.28487 5.16604,
	1.32735 5.1687,
	1.36982 5.16073,
	1.38841 5.15808,
	1.43088 5.12622,
	1.47336 5.10764,
	1.55831 5.09171,
	1.60078 5.09967,
	1.62202 5.09436,
	1.62733 5.09436,
	1.63264 5.08905,
	1.71759 5.07313,
	1.73883 5.05985,
	1.76006 5.05189,
	1.80254 5.04392,
	1.82378 5.04392,
	1.90873 5.01738,
	1.92996 5.00941,
	1.94058 5.00145,
	1.9512 4.9988,
	1.96182 4.99083,
	2.00164 4.97756,
	2.04412 4.96959,
	2.06535 4.98021,
	2.10517 5.02003,
	2.1211 5.04127,
	2.11845 5.06251,
	2.11579 5.07313,
	2.08659 5.11295,
	2.07597 5.12357,
	2.06535 5.12888,
	2.05474 5.13949,
	2.03615 5.18197,
	2.03084 5.19259,
	2.03084 5.1979,
	2.01492 5.21913,
	1.99633 5.23506,
	1.95386 5.24568,
	1.94058 5.26426,
	1.93793 5.2855,
	1.94058 5.29612,
	1.94589 5.30143,
	1.94855 5.31205,
	1.95651 5.32267,
	1.99368 5.40762,
	1.99368 5.41293,
	1.99899 5.41824,
	2.0043 5.43947,
	2.00961 5.44478,
	2.01492 5.48726,
	2.02022 5.5085,
	2.02022 5.52973,
	2.00695 5.57221,
	1.97244 5.61203,
	1.96713 5.62265,
	1.96448 5.66512,
	1.9512 5.68371,
	1.90873 5.7076,
	1.86625 5.72087,
	1.84501 5.72884,
	1.80254 5.73149,
	1.7813 5.7368,
	1.77068 5.74211,
	1.72821 5.74211,
	1.71759 5.7368,
	1.67511 5.73946,
	1.65653 5.75804,
	1.65653 5.76335,
	1.63795 5.77928,
	1.61671 5.77928,
	1.57424 5.76069,
	1.56362 5.75538,
	1.52114 5.74742,
	1.47867 5.73415,
	1.45743 5.72618,
	1.44681 5.72087,
	1.43088 5.69964,
	1.42823 5.68902,
	1.40964 5.67574,
	1.38841 5.68105,
	1.37779 5.68636,
	1.33531 5.68105,
	1.31408 5.6784,
	1.31142 5.65716,
	1.31142 5.65185,
	1.31938 5.64123,
	1.32204 5.63592,
	1.31408 5.61468,
	1.31408 5.60938,
	1.30877 5.60672,
	1.30346 5.58548,
	1.27691 5.54301,
	1.26895 5.50053,
	1.26895 5.45806,
	1.2716 5.43682,
	1.27691 5.43151,
	1.28222 5.41027,
	1.28753 5.39965,
	1.28753 5.35718,
	1.28487 5.33594,
	1.26895 5.29347,
	1.2716 5.27223,
	1.23709 5.24037,
	1.22912 5.22975,
	1.22382 5.22975,
	1.15479 5.15542,
	1.13621 5.13949,
	1.05657 5.09967,
	1.03533 5.08905,
	0.992857 5.08109,
	0.950382 5.08375,
	0.929144 5.08109,
	0.918525 5.07844,
	0.907906 5.07047,
	0.899942 5.028,
	0.899942 5.01738,
	0.878705 4.9749,
	0.870741 4.95367,
	0.870741 4.93243,
	0.870741 4.92181,
	0.870741 4.91915,
	"/>
</Transform>

<Transform dim="0"
 xcoef=" 0 1 0 0 0 0"
 ycoef=" 0 0 1 0 0 0">
<Contour name="ax39" hidden="false" closed="true" simplified="true" border="0 1 1" fill="0.501961 1 1" mode="11"
 points="5.6949 9.52156,
	5.70349 9.50438,
	5.77221 9.44855,
	5.78938 9.43137,
	5.91393 9.34118,
	5.97406 9.28535,
	6.01701 9.21663,
	6.02989 9.20375,
	6.04278 9.16939,
	6.06425 9.13503,
	6.09432 9.10497,
	6.12438 9.08349,
	6.15874 9.08779,
	6.17592 9.10067,
	6.18451 9.13503,
	6.20169 9.16939,
	6.20169 9.20375,
	6.1931 9.23811,
	6.1931 9.27246,
	6.18021 9.30682,
	6.17162 9.324,
	6.17162 9.33259,
	6.06425 9.45714,
	6.05566 9.47002,
	5.99124 9.52586,
	5.9397 9.58169,
	5.90534 9.60746,
	5.88816 9.62034,
	5.87958 9.62034,
	5.86669 9.63323,
	5.84951 9.63752,
	5.81515 9.659,
	5.78938 9.69335,
	5.75932 9.70624,
	5.74214 9.70194,
	5.72926 9.68476,
	5.72067 9.65041,
	5.72067 9.61605,
	5.70778 9.58169,
	5.6949 9.56451,
	5.6949 9.53015,
	5.6949 9.52586,
	"/>
</Transform>

<Transform dim="0"
 xcoef=" 0 1 0 0 0 0"
 ycoef=" 0 0 1 0 0 0">
<Contour name="d01p27" hidden="false" closed="true" simplified="false" border="1 0 1" fill="1 0 1" mode="-9"
 points="4.38311 5.50274,
	4.38311 5.49412,
	4.39173 5.48551,
	4.40035 5.48551,
	4.40897 5.49412,
	4.40897 5.50274,
	4.40035 5.51136,
	4.39173 5.51136,
	"/>
</Transform>

<Transform dim="0"
 xcoef=" 0 1 0 0 0 0"
 ycoef=" 0 0 1 0 0 0">
<Contour name="d02p44" hidden="false" closed="true" simplified="false" border="1 0 0" fill="1 0 0" mode="-9"
 points="2.3403 3.6,
	2.32521 3.58491,
	2.3403 3.56983,
	2.35538 3.58491,
	"/>
</Transform>

<Transform dim="0"
 xcoef=" 0 1 0 0 0 0"
 ycoef=" 0 0 1 0 0 0">
<Contour name="d03p31" hidden="false" closed="true" simplified="false" border="1 0.501961 0.25098" fill="1 0.501961 0" mode="-9"
 points="1.89183 5.64438,
	1.91576 5.64438,
	1.9038 5.66631,
	"/>
<Contour name="d03p32a" hidden="false" closed="true" simplified="false" border="0.501961 0 1" fill="0.501961 0 1" mode="-9"
 points="1.30566 5.22569,
	1.32959 5.22569,
	1.31763 5.24762,
	"/>
<Contour name="d03p32b" hidden="false" closed="true" simplified="false" border="0.501961 0 1" fill="0.501961 0 1" mode="-9"
 points="1.30566 5.22569,
	1.32959 5.22569,
	1.31763 5.24762,
	"/>
</Transform>

<Transform dim="0"
 xcoef=" 0 1 0 0 0 0"
 ycoef=" 0 0 1 0 0 0">
<Contour name="d04p33" hidden="false" closed="true" simplified="false" border="1 0 0.5" fill="1 0 0.5" mode="-9"
 points="4.82466 4.23268,
	4.84407 4.23268,
	4.83436 4.25048,
	"/>
</Transform>

<Transform dim="0"
 xcoef=" 0 1 0 0 0 0"
 ycoef=" 0 0 1 0 0 0">
<Contour name="d04p34a" hidden="false" closed="true" simplified="false" border="1 0 0" fill="1 0 0" mode="-9"
 points="4.08038 4.07411,
	4.0998 4.07411,
	4.09009 4.09191,
	"/>
<Contour name="d04p34b" hidden="false" closed="true" simplified="false" border="1 0 0" fill="1 0 0" mode="-9"
 points="4.08038 4.07411,
	4.0998 4.07411,
	4.09009 4.09191,
	"/>
</Transform>

<Transform dim="0"
 xcoef=" 0 1 0 0 0 0"
 ycoef=" 0 0 1 0 0 0">
<Contour name="d04p35" hidden="false" closed="true" simplified="false" border="1 1 0" fill="1 1 0" mode="-9"
 points="4.3069 3.93011,
	4.32632 3.93011,
	4.31661 3.94791,
	"/>
</Transform>

<Transform dim="0"
 xcoef=" 0 1 0 0 0 0"
 ycoef=" 0 0 1 0 0 0">
<Contour name="d02p45" comment="21DEC2016 KH fixed" hidden="false" closed="true" simplified="false" border="1 1 0" fill="1 0 0" mode="9"
 points="2.55026 2.48932,
	2.55026 2.42518,
	2.48612 2.42518,
	2.48612 2.4813,
	2.4781 2.48932,
	2.4781 2.41716,
	2.55828 2.41716,
	2.55828 2.49734,
	2.4781 2.49734,
	2.48612 2.48932,
	"/>
</Transform>

<Transform dim="0"
 xcoef=" 0 1 0 0 0 0"
 ycoef=" 0 0 1 0 0 0">
<Contour name="ax30" comment="LK bouton trace named after cfa" hidden="false" closed="true" simplified="true" border="0 1 1" fill="0.502 1 1" mode="9"
 points="6.07666 4.91068,
	6.08077 4.89423,
	6.09414 4.8788,
	6.10236 4.87263,
	6.11059 4.86852,
	6.12704 4.87263,
	6.13115 4.87469,
	6.13321 4.87572,
	6.14143 4.86749,
	6.14554 4.86544,
	6.15377 4.85824,
	6.162 4.8531,
	6.16611 4.85207,
	6.16919 4.84796,
	6.18564 4.8459,
	6.18976 4.83768,
	6.20415 4.82122,
	6.21238 4.81403,
	6.2206 4.81094,
	6.22472 4.80786,
	6.25762 4.79758,
	6.29052 4.79141,
	6.29875 4.79141,
	6.30286 4.79038,
	6.31931 4.79244,
	6.32754 4.79141,
	6.34399 4.79449,
	6.3481 4.79449,
	6.36455 4.80066,
	6.39745 4.7986,
	6.43036 4.79346,
	6.44681 4.78832,
	6.45503 4.78627,
	6.48794 4.78421,
	6.52084 4.77701,
	6.55374 4.76365,
	6.56197 4.76056,
	6.57842 4.75953,
	6.58664 4.75953,
	6.60309 4.76673,
	6.61132 4.77393,
	6.61646 4.78215,
	6.61954 4.7986,
	6.62057 4.80683,
	6.63394 4.83973,
	6.64319 4.87263,
	6.64936 4.88909,
	6.65245 4.89731,
	6.65348 4.90554,
	6.64628 4.93844,
	6.64628 4.94255,
	6.64319 4.94667,
	6.64319 4.94872,
	6.64011 4.95283,
	6.63702 4.96106,
	6.62366 4.97751,
	6.60721 4.98779,
	6.59898 4.99293,
	6.58253 4.99807,
	6.54963 5.00322,
	6.53318 5.00733,
	6.52906 5.00836,
	6.52084 5.0135,
	6.51672 5.01453,
	6.5085 5.01967,
	6.50644 5.01967,
	6.50439 5.02172,
	6.50233 5.02172,
	6.48588 5.03612,
	6.47765 5.04332,
	6.46429 5.05977,
	6.44784 5.07108,
	6.43961 5.07519,
	6.40671 5.08444,
	6.37381 5.08958,
	6.35735 5.09061,
	6.3409 5.08958,
	6.32445 5.0865,
	6.29155 5.07622,
	6.2751 5.06799,
	6.2679 5.05977,
	6.25968 5.04332,
	6.25453 5.03509,
	6.23911 5.01864,
	6.23089 5.0135,
	6.22677 5.01041,
	6.19387 5.00424,
	6.17742 5.00424,
	6.16919 5.00322,
	6.15274 5.00424,
	6.13629 5.00322,
	6.12807 5.00219,
	6.11984 4.99807,
	6.11161 4.99191,
	6.10647 4.98368,
	6.09516 4.95078,
	6.08488 4.93433,
	6.07768 4.91788,
	6.07666 4.91376,
	6.07666 4.91171,
	"/>
</Transform>

<Transform dim="0"
 xcoef=" 0 1 0 0 0 0"
 ycoef=" 0 0 1 0 0 0">
<Contour name="ax23" comment="LK bouton trace named after cfa" hidden="false" closed="true" simplified="true" border="0 1 1" fill="0.502 1 1" mode="9"
 points="2.7621 5.49461,
	2.76915 5.48334,
	2.7776 5.47488,
	2.79874 5.45938,
	2.81284 5.43824,
	2.81565 5.43261,
	2.81706 5.4312,
	2.79874 5.41006,
	2.7917 5.39878,
	2.78888 5.39315,
	2.78888 5.3706,
	2.78465 5.34805,
	2.7776 5.33678,
	2.76774 5.32691,
	2.76492 5.32128,
	2.76633 5.31,
	2.76774 5.30436,
	2.78747 5.29027,
	2.79311 5.28464,
	2.79874 5.28182,
	2.80438 5.27618,
	2.81565 5.26913,
	2.82693 5.25927,
	2.8382 5.25222,
	2.86075 5.24518,
	2.86639 5.24377,
	2.8692 5.24518,
	2.87484 5.24236,
	2.89739 5.24095,
	2.91994 5.24236,
	2.94249 5.24659,
	2.96503 5.24659,
	2.98758 5.2494,
	2.99885 5.2494,
	3.01013 5.24659,
	3.0214 5.24659,
	3.03268 5.24377,
	3.03831 5.24236,
	3.05945 5.22968,
	3.0665 5.22263,
	3.07213 5.22122,
	3.08341 5.21276,
	3.09468 5.20713,
	3.11723 5.2029,
	3.1285 5.20149,
	3.15105 5.2029,
	3.16233 5.2029,
	3.18487 5.20854,
	3.19615 5.21276,
	3.20742 5.21981,
	3.21306 5.22545,
	3.21588 5.22545,
	3.23842 5.24377,
	3.25815 5.26491,
	3.29198 5.30859,
	3.30043 5.33114,
	3.29902 5.35369,
	3.30043 5.37624,
	3.29761 5.39878,
	3.29057 5.42133,
	3.28634 5.44388,
	3.28493 5.45515,
	3.27929 5.46643,
	3.27788 5.47206,
	3.27084 5.48334,
	3.25956 5.4932,
	3.25393 5.49743,
	3.23138 5.50448,
	3.20883 5.5087,
	3.18628 5.51998,
	3.17642 5.52984,
	3.17078 5.53266,
	3.13132 5.57353,
	3.12005 5.58198,
	3.11723 5.58198,
	3.11441 5.5848,
	3.11159 5.5848,
	3.10877 5.58762,
	3.0975 5.58903,
	3.09186 5.59044,
	3.06932 5.58903,
	3.06368 5.59044,
	3.05241 5.58903,
	3.02986 5.59044,
	3.01858 5.59185,
	3.01577 5.59467,
	3.00449 5.5989,
	3.00167 5.60171,
	2.9904 5.60594,
	2.96785 5.60876,
	2.9453 5.60594,
	2.93403 5.60453,
	2.91148 5.59608,
	2.90021 5.59185,
	2.87907 5.57353,
	2.87343 5.56226,
	2.85229 5.54394,
	2.84666 5.54112,
	2.84384 5.5383,
	2.82129 5.53689,
	2.79874 5.53266,
	2.7762 5.51857,
	2.76633 5.5087,
	2.7621 5.50307,
	2.7621 5.49743,
	2.7621 5.49602,
	"/>
</Transform>

<Transform dim="0"
 xcoef=" 0 1 0 0 0 0"
 ycoef=" 0 0 1 0 0 0">
<Contour name="ax06" comment="LK bouton trace named after cfa" hidden="false" closed="true" simplified="true" border="0 1 1" fill="0.502 1 1" mode="9"
 points="2.09029 5.8227,
	2.10662 5.70657,
	2.10844 5.69205,
	2.12114 5.66302,
	2.13202 5.6485,
	2.1411 5.63943,
	2.17013 5.63399,
	2.18464 5.63036,
	2.1919 5.62492,
	2.20642 5.61947,
	2.23001 5.59226,
	2.23727 5.57774,
	2.23908 5.54871,
	2.23182 5.53419,
	2.20823 5.50697,
	2.20279 5.49972,
	2.21005 5.47068,
	2.21368 5.45617,
	2.23182 5.42714,
	2.23727 5.41988,
	2.24089 5.40536,
	2.23908 5.39085,
	2.22819 5.36182,
	2.21731 5.3473,
	2.21005 5.34004,
	2.20279 5.32553,
	2.20098 5.31101,
	2.20098 5.30738,
	2.2046 5.30375,
	2.2046 5.30012,
	2.21912 5.29468,
	2.24815 5.29286,
	2.25541 5.29468,
	2.26993 5.30375,
	2.28444 5.3092,
	2.29896 5.32008,
	2.35521 5.37815,
	2.38242 5.40536,
	2.41146 5.42714,
	2.42416 5.44165,
	2.43142 5.45617,
	2.43686 5.4852,
	2.43504 5.49972,
	2.43323 5.50697,
	2.40601 5.53238,
	2.40057 5.53964,
	2.39694 5.55415,
	2.39694 5.58318,
	2.40601 5.61222,
	2.43504 5.63762,
	2.44956 5.65213,
	2.45863 5.66665,
	2.46408 5.68117,
	2.46408 5.7102,
	2.46045 5.72471,
	2.46045 5.73197,
	2.455 5.74649,
	2.455 5.75375,
	2.44956 5.76826,
	2.44956 5.77189,
	2.46226 5.78641,
	2.46771 5.79366,
	2.46952 5.8227,
	2.46771 5.88076,
	2.46589 5.89528,
	2.4423 5.92431,
	2.42779 5.93701,
	2.42053 5.94064,
	2.41327 5.9479,
	2.38424 5.95334,
	2.32618 5.95152,
	2.29714 5.95334,
	2.26811 5.9479,
	2.23908 5.94608,
	2.23182 5.94608,
	2.22456 5.94245,
	2.21731 5.94245,
	2.20279 5.93701,
	2.14473 5.93157,
	2.13021 5.92794,
	2.11569 5.91886,
	2.11207 5.91523,
	2.10844 5.91523,
	2.09574 5.90072,
	2.09029 5.8862,
	2.09029 5.82814,
	2.09029 5.82451,
	"/>
</Transform>

<Transform dim="6"
 xcoef=" 1.29011099306452 0.83798311671124 -0.0307731073277556 0 0 0"
 ycoef=" -1.09134682417905 0.0677074948052835 0.920360709674186 0 0 0">
<Image mag="0.00217968" contrast="1" brightness="0" red="true" green="true" blue="true"
 src="FWNGV.149.jpg" />
<Contour name="domain1" hidden="false" closed="true" simplified="false" border="1 0 1" fill="1 0 1" mode="11"
 points="0 0,
	4096 0,
	4096 4096,
	0 4096,
	"/>
</Transform>

<Transform dim="0"
 xcoef=" 0 1 0 0 0 0"
 ycoef=" 0 0 1 0 0 0">
<Contour name="ax31" comment="LK bouton trace named after cfa" hidden="false" closed="true" simplified="true" border="0 1 1" fill="0.502 1 1" mode="9"
 points="5.87781 4.17079,
	5.88125 4.16391,
	5.88297 4.16047,
	5.88641 4.15703,
	5.89329 4.12952,
	5.89673 4.11576,
	5.89673 4.11404,
	5.90275 4.10716,
	5.90533 4.10372,
	5.93285 4.08738,
	5.94661 4.07792,
	5.95263 4.07104,
	5.95865 4.05728,
	5.96209 4.0504,
	5.96638 4.03664,
	5.9681 4.0332,
	5.96896 4.01944,
	5.96896 4.01256,
	5.97154 3.9988,
	5.97154 3.99536,
	5.98444 3.96784,
	5.99218 3.95408,
	6.00336 3.94033,
	6.00938 3.93345,
	6.01282 3.93001,
	6.01712 3.92313,
	6.03002 3.90937,
	6.03604 3.90249,
	6.04206 3.88873,
	6.04292 3.88185,
	6.04894 3.86809,
	6.06012 3.85519,
	6.067 3.85003,
	6.09452 3.83885,
	6.1014 3.83541,
	6.12892 3.83111,
	6.14268 3.82853,
	6.17019 3.82681,
	6.17707 3.82595,
	6.18395 3.82681,
	6.18739 3.82681,
	6.20115 3.83369,
	6.22867 3.85175,
	6.23555 3.85605,
	6.23899 3.85863,
	6.26651 3.86465,
	6.26995 3.86551,
	6.29747 3.85949,
	6.32499 3.85175,
	6.33875 3.84917,
	6.34563 3.84831,
	6.37314 3.82939,
	6.3869 3.82165,
	6.39378 3.81907,
	6.40754 3.81649,
	6.43506 3.81477,
	6.44882 3.81219,
	6.46258 3.80703,
	6.4901 3.80101,
	6.50386 3.79929,
	6.53138 3.80101,
	6.54514 3.80531,
	6.5589 3.80789,
	6.56578 3.81391,
	6.56922 3.81735,
	6.57265 3.82423,
	6.57351 3.83111,
	6.57094 3.84487,
	6.5546 3.87239,
	6.54514 3.88615,
	6.5374 3.89991,
	6.52708 3.91367,
	6.52192 3.92055,
	6.51504 3.93431,
	6.51332 3.94119,
	6.51332 3.94806,
	6.51762 3.96182,
	6.52536 3.97558,
	6.53396 4.0031,
	6.53826 4.01686,
	6.5503 4.04438,
	6.5589 4.05814,
	6.56922 4.07104,
	6.59673 4.08566,
	6.61049 4.09254,
	6.62425 4.10286,
	6.63801 4.1106,
	6.65177 4.11662,
	6.66553 4.12522,
	6.66897 4.12694,
	6.68273 4.13984,
	6.68961 4.14671,
	6.69219 4.15359,
	6.69391 4.15703,
	6.69305 4.17079,
	6.69047 4.18455,
	6.68531 4.19831,
	6.66983 4.22583,
	6.66123 4.23959,
	6.65091 4.25335,
	6.62597 4.28001,
	6.57094 4.32043,
	6.54342 4.33849,
	6.53654 4.34193,
	6.52966 4.3488,
	6.52622 4.35224,
	6.47118 4.37804,
	6.44366 4.39094,
	6.44022 4.39266,
	6.42646 4.39352,
	6.41958 4.39352,
	6.40582 4.39696,
	6.39894 4.40126,
	6.38518 4.4133,
	6.38174 4.41588,
	6.35423 4.42534,
	6.32671 4.42362,
	6.31983 4.4219,
	6.29231 4.42792,
	6.27855 4.42964,
	6.27167 4.42792,
	6.24415 4.4305,
	6.23039 4.43222,
	6.20287 4.4305,
	6.19599 4.42964,
	6.18223 4.42534,
	6.16847 4.41846,
	6.1616 4.41502,
	6.14784 4.40384,
	6.14096 4.39868,
	6.1272 4.38492,
	6.11946 4.37116,
	6.11 4.3574,
	6.10484 4.34365,
	6.10312 4.34021,
	6.09624 4.33333,
	6.0928 4.32989,
	6.07904 4.32129,
	6.07216 4.31699,
	6.06528 4.31441,
	6.0584 4.31011,
	6.05496 4.30667,
	6.02744 4.29291,
	6.01368 4.28603,
	5.99992 4.28087,
	5.99304 4.27743,
	5.9896 4.27571,
	5.97584 4.26195,
	5.9724 4.25851,
	5.96638 4.24475,
	5.96295 4.23787,
	5.96209 4.23443,
	5.94919 4.22067,
	5.94747 4.21895,
	5.94059 4.22153,
	5.93715 4.22325,
	5.90963 4.22239,
	5.89587 4.21465,
	5.88641 4.20089,
	5.88297 4.19745,
	5.87953 4.18369,
	5.87781 4.17681,
	5.87781 4.17337,
	5.87781 4.17165,
	"/>
</Transform>

<Transform dim="1"
 xcoef=" -0.06 1 0 0 0 0"
 ycoef=" -0.01 0 1 0 0 0">
<Contour name="d04c40ax31_ssvr" hidden="false" closed="true" simplified="false" border="0 1 0.502" fill="0 0 1" mode="11"
 points="6.27761 3.99229,
	6.2648 3.97948,
	6.27761 3.96667,
	6.29042 3.97948,
	"/>
</Transform>

<Transform dim="1"
 xcoef=" -0.08 1 0 0 0 0"
 ycoef=" 0.04 0 1 0 0 0">
<Contour name="d04c40ax31_ssvr" hidden="false" closed="true" simplified="false" border="0 1 0.502" fill="0 0 1" mode="11"
 points="6.27761 3.99229,
	6.2648 3.97948,
	6.27761 3.96667,
	6.29042 3.97948,
	"/>
</Transform>

<Transform dim="0"
 xcoef=" 0 1 0 0 0 0"
 ycoef=" 0 0 1 0 0 0">
<Contour name="d04c40ax31_ssvr" hidden="false" closed="true" simplified="false" border="0 1 0.502" fill="0 0 1" mode="11"
 points="6.50821 4.28146,
	6.49539 4.26864,
	6.50821 4.25583,
	6.52102 4.26864,
	"/>
</Transform>

<Transform dim="1"
 xcoef=" -0.1 1 0 0 0 0"
 ycoef=" 0.07 0 1 0 0 0">
<Contour name="d04c40ax31_ssvr" hidden="false" closed="true" simplified="false" border="0 1 0.502" fill="0 0 1" mode="11"
 points="6.50821 4.28146,
	6.49539 4.26864,
	6.50821 4.25583,
	6.52102 4.26864,
	"/>
</Transform>

<Transform dim="1"
 xcoef=" -0.02 1 0 0 0 0"
 ycoef=" -0.01 0 1 0 0 0">
<Contour name="d04c40ax31_ssvr" hidden="false" closed="true" simplified="false" border="0 1 0.502" fill="0 0 1" mode="11"
 points="6.09459 4.20093,
	6.08178 4.18812,
	6.09459 4.17531,
	6.1074 4.18812,
	"/>
</Transform>

<Transform dim="1"
 xcoef=" 0 1 0 0 0 0"
 ycoef=" -0.01 0 1 0 0 0">
<Contour name="d04c40ax31_ssvr" hidden="false" closed="true" simplified="false" border="0 1 0.502" fill="0 0 1" mode="11"
 points="6.08361 4.254,
	6.0708 4.24119,
	6.08361 4.22838,
	6.09642 4.24119,
	"/>
</Transform>

<Transform dim="1"
 xcoef=" 0.01 1 0 0 0 0"
 ycoef=" 0.02 0 1 0 0 0">
<Contour name="d04c40ax31_ssvr" hidden="false" closed="true" simplified="false" border="0 1 0.502" fill="0 0 1" mode="11"
 points="6.05067 4.1808,
	6.03786 4.16799,
	6.05067 4.15518,
	6.06348 4.16799,
	"/>
</Transform>

<Transform dim="1"
 xcoef=" 0.02 1 0 0 0 0"
 ycoef=" 0 0 1 0 0 0">
<Contour name="d04c40ax31_ssvr" hidden="false" closed="true" simplified="false" border="0 1 0.502" fill="0 0 1" mode="11"
 points="6.05982 4.03622,
	6.04701 4.0234,
	6.05982 4.01059,
	6.07263 4.0234,
	"/>
</Transform>

<Transform dim="0"
 xcoef=" 0 1 0 0 0 0"
 ycoef=" 0 0 1 0 0 0">
<Contour name="d04c40ax31_ssvr" hidden="false" closed="true" simplified="false" border="0 1 0.502" fill="0 0 1" mode="11"
 points="6.19525 4.07282,
	6.18244 4.06001,
	6.19525 4.0472,
	6.20806 4.06001,
	"/>
</Transform>

<Transform dim="1"
 xcoef=" -0.09 1 0 0 0 0"
 ycoef=" -0.1 0 1 0 0 0">
<Contour name="d04c40ax31_ssvr" hidden="false" closed="true" simplified="false" border="0 1 0.502" fill="0 0 1" mode="11"
 points="6.19525 4.07282,
	6.18244 4.06001,
	6.19525 4.0472,
	6.20806 4.06001,
	"/>
</Transform>

<Transform dim="1"
 xcoef=" 0.02 1 0 0 0 0"
 ycoef=" 0 0 1 0 0 0">
<Contour name="d03c34ax23_ssvr" hidden="false" closed="true" simplified="false" border="0 1 0.502" fill="0 0 1" mode="11"
 points="2.93366 5.51471,
	2.92009 5.50114,
	2.93366 5.48757,
	2.94723 5.50114,
	"/>
<Contour name="d03c34ax23_ssvr" hidden="false" closed="true" simplified="false" border="0 1 0.502" fill="0 0 1" mode="11"
 points="2.99181 5.49533,
	2.97824 5.48176,
	2.99181 5.46819,
	3.00538 5.48176,
	"/>
</Transform>

<Transform dim="1"
 xcoef=" 0.01 1 0 0 0 0"
 ycoef=" -0.01 0 1 0 0 0">
<Contour name="d03c34ax23_ssvr" hidden="false" closed="true" simplified="false" border="0 1 0.502" fill="0 0 1" mode="11"
 points="3.04609 5.53991,
	3.03252 5.52634,
	3.04609 5.51277,
	3.05966 5.52634,
	"/>
</Transform>

<Transform dim="1"
 xcoef=" -0.02 1 0 0 0 0"
 ycoef=" 0 0 1 0 0 0">
<Contour name="d03c34ax23_ssvr" hidden="false" closed="true" simplified="false" border="0 1 0.502" fill="0 0 1" mode="11"
 points="3.06547 5.52053,
	3.0519 5.50696,
	3.06547 5.49339,
	3.07904 5.50696,
	"/>
</Transform>

<Transform dim="1"
 xcoef=" 0.01 1 0 0 0 0"
 ycoef=" 0.01 0 1 0 0 0">
<Contour name="d03c34ax23_ssvr" hidden="false" closed="true" simplified="false" border="0 1 0.502" fill="0 0 1" mode="11"
 points="2.99569 5.56899,
	2.98212 5.55542,
	2.99569 5.54185,
	3.00926 5.55542,
	"/>
</Transform>

<Transform dim="0"
 xcoef=" 0 1 0 0 0 0"
 ycoef=" 0 0 1 0 0 0">
<Contour name="d03c34ax23_ssvr" hidden="false" closed="true" simplified="false" border="0 1 0.502" fill="0 0 1" mode="11"
 points="3.00526 5.45683,
	2.99211 5.44369,
	3.00526 5.43055,
	3.0184 5.44369,
	"/>
</Transform>

<Transform dim="1"
 xcoef=" 0.01 1 0 0 0 0"
 ycoef=" 0.01 0 1 0 0 0">
<Contour name="d04c37ax30_ssvr" hidden="false" closed="true" simplified="false" border="0 1 0.502" fill="0 0 1" mode="11"
 points="6.25833 4.96877,
	6.24598 4.95642,
	6.25833 4.94407,
	6.27068 4.95642,
	"/>
</Transform>

<Transform dim="1"
 xcoef=" -0.01 1 0 0 0 0"
 ycoef=" 0.01 0 1 0 0 0">
<Contour name="d04c37ax30_ssvr" hidden="false" closed="true" simplified="false" border="0 1 0.502" fill="0 0 1" mode="11"
 points="6.47003 4.98817,
	6.45768 4.97583,
	6.47003 4.96348,
	6.48238 4.97583,
	"/>
</Transform>

<Transform dim="1"
 xcoef=" 0 1 0 0 0 0"
 ycoef=" 0.01 0 1 0 0 0">
<Contour name="d04c37ax30_ssvr" hidden="false" closed="true" simplified="false" border="0 1 0.502" fill="0 0 1" mode="11"
 points="6.47003 4.88409,
	6.45768 4.87174,
	6.47003 4.85939,
	6.48238 4.87174,
	"/>
</Transform>

<Transform dim="0"
 xcoef=" 0 1 0 0 0 0"
 ycoef=" 0 0 1 0 0 0">
<Contour name="d04c40ax31_ssvr" hidden="false" closed="true" simplified="false" border="0 1 0.502" fill="0 0 1" mode="11"
 points="6.40892 4.09927,
	6.39714 4.08748,
	6.40892 4.0757,
	6.42071 4.08748,
	"/>
</Transform>

<Transform dim="1"
 xcoef=" -0.01 1 0 0 0 0"
 ycoef=" -0.01 0 1 0 0 0">
<Contour name="d04c40ax31_ssvr" hidden="false" closed="true" simplified="false" border="0 1 0.502" fill="0 0 1" mode="11"
 points="6.1495 4.29427,
	6.13669 4.28146,
	6.1495 4.26864,
	6.16231 4.28146,
	"/>
</Transform>

<Transform dim="1"
 xcoef=" 0.01 1 0 0 0 0"
 ycoef=" 0 0 1 0 0 0">
<Contour name="d04c40ax31_ssvr" hidden="false" closed="true" simplified="false" border="0 1 0.502" fill="0 0 1" mode="11"
 points="6.24466 4.35283,
	6.23185 4.34002,
	6.24466 4.32721,
	6.25748 4.34002,
	"/>
</Transform>

<Transform dim="1"
 xcoef=" -0.01 1 0 0 0 0"
 ycoef=" 0 0 1 0 0 0">
<Contour name="d04c40ax31_ssvr" hidden="false" closed="true" simplified="false" border="0 1 0.502" fill="0 0 1" mode="11"
 points="6.28127 4.32355,
	6.26846 4.31074,
	6.28127 4.29793,
	6.29408 4.31074,
	"/>
</Transform>

<Transform dim="1"
 xcoef=" -0.01 1 0 0 0 0"
 ycoef=" 0 0 1 0 0 0">
<Contour name="d04c40ax31_ssvr" hidden="false" closed="true" simplified="false" border="0 1 0.502" fill="0 0 1" mode="11"
 points="6.33251 4.35283,
	6.3197 4.34002,
	6.33251 4.32721,
	6.34532 4.34002,
	"/>
</Transform>

<Transform dim="1"
 xcoef=" 0 1 0 0 0 0"
 ycoef=" 0.02 0 1 0 0 0">
<Contour name="d04c40ax31_ssvr" hidden="false" closed="true" simplified="false" border="0 1 0.502" fill="0 0 1" mode="11"
 points="6.44232 4.26315,
	6.42951 4.25034,
	6.44232 4.23753,
	6.45513 4.25034,
	"/>
</Transform>

<Transform dim="0"
 xcoef=" 0 1 0 0 0 0"
 ycoef=" 0 0 1 0 0 0">
<Contour name="d04c40ax31_ssvr" hidden="false" closed="true" simplified="false" border="0 1 0.502" fill="0 0 1" mode="11"
 points="6.40023 4.29793,
	6.38742 4.28512,
	6.40023 4.2723,
	6.41304 4.28512,
	"/>
</Transform>

<Transform dim="1"
 xcoef=" -0.01 1 0 0 0 0"
 ycoef=" 0.01 0 1 0 0 0">
<Contour name="d04c40ax31_ssvr" hidden="false" closed="true" simplified="false" border="0 1 0.502" fill="0 0 1" mode="11"
 points="6.27761 3.99229,
	6.2648 3.97948,
	6.27761 3.96667,
	6.29042 3.97948,
	"/>
</Transform>

<Transform dim="0"
 xcoef=" 0 1 0 0 0 0"
 ycoef=" 0 0 1 0 0 0">
<Contour name="ax37" comment="dch traced 07.2018" hidden="false" closed="true" simplified="true" border="0 1 1" fill="0.502 1 1" mode="9"
 points="2.69236 4.42398,
	2.69537 4.41434,
	2.69537 4.41193,
	2.70321 4.39264,
	2.70381 4.39023,
	2.73335 4.35165,
	2.74721 4.33237,
	2.75203 4.32815,
	2.75926 4.31911,
	2.76408 4.31489,
	2.77192 4.30705,
	2.78156 4.30103,
	2.78639 4.29862,
	2.7888 4.29681,
	2.79844 4.29379,
	2.80808 4.295,
	2.82737 4.2956,
	2.84666 4.29982,
	2.86594 4.30645,
	2.88523 4.31429,
	2.90452 4.31971,
	2.92381 4.32393,
	2.93345 4.32815,
	2.93827 4.33116,
	2.94611 4.339,
	2.94791 4.34382,
	2.94671 4.34864,
	2.94611 4.35105,
	2.94309 4.35587,
	2.93465 4.36491,
	2.91537 4.37516,
	2.90572 4.37878,
	2.89608 4.3848,
	2.89126 4.38782,
	2.88644 4.39204,
	2.88403 4.39445,
	2.88101 4.39867,
	2.88041 4.40108,
	2.87499 4.41072,
	2.87318 4.41554,
	2.87016 4.42037,
	2.86836 4.42519,
	2.86594 4.44447,
	2.86353 4.45412,
	2.85811 4.46376,
	2.85027 4.4722,
	2.84545 4.47461,
	2.84304 4.47642,
	2.84184 4.47642,
	2.84063 4.47762,
	2.83099 4.47762,
	2.8117 4.47461,
	2.80206 4.4728,
	2.78277 4.46617,
	2.77313 4.46316,
	2.76348 4.46135,
	2.75866 4.46014,
	2.75384 4.46014,
	2.73455 4.45653,
	2.72491 4.45412,
	2.7225 4.45412,
	2.71285 4.4505,
	2.70803 4.44869,
	2.70562 4.44809,
	2.7008 4.44508,
	2.69658 4.44026,
	2.69357 4.43543,
	2.69236 4.42579,
	2.69236 4.42458,
	"/>
</Transform>

<Transform dim="0"
 xcoef=" 0 1 0 0 0 0"
 ycoef=" 0 0 1 0 0 0">
<Contour name="ax38" comment="dch traced 07.2018" hidden="false" closed="true" simplified="true" border="0 1 1" fill="0.502 1 1" mode="9"
 points="2.65067 4.47803,
	2.65657 4.47582,
	2.68018 4.47066,
	2.69198 4.46844,
	2.69494 4.46697,
	2.70084 4.46623,
	2.70674 4.46402,
	2.73035 4.46107,
	2.75395 4.46254,
	2.76576 4.46623,
	2.77166 4.46844,
	2.79527 4.47213,
	2.80707 4.47361,
	2.83068 4.48025,
	2.83658 4.4832,
	2.84248 4.48467,
	2.85429 4.49131,
	2.86535 4.49943,
	2.87125 4.50312,
	2.87568 4.50828,
	2.87716 4.51123,
	2.88232 4.51713,
	2.88601 4.52304,
	2.8897 4.53484,
	2.88896 4.54664,
	2.88601 4.55845,
	2.88675 4.58205,
	2.88675 4.58796,
	2.88822 4.59386,
	2.88822 4.59681,
	2.89191 4.60861,
	2.89412 4.62042,
	2.89339 4.63222,
	2.89191 4.63812,
	2.89043 4.6396,
	2.88527 4.6514,
	2.87568 4.66173,
	2.87052 4.66616,
	2.86461 4.66837,
	2.86314 4.66984,
	2.85133 4.67353,
	2.83953 4.67575,
	2.83363 4.67722,
	2.78641 4.67796,
	2.77461 4.67648,
	2.76871 4.67575,
	2.76576 4.67575,
	2.75395 4.66911,
	2.74953 4.66468,
	2.74436 4.65878,
	2.74141 4.65288,
	2.7392 4.64993,
	2.73772 4.64476,
	2.73477 4.63886,
	2.7333 4.63296,
	2.73182 4.63148,
	2.73182 4.63001,
	2.72444 4.6182,
	2.72297 4.61525,
	2.72149 4.61378,
	2.72076 4.61083,
	2.71264 4.59902,
	2.70969 4.59312,
	2.70526 4.58722,
	2.70526 4.58574,
	2.69789 4.57394,
	2.69494 4.56804,
	2.69494 4.56656,
	2.69051 4.5614,
	2.68756 4.55845,
	2.68682 4.5555,
	2.67871 4.54517,
	2.67502 4.54074,
	2.66543 4.52967,
	2.65879 4.51787,
	2.65584 4.51197,
	2.65067 4.48836,
	2.65067 4.48246,
	2.65067 4.47951,
	2.65067 4.47877,
	"/>
</Transform>

<Transform dim="0"
 xcoef=" 0 1 0 0 0 0"
 ycoef=" 0 0 1 0 0 0">
<Contour name="ax14" comment="dch traced 07.2018" hidden="false" closed="true" simplified="true" border="0 1 1" fill="0.502 1 1" mode="9"
 points="1.77403 4.43418,
	1.77674 4.42696,
	1.78216 4.41975,
	1.78396 4.41794,
	1.78576 4.41794,
	1.79298 4.41162,
	1.80742 4.4026,
	1.81103 4.4017,
	1.81284 4.4017,
	1.81464 4.39989,
	1.87239 4.38546,
	1.88683 4.38275,
	1.89405 4.38185,
	1.90127 4.37914,
	1.90307 4.37914,
	1.90488 4.37733,
	1.91209 4.37463,
	1.91931 4.37012,
	1.92292 4.36921,
	1.92653 4.36651,
	1.92834 4.36651,
	1.93195 4.3629,
	1.93917 4.35839,
	1.94638 4.35568,
	1.96082 4.35658,
	1.96804 4.35839,
	1.98158 4.37192,
	1.98699 4.37914,
	1.99692 4.40802,
	2.00684 4.42065,
	2.01226 4.42787,
	2.01948 4.4423,
	2.02308 4.44952,
	2.0276 4.46396,
	2.0294 4.47118,
	2.03121 4.47479,
	2.03211 4.48923,
	2.03211 4.49645,
	2.0285 4.51088,
	2.02669 4.5181,
	2.02399 4.52171,
	2.02128 4.52893,
	2.01948 4.53254,
	2.01767 4.53435,
	2.01767 4.53615,
	2.01135 4.54337,
	2.00684 4.55059,
	2.00053 4.55781,
	1.99331 4.56232,
	1.98609 4.56503,
	1.95721 4.56322,
	1.94999 4.56322,
	1.94278 4.56142,
	1.93556 4.56142,
	1.90668 4.5551,
	1.89946 4.55239,
	1.88502 4.55059,
	1.87059 4.54608,
	1.86337 4.54427,
	1.85615 4.54066,
	1.85254 4.53976,
	1.84893 4.53705,
	1.84713 4.53705,
	1.83991 4.53254,
	1.8363 4.52983,
	1.83269 4.52893,
	1.81915 4.5163,
	1.80742 4.50276,
	1.80201 4.49735,
	1.79118 4.48291,
	1.78216 4.46938,
	1.78035 4.46577,
	1.77855 4.46396,
	1.77855 4.46216,
	1.77674 4.46035,
	1.77403 4.45313,
	1.77403 4.4387,
	1.77403 4.43509,
	"/>
</Transform>

<Transform dim="0"
 xcoef=" 0 1 0 0 0 0"
 ycoef=" 0 0 1 0 0 0">
<Contour name="ax42" comment="dch traced 07.2018" hidden="false" closed="true" simplified="true" border="0 1 1" fill="0.502 1 1" mode="9"
 points="2.38905 5.57047,
	2.39144 5.56569,
	2.39144 5.5633,
	2.39503 5.55852,
	2.39503 5.55613,
	2.4022 5.54896,
	2.43805 5.5131,
	2.44044 5.50832,
	2.45956 5.49996,
	2.46434 5.49518,
	2.4739 5.4904,
	2.51215 5.4904,
	2.52171 5.49398,
	2.5241 5.49398,
	2.52888 5.49757,
	2.53844 5.50115,
	2.548 5.50235,
	2.56712 5.50832,
	2.5719 5.50832,
	2.59103 5.51549,
	2.61015 5.51908,
	2.62927 5.51788,
	2.64839 5.5143,
	2.66751 5.50832,
	2.68664 5.50832,
	2.76193 5.53342,
	2.76671 5.53342,
	2.77627 5.53701,
	2.79539 5.5382,
	2.81451 5.53701,
	2.82408 5.53581,
	2.8432 5.5394,
	2.85276 5.54537,
	2.86112 5.55374,
	2.87308 5.57166,
	2.87666 5.57644,
	2.87666 5.58601,
	2.87427 5.59557,
	2.86949 5.60513,
	2.86949 5.60752,
	2.8671 5.60871,
	2.8671 5.6111,
	2.85156 5.62544,
	2.8432 5.63262,
	2.82408 5.64218,
	2.78583 5.65652,
	2.74759 5.66847,
	2.70934 5.67683,
	2.69022 5.68042,
	2.6711 5.6864,
	2.63286 5.69118,
	2.59461 5.68879,
	2.57549 5.68879,
	2.53725 5.6852,
	2.51812 5.68281,
	2.47988 5.67086,
	2.44164 5.65293,
	2.43208 5.64576,
	2.4273 5.64337,
	2.41176 5.62664,
	2.40339 5.61827,
	2.39264 5.60035,
	2.38905 5.58122,
	2.38905 5.57166,
	"/>
</Transform>

<Transform dim="0"
 xcoef=" 0 1 0 0 0 0"
 ycoef=" 0 0 1 0 0 0">
<Contour name="ax42" comment="dch traced 07.2018" hidden="false" closed="true" simplified="true" border="0 1 1" fill="0.502 1 1" mode="9"
 points="0.924426 6.08676,
	0.930132 6.02589,
	0.939643 5.99545,
	0.952958 5.96502,
	0.962468 5.93459,
	0.966272 5.92698,
	0.968175 5.91176,
	0.970077 5.90415,
	0.968175 5.87372,
	0.962468 5.84329,
	0.960566 5.81285,
	0.960566 5.79763,
	0.968175 5.7672,
	0.973881 5.75198,
	0.975783 5.74438,
	0.981489 5.73867,
	0.981489 5.73487,
	0.985294 5.73106,
	0.985294 5.72726,
	0.998608 5.71394,
	1.05948 5.71204,
	1.08991 5.71204,
	1.12034 5.71775,
	1.15078 5.71965,
	1.18121 5.71775,
	1.21164 5.71014,
	1.21925 5.70633,
	1.22686 5.70633,
	1.23447 5.70253,
	1.24208 5.70253,
	1.2573 5.69682,
	1.28773 5.69112,
	1.31816 5.68921,
	1.3486 5.69302,
	1.37903 5.70063,
	1.39425 5.70443,
	1.42278 5.72345,
	1.43039 5.72535,
	1.438 5.73106,
	1.49886 5.75579,
	1.5293 5.77481,
	1.5331 5.77481,
	1.56354 5.79193,
	1.57114 5.79573,
	1.57495 5.79573,
	1.57875 5.79954,
	1.58256 5.79954,
	1.61299 5.81856,
	1.62631 5.82807,
	1.65103 5.8585,
	1.66054 5.87182,
	1.66435 5.90225,
	1.66245 5.96312,
	1.65864 5.97073,
	1.65864 5.97453,
	1.65484 5.97834,
	1.65484 5.98214,
	1.64533 5.99736,
	1.64152 6.00497,
	1.63772 6.00877,
	1.63582 6.01638,
	1.62631 6.03159,
	1.61299 6.04681,
	1.59777 6.05822,
	1.59016 6.06583,
	1.56163 6.08485,
	1.55402 6.08866,
	1.55022 6.09246,
	1.54642 6.09246,
	1.54261 6.09627,
	1.53881 6.09627,
	1.535 6.10007,
	1.5274 6.10197,
	1.51979 6.10768,
	1.48935 6.11909,
	1.48174 6.1248,
	1.42088 6.14382,
	1.39044 6.15333,
	1.37523 6.15523,
	1.36762 6.15904,
	1.33718 6.16094,
	1.27632 6.17235,
	1.26871 6.17235,
	1.2611 6.17616,
	1.24588 6.17806,
	1.24208 6.18186,
	1.23827 6.18186,
	1.20784 6.20278,
	1.18311 6.22371,
	1.15268 6.23702,
	1.13746 6.24273,
	1.07659 6.24273,
	1.04616 6.23702,
	1.03094 6.23702,
	1.02334 6.23512,
	1.01953 6.23512,
	1.01763 6.23132,
	1.00241 6.22941,
	0.971979 6.2161,
	0.96437 6.21039,
	0.945349 6.17996,
	0.941545 6.17616,
	0.941545 6.17235,
	0.937741 6.16855,
	0.924426 6.10768,
	0.924426 6.09246,
	0.924426 6.08866,
	"/>
</Transform>

<Transform dim="0"
 xcoef=" 0 1 0 0 0 0"
 ycoef=" 0 0 1 0 0 0">
<Contour name="ax13" comment="dch traced 07.2018" hidden="false" closed="true" simplified="true" border="0 1 1" fill="0.502 1 1" mode="9"
 points="-0.0293673 4.64937,
	-0.0253626 4.63869,
	-0.0226929 4.63602,
	-0.021358 4.63068,
	-0.0133488 4.62,
	-0.00800925 4.616,
	-0.0053395 4.61333,
	-0.00266975 4.61333,
	0.0360416 4.57195,
	0.0400463 4.56928,
	0.0680786 4.52923,
	0.0707484 4.52656,
	0.0720833 4.52122,
	0.0787576 4.51054,
	0.0814274 4.5052,
	0.0987808 4.48385,
	0.101451 4.47851,
	0.10679 4.47317,
	0.11213 4.46249,
	0.124143 4.44513,
	0.144167 4.42912,
	0.165525 4.4171,
	0.176204 4.41176,
	0.178873 4.40909,
	0.200231 4.40776,
	0.21091 4.41043,
	0.221589 4.41577,
	0.232268 4.42511,
	0.234938 4.43045,
	0.244282 4.44113,
	0.245617 4.45181,
	0.248287 4.45715,
	0.253626 4.49986,
	0.253626 4.52122,
	0.249622 4.54258,
	0.242947 4.56394,
	0.238943 4.57462,
	0.226929 4.59598,
	0.220254 4.60665,
	0.21625 4.61199,
	0.21625 4.61466,
	0.198896 4.63469,
	0.178873 4.65338,
	0.168194 4.65871,
	0.165525 4.66138,
	0.160185 4.66272,
	0.149506 4.67073,
	0.10679 4.69342,
	0.0867669 4.7001,
	0.0654089 4.69876,
	0.0547299 4.7001,
	0.0333719 4.69743,
	0.0226929 4.69342,
	0.00133488 4.69209,
	-0.00934413 4.68675,
	-0.0200231 4.67874,
	-0.0266975 4.66939,
	-0.0293673 4.66672,
	-0.0293673 4.65605,
	-0.0293673 4.65071,
	"/>
</Transform>

<Transform dim="0"
 xcoef=" 0 1 0 0 0 0"
 ycoef=" 0 0 1 0 0 0">
<Contour name="ax52" comment="dch traced 07.2018" hidden="false" closed="true" simplified="true" border="0 1 1" fill="0.502 1 1" mode="9"
 points="2.30735 4.40583,
	2.31996 4.3834,
	2.3508 4.33854,
	2.36482 4.31612,
	2.38164 4.29369,
	2.39566 4.27126,
	2.40267 4.26004,
	2.40688 4.24883,
	2.40968 4.24322,
	2.4293 4.2236,
	2.45173 4.21098,
	2.45734 4.21098,
	2.47977 4.20397,
	2.49098 4.19977,
	2.53584 4.19276,
	2.55827 4.19837,
	2.56948 4.20117,
	2.57509 4.20257,
	2.57789 4.20257,
	2.60032 4.21519,
	2.60593 4.21939,
	2.61154 4.22079,
	2.62275 4.2278,
	2.62696 4.23201,
	2.62976 4.23201,
	2.64097 4.23902,
	2.64658 4.24182,
	2.6606 4.26425,
	2.662 4.26986,
	2.66481 4.27126,
	2.66481 4.27406,
	2.67322 4.28528,
	2.67602 4.29088,
	2.67882 4.29369,
	2.68583 4.31612,
	2.68864 4.32172,
	2.68864 4.34415,
	2.68723 4.35537,
	2.67742 4.37779,
	2.66481 4.40022,
	2.6578 4.41144,
	2.65499 4.41704,
	2.63397 4.43387,
	2.61154 4.44648,
	2.59331 4.4619,
	2.59051 4.4619,
	2.5793 4.46891,
	2.56808 4.47171,
	2.52322 4.47171,
	2.5008 4.47171,
	2.48958 4.47312,
	2.46715 4.48293,
	2.45734 4.48994,
	2.45454 4.48994,
	2.44893 4.49414,
	2.4265 4.49414,
	2.41529 4.49414,
	2.39286 4.48994,
	2.38725 4.48994,
	2.38445 4.48713,
	2.36202 4.48153,
	2.34099 4.46751,
	2.32137 4.44929,
	2.31155 4.43807,
	2.30735 4.42686,
	2.30735 4.41564,
	2.30735 4.41004,
	2.30735 4.40723,
	"/>
</Transform>

<Transform dim="0"
 xcoef=" 0 1 0 0 0 0"
 ycoef=" 0 0 1 0 0 0">
<Contour name="ax10" comment="dch traced 07.2018" hidden="false" closed="true" simplified="true" border="0 1 1" fill="0.502 1 1" mode="9"
 points="3.59761 2.21808,
	3.60337 2.19963,
	3.60914 2.1904,
	3.62644 2.17425,
	3.66335 2.15118,
	3.68181 2.13965,
	3.69104 2.13619,
	3.72795 2.13503,
	3.7464 2.13157,
	3.75563 2.12927,
	3.76024 2.12696,
	3.76947 2.11773,
	3.77409 2.11312,
	3.79254 2.10389,
	3.811 2.09928,
	3.82945 2.09812,
	3.83868 2.09582,
	3.84329 2.09582,
	3.85252 2.0912,
	3.87098 2.08544,
	3.87559 2.08313,
	3.8802 2.08313,
	3.88943 2.07967,
	3.89404 2.07852,
	3.9125 2.07967,
	3.92173 2.07967,
	3.92634 2.08198,
	3.93095 2.08198,
	3.93557 2.08428,
	3.93903 2.0889,
	3.94018 2.10735,
	3.93788 2.11658,
	3.93672 2.12119,
	3.92173 2.13965,
	3.91365 2.14657,
	3.90096 2.16387,
	3.8975 2.1731,
	3.89981 2.18233,
	3.89981 2.18694,
	3.90673 2.19501,
	3.91019 2.21347,
	3.90789 2.23192,
	3.90443 2.24115,
	3.90212 2.24346,
	3.90212 2.24577,
	3.88597 2.26076,
	3.86751 2.26883,
	3.85829 2.27575,
	3.85367 2.28037,
	3.85252 2.28498,
	3.8456 2.29421,
	3.84099 2.29882,
	3.83868 2.30113,
	3.83868 2.30344,
	3.8306 2.31267,
	3.81215 2.32535,
	3.80754 2.32881,
	3.79831 2.33112,
	3.77985 2.32881,
	3.77062 2.32766,
	3.76601 2.32766,
	3.75678 2.33343,
	3.73948 2.3415,
	3.73487 2.34266,
	3.71641 2.34035,
	3.70719 2.34035,
	3.68873 2.33573,
	3.67027 2.32881,
	3.66105 2.32535,
	3.64259 2.31267,
	3.63913 2.30805,
	3.63106 2.30228,
	3.61722 2.28498,
	3.60568 2.26653,
	3.60568 2.26422,
	3.60337 2.26191,
	3.59761 2.24346,
	3.59761 2.225,
	3.59761 2.22039,
	3.59761 2.21924,
	"/>
</Transform>

<Transform dim="0"
 xcoef=" 0 1 0 0 0 0"
 ycoef=" 0 0 1 0 0 0">
<Contour name="ax54" comment="dch traced 07.2018" hidden="false" closed="true" simplified="true" border="0 1 1" fill="0.502 1 1" mode="9"
 points="1.43399 3.67823,
	1.44112 3.66192,
	1.45743 3.65071,
	1.46559 3.64562,
	1.47374 3.63848,
	1.48903 3.63135,
	1.50533 3.63033,
	1.52164 3.63135,
	1.52572 3.63237,
	1.53897 3.64766,
	1.55425 3.66294,
	1.56037 3.6711,
	1.5675 3.6874,
	1.56852 3.70371,
	1.56852 3.71186,
	1.5461 3.77709,
	1.54202 3.78525,
	1.53999 3.78932,
	1.53795 3.79136,
	1.53795 3.7934,
	1.52572 3.80869,
	1.51756 3.81276,
	1.48495 3.81174,
	1.4768 3.81174,
	1.47272 3.80869,
	1.47068 3.80461,
	1.4666 3.80053,
	1.45743 3.78423,
	1.45335 3.77607,
	1.45335 3.77403,
	1.45132 3.772,
	1.43909 3.73938,
	1.43399 3.70677,
	1.43399 3.69046,
	1.43399 3.68231,
	1.43399 3.67925,
	"/>
</Transform>

<Transform dim="0"
 xcoef=" 0 1 0 0 0 0"
 ycoef=" 0 0 1 0 0 0">
<Contour name="ax56" comment="dch traced 07.2018" hidden="false" closed="true" simplified="true" border="0 1 1" fill="0.502 1 1" mode="9"
 points="-0.510561 4.06558,
	-0.497955 4.04037,
	-0.491651 4.02776,
	-0.482197 4.01515,
	-0.456984 4.00255,
	-0.431771 3.99467,
	-0.381345 3.99467,
	-0.356132 3.99624,
	-0.330919 3.99467,
	-0.324616 3.99309,
	-0.304131 3.96788,
	-0.291524 3.95842,
	-0.280493 3.94582,
	-0.267887 3.93636,
	-0.242674 3.92376,
	-0.230068 3.92218,
	-0.223764 3.92061,
	-0.220613 3.91745,
	-0.1954 3.91745,
	-0.144974 3.92848,
	-0.141823 3.92848,
	-0.138671 3.93164,
	-0.132368 3.93321,
	-0.107155 3.95055,
	-0.0945484 3.96,
	-0.0866693 3.97261,
	-0.0819419 3.98521,
	-0.0803661 3.99782,
	-0.0819419 4.01043,
	-0.0866693 4.02303,
	-0.104003 4.04667,
	-0.129216 4.06558,
	-0.154429 4.07976,
	-0.167035 4.08606,
	-0.170187 4.08922,
	-0.17649 4.09079,
	-0.201703 4.10655,
	-0.226916 4.11601,
	-0.239523 4.12388,
	-0.289948 4.13964,
	-0.340374 4.14437,
	-0.352981 4.14279,
	-0.378193 4.14437,
	-0.403406 4.14279,
	-0.416013 4.14279,
	-0.441226 4.13649,
	-0.447529 4.13176,
	-0.472742 4.12231,
	-0.485348 4.11758,
	-0.497955 4.10813,
	-0.504258 4.10182,
	-0.508985 4.08922,
	-0.510561 4.07661,
	-0.510561 4.07031,
	-0.510561 4.06716,
	"/>
</Transform>

<Transform dim="0"
 xcoef=" 0 1 0 0 0 0"
 ycoef=" 0 0 1 0 0 0">
<Contour name="ax26" comment="dch traced 07.2018" hidden="false" closed="true" simplified="true" border="0 1 1" fill="0.502 1 1" mode="9"
 points="2.63704 4.06207,
	2.64288 4.04651,
	2.64579 4.04262,
	2.64774 4.04067,
	2.67887 4.029,
	2.69443 4.02316,
	2.70221 4.02024,
	2.71777 4.01927,
	2.73334 4.02414,
	2.74112 4.02511,
	2.75668 4.02997,
	2.76447 4.03386,
	2.78003 4.03775,
	2.78392 4.0397,
	2.79948 4.04067,
	2.80726 4.04262,
	2.83839 4.04164,
	2.85396 4.04067,
	2.86174 4.0397,
	2.8773 4.03094,
	2.88508 4.02414,
	2.88897 4.02122,
	2.89092 4.02122,
	2.90648 4.01149,
	2.91037 4.00857,
	2.91232 4.00857,
	2.91426 4.00663,
	2.92205 4.00468,
	2.93761 4.00565,
	2.96874 4.00468,
	2.97068 4.00565,
	2.97457 4.00468,
	2.98235 4.00663,
	2.99014 4.00663,
	2.99792 4.00857,
	3.0057 4.00857,
	3.01348 4.01052,
	3.02126 4.0183,
	3.0271 4.02608,
	3.03488 4.04164,
	3.03683 4.04943,
	3.03488 4.06499,
	3.02807 4.08055,
	3.02418 4.08444,
	3.02224 4.08736,
	3.00764 4.09903,
	3.00375 4.10293,
	2.98819 4.11265,
	2.97263 4.12043,
	2.97068 4.12043,
	2.96874 4.12238,
	2.95317 4.12724,
	2.94928 4.12822,
	2.94734 4.13016,
	2.93177 4.13405,
	2.92399 4.13697,
	2.89286 4.14281,
	2.88897 4.14475,
	2.88508 4.14475,
	2.86952 4.15156,
	2.85396 4.15642,
	2.82283 4.16032,
	2.7917 4.16032,
	2.78392 4.16032,
	2.75279 4.15448,
	2.73723 4.14864,
	2.72945 4.1467,
	2.69929 4.12822,
	2.6847 4.11752,
	2.66914 4.11557,
	2.66136 4.11363,
	2.65358 4.10973,
	2.64579 4.10293,
	2.64288 4.09903,
	2.64093 4.09709,
	2.63801 4.08931,
	2.63704 4.07374,
	2.63704 4.06596,
	2.63704 4.06304,
	"/>
</Transform>

<Transform dim="0"
 xcoef=" 0 1 0 0 0 0"
 ycoef=" 0 0 1 0 0 0">
<Contour name="ax70" comment="dch traced 08.2018" hidden="false" closed="true" simplified="true" border="0 1 1" fill="0.502 1 1" mode="9"
 points="1.79085 3.61782,
	1.79635 3.59269,
	1.7987 3.58012,
	1.80027 3.57698,
	1.80027 3.57384,
	1.80499 3.56127,
	1.80499 3.55813,
	1.82462 3.50786,
	1.83012 3.49529,
	1.84504 3.47016,
	1.85211 3.45759,
	1.85447 3.45445,
	1.85683 3.44817,
	1.85683 3.44659,
	1.8584 3.44502,
	1.8584 3.44188,
	1.86311 3.42931,
	1.86939 3.41675,
	1.87253 3.40418,
	1.87411 3.40104,
	1.87411 3.39947,
	1.87803 3.39318,
	1.88039 3.39004,
	1.88667 3.3869,
	1.89296 3.38533,
	1.90552 3.38769,
	1.90709 3.38769,
	1.91024 3.39083,
	1.92202 3.39868,
	1.92516 3.40104,
	1.93773 3.40339,
	1.95029 3.40418,
	1.97543 3.40968,
	1.988 3.41203,
	2.01313 3.41203,
	2.0257 3.41203,
	2.03827 3.41361,
	2.04455 3.41439,
	2.06968 3.4246,
	2.09482 3.43795,
	2.10739 3.44817,
	2.11367 3.45366,
	2.11524 3.45681,
	2.11838 3.45995,
	2.12624 3.47251,
	2.13017 3.4788,
	2.13252 3.48194,
	2.13252 3.48351,
	2.14038 3.49529,
	2.14666 3.50786,
	2.15059 3.51414,
	2.15216 3.5165,
	2.15766 3.52278,
	2.16944 3.53064,
	2.17572 3.53378,
	2.17886 3.53614,
	2.18043 3.53614,
	2.18672 3.54006,
	2.18986 3.54242,
	2.19143 3.54242,
	2.193 3.54399,
	2.19929 3.54635,
	2.21107 3.5542,
	2.21264 3.55577,
	2.21578 3.55656,
	2.22206 3.56127,
	2.22363 3.56127,
	2.22521 3.56284,
	2.22678 3.56284,
	2.22992 3.5652,
	2.23306 3.56598,
	2.2362 3.56834,
	2.23777 3.56991,
	2.24091 3.5707,
	2.2472 3.5762,
	2.25113 3.58091,
	2.25741 3.58641,
	2.27705 3.61076,
	2.28176 3.61704,
	2.2849 3.62332,
	2.2849 3.62489,
	2.28883 3.63118,
	2.2904 3.63746,
	2.28961 3.65003,
	2.28412 3.67516,
	2.28176 3.68773,
	2.28019 3.69401,
	2.2794 3.69716,
	2.27783 3.69873,
	2.27548 3.70501,
	2.26841 3.71758,
	2.25741 3.73015,
	2.24641 3.73879,
	2.24013 3.74193,
	2.23856 3.7435,
	2.23227 3.7435,
	2.22913 3.74507,
	2.204 3.7435,
	2.19143 3.74271,
	2.18515 3.74271,
	2.17258 3.74036,
	2.16001 3.73643,
	2.14745 3.73407,
	2.14116 3.73172,
	2.13802 3.73172,
	2.13174 3.72936,
	2.13017 3.72936,
	2.12859 3.72779,
	2.10346 3.72072,
	2.09089 3.71836,
	2.08775 3.71679,
	2.08147 3.71679,
	2.07518 3.71522,
	2.07204 3.71365,
	2.0689 3.71365,
	2.04376 3.7058,
	2.0312 3.70344,
	2.00606 3.70501,
	1.9935 3.7058,
	1.98093 3.70815,
	1.96836 3.71208,
	1.96208 3.71208,
	1.95894 3.71208,
	1.95579 3.71365,
	1.94323 3.71522,
	1.93066 3.71444,
	1.92437 3.71444,
	1.91809 3.71208,
	1.89296 3.71208,
	1.86782 3.71051,
	1.84269 3.7058,
	1.83955 3.70423,
	1.8364 3.70423,
	1.83483 3.70265,
	1.83326 3.70265,
	1.83169 3.70108,
	1.83012 3.70108,
	1.81755 3.69009,
	1.80734 3.67752,
	1.80027 3.66574,
	1.79477 3.65317,
	1.79242 3.6406,
	1.79085 3.63432,
	1.79085 3.62175,
	1.79085 3.61861,
	"/>
</Transform>

<Transform dim="0"
 xcoef=" 0 1 0 0 0 0"
 ycoef=" 0 0 1 0 0 0">
<Contour name="ax76" comment="dch traced 08.2018" hidden="false" closed="true" simplified="true" border="0 1 1" fill="0.502 1 1" mode="9"
 points="2.89066 5.92136,
	2.89337 5.91048,
	2.89337 5.90776,
	2.90017 5.89688,
	2.90561 5.8928,
	2.94912 5.88057,
	2.96 5.87649,
	2.96544 5.87513,
	2.97631 5.86833,
	2.99535 5.84929,
	2.99807 5.84522,
	3.00895 5.8357,
	3.0239 5.81666,
	3.03206 5.79491,
	3.0375 5.78403,
	3.04702 5.77315,
	3.05789 5.765,
	3.06061 5.765,
	3.07149 5.7582,
	3.09325 5.75004,
	3.09597 5.75004,
	3.09868 5.74732,
	3.10412 5.74596,
	3.115 5.73916,
	3.12316 5.731,
	3.1286 5.72556,
	3.13132 5.72421,
	3.13132 5.72149,
	3.13812 5.71333,
	3.14219 5.70381,
	3.15579 5.68206,
	3.16531 5.6739,
	3.18706 5.66438,
	3.23057 5.65078,
	3.25233 5.64398,
	3.25505 5.64398,
	3.26592 5.63719,
	3.26864 5.63719,
	3.27816 5.62903,
	3.2836 5.62495,
	3.2972 5.60319,
	3.30671 5.59368,
	3.31759 5.58688,
	3.33935 5.57872,
	3.35022 5.57192,
	3.35566 5.5692,
	3.36654 5.55969,
	3.38829 5.54473,
	3.39101 5.54201,
	3.39645 5.54065,
	3.40597 5.53249,
	3.41005 5.52977,
	3.42093 5.52025,
	3.43724 5.49986,
	3.4454 5.48898,
	3.4658 5.47267,
	3.47123 5.46723,
	3.48211 5.46179,
	3.50387 5.45635,
	3.52562 5.44547,
	3.56913 5.41556,
	3.59088 5.40332,
	3.61264 5.39653,
	3.62352 5.39517,
	3.64527 5.39788,
	3.65615 5.4006,
	3.66703 5.4074,
	3.67247 5.41012,
	3.67654 5.41556,
	3.67926 5.42644,
	3.67926 5.43732,
	3.67247 5.45907,
	3.66839 5.46995,
	3.65479 5.4917,
	3.65207 5.49714,
	3.64255 5.50802,
	3.6208 5.52433,
	3.61536 5.52841,
	3.61264 5.52841,
	3.59224 5.54609,
	3.58409 5.55561,
	3.57865 5.55697,
	3.57049 5.56512,
	3.52698 5.58144,
	3.52154 5.58144,
	3.50251 5.59912,
	3.49435 5.60863,
	3.48891 5.61407,
	3.47803 5.62087,
	3.45764 5.62767,
	3.41413 5.62903,
	3.39237 5.64127,
	3.3815 5.65078,
	3.36654 5.67118,
	3.35702 5.69293,
	3.35294 5.71469,
	3.34886 5.72556,
	3.34207 5.73644,
	3.32167 5.75412,
	3.30128 5.77451,
	3.29856 5.77995,
	3.29856 5.79083,
	3.30535 5.81258,
	3.31487 5.83434,
	3.31351 5.85609,
	3.31215 5.86153,
	3.31215 5.86425,
	3.30535 5.87513,
	3.29448 5.88465,
	3.28632 5.89552,
	3.2836 5.89824,
	3.2836 5.90096,
	3.27952 5.90504,
	3.28088 5.91592,
	3.2904 5.93767,
	3.29448 5.94311,
	3.30399 5.96487,
	3.30671 5.97574,
	3.30671 5.98662,
	3.30671 5.99206,
	3.30264 6.00294,
	3.28904 6.02469,
	3.27816 6.03285,
	3.26728 6.03829,
	3.25641 6.04781,
	3.24961 6.05868,
	3.24689 6.06956,
	3.24825 6.11307,
	3.24689 6.15658,
	3.24281 6.20009,
	3.24281 6.20553,
	3.23873 6.21641,
	3.23465 6.23816,
	3.22106 6.28167,
	3.21154 6.30342,
	3.20746 6.3143,
	3.18434 6.35781,
	3.17347 6.37821,
	3.17075 6.38364,
	3.17075 6.38908,
	3.16803 6.39044,
	3.16395 6.40132,
	3.14899 6.42307,
	3.12724 6.44211,
	3.10548 6.45707,
	3.08509 6.4693,
	3.06333 6.47202,
	3.05246 6.47338,
	3.0307 6.47202,
	2.98719 6.46386,
	2.96544 6.45435,
	2.96272 6.45435,
	2.9532 6.44483,
	2.94912 6.43939,
	2.9464 6.43667,
	2.9464 6.43395,
	2.9396 6.42307,
	2.93417 6.40132,
	2.93417 6.37957,
	2.93417 6.36869,
	2.93688 6.35781,
	2.94368 6.27079,
	2.93824 6.24904,
	2.93552 6.23816,
	2.91785 6.19465,
	2.91649 6.1729,
	2.91513 6.16202,
	2.91649 6.14026,
	2.92329 6.09675,
	2.92601 6.075,
	2.92193 6.03149,
	2.91241 5.98798,
	2.90561 5.96623,
	2.90289 5.96079,
	2.90017 5.95807,
	2.89202 5.93631,
	2.89066 5.92544,
	2.89066 5.92272,
	"/>
</Transform>

<Transform dim="0"
 xcoef=" 0 1 0 0 0 0"
 ycoef=" 0 0 1 0 0 0">
<Contour name="ax78" comment="dch traced 08.2018" hidden="false" closed="true" simplified="true" border="0 1 1" fill="0.502 1 1" mode="9"
 points="4.34303 5.26256,
	4.34544 5.25773,
	4.35027 5.25411,
	4.36958 5.25049,
	4.37923 5.25049,
	4.39854 5.24687,
	4.41785 5.24566,
	4.4275 5.24566,
	4.43715 5.24808,
	4.43957 5.24808,
	4.44922 5.25532,
	4.45888 5.26015,
	4.47818 5.27945,
	4.49387 5.29876,
	4.50232 5.30841,
	4.52163 5.31928,
	4.53128 5.32652,
	4.55059 5.33014,
	4.56024 5.33255,
	4.56265 5.33255,
	4.58196 5.34944,
	4.58679 5.35186,
	4.6061 5.34582,
	4.61575 5.3422,
	4.65437 5.30962,
	4.66402 5.30238,
	4.67367 5.29876,
	4.69298 5.29997,
	4.71229 5.30841,
	4.7316 5.31445,
	4.74125 5.31686,
	4.76056 5.32652,
	4.77021 5.33255,
	4.77866 5.3422,
	4.78469 5.35186,
	4.79435 5.36151,
	4.79797 5.36634,
	4.79917 5.37116,
	4.80279 5.37599,
	4.804 5.38565,
	4.80038 5.40495,
	4.79314 5.42426,
	4.78711 5.43391,
	4.77866 5.44357,
	4.76901 5.45081,
	4.76418 5.45443,
	4.74487 5.45926,
	4.72556 5.46046,
	4.72074 5.46046,
	4.70143 5.45202,
	4.69177 5.44598,
	4.68695 5.44357,
	4.66764 5.44478,
	4.65799 5.44719,
	4.63868 5.44598,
	4.62902 5.44478,
	4.61937 5.44116,
	4.61454 5.44116,
	4.59524 5.43271,
	4.55662 5.43633,
	4.53731 5.43512,
	4.51801 5.42788,
	4.50835 5.42426,
	4.48904 5.41099,
	4.46974 5.3953,
	4.46008 5.38806,
	4.44319 5.36996,
	4.43715 5.35065,
	4.43474 5.341,
	4.43353 5.33617,
	4.42509 5.32772,
	4.42026 5.3229,
	4.41785 5.3229,
	4.37923 5.29273,
	4.35992 5.28187,
	4.35027 5.27583,
	4.34544 5.27221,
	4.34303 5.26739,
	4.34303 5.26377,
	"/>
</Transform>

<Transform dim="0"
 xcoef=" 0 1 0 0 0 0"
 ycoef=" 0 0 1 0 0 0">
<Contour name="ax78" comment="dch traced 08.2018" hidden="false" closed="true" simplified="true" border="0 1 1" fill="0.502 1 1" mode="9"
 points="3.66193 4.44836,
	3.6684 4.42247,
	3.67487 4.41114,
	3.70076 4.3982,
	3.71371 4.39172,
	3.72018 4.38849,
	3.77196 4.38687,
	3.79785 4.38363,
	3.8108 4.38201,
	3.83669 4.37069,
	3.88847 4.33832,
	3.89494 4.33347,
	3.89818 4.33023,
	3.90142 4.33023,
	3.91436 4.3189,
	3.92731 4.31243,
	3.93378 4.30758,
	3.94672 4.30434,
	3.97262 4.30596,
	3.99851 4.30434,
	4.0244 4.3092,
	4.03734 4.31243,
	4.05029 4.3189,
	4.06323 4.32214,
	4.07618 4.32861,
	4.08912 4.34156,
	4.09398 4.34641,
	4.09721 4.35936,
	4.0956 4.3723,
	4.0956 4.37554,
	4.11501 4.40143,
	4.12796 4.4079,
	4.13443 4.4079,
	4.13767 4.40629,
	4.14414 4.40952,
	4.15709 4.41114,
	4.16356 4.41114,
	4.17651 4.41599,
	4.18945 4.41438,
	4.2024 4.41599,
	4.20887 4.41438,
	4.22181 4.41761,
	4.22829 4.42247,
	4.25418 4.43056,
	4.28007 4.44836,
	4.28654 4.45483,
	4.29301 4.46778,
	4.29463 4.48072,
	4.2914 4.49367,
	4.28492 4.50661,
	4.2833 4.51309,
	4.27845 4.51956,
	4.2558 4.62312,
	4.25741 4.6749,
	4.25741 4.70079,
	4.25418 4.72668,
	4.2477 4.75258,
	4.24285 4.76552,
	4.24123 4.77199,
	4.238 4.77523,
	4.23314 4.78817,
	4.22505 4.80112,
	4.21211 4.81245,
	4.19916 4.81892,
	4.17327 4.82054,
	4.16032 4.82054,
	4.15385 4.82054,
	4.12796 4.81083,
	4.10207 4.79627,
	4.08912 4.78817,
	4.08265 4.78332,
	4.07618 4.7817,
	4.05029 4.7639,
	4.03734 4.75905,
	4.0244 4.75905,
	4.01145 4.75581,
	3.98556 4.75905,
	3.97262 4.76552,
	3.94672 4.76714,
	3.92083 4.7639,
	3.90789 4.76067,
	3.89494 4.76067,
	3.86905 4.77523,
	3.85611 4.7817,
	3.83022 4.77847,
	3.80433 4.76714,
	3.77843 4.7461,
	3.76549 4.73316,
	3.75093 4.70727,
	3.74607 4.69432,
	3.73798 4.64254,
	3.7218 4.59076,
	3.71533 4.56487,
	3.71371 4.55192,
	3.70238 4.52603,
	3.69429 4.51309,
	3.67325 4.48719,
	3.66516 4.47425,
	3.66193 4.46778,
	3.66193 4.45483,
	3.66193 4.44998,
	"/>
</Transform>

<Transform dim="0"
 xcoef=" 0 1 0 0 0 0"
 ycoef=" 0 0 1 0 0 0">
<Contour name="ax02" comment="dch traced 08.2018" hidden="false" closed="true" simplified="true" border="0 1 1" fill="0.502 1 1" mode="9"
 points="5.53325 4.35453,
	5.53763 4.33119,
	5.54054 4.31952,
	5.54346 4.31369,
	5.54638 4.31077,
	5.54784 4.30494,
	5.56243 4.28305,
	5.57118 4.27284,
	5.59452 4.25679,
	5.61786 4.25242,
	5.6412 4.25242,
	5.65287 4.25679,
	5.66454 4.26409,
	5.68788 4.27138,
	5.69955 4.27868,
	5.70685 4.29035,
	5.70976 4.30202,
	5.70976 4.31369,
	5.70976 4.31952,
	5.70247 4.33119,
	5.69226 4.34141,
	5.66892 4.35453,
	5.66308 4.35599,
	5.65725 4.36037,
	5.65141 4.36183,
	5.6412 4.37058,
	5.62515 4.39246,
	5.6164 4.40268,
	5.59306 4.41726,
	5.56972 4.41872,
	5.55805 4.41726,
	5.54638 4.41143,
	5.53763 4.39976,
	5.53325 4.37642,
	5.53325 4.36475,
	5.53325 4.35891,
	5.53325 4.35599,
	"/>
</Transform>

<Transform dim="0"
 xcoef=" 0 1 0 0 0 0"
 ycoef=" 0 0 1 0 0 0">
<Contour name="d03c33Bax42_ssvr" hidden="false" closed="true" simplified="false" border="0 1 0.502" fill="0 0 1" mode="11"
 points="1.17032 6.122,
	1.15532 6.107,
	1.17032 6.092,
	1.18532 6.107,
	"/>
</Transform>

<Transform dim="0"
 xcoef=" 0 1 0 0 0 0"
 ycoef=" 0 0 1 0 0 0">
<Contour name="ax79" comment="dch traced 08.2018" hidden="false" closed="true" simplified="true" border="0 1 1" fill="0 0 1" mode="11"
 points="6.02956 2.16342,
	6.03936 2.14101,
	6.04356 2.13541,
	6.05616 2.0906,
	6.08557 2.04719,
	6.09537 2.03739,
	6.09957 2.03179,
	6.11077 2.02479,
	6.11637 2.02339,
	6.11917 2.02059,
	6.14158 2.01499,
	6.16398 2.01359,
	6.16958 2.01359,
	6.21439 2.03459,
	6.2368 2.03739,
	6.2424 2.04019,
	6.2648 2.04159,
	6.276 2.04299,
	6.28161 2.04579,
	6.29281 2.04719,
	6.33762 2.0654,
	6.34042 2.0654,
	6.34322 2.0682,
	6.36562 2.0766,
	6.37122 2.078,
	6.39363 2.0906,
	6.43704 2.1074,
	6.45944 2.11581,
	6.47064 2.11861,
	6.51545 2.11861,
	6.52665 2.12001,
	6.57146 2.11861,
	6.59387 2.11861,
	6.60507 2.12281,
	6.61627 2.13121,
	6.61907 2.13401,
	6.61907 2.13961,
	6.59807 2.15781,
	6.55326 2.18022,
	6.53225 2.19422,
	6.51405 2.21663,
	6.50285 2.23903,
	6.50005 2.24183,
	6.49865 2.24743,
	6.49025 2.25863,
	6.48745 2.26423,
	6.48745 2.26704,
	6.48044 2.27824,
	6.47764 2.28104,
	6.47624 2.28664,
	6.45104 2.33145,
	6.43564 2.35385,
	6.42863 2.36505,
	6.41883 2.37486,
	6.41603 2.37766,
	6.39363 2.38466,
	6.38803 2.38886,
	6.34322 2.39726,
	6.32081 2.40146,
	6.29841 2.40986,
	6.276 2.42527,
	6.2648 2.43227,
	6.262 2.43507,
	6.2592 2.43507,
	6.2564 2.43787,
	6.234 2.44487,
	6.21159 2.44487,
	6.20039 2.43507,
	6.19619 2.42947,
	6.19199 2.41826,
	6.19199 2.40706,
	6.20179 2.38466,
	6.20739 2.37346,
	6.20879 2.35105,
	6.19619 2.32865,
	6.19059 2.31885,
	6.14578 2.28664,
	6.13458 2.27824,
	6.12898 2.27544,
	6.12618 2.27264,
	6.11497 2.26984,
	6.11217 2.26704,
	6.08977 2.26003,
	6.08417 2.25863,
	6.06316 2.24323,
	6.04496 2.22223,
	6.03796 2.21102,
	6.02956 2.18862,
	6.02956 2.16622,
	6.02956 2.16482,
	"/>
</Transform>

</Section>