<?xml version="1.0"?>
<!DOCTYPE Section SYSTEM "section.dtd">

<Section index="31" thickness="0.06" alignLocked="true">
<Transform dim="0"
 xcoef=" 0 1 0 0 0 0"
 ycoef=" 0 0 1 0 0 0">
<Contour name="d02" hidden="false" closed="true" simplified="true" border="0.5 0 1" fill="0.5 0 1" mode="9"
 points="3.83592 7.03706,
	3.84371 7.02148,
	3.85928 7.0098,
	3.9839 7.00201,
	4.04621 6.96696,
	4.06179 6.95917,
	4.18641 6.95917,
	4.21756 6.95917,
	4.23314 6.95917,
	4.25261 6.98643,
	4.2604 7.00201,
	4.25651 7.0098,
	4.24093 6.99812,
	4.24482 7.02927,
	4.2604 7.04485,
	4.26429 7.06042,
	4.27598 7.07211,
	4.27987 7.10326,
	4.26819 7.16557,
	4.24093 7.18894,
	4.22535 7.20062,
	4.21756 7.20062,
	4.15915 7.25514,
	4.11631 7.31356,
	4.11631 7.34471,
	4.10463 7.37587,
	4.09294 7.39144,
	4.09294 7.39923,
	4.08515 7.40702,
	4.08515 7.41481,
	4.02285 7.46544,
	4.01895 7.47322,
	4.01116 7.47322,
	4.00337 7.48101,
	3.94106 7.48101,
	3.92549 7.47712,
	3.9138 7.46544,
	3.90212 7.43428,
	3.90212 7.18504,
	3.89823 7.12273,
	3.89044 7.10716,
	3.85928 7.08379,
	3.84371 7.07211,
	3.83592 7.06432,
	3.83592 7.04874,
	3.83592 7.04095,
	"/>
<Contour name="d02" hidden="false" closed="true" simplified="true" border="0.5 0 1" fill="0.5 0 1" mode="9"
 points="3.39196 6.58921,
	3.45038 6.5308,
	3.48153 6.50743,
	3.54384 6.48406,
	3.55942 6.46849,
	3.56721 6.45291,
	3.5711 6.3906,
	3.60615 6.33218,
	3.65288 6.26988,
	3.71519 6.23093,
	3.74245 6.20367,
	3.75024 6.18809,
	3.75024 6.18031,
	3.72688 6.14915,
	3.7113 6.13357,
	3.68014 6.12578,
	3.64899 6.11021,
	3.63731 6.09463,
	3.63731 6.06348,
	3.6412 6.0479,
	3.65678 6.03622,
	3.71909 6.03622,
	3.75024 6.0479,
	3.76582 6.05958,
	4.01506 6.05958,
	4.13968 6.05958,
	4.20198 6.05958,
	4.23314 6.05958,
	4.24872 6.05958,
	4.25261 6.06737,
	4.24482 6.08295,
	4.24093 6.08684,
	4.27208 6.08684,
	4.28766 6.09074,
	4.31103 6.1141,
	4.31881 6.12189,
	4.31881 6.15305,
	4.30713 6.1842,
	4.29934 6.19978,
	4.29155 6.20757,
	4.2604 6.20757,
	4.24482 6.20757,
	4.22925 6.21535,
	4.22535 6.24651,
	4.23703 6.30882,
	4.24093 6.33997,
	4.24093 6.35555,
	4.25261 6.38671,
	4.2604 6.51132,
	4.2604 6.63594,
	4.25261 6.6671,
	4.23314 6.69825,
	4.22146 6.72941,
	4.21367 6.74498,
	4.19809 6.76056,
	4.16694 6.77614,
	4.10463 6.79172,
	3.98001 6.79172,
	3.96443 6.79561,
	3.95664 6.8034,
	3.89433 6.7995,
	3.89433 6.76835,
	3.86318 6.74109,
	3.83202 6.74109,
	3.80087 6.75277,
	3.73856 6.74888,
	3.72298 6.74498,
	3.69183 6.71772,
	3.67236 6.68657,
	3.66067 6.67099,
	3.66067 6.6632,
	3.65288 6.65541,
	3.63731 6.65541,
	3.62173 6.64763,
	3.60615 6.64763,
	3.54384 6.69046,
	3.51269 6.70215,
	3.48153 6.70604,
	3.46596 6.70604,
	3.41922 6.64373,
	3.39196 6.61258,
	3.39196 6.597,
	3.39196 6.5931,
	"/>
<Contour name="d02cfa11" hidden="false" closed="false" simplified="false" border="0 1 1" fill="0 1 1" mode="9"
 points="2.82379 5.45098,
	2.85412 5.44088,
	2.89454 5.4434,
	2.95013 5.45098,
	"/>
<Contour name="d03c05" hidden="false" closed="true" simplified="true" border="1 0 0" fill="0 1 0" mode="9"
 points="5.3619 3.3695,
	5.40451 3.34552,
	5.41517 3.33753,
	5.42582 3.33487,
	5.43115 3.33487,
	5.45246 3.32155,
	5.46844 3.30557,
	5.48975 3.29225,
	5.5004 3.28426,
	5.50307 3.19902,
	5.50307 3.15641,
	5.50307 3.14575,
	5.46311 3.1058,
	5.42849 3.06318,
	5.41783 3.04187,
	5.40185 3.02056,
	5.39386 3.00991,
	5.39386 3.00458,
	5.38054 2.98327,
	5.37788 2.94065,
	5.37788 2.91934,
	5.3912 2.9007,
	5.40984 2.88205,
	5.43115 2.88472,
	5.43914 2.89271,
	5.43914 2.91402,
	5.43648 2.91934,
	5.43381 2.91668,
	5.43648 2.93799,
	5.45512 2.9593,
	5.46578 2.98061,
	5.47377 2.99126,
	5.47643 3.00192,
	5.49508 3.02322,
	5.5084 3.04453,
	5.51106 3.05519,
	5.54835 3.09514,
	5.57765 3.13776,
	5.58298 3.15907,
	5.58031 3.24431,
	5.55634 3.28426,
	5.51372 3.32155,
	5.49241 3.3402,
	5.4711 3.35085,
	5.4498 3.36683,
	5.43648 3.37749,
	5.43115 3.37749,
	5.4205 3.38548,
	5.37788 3.38814,
	5.36722 3.38015,
	5.3619 3.37216,
	"/>
<Contour name="d03cfa05" hidden="false" closed="false" simplified="false" border="0 1 1" fill="0 1 1" mode="9"
 points="5.37545 3.38461,
	5.42606 3.35531,
	5.47134 3.32867,
	5.51396 3.28339,
	5.53794 3.23278,
	5.54859 3.17418,
	5.54859 3.13689,
	5.52462 3.10759,
	5.47934 3.05432,
	5.4527 3.01436,
	5.41541 2.97707,
	5.41008 2.93712,
	5.41008 2.88118,
	"/>
<Contour name="d04p06" hidden="false" closed="true" simplified="false" border="0 0 1" fill="0 0 1" mode="-13"
 points="4.49647 3.83475,
	4.47182 3.8101,
	4.49647 3.78544,
	4.52112 3.8101,
	"/>
<Contour name="d04c08" hidden="false" closed="true" simplified="true" border="0 1 0" fill="0 1 0" mode="9"
 points="6.13487 3.90491,
	6.14147 3.87848,
	6.1679 3.82562,
	6.19433 3.79919,
	6.22076 3.78267,
	6.23398 3.78598,
	6.24389 3.83883,
	6.24058 3.86526,
	6.24058 3.87187,
	6.22076 3.895,
	6.21415 3.90821,
	6.21085 3.93464,
	6.18772 3.95776,
	6.17781 3.96437,
	6.15138 3.96437,
	6.13817 3.95446,
	6.13487 3.92803,
	6.13487 3.91482,
	6.13487 3.90821,
	"/>
<Contour name="d04cfa08" hidden="false" closed="false" simplified="false" border="0 1 1" fill="0 1 1" mode="9"
 points="6.1669 3.96545,
	6.18011 3.92251,
	6.19663 3.85643,
	6.21976 3.78375,
	"/>
<Contour name="d04plinn05" hidden="false" closed="true" simplified="false" border="0 0 1" fill="0 0 1" mode="-13"
 points="4.68662 3.70738,
	4.66123 3.68199,
	4.68662 3.6566,
	4.71201 3.68199,
	"/>
<Contour name="d01c03ax01_ssvr" hidden="false" closed="true" simplified="false" border="0 1 0.501961" fill="1 0 0.5" mode="11"
 points="3.5224 3.45775,
	3.53906 3.45775,
	3.53073 3.47303,
	"/>
<Contour name="d01c03ax01_ssvr" hidden="false" closed="true" simplified="false" border="0 1 0.501961" fill="1 0 0.5" mode="11"
 points="3.57934 3.42858,
	3.59601 3.42858,
	3.58767 3.44386,
	"/>
<Contour name="d01c03ax01_ssvr" hidden="false" closed="true" simplified="false" border="0 1 0.501961" fill="1 0 0.5" mode="11"
 points="3.61129 3.49803,
	3.62795 3.49803,
	3.61962 3.5133,
	"/>
<Contour name="d01c03ax01_ssvr" hidden="false" closed="true" simplified="false" border="0 1 0.501961" fill="1 0 0.5" mode="11"
 points="3.66267 3.4883,
	3.67934 3.4883,
	3.67101 3.50358,
	"/>
<Contour name="d01c03ax01_ssvr" hidden="false" closed="true" simplified="false" border="0 1 0.501961" fill="1 0 0.5" mode="11"
 points="3.5724 3.53692,
	3.58906 3.53692,
	3.58073 3.55219,
	"/>
<Contour name="d01c03ax01_ssvr" hidden="false" closed="true" simplified="false" border="0 1 0.501961" fill="1 0 0.5" mode="11"
 points="3.51823 3.66331,
	3.5349 3.66331,
	3.52656 3.67858,
	"/>
<Contour name="d01c03ax01_ssvr" hidden="false" closed="true" simplified="false" border="0 1 0.501961" fill="1 0 0.5" mode="11"
 points="3.43212 3.55219,
	3.44878 3.55219,
	3.44045 3.56747,
	"/>
<Contour name="d01c03ax01_ssvr" hidden="false" closed="true" simplified="false" border="0 1 0.501961" fill="1 0 0.5" mode="11"
 points="3.49045 3.50636,
	3.50712 3.50636,
	3.49878 3.52164,
	"/>
<Contour name="d01c03ax01_ssvr" hidden="false" closed="true" simplified="false" border="0 1 0.501961" fill="1 0 0.5" mode="11"
 points="3.37517 3.59803,
	3.39184 3.59803,
	3.38351 3.61331,
	"/>
<Contour name="d01c03ax01_ssvr" hidden="false" closed="true" simplified="false" border="0 1 0.501961" fill="1 0 0.5" mode="11"
 points="3.47378 3.37441,
	3.49045 3.37441,
	3.48212 3.38969,
	"/>
<Contour name="d01c03ax01_ssvr" hidden="false" closed="true" simplified="false" border="0 1 0.501961" fill="1 0 0.5" mode="11"
 points="3.42795 3.42164,
	3.44462 3.42164,
	3.43628 3.43692,
	"/>
<Contour name="d01c03ax01_ssvr" hidden="false" closed="true" simplified="false" border="0 1 0.501961" fill="1 0 0.5" mode="11"
 points="3.65851 3.71747,
	3.67517 3.71747,
	3.66684 3.73275,
	"/>
<Contour name="d03c07ax58_ssvda" hidden="false" closed="true" simplified="false" border="1 0 0" fill="0 0 1" mode="11"
 points="5.55132 4.18417,
	5.54111 4.17396,
	5.55132 4.16376,
	5.56152 4.17396,
	"/>
<Contour name="d00cfa09ax44" hidden="false" closed="false" simplified="false" border="0 1 0.502" fill="0 0 1" mode="11"
 points="2.55702 7.12921,
	2.60705 7.06196,
	"/>
<Contour name="d01" hidden="false" closed="true" simplified="true" border="1 0.502 0" fill="1 0.502 0" mode="9"
 points="4.33647 4.58332,
	4.3641 4.55937,
	4.36963 4.54648,
	4.36963 4.54279,
	4.37331 4.54095,
	4.37516 4.53358,
	4.38068 4.52621,
	4.38252 4.49674,
	4.38437 4.482,
	4.40279 4.42305,
	4.41016 4.40831,
	4.40463 4.39358,
	4.39542 4.37884,
	4.38989 4.3641,
	4.38437 4.35673,
	4.38437 4.35305,
	4.38068 4.34936,
	4.37884 4.31989,
	4.38437 4.30515,
	4.38989 4.29778,
	4.41937 4.2812,
	4.4341 4.27752,
	4.44147 4.27384,
	4.47095 4.26831,
	4.50042 4.27199,
	4.5299 4.27936,
	4.58885 4.31068,
	4.59622 4.31621,
	4.65517 4.33647,
	4.68464 4.35305,
	4.69754 4.36594,
	4.70306 4.37331,
	4.70675 4.40279,
	4.70675 4.43226,
	4.70859 4.43963,
	4.70859 4.44332,
	4.72885 4.47279,
	4.74175 4.48384,
	4.75648 4.48569,
	4.77122 4.49121,
	4.78412 4.50042,
	4.80622 4.5299,
	4.82096 4.53911,
	4.82649 4.54464,
	4.83017 4.54464,
	4.83386 4.54832,
	4.83754 4.54832,
	4.89649 4.58332,
	4.92412 4.60174,
	4.93702 4.6128,
	4.94254 4.62016,
	4.94254 4.62753,
	4.93886 4.6349,
	4.93886 4.64227,
	4.92965 4.65701,
	4.92228 4.65885,
	4.90754 4.65517,
	4.90017 4.65148,
	4.8707 4.65148,
	4.84122 4.64411,
	4.78228 4.65517,
	4.77859 4.65517,
	4.77491 4.65885,
	4.76754 4.66069,
	4.7528 4.6699,
	4.73806 4.6828,
	4.71043 4.73991,
	4.70675 4.74727,
	4.69938 4.75464,
	4.69569 4.76201,
	4.66806 4.78228,
	4.66438 4.78228,
	4.66069 4.78596,
	4.63122 4.78964,
	4.60174 4.7878,
	4.57227 4.79333,
	4.55753 4.80254,
	4.54464 4.81728,
	4.53542 4.83017,
	4.52253 4.84307,
	4.50779 4.84859,
	4.47832 4.85412,
	4.46358 4.85228,
	4.45621 4.85228,
	4.44147 4.84675,
	4.42858 4.83201,
	4.41753 4.80254,
	4.41384 4.7878,
	4.39726 4.76017,
	4.39173 4.74543,
	4.39173 4.71596,
	4.39542 4.70122,
	4.39358 4.68648,
	4.38252 4.67174,
	4.37884 4.66622,
	4.36594 4.65148,
	4.36042 4.64411,
	4.36042 4.64043,
	4.34936 4.62937,
	4.33647 4.5999,
	4.33647 4.58516,
	"/>
<Contour name="d01" hidden="false" closed="true" simplified="true" border="1 0.502 0" fill="1 0.502 0" mode="9"
 points="3.5167 3.85014,
	3.52407 3.84461,
	3.53881 3.84277,
	3.55355 3.84461,
	3.56092 3.84645,
	3.58855 3.86672,
	3.60329 3.87777,
	3.61802 3.87593,
	3.62539 3.87408,
	3.64013 3.86487,
	3.65487 3.85198,
	3.68066 3.83356,
	3.69539 3.82435,
	3.69908 3.82066,
	3.70645 3.81882,
	3.71382 3.81329,
	3.72118 3.81145,
	3.72487 3.80777,
	3.78382 3.78566,
	3.81329 3.77645,
	3.82803 3.77277,
	3.83171 3.77277,
	3.85198 3.80224,
	3.86119 3.81698,
	3.86856 3.82435,
	3.87777 3.8354,
	3.8833 3.84277,
	3.8833 3.84645,
	3.9054 3.87224,
	3.92198 3.90172,
	3.92935 3.91645,
	3.93119 3.94593,
	3.92751 3.9533,
	3.92014 3.95882,
	3.9054 3.95882,
	3.87777 3.94593,
	3.84829 3.9404,
	3.83356 3.9404,
	3.80408 3.93303,
	3.8004 3.92935,
	3.77092 3.9183,
	3.76355 3.91277,
	3.75987 3.91277,
	3.75619 3.90909,
	3.72671 3.91461,
	3.69724 3.92567,
	3.6825 3.92751,
	3.62355 3.95514,
	3.60881 3.95698,
	3.59407 3.95514,
	3.59039 3.95514,
	3.58671 3.95146,
	3.57197 3.94777,
	3.55723 3.93672,
	3.52223 3.8833,
	3.5167 3.86856,
	3.5167 3.85382,
	3.5167 3.85198,
	"/>
<Contour name="d01" hidden="false" closed="true" simplified="true" border="1 0.502 0" fill="1 0.502 0" mode="9"
 points="4.14673 4.05462,
	4.15225 4.03988,
	4.15594 4.03251,
	4.15594 4.01777,
	4.15594 4.01041,
	4.16331 3.99567,
	4.16699 3.9883,
	4.18173 3.97909,
	4.1891 3.97725,
	4.19646 3.97909,
	4.2112 3.99383,
	4.2241 4.00488,
	4.23883 4.01225,
	4.26831 4.01962,
	4.27568 4.02146,
	4.28673 4.03435,
	4.28857 4.04172,
	4.29778 4.05646,
	4.30147 4.06014,
	4.30147 4.06383,
	4.32542 4.0933,
	4.35305 4.11909,
	4.35858 4.13383,
	4.35673 4.16331,
	4.35305 4.17804,
	4.35305 4.18541,
	4.34936 4.19278,
	4.34752 4.22226,
	4.34568 4.23699,
	4.33463 4.24989,
	4.33094 4.25357,
	4.31621 4.24805,
	4.30331 4.23883,
	4.28857 4.22594,
	4.28673 4.21857,
	4.26831 4.1891,
	4.25726 4.17436,
	4.24436 4.16331,
	4.24068 4.15594,
	4.23699 4.15409,
	4.23699 4.15041,
	4.22778 4.13567,
	4.21489 4.12462,
	4.20752 4.12094,
	4.20383 4.11725,
	4.19646 4.11541,
	4.17252 4.08962,
	4.17067 4.08593,
	4.17252 4.08409,
	4.15778 4.07672,
	4.14673 4.06383,
	4.14673 4.05646,
	"/>
<Contour name="d03" hidden="false" closed="true" simplified="true" border="1 1 0" fill="1 1 0.501961" mode="11"
 points="5.06347 3.1193,
	5.06801 3.083,
	5.07254 3.06485,
	5.07708 3.05578,
	5.07708 3.05124,
	5.08389 3.04217,
	5.11792 2.96957,
	5.14968 2.93554,
	5.17917 2.90605,
	5.20866 2.87202,
	5.2132 2.86522,
	5.24949 2.84707,
	5.26764 2.83799,
	5.27218 2.83346,
	5.30848 2.82665,
	5.32663 2.82438,
	5.36292 2.82665,
	5.372 2.82892,
	5.38334 2.8448,
	5.39015 2.8811,
	5.39241 2.91739,
	5.39241 2.92647,
	5.39922 2.94462,
	5.40149 2.95369,
	5.40829 2.96277,
	5.4151 2.98091,
	5.41964 2.98999,
	5.41964 2.99453,
	5.45593 3.02629,
	5.47181 3.0399,
	5.48543 3.05805,
	5.49677 3.07166,
	5.51265 3.08981,
	5.52399 3.10795,
	5.5308 3.1261,
	5.53534 3.1624,
	5.53534 3.1987,
	5.53307 3.21685,
	5.53307 3.22592,
	5.52853 3.235,
	5.52626 3.25314,
	5.52399 3.26222,
	5.51946 3.26449,
	5.51719 3.27356,
	5.50584 3.29171,
	5.48996 3.30986,
	5.47181 3.3212,
	5.46274 3.32347,
	5.4582 3.32801,
	5.42191 3.34389,
	5.4151 3.35069,
	5.39695 3.35523,
	5.38788 3.35523,
	5.36973 3.3643,
	5.34251 3.3938,
	5.32663 3.40741,
	5.30848 3.41648,
	5.2994 3.41648,
	5.29033 3.40968,
	5.28579 3.40514,
	5.28125 3.36884,
	5.28125 3.3643,
	5.26991 3.34616,
	5.25403 3.32801,
	5.24269 3.30986,
	5.22681 3.29171,
	5.19278 3.26222,
	5.18371 3.25541,
	5.17236 3.23726,
	5.15421 3.22365,
	5.14514 3.21912,
	5.14287 3.22138,
	5.12472 3.21004,
	5.09296 3.17828,
	5.07708 3.1624,
	5.06574 3.14425,
	5.06347 3.1261,
	5.06347 3.12157,
	"/>
<Contour name="d03" hidden="false" closed="true" simplified="true" border="1 1 0" fill="1 1 0.501961" mode="11"
 points="4.25359 3.15333,
	4.26266 3.14652,
	4.28081 3.14425,
	4.29896 3.15333,
	4.31711 3.15559,
	4.32164 3.15559,
	4.33072 3.1624,
	4.36702 3.17374,
	4.37609 3.17601,
	4.39424 3.18962,
	4.41239 3.19416,
	4.48498 3.18055,
	4.55758 3.18282,
	4.63017 3.16694,
	4.64832 3.16467,
	4.68462 3.16694,
	4.69369 3.16694,
	4.70277 3.17374,
	4.7073 3.17374,
	4.71638 3.18055,
	4.72545 3.18282,
	4.7436 3.19416,
	4.76175 3.21004,
	4.7799 3.22138,
	4.79805 3.22365,
	4.83434 3.20777,
	4.84342 3.20323,
	4.87972 3.20097,
	4.91601 3.2055,
	4.95231 3.21685,
	4.97046 3.22365,
	5.00449 3.24861,
	5.01356 3.26676,
	5.01356 3.27129,
	5.02037 3.28037,
	5.0249 3.29852,
	5.0181 3.33481,
	4.99314 3.37111,
	4.98407 3.37565,
	4.97953 3.37565,
	4.94324 3.4006,
	4.90694 3.41421,
	4.88879 3.42556,
	4.87064 3.44144,
	4.85249 3.47773,
	4.84115 3.49588,
	4.83434 3.51403,
	4.82073 3.53218,
	4.78444 3.55486,
	4.74814 3.5594,
	4.71184 3.55486,
	4.67781 3.53898,
	4.66874 3.53672,
	4.65059 3.53898,
	4.61429 3.5526,
	4.59614 3.5594,
	4.57799 3.5594,
	4.55985 3.55486,
	4.54397 3.53898,
	4.53943 3.52991,
	4.52355 3.52084,
	4.48725 3.50949,
	4.4691 3.50496,
	4.45095 3.49588,
	4.44188 3.48908,
	4.43281 3.47093,
	4.43054 3.46185,
	4.41466 3.4437,
	4.39424 3.40741,
	4.37836 3.37111,
	4.36702 3.33481,
	4.35567 3.31666,
	4.33752 3.30759,
	4.32164 3.29171,
	4.31938 3.27356,
	4.31257 3.25541,
	4.3103 3.24634,
	4.3103 3.2418,
	4.30576 3.23726,
	4.3035 3.21912,
	4.29215 3.20097,
	4.27627 3.18282,
	4.2672 3.17828,
	4.25812 3.16921,
	4.25359 3.16013,
	4.25359 3.15559,
	"/>
<Contour name="d04" hidden="false" closed="true" simplified="true" border="1 0 0" fill="1 0 0" mode="9"
 points="3.97243 3.98501,
	3.97872 3.95147,
	3.98291 3.9347,
	3.98501 3.92631,
	4.04999 3.89068,
	4.08353 3.8781,
	4.1003 3.8781,
	4.10869 3.8802,
	4.11288 3.8802,
	4.12965 3.89277,
	4.13175 3.90954,
	4.12756 3.91793,
	4.12965 3.92631,
	4.12965 3.93051,
	4.14223 3.94518,
	4.14223 3.94937,
	4.1569 3.96614,
	4.159 3.97453,
	4.159 3.97872,
	4.14852 3.99549,
	4.14433 4.02903,
	4.13804 4.03742,
	4.12965 4.04161,
	4.12546 4.0458,
	4.09192 4.0458,
	4.05838 4.05209,
	4.02484 4.0458,
	4.00807 4.0458,
	3.9913 4.03742,
	3.97872 4.02065,
	3.97243 4.00388,
	3.97243 3.98711,
	"/>
<Contour name="d04" hidden="false" closed="true" simplified="true" border="1 0 0" fill="1 0 0" mode="9"
 points="4.42732 3.80683,
	4.43361 3.79006,
	4.4378 3.78586,
	4.44409 3.76909,
	4.44619 3.76071,
	4.4378 3.74394,
	4.43571 3.72717,
	4.4378 3.71878,
	4.43571 3.68524,
	4.442 3.66847,
	4.46506 3.63913,
	4.47554 3.62236,
	4.48811 3.59091,
	4.49021 3.58253,
	4.4944 3.57833,
	4.4944 3.57414,
	4.50908 3.55947,
	4.52375 3.54899,
	4.54052 3.54689,
	4.551 3.55947,
	4.5552 3.56366,
	4.57197 3.56785,
	4.60551 3.56576,
	4.62228 3.56366,
	4.63905 3.55737,
	4.67259 3.55527,
	4.68936 3.55527,
	4.70613 3.55947,
	4.71451 3.56576,
	4.73128 3.56995,
	4.79836 3.55737,
	4.8319 3.5406,
	4.85915 3.50916,
	4.86125 3.49239,
	4.86544 3.484,
	4.88012 3.47562,
	4.8885 3.47142,
	4.90527 3.47142,
	4.92204 3.47771,
	4.92833 3.484,
	4.93252 3.484,
	4.94091 3.49239,
	4.95558 3.50287,
	4.96606 3.51964,
	4.98074 3.53431,
	4.98283 3.5427,
	4.98074 3.55947,
	4.97235 3.57624,
	4.96606 3.58462,
	4.95349 3.61816,
	4.90527 3.68315,
	4.8885 3.71459,
	4.88221 3.73136,
	4.87173 3.74604,
	4.86754 3.75442,
	4.85915 3.76281,
	4.84238 3.77119,
	4.82561 3.78377,
	4.75853 3.81102,
	4.72499 3.83408,
	4.71032 3.84456,
	4.69774 3.85923,
	4.69355 3.86343,
	4.69355 3.86762,
	4.68936 3.87181,
	4.68726 3.90535,
	4.68516 3.92212,
	4.67259 3.9347,
	4.65582 3.94099,
	4.65162 3.94518,
	4.63485 3.95147,
	4.61808 3.95147,
	4.61389 3.94728,
	4.6097 3.94728,
	4.58245 3.91374,
	4.57406 3.90745,
	4.56568 3.90745,
	4.54891 3.89697,
	4.53843 3.8802,
	4.53214 3.8781,
	4.51537 3.8802,
	4.50698 3.88229,
	4.50069 3.88858,
	4.48392 3.89277,
	4.46715 3.88649,
	4.46296 3.88229,
	4.44619 3.876,
	4.43361 3.86133,
	4.42732 3.82779,
	4.42732 3.81102,
	4.42732 3.80892,
	"/>
<Contour name="d01p03" hidden="false" closed="true" simplified="false" border="1 0 0.502" fill="1 0 0.502" mode="-9"
 points="4.46585 4.35032,
	4.45379 4.33826,
	4.46585 4.32619,
	4.47792 4.33826,
	"/>
</Transform>

<Transform dim="0"
 xcoef=" 0 1 0 0 0 0"
 ycoef=" 0 0 1 0 0 0">
<Contour name="d01c05ax03_ssvr" hidden="false" closed="true" simplified="false" border="0 1 0.501961" fill="0 0 1" mode="11"
 points="3.88339 5.50622,
	3.87219 5.49501,
	3.88339 5.48381,
	3.8946 5.49501,
	"/>
<Contour name="d01c05ax03_ssvr" hidden="false" closed="true" simplified="false" border="0 1 0.501961" fill="0 0 1" mode="11"
 points="3.88179 5.463,
	3.87059 5.45179,
	3.88179 5.44059,
	3.893 5.45179,
	"/>
<Contour name="d01c05ax03_ssvr" hidden="false" closed="true" simplified="false" border="0 1 0.501961" fill="0 0 1" mode="11"
 points="3.88019 5.40697,
	3.86899 5.39576,
	3.88019 5.38456,
	3.8914 5.39576,
	"/>
<Contour name="d01c05ax03_ssvr" hidden="false" closed="true" simplified="false" border="0 1 0.501961" fill="0 0 1" mode="11"
 points="3.85778 5.36695,
	3.84657 5.35574,
	3.85778 5.34454,
	3.86899 5.35574,
	"/>
<Contour name="d01c05ax03_ssvr" hidden="false" closed="true" simplified="false" border="0 1 0.501961" fill="0 0 1" mode="11"
 points="3.82897 5.39736,
	3.81776 5.38616,
	3.82897 5.37495,
	3.84017 5.38616,
	"/>
<Contour name="d01c05ax03_ssvr" hidden="false" closed="true" simplified="false" border="0 1 0.501961" fill="0 0 1" mode="11"
 points="3.82897 5.34294,
	3.81776 5.33173,
	3.82897 5.32053,
	3.84017 5.33173,
	"/>
<Contour name="d01c05ax03_ssvr" hidden="false" closed="true" simplified="false" border="0 1 0.501961" fill="0 0 1" mode="11"
 points="3.82576 5.28371,
	3.81456 5.2725,
	3.82576 5.2613,
	3.83697 5.2725,
	"/>
<Contour name="d01c05ax03_ssvr" hidden="false" closed="true" simplified="false" border="0 1 0.501961" fill="0 0 1" mode="11"
 points="3.75693 5.34934,
	3.74572 5.33814,
	3.75693 5.32693,
	3.76814 5.33814,
	"/>
<Contour name="d01c05ax03_ssvr" hidden="false" closed="true" simplified="false" border="0 1 0.501961" fill="0 0 1" mode="11"
 points="3.73612 5.37655,
	3.72491 5.36535,
	3.73612 5.35414,
	3.74732 5.36535,
	"/>
<Contour name="d01c05ax03_ssvr" hidden="false" closed="true" simplified="false" border="0 1 0.501961" fill="0 0 1" mode="11"
 points="3.71211 5.33173,
	3.7009 5.32053,
	3.71211 5.30932,
	3.72331 5.32053,
	"/>
<Contour name="d01c05ax03_ssvr" hidden="false" closed="true" simplified="false" border="0 1 0.501961" fill="0 0 1" mode="11"
 points="3.78734 5.48061,
	3.77614 5.4694,
	3.78734 5.45819,
	3.79855 5.4694,
	"/>
<Contour name="d01c05ax03_ssvr" hidden="false" closed="true" simplified="false" border="0 1 0.501961" fill="0 0 1" mode="11"
 points="3.77934 5.51422,
	3.76814 5.50302,
	3.77934 5.49181,
	3.79055 5.50302,
	"/>
<Contour name="d01c05ax03_ssvr" hidden="false" closed="true" simplified="false" border="0 1 0.501961" fill="0 0 1" mode="11"
 points="3.73932 5.55584,
	3.72812 5.54464,
	3.73932 5.53343,
	3.75053 5.54464,
	"/>
<Contour name="d01c05ax03_ssvr" hidden="false" closed="true" simplified="false" border="0 1 0.501961" fill="0 0 1" mode="11"
 points="3.72491 5.50142,
	3.71371 5.49021,
	3.72491 5.47901,
	3.73612 5.49021,
	"/>
<Contour name="d01c05ax03_ssvr" hidden="false" closed="true" simplified="false" border="0 1 0.501961" fill="0 0 1" mode="11"
 points="3.65448 5.44379,
	3.64327 5.43258,
	3.65448 5.42138,
	3.66568 5.43258,
	"/>
<Contour name="d01c05ax03_ssvr" hidden="false" closed="true" simplified="false" border="0 1 0.501961" fill="0 0 1" mode="11"
 points="3.61446 5.4742,
	3.60325 5.463,
	3.61446 5.45179,
	3.62566 5.463,
	"/>
<Contour name="d01c05ax03_ssvr" hidden="false" closed="true" simplified="false" border="0 1 0.501961" fill="0 0 1" mode="11"
 points="3.58404 5.39576,
	3.57284 5.38456,
	3.58404 5.37335,
	3.59525 5.38456,
	"/>
<Contour name="d01c05ax03_ssvr" hidden="false" closed="true" simplified="false" border="0 1 0.501961" fill="0 0 1" mode="11"
 points="3.53282 5.41337,
	3.52161 5.40217,
	3.53282 5.39096,
	3.54402 5.40217,
	"/>
<Contour name="d01c05ax03_ssvr" hidden="false" closed="true" simplified="false" border="0 1 0.501961" fill="0 0 1" mode="11"
 points="3.50881 5.43899,
	3.4976 5.42778,
	3.50881 5.41657,
	3.52001 5.42778,
	"/>
<Contour name="d01c05ax03_ssvr" hidden="false" closed="true" simplified="false" border="0 1 0.501961" fill="0 0 1" mode="11"
 points="3.4864 5.34614,
	3.47519 5.33493,
	3.4864 5.32373,
	3.4976 5.33493,
	"/>
<Contour name="d01c05ax03_ssvr" hidden="false" closed="true" simplified="false" border="0 1 0.501961" fill="0 0 1" mode="11"
 points="3.43997 5.2629,
	3.42877 5.25169,
	3.43997 5.24049,
	3.45118 5.25169,
	"/>
<Contour name="d01c05ax03_ssvr" hidden="false" closed="true" simplified="false" border="0 1 0.501961" fill="0 0 1" mode="11"
 points="3.60485 5.53823,
	3.59365 5.52703,
	3.60485 5.51582,
	3.61606 5.52703,
	"/>
<Contour name="d01c05ax03_ssvr" hidden="false" closed="true" simplified="false" border="0 1 0.501961" fill="0 0 1" mode="11"
 points="3.64487 5.60067,
	3.63367 5.58946,
	3.64487 5.57825,
	3.65608 5.58946,
	"/>
<Contour name="d01c05ax03_ssvr" hidden="false" closed="true" simplified="false" border="0 1 0.501961" fill="0 0 1" mode="11"
 points="3.60325 5.60867,
	3.59205 5.59746,
	3.60325 5.58626,
	3.61446 5.59746,
	"/>
<Contour name="d01c05ax03_ssvr" hidden="false" closed="true" simplified="false" border="0 1 0.501961" fill="0 0 1" mode="11"
 points="3.51041 5.52863,
	3.4992 5.51742,
	3.51041 5.50622,
	3.52161 5.51742,
	"/>
<Contour name="d01c05ax03_ssvr" hidden="false" closed="true" simplified="false" border="0 1 0.501961" fill="0 0 1" mode="11"
 points="3.55843 5.52863,
	3.54723 5.51742,
	3.55843 5.50622,
	3.56964 5.51742,
	"/>
<Contour name="d01c05ax03_ssvr" hidden="false" closed="true" simplified="false" border="0 1 0.501961" fill="0 0 1" mode="11"
 points="3.7009 5.61347,
	3.6897 5.60227,
	3.7009 5.59106,
	3.71211 5.60227,
	"/>
<Contour name="d01c05ax03_ssvr" hidden="false" closed="true" simplified="false" border="0 1 0.501961" fill="0 0 1" mode="11"
 points="3.71691 5.65509,
	3.7057 5.64389,
	3.71691 5.63268,
	3.72812 5.64389,
	"/>
<Contour name="d01c05ax03_ssvr" hidden="false" closed="true" simplified="false" border="0 1 0.501961" fill="0 0 1" mode="11"
 points="3.67689 5.38136,
	3.66568 5.37015,
	3.67689 5.35895,
	3.6881 5.37015,
	"/>
<Contour name="d00cfa01ax03" hidden="false" closed="false" simplified="false" border="0 1 0.502" fill="0 0 1" mode="11"
 points="3.91345 5.28449,
	3.99869 5.45891,
	"/>
</Transform>

<Transform dim="0"
 xcoef=" 0 1 0 0 0 0"
 ycoef=" 0 0 1 0 0 0">
<Contour name="ax03" comment="LK bouton trace named after cfa" hidden="false" closed="true" simplified="true" border="0 1 1" fill="0.502 1 1" mode="9"
 points="3.31371 5.20485,
	3.31708 5.19811,
	3.31792 5.19474,
	3.32045 5.19136,
	3.32045 5.18968,
	3.34152 5.16271,
	3.35163 5.14923,
	3.355 5.14248,
	3.35585 5.13911,
	3.35837 5.13574,
	3.36427 5.10877,
	3.3668 5.08181,
	3.3668 5.07844,
	3.35922 5.06495,
	3.35669 5.05821,
	3.35585 5.03124,
	3.35837 5.01776,
	3.36427 5.00427,
	3.37186 4.99079,
	3.37607 4.98405,
	3.38787 4.97056,
	3.39461 4.96466,
	3.40135 4.96045,
	3.4081 4.95455,
	3.43507 4.94022,
	3.44855 4.93264,
	3.47552 4.9141,
	3.489 4.90651,
	3.51597 4.89724,
	3.52945 4.89303,
	3.55642 4.87955,
	3.56316 4.87617,
	3.59013 4.87196,
	3.60362 4.8728,
	3.6171 4.88207,
	3.63058 4.89556,
	3.64997 4.92253,
	3.67104 4.94949,
	3.68958 4.97562,
	3.71149 5.00259,
	3.72919 5.02956,
	3.73256 5.0363,
	3.73761 5.04304,
	3.7511 5.05652,
	3.77217 5.08349,
	3.77722 5.09023,
	3.80419 5.11046,
	3.81768 5.11973,
	3.83116 5.13153,
	3.8379 5.13743,
	3.84464 5.14164,
	3.8497 5.14838,
	3.85307 5.15175,
	3.85644 5.1585,
	3.85897 5.17198,
	3.85897 5.17872,
	3.85644 5.18547,
	3.8556 5.19221,
	3.85223 5.19895,
	3.85054 5.20569,
	3.85223 5.21243,
	3.85476 5.2158,
	3.8615 5.21749,
	3.88847 5.2394,
	3.91038 5.26637,
	3.91881 5.27985,
	3.92976 5.30682,
	3.93398 5.32031,
	3.95673 5.37424,
	3.96937 5.40121,
	3.97864 5.42818,
	3.98286 5.44166,
	3.98623 5.4484,
	3.98875 5.46189,
	3.98875 5.46863,
	3.98875 5.472,
	3.98791 5.47369,
	3.9955 5.50066,
	3.99634 5.51414,
	3.99465 5.52088,
	3.98707 5.53437,
	3.97358 5.54701,
	3.9601 5.55543,
	3.93313 5.56723,
	3.91965 5.57145,
	3.91291 5.57397,
	3.90954 5.57482,
	3.88678 5.60179,
	3.87835 5.61527,
	3.8674 5.62875,
	3.86066 5.63381,
	3.85728 5.63718,
	3.8438 5.64392,
	3.81683 5.64814,
	3.81009 5.64814,
	3.80672 5.64814,
	3.79324 5.65404,
	3.77975 5.66246,
	3.77301 5.66836,
	3.76964 5.67173,
	3.74267 5.6869,
	3.7157 5.69786,
	3.70222 5.70207,
	3.67525 5.70376,
	3.64828 5.69112,
	3.62131 5.67679,
	3.59435 5.66415,
	3.56738 5.65994,
	3.55389 5.65741,
	3.54041 5.65235,
	3.52777 5.63971,
	3.5244 5.63634,
	3.51007 5.60937,
	3.50249 5.59673,
	3.47552 5.57145,
	3.47215 5.56808,
	3.46456 5.55459,
	3.45866 5.54111,
	3.45613 5.52762,
	3.45361 5.52088,
	3.44939 5.49391,
	3.44686 5.48043,
	3.44518 5.47369,
	3.44349 5.47032,
	3.44349 5.46357,
	3.42748 5.43661,
	3.41821 5.42312,
	3.40641 5.40964,
	3.39293 5.397,
	3.38703 5.39025,
	3.3727 5.36329,
	3.36596 5.3498,
	3.3609 5.33632,
	3.34573 5.30935,
	3.33899 5.29587,
	3.33815 5.28238,
	3.33393 5.2689,
	3.32635 5.25541,
	3.32382 5.24867,
	3.32129 5.2453,
	3.31624 5.23182,
	3.31371 5.21833,
	3.31371 5.20569,
	"/>
</Transform>

<Transform dim="0"
 xcoef=" 0 1 0 0 0 0"
 ycoef=" 0 0 1 0 0 0">
<Contour name="ax01" comment="LK bouton trace named after cfa" hidden="false" closed="true" simplified="true" border="0 1 1" fill="0.502 1 1" mode="9"
 points="3.23028 3.57659,
	3.2347 3.56481,
	3.23618 3.56186,
	3.24797 3.55081,
	3.25312 3.54491,
	3.25828 3.53312,
	3.26197 3.52133,
	3.26344 3.51544,
	3.27154 3.50365,
	3.28112 3.49186,
	3.28702 3.48596,
	3.29881 3.47933,
	3.3047 3.47638,
	3.30986 3.47123,
	3.31944 3.44765,
	3.32607 3.43586,
	3.32828 3.42996,
	3.33712 3.41817,
	3.34228 3.41228,
	3.36512 3.3946,
	3.36807 3.39239,
	3.37102 3.39165,
	3.38207 3.3806,
	3.40196 3.35702,
	3.40786 3.3526,
	3.41081 3.35039,
	3.41228 3.34891,
	3.42407 3.34818,
	3.43586 3.34891,
	3.44765 3.34818,
	3.4506 3.34818,
	3.46239 3.34228,
	3.46828 3.33933,
	3.48007 3.32754,
	3.48523 3.32165,
	3.48596 3.31575,
	3.48817 3.30986,
	3.49775 3.29881,
	3.50954 3.2907,
	3.51544 3.28849,
	3.51838 3.28702,
	3.54196 3.28628,
	3.54786 3.28702,
	3.55375 3.28923,
	3.57733 3.28923,
	3.58912 3.28849,
	3.60091 3.28997,
	3.6127 3.29291,
	3.61859 3.29586,
	3.62154 3.29733,
	3.62301 3.29733,
	3.62449 3.29881,
	3.62596 3.29881,
	3.63775 3.30618,
	3.6407 3.30765,
	3.65249 3.3187,
	3.6628 3.32975,
	3.66649 3.33565,
	3.68638 3.35923,
	3.69154 3.36512,
	3.69375 3.36807,
	3.69522 3.37396,
	3.69007 3.39754,
	3.69154 3.40344,
	3.69965 3.41523,
	3.72322 3.42775,
	3.73501 3.43439,
	3.73796 3.43586,
	3.74386 3.44102,
	3.74533 3.44396,
	3.74754 3.45575,
	3.74828 3.46165,
	3.74607 3.48523,
	3.74091 3.49702,
	3.73722 3.50291,
	3.72765 3.5147,
	3.72249 3.52649,
	3.72396 3.53238,
	3.73575 3.55596,
	3.73796 3.56775,
	3.73649 3.57365,
	3.73796 3.57954,
	3.72986 3.60312,
	3.72912 3.60607,
	3.7328 3.61786,
	3.7328 3.6208,
	3.75565 3.64291,
	3.76743 3.64954,
	3.77922 3.65765,
	3.79101 3.6628,
	3.79691 3.66575,
	3.80207 3.67165,
	3.82564 3.68859,
	3.83743 3.69965,
	3.84701 3.71144,
	3.85217 3.71733,
	3.85585 3.72912,
	3.85659 3.73501,
	3.85512 3.74091,
	3.84849 3.7527,
	3.84628 3.75859,
	3.84038 3.76375,
	3.83449 3.76743,
	3.83154 3.76965,
	3.82564 3.77112,
	3.8227 3.77259,
	3.79912 3.77038,
	3.78733 3.76891,
	3.76375 3.76891,
	3.7608 3.76891,
	3.75786 3.76743,
	3.73428 3.76965,
	3.7107 3.7748,
	3.68712 3.79175,
	3.67533 3.79691,
	3.66944 3.79764,
	3.64586 3.79543,
	3.62228 3.78807,
	3.61638 3.78586,
	3.61049 3.78512,
	3.58691 3.77554,
	3.58102 3.77333,
	3.55744 3.77038,
	3.53386 3.75343,
	3.52207 3.74459,
	3.51617 3.74017,
	3.51028 3.73796,
	3.50733 3.73575,
	3.49554 3.73207,
	3.47196 3.72101,
	3.46017 3.71659,
	3.4366 3.69817,
	3.41302 3.67607,
	3.40123 3.66944,
	3.37765 3.66059,
	3.37175 3.66059,
	3.36586 3.65912,
	3.36291 3.66059,
	3.35112 3.65691,
	3.33933 3.65028,
	3.32754 3.64217,
	3.32165 3.63775,
	3.3187 3.63554,
	3.31575 3.6348,
	3.30986 3.62965,
	3.28628 3.61712,
	3.28039 3.61344,
	3.27744 3.61123,
	3.25386 3.60312,
	3.24207 3.59502,
	3.23618 3.59059,
	3.23323 3.58765,
	3.23028 3.58175,
	3.23028 3.5788,
	3.23028 3.57733,
	"/>
</Transform>

<Transform dim="1"
 xcoef=" 0.02 1 0 0 0 0"
 ycoef=" 0.03 0 1 0 0 0">
<Contour name="d01c05ax03_ssvr" hidden="false" closed="true" simplified="false" border="0 1 0.501961" fill="0 0 1" mode="11"
 points="3.57284 5.49982,
	3.56163 5.48861,
	3.57284 5.4774,
	3.58404 5.48861,
	"/>
</Transform>

<Transform dim="1"
 xcoef=" 0 1 0 0 0 0"
 ycoef=" 0.01 0 1 0 0 0">
<Contour name="d01c05ax03_ssvr" hidden="false" closed="true" simplified="false" border="0 1 0.501961" fill="0 0 1" mode="11"
 points="3.57284 5.49982,
	3.56163 5.48861,
	3.57284 5.4774,
	3.58404 5.48861,
	"/>
</Transform>

<Transform dim="1"
 xcoef=" -0.04 1 0 0 0 0"
 ycoef=" -0.02 0 1 0 0 0">
<Contour name="d01c05ax03_ssvr" hidden="false" closed="true" simplified="false" border="0 1 0.501961" fill="0 0 1" mode="11"
 points="3.81936 5.55424,
	3.80816 5.54304,
	3.81936 5.53183,
	3.83057 5.54304,
	"/>
</Transform>

<Transform dim="1"
 xcoef=" -0.01 1 0 0 0 0"
 ycoef=" 0.01 0 1 0 0 0">
<Contour name="d01c05ax03_ssvr" hidden="false" closed="true" simplified="false" border="0 1 0.501961" fill="0 0 1" mode="11"
 points="3.46879 5.25329,
	3.45758 5.24209,
	3.46879 5.23088,
	3.47999 5.24209,
	"/>
</Transform>

<Transform dim="1"
 xcoef=" 0.04 1 0 0 0 0"
 ycoef=" 0.01 0 1 0 0 0">
<Contour name="d01c05ax03_ssvr" hidden="false" closed="true" simplified="false" border="0 1 0.501961" fill="0 0 1" mode="11"
 points="3.76173 5.30132,
	3.75053 5.29011,
	3.76173 5.27891,
	3.77294 5.29011,
	"/>
</Transform>

<Transform dim="0"
 xcoef=" 0 1 0 0 0 0"
 ycoef=" 0 0 1 0 0 0">
<Contour name="d01c05ax03_ssvr" hidden="false" closed="true" simplified="false" border="0 1 0.501961" fill="0 0 1" mode="11"
 points="3.76173 5.30132,
	3.75053 5.29011,
	3.76173 5.27891,
	3.77294 5.29011,
	"/>
</Transform>

<Transform dim="1"
 xcoef=" -0.01 1 0 0 0 0"
 ycoef=" 0.04 0 1 0 0 0">
<Contour name="d01c05ax03_ssvr" hidden="false" closed="true" simplified="false" border="0 1 0.501961" fill="0 0 1" mode="11"
 points="3.76173 5.30132,
	3.75053 5.29011,
	3.76173 5.27891,
	3.77294 5.29011,
	"/>
</Transform>

<Transform dim="0"
 xcoef=" 0 1 0 0 0 0"
 ycoef=" 0 0 1 0 0 0">
<Contour name="d01c05ax03_ssvr" hidden="false" closed="true" simplified="false" border="0 1 0.501961" fill="0 0 1" mode="11"
 points="3.56483 5.34895,
	3.55363 5.33774,
	3.56483 5.32653,
	3.57604 5.33774,
	"/>
</Transform>

<Transform dim="1"
 xcoef=" -0.02 1 0 0 0 0"
 ycoef=" 0.06 0 1 0 0 0">
<Contour name="d01c05ax03_ssvr" hidden="false" closed="true" simplified="false" border="0 1 0.501961" fill="0 0 1" mode="11"
 points="3.56483 5.34895,
	3.55363 5.33774,
	3.56483 5.32653,
	3.57604 5.33774,
	"/>
</Transform>

<Transform dim="0"
 xcoef=" 0 1 0 0 0 0"
 ycoef=" 0 0 1 0 0 0">
<Contour name="KZ_d01ax05" comment="LK bouton trace named after cfa" hidden="false" closed="true" simplified="true" border="0 1 1" fill="0.502 1 1" mode="11"
 points="3.31418 5.19958,
	3.31977 5.18838,
	3.32117 5.18279,
	3.33516 5.1604,
	3.34356 5.14921,
	3.34775 5.14362,
	3.37014 5.13382,
	3.37433 5.12263,
	3.37154 5.10025,
	3.36454 5.07786,
	3.36174 5.07227,
	3.36174 5.04988,
	3.36454 5.0275,
	3.37154 5.00512,
	3.37713 4.99392,
	3.38693 4.98273,
	3.39812 4.97434,
	3.40371 4.97014,
	3.40931 4.95895,
	3.4205 4.94916,
	3.4233 4.94356,
	3.46807 4.92118,
	3.49045 4.90998,
	3.53522 4.89599,
	3.5576 4.8862,
	3.57999 4.882,
	3.59118 4.882,
	3.60237 4.8862,
	3.62475 4.90019,
	3.64714 4.91838,
	3.65833 4.92957,
	3.67232 4.95195,
	3.67792 4.95755,
	3.69051 4.97993,
	3.72128 5.0247,
	3.73527 5.04709,
	3.77305 5.09185,
	3.79543 5.11004,
	3.80662 5.11843,
	3.82901 5.14082,
	3.8402 5.15061,
	3.84859 5.17299,
	3.85279 5.19538,
	3.84999 5.20097,
	3.8388 5.21077,
	3.836 5.21217,
	3.8374 5.21776,
	3.8416 5.22336,
	3.85279 5.22616,
	3.85699 5.22755,
	3.87657 5.24994,
	3.90875 5.29471,
	3.91854 5.3059,
	3.93113 5.32828,
	3.93533 5.33947,
	3.95072 5.36186,
	3.96191 5.38424,
	3.9759 5.40663,
	3.98709 5.42901,
	3.99409 5.4402,
	4.00248 5.46259,
	4.00668 5.48497,
	4.00528 5.50735,
	3.99968 5.51854,
	3.98849 5.52974,
	3.9773 5.53673,
	3.95492 5.55632,
	3.94372 5.56051,
	3.94093 5.56051,
	3.93533 5.56471,
	3.92414 5.56891,
	3.90175 5.5857,
	3.89196 5.59689,
	3.87657 5.61927,
	3.86678 5.62907,
	3.86118 5.63466,
	3.84999 5.63746,
	3.8444 5.63746,
	3.82201 5.64725,
	3.81082 5.65285,
	3.79963 5.65565,
	3.79403 5.65565,
	3.78284 5.66124,
	3.77165 5.67103,
	3.74926 5.68502,
	3.72688 5.69622,
	3.7045 5.70041,
	3.6933 5.69901,
	3.67092 5.70041,
	3.65973 5.69901,
	3.63734 5.68782,
	3.62615 5.68502,
	3.58139 5.66684,
	3.559 5.65984,
	3.54781 5.65704,
	3.52682 5.63466,
	3.51983 5.62347,
	3.51563 5.61228,
	3.50024 5.58989,
	3.49185 5.5787,
	3.48206 5.55632,
	3.47506 5.54513,
	3.46527 5.52274,
	3.45827 5.51155,
	3.44848 5.46678,
	3.44568 5.45559,
	3.43869 5.4444,
	3.43589 5.43321,
	3.4205 5.41082,
	3.41491 5.40523,
	3.40791 5.39543,
	3.39812 5.39124,
	3.38972 5.38004,
	3.38413 5.35766,
	3.38133 5.34647,
	3.38273 5.33528,
	3.36874 5.31289,
	3.36174 5.3017,
	3.35195 5.27932,
	3.33237 5.25693,
	3.32257 5.24574,
	3.31698 5.23455,
	3.31418 5.21217,
	3.31418 5.20097,
	"/>
</Transform>

<Transform dim="1"
 xcoef=" -0.01 1 0 0 0 0"
 ycoef=" 0 0 1 0 0 0">
<Contour name="d04" hidden="false" closed="true" simplified="true" border="1 0 0" fill="1 0 0" mode="9"
 points="5.89519 3.92212,
	5.91196 3.91164,
	5.97904 3.89277,
	6.01258 3.87391,
	6.01678 3.87391,
	6.05032 3.85085,
	6.06499 3.83827,
	6.07967 3.82989,
	6.11321 3.80263,
	6.12998 3.79215,
	6.16142 3.76071,
	6.16771 3.74394,
	6.18448 3.73555,
	6.21802 3.73765,
	6.2264 3.74184,
	6.24108 3.75861,
	6.24527 3.767,
	6.24317 3.80054,
	6.23898 3.81731,
	6.22012 3.85085,
	6.19706 3.88439,
	6.17609 3.91374,
	6.14884 3.94308,
	6.13836 3.95566,
	6.1174 3.9892,
	6.10692 4.00597,
	6.09224 4.01645,
	6.0587 4.01645,
	6.04193 4.01017,
	6.03355 4.00597,
	6.0063 3.97662,
	6.00001 3.96824,
	5.98533 3.95985,
	5.96856 3.95566,
	5.95179 3.95566,
	5.93502 3.94937,
	5.92664 3.94099,
	5.91825 3.9368,
	5.90148 3.9347,
	5.89519 3.92841,
	5.89519 3.92422,
	"/>
</Transform>

<Transform dim="1"
 xcoef=" 0.02 1 0 0 0 0"
 ycoef=" -0.01 0 1 0 0 0">
<Contour name="d03" hidden="false" closed="true" simplified="true" border="1 1 0" fill="1 1 0.501961" mode="11"
 points="5.18597 4.11294,
	5.18824 4.10386,
	5.22227 4.0721,
	5.22681 4.06756,
	5.23135 4.06756,
	5.24723 4.05395,
	5.26537 4.04715,
	5.27445 4.04488,
	5.28352 4.04715,
	5.28806 4.04715,
	5.2926 4.05168,
	5.29713 4.05168,
	5.31528 4.0653,
	5.33343 4.06983,
	5.35158 4.08118,
	5.36065 4.09706,
	5.36746 4.10613,
	5.37427 4.12428,
	5.37427 4.16058,
	5.372 4.17872,
	5.372 4.18326,
	5.34477 4.21956,
	5.32889 4.23544,
	5.31982 4.24224,
	5.31075 4.26039,
	5.30394 4.29669,
	5.30167 4.31484,
	5.29033 4.33299,
	5.28579 4.33752,
	5.24949 4.33526,
	5.23135 4.33526,
	5.2132 4.32845,
	5.20639 4.32164,
	5.20639 4.28535,
	5.20866 4.2672,
	5.21093 4.26266,
	5.19959 4.19007,
	5.19732 4.18099,
	5.19732 4.17646,
	5.19278 4.17192,
	5.18597 4.15377,
	5.18597 4.11747,
	5.18597 4.1152,
	"/>
<Contour name="d03cfa10Bax61" hidden="false" closed="false" simplified="false" border="0 1 1" fill="0 1 1" mode="-9"
 points="5.19277 4.29248,
	5.20158 4.25432,
	5.19865 4.22496,
	5.18984 4.1868,
	5.1869 4.14864,
	5.19277 4.10755,
	"/>
</Transform>

<Transform dim="1"
 xcoef=" -0.01 1 0 0 0 0"
 ycoef=" 0 0 1 0 0 0">
<Contour name="d03cfa07ax58" hidden="false" closed="false" simplified="false" border="0 1 1" fill="0 1 1" mode="9"
 points="5.68177 4.05318,
	5.54859 4.11444,
	5.41541 4.16772,
	"/>
<Contour name="d03" hidden="false" closed="true" simplified="true" border="1 1 0" fill="1 1 0.501961" mode="11"
 points="5.32848 4.00312,
	5.33075 3.99404,
	5.33755 3.98497,
	5.34663 3.98043,
	5.35116 3.9759,
	5.36931 3.98043,
	5.37839 3.9827,
	5.41468 3.9759,
	5.43283 3.9759,
	5.44191 3.9827,
	5.4782 3.98951,
	5.48728 3.98951,
	5.49635 3.98497,
	5.53265 3.98497,
	5.5508 3.98724,
	5.5871 4.00085,
	5.65969 4.01219,
	5.66876 4.01673,
	5.67103 4.0258,
	5.6665 4.03488,
	5.64835 4.04849,
	5.61205 4.06664,
	5.5939 4.07571,
	5.58936 4.07571,
	5.58483 4.08025,
	5.51223 4.10747,
	5.50316 4.11201,
	5.49862 4.11201,
	5.49408 4.11655,
	5.47593 4.12335,
	5.45779 4.12335,
	5.43964 4.11655,
	5.43056 4.11428,
	5.40334 4.08479,
	5.3988 4.07571,
	5.38973 4.06664,
	5.35343 4.04849,
	5.33755 4.03261,
	5.32848 4.01446,
	5.32848 4.00539,
	"/>
</Transform>

<Transform dim="0"
 xcoef=" 0 1 0 0 0 0"
 ycoef=" 0 0 1 0 0 0">
<Contour name="ax58" comment="LK bouton trace named after cfa" hidden="false" closed="true" simplified="true" border="0 1 1" fill="0.502 1 1" mode="9"
 points="5.24636 4.55397,
	5.25029 4.54347,
	5.26865 4.5238,
	5.28964 4.512,
	5.29882 4.50544,
	5.308 4.46347,
	5.30538 4.42149,
	5.29882 4.40051,
	5.29489 4.39002,
	5.29358 4.38477,
	5.29751 4.36378,
	5.30276 4.35329,
	5.30538 4.3428,
	5.308 4.33755,
	5.30931 4.32706,
	5.30931 4.32181,
	5.31194 4.31657,
	5.31325 4.29558,
	5.31981 4.2746,
	5.32505 4.2641,
	5.33555 4.25361,
	5.35653 4.23918,
	5.36702 4.23,
	5.37883 4.20902,
	5.38539 4.18803,
	5.38801 4.17754,
	5.39326 4.16704,
	5.40375 4.15917,
	5.44572 4.14081,
	5.46671 4.13688,
	5.4772 4.13688,
	5.49819 4.13294,
	5.51917 4.13163,
	5.52966 4.13163,
	5.55065 4.12638,
	5.57163 4.1172,
	5.58213 4.11327,
	5.58737 4.11196,
	5.59787 4.10409,
	5.60311 4.10278,
	5.60836 4.09753,
	5.62935 4.08966,
	5.63984 4.08441,
	5.66082 4.07917,
	5.67132 4.07786,
	5.68181 4.07392,
	5.68706 4.0713,
	5.69755 4.0713,
	5.73952 4.08572,
	5.75001 4.08835,
	5.76051 4.08572,
	5.76313 4.08441,
	5.76837 4.08572,
	5.77887 4.0831,
	5.79985 4.0831,
	5.82084 4.08704,
	5.82609 4.08704,
	5.83658 4.09097,
	5.84182 4.09491,
	5.85232 4.09753,
	5.8733 4.10802,
	5.89429 4.11065,
	5.90478 4.11458,
	5.94675 4.11196,
	5.96774 4.11065,
	5.98872 4.11196,
	6.0307 4.12376,
	6.05168 4.1395,
	6.06217 4.14606,
	6.06742 4.14737,
	6.07791 4.15524,
	6.0989 4.1618,
	6.14087 4.18016,
	6.15136 4.18803,
	6.15399 4.19065,
	6.15399 4.20115,
	6.15136 4.21164,
	6.14874 4.21426,
	6.10677 4.2182,
	6.0648 4.21951,
	6.04381 4.22082,
	6.02283 4.22607,
	6.01233 4.23131,
	5.99135 4.23656,
	5.9861 4.24049,
	5.94413 4.24967,
	5.92314 4.24967,
	5.91265 4.24967,
	5.90216 4.25623,
	5.88117 4.27591,
	5.86019 4.29296,
	5.84969 4.30345,
	5.84051 4.32444,
	5.84051 4.34542,
	5.83658 4.36641,
	5.83133 4.3769,
	5.81035 4.39657,
	5.78936 4.411,
	5.77887 4.41494,
	5.75788 4.42805,
	5.75001 4.43855,
	5.74608 4.44379,
	5.74083 4.46478,
	5.73952 4.47002,
	5.72247 4.49101,
	5.70148 4.50806,
	5.65951 4.53429,
	5.64902 4.54085,
	5.62803 4.54741,
	5.61754 4.55134,
	5.60705 4.55265,
	5.6018 4.55265,
	5.58082 4.56052,
	5.57557 4.56315,
	5.5559 4.58413,
	5.5454 4.59331,
	5.52442 4.60381,
	5.50343 4.60774,
	5.48245 4.60381,
	5.47195 4.60381,
	5.46146 4.60774,
	5.45097 4.6143,
	5.44572 4.62479,
	5.4431 4.64578,
	5.43129 4.66676,
	5.42605 4.67201,
	5.41555 4.67332,
	5.41031 4.67332,
	5.40506 4.67595,
	5.40244 4.67595,
	5.39457 4.67595,
	5.37358 4.67595,
	5.36309 4.67595,
	5.3526 4.67332,
	5.34735 4.6707,
	5.34473 4.6707,
	5.33423 4.66414,
	5.32899 4.66021,
	5.32374 4.65889,
	5.30276 4.64447,
	5.28308 4.62742,
	5.2621 4.61299,
	5.25292 4.60381,
	5.25029 4.60118,
	5.25029 4.59987,
	5.24767 4.59331,
	5.24767 4.57233,
	5.24767 4.56184,
	5.24767 4.55659,
	5.24636 4.55528,
	"/>
</Transform>

<Transform dim="1"
 xcoef=" -0.06 1 0 0 0 0"
 ycoef=" 0 0 1 0 0 0">
<Contour name="d02c11" hidden="false" closed="true" simplified="true" border="0 1 0" fill="0 1 0" mode="9"
 points="2.82237 5.44766,
	2.83501 5.42745,
	2.84259 5.41734,
	2.85269 5.41229,
	2.89312 5.41229,
	2.90323 5.41229,
	2.91334 5.41987,
	2.93355 5.41987,
	2.94366 5.42239,
	2.95124 5.42997,
	2.95124 5.45019,
	2.95124 5.46029,
	2.94871 5.46535,
	2.94366 5.46535,
	2.9386 5.46029,
	2.93355 5.46029,
	2.92344 5.46787,
	2.91839 5.47293,
	2.87796 5.4704,
	2.83753 5.47293,
	2.82743 5.46535,
	2.82237 5.46029,
	2.82237 5.45019,
	"/>
<Contour name="d02" hidden="false" closed="true" simplified="true" border="0.5 0 1" fill="0.5 0 1" mode="9"
 points="2.83118 5.44817,
	2.89349 5.44428,
	2.92464 5.44428,
	2.94022 5.44428,
	2.96359 5.50659,
	2.96748 5.52216,
	2.96748 5.52995,
	2.9558 5.54553,
	2.9558 5.56111,
	2.97138 5.59226,
	2.99864 5.61952,
	3.01421 5.6312,
	3.01811 5.66236,
	3.01421 5.67794,
	3.00642 5.68573,
	2.99085 5.68573,
	2.98306 5.68573,
	2.93243 5.62342,
	2.92075 5.59226,
	2.86623 5.53774,
	2.86623 5.52995,
	2.84286 5.4988,
	2.83118 5.46764,
	2.83118 5.45207,
	"/>
</Transform>

<Transform dim="1"
 xcoef=" -0.02 1 0 0 0 0"
 ycoef=" 0 0 1 0 0 0">
<Contour name="d01c05ax03_ssvr" hidden="false" closed="true" simplified="false" border="0 1 0.501961" fill="0 0 1" mode="11"
 points="3.74412 5.62948,
	3.73292 5.61827,
	3.74412 5.60707,
	3.75533 5.61827,
	"/>
<Contour name="d01c05ax03_ssvr" hidden="false" closed="true" simplified="false" border="0 1 0.501961" fill="0 0 1" mode="11"
 points="3.75213 5.59586,
	3.74092 5.58466,
	3.75213 5.57345,
	3.76333 5.58466,
	"/>
</Transform>

<Transform dim="1"
 xcoef=" -0.01 1 0 0 0 0"
 ycoef=" 0.02 0 1 0 0 0">
<Contour name="d01c05ax03_ssvr" hidden="false" closed="true" simplified="false" border="0 1 0.501961" fill="0 0 1" mode="11"
 points="3.81936 5.55424,
	3.80816 5.54304,
	3.81936 5.53183,
	3.83057 5.54304,
	"/>
</Transform>

<Transform dim="1"
 xcoef=" -0.01 1 0 0 0 0"
 ycoef=" -0.01 0 1 0 0 0">
<Contour name="d01c05ax03_ssvr" hidden="false" closed="true" simplified="false" border="0 1 0.501961" fill="0 0 1" mode="11"
 points="3.72812 5.44219,
	3.71691 5.43098,
	3.72812 5.41978,
	3.73932 5.43098,
	"/>
</Transform>

<Transform dim="1"
 xcoef=" -0.02 1 0 0 0 0"
 ycoef=" 0.01 0 1 0 0 0">
<Contour name="d01c05ax03_ssvr" hidden="false" closed="true" simplified="false" border="0 1 0.501961" fill="0 0 1" mode="11"
 points="3.76814 5.44219,
	3.75693 5.43098,
	3.76814 5.41978,
	3.77934 5.43098,
	"/>
</Transform>

<Transform dim="1"
 xcoef=" 0.05 1 0 0 0 0"
 ycoef=" 0.03 0 1 0 0 0">
<Contour name="d01c05ax03_ssvr" hidden="false" closed="true" simplified="false" border="0 1 0.501961" fill="0 0 1" mode="11"
 points="3.76814 5.44219,
	3.75693 5.43098,
	3.76814 5.41978,
	3.77934 5.43098,
	"/>
</Transform>

<Transform dim="1"
 xcoef=" -0.01 1 0 0 0 0"
 ycoef=" 0.01 0 1 0 0 0">
<Contour name="d01c05ax03_ssvr" hidden="false" closed="true" simplified="false" border="0 1 0.501961" fill="0 0 1" mode="11"
 points="3.61606 5.41818,
	3.60485 5.40697,
	3.61606 5.39576,
	3.62727 5.40697,
	"/>
</Transform>

<Transform dim="1"
 xcoef=" 0.01 1 0 0 0 0"
 ycoef=" 0 0 1 0 0 0">
<Contour name="d01c05ax03_ssvr" hidden="false" closed="true" simplified="false" border="0 1 0.501961" fill="0 0 1" mode="11"
 points="3.69812 5.46219,
	3.68691 5.45098,
	3.69812 5.43978,
	3.70932 5.45098,
	"/>
</Transform>

<Transform dim="1"
 xcoef=" 0.01 1 0 0 0 0"
 ycoef=" 0.01 0 1 0 0 0">
<Contour name="d01c05ax03_ssvr" hidden="false" closed="true" simplified="false" border="0 1 0.501961" fill="0 0 1" mode="11"
 points="3.68009 5.50782,
	3.66889 5.49661,
	3.68009 5.48541,
	3.6913 5.49661,
	"/>
</Transform>

<Transform dim="1"
 xcoef=" 0.01 1 0 0 0 0"
 ycoef=" -0.01 0 1 0 0 0">
<Contour name="d01c05ax03_ssvr" hidden="false" closed="true" simplified="false" border="0 1 0.501961" fill="0 0 1" mode="11"
 points="3.7025 5.53823,
	3.6913 5.52703,
	3.7025 5.51582,
	3.71371 5.52703,
	"/>
</Transform>

<Transform dim="0"
 xcoef=" 0 1 0 0 0 0"
 ycoef=" 0 0 1 0 0 0">
<Contour name="ax02" comment="LK bouton trace named after cfa" hidden="false" closed="true" simplified="true" border="0 1 1" fill="0.502 1 1" mode="9"
 points="4.43905 6.38462,
	4.45152 6.36362,
	4.45939 6.35312,
	4.4607 6.3505,
	4.4712 6.34065,
	4.47645 6.33606,
	4.47908 6.33409,
	4.48957 6.33344,
	4.50007 6.33541,
	4.51057 6.34065,
	4.53157 6.34394,
	4.53682 6.3459,
	4.54732 6.34131,
	4.55257 6.33934,
	4.55519 6.33803,
	4.57619 6.33934,
	4.58669 6.3459,
	4.59719 6.34722,
	4.60769 6.34656,
	4.61819 6.35115,
	4.62868 6.35443,
	4.63393 6.35509,
	4.64443 6.36034,
	4.64968 6.36428,
	4.65624 6.37478,
	4.66149 6.38527,
	4.66346 6.39052,
	4.6733 6.40037,
	4.6779 6.40562,
	4.67987 6.41087,
	4.67921 6.41612,
	4.67855 6.41874,
	4.67462 6.42399,
	4.66937 6.42793,
	4.65887 6.43186,
	4.65362 6.43383,
	4.64312 6.43514,
	4.63262 6.43514,
	4.62212 6.43777,
	4.61162 6.44302,
	4.60637 6.44564,
	4.60112 6.4463,
	4.59063 6.44171,
	4.58538 6.43974,
	4.58275 6.43974,
	4.5775 6.44236,
	4.57225 6.4463,
	4.56175 6.45155,
	4.5565 6.4522,
	4.54601 6.45024,
	4.53551 6.45352,
	4.53026 6.45549,
	4.51976 6.45549,
	4.50926 6.45417,
	4.49876 6.45089,
	4.48826 6.44564,
	4.48301 6.44039,
	4.47776 6.42989,
	4.47514 6.42465,
	4.47448 6.42202,
	4.45348 6.4043,
	4.44299 6.39643,
	4.44102 6.3938,
	4.4397 6.38856,
	4.43905 6.38593,
	4.43905 6.38527,
	"/>
</Transform>

<Transform dim="0"
 xcoef=" 0 1 0 0 0 0"
 ycoef=" 0 0 1 0 0 0">
<Contour name="ax47" comment="dch traced 07.2018" hidden="false" closed="true" simplified="true" border="0 1 1" fill="0.502 1 1" mode="9"
 points="3.14906 4.64511,
	3.15354 4.63075,
	3.1652 4.6182,
	3.17148 4.61282,
	3.17507 4.60923,
	3.18314 4.59488,
	3.19659 4.58232,
	3.20018 4.57963,
	3.21453 4.57335,
	3.22888 4.56528,
	3.24234 4.55541,
	3.27104 4.53299,
	3.27821 4.52851,
	3.2809 4.52492,
	3.28449 4.52313,
	3.28808 4.51954,
	3.29525 4.51505,
	3.3096 4.51057,
	3.31678 4.50877,
	3.33113 4.50877,
	3.34548 4.51147,
	3.35266 4.51147,
	3.36701 4.51595,
	3.37418 4.52043,
	3.38764 4.53389,
	3.39302 4.54106,
	3.39571 4.54465,
	3.3966 4.54824,
	3.3966 4.55003,
	3.39929 4.55362,
	3.40109 4.5608,
	3.40557 4.56797,
	3.41903 4.57873,
	3.42441 4.58501,
	3.4271 4.58681,
	3.43069 4.59398,
	3.43158 4.60116,
	3.42889 4.61551,
	3.42889 4.62268,
	3.42889 4.62627,
	3.43338 4.64062,
	3.43338 4.65497,
	3.43338 4.66215,
	3.42979 4.6765,
	3.428 4.68367,
	3.42441 4.69085,
	3.41454 4.7043,
	3.41275 4.70789,
	3.41275 4.72224,
	3.41006 4.72941,
	3.40468 4.73569,
	3.39122 4.74466,
	3.38764 4.74556,
	3.38405 4.74825,
	3.3697 4.75094,
	3.341 4.74735,
	3.31229 4.74646,
	3.30512 4.74735,
	3.29794 4.74646,
	3.29436 4.74646,
	3.28001 4.74197,
	3.27283 4.74107,
	3.26566 4.73838,
	3.25848 4.73749,
	3.24413 4.73928,
	3.23695 4.73928,
	3.20825 4.7339,
	3.1939 4.73211,
	3.17955 4.72762,
	3.1652 4.72134,
	3.16161 4.71955,
	3.15623 4.71237,
	3.15264 4.7052,
	3.14906 4.6478,
	3.14906 4.646,
	"/>
</Transform>

<Transform dim="0"
 xcoef=" 0 1 0 0 0 0"
 ycoef=" 0 0 1 0 0 0">
<Contour name="ax69" comment="dch traced 07.2018" hidden="false" closed="true" simplified="true" border="0 1 1" fill="0.502 1 1" mode="9"
 points="2.33224 1.27349,
	2.34223 1.25352,
	2.34473 1.24852,
	2.34473 1.24603,
	2.34972 1.24228,
	2.35971 1.24103,
	2.3697 1.24228,
	2.38967 1.25352,
	2.42962 1.28223,
	2.43961 1.28848,
	2.45834 1.29597,
	2.46833 1.29846,
	2.47332 1.30096,
	2.47832 1.30096,
	2.48831 1.30471,
	2.52826 1.30595,
	2.54823 1.30595,
	2.55073 1.30471,
	2.57071 1.30845,
	2.59068 1.31594,
	2.60067 1.31719,
	2.60567 1.31969,
	2.61565 1.32094,
	2.63563 1.32843,
	2.65561 1.34091,
	2.66435 1.3509,
	2.66684 1.3559,
	2.66934 1.35839,
	2.67309 1.37837,
	2.67933 1.38836,
	2.68807 1.3971,
	2.69431 1.40459,
	2.69806 1.40708,
	2.70805 1.41707,
	2.71554 1.42581,
	2.72428 1.44579,
	2.73052 1.46577,
	2.73926 1.48574,
	2.748 1.49573,
	2.78545 1.52195,
	2.79419 1.53194,
	2.79669 1.53443,
	2.79794 1.54442,
	2.79544 1.55441,
	2.78795 1.56315,
	2.76797 1.57189,
	2.72802 1.58313,
	2.72552 1.58313,
	2.72303 1.58562,
	2.68307 1.59561,
	2.67808 1.59686,
	2.67558 1.59936,
	2.65561 1.60435,
	2.63563 1.6031,
	2.61565 1.59936,
	2.60567 1.59561,
	2.60067 1.59436,
	2.59818 1.59436,
	2.59568 1.59187,
	2.58569 1.58937,
	2.58319 1.58437,
	2.56322 1.57064,
	2.54324 1.5669,
	2.53325 1.56315,
	2.51328 1.5619,
	2.50329 1.5594,
	2.49829 1.55691,
	2.4933 1.55691,
	2.4908 1.55441,
	2.48081 1.55066,
	2.47083 1.54442,
	2.46209 1.53568,
	2.46209 1.53319,
	2.45959 1.53194,
	2.45959 1.52944,
	2.44461 1.51321,
	2.43587 1.49323,
	2.43087 1.48324,
	2.43087 1.48075,
	2.42463 1.47076,
	2.42213 1.46826,
	2.42213 1.46577,
	2.41589 1.45578,
	2.38343 1.42082,
	2.37469 1.41083,
	2.3697 1.40584,
	2.3647 1.3971,
	2.36345 1.3921,
	2.35222 1.37213,
	2.34348 1.35215,
	2.34098 1.34216,
	2.33848 1.33717,
	2.33224 1.29721,
	2.33224 1.27724,
	2.33224 1.27474,
	"/>
</Transform>

<Transform dim="0"
 xcoef=" 0 1 0 0 0 0"
 ycoef=" 0 0 1 0 0 0">
<Contour name="ax63" comment="dch traced 08.2018" hidden="false" closed="true" simplified="true" border="0 1 1" fill="0.502 1 1" mode="9"
 points="1.86009 2.49943,
	1.86228 2.49506,
	1.86337 2.47757,
	1.86665 2.46009,
	1.86665 2.45571,
	1.87102 2.44697,
	1.88304 2.412,
	1.8896 2.39451,
	1.89179 2.39014,
	1.89179 2.38577,
	1.90599 2.3508,
	1.92457 2.31692,
	1.92676 2.31255,
	1.93441 2.3038,
	1.9508 2.2896,
	1.95845 2.28413,
	1.96282 2.27976,
	1.97157 2.2743,
	1.97594 2.27102,
	1.97812 2.26883,
	1.98031 2.26883,
	1.98905 2.26227,
	2.00545 2.25462,
	2.01419 2.25572,
	2.04916 2.26555,
	2.06665 2.27211,
	2.07102 2.27539,
	2.07539 2.27648,
	2.10708 2.29943,
	2.11583 2.30599,
	2.13003 2.3202,
	2.14752 2.3344,
	2.15408 2.34205,
	2.17156 2.35408,
	2.17375 2.35626,
	2.19124 2.35735,
	2.22621 2.3508,
	2.24369 2.34752,
	2.25244 2.34643,
	2.26992 2.3497,
	2.28741 2.35954,
	2.3038 2.37375,
	2.31145 2.38249,
	2.31692 2.39123,
	2.32238 2.39779,
	2.33987 2.39779,
	2.34424 2.39779,
	2.35298 2.39342,
	2.36173 2.39233,
	2.3967 2.39779,
	2.40544 2.39998,
	2.41418 2.40653,
	2.41856 2.40872,
	2.43386 2.42402,
	2.44151 2.43058,
	2.45025 2.43386,
	2.45462 2.43604,
	2.46336 2.43714,
	2.47211 2.43604,
	2.50708 2.43932,
	2.51582 2.43932,
	2.53331 2.4426,
	2.54205 2.44588,
	2.54642 2.44697,
	2.54861 2.44916,
	2.55735 2.45244,
	2.56172 2.45571,
	2.56391 2.45571,
	2.57265 2.46446,
	2.59014 2.47757,
	2.59233 2.47757,
	2.60872 2.48959,
	2.61309 2.49287,
	2.61746 2.49287,
	2.6262 2.49724,
	2.64151 2.51145,
	2.64588 2.51473,
	2.65025 2.52347,
	2.65571 2.54096,
	2.66227 2.57593,
	2.66992 2.59342,
	2.67648 2.60216,
	2.67648 2.60435,
	2.68631 2.62183,
	2.69287 2.63932,
	2.69615 2.65681,
	2.69834 2.66555,
	2.69834 2.68303,
	2.69943 2.69178,
	2.70708 2.70926,
	2.71254 2.71801,
	2.72784 2.73112,
	2.7344 2.73986,
	2.73549 2.74861,
	2.73549 2.75298,
	2.72894 2.77047,
	2.71254 2.78577,
	2.69506 2.7956,
	2.66008 2.80981,
	2.6426 2.81527,
	2.62511 2.81855,
	2.60763 2.81746,
	2.59014 2.81965,
	2.57265 2.81855,
	2.56391 2.81746,
	2.55954 2.81746,
	2.54205 2.80981,
	2.52566 2.79779,
	2.51692 2.79014,
	2.51254 2.78686,
	2.50162 2.76937,
	2.49724 2.76063,
	2.49506 2.75189,
	2.49506 2.74314,
	2.48085 2.72675,
	2.46883 2.71036,
	2.46118 2.67538,
	2.46009 2.66664,
	2.44806 2.65025,
	2.44041 2.64151,
	2.42293 2.62948,
	2.41418 2.6262,
	2.40981 2.62402,
	2.40763 2.62402,
	2.40326 2.62074,
	2.38577 2.61637,
	2.3508 2.61528,
	2.33331 2.61637,
	2.29834 2.61418,
	2.28085 2.61309,
	2.27211 2.61309,
	2.25462 2.60981,
	2.24588 2.60981,
	2.22839 2.60653,
	2.21965 2.60325,
	2.20326 2.59123,
	2.19451 2.58577,
	2.19014 2.58249,
	2.18796 2.58249,
	2.17921 2.57702,
	2.17484 2.57484,
	2.15736 2.57265,
	2.13987 2.57265,
	2.13113 2.57375,
	2.11364 2.57047,
	2.09616 2.55845,
	2.08741 2.55298,
	2.06993 2.54752,
	2.05244 2.54752,
	2.0437 2.5508,
	2.03932 2.55189,
	2.02184 2.56172,
	2.00435 2.56937,
	1.99561 2.57047,
	1.97812 2.56828,
	1.96938 2.565,
	1.9661 2.56172,
	1.95736 2.55845,
	1.92239 2.55298,
	1.9049 2.55189,
	1.90053 2.5508,
	1.89834 2.5508,
	1.89616 2.54861,
	1.88741 2.54752,
	1.87867 2.54315,
	1.8743 2.54205,
	1.86665 2.53659,
	1.86337 2.53222,
	1.86118 2.53003,
	1.86009 2.51254,
	1.86009 2.5038,
	1.86009 2.50052,
	"/>
</Transform>

<Transform dim="0"
 xcoef=" 0 1 0 0 0 0"
 ycoef=" 0 0 1 0 0 0">
<Contour name="ax44" comment="dch traced 07.2018" hidden="false" closed="true" simplified="true" border="0 1 1" fill="0.502 1 1" mode="9"
 points="2.54008 7.19532,
	2.54195 7.18031,
	2.54383 7.1728,
	2.54477 7.16905,
	2.54664 7.16718,
	2.54946 7.15967,
	2.55039 7.15592,
	2.55039 7.15405,
	2.55227 7.15311,
	2.55227 7.15123,
	2.56165 7.13716,
	2.58697 7.10808,
	2.5926 7.10058,
	2.59542 7.09683,
	2.59635 7.09308,
	2.62168 7.06681,
	2.62825 7.06212,
	2.63481 7.05462,
	2.64513 7.04242,
	2.64888 7.04055,
	2.6517 7.0368,
	2.66483 7.02648,
	2.67984 7.01616,
	2.68734 7.01241,
	2.70235 7.00959,
	2.71736 7.00866,
	2.73236 7.01053,
	2.76144 7.01897,
	2.77645 7.02554,
	2.7802 7.02742,
	2.78114 7.02929,
	2.79521 7.03586,
	2.79896 7.03586,
	2.80646 7.03867,
	2.81022 7.03867,
	2.81397 7.04055,
	2.874 7.04149,
	2.88901 7.04055,
	2.91902 7.04336,
	2.93403 7.0443,
	2.94153 7.04618,
	2.94529 7.04805,
	2.96029 7.04993,
	2.9678 7.05087,
	2.97155 7.05274,
	2.9753 7.05274,
	2.99031 7.05837,
	2.99781 7.06212,
	3.00157 7.06494,
	3.00907 7.06775,
	3.02408 7.07713,
	3.03158 7.08182,
	3.03533 7.08463,
	3.03721 7.08745,
	3.0494 7.10152,
	3.05972 7.11653,
	3.06441 7.12403,
	3.06723 7.12778,
	3.06723 7.12966,
	3.07567 7.14467,
	3.08036 7.15967,
	3.07942 7.17468,
	3.07942 7.18218,
	3.07661 7.19719,
	3.07192 7.2122,
	3.0691 7.22721,
	3.06816 7.23471,
	3.06816 7.23846,
	3.06629 7.24222,
	3.06535 7.24972,
	3.06816 7.26473,
	3.07754 7.27974,
	3.0813 7.28724,
	3.08411 7.30225,
	3.08411 7.30975,
	3.0813 7.32476,
	3.08036 7.33226,
	3.08036 7.33602,
	3.07848 7.33977,
	3.07848 7.34727,
	3.07661 7.35477,
	3.07754 7.36228,
	3.08036 7.36978,
	3.08505 7.37635,
	3.09912 7.38667,
	3.11319 7.39511,
	3.12069 7.40074,
	3.13476 7.40918,
	3.14883 7.42231,
	3.15352 7.42981,
	3.15915 7.44482,
	3.16196 7.45233,
	3.16478 7.46733,
	3.16571 7.49735,
	3.16571 7.50485,
	3.16196 7.51986,
	3.16102 7.52736,
	3.15633 7.54237,
	3.15352 7.54988,
	3.15071 7.55363,
	3.14977 7.55738,
	3.13851 7.57239,
	3.13288 7.57989,
	3.12538 7.58458,
	3.11975 7.58927,
	3.11788 7.58927,
	3.11037 7.59396,
	3.09536 7.59959,
	3.09161 7.60053,
	3.08786 7.60334,
	3.08036 7.60428,
	3.07285 7.60334,
	3.0691 7.60334,
	3.06535 7.60522,
	3.05034 7.60522,
	3.02033 7.61085,
	3.00532 7.61272,
	3.00157 7.61272,
	2.99406 7.61554,
	2.96405 7.62116,
	2.94904 7.6221,
	2.91902 7.62679,
	2.88901 7.62679,
	2.874 7.62773,
	2.8665 7.62585,
	2.86274 7.62585,
	2.85899 7.62398,
	2.85524 7.62398,
	2.82522 7.6146,
	2.81022 7.60803,
	2.7802 7.59115,
	2.7727 7.58646,
	2.76894 7.58364,
	2.76707 7.58364,
	2.75956 7.57802,
	2.73424 7.54988,
	2.72767 7.54237,
	2.70985 7.51236,
	2.7061 7.50485,
	2.7061 7.50298,
	2.69766 7.48797,
	2.69391 7.48047,
	2.69203 7.47859,
	2.69203 7.47671,
	2.69015 7.47484,
	2.69015 7.47296,
	2.67233 7.44295,
	2.66483 7.42794,
	2.65545 7.39792,
	2.65076 7.38291,
	2.64419 7.36791,
	2.64138 7.36415,
	2.63856 7.35665,
	2.63856 7.35477,
	2.63575 7.35102,
	2.63575 7.34915,
	2.63106 7.34258,
	2.62918 7.3407,
	2.62825 7.33695,
	2.60573 7.30788,
	2.58135 7.27974,
	2.57759 7.27598,
	2.57572 7.27223,
	2.56353 7.25722,
	2.56353 7.25535,
	2.55321 7.24034,
	2.55133 7.23659,
	2.55133 7.23471,
	2.54852 7.2319,
	2.54758 7.22815,
	2.5457 7.22627,
	2.54101 7.21126,
	2.54008 7.19625,
	"/>
</Transform>

<Transform dim="0"
 xcoef=" 0 1 0 0 0 0"
 ycoef=" 0 0 1 0 0 0">
<Contour name="d02c06ax44_ssvr" hidden="false" closed="true" simplified="false" border="0 1 0.502" fill="0 0 1" mode="11"
 points="2.60497 7.16888,
	2.58997 7.15388,
	2.60497 7.13888,
	2.61997 7.15388,
	"/>
<Contour name="d02c06ax44_ssvr" hidden="false" closed="true" simplified="false" border="0 1 0.502" fill="0 0 1" mode="11"
 points="2.62739 7.12404,
	2.61239 7.10904,
	2.62739 7.09404,
	2.64239 7.10904,
	"/>
<Contour name="d02c06ax44_ssvr" hidden="false" closed="true" simplified="false" border="0 1 0.502" fill="0 0 1" mode="11"
 points="2.61858 7.22973,
	2.60358 7.21473,
	2.61858 7.19973,
	2.63358 7.21473,
	"/>
<Contour name="d02c06ax44_ssvr" hidden="false" closed="true" simplified="false" border="0 1 0.502" fill="0 0 1" mode="11"
 points="2.67864 7.25215,
	2.66364 7.23715,
	2.67864 7.22215,
	2.69364 7.23715,
	"/>
<Contour name="d02c06ax44_ssvr" hidden="false" closed="true" simplified="false" border="0 1 0.502" fill="0 0 1" mode="11"
 points="2.73869 7.25055,
	2.72369 7.23555,
	2.73869 7.22055,
	2.75369 7.23555,
	"/>
<Contour name="d02c06ax44_ssvr" hidden="false" closed="true" simplified="false" border="0 1 0.502" fill="0 0 1" mode="11"
 points="2.69785 7.20651,
	2.68285 7.19151,
	2.69785 7.17651,
	2.71285 7.19151,
	"/>
<Contour name="d02c06ax44_ssvr" hidden="false" closed="true" simplified="false" border="0 1 0.502" fill="0 0 1" mode="11"
 points="2.7499 7.18649,
	2.7349 7.17149,
	2.7499 7.15649,
	2.7649 7.17149,
	"/>
<Contour name="d02c06ax44_ssvr" hidden="false" closed="true" simplified="false" border="0 1 0.502" fill="0 0 1" mode="11"
 points="2.73469 7.13124,
	2.71969 7.11624,
	2.73469 7.10124,
	2.74969 7.11624,
	"/>
<Contour name="d02c06ax44_ssvr" hidden="false" closed="true" simplified="false" border="0 1 0.502" fill="0 0 1" mode="11"
 points="2.77472 7.09601,
	2.75972 7.08101,
	2.77472 7.06601,
	2.78972 7.08101,
	"/>
</Transform>

<Transform dim="0"
 xcoef=" 0 1 0 0 0 0"
 ycoef=" 0 0 1 0 0 0">
<Contour name="d02c06ax44_ssvr" hidden="false" closed="true" simplified="false" border="0 1 0.502" fill="0 0 1" mode="11"
 points="2.65782 7.301,
	2.64282 7.286,
	2.65782 7.271,
	2.67282 7.286,
	"/>
<Contour name="d02c06ax44_ssvr" hidden="false" closed="true" simplified="false" border="0 1 0.502" fill="0 0 1" mode="11"
 points="2.71867 7.29539,
	2.70367 7.28039,
	2.71867 7.26539,
	2.73367 7.28039,
	"/>
<Contour name="d02c06ax44_ssvr" hidden="false" closed="true" simplified="false" border="0 1 0.502" fill="0 0 1" mode="11"
 points="2.69785 7.35384,
	2.68285 7.33884,
	2.69785 7.32384,
	2.71285 7.33884,
	"/>
<Contour name="d02c06ax44_ssvr" hidden="false" closed="true" simplified="false" border="0 1 0.502" fill="0 0 1" mode="11"
 points="2.7467 7.36585,
	2.7317 7.35085,
	2.7467 7.33585,
	2.7617 7.35085,
	"/>
<Contour name="d02c06ax44_ssvr" hidden="false" closed="true" simplified="false" border="0 1 0.502" fill="0 0 1" mode="11"
 points="2.77953 7.32422,
	2.76453 7.30922,
	2.77953 7.29422,
	2.79453 7.30922,
	"/>
<Contour name="d02c06ax44_ssvr" hidden="false" closed="true" simplified="false" border="0 1 0.502" fill="0 0 1" mode="11"
 points="2.79314 7.27057,
	2.77814 7.25557,
	2.79314 7.24057,
	2.80814 7.25557,
	"/>
<Contour name="d02c06ax44_ssvr" hidden="false" closed="true" simplified="false" border="0 1 0.502" fill="0 0 1" mode="11"
 points="2.84839 7.25936,
	2.83339 7.24436,
	2.84839 7.22936,
	2.86339 7.24436,
	"/>
<Contour name="d02c06ax44_ssvr" hidden="false" closed="true" simplified="false" border="0 1 0.502" fill="0 0 1" mode="11"
 points="2.88042 7.27057,
	2.86542 7.25557,
	2.88042 7.24057,
	2.89542 7.25557,
	"/>
<Contour name="d02c06ax44_ssvr" hidden="false" closed="true" simplified="false" border="0 1 0.502" fill="0 0 1" mode="11"
 points="2.91004 7.24254,
	2.89504 7.22754,
	2.91004 7.21254,
	2.92504 7.22754,
	"/>
<Contour name="d02c06ax44_ssvr" hidden="false" closed="true" simplified="false" border="0 1 0.502" fill="0 0 1" mode="11"
 points="2.8628 7.1977,
	2.8478 7.1827,
	2.8628 7.1677,
	2.8778 7.1827,
	"/>
<Contour name="d02c06ax44_ssvr" hidden="false" closed="true" simplified="false" border="0 1 0.502" fill="0 0 1" mode="11"
 points="2.86921 7.13845,
	2.85421 7.12345,
	2.86921 7.10845,
	2.88421 7.12345,
	"/>
</Transform>

<Transform dim="0"
 xcoef=" 0 1 0 0 0 0"
 ycoef=" 0 0 1 0 0 0">
<Contour name="d02c06ax44_ssvr" hidden="false" closed="true" simplified="false" border="0 1 0.502" fill="0 0 1" mode="11"
 points="2.95328 7.19931,
	2.93828 7.18431,
	2.95328 7.16931,
	2.96828 7.18431,
	"/>
<Contour name="d02c06ax44_ssvr" hidden="false" closed="true" simplified="false" border="0 1 0.502" fill="0 0 1" mode="11"
 points="2.92526 7.16087,
	2.91026 7.14587,
	2.92526 7.13087,
	2.94026 7.14587,
	"/>
<Contour name="d02c06ax44_ssvr" hidden="false" closed="true" simplified="false" border="0 1 0.502" fill="0 0 1" mode="11"
 points="3.01814 7.1913,
	3.00314 7.1763,
	3.01814 7.1613,
	3.03314 7.1763,
	"/>
<Contour name="d02c06ax44_ssvr" hidden="false" closed="true" simplified="false" border="0 1 0.502" fill="0 0 1" mode="11"
 points="3.01894 7.23614,
	3.00394 7.22114,
	3.01894 7.20614,
	3.03394 7.22114,
	"/>
<Contour name="d02c06ax44_ssvr" hidden="false" closed="true" simplified="false" border="0 1 0.502" fill="0 0 1" mode="11"
 points="2.96049 7.24655,
	2.94549 7.23155,
	2.96049 7.21655,
	2.97549 7.23155,
	"/>
<Contour name="d02c06ax44_ssvr" hidden="false" closed="true" simplified="false" border="0 1 0.502" fill="0 0 1" mode="11"
 points="2.95488 7.28498,
	2.93988 7.26998,
	2.95488 7.25498,
	2.96988 7.26998,
	"/>
<Contour name="d02c06ax44_ssvr" hidden="false" closed="true" simplified="false" border="0 1 0.502" fill="0 0 1" mode="11"
 points="2.77392 7.4139,
	2.75892 7.3989,
	2.77392 7.3839,
	2.78892 7.3989,
	"/>
<Contour name="d02c06ax44_ssvr" hidden="false" closed="true" simplified="false" border="0 1 0.502" fill="0 0 1" mode="11"
 points="2.82757 7.37226,
	2.81257 7.35726,
	2.82757 7.34226,
	2.84257 7.35726,
	"/>
<Contour name="d02c06ax44_ssvr" hidden="false" closed="true" simplified="false" border="0 1 0.502" fill="0 0 1" mode="11"
 points="2.84599 7.42271,
	2.83099 7.40771,
	2.84599 7.39271,
	2.86099 7.40771,
	"/>
<Contour name="d02c06ax44_ssvr" hidden="false" closed="true" simplified="false" border="0 1 0.502" fill="0 0 1" mode="11"
 points="2.79794 7.44753,
	2.78294 7.43253,
	2.79794 7.41753,
	2.81294 7.43253,
	"/>
<Contour name="d02c06ax44_ssvr" hidden="false" closed="true" simplified="false" border="0 1 0.502" fill="0 0 1" mode="11"
 points="2.76351 7.50037,
	2.74851 7.48537,
	2.76351 7.47037,
	2.77851 7.48537,
	"/>
<Contour name="d02c06ax44_ssvr" hidden="false" closed="true" simplified="false" border="0 1 0.502" fill="0 0 1" mode="11"
 points="2.7507 7.46434,
	2.7357 7.44934,
	2.7507 7.43434,
	2.7657 7.44934,
	"/>
<Contour name="d02c06ax44_ssvr" hidden="false" closed="true" simplified="false" border="0 1 0.502" fill="0 0 1" mode="11"
 points="2.82997 7.49557,
	2.81497 7.48057,
	2.82997 7.46557,
	2.84497 7.48057,
	"/>
<Contour name="d02c06ax44_ssvr" hidden="false" closed="true" simplified="false" border="0 1 0.502" fill="0 0 1" mode="11"
 points="2.80755 7.56203,
	2.79255 7.54703,
	2.80755 7.53203,
	2.82255 7.54703,
	"/>
<Contour name="d02c06ax44_ssvr" hidden="false" closed="true" simplified="false" border="0 1 0.502" fill="0 0 1" mode="11"
 points="2.85159 7.53401,
	2.83659 7.51901,
	2.85159 7.50401,
	2.86659 7.51901,
	"/>
<Contour name="d02c06ax44_ssvr" hidden="false" closed="true" simplified="false" border="0 1 0.502" fill="0 0 1" mode="11"
 points="2.87481 7.55482,
	2.85981 7.53982,
	2.87481 7.52482,
	2.88981 7.53982,
	"/>
<Contour name="d02c06ax44_ssvr" hidden="false" closed="true" simplified="false" border="0 1 0.502" fill="0 0 1" mode="11"
 points="2.91485 7.58765,
	2.89985 7.57265,
	2.91485 7.55765,
	2.92985 7.57265,
	"/>
<Contour name="d02c06ax44_ssvr" hidden="false" closed="true" simplified="false" border="0 1 0.502" fill="0 0 1" mode="11"
 points="2.92125 7.53961,
	2.90625 7.52461,
	2.92125 7.50961,
	2.93625 7.52461,
	"/>
<Contour name="d02c06ax44_ssvr" hidden="false" closed="true" simplified="false" border="0 1 0.502" fill="0 0 1" mode="11"
 points="2.89803 7.48916,
	2.88303 7.47416,
	2.89803 7.45916,
	2.91303 7.47416,
	"/>
<Contour name="d02c06ax44_ssvr" hidden="false" closed="true" simplified="false" border="0 1 0.502" fill="0 0 1" mode="11"
 points="2.89723 7.44593,
	2.88223 7.43093,
	2.89723 7.41593,
	2.91223 7.43093,
	"/>
<Contour name="d02c06ax44_ssvr" hidden="false" closed="true" simplified="false" border="0 1 0.502" fill="0 0 1" mode="11"
 points="2.92045 7.40829,
	2.90545 7.39329,
	2.92045 7.37829,
	2.93545 7.39329,
	"/>
<Contour name="d02c06ax44_ssvr" hidden="false" closed="true" simplified="false" border="0 1 0.502" fill="0 0 1" mode="11"
 points="2.92606 7.37066,
	2.91106 7.35566,
	2.92606 7.34066,
	2.94106 7.35566,
	"/>
<Contour name="d02c06ax44_ssvr" hidden="false" closed="true" simplified="false" border="0 1 0.502" fill="0 0 1" mode="11"
 points="2.95649 7.44593,
	2.94149 7.43093,
	2.95649 7.41593,
	2.97149 7.43093,
	"/>
<Contour name="d02c06ax44_ssvr" hidden="false" closed="true" simplified="false" border="0 1 0.502" fill="0 0 1" mode="11"
 points="2.96689 7.48116,
	2.95189 7.46616,
	2.96689 7.45116,
	2.98189 7.46616,
	"/>
<Contour name="d02c06ax44_ssvr" hidden="false" closed="true" simplified="false" border="0 1 0.502" fill="0 0 1" mode="11"
 points="3.00373 7.47395,
	2.98873 7.45895,
	3.00373 7.44395,
	3.01873 7.45895,
	"/>
<Contour name="d02c06ax44_ssvr" hidden="false" closed="true" simplified="false" border="0 1 0.502" fill="0 0 1" mode="11"
 points="2.98211 7.50598,
	2.96711 7.49098,
	2.98211 7.47598,
	2.99711 7.49098,
	"/>
<Contour name="d02c06ax44_ssvr" hidden="false" closed="true" simplified="false" border="0 1 0.502" fill="0 0 1" mode="11"
 points="3.03656 7.52279,
	3.02156 7.50779,
	3.03656 7.49279,
	3.05156 7.50779,
	"/>
<Contour name="d02c06ax44_ssvr" hidden="false" closed="true" simplified="false" border="0 1 0.502" fill="0 0 1" mode="11"
 points="3.05898 7.47795,
	3.04398 7.46295,
	3.05898 7.44795,
	3.07398 7.46295,
	"/>
<Contour name="d02c06ax44_ssvr" hidden="false" closed="true" simplified="false" border="0 1 0.502" fill="0 0 1" mode="11"
 points="2.9693 7.58765,
	2.9543 7.57265,
	2.9693 7.55765,
	2.9843 7.57265,
	"/>
<Contour name="d02c06ax44_ssvr" hidden="false" closed="true" simplified="false" border="0 1 0.502" fill="0 0 1" mode="11"
 points="2.99812 7.56683,
	2.98312 7.55183,
	2.99812 7.53683,
	3.01312 7.55183,
	"/>
</Transform>

<Transform dim="0"
 xcoef=" 0 1 0 0 0 0"
 ycoef=" 0 0 1 0 0 0">
<Contour name="d02c06ax44_ssvr" hidden="false" closed="true" simplified="false" border="0 1 0.502" fill="0 0 1" mode="11"
 points="3.04056 7.42351,
	3.02556 7.40851,
	3.04056 7.39351,
	3.05556 7.40851,
	"/>
<Contour name="d02c06ax44_ssvr" hidden="false" closed="true" simplified="false" border="0 1 0.502" fill="0 0 1" mode="11"
 points="3.00453 7.35945,
	2.98953 7.34445,
	3.00453 7.32945,
	3.01953 7.34445,
	"/>
<Contour name="d02c06ax44_ssvr" hidden="false" closed="true" simplified="false" border="0 1 0.502" fill="0 0 1" mode="11"
 points="3.03576 7.37386,
	3.02076 7.35886,
	3.03576 7.34386,
	3.05076 7.35886,
	"/>
</Transform>

<Transform dim="0"
 xcoef=" 0 1 0 0 0 0"
 ycoef=" 0 0 1 0 0 0">
<Contour name="d02c06ax44_ssvr" hidden="false" closed="true" simplified="false" border="0 1 0.502" fill="0 0 1" mode="11"
 points="2.82277 7.21612,
	2.80777 7.20112,
	2.82277 7.18612,
	2.83777 7.20112,
	"/>
</Transform>

<Transform dim="0"
 xcoef=" 0 1 0 0 0 0"
 ycoef=" 0 0 1 0 0 0">
<Contour name="d03c07ax58" hidden="false" closed="true" simplified="true" border="0 1 0" fill="0.502 1 0.502" mode="11"
 points="5.41863 4.19228,
	5.43244 4.14575,
	5.43898 4.12249,
	5.44189 4.11086,
	5.44407 4.10504,
	5.4448 4.10214,
	5.44698 4.09996,
	5.63308 4.03671,
	5.65634 4.02872,
	5.66215 4.02653,
	5.66506 4.02581,
	5.66652 4.02508,
	5.69414 4.0716,
	5.70795 4.09487,
	5.71449 4.1065,
	5.71522 4.10722,
	5.52912 4.16175,
	5.43608 4.18864,
	5.42444 4.19228,
	5.42154 4.193,
	5.42008 4.19373,
	5.41863 4.193,
	"/>
</Transform>

<Transform dim="0"
 xcoef=" 0 1 0 0 0 0"
 ycoef=" 0 0 1 0 0 0">
<Contour name="d03c07ax58_ssvr" hidden="false" closed="true" simplified="false" border="0 1 0.502" fill="0 0 1" mode="11"
 points="5.56621 4.22025,
	5.55121 4.20525,
	5.56621 4.19025,
	5.58121 4.20525,
	"/>
<Contour name="d03c07ax58_ssvr" hidden="false" closed="true" simplified="false" border="0 1 0.502" fill="0 0 1" mode="11"
 points="5.59668 4.30403,
	5.58168 4.28903,
	5.59668 4.27403,
	5.61168 4.28903,
	"/>
<Contour name="d03c07ax58_ssvr" hidden="false" closed="true" simplified="false" border="0 1 0.502" fill="0 0 1" mode="11"
 points="5.66142 4.23929,
	5.64642 4.22429,
	5.66142 4.20929,
	5.67642 4.22429,
	"/>
<Contour name="d03c07ax58_ssvr" hidden="false" closed="true" simplified="false" border="0 1 0.502" fill="0 0 1" mode="11"
 points="5.61191 4.21168,
	5.59691 4.19668,
	5.61191 4.18168,
	5.62691 4.19668,
	"/>
</Transform>

<Transform dim="0"
 xcoef=" 0 1 0 0 0 0"
 ycoef=" 0 0 1 0 0 0">
<Contour name="d03c07ax58_ssvr" hidden="false" closed="true" simplified="false" border="0 1 0.502" fill="0 0 1" mode="11"
 points="5.69474 4.16789,
	5.67974 4.15289,
	5.69474 4.13789,
	5.70974 4.15289,
	"/>
<Contour name="d03c07ax58_ssvr" hidden="false" closed="true" simplified="false" border="0 1 0.502" fill="0 0 1" mode="11"
 points="5.7471 4.25833,
	5.7321 4.24333,
	5.7471 4.22833,
	5.7621 4.24333,
	"/>
<Contour name="d03c07ax58_ssvr" hidden="false" closed="true" simplified="false" border="0 1 0.502" fill="0 0 1" mode="11"
 points="5.73758 4.19931,
	5.72258 4.18431,
	5.73758 4.16931,
	5.75258 4.18431,
	"/>
<Contour name="d03c07ax58_ssvr" hidden="false" closed="true" simplified="false" border="0 1 0.502" fill="0 0 1" mode="11"
 points="5.75186 4.14504,
	5.73686 4.13004,
	5.75186 4.11504,
	5.76686 4.13004,
	"/>
<Contour name="d03c07ax58_ssvr" hidden="false" closed="true" simplified="false" border="0 1 0.502" fill="0 0 1" mode="11"
 points="5.81088 4.13362,
	5.79588 4.11862,
	5.81088 4.10362,
	5.82588 4.11862,
	"/>
<Contour name="d03c07ax58_ssvr" hidden="false" closed="true" simplified="false" border="0 1 0.502" fill="0 0 1" mode="11"
 points="5.7966 4.20502,
	5.7816 4.19002,
	5.7966 4.17502,
	5.8116 4.19002,
	"/>
<Contour name="d03c07ax58_ssvr" hidden="false" closed="true" simplified="false" border="0 1 0.502" fill="0 0 1" mode="11"
 points="5.88038 4.22025,
	5.86538 4.20525,
	5.88038 4.19025,
	5.89538 4.20525,
	"/>
<Contour name="d03c07ax58_ssvr" hidden="false" closed="true" simplified="false" border="0 1 0.502" fill="0 0 1" mode="11"
 points="5.75186 4.29927,
	5.73686 4.28427,
	5.75186 4.26927,
	5.76686 4.28427,
	"/>
<Contour name="d03c07ax58_ssvr" hidden="false" closed="true" simplified="false" border="0 1 0.502" fill="0 0 1" mode="11"
 points="5.7033 4.27166,
	5.6883 4.25666,
	5.7033 4.24166,
	5.7183 4.25666,
	"/>
<Contour name="d03c07ax58_ssvr" hidden="false" closed="true" simplified="false" border="0 1 0.502" fill="0 0 1" mode="11"
 points="5.69283 4.34496,
	5.67783 4.32996,
	5.69283 4.31496,
	5.70783 4.32996,
	"/>
<Contour name="d03c07ax58_ssvr" hidden="false" closed="true" simplified="false" border="0 1 0.502" fill="0 0 1" mode="11"
 points="5.63 4.35068,
	5.615 4.33568,
	5.63 4.32068,
	5.645 4.33568,
	"/>
<Contour name="d03c07ax58_ssvr" hidden="false" closed="true" simplified="false" border="0 1 0.502" fill="0 0 1" mode="11"
 points="5.66142 4.3859,
	5.64642 4.3709,
	5.66142 4.3559,
	5.67642 4.3709,
	"/>
<Contour name="d03c07ax58_ssvr" hidden="false" closed="true" simplified="false" border="0 1 0.502" fill="0 0 1" mode="11"
 points="5.73853 4.40208,
	5.72353 4.38708,
	5.73853 4.37208,
	5.75353 4.38708,
	"/>
</Transform>

<Transform dim="0"
 xcoef=" 0 1 0 0 0 0"
 ycoef=" 0 0 1 0 0 0">
<Contour name="d03c07ax58_ssvr" hidden="false" closed="true" simplified="false" border="0 1 0.502" fill="0 0 1" mode="11"
 points="5.77661 4.36305,
	5.76161 4.34805,
	5.77661 4.33305,
	5.79161 4.34805,
	"/>
<Contour name="d03c07ax58_ssvr" hidden="false" closed="true" simplified="false" border="0 1 0.502" fill="0 0 1" mode="11"
 points="5.54622 4.46111,
	5.53122 4.44611,
	5.54622 4.43111,
	5.56122 4.44611,
	"/>
<Contour name="d03c07ax58_ssvr" hidden="false" closed="true" simplified="false" border="0 1 0.502" fill="0 0 1" mode="11"
 points="5.55098 4.39066,
	5.53598 4.37566,
	5.55098 4.36066,
	5.56598 4.37566,
	"/>
<Contour name="d03c07ax58_ssvr" hidden="false" closed="true" simplified="false" border="0 1 0.502" fill="0 0 1" mode="11"
 points="5.39961 4.28784,
	5.38461 4.27284,
	5.39961 4.25784,
	5.41461 4.27284,
	"/>
<Contour name="d03c07ax58_ssvr" hidden="false" closed="true" simplified="false" border="0 1 0.502" fill="0 0 1" mode="11"
 points="5.36724 4.3621,
	5.35224 4.3471,
	5.36724 4.3321,
	5.38224 4.3471,
	"/>
<Contour name="d03c07ax58_ssvr" hidden="false" closed="true" simplified="false" border="0 1 0.502" fill="0 0 1" mode="11"
 points="5.38248 4.43826,
	5.36748 4.42326,
	5.38248 4.40826,
	5.39748 4.42326,
	"/>
<Contour name="d03c07ax58_ssvr" hidden="false" closed="true" simplified="false" border="0 1 0.502" fill="0 0 1" mode="11"
 points="5.43008 4.42398,
	5.41508 4.40898,
	5.43008 4.39398,
	5.44508 4.40898,
	"/>
<Contour name="d03c07ax58_ssvr" hidden="false" closed="true" simplified="false" border="0 1 0.502" fill="0 0 1" mode="11"
 points="5.42627 4.48015,
	5.41127 4.46515,
	5.42627 4.45015,
	5.44127 4.46515,
	"/>
<Contour name="d03c07ax58_ssvr" hidden="false" closed="true" simplified="false" border="0 1 0.502" fill="0 0 1" mode="11"
 points="5.47768 4.46111,
	5.46268 4.44611,
	5.47768 4.43111,
	5.49268 4.44611,
	"/>
<Contour name="d03c07ax58_ssvr" hidden="false" closed="true" simplified="false" border="0 1 0.502" fill="0 0 1" mode="11"
 points="5.50624 4.50395,
	5.49124 4.48895,
	5.50624 4.47395,
	5.52124 4.48895,
	"/>
<Contour name="d03c07ax58_ssvr" hidden="false" closed="true" simplified="false" border="0 1 0.502" fill="0 0 1" mode="11"
 points="5.45293 4.53061,
	5.43793 4.51561,
	5.45293 4.50061,
	5.46793 4.51561,
	"/>
</Transform>

<Transform dim="0"
 xcoef=" 0 1 0 0 0 0"
 ycoef=" 0 0 1 0 0 0">
<Contour name="d03c07ax58_ssvda" hidden="false" closed="true" simplified="false" border="1 0 0" fill="0 0 1" mode="11"
 points="5.6009 4.16667,
	5.59069 4.15646,
	5.6009 4.14626,
	5.6111 4.15646,
	"/>
</Transform>

<Transform dim="1"
 xcoef=" -0.04 1 0 0 0 0"
 ycoef=" 0.04 0 1 0 0 0">
<Contour name="d03c07ax58_ssvda" hidden="false" closed="true" simplified="false" border="1 0 0" fill="0 0 1" mode="11"
 points="5.6009 4.16667,
	5.59069 4.15646,
	5.6009 4.14626,
	5.6111 4.15646,
	"/>
</Transform>

<Transform dim="0"
 xcoef=" 0 1 0 0 0 0"
 ycoef=" 0 0 1 0 0 0">
<Contour name="d03c10Bax61" hidden="false" closed="true" simplified="true" border="0 1 0" fill="0.502 1 0.502" mode="11"
 points="5.13709 4.12194,
	5.16474 4.11676,
	5.19239 4.1133,
	5.20621 4.11071,
	5.20966 4.11157,
	5.21571 4.22216,
	5.2183 4.27745,
	5.21917 4.29128,
	5.22003 4.29819,
	5.22003 4.30165,
	5.22003 4.30337,
	5.20621 4.30424,
	5.15092 4.30251,
	5.13709 4.30165,
	5.13709 4.19106,
	5.13709 4.13577,
	5.13709 4.12281,
	"/>
</Transform>

<Transform dim="0"
 xcoef=" 0 1 0 0 0 0"
 ycoef=" 0 0 1 0 0 0">
<Contour name="ax61" comment="dch traced 08.2018" hidden="false" closed="true" simplified="true" border="0 1 1" fill="0.502 1 1" mode="11"
 points="4.60773 4.05005,
	4.61284 4.03643,
	4.62049 4.02282,
	4.63921 3.99559,
	4.64432 3.98878,
	4.65793 3.97517,
	4.67155 3.96496,
	4.67836 3.96155,
	4.69197 3.96155,
	4.7192 3.97262,
	4.7226 3.97347,
	4.72941 3.97857,
	4.75664 4.0041,
	4.77025 4.01601,
	4.78046 4.02963,
	4.79408 4.04324,
	4.80089 4.04835,
	4.8145 4.0526,
	4.84173 4.05345,
	4.85534 4.05515,
	4.86215 4.056,
	4.86896 4.05515,
	4.89619 4.03728,
	4.92342 4.01686,
	4.94384 3.98963,
	4.95405 3.97602,
	4.96256 3.9624,
	4.97617 3.94964,
	4.98298 3.94369,
	5.01021 3.92922,
	5.02382 3.93262,
	5.03063 3.93262,
	5.03403 3.93262,
	5.04765 3.93943,
	5.05446 3.94369,
	5.06807 3.9556,
	5.07913 3.96921,
	5.08339 3.97602,
	5.08934 3.98963,
	5.09275 3.99644,
	5.0987 4.00325,
	5.10721 4.01686,
	5.11912 4.03048,
	5.14635 4.056,
	5.15231 4.06281,
	5.15997 4.07643,
	5.16337 4.08323,
	5.16763 4.11046,
	5.17018 4.13769,
	5.17103 4.15131,
	5.18124 4.20576,
	5.18975 4.26022,
	5.19145 4.27384,
	5.1923 4.30107,
	5.19315 4.30787,
	5.18294 4.36233,
	5.18039 4.37594,
	5.17869 4.40317,
	5.18124 4.4304,
	5.1855 4.45763,
	5.18805 4.47125,
	5.1923 4.48486,
	5.1889 4.51209,
	5.1855 4.5189,
	5.17443 4.53166,
	5.16763 4.53677,
	5.1404 4.54272,
	5.12678 4.54527,
	5.11317 4.54613,
	5.09955 4.54527,
	5.08594 4.54272,
	5.07232 4.53506,
	5.05871 4.53081,
	5.0519 4.52911,
	5.03829 4.52315,
	5.01106 4.50698,
	4.99745 4.50103,
	4.97022 4.4755,
	4.96341 4.4704,
	4.96001 4.46784,
	4.95915 4.46699,
	4.95745 4.46444,
	4.95745 4.46104,
	4.95745 4.45933,
	4.9515 4.45338,
	4.94469 4.45082,
	4.94129 4.44827,
	4.93788 4.44742,
	4.93618 4.44572,
	4.90895 4.43806,
	4.89534 4.43466,
	4.88172 4.427,
	4.87577 4.42274,
	4.86215 4.40913,
	4.85705 4.40402,
	4.85109 4.39722,
	4.84428 4.39211,
	4.84088 4.39126,
	4.83748 4.38871,
	4.82386 4.38445,
	4.81705 4.38275,
	4.81025 4.38275,
	4.80599 4.3819,
	4.79918 4.37594,
	4.78897 4.36233,
	4.78642 4.35552,
	4.78387 4.32829,
	4.78217 4.31468,
	4.78217 4.31128,
	4.77536 4.29766,
	4.77366 4.29426,
	4.76089 4.28064,
	4.75409 4.27554,
	4.75068 4.27299,
	4.73707 4.26958,
	4.72345 4.26788,
	4.71665 4.26788,
	4.70303 4.26107,
	4.69622 4.25512,
	4.69197 4.24831,
	4.67836 4.23469,
	4.669 4.22108,
	4.66304 4.21427,
	4.64772 4.18704,
	4.64092 4.17343,
	4.63751 4.16662,
	4.63241 4.15981,
	4.61879 4.13259,
	4.61539 4.12578,
	4.61113 4.11216,
	4.60858 4.08494,
	4.60773 4.05771,
	4.60773 4.0509,
	"/>
</Transform>

<Transform dim="0"
 xcoef=" 0 1 0 0 0 0"
 ycoef=" 0 0 1 0 0 0">
<Contour name="d03c10Bax61_ssvda" hidden="false" closed="true" simplified="false" border="1 0 0" fill="1 0 0" mode="9"
 points="5.14179 4.23786,
	5.14179 4.22786,
	5.15179 4.21786,
	5.16179 4.21786,
	5.17179 4.22786,
	5.17179 4.23786,
	5.16179 4.24786,
	5.15179 4.24786,
	"/>
</Transform>

<Transform dim="0"
 xcoef=" 0 1 0 0 0 0"
 ycoef=" 0 0 1 0 0 0">
<Contour name="d03c10Bax61_ssvr" hidden="false" closed="true" simplified="false" border="0 1 0.502" fill="0 0 1" mode="11"
 points="4.83525 4.32224,
	4.82025 4.30724,
	4.83525 4.29224,
	4.85025 4.30724,
	"/>
<Contour name="d03c10Bax61_ssvr" hidden="false" closed="true" simplified="false" border="0 1 0.502" fill="0 0 1" mode="11"
 points="4.81855 4.25187,
	4.80355 4.23687,
	4.81855 4.22187,
	4.83355 4.23687,
	"/>
<Contour name="d03c10Bax61_ssvr" hidden="false" closed="true" simplified="false" border="0 1 0.502" fill="0 0 1" mode="11"
 points="4.87819 4.27215,
	4.86319 4.25715,
	4.87819 4.24215,
	4.89319 4.25715,
	"/>
<Contour name="d03c10Bax61_ssvr" hidden="false" closed="true" simplified="false" border="0 1 0.502" fill="0 0 1" mode="11"
 points="4.98315 4.30197,
	4.96815 4.28697,
	4.98315 4.27197,
	4.99815 4.28697,
	"/>
<Contour name="d03c10Bax61_ssvr" hidden="false" closed="true" simplified="false" border="0 1 0.502" fill="0 0 1" mode="11"
 points="4.93902 4.28408,
	4.92402 4.26908,
	4.93902 4.25408,
	4.95402 4.26908,
	"/>
<Contour name="d03c10Bax61_ssvr" hidden="false" closed="true" simplified="false" border="0 1 0.502" fill="0 0 1" mode="11"
 points="5.05471 4.34848,
	5.03971 4.33348,
	5.05471 4.31848,
	5.06971 4.33348,
	"/>
<Contour name="d03c10Bax61_ssvr" hidden="false" closed="true" simplified="false" border="0 1 0.502" fill="0 0 1" mode="11"
 points="5.09049 4.31867,
	5.07549 4.30367,
	5.09049 4.28867,
	5.10549 4.30367,
	"/>
<Contour name="d03c10Bax61_ssvr" hidden="false" closed="true" simplified="false" border="0 1 0.502" fill="0 0 1" mode="11"
 points="5.03205 4.28408,
	5.01705 4.26908,
	5.03205 4.25408,
	5.04705 4.26908,
	"/>
<Contour name="d03c10Bax61_ssvr" hidden="false" closed="true" simplified="false" border="0 1 0.502" fill="0 0 1" mode="11"
 points="5.06544 4.26619,
	5.05044 4.25119,
	5.06544 4.23619,
	5.08044 4.25119,
	"/>
<Contour name="d03c10Bax61_ssvr" hidden="false" closed="true" simplified="false" border="0 1 0.502" fill="0 0 1" mode="11"
 points="5.10361 4.20178,
	5.08861 4.18678,
	5.10361 4.17178,
	5.11861 4.18678,
	"/>
<Contour name="d03c10Bax61_ssvr" hidden="false" closed="true" simplified="false" border="0 1 0.502" fill="0 0 1" mode="11"
 points="5.08572 4.24114,
	5.07072 4.22614,
	5.08572 4.21114,
	5.10072 4.22614,
	"/>
<Contour name="d03c10Bax61_ssvr" hidden="false" closed="true" simplified="false" border="0 1 0.502" fill="0 0 1" mode="11"
 points="5.0237 4.23518,
	5.0087 4.22018,
	5.0237 4.20518,
	5.0387 4.22018,
	"/>
<Contour name="d03c10Bax61_ssvr" hidden="false" closed="true" simplified="false" border="0 1 0.502" fill="0 0 1" mode="11"
 points="4.96764 4.25068,
	4.95264 4.23568,
	4.96764 4.22068,
	4.98264 4.23568,
	"/>
<Contour name="d03c10Bax61_ssvr" hidden="false" closed="true" simplified="false" border="0 1 0.502" fill="0 0 1" mode="11"
 points="4.97838 4.1982,
	4.96338 4.1832,
	4.97838 4.1682,
	4.99338 4.1832,
	"/>
<Contour name="d03c10Bax61_ssvr" hidden="false" closed="true" simplified="false" border="0 1 0.502" fill="0 0 1" mode="11"
 points="4.91516 4.2149,
	4.90016 4.1999,
	4.91516 4.1849,
	4.93016 4.1999,
	"/>
<Contour name="d03c10Bax61_ssvr" hidden="false" closed="true" simplified="false" border="0 1 0.502" fill="0 0 1" mode="11"
 points="4.86507 4.17912,
	4.85007 4.16412,
	4.86507 4.14912,
	4.88007 4.16412,
	"/>
<Contour name="d03c10Bax61_ssvr" hidden="false" closed="true" simplified="false" border="0 1 0.502" fill="0 0 1" mode="11"
 points="4.90801 4.15288,
	4.89301 4.13788,
	4.90801 4.12288,
	4.92301 4.13788,
	"/>
<Contour name="d03c10Bax61_ssvr" hidden="false" closed="true" simplified="false" border="0 1 0.502" fill="0 0 1" mode="11"
 points="4.86507 4.12902,
	4.85007 4.11402,
	4.86507 4.09902,
	4.88007 4.11402,
	"/>
<Contour name="d03c10Bax61_ssvr" hidden="false" closed="true" simplified="false" border="0 1 0.502" fill="0 0 1" mode="11"
 points="5.00581 4.15407,
	4.99081 4.13907,
	5.00581 4.12407,
	5.02081 4.13907,
	"/>
<Contour name="d03c10Bax61_ssvr" hidden="false" closed="true" simplified="false" border="0 1 0.502" fill="0 0 1" mode="11"
 points="4.95691 4.14334,
	4.94191 4.12834,
	4.95691 4.11334,
	4.97191 4.12834,
	"/>
<Contour name="d03c10Bax61_ssvr" hidden="false" closed="true" simplified="false" border="0 1 0.502" fill="0 0 1" mode="11"
 points="5.02728 4.10756,
	5.01228 4.09256,
	5.02728 4.07756,
	5.04228 4.09256,
	"/>
<Contour name="d03c10Bax61_ssvr" hidden="false" closed="true" simplified="false" border="0 1 0.502" fill="0 0 1" mode="11"
 points="5.07618 4.08012,
	5.06118 4.06512,
	5.07618 4.05012,
	5.09118 4.06512,
	"/>
<Contour name="d03c10Bax61_ssvr" hidden="false" closed="true" simplified="false" border="0 1 0.502" fill="0 0 1" mode="11"
 points="5.11315 4.10279,
	5.09815 4.08779,
	5.11315 4.07279,
	5.12815 4.08779,
	"/>
<Contour name="d03c10Bax61_ssvr" hidden="false" closed="true" simplified="false" border="0 1 0.502" fill="0 0 1" mode="11"
 points="5.0881 4.13499,
	5.0731 4.11999,
	5.0881 4.10499,
	5.1031 4.11999,
	"/>
</Transform>

<Transform dim="0"
 xcoef=" 0 1 0 0 0 0"
 ycoef=" 0 0 1 0 0 0">
<Contour name="d03c10Bax61_ssvr" hidden="false" closed="true" simplified="false" border="0 1 0.502" fill="0 0 1" mode="11"
 points="5.02608 3.99544,
	5.01108 3.98044,
	5.02608 3.96544,
	5.04108 3.98044,
	"/>
</Transform>

<Transform dim="6"
 xcoef=" 0.442693813027313 0.958674442783261 -0.0660328789989164 0 0 0"
 ycoef=" -0.672632346026249 0.0414989122086017 1.06832450208758 0 0 0">
<Image mag="0.00217968" contrast="1" brightness="0" red="true" green="true" blue="true"
 src="FWNGV.31.jpg" />
<Contour name="domain1" hidden="false" closed="true" simplified="false" border="1 0 1" fill="1 0 1" mode="11"
 points="0 0,
	4096 0,
	4096 4096,
	0 4096,
	"/>
</Transform>

<Transform dim="0"
 xcoef=" 0 1 0 0 0 0"
 ycoef=" 0 0 1 0 0 0">
<Contour name="ax62" comment="dch traced 08.2018" hidden="false" closed="true" simplified="true" border="0 1 1" fill="0.502 1 1" mode="11"
 points="5.49173 3.86135,
	5.50067 3.81366,
	5.50663 3.78981,
	5.51557 3.76597,
	5.52898 3.74212,
	5.54538 3.71828,
	5.55581 3.70636,
	5.65119 3.65718,
	5.67503 3.64525,
	5.69888 3.6378,
	5.7108 3.63482,
	5.73464 3.63631,
	5.75849 3.64823,
	5.77041 3.65569,
	5.79426 3.6542,
	5.80618 3.65122,
	5.8181 3.65122,
	5.83002 3.64823,
	5.87771 3.62439,
	5.88963 3.61694,
	5.8956 3.61396,
	5.91795 3.59011,
	5.92987 3.56627,
	5.93881 3.54242,
	5.94477 3.51858,
	5.9567 3.49473,
	5.99097 3.44705,
	6.01184 3.42469,
	6.03568 3.40532,
	6.0476 3.39787,
	6.07145 3.38892,
	6.09529 3.377,
	6.10722 3.36806,
	6.11765 3.35614,
	6.12063 3.33229,
	6.12808 3.30845,
	6.12957 3.30249,
	6.14596 3.28013,
	6.16832 3.25629,
	6.20707 3.16091,
	6.21899 3.13706,
	6.22197 3.1311,
	6.23389 3.11918,
	6.24134 3.10726,
	6.2637 3.08341,
	6.27562 3.07149,
	6.32331 3.04318,
	6.371 3.01188,
	6.39484 2.99251,
	6.41869 2.97909,
	6.44253 2.96866,
	6.45445 2.96568,
	6.4783 2.96866,
	6.49022 2.96866,
	6.50214 2.97164,
	6.51407 2.98207,
	6.52152 2.994,
	6.52301 3.01784,
	6.52301 3.02976,
	6.51556 3.05361,
	6.49469 3.07745,
	6.447 3.11322,
	6.43508 3.12067,
	6.41273 3.14154,
	6.39633 3.16538,
	6.39186 3.1773,
	6.38143 3.18922,
	6.37696 3.21307,
	6.37249 3.22499,
	6.35311 3.24884,
	6.34715 3.2548,
	6.33523 3.25927,
	6.28754 3.28758,
	6.27562 3.29653,
	6.26221 3.32037,
	6.25625 3.33229,
	6.25327 3.34422,
	6.23985 3.36806,
	6.23836 3.3919,
	6.23836 3.40383,
	6.23091 3.42767,
	6.2324 3.45152,
	6.23687 3.47536,
	6.23389 3.48728,
	6.22644 3.49921,
	6.18024 3.54689,
	6.16832 3.55882,
	6.1564 3.56478,
	6.14447 3.5767,
	6.13851 3.58862,
	6.13553 3.60055,
	6.13404 3.60353,
	6.14596 3.62737,
	6.15491 3.65122,
	6.15789 3.66314,
	6.15491 3.67506,
	6.14745 3.68698,
	6.12361 3.70338,
	6.11318 3.71381,
	6.10126 3.71828,
	6.08933 3.71977,
	6.07741 3.72424,
	6.06549 3.73169,
	6.04164 3.75405,
	6.0178 3.77342,
	6.00588 3.78385,
	5.99246 3.8077,
	5.98501 3.81962,
	5.97458 3.83005,
	5.95074 3.84197,
	5.93881 3.84495,
	5.93285 3.84644,
	5.92987 3.84644,
	5.91944 3.85837,
	5.89709 3.87178,
	5.8494 3.88072,
	5.83747 3.8837,
	5.83151 3.8837,
	5.78382 3.90307,
	5.75998 3.91351,
	5.73613 3.92096,
	5.71229 3.92543,
	5.68844 3.93884,
	5.67652 3.94629,
	5.6646 3.95822,
	5.64076 3.97014,
	5.61691 3.9761,
	5.59307 3.97759,
	5.58114 3.97759,
	5.56922 3.97461,
	5.5573 3.97461,
	5.53345 3.96716,
	5.52153 3.9612,
	5.50961 3.94927,
	5.49769 3.92543,
	5.49322 3.91351,
	5.49173 3.86582,
	5.49173 3.86284,
	"/>
</Transform>

<Transform dim="0"
 xcoef=" 0 1 0 0 0 0"
 ycoef=" 0 0 1 0 0 0">
<Contour name="ax62" comment="dch traced 08.2018" hidden="false" closed="true" simplified="true" border="0 1 1" fill="0.502 1 1" mode="11"
 points="6.7426 2.92064,
	6.75312 2.90381,
	6.76153 2.89645,
	6.76574 2.89329,
	6.77415 2.89014,
	6.77836 2.88698,
	6.78046 2.88698,
	6.78256 2.88488,
	6.79098 2.88277,
	6.79518 2.88067,
	6.82884 2.87857,
	6.89615 2.88067,
	6.91298 2.87752,
	6.92981 2.8712,
	6.94663 2.86174,
	6.95505 2.85543,
	6.97187 2.85017,
	6.9887 2.84702,
	7.02236 2.84702,
	7.05601 2.84491,
	7.07284 2.84386,
	7.08967 2.83965,
	7.09808 2.8365,
	7.10649 2.83545,
	7.12332 2.82808,
	7.14015 2.81862,
	7.15593 2.80284,
	7.15593 2.80074,
	7.1696 2.78391,
	7.17591 2.7755,
	7.17906 2.77129,
	7.18748 2.76708,
	7.19168 2.76393,
	7.20851 2.76183,
	7.22534 2.76288,
	7.24217 2.76708,
	7.25058 2.77024,
	7.25899 2.77655,
	7.26425 2.78391,
	7.26636 2.78812,
	7.26951 2.82177,
	7.27056 2.85543,
	7.26741 2.87226,
	7.26425 2.88067,
	7.25268 2.8975,
	7.22324 2.93115,
	7.21482 2.93852,
	7.20641 2.94377,
	7.18958 2.94903,
	7.15593 2.95114,
	7.1391 2.95114,
	7.07179 2.96165,
	7.06758 2.9627,
	7.06337 2.96165,
	7.05496 2.96481,
	7.05075 2.96901,
	7.03393 2.97427,
	7.02551 2.97427,
	7.0171 2.97743,
	7.01184 2.97112,
	7.00763 2.97112,
	6.99922 2.96796,
	6.99501 2.96796,
	6.9866 2.96376,
	6.96977 2.9606,
	6.93612 2.9585,
	6.90246 2.96165,
	6.83515 2.96376,
	6.80149 2.9606,
	6.78467 2.9606,
	6.76784 2.95639,
	6.75101 2.94483,
	6.74681 2.94167,
	6.7426 2.93326,
	6.7426 2.92484,
	6.7426 2.92169,
	"/>
</Transform>

<Transform dim="0"
 xcoef=" 0 1 0 0 0 0"
 ycoef=" 0 0 1 0 0 0">
<Contour name="d03c11ax62_ssvr" hidden="false" closed="true" simplified="false" border="0 1 0.502" fill="0 0 1" mode="11"
 points="5.55786 3.91263,
	5.54286 3.89763,
	5.55786 3.88263,
	5.57286 3.89763,
	"/>
<Contour name="d03c11ax62_ssvr" hidden="false" closed="true" simplified="false" border="0 1 0.502" fill="0 0 1" mode="11"
 points="5.55878 3.86444,
	5.54378 3.84944,
	5.55878 3.83444,
	5.57378 3.84944,
	"/>
<Contour name="d03c11ax62_ssvr" hidden="false" closed="true" simplified="false" border="0 1 0.502" fill="0 0 1" mode="11"
 points="5.59863 3.75046,
	5.58363 3.73546,
	5.59863 3.72046,
	5.61363 3.73546,
	"/>
<Contour name="d03c11ax62_ssvr" hidden="false" closed="true" simplified="false" border="0 1 0.502" fill="0 0 1" mode="11"
 points="5.62829 3.8005,
	5.61329 3.7855,
	5.62829 3.7705,
	5.64329 3.7855,
	"/>
<Contour name="d03c11ax62_ssvr" hidden="false" closed="true" simplified="false" border="0 1 0.502" fill="0 0 1" mode="11"
 points="5.65794 3.84869,
	5.64294 3.83369,
	5.65794 3.81869,
	5.67294 3.83369,
	"/>
<Contour name="d03c11ax62_ssvr" hidden="false" closed="true" simplified="false" border="0 1 0.502" fill="0 0 1" mode="11"
 points="5.69594 3.8802,
	5.68094 3.8652,
	5.69594 3.8502,
	5.71094 3.8652,
	"/>
<Contour name="d03c11ax62_ssvr" hidden="false" closed="true" simplified="false" border="0 1 0.502" fill="0 0 1" mode="11"
 points="5.73301 3.73285,
	5.71801 3.71785,
	5.73301 3.70285,
	5.74801 3.71785,
	"/>
<Contour name="d03c11ax62_ssvr" hidden="false" closed="true" simplified="false" border="0 1 0.502" fill="0 0 1" mode="11"
 points="5.73857 3.78011,
	5.72357 3.76511,
	5.73857 3.75011,
	5.75357 3.76511,
	"/>
<Contour name="d03c11ax62_ssvr" hidden="false" closed="true" simplified="false" border="0 1 0.502" fill="0 0 1" mode="11"
 points="5.6774 3.79494,
	5.6624 3.77994,
	5.6774 3.76494,
	5.6924 3.77994,
	"/>
</Transform>

<Transform dim="0"
 xcoef=" 0 1 0 0 0 0"
 ycoef=" 0 0 1 0 0 0">
<Contour name="d03c11ax62_ssvr" hidden="false" closed="true" simplified="false" border="0 1 0.502" fill="0 0 1" mode="11"
 points="5.77007 3.79309,
	5.75507 3.77809,
	5.77007 3.76309,
	5.78507 3.77809,
	"/>
<Contour name="d03c11ax62_ssvr" hidden="false" closed="true" simplified="false" border="0 1 0.502" fill="0 0 1" mode="11"
 points="5.83772 3.79494,
	5.82272 3.77994,
	5.83772 3.76494,
	5.85272 3.77994,
	"/>
<Contour name="d03c11ax62_ssvr" hidden="false" closed="true" simplified="false" border="0 1 0.502" fill="0 0 1" mode="11"
 points="5.82197 3.7347,
	5.80697 3.7197,
	5.82197 3.7047,
	5.83697 3.7197,
	"/>
<Contour name="d03c11ax62_ssvr" hidden="false" closed="true" simplified="false" border="0 1 0.502" fill="0 0 1" mode="11"
 points="5.87572 3.73378,
	5.86072 3.71878,
	5.87572 3.70378,
	5.89072 3.71878,
	"/>
<Contour name="d03c11ax62_ssvr" hidden="false" closed="true" simplified="false" border="0 1 0.502" fill="0 0 1" mode="11"
 points="5.89981 3.83294,
	5.88481 3.81794,
	5.89981 3.80294,
	5.91481 3.81794,
	"/>
</Transform>

<Transform dim="0"
 xcoef=" 0 1 0 0 0 0"
 ycoef=" 0 0 1 0 0 0">
<Contour name="d03c11ax62_ssvr" hidden="false" closed="true" simplified="false" border="0 1 0.502" fill="0 0 1" mode="11"
 points="5.99712 3.5994,
	5.98212 3.5844,
	5.99712 3.5694,
	6.01212 3.5844,
	"/>
<Contour name="d03c11ax62_ssvr" hidden="false" closed="true" simplified="false" border="0 1 0.502" fill="0 0 1" mode="11"
 points="5.9582 3.58828,
	5.9432 3.57328,
	5.9582 3.55828,
	5.9732 3.57328,
	"/>
<Contour name="d03c11ax62_ssvr" hidden="false" closed="true" simplified="false" border="0 1 0.502" fill="0 0 1" mode="11"
 points="6.03882 3.60126,
	6.02382 3.58626,
	6.03882 3.57126,
	6.05382 3.58626,
	"/>
<Contour name="d03c11ax62_ssvr" hidden="false" closed="true" simplified="false" border="0 1 0.502" fill="0 0 1" mode="11"
 points="6.03604 3.52897,
	6.02104 3.51397,
	6.03604 3.49897,
	6.05104 3.51397,
	"/>
<Contour name="d03c11ax62_ssvr" hidden="false" closed="true" simplified="false" border="0 1 0.502" fill="0 0 1" mode="11"
 points="6.08979 3.54565,
	6.07479 3.53065,
	6.08979 3.51565,
	6.10479 3.53065,
	"/>
<Contour name="d03c11ax62_ssvr" hidden="false" closed="true" simplified="false" border="0 1 0.502" fill="0 0 1" mode="11"
 points="6.11759 3.50859,
	6.10259 3.49359,
	6.11759 3.47859,
	6.13259 3.49359,
	"/>
<Contour name="d03c11ax62_ssvr" hidden="false" closed="true" simplified="false" border="0 1 0.502" fill="0 0 1" mode="11"
 points="6.0657 3.4743,
	6.0507 3.4593,
	6.0657 3.4443,
	6.0807 3.4593,
	"/>
</Transform>

<Transform dim="0"
 xcoef=" 0 1 0 0 0 0"
 ycoef=" 0 0 1 0 0 0">
<Contour name="d03c11ax62_ssvr" hidden="false" closed="true" simplified="false" border="0 1 0.502" fill="0 0 1" mode="11"
 points="6.31182 3.154,
	6.29682 3.139,
	6.31182 3.124,
	6.32682 3.139,
	"/>
<Contour name="d03c11ax62_ssvr" hidden="false" closed="true" simplified="false" border="0 1 0.502" fill="0 0 1" mode="11"
 points="6.29245 3.22316,
	6.27745 3.20816,
	6.29245 3.19316,
	6.30745 3.20816,
	"/>
</Transform>

<Transform dim="0"
 xcoef=" 0 1 0 0 0 0"
 ycoef=" 0 0 1 0 0 0">
<Contour name="ax18" comment="dch traced 08.2018" hidden="false" closed="true" simplified="true" border="0 1 1" fill="0.502 1 1" mode="11"
 points="6.8105 3.72779,
	6.82309 3.7054,
	6.83149 3.69561,
	6.83988 3.68861,
	6.86227 3.67882,
	6.88466 3.67182,
	6.92944 3.67322,
	6.94063 3.67742,
	6.95183 3.67882,
	6.95743 3.68022,
	6.96022 3.68301,
	6.96302 3.68301,
	6.97422 3.69141,
	6.98121 3.7026,
	6.98121 3.7138,
	6.97842 3.72499,
	6.97702 3.73059,
	6.97002 3.74179,
	6.95043 3.75998,
	6.94063 3.77117,
	6.93084 3.77817,
	6.91964 3.77817,
	6.89726 3.77257,
	6.85248 3.76837,
	6.83009 3.76837,
	6.81889 3.75998,
	6.8147 3.75578,
	6.8147 3.75298,
	6.8119 3.75018,
	6.8105 3.72919,
	"/>
</Transform>

<Transform dim="0"
 xcoef=" 0 1 0 0 0 0"
 ycoef=" 0 0 1 0 0 0">
<Contour name="ax18" comment="dch traced 08.2018" hidden="false" closed="true" simplified="true" border="0 1 1" fill="0.502 1 1" mode="11"
 points="7.74449 2.11824,
	7.74602 2.11519,
	7.74602 2.11366,
	7.74984 2.10755,
	7.75518 2.10221,
	7.76664 2.09381,
	7.77886 2.08694,
	7.79107 2.08312,
	7.79413 2.08159,
	7.80635 2.08235,
	7.81856 2.0877,
	7.82009 2.08923,
	7.82314 2.08999,
	7.83536 2.09763,
	7.84758 2.09992,
	7.8598 2.10068,
	7.86591 2.10144,
	7.87202 2.10373,
	7.87354 2.10526,
	7.8766 2.10603,
	7.88805 2.11443,
	7.89034 2.11672,
	7.89187 2.11672,
	7.8934 2.11824,
	7.89492 2.11824,
	7.90027 2.12282,
	7.90638 2.12512,
	7.9079 2.12512,
	7.90943 2.12664,
	7.91554 2.12817,
	7.92165 2.13122,
	7.92318 2.13122,
	7.92852 2.13581,
	7.9331 2.14192,
	7.93616 2.14726,
	7.93769 2.15031,
	7.93769 2.15184,
	7.93921 2.15337,
	7.93998 2.16559,
	7.93921 2.1717,
	7.93387 2.18391,
	7.9331 2.18697,
	7.92547 2.19919,
	7.92547 2.20071,
	7.9163 2.21217,
	7.9102 2.21751,
	7.9018 2.22973,
	7.89798 2.23584,
	7.89569 2.24195,
	7.89569 2.25417,
	7.90027 2.26638,
	7.90332 2.2786,
	7.90256 2.29082,
	7.90103 2.29387,
	7.89492 2.29922,
	7.87049 2.29845,
	7.85827 2.29998,
	7.85216 2.30151,
	7.84605 2.30151,
	7.843 2.30227,
	7.83689 2.30075,
	7.83383 2.29922,
	7.83231 2.29922,
	7.83078 2.29769,
	7.82773 2.29769,
	7.82467 2.29616,
	7.82314 2.29616,
	7.82009 2.29387,
	7.81398 2.29235,
	7.81245 2.29082,
	7.81093 2.29082,
	7.79871 2.28318,
	7.78878 2.27555,
	7.77886 2.26486,
	7.77122 2.25264,
	7.76282 2.2282,
	7.759 2.21598,
	7.75671 2.19155,
	7.75442 2.17933,
	7.75289 2.17322,
	7.75213 2.17017,
	7.75213 2.16864,
	7.7506 2.16711,
	7.74831 2.16101,
	7.74678 2.15795,
	7.74449 2.14573,
	7.74449 2.1213,
	7.74449 2.11901,
	"/>
</Transform>

<Transform dim="0"
 xcoef=" 0 1 0 0 0 0"
 ycoef=" 0 0 1 0 0 0">
<Contour name="ax72" comment="dch traced 08.2018" hidden="false" closed="true" simplified="true" border="0 1 1" fill="0 0 1" mode="11"
 points="5.46483 4.75805,
	5.46696 4.75521,
	5.46767 4.75237,
	5.49748 4.70837,
	5.50244 4.7027,
	5.50386 4.69986,
	5.50883 4.69418,
	5.51238 4.6885,
	5.5216 4.67715,
	5.52586 4.67289,
	5.5287 4.67076,
	5.53012 4.66934,
	5.5358 4.66792,
	5.54147 4.66509,
	5.54218 4.66367,
	5.5436 4.66367,
	5.55496 4.65586,
	5.56489 4.64451,
	5.56986 4.63883,
	5.5805 4.6296,
	5.58263 4.62748,
	5.58547 4.62677,
	5.58831 4.62464,
	5.59966 4.62109,
	5.61102 4.61896,
	5.61669 4.61754,
	5.61953 4.61612,
	5.62237 4.61612,
	5.63373 4.61257,
	5.6394 4.61186,
	5.64224 4.61044,
	5.6536 4.60832,
	5.65927 4.60619,
	5.66069 4.60619,
	5.66211 4.60477,
	5.66495 4.60406,
	5.66779 4.60193,
	5.66921 4.60193,
	5.67063 4.60051,
	5.6763 4.59838,
	5.68766 4.59696,
	5.69333 4.59625,
	5.70469 4.59767,
	5.71037 4.5998,
	5.7132 4.60122,
	5.71462 4.60122,
	5.71533 4.60264,
	5.72101 4.60477,
	5.73165 4.61186,
	5.73733 4.61541,
	5.74869 4.62464,
	5.75933 4.63244,
	5.76855 4.64309,
	5.77068 4.64522,
	5.77068 4.64664,
	5.7721 4.64805,
	5.7721 4.64947,
	5.77849 4.66012,
	5.78062 4.6658,
	5.78062 4.66721,
	5.78204 4.66863,
	5.78488 4.67999,
	5.7863 4.68566,
	5.78701 4.70837,
	5.78701 4.71973,
	5.78062 4.74243,
	5.77991 4.74811,
	5.77778 4.75379,
	5.77707 4.75947,
	5.76997 4.78217,
	5.76926 4.79353,
	5.76997 4.81624,
	5.76997 4.81907,
	5.76997 4.82049,
	5.76785 4.82333,
	5.75649 4.82901,
	5.74514 4.82972,
	5.73946 4.82901,
	5.72811 4.82404,
	5.71675 4.81624,
	5.7054 4.80985,
	5.70256 4.80772,
	5.69972 4.80701,
	5.68837 4.7992,
	5.68553 4.7985,
	5.67417 4.7914,
	5.6685 4.78927,
	5.66566 4.78714,
	5.66282 4.78643,
	5.6614 4.78501,
	5.65005 4.78075,
	5.64721 4.77863,
	5.64153 4.7765,
	5.63869 4.77508,
	5.63727 4.77508,
	5.63444 4.77295,
	5.62308 4.76869,
	5.6174 4.76727,
	5.61457 4.76585,
	5.61173 4.76585,
	5.60605 4.76372,
	5.5947 4.76159,
	5.57199 4.76159,
	5.56063 4.76159,
	5.53793 4.76656,
	5.53225 4.76869,
	5.52941 4.7694,
	5.51806 4.77579,
	5.51522 4.77721,
	5.5138 4.77863,
	5.51238 4.77863,
	5.51096 4.78004,
	5.50528 4.78146,
	5.50386 4.78288,
	5.49251 4.78501,
	5.48116 4.7843,
	5.47548 4.78288,
	5.47264 4.78146,
	5.46838 4.7765,
	5.46554 4.77082,
	5.46483 4.75947,
	5.46483 4.75876,
	"/>
</Transform>

<Transform dim="0"
 xcoef=" 0 1 0 0 0 0"
 ycoef=" 0 0 1 0 0 0">
<Contour name="d00c01ax03" hidden="false" closed="true" simplified="true" border="0 1 0" fill="1 0 0" mode="15"
 points="3.84331 5.30051,
	3.85978 5.29536,
	3.92569 5.27991,
	3.95865 5.2727,
	4.02249 5.40452,
	4.03897 5.43747,
	4.04103 5.44159,
	4.04206 5.44365,
	4.03897 5.44674,
	3.97306 5.46631,
	3.95659 5.47146,
	3.94835 5.47352,
	3.94423 5.47455,
	3.94217 5.47558,
	3.86802 5.34376,
	3.84948 5.31081,
	3.84434 5.30257,
	3.84434 5.30154,
	"/>
</Transform>

<Transform dim="0"
 xcoef=" 0 1 0 0 0 0"
 ycoef=" 0 0 1 0 0 0">
<Contour name="d00c09ax44" hidden="false" closed="true" simplified="true" border="0 1 0" fill="1 0 0" mode="15"
 points="2.54305 7.11933,
	2.57614 7.07611,
	2.59302 7.0545,
	2.59505 7.0518,
	2.61665 7.06666,
	2.62746 7.07408,
	2.63016 7.07611,
	2.59977 7.11933,
	2.58492 7.14094,
	2.58087 7.14634,
	2.57952 7.14836,
	2.55791 7.13148,
	2.5471 7.1227,
	2.5444 7.12068,
	2.54373 7.12,
	"/>
</Transform>

</Section>