<?xml version="1.0"?>
<!DOCTYPE Section SYSTEM "section.dtd">

<Section index="24" thickness="0.06" alignLocked="true">
<Transform dim="0"
 xcoef=" 0 1 0 0 0 0"
 ycoef=" 0 0 1 0 0 0">
<Contour name="d01c02" hidden="false" closed="true" simplified="true" border="0 1 0" fill="0 1 0" mode="9"
 points="3.76651 5.11598,
	3.78217 5.09771,
	3.80305 5.07683,
	3.82393 5.06378,
	3.83437 5.05856,
	3.87614 5.05856,
	3.89702 5.06117,
	3.90746 5.06378,
	3.92834 5.07944,
	3.9701 5.08466,
	4.01187 5.07944,
	4.03275 5.08205,
	4.04319 5.08727,
	4.04841 5.09249,
	4.05363 5.09249,
	4.05885 5.09771,
	4.05885 5.11859,
	4.05624 5.12381,
	4.0458 5.12642,
	4.04058 5.12642,
	4.03014 5.13425,
	4.0197 5.13425,
	3.99882 5.14208,
	3.98838 5.1473,
	3.96749 5.1473,
	3.94661 5.15252,
	3.90485 5.15252,
	3.88397 5.15252,
	3.84221 5.16035,
	3.80044 5.16035,
	3.77956 5.16035,
	3.76912 5.14991,
	3.76651 5.12903,
	3.76651 5.11859,
	"/>
<Contour name="d01cfa02" hidden="false" closed="false" simplified="false" border="0 1 1" fill="0 1 1" mode="9"
 points="4.03989 5.12157,
	3.96158 5.11635,
	3.84673 5.11113,
	3.76321 5.13201,
	"/>
</Transform>

<Transform dim="0"
 xcoef=" 0 1 0 0 0 0"
 ycoef=" 0 0 1 0 0 0">
<Contour name="d02" hidden="false" closed="true" simplified="true" border="0.5 0 1" fill="0.5 0 1" mode="9"
 points="2.73224 5.54686,
	2.74254 5.5194,
	2.76313 5.49194,
	2.76313 5.47821,
	2.76313 5.47135,
	2.79059 5.44732,
	2.84551 5.44389,
	2.85924 5.45419,
	2.86611 5.48165,
	2.87297 5.49538,
	2.90043 5.51597,
	2.91416 5.5194,
	2.94162 5.54686,
	2.95535 5.55373,
	2.96908 5.55373,
	3.024 5.60178,
	3.04803 5.62924,
	3.06176 5.64297,
	3.06519 5.6567,
	3.06176 5.67043,
	3.05833 5.67386,
	3.06862 5.70132,
	3.09265 5.72878,
	3.12011 5.74595,
	3.14757 5.76997,
	3.1613 5.77341,
	3.21279 5.81803,
	3.22308 5.82832,
	3.21965 5.88324,
	3.21965 5.89697,
	3.27114 5.94846,
	3.29173 5.97249,
	3.2986 5.97935,
	3.30546 5.97935,
	3.31919 5.99308,
	3.32949 6.02054,
	3.35352 6.04457,
	3.36382 6.09949,
	3.39128 6.12352,
	3.405 6.13725,
	3.41187 6.15098,
	3.4153 6.17844,
	3.42903 6.18873,
	3.44276 6.19217,
	3.45649 6.20246,
	3.51141 6.20933,
	3.52514 6.21619,
	3.63498 6.21619,
	3.74482 6.20933,
	3.85466 6.20933,
	3.90958 6.2059,
	3.9645 6.175,
	3.99196 6.16471,
	4.1018 6.16127,
	4.10866 6.175,
	4.10866 6.18873,
	4.1018 6.20246,
	4.09493 6.20246,
	4.08807 6.21619,
	4.03315 6.22992,
	4.00569 6.24022,
	3.97823 6.25738,
	3.92331 6.27455,
	3.89585 6.28141,
	3.84093 6.28141,
	3.81347 6.28828,
	3.80317 6.30201,
	3.79974 6.30887,
	3.74482 6.30887,
	3.72079 6.31917,
	3.71736 6.3329,
	3.72422 6.36036,
	3.74139 6.38438,
	3.74825 6.41184,
	3.76541 6.4393,
	3.78944 6.46333,
	3.8169 6.47706,
	3.83063 6.48049,
	3.8375 6.48049,
	3.89241 6.51482,
	3.89928 6.52168,
	3.90614 6.52168,
	3.9336 6.54571,
	3.94733 6.57317,
	3.95077 6.68301,
	3.95077 6.73793,
	3.9439 6.79285,
	3.9336 6.80658,
	3.93017 6.8615,
	3.92674 6.87523,
	3.87182 6.87179,
	3.8169 6.87523,
	3.78944 6.87523,
	3.77571 6.87523,
	3.74825 6.89239,
	3.72079 6.91642,
	3.66587 6.94044,
	3.64184 6.96447,
	3.61439 6.98163,
	3.55947 7.02969,
	3.54574 7.03998,
	3.51828 7.03998,
	3.46336 7.02626,
	3.40844 7.02282,
	3.39471 7.01596,
	3.37755 6.99193,
	3.36382 6.9782,
	3.3089 6.9782,
	3.28144 6.99536,
	3.27114 7.00566,
	3.26427 7.00566,
	3.18876 7.11207,
	3.18189 7.11893,
	3.07206 7.11893,
	3.05833 7.1155,
	3.03087 7.08804,
	3.02743 7.07431,
	3.01714 7.06058,
	2.98968 7.05371,
	2.97595 7.04342,
	2.97251 7.02969,
	2.99654 7.01253,
	3.01027 7.00223,
	3.024 7.00223,
	3.07892 6.98163,
	3.09265 6.97477,
	3.12011 6.97477,
	3.14757 6.98507,
	3.17503 6.98507,
	3.20249 6.97134,
	3.25741 6.93015,
	3.27114 6.91642,
	3.32606 6.88552,
	3.37068 6.83404,
	3.4153 6.7242,
	3.4359 6.66928,
	3.46336 6.61436,
	3.49082 6.59033,
	3.51141 6.56287,
	3.52171 6.54914,
	3.52514 6.4393,
	3.51828 6.41184,
	3.50455 6.38782,
	3.47709 6.36036,
	3.45306 6.33976,
	3.44276 6.3226,
	3.4153 6.31917,
	3.39128 6.29171,
	3.36382 6.27111,
	3.33979 6.24365,
	3.33979 6.21619,
	3.33292 6.20246,
	3.31919 6.19217,
	3.26427 6.1956,
	3.24025 6.21276,
	3.22652 6.21276,
	3.21279 6.20246,
	3.20592 6.1956,
	3.20592 6.16814,
	3.20592 6.15441,
	3.19562 6.12695,
	3.17503 6.09949,
	3.16473 6.08576,
	3.1613 6.07203,
	3.10981 6.01711,
	3.08235 5.99652,
	3.07549 5.98965,
	3.04803 5.98965,
	3.0343 5.98965,
	3.02743 5.98965,
	3.024 5.96219,
	3.024 5.94846,
	3.0343 5.921,
	3.03087 5.89354,
	3.01714 5.87981,
	3.00341 5.87638,
	2.95192 5.82489,
	2.93476 5.79743,
	2.93476 5.79057,
	2.92789 5.7837,
	2.92446 5.76997,
	2.91759 5.76311,
	2.91073 5.73565,
	2.91073 5.72192,
	2.897 5.69446,
	2.84551 5.63954,
	2.83178 5.62581,
	2.81805 5.61894,
	2.76313 5.61894,
	2.7494 5.61551,
	2.73911 5.60521,
	2.73224 5.5503,
	"/>
</Transform>

<Transform dim="0"
 xcoef=" 0 1 0 0 0 0"
 ycoef=" 0 0 1 0 0 0">
<Contour name="d02" hidden="false" closed="true" simplified="true" border="0.5 0 1" fill="0.5 0 1" mode="9"
 points="4.16015 5.90384,
	4.17044 5.89354,
	4.39012 5.89011,
	4.44161 5.84549,
	4.45877 5.82146,
	4.4622 5.71162,
	4.45877 5.6567,
	4.44504 5.64297,
	4.41758 5.63267,
	4.39012 5.62924,
	4.3661 5.60178,
	4.36266 5.54686,
	4.3661 5.5194,
	4.39699 5.46448,
	4.40728 5.43702,
	4.43474 5.413,
	4.4622 5.39583,
	4.49653 5.34091,
	4.50683 5.32719,
	4.53429 5.31346,
	4.55145 5.29629,
	4.55145 5.28256,
	4.57891 5.2551,
	4.59264 5.24824,
	4.6201 5.22421,
	4.64756 5.22078,
	4.66129 5.22078,
	4.66815 5.22078,
	4.68188 5.23451,
	4.68531 5.24137,
	4.67502 5.26883,
	4.65442 5.29629,
	4.62696 5.31689,
	4.61666 5.32719,
	4.61323 5.3821,
	4.6098 5.40956,
	4.59607 5.42329,
	4.58921 5.42673,
	4.5995 5.48165,
	4.5995 5.50911,
	4.60637 5.53657,
	4.6098 5.5503,
	4.61666 5.55716,
	4.6201 5.61208,
	4.6201 5.63954,
	4.63039 5.69446,
	4.63383 5.74938,
	4.63383 5.77684,
	4.63039 5.79057,
	4.64069 5.81803,
	4.66815 5.84205,
	4.67845 5.85578,
	4.67845 5.88324,
	4.66472 5.90727,
	4.61323 5.95189,
	4.58577 5.97249,
	4.55831 5.99995,
	4.51712 6.048,
	4.50683 6.06173,
	4.50339 6.08919,
	4.50339 6.10292,
	4.49653 6.11665,
	4.4828 6.13038,
	4.45534 6.13381,
	4.44847 6.13381,
	4.40042 6.08233,
	4.39012 6.05487,
	4.39012 6.02741,
	4.38669 6.01368,
	4.3661 5.98622,
	4.35237 5.97935,
	4.24253 5.97592,
	4.2288 5.97592,
	4.21507 5.96562,
	4.18761 5.95533,
	4.17388 5.94846,
	4.16015 5.93473,
	4.16015 5.90727,
	"/>
</Transform>

<Transform dim="0"
 xcoef=" 0 1 0 0 0 0"
 ycoef=" 0 0 1 0 0 0">
<Contour name="d02c05b" hidden="false" closed="true" simplified="true" border="0 1 0" fill="0 1 0" mode="9"
 points="2.78495 5.62972,
	2.79854 5.60797,
	2.80398 5.60253,
	2.82574 5.60253,
	2.83662 5.60525,
	2.8475 5.61613,
	2.85022 5.627,
	2.85838 5.63244,
	2.86926 5.63244,
	2.88013 5.63788,
	2.88557 5.6406,
	2.88013 5.64332,
	2.89101 5.66508,
	2.90461 5.6814,
	2.92365 5.70044,
	2.92637 5.71131,
	2.93997 5.73035,
	2.94541 5.73579,
	2.94541 5.74667,
	2.96444 5.79018,
	2.9726 5.81194,
	2.97804 5.82282,
	2.97804 5.8337,
	2.96444 5.85546,
	2.94269 5.85546,
	2.93181 5.85274,
	2.91821 5.83914,
	2.91821 5.81738,
	2.91549 5.8065,
	2.89917 5.78475,
	2.89101 5.76299,
	2.8475 5.71947,
	2.82574 5.70587,
	2.78495 5.66236,
	2.78495 5.6406,
	2.78495 5.63244,
	"/>
<Contour name="d02cfa05b" hidden="false" closed="false" simplified="false" border="0 1 1" fill="0 1 1" mode="9"
 points="2.965 5.84776,
	2.93236 5.78793,
	2.89973 5.70634,
	2.83446 5.63835,
	2.79094 5.61931,
	"/>
</Transform>

<Transform dim="0"
 xcoef=" 0 1 0 0 0 0"
 ycoef=" 0 0 1 0 0 0">
<Contour name="d02cfa08" hidden="false" closed="false" simplified="false" border="0 1 1" fill="0 1 1" mode="9"
 points="4.24585 5.88786,
	4.33176 5.88786,
	4.3833 5.88356,
	4.42626 5.85135,
	4.45632 5.80195,
	4.46706 5.73322,
	4.46491 5.67738,
	4.44344 5.63228,
	4.40907 5.60436,
	4.37471 5.58932,
	"/>
</Transform>

<Transform dim="0"
 xcoef=" 0 1 0 0 0 0"
 ycoef=" 0 0 1 0 0 0">
<Contour name="d04cfa05ax01" hidden="false" closed="false" simplified="false" border="0 1 1" fill="0 1 1" mode="9"
 points="3.81801 3.29481,
	3.67925 3.26508,
	3.6297 3.24196,
	"/>
</Transform>

<Transform dim="0"
 xcoef=" 0 1 0 0 0 0"
 ycoef=" 0 0 1 0 0 0">
<Contour name="d04c05ax01_ssvd*" hidden="false" closed="true" simplified="false" border="1 1 0" fill="1 0 0.5" mode="11"
 points="3.79462 3.33414,
	3.81129 3.33414,
	3.80295 3.34941,
	"/>
<Contour name="d04c05ax01_ssvd*" hidden="false" closed="true" simplified="false" border="1 1 0" fill="1 0 0.5" mode="11"
 points="3.72934 3.31608,
	3.74601 3.31608,
	3.73768 3.33136,
	"/>
<Contour name="d04c05ax01_ssvd*" hidden="false" closed="true" simplified="false" border="1 1 0" fill="1 0 0.5" mode="11"
 points="3.68212 3.29664,
	3.69879 3.29664,
	3.69045 3.31191,
	"/>
</Transform>

<Transform dim="0"
 xcoef=" 0 1 0 0 0 0"
 ycoef=" 0 0 1 0 0 0">
<Contour name="d01c03ax01_ssvr" hidden="false" closed="true" simplified="false" border="0 1 0.501961" fill="1 0 0.5" mode="11"
 points="3.90573 3.76747,
	3.9224 3.76747,
	3.91407 3.78275,
	"/>
<Contour name="d01c03ax01_ssvr" hidden="false" closed="true" simplified="false" border="0 1 0.501961" fill="1 0 0.5" mode="11"
 points="3.90851 3.71747,
	3.92518 3.71747,
	3.91684 3.73275,
	"/>
<Contour name="d01c03ax01_ssvr" hidden="false" closed="true" simplified="false" border="0 1 0.501961" fill="1 0 0.5" mode="11"
 points="3.95434 3.68831,
	3.97101 3.68831,
	3.96268 3.70358,
	"/>
<Contour name="d01c03ax01_ssvr" hidden="false" closed="true" simplified="false" border="0 1 0.501961" fill="1 0 0.5" mode="11"
 points="3.95434 3.63692,
	3.97101 3.63692,
	3.96268 3.65219,
	"/>
<Contour name="d01c03ax01_ssvr" hidden="false" closed="true" simplified="false" border="0 1 0.501961" fill="1 0 0.5" mode="11"
 points="3.88629 3.58553,
	3.90295 3.58553,
	3.89462 3.60081,
	"/>
<Contour name="d01c03ax01_ssvr" hidden="false" closed="true" simplified="false" border="0 1 0.501961" fill="1 0 0.5" mode="11"
 points="3.84184 3.61747,
	3.85851 3.61747,
	3.85018 3.63275,
	"/>
<Contour name="d01c03ax01_ssvr" hidden="false" closed="true" simplified="false" border="0 1 0.501961" fill="1 0 0.5" mode="11"
 points="3.84184 3.68275,
	3.85851 3.68275,
	3.85018 3.69803,
	"/>
<Contour name="d01c03ax01_ssvr" hidden="false" closed="true" simplified="false" border="0 1 0.501961" fill="1 0 0.5" mode="11"
 points="3.82101 3.71469,
	3.83768 3.71469,
	3.82934 3.72997,
	"/>
<Contour name="d01c03ax01_ssvr" hidden="false" closed="true" simplified="false" border="0 1 0.501961" fill="1 0 0.5" mode="11"
 points="3.7724 3.72164,
	3.78906 3.72164,
	3.78073 3.73692,
	"/>
<Contour name="d01c03ax01_ssvr" hidden="false" closed="true" simplified="false" border="0 1 0.501961" fill="1 0 0.5" mode="11"
 points="3.78906 3.77025,
	3.80573 3.77025,
	3.7974 3.78553,
	"/>
<Contour name="d01c03ax01_ssvr" hidden="false" closed="true" simplified="false" border="0 1 0.501961" fill="1 0 0.5" mode="11"
 points="3.83073 3.79108,
	3.8474 3.79108,
	3.83906 3.80636,
	"/>
<Contour name="d01c03ax01_ssvr" hidden="false" closed="true" simplified="false" border="0 1 0.501961" fill="1 0 0.5" mode="11"
 points="3.8599 3.75081,
	3.87657 3.75081,
	3.86823 3.76608,
	"/>
<Contour name="d01c03ax01_ssvr" hidden="false" closed="true" simplified="false" border="0 1 0.501961" fill="1 0 0.5" mode="11"
 points="3.93073 3.54247,
	3.9474 3.54247,
	3.93907 3.55775,
	"/>
<Contour name="d01c03ax01_ssvr" hidden="false" closed="true" simplified="false" border="0 1 0.501961" fill="1 0 0.5" mode="11"
 points="3.8849 3.50775,
	3.90157 3.50775,
	3.89323 3.52303,
	"/>
<Contour name="d01c03ax01_ssvr" hidden="false" closed="true" simplified="false" border="0 1 0.501961" fill="1 0 0.5" mode="11"
 points="3.77379 3.54108,
	3.79045 3.54108,
	3.78212 3.55636,
	"/>
<Contour name="d01c03ax01_ssvr" hidden="false" closed="true" simplified="false" border="0 1 0.501961" fill="1 0 0.5" mode="11"
 points="3.7224 3.57719,
	3.73906 3.57719,
	3.73073 3.59247,
	"/>
<Contour name="d01c03ax01_ssvr" hidden="false" closed="true" simplified="false" border="0 1 0.501961" fill="1 0 0.5" mode="11"
 points="3.72656 3.53136,
	3.74323 3.53136,
	3.7349 3.54664,
	"/>
<Contour name="d01c03ax01_ssvr" hidden="false" closed="true" simplified="false" border="0 1 0.501961" fill="1 0 0.5" mode="11"
 points="3.7099 3.50497,
	3.72656 3.50497,
	3.71823 3.52025,
	"/>
<Contour name="d01c03ax01_ssvr" hidden="false" closed="true" simplified="false" border="0 1 0.501961" fill="1 0 0.5" mode="11"
 points="3.70851 3.42858,
	3.72518 3.42858,
	3.71684 3.44386,
	"/>
<Contour name="d01c03ax01_ssvr" hidden="false" closed="true" simplified="false" border="0 1 0.501961" fill="1 0 0.5" mode="11"
 points="3.74601 3.39664,
	3.76268 3.39664,
	3.75434 3.41192,
	"/>
<Contour name="d01c03ax01_ssvr" hidden="false" closed="true" simplified="false" border="0 1 0.501961" fill="1 0 0.5" mode="11"
 points="3.69462 3.37303,
	3.71129 3.37303,
	3.70295 3.3883,
	"/>
<Contour name="d01c03ax01_ssvr" hidden="false" closed="true" simplified="false" border="0 1 0.501961" fill="1 0 0.5" mode="11"
 points="3.66129 3.40775,
	3.67795 3.40775,
	3.66962 3.42303,
	"/>
<Contour name="d01c03ax01_ssvr" hidden="false" closed="true" simplified="false" border="0 1 0.501961" fill="1 0 0.5" mode="11"
 points="3.63906 3.36886,
	3.65573 3.36886,
	3.6474 3.38414,
	"/>
<Contour name="d01c03ax01_ssvr" hidden="false" closed="true" simplified="false" border="0 1 0.501961" fill="1 0 0.5" mode="11"
 points="3.64045 3.3133,
	3.65712 3.3133,
	3.64879 3.32858,
	"/>
<Contour name="d01c03ax01_ssvr" hidden="false" closed="true" simplified="false" border="0 1 0.501961" fill="1 0 0.5" mode="11"
 points="3.51823 3.34247,
	3.5349 3.34247,
	3.52656 3.35775,
	"/>
<Contour name="d01c03ax01_ssvr" hidden="false" closed="true" simplified="false" border="0 1 0.501961" fill="1 0 0.5" mode="11"
 points="3.4849 3.46886,
	3.50156 3.46886,
	3.49323 3.48414,
	"/>
<Contour name="d01c03ax01_ssvr" hidden="false" closed="true" simplified="false" border="0 1 0.501961" fill="1 0 0.5" mode="11"
 points="3.41962 3.4508,
	3.43628 3.4508,
	3.42795 3.46608,
	"/>
<Contour name="d01c03ax01_ssvr" hidden="false" closed="true" simplified="false" border="0 1 0.501961" fill="1 0 0.5" mode="11"
 points="3.52517 3.51053,
	3.54184 3.51053,
	3.53351 3.5258,
	"/>
<Contour name="d01c03ax01_ssvr" hidden="false" closed="true" simplified="false" border="0 1 0.501961" fill="1 0 0.5" mode="11"
 points="3.52378 3.57719,
	3.54045 3.57719,
	3.53212 3.59247,
	"/>
<Contour name="d01c03ax01_ssvr" hidden="false" closed="true" simplified="false" border="0 1 0.501961" fill="1 0 0.5" mode="11"
 points="3.57101 3.62858,
	3.58767 3.62858,
	3.57934 3.64386,
	"/>
<Contour name="d01c03ax01_ssvr" hidden="false" closed="true" simplified="false" border="0 1 0.501961" fill="1 0 0.5" mode="11"
 points="3.66545 3.59247,
	3.68212 3.59247,
	3.67379 3.60775,
	"/>
<Contour name="d01c03ax01_ssvr" hidden="false" closed="true" simplified="false" border="0 1 0.501961" fill="1 0 0.5" mode="11"
 points="3.6599 3.62858,
	3.67656 3.62858,
	3.66823 3.64386,
	"/>
<Contour name="d01c03ax01_ssvr" hidden="false" closed="true" simplified="false" border="0 1 0.501961" fill="1 0 0.5" mode="11"
 points="3.71268 3.64247,
	3.72934 3.64247,
	3.72101 3.65775,
	"/>
<Contour name="d01c03ax01_ssvr" hidden="false" closed="true" simplified="false" border="0 1 0.501961" fill="1 0 0.5" mode="11"
 points="3.65156 3.49386,
	3.66823 3.49386,
	3.6599 3.50914,
	"/>
<Contour name="d01c03ax01_ssvr" hidden="false" closed="true" simplified="false" border="0 1 0.501961" fill="1 0 0.5" mode="11"
 points="3.60017 3.46469,
	3.61684 3.46469,
	3.60851 3.47997,
	"/>
<Contour name="d01c03ax01_ssvr" hidden="false" closed="true" simplified="false" border="0 1 0.501961" fill="1 0 0.5" mode="11"
 points="3.54462 3.43969,
	3.56129 3.43969,
	3.55295 3.45497,
	"/>
</Transform>

<Transform dim="0"
 xcoef=" 0 1 0 0 0 0"
 ycoef=" 0 0 1 0 0 0">
<Contour name="d02c08" hidden="false" closed="true" simplified="true" border="0 1 0" fill="0 1 0" mode="9"
 points="4.24392 5.88049,
	4.25466 5.86331,
	4.26754 5.85257,
	4.27614 5.84828,
	4.3105 5.84828,
	4.32768 5.84828,
	4.34486 5.83754,
	4.3599 5.8225,
	4.38352 5.79243,
	4.405 5.75807,
	4.41574 5.74304,
	4.42218 5.72585,
	4.43292 5.70867,
	4.43936 5.69149,
	4.44366 5.6829,
	4.44151 5.66572,
	4.44151 5.66142,
	4.37278 5.6378,
	4.36634 5.62921,
	4.36634 5.61202,
	4.37493 5.59484,
	4.37923 5.58625,
	4.38782 5.57981,
	4.42218 5.58196,
	4.43936 5.58625,
	4.44366 5.5884,
	4.45225 5.58625,
	4.45869 5.60343,
	4.47373 5.61847,
	4.47373 5.62276,
	4.4952 5.65713,
	4.49735 5.79458,
	4.49735 5.80317,
	4.48876 5.82035,
	4.48447 5.82465,
	4.48232 5.83324,
	4.48232 5.83754,
	4.4544 5.86975,
	4.43721 5.88693,
	4.42218 5.89767,
	4.41359 5.90412,
	4.39641 5.91056,
	4.32768 5.91271,
	4.29332 5.91485,
	4.25895 5.91271,
	4.24392 5.89767,
	4.24392 5.88264,
	"/>
</Transform>

<Transform dim="0"
 xcoef=" 0 1 0 0 0 0"
 ycoef=" 0 0 1 0 0 0">
<Contour name="d01" hidden="false" closed="true" simplified="true" border="1 0.502 0" fill="1 0.502 0" mode="9"
 points="3.67697 5.04202,
	3.68618 5.02728,
	3.70092 5.01439,
	3.72303 4.99044,
	3.7525 4.96649,
	3.7654 4.95728,
	3.77277 4.9536,
	3.77092 4.93886,
	3.76171 4.90938,
	3.76355 4.87991,
	3.7654 4.87254,
	3.77829 4.85965,
	3.79303 4.85044,
	3.80777 4.84491,
	3.86672 4.84675,
	3.92567 4.85412,
	3.95514 4.85596,
	3.96988 4.85228,
	3.99935 4.85228,
	4.02883 4.8578,
	4.04356 4.85965,
	4.05093 4.86149,
	4.06567 4.87438,
	4.07304 4.88912,
	4.07304 4.90386,
	4.07857 4.9186,
	4.08409 4.92596,
	4.11357 4.93702,
	4.12462 4.94807,
	4.14857 4.9757,
	4.15962 4.99044,
	4.16883 5.01992,
	4.17252 5.02728,
	4.18725 5.03834,
	4.20199 5.05307,
	4.2112 5.06781,
	4.21673 5.08255,
	4.21673 5.09729,
	4.21673 5.10465,
	4.20936 5.11939,
	4.20383 5.12676,
	4.1891 5.13229,
	4.15962 5.13229,
	4.13015 5.1286,
	4.0712 5.10834,
	4.04172 5.10281,
	3.98277 5.10097,
	3.92382 5.09544,
	3.86487 5.0936,
	3.8354 5.0936,
	3.82066 5.09544,
	3.81329 5.09729,
	3.80961 5.09729,
	3.80224 5.10281,
	3.74329 5.1286,
	3.72855 5.12676,
	3.70092 5.11018,
	3.68803 5.09729,
	3.68066 5.08255,
	3.67697 5.06781,
	3.67697 5.05307,
	3.67697 5.04571,
	3.67697 5.04386,
	"/>
<Contour name="d01" hidden="false" closed="true" simplified="true" border="1 0.502 0" fill="1 0.502 0" mode="9"
 points="4.27568 4.69201,
	4.2812 4.66253,
	4.27936 4.6478,
	4.27936 4.64043,
	4.28489 4.62569,
	4.28857 4.62201,
	4.28673 4.56306,
	4.29042 4.54832,
	4.31436 4.52253,
	4.32357 4.50963,
	4.31989 4.48016,
	4.32173 4.46542,
	4.3291 4.45068,
	4.33094 4.44332,
	4.34568 4.42858,
	4.35858 4.41753,
	4.41384 4.36042,
	4.44147 4.342,
	4.45621 4.33279,
	4.4599 4.3291,
	4.46358 4.3291,
	4.49121 4.30884,
	4.49858 4.30331,
	4.51332 4.30515,
	4.52806 4.31068,
	4.53542 4.31252,
	4.5649 4.29963,
	4.59437 4.29226,
	4.60911 4.28673,
	4.61648 4.28305,
	4.62016 4.28305,
	4.62385 4.27936,
	4.63859 4.27384,
	4.65332 4.27199,
	4.66069 4.27199,
	4.66806 4.27568,
	4.67359 4.28305,
	4.67174 4.29778,
	4.6478 4.32726,
	4.63674 4.342,
	4.63306 4.34936,
	4.63306 4.35305,
	4.62753 4.36042,
	4.62569 4.36779,
	4.62016 4.37516,
	4.61464 4.38989,
	4.6128 4.39726,
	4.60911 4.40095,
	4.61464 4.43042,
	4.62201 4.44516,
	4.62385 4.45253,
	4.62753 4.45621,
	4.63859 4.48569,
	4.63859 4.48937,
	4.64227 4.49305,
	4.64595 4.50779,
	4.64595 4.51148,
	4.64964 4.51516,
	4.66069 4.54464,
	4.66438 4.55937,
	4.66438 4.58885,
	4.66806 4.61832,
	4.69754 4.63674,
	4.7049 4.64411,
	4.70675 4.65885,
	4.70306 4.66622,
	4.69938 4.6699,
	4.69938 4.67359,
	4.69385 4.68096,
	4.69201 4.68832,
	4.67911 4.70306,
	4.66806 4.73254,
	4.6699 4.74727,
	4.6699 4.75464,
	4.67359 4.76201,
	4.67174 4.79149,
	4.67174 4.79517,
	4.65885 4.80991,
	4.65148 4.81728,
	4.63674 4.8228,
	4.62937 4.8228,
	4.62569 4.82649,
	4.59622 4.82833,
	4.58148 4.83017,
	4.56674 4.8357,
	4.55937 4.83938,
	4.5299 4.83386,
	4.50042 4.83201,
	4.44147 4.83386,
	4.412 4.83201,
	4.39726 4.83017,
	4.39358 4.83017,
	4.3641 4.80991,
	4.34936 4.8007,
	4.33463 4.79885,
	4.31989 4.79149,
	4.29594 4.76201,
	4.28489 4.74727,
	4.27752 4.73254,
	4.27568 4.70306,
	4.27568 4.69569,
	4.27568 4.69385,
	"/>
</Transform>

<Transform dim="0"
 xcoef=" 0 1 0 0 0 0"
 ycoef=" 0 0 1 0 0 0">
<Contour name="d03" hidden="false" closed="true" simplified="true" border="1 1 0" fill="1 1 0.501961" mode="11"
 points="4.9251 3.87247,
	4.92736 3.8634,
	4.9319 3.86113,
	4.93417 3.85206,
	4.94324 3.84298,
	4.95912 3.83391,
	4.975 3.81803,
	4.98635 3.79988,
	4.99996 3.78853,
	5.00903 3.78173,
	5.01357 3.77719,
	5.01811 3.77719,
	5.03626 3.76585,
	5.0544 3.75904,
	5.127 3.75451,
	5.1633 3.75224,
	5.19959 3.75451,
	5.21774 3.75677,
	5.23589 3.76812,
	5.24497 3.77719,
	5.25631 3.79534,
	5.27219 3.80668,
	5.28126 3.80895,
	5.28807 3.81576,
	5.29034 3.83391,
	5.29034 3.83844,
	5.2858 3.84298,
	5.28353 3.85206,
	5.25177 3.87701,
	5.25404 3.88608,
	5.26765 3.8997,
	5.2858 3.90877,
	5.3221 3.91331,
	5.34025 3.91331,
	5.35839 3.91784,
	5.36747 3.92011,
	5.37201 3.92465,
	5.36747 3.9428,
	5.35613 3.95868,
	5.32437 3.98817,
	5.30622 4.00405,
	5.27219 4.02674,
	5.25404 4.03808,
	5.2495 4.04262,
	5.24497 4.04262,
	5.23589 4.04942,
	5.23135 4.05396,
	5.21321 4.0585,
	5.19506 4.0585,
	5.17691 4.05169,
	5.16103 4.03808,
	5.15195 4.03354,
	5.14742 4.029,
	5.12927 4.03127,
	5.11112 4.03808,
	5.09297 4.04035,
	5.0839 4.04035,
	5.06575 4.02674,
	5.06121 4.0222,
	5.04306 4.03581,
	5.02491 4.04262,
	5.01584 4.04942,
	5.0045 4.06757,
	4.99996 4.08572,
	4.99088 4.10387,
	4.98862 4.10614,
	4.97727 4.08799,
	4.97274 4.07891,
	4.9682 4.07438,
	4.96593 4.05623,
	4.95232 4.01993,
	4.95459 3.98363,
	4.95912 3.96548,
	4.95912 3.94734,
	4.93871 3.91104,
	4.93644 3.90196,
	4.9251 3.88382,
	4.9251 3.87474,
	"/>
<Contour name="d03" hidden="false" closed="true" simplified="true" border="1 1 0" fill="1 1 0.501961" mode="11"
 points="4.28082 3.15106,
	4.28989 3.14199,
	4.32619 3.13972,
	4.36249 3.13291,
	4.39652 3.11703,
	4.41466 3.10569,
	4.45096 3.09208,
	4.46911 3.08301,
	4.5417 3.07166,
	4.578 3.06032,
	4.59615 3.05351,
	4.63245 3.05125,
	4.66875 3.05351,
	4.70504 3.06032,
	4.74134 3.05351,
	4.75949 3.04898,
	4.76856 3.04671,
	4.7731 3.04671,
	4.77764 3.04217,
	4.85023 3.02629,
	4.86838 3.02402,
	4.90468 3.03083,
	4.94098 3.04898,
	4.95686 3.06259,
	4.95912 3.07166,
	4.96366 3.0762,
	4.96366 3.09435,
	4.96366 3.09889,
	4.95912 3.10342,
	4.95459 3.12157,
	4.94551 3.13065,
	4.92736 3.13972,
	4.9251 3.15787,
	4.92736 3.16694,
	4.93417 3.17602,
	4.95232 3.18282,
	4.97047 3.18282,
	5.00676 3.16694,
	5.02491 3.16467,
	5.03399 3.16694,
	5.04306 3.17375,
	5.0476 3.18282,
	5.04987 3.25542,
	5.04533 3.27357,
	5.04306 3.28264,
	5.02718 3.29852,
	4.99315 3.31894,
	4.97954 3.39153,
	4.97727 3.42783,
	4.97954 3.46413,
	4.99088 3.53672,
	4.98635 3.55487,
	4.97047 3.57075,
	4.95232 3.57529,
	4.93417 3.56848,
	4.90922 3.53445,
	4.90695 3.52538,
	4.90014 3.51857,
	4.86384 3.5095,
	4.82755 3.51177,
	4.79125 3.52765,
	4.78217 3.53218,
	4.76403 3.53445,
	4.74588 3.53218,
	4.73 3.51857,
	4.72092 3.51404,
	4.70504 3.49816,
	4.68916 3.48681,
	4.65513 3.45505,
	4.63925 3.44371,
	4.62111 3.4369,
	4.60523 3.42556,
	4.59615 3.41649,
	4.58481 3.40061,
	4.56666 3.3938,
	4.54851 3.39153,
	4.53944 3.39153,
	4.53036 3.387,
	4.49406 3.38473,
	4.42147 3.37112,
	4.38517 3.36885,
	4.3761 3.36885,
	4.37156 3.36885,
	4.35568 3.35297,
	4.34661 3.33482,
	4.34661 3.33028,
	4.34207 3.32574,
	4.3398 3.31667,
	4.333 3.3076,
	4.32846 3.28945,
	4.32846 3.28491,
	4.32392 3.28037,
	4.30123 3.20778,
	4.28762 3.17148,
	4.28082 3.15333,
	"/>
</Transform>

<Transform dim="0"
 xcoef=" 0 1 0 0 0 0"
 ycoef=" 0 0 1 0 0 0">
<Contour name="d04" hidden="false" closed="true" simplified="true" border="1 0 0" fill="1 0 0" mode="9"
 points="4.48183 2.90333,
	4.48602 2.89495,
	4.4944 2.88656,
	4.4944 2.86979,
	4.50069 2.86141,
	4.51537 2.85093,
	4.53214 2.84464,
	4.54052 2.84045,
	4.55729 2.84045,
	4.57197 2.85093,
	4.58874 2.85302,
	4.60551 2.86351,
	4.61389 2.86979,
	4.61599 2.87818,
	4.6097 2.89495,
	4.59502 2.91172,
	4.56148 2.92639,
	4.54471 2.93478,
	4.52794 2.93897,
	4.4944 2.93687,
	4.48602 2.93059,
	4.48183 2.91382,
	4.48183 2.90543,
	"/>
<Contour name="d04" hidden="false" closed="true" simplified="true" border="1 0 0" fill="1 0 0" mode="9"
 points="4.99122 3.39177,
	5.0038 3.35823,
	5.0038 3.34984,
	5.00799 3.34565,
	5.01218 3.32888,
	5.01847 3.32049,
	5.02057 3.31211,
	5.03105 3.29953,
	5.04782 3.28695,
	5.06459 3.27018,
	5.07717 3.25341,
	5.08974 3.21987,
	5.09184 3.21149,
	5.10023 3.2031,
	5.13377 3.19472,
	5.14215 3.19472,
	5.15054 3.19891,
	5.15892 3.19891,
	5.17569 3.20939,
	5.18408 3.21358,
	5.19456 3.23035,
	5.20714 3.26389,
	5.20714 3.28066,
	5.19665 3.3142,
	5.19037 3.33097,
	5.17779 3.34774,
	5.1694 3.36451,
	5.16311 3.3729,
	5.16102 3.38967,
	5.15892 3.39805,
	5.15263 3.40644,
	5.15054 3.41482,
	5.14425 3.42321,
	5.14215 3.43159,
	5.13796 3.43579,
	5.13167 3.45256,
	5.12748 3.46094,
	5.12328 3.46513,
	5.1149 3.46723,
	5.10651 3.47352,
	5.10232 3.47352,
	5.08555 3.484,
	5.06878 3.48819,
	5.03524 3.49029,
	5.02686 3.49448,
	5.01009 3.49239,
	5.0017 3.48819,
	4.99751 3.47981,
	4.99751 3.46304,
	4.9996 3.45465,
	5.0038 3.45046,
	5.0038 3.44208,
	4.99332 3.42531,
	4.99122 3.39386,
	"/>
<Contour name="d04" hidden="false" closed="true" simplified="true" border="1 0 0" fill="1 0 0" mode="9"
 points="3.57414 3.16537,
	3.58881 3.15069,
	3.5972 3.14441,
	3.63074 3.13812,
	3.64751 3.13392,
	3.71459 3.13602,
	3.72298 3.13812,
	3.72717 3.14231,
	3.76071 3.15489,
	3.79425 3.1486,
	3.79844 3.1465,
	3.81521 3.1486,
	3.8236 3.1486,
	3.85714 3.13602,
	3.89068 3.12973,
	3.90745 3.12764,
	3.92422 3.12973,
	3.9326 3.13602,
	3.96614 3.13812,
	3.98291 3.14231,
	3.98711 3.14231,
	3.99549 3.1486,
	4.01226 3.15279,
	4.02903 3.16327,
	4.0458 3.16956,
	4.06257 3.16746,
	4.07934 3.15908,
	4.08773 3.15489,
	4.09192 3.15489,
	4.10869 3.14441,
	4.11707 3.13812,
	4.12127 3.13812,
	4.12965 3.13183,
	4.16319 3.12135,
	4.17158 3.11715,
	4.18835 3.11715,
	4.20512 3.12135,
	4.23866 3.13602,
	4.24285 3.13602,
	4.25124 3.14231,
	4.25124 3.15908,
	4.26591 3.17375,
	4.28268 3.18423,
	4.28687 3.18843,
	4.28687 3.19262,
	4.29316 3.19891,
	4.29945 3.21568,
	4.29945 3.22406,
	4.30364 3.23245,
	4.30364 3.23664,
	4.30784 3.24083,
	4.30993 3.2576,
	4.32461 3.29114,
	4.3288 3.29953,
	4.3288 3.30372,
	4.33299 3.30791,
	4.33718 3.32468,
	4.34138 3.33307,
	4.34138 3.34145,
	4.35186 3.35823,
	4.36024 3.36661,
	4.37701 3.3729,
	4.41055 3.375,
	4.42732 3.375,
	4.44409 3.37919,
	4.44829 3.38338,
	4.48183 3.39386,
	4.51537 3.39596,
	4.51956 3.39596,
	4.52375 3.40015,
	4.55729 3.41063,
	4.57406 3.41692,
	4.6076 3.43998,
	4.62437 3.45046,
	4.65791 3.46304,
	4.67468 3.47562,
	4.69984 3.50496,
	4.73128 3.52802,
	4.73967 3.53222,
	4.77321 3.53431,
	4.78998 3.53012,
	4.79836 3.52383,
	4.80675 3.52173,
	4.81094 3.52173,
	4.81513 3.51754,
	4.8319 3.51754,
	4.84029 3.52173,
	4.84658 3.5385,
	4.84448 3.55527,
	4.8361 3.57204,
	4.8319 3.58043,
	4.81723 3.5972,
	4.78369 3.62026,
	4.76692 3.63074,
	4.76063 3.66428,
	4.76063 3.68105,
	4.76063 3.68944,
	4.76692 3.70621,
	4.79417 3.73975,
	4.79836 3.75652,
	4.80256 3.7649,
	4.81094 3.77329,
	4.82771 3.80683,
	4.82981 3.81521,
	4.834 3.8194,
	4.84238 3.85294,
	4.84029 3.86972,
	4.834 3.88649,
	4.8319 3.89487,
	4.82561 3.90116,
	4.81723 3.90326,
	4.80884 3.90954,
	4.79207 3.91583,
	4.78369 3.92212,
	4.7753 3.93889,
	4.7753 3.94308,
	4.76692 3.95147,
	4.75015 3.95776,
	4.71661 3.95566,
	4.69984 3.95147,
	4.6663 3.92631,
	4.64953 3.91374,
	4.62856 3.8802,
	4.62437 3.87181,
	4.62437 3.86762,
	4.59293 3.84037,
	4.56987 3.80683,
	4.56568 3.80263,
	4.56568 3.79844,
	4.55729 3.79006,
	4.52375 3.77748,
	4.50698 3.767,
	4.49021 3.75232,
	4.49231 3.71878,
	4.48602 3.70201,
	4.47134 3.68944,
	4.45457 3.68524,
	4.4378 3.67267,
	4.43152 3.66847,
	4.41894 3.6517,
	4.41475 3.64332,
	4.39798 3.63074,
	4.39378 3.63074,
	4.38959 3.62655,
	4.3854 3.62655,
	4.38121 3.62236,
	4.37701 3.62236,
	4.36653 3.60558,
	4.36443 3.58881,
	4.35815 3.58043,
	4.35605 3.57204,
	4.34976 3.56366,
	4.34766 3.54689,
	4.34557 3.5385,
	4.34557 3.53431,
	4.33718 3.53012,
	4.31203 3.49658,
	4.29945 3.47981,
	4.29526 3.46304,
	4.29107 3.45465,
	4.28897 3.43788,
	4.28687 3.4295,
	4.28058 3.42111,
	4.26801 3.41063,
	4.23447 3.40434,
	4.2177 3.39177,
	4.20512 3.37709,
	4.18835 3.36451,
	4.17996 3.36032,
	4.16529 3.34355,
	4.13385 3.3184,
	4.12546 3.31001,
	4.10869 3.30163,
	4.1003 3.29953,
	4.09611 3.29534,
	4.06257 3.28695,
	4.05419 3.28276,
	4.02065 3.27857,
	3.95357 3.28066,
	3.92003 3.28486,
	3.88649 3.29743,
	3.85294 3.29743,
	3.83617 3.29743,
	3.82779 3.29743,
	3.79425 3.28486,
	3.72717 3.27228,
	3.7104 3.27018,
	3.67686 3.2576,
	3.66009 3.25341,
	3.6559 3.24922,
	3.63913 3.24293,
	3.60768 3.22197,
	3.5993 3.21987,
	3.58462 3.20729,
	3.57414 3.19262,
	3.57414 3.17585,
	3.57414 3.16746,
	"/>
</Transform>

<Transform dim="0"
 xcoef=" 0 1 0 0 0 0"
 ycoef=" 0 0 1 0 0 0">
<Contour name="d02p04" hidden="false" closed="true" simplified="false" border="1 0 0" fill="1 0 0" mode="-9"
 points="3.86163 6.80213,
	3.84655 6.78704,
	3.86163 6.77196,
	3.87671 6.78704,
	"/>
</Transform>

<Transform dim="0"
 xcoef=" 0 1 0 0 0 0"
 ycoef=" 0 0 1 0 0 0">
<Contour name="d02p05a" hidden="false" closed="true" simplified="false" border="1 1 0" fill="1 1 0" mode="-9"
 points="3.62244 6.44873,
	3.6483 6.44873,
	3.63537 6.47243,
	"/>
<Contour name="d02p05b" hidden="false" closed="true" simplified="false" border="1 1 0" fill="1 1 0" mode="-9"
 points="3.62244 6.44873,
	3.6483 6.44873,
	3.63537 6.47243,
	"/>
</Transform>

<Transform dim="0"
 xcoef=" 0 1 0 0 0 0"
 ycoef=" 0 0 1 0 0 0">
<Contour name="d02p06" hidden="false" closed="true" simplified="false" border="0 0 1" fill="0 0 1" mode="-9"
 points="3.38325 6.91203,
	3.36817 6.89694,
	3.38325 6.88186,
	3.39833 6.89694,
	"/>
</Transform>

<Transform dim="0"
 xcoef=" 0 1 0 0 0 0"
 ycoef=" 0 0 1 0 0 0">
<Contour name="d03p04" hidden="false" closed="true" simplified="false" border="1 0 0" fill="1 0 0" mode="-9"
 points="4.89245 3.45123,
	4.8785 3.43728,
	4.89245 3.42332,
	4.90641 3.43728,
	"/>
</Transform>

<Transform dim="0"
 xcoef=" 0 1 0 0 0 0"
 ycoef=" 0 0 1 0 0 0">
<Contour name="d04p05" hidden="false" closed="true" simplified="false" border="1 1 0" fill="1 1 0" mode="-9"
 points="4.34088 3.41397,
	4.36029 3.41397,
	4.35059 3.43177,
	"/>
</Transform>

<Transform dim="6"
 xcoef=" 0.490565185331172 0.923863263255669 -0.0368991428798982 0 0 0"
 ycoef=" -0.634245934960702 0.031240168052591 1.07059031361791 0 0 0">
<Image mag="0.00217968" contrast="1" brightness="0" red="true" green="true" blue="true"
 src="FWNGV.24.jpg" />
<Contour name="domain1" hidden="false" closed="true" simplified="false" border="1 0 1" fill="1 0 1" mode="11"
 points="0 0,
	4096 0,
	4096 4096,
	0 4096,
	"/>
</Transform>

<Transform dim="0"
 xcoef=" 0 1 0 0 0 0"
 ycoef=" 0 0 1 0 0 0">
<Contour name="ax01" comment="LK bouton trace named after cfa" hidden="false" closed="true" simplified="true" border="0 1 1" fill="0.502 1 1" mode="9"
 points="3.28606 3.31259,
	3.28938 3.30817,
	3.30706 3.29932,
	3.34243 3.29822,
	3.36012 3.29822,
	3.36896 3.29601,
	3.37338 3.2938,
	3.37559 3.29159,
	3.41096 3.28385,
	3.42864 3.28274,
	3.44633 3.27722,
	3.45075 3.27722,
	3.45959 3.2728,
	3.47728 3.26948,
	3.48612 3.26506,
	3.49496 3.26395,
	3.5038 3.26064,
	3.53917 3.25843,
	3.55686 3.25732,
	3.57454 3.25401,
	3.58339 3.2529,
	3.59223 3.25401,
	3.59665 3.25401,
	3.60107 3.25622,
	3.60991 3.25732,
	3.6276 3.26506,
	3.64418 3.28053,
	3.66186 3.28606,
	3.67071 3.28827,
	3.68839 3.28827,
	3.70607 3.29048,
	3.71492 3.29269,
	3.71934 3.29269,
	3.73702 3.30264,
	3.77239 3.30375,
	3.7746 3.30485,
	3.77681 3.30375,
	3.7945 3.30927,
	3.79892 3.31038,
	3.8166 3.32143,
	3.82103 3.32364,
	3.82545 3.32806,
	3.83208 3.33359,
	3.84866 3.34906,
	3.86634 3.36012,
	3.87519 3.36564,
	3.91056 3.37227,
	3.91498 3.37338,
	3.91719 3.37559,
	3.92603 3.3778,
	3.94371 3.38775,
	3.97798 3.41317,
	3.98682 3.4198,
	4.00119 3.43749,
	4.03324 3.47175,
	4.03988 3.48059,
	4.04651 3.49828,
	4.04982 3.51596,
	4.05203 3.52038,
	4.04982 3.55575,
	4.04982 3.5646,
	4.05314 3.57344,
	4.0653 3.59112,
	4.06861 3.59333,
	4.07525 3.60218,
	4.07856 3.6066,
	4.08077 3.61544,
	4.08077 3.63312,
	4.07856 3.64197,
	4.06861 3.65965,
	4.05977 3.66518,
	4.05093 3.66518,
	4.04209 3.66739,
	4.03435 3.67402,
	4.02993 3.68286,
	4.01556 3.70055,
	4.00672 3.70939,
	4.00008 3.71823,
	3.99677 3.72708,
	3.99566 3.73592,
	3.99787 3.7536,
	3.99677 3.77129,
	3.99456 3.78013,
	3.99014 3.78897,
	3.97356 3.80334,
	3.95587 3.81329,
	3.95145 3.8166,
	3.94261 3.81992,
	3.93819 3.82103,
	3.93377 3.82434,
	3.92935 3.82545,
	3.9205 3.83097,
	3.88513 3.8365,
	3.84976 3.84424,
	3.83208 3.84534,
	3.79671 3.84313,
	3.77902 3.83982,
	3.7746 3.83982,
	3.75692 3.83429,
	3.74808 3.82987,
	3.74366 3.82876,
	3.73923 3.82545,
	3.73481 3.82434,
	3.72597 3.81882,
	3.72155 3.8155,
	3.71713 3.81439,
	3.70829 3.80887,
	3.63755 3.77681,
	3.61986 3.76908,
	3.60218 3.76466,
	3.56681 3.74918,
	3.56239 3.74808,
	3.52702 3.72486,
	3.52038 3.71823,
	3.51154 3.7105,
	3.4828 3.67734,
	3.45959 3.64197,
	3.45738 3.63755,
	3.45296 3.63312,
	3.4397 3.59776,
	3.43196 3.58007,
	3.43085 3.57565,
	3.42533 3.56681,
	3.42533 3.5646,
	3.42201 3.56018,
	3.4198 3.55133,
	3.40985 3.53365,
	3.40433 3.52481,
	3.39991 3.52038,
	3.39106 3.51486,
	3.37559 3.50049,
	3.36785 3.49496,
	3.36343 3.49275,
	3.35569 3.48391,
	3.35127 3.47507,
	3.35017 3.46622,
	3.34796 3.4618,
	3.34796 3.45296,
	3.34575 3.44412,
	3.34464 3.42643,
	3.34022 3.40875,
	3.3358 3.39991,
	3.33469 3.39106,
	3.3358 3.38222,
	3.33469 3.36454,
	3.33359 3.35569,
	3.32696 3.34796,
	3.31811 3.34354,
	3.31369 3.34243,
	3.29601 3.33138,
	3.28827 3.32364,
	3.28606 3.32143,
	3.28606 3.31369,
	"/>
</Transform>

<Transform dim="0"
 xcoef=" 0 1 0 0 0 0"
 ycoef=" 0 0 1 0 0 0">
<Contour name="ax03" comment="LK bouton trace named after cfa" hidden="false" closed="true" simplified="true" border="0 1 1" fill="0.502 1 1" mode="9"
 points="3.99426 6.04609,
	3.99916 6.04038,
	4.00242 6.03793,
	4.00406 6.03793,
	4.00569 6.0363,
	4.01875 6.03221,
	4.04488 6.03221,
	4.05141 6.03221,
	4.06448 6.03548,
	4.06774 6.03548,
	4.06938 6.03711,
	4.08244 6.03956,
	4.10857 6.04119,
	4.1347 6.04119,
	4.16082 6.03875,
	4.18695 6.03303,
	4.20001 6.0314,
	4.21308 6.0314,
	4.21961 6.0314,
	4.22288 6.03221,
	4.22533 6.03548,
	4.22777 6.04201,
	4.22777 6.04854,
	4.22777 6.05181,
	4.22614 6.05508,
	4.21308 6.06732,
	4.20246 6.07794,
	4.19838 6.08365,
	4.18532 6.09182,
	4.18368 6.09345,
	4.17715 6.09508,
	4.17389 6.09753,
	4.16082 6.1008,
	4.15429 6.10325,
	4.15103 6.10488,
	4.14939 6.10488,
	4.13796 6.11223,
	4.1249 6.11876,
	4.11183 6.12284,
	4.09877 6.12529,
	4.09714 6.12693,
	4.0906 6.12856,
	4.07754 6.12774,
	4.05141 6.12039,
	4.03835 6.11958,
	4.02529 6.11631,
	4.01222 6.1106,
	4.00814 6.10406,
	4.00732 6.09753,
	4.00732 6.09427,
	4.00242 6.0812,
	4.00161 6.07794,
	3.99916 6.07467,
	3.99508 6.06161,
	3.99426 6.04854,
	3.99426 6.04691,
	"/>
</Transform>

<Transform dim="0"
 xcoef=" 0 1 0 0 0 0"
 ycoef=" 0 0 1 0 0 0">
<Contour name="d01c03ax01_ssvr" hidden="false" closed="true" simplified="false" border="0 1 0.501961" fill="1 0 0.5" mode="11"
 points="3.84184 3.50914,
	3.85851 3.50914,
	3.85018 3.52442,
	"/>
</Transform>

<Transform dim="1"
 xcoef=" 0.06 1 0 0 0 0"
 ycoef=" 0.05 0 1 0 0 0">
<Contour name="d01c03ax01_ssvr" hidden="false" closed="true" simplified="false" border="0 1 0.501961" fill="1 0 0.5" mode="11"
 points="3.84184 3.50914,
	3.85851 3.50914,
	3.85018 3.52442,
	"/>
</Transform>

<Transform dim="1"
 xcoef=" 0.01 1 0 0 0 0"
 ycoef=" 0.06 0 1 0 0 0">
<Contour name="d01c03ax01_ssvr" hidden="false" closed="true" simplified="false" border="0 1 0.501961" fill="1 0 0.5" mode="11"
 points="3.47795 3.43275,
	3.49462 3.43275,
	3.48628 3.44803,
	"/>
</Transform>

<Transform dim="0"
 xcoef=" 0 1 0 0 0 0"
 ycoef=" 0 0 1 0 0 0">
<Contour name="d01c03ax01_ssvr" hidden="false" closed="true" simplified="false" border="0 1 0.501961" fill="1 0 0.5" mode="11"
 points="3.61267 3.60636,
	3.62934 3.60636,
	3.62101 3.62164,
	"/>
</Transform>

<Transform dim="1"
 xcoef=" -0.02 1 0 0 0 0"
 ycoef=" 0.07 0 1 0 0 0">
<Contour name="d01c03ax01_ssvr" hidden="false" closed="true" simplified="false" border="0 1 0.501961" fill="1 0 0.5" mode="11"
 points="3.61267 3.60636,
	3.62934 3.60636,
	3.62101 3.62164,
	"/>
</Transform>

<Transform dim="0"
 xcoef=" 0 1 0 0 0 0"
 ycoef=" 0 0 1 0 0 0">
<Contour name="KZ_d01ax05" comment="LK bouton trace named after cfa" hidden="false" closed="true" simplified="true" border="0 1 1" fill="0.502 1 1" mode="11"
 points="3.98731 6.03659,
	3.98876 6.03369,
	3.99167 6.03078,
	3.99749 6.02787,
	4.02076 6.02714,
	4.0324 6.0235,
	4.03821 6.02278,
	4.06148 6.02641,
	4.07312 6.02714,
	4.07894 6.02714,
	4.08475 6.02859,
	4.09057 6.02859,
	4.09639 6.03005,
	4.14293 6.03223,
	4.1662 6.03223,
	4.17784 6.0315,
	4.18366 6.0315,
	4.20693 6.02569,
	4.21274 6.02423,
	4.21565 6.02278,
	4.21711 6.02132,
	4.22293 6.01914,
	4.22438 6.01769,
	4.2302 6.01623,
	4.23311 6.01478,
	4.23892 6.01478,
	4.24183 6.01696,
	4.24256 6.01987,
	4.23892 6.04314,
	4.23674 6.04896,
	4.23165 6.05405,
	4.2302 6.05696,
	4.22874 6.05841,
	4.22729 6.05841,
	4.21565 6.06568,
	4.20984 6.07005,
	4.19965 6.08168,
	4.19675 6.08459,
	4.19384 6.08604,
	4.1822 6.09623,
	4.17057 6.1035,
	4.16475 6.10713,
	4.15893 6.10932,
	4.14729 6.11004,
	4.14148 6.1115,
	4.14002 6.1115,
	4.13857 6.11295,
	4.13275 6.11513,
	4.12984 6.11586,
	4.12839 6.11731,
	4.12548 6.11804,
	4.10221 6.13259,
	4.09057 6.13477,
	4.07894 6.13477,
	4.07312 6.13622,
	4.04985 6.13549,
	4.04403 6.13404,
	4.04112 6.13331,
	4.0353 6.12968,
	4.0324 6.12677,
	4.03021 6.12531,
	4.01931 6.11441,
	4.01567 6.10859,
	4.01567 6.10713,
	4.01131 6.10132,
	4.01131 6.09986,
	4.00985 6.09841,
	4.00985 6.0955,
	4.00476 6.08459,
	4.00331 6.08314,
	4.00331 6.08168,
	4.00113 6.07877,
	3.99749 6.06714,
	3.99676 6.06132,
	3.99749 6.05914,
	3.99167 6.0475,
	3.98804 6.04168,
	3.98731 6.03878,
	3.98731 6.03732,
	"/>
</Transform>

<Transform dim="1"
 xcoef=" -0.01 1 0 0 0 0"
 ycoef=" 0 0 1 0 0 0">
<Contour name="d01c03ax01_ssvr" hidden="false" closed="true" simplified="false" border="0 1 0.501961" fill="1 0 0.5" mode="11"
 points="3.5849 3.42025,
	3.60156 3.42025,
	3.59323 3.43553,
	"/>
</Transform>

<Transform dim="1"
 xcoef=" 0.01 1 0 0 0 0"
 ycoef=" 0.01 0 1 0 0 0">
<Contour name="d01c03ax01_ssvr" hidden="false" closed="true" simplified="false" border="0 1 0.501961" fill="1 0 0.5" mode="11"
 points="3.54462 3.40358,
	3.56129 3.40358,
	3.55295 3.41886,
	"/>
</Transform>

<Transform dim="1"
 xcoef=" 0 1 0 0 0 0"
 ycoef=" 0.01 0 1 0 0 0">
<Contour name="d01c03ax01_ssvr" hidden="false" closed="true" simplified="false" border="0 1 0.501961" fill="1 0 0.5" mode="11"
 points="3.47795 3.43275,
	3.49462 3.43275,
	3.48628 3.44803,
	"/>
</Transform>

<Transform dim="1"
 xcoef=" 0 1 0 0 0 0"
 ycoef=" 0.01 0 1 0 0 0">
<Contour name="d01c03ax01_ssvr" hidden="false" closed="true" simplified="false" border="0 1 0.501961" fill="1 0 0.5" mode="11"
 points="3.47795 3.30636,
	3.49462 3.30636,
	3.48628 3.32164,
	"/>
</Transform>

<Transform dim="1"
 xcoef=" 0.01 1 0 0 0 0"
 ycoef=" 0.01 0 1 0 0 0">
<Contour name="d01c03ax01_ssvr" hidden="false" closed="true" simplified="false" border="0 1 0.501961" fill="1 0 0.5" mode="11"
 points="3.57934 3.35914,
	3.59601 3.35914,
	3.58767 3.37441,
	"/>
</Transform>

<Transform dim="1"
 xcoef=" 0.01 1 0 0 0 0"
 ycoef=" 0 0 1 0 0 0">
<Contour name="d01c03ax01_ssvr" hidden="false" closed="true" simplified="false" border="0 1 0.501961" fill="1 0 0.5" mode="11"
 points="3.65156 3.69247,
	3.66823 3.69247,
	3.6599 3.70775,
	"/>
</Transform>

<Transform dim="1"
 xcoef=" -0.09 1 0 0 0 0"
 ycoef=" 0.07 0 1 0 0 0">
<Contour name="d01c03ax01_ssvr" hidden="false" closed="true" simplified="false" border="0 1 0.501961" fill="1 0 0.5" mode="11"
 points="3.6724 3.68969,
	3.68906 3.68969,
	3.68073 3.70497,
	"/>
</Transform>

<Transform dim="0"
 xcoef=" 0 1 0 0 0 0"
 ycoef=" 0 0 1 0 0 0">
<Contour name="d04c05ax01" hidden="false" closed="true" simplified="true" border="0 1 0" fill="0 1 0" mode="9"
 points="3.61192 3.29394,
	3.6258 3.25357,
	3.63274 3.23338,
	3.63589 3.22328,
	3.63652 3.22076,
	3.63842 3.21887,
	3.79993 3.25483,
	3.82012 3.25924,
	3.82516 3.26051,
	3.82769 3.26114,
	3.82895 3.26177,
	3.80624 3.34252,
	3.80371 3.35262,
	3.80182 3.35451,
	3.64031 3.30404,
	3.62012 3.29773,
	3.61507 3.29584,
	3.61255 3.29521,
	3.61192 3.29457,
	"/>
</Transform>

<Transform dim="0"
 xcoef=" 0 1 0 0 0 0"
 ycoef=" 0 0 1 0 0 0">
<Contour name="ax02" hidden="false" closed="true" simplified="true" border="0 1 1" fill="0.502 1 1" mode="9"
 points="4.50518 6.36778,
	4.50973 6.35739,
	4.51622 6.347,
	4.51882 6.3418,
	4.52791 6.33141,
	4.53311 6.32816,
	4.5357 6.32622,
	4.537 6.32557,
	4.537 6.32037,
	4.52856 6.29959,
	4.52596 6.2892,
	4.52596 6.284,
	4.53051 6.27361,
	4.54025 6.26322,
	4.55064 6.25478,
	4.55584 6.25088,
	4.56623 6.24828,
	4.57662 6.24763,
	4.58701 6.24958,
	4.58961 6.25023,
	4.5948 6.25413,
	4.60325 6.26452,
	4.60454 6.26712,
	4.61364 6.27751,
	4.61883 6.28075,
	4.62403 6.2827,
	4.62922 6.28335,
	4.63442 6.2853,
	4.63702 6.2879,
	4.63961 6.2892,
	4.64481 6.28855,
	4.65001 6.28595,
	4.6604 6.2853,
	4.67079 6.28595,
	4.71235 6.30868,
	4.71755 6.31388,
	4.72015 6.31907,
	4.72079 6.32427,
	4.72015 6.32946,
	4.72015 6.33206,
	4.7169 6.33726,
	4.70651 6.34505,
	4.69612 6.35024,
	4.69092 6.35544,
	4.68702 6.36064,
	4.68183 6.37103,
	4.67663 6.37622,
	4.66624 6.38272,
	4.66105 6.38531,
	4.65065 6.39311,
	4.62987 6.4022,
	4.62468 6.40285,
	4.61948 6.4022,
	4.61688 6.4022,
	4.60649 6.3983,
	4.6039 6.397,
	4.6026 6.39636,
	4.58181 6.40025,
	4.56103 6.40025,
	4.55064 6.3996,
	4.52986 6.39246,
	4.51947 6.38726,
	4.50973 6.37752,
	4.50648 6.37233,
	4.50518 6.36973,
	4.50518 6.36843,
	"/>
</Transform>

<Transform dim="0"
 xcoef=" 0 1 0 0 0 0"
 ycoef=" 0 0 1 0 0 0">
<Contour name="ax61" comment="dch traced 07.2018" hidden="false" closed="true" simplified="true" border="0 1 1" fill="0.502 1 1" mode="9"
 points="5.14063 4.30082,
	5.14385 4.28368,
	5.1492 4.26654,
	5.15349 4.25797,
	5.15777 4.25369,
	5.16634 4.24833,
	5.17062 4.24512,
	5.17277 4.24512,
	5.17705 4.2419,
	5.19419 4.23762,
	5.21133 4.23762,
	5.22847 4.23976,
	5.23704 4.24083,
	5.25418 4.24619,
	5.26275 4.2494,
	5.27025 4.25476,
	5.27667 4.26333,
	5.27989 4.26761,
	5.27989 4.26976,
	5.28524 4.27833,
	5.28846 4.28689,
	5.28953 4.32117,
	5.29381 4.33831,
	5.29595 4.34688,
	5.31631 4.38116,
	5.32059 4.38544,
	5.32595 4.39401,
	5.34201 4.40901,
	5.35808 4.42186,
	5.36665 4.42829,
	5.38379 4.43793,
	5.38808 4.44115,
	5.40522 4.44864,
	5.41378 4.45186,
	5.41807 4.45293,
	5.42235 4.45721,
	5.42664 4.45721,
	5.43092 4.46043,
	5.43307 4.46043,
	5.44164 4.46685,
	5.44592 4.47007,
	5.44913 4.47864,
	5.44913 4.48721,
	5.44378 4.49578,
	5.43521 4.5022,
	5.41807 4.50756,
	5.4095 4.50649,
	5.40736 4.50649,
	5.40522 4.50435,
	5.40093 4.50435,
	5.38379 4.49363,
	5.36665 4.48506,
	5.35808 4.48185,
	5.34094 4.48185,
	5.33237 4.48292,
	5.3238 4.48614,
	5.30667 4.48614,
	5.2981 4.48506,
	5.28096 4.47757,
	5.27667 4.47649,
	5.27453 4.47435,
	5.26596 4.47221,
	5.25739 4.46793,
	5.24882 4.46578,
	5.24454 4.46578,
	5.24025 4.46364,
	5.22311 4.46043,
	5.20597 4.45293,
	5.20383 4.45079,
	5.19955 4.44972,
	5.18455 4.43579,
	5.17705 4.42936,
	5.16527 4.41222,
	5.1567 4.39508,
	5.14706 4.36081,
	5.14385 4.35224,
	5.14063 4.31796,
	5.14063 4.30189,
	"/>
</Transform>

<Transform dim="0"
 xcoef=" 0 1 0 0 0 0"
 ycoef=" 0 0 1 0 0 0">
<Contour name="ax44" comment="dch traced 08.2018" hidden="false" closed="true" simplified="true" border="0 1 1" fill="0.502 1 1" mode="9"
 points="3.12003 8.68391,
	3.13935 8.66942,
	3.15866 8.66218,
	3.23594 8.65976,
	3.25526 8.65976,
	3.26492 8.66459,
	3.30356 8.66942,
	3.3422 8.68391,
	3.41947 8.72497,
	3.43879 8.73463,
	3.44845 8.73704,
	3.4557 8.74429,
	3.46535 8.7467,
	3.50399 8.77326,
	3.50882 8.77326,
	3.51848 8.78292,
	3.55471 8.80466,
	3.57161 8.81915,
	3.57161 8.82398,
	3.2625 8.82881,
	3.24319 8.83364,
	3.20455 8.83364,
	3.18523 8.83364,
	3.17557 8.83605,
	3.16832 8.83364,
	3.17074 8.82881,
	3.16349 8.81915,
	3.16108 8.80949,
	3.15384 8.79983,
	3.13935 8.76119,
	3.12969 8.74187,
	3.12969 8.73704,
	3.12486 8.73221,
	3.12003 8.71289,
	3.12003 8.69357,
	3.12003 8.68633,
	"/>
</Transform>

<Transform dim="0"
 xcoef=" 0 1 0 0 0 0"
 ycoef=" 0 0 1 0 0 0">
<Contour name="ax44" comment="dch traced 08.2018" hidden="false" closed="true" simplified="true" border="0 1 1" fill="0.502 1 1" mode="9"
 points="3.08139 8.14298,
	3.08622 8.12366,
	3.08622 8.114,
	3.09829 8.07536,
	3.10554 8.05604,
	3.15625 7.97877,
	3.19489 7.96428,
	3.20455 7.96186,
	3.22387 7.96428,
	3.23353 7.96669,
	3.25285 7.98118,
	3.26009 7.99084,
	3.25768 8.02948,
	3.24077 8.06812,
	3.24319 8.08744,
	3.26009 8.10676,
	3.27941 8.11883,
	3.29148 8.13815,
	3.30356 8.17679,
	3.30597 8.19611,
	3.31563 8.21543,
	3.3422 8.25406,
	3.35186 8.27338,
	3.35427 8.2927,
	3.34944 8.31202,
	3.35427 8.32168,
	3.36393 8.33134,
	3.38325 8.341,
	3.40015 8.3579,
	3.4074 8.37722,
	3.40981 8.41586,
	3.41223 8.43518,
	3.41947 8.4545,
	3.42189 8.46416,
	3.41947 8.47382,
	3.38325 8.51004,
	3.34461 8.53661,
	3.32529 8.54627,
	3.31563 8.55351,
	3.29631 8.55592,
	3.27699 8.55351,
	3.25768 8.54385,
	3.24802 8.53661,
	3.22628 8.49797,
	3.20938 8.45933,
	3.19972 8.44001,
	3.1973 8.42069,
	3.19972 8.41103,
	3.18281 8.37239,
	3.17557 8.33376,
	3.17315 8.31444,
	3.13452 8.28063,
	3.11761 8.26131,
	3.09346 8.22267,
	3.08139 8.18403,
	3.08139 8.1454,
	"/>
</Transform>

<Transform dim="0"
 xcoef=" 0 1 0 0 0 0"
 ycoef=" 0 0 1 0 0 0">
<Contour name="ax44" hidden="false" closed="true" simplified="true" border="0 1 1" fill="0.502 1 1" mode="9"
 points="2.78534 7.0986,
	2.78828 7.09076,
	2.78828 7.0888,
	2.79024 7.08684,
	2.79122 7.08292,
	2.79612 7.07508,
	2.80298 7.07018,
	2.8069 7.06822,
	2.83826 7.06822,
	2.85395 7.07116,
	2.85787 7.07312,
	2.85983 7.07312,
	2.86179 7.07508,
	2.86571 7.07606,
	2.86963 7.079,
	2.87355 7.07998,
	2.88923 7.09076,
	2.89609 7.09566,
	2.90687 7.10938,
	2.90687 7.11134,
	2.90981 7.11428,
	2.91079 7.1182,
	2.91373 7.12212,
	2.91471 7.12604,
	2.91961 7.13192,
	2.93431 7.1427,
	2.94215 7.1476,
	2.94607 7.15054,
	2.94999 7.15838,
	2.95293 7.17407,
	2.95293 7.18191,
	2.95293 7.18583,
	2.94607 7.19269,
	2.91471 7.20641,
	2.89903 7.20837,
	2.89511 7.21033,
	2.88727 7.21033,
	2.87159 7.20543,
	2.86375 7.20347,
	2.86179 7.20151,
	2.85395 7.19857,
	2.83826 7.18877,
	2.82356 7.17701,
	2.81572 7.17211,
	2.80494 7.15936,
	2.79514 7.14368,
	2.78926 7.128,
	2.7873 7.12016,
	2.78534 7.11624,
	2.78534 7.10056,
	2.78534 7.09958,
	"/>
</Transform>

<Transform dim="0"
 xcoef=" 0 1 0 0 0 0"
 ycoef=" 0 0 1 0 0 0">
<Contour name="ax58" comment="dch traced 07.2018" hidden="false" closed="true" simplified="true" border="0 1 1" fill="0.502 1 1" mode="9"
 points="6.04014 4.1396,
	6.04811 4.13049,
	6.05209 4.12594,
	6.05437 4.12366,
	6.05551 4.12253,
	6.09193 4.12366,
	6.11014 4.12423,
	6.11925 4.1231,
	6.1238 4.12253,
	6.14201 4.11456,
	6.15111 4.11001,
	6.16933 4.09578,
	6.17388 4.0918,
	6.19209 4.08212,
	6.20119 4.077,
	6.2103 4.07302,
	6.21941 4.07245,
	6.25583 4.07358,
	6.26493 4.07415,
	6.30135 4.07074,
	6.33778 4.0696,
	6.35599 4.06903,
	6.36509 4.06903,
	6.36964 4.06789,
	6.37192 4.06732,
	6.37647 4.0696,
	6.37875 4.07074,
	6.39696 4.07302,
	6.40607 4.07415,
	6.41517 4.07757,
	6.41745 4.07814,
	6.42655 4.08667,
	6.43111 4.09066,
	6.43566 4.0935,
	6.45387 4.09976,
	6.47208 4.10318,
	6.49029 4.10488,
	6.4994 4.10488,
	6.5085 4.10659,
	6.52671 4.11228,
	6.54492 4.11684,
	6.56314 4.11968,
	6.56769 4.12082,
	6.56996 4.12139,
	6.57224 4.1231,
	6.57679 4.1248,
	6.58135 4.12765,
	6.58533 4.13163,
	6.58761 4.13618,
	6.59671 4.14472,
	6.61492 4.15895,
	6.62403 4.16521,
	6.62858 4.16862,
	6.63769 4.17261,
	6.64679 4.17431,
	6.6559 4.17488,
	6.67411 4.17887,
	6.68321 4.18057,
	6.70142 4.18854,
	6.70598 4.18911,
	6.71508 4.19252,
	6.73329 4.20447,
	6.7424 4.21073,
	6.75776 4.22838,
	6.76175 4.23293,
	6.76402 4.23521,
	6.76858 4.24431,
	6.77142 4.26252,
	6.76915 4.28073,
	6.76858 4.28529,
	6.76858 4.28756,
	6.76004 4.30577,
	6.75037 4.34219,
	6.74752 4.3513,
	6.74695 4.35585,
	6.73898 4.37406,
	6.735 4.38317,
	6.72874 4.39171,
	6.72703 4.39284,
	6.71793 4.39398,
	6.70882 4.3991,
	6.69175 4.41447,
	6.67411 4.42699,
	6.67069 4.4304,
	6.66159 4.43666,
	6.65703 4.44008,
	6.65476 4.44122,
	6.65362 4.44235,
	6.65248 4.44235,
	6.65134 4.44349,
	6.65021 4.44349,
	6.64793 4.4452,
	6.64565 4.44577,
	6.64395 4.44748,
	6.64167 4.44804,
	6.63939 4.44975,
	6.63484 4.45146,
	6.63256 4.4526,
	6.62346 4.4526,
	6.61435 4.45089,
	6.61208 4.45089,
	6.60752 4.44918,
	6.59842 4.44861,
	6.58931 4.44918,
	6.58476 4.44975,
	6.56655 4.45772,
	6.55744 4.4617,
	6.54834 4.46398,
	6.54379 4.46512,
	6.52558 4.46455,
	6.51647 4.46341,
	6.50736 4.46056,
	6.50281 4.45886,
	6.50054 4.45772,
	6.4994 4.45772,
	6.49826 4.45658,
	6.49598 4.45658,
	6.49371 4.45544,
	6.49143 4.45544,
	6.48915 4.4543,
	6.4846 4.45374,
	6.48232 4.45317,
	6.48119 4.45317,
	6.48005 4.45203,
	6.4755 4.45089,
	6.47094 4.44861,
	6.4698 4.44861,
	6.46753 4.44691,
	6.45842 4.44292,
	6.45615 4.44292,
	6.45159 4.44122,
	6.44932 4.43951,
	6.44704 4.43894,
	6.44476 4.43723,
	6.44021 4.43552,
	6.43168 4.42983,
	6.42257 4.423,
	6.41802 4.42016,
	6.41688 4.41902,
	6.41574 4.41902,
	6.4146 4.41788,
	6.41346 4.41788,
	6.40891 4.41447,
	6.39127 4.40423,
	6.38672 4.40309,
	6.38558 4.40252,
	6.3833 4.40138,
	6.36566 4.38374,
	6.34461 4.34732,
	6.33948 4.33821,
	6.33721 4.33366,
	6.33038 4.32455,
	6.32639 4.31545,
	6.32469 4.31089,
	6.319 4.30179,
	6.31558 4.29724,
	6.30648 4.28927,
	6.29737 4.28415,
	6.29282 4.2813,
	6.27461 4.27447,
	6.2655 4.27106,
	6.24729 4.26764,
	6.22908 4.26594,
	6.19266 4.2648,
	6.17445 4.26309,
	6.16534 4.26138,
	6.16079 4.26081,
	6.14258 4.25285,
	6.13803 4.25171,
	6.13575 4.25114,
	6.1312 4.24773,
	6.12209 4.24374,
	6.11754 4.24203,
	6.09933 4.23065,
	6.08112 4.21813,
	6.07884 4.21699,
	6.06063 4.19878,
	6.05152 4.18968,
	6.04128 4.17147,
	6.04014 4.15326,
	6.04014 4.14415,
	6.04014 4.14017,
	"/>
</Transform>

<Transform dim="0"
 xcoef=" 0 1 0 0 0 0"
 ycoef=" 0 0 1 0 0 0">
<Contour name="d03c10Bax61_ssvr" hidden="false" closed="true" simplified="false" border="0 1 0.502" fill="0 0 1" mode="11"
 points="5.2193 4.31151,
	5.2043 4.29651,
	5.2193 4.28151,
	5.2343 4.29651,
	"/>
</Transform>

<Transform dim="0"
 xcoef=" 0 1 0 0 0 0"
 ycoef=" 0 0 1 0 0 0">
<Contour name="ax62" comment="dch traced 07.2018" hidden="false" closed="true" simplified="true" border="0 1 1" fill="0.502 1 1" mode="9"
 points="5.03079 4.22673,
	5.03247 4.21324,
	5.03838 4.19974,
	5.05356 4.17275,
	5.06453 4.15926,
	5.07802 4.1466,
	5.08477 4.14407,
	5.08814 4.14239,
	5.10164 4.1407,
	5.11176 4.12805,
	5.11935 4.11455,
	5.12526 4.10106,
	5.12694 4.09768,
	5.13285 4.09093,
	5.13622 4.08756,
	5.14297 4.08334,
	5.16996 4.07406,
	5.19695 4.06816,
	5.21045 4.06563,
	5.22394 4.06057,
	5.23744 4.05382,
	5.25094 4.04539,
	5.26443 4.03948,
	5.27793 4.02852,
	5.28974 4.01502,
	5.30323 4.00321,
	5.33022 3.98212,
	5.33697 3.97706,
	5.34034 3.97538,
	5.3648 3.94839,
	5.37071 3.94164,
	5.37999 3.92814,
	5.39095 3.91465,
	5.3977 3.90874,
	5.40445 3.90452,
	5.45843 3.8885,
	5.46518 3.88681,
	5.47193 3.88344,
	5.47867 3.87838,
	5.48036 3.87753,
	5.50735 3.86657,
	5.5141 3.86404,
	5.5276 3.86235,
	5.53434 3.86235,
	5.54784 3.86741,
	5.55121 3.86826,
	5.55627 3.87163,
	5.56302 3.88512,
	5.57652 3.89693,
	5.57905 3.90031,
	5.58074 3.90706,
	5.57989 3.9138,
	5.57989 3.91718,
	5.5782 3.92055,
	5.5782 3.92392,
	5.57567 3.9273,
	5.57483 3.93067,
	5.55543 3.95766,
	5.52928 3.98381,
	5.52254 3.99056,
	5.50904 4.00068,
	5.50229 4.0049,
	5.4753 4.03105,
	5.4618 4.04201,
	5.43481 4.06732,
	5.42807 4.07238,
	5.41457 4.07659,
	5.38758 4.07912,
	5.38083 4.07912,
	5.36734 4.0825,
	5.34034 4.09431,
	5.32685 4.10359,
	5.3007 4.13058,
	5.28974 4.14407,
	5.27708 4.17106,
	5.27455 4.17781,
	5.27287 4.19131,
	5.26949 4.2048,
	5.26443 4.2183,
	5.25768 4.2242,
	5.24419 4.23264,
	5.23069 4.23686,
	5.22394 4.23854,
	5.21045 4.2377,
	5.18346 4.24192,
	5.12947 4.263,
	5.11598 4.26216,
	5.10923 4.26132,
	5.10248 4.263,
	5.08899 4.27059,
	5.08224 4.27481,
	5.07887 4.2765,
	5.07549 4.27987,
	5.07212 4.28156,
	5.06537 4.2824,
	5.05862 4.28156,
	5.05694 4.28156,
	5.04428 4.26975,
	5.03838 4.263,
	5.035 4.25626,
	5.03332 4.25457,
	5.03079 4.22758,
	"/>
</Transform>

<Transform dim="0"
 xcoef=" 0 1 0 0 0 0"
 ycoef=" 0 0 1 0 0 0">
<Contour name="d03c11ax62_ssvr" hidden="false" closed="true" simplified="false" border="0 1 0.502" fill="0 0 1" mode="11"
 points="5.35467 4.05028,
	5.33967 4.03528,
	5.35467 4.02028,
	5.36967 4.03528,
	"/>
</Transform>

<Transform dim="0"
 xcoef=" 0 1 0 0 0 0"
 ycoef=" 0 0 1 0 0 0">
<Contour name="ax47" comment="dch traced 07.2018" hidden="false" closed="true" simplified="true" border="0 1 1" fill="0.502 1 1" mode="9"
 points="3.36893 4.55851,
	3.37129 4.54593,
	3.37207 4.54278,
	3.39646 4.52154,
	3.40197 4.51603,
	3.40826 4.51603,
	3.42085 4.51918,
	3.43344 4.52783,
	3.43895 4.53255,
	3.44052 4.53255,
	3.45232 4.54121,
	3.46491 4.54829,
	3.47121 4.54907,
	3.49638 4.54671,
	3.52156 4.54593,
	3.53415 4.54357,
	3.53729 4.54278,
	3.54988 4.54357,
	3.55303 4.54435,
	3.5546 4.54435,
	3.55618 4.54593,
	3.56876 4.5475,
	3.57506 4.55065,
	3.58135 4.55222,
	3.58293 4.55379,
	3.59473 4.55851,
	3.60732 4.56481,
	3.6199 4.57268,
	3.6262 4.57818,
	3.62777 4.57818,
	3.63328 4.58369,
	3.63721 4.58762,
	3.63879 4.58762,
	3.64508 4.59234,
	3.65059 4.59864,
	3.65767 4.61044,
	3.66003 4.62303,
	3.65924 4.62932,
	3.65924 4.63247,
	3.65609 4.63876,
	3.65295 4.64191,
	3.64036 4.64742,
	3.63407 4.64978,
	3.58371 4.6545,
	3.57742 4.65529,
	3.57427 4.65686,
	3.5727 4.65686,
	3.56798 4.66237,
	3.5664 4.66551,
	3.5664 4.67181,
	3.56798 4.6781,
	3.56798 4.68125,
	3.56955 4.6844,
	3.57034 4.69069,
	3.57034 4.69384,
	3.57191 4.69698,
	3.57191 4.69856,
	3.57348 4.70013,
	3.57821 4.72531,
	3.57584 4.7379,
	3.57427 4.74419,
	3.57034 4.75048,
	3.56719 4.75284,
	3.5546 4.75363,
	3.54831 4.75363,
	3.54516 4.75284,
	3.54201 4.75048,
	3.53887 4.7497,
	3.52628 4.74183,
	3.51998 4.7379,
	3.5074 4.73318,
	3.50582 4.7316,
	3.49953 4.73003,
	3.48694 4.72373,
	3.48065 4.72137,
	3.47435 4.71744,
	3.46176 4.71272,
	3.43659 4.69934,
	3.424 4.69226,
	3.41141 4.68361,
	3.4059 4.67889,
	3.39725 4.6663,
	3.39174 4.65371,
	3.38859 4.64112,
	3.38623 4.63483,
	3.38151 4.60965,
	3.37365 4.58448,
	3.36971 4.57189,
	3.36893 4.5593,
	"/>
</Transform>

</Section>