<?xml version="1.0"?>
<!DOCTYPE Section SYSTEM "section.dtd">

<Section index="176" thickness="0.06" alignLocked="true">
<Transform dim="6"
 xcoef=" 1.59256397983011 0.809769548806944 -0.0336155000843805 0 0 0"
 ycoef=" -1.3216340417624 0.0354043888355238 0.938933240043941 0 0 0">
<Image mag="0.00217968" contrast="1" brightness="0" red="true" green="true" blue="true"
 src="FWNGV.176.jpg" />
<Contour name="domain1" hidden="false" closed="true" simplified="false" border="1 0 1" fill="1 0 1" mode="11"
 points="0 0,
	4096 0,
	4096 4096,
	0 4096,
	"/>
</Transform>

<Transform dim="0"
 xcoef=" 0 1 0 0 0 0"
 ycoef=" 0 0 1 0 0 0">
<Contour name="d01p31" hidden="false" closed="true" simplified="false" border="1 0.5 0" fill="1 0.5 0" mode="13"
 points="4.13699 5.87226,
	4.13699 5.86391,
	4.14534 5.85555,
	4.15369 5.85555,
	4.16205 5.86391,
	4.16205 5.87226,
	4.15369 5.88061,
	4.14534 5.88061,
	"/>
</Transform>

<Transform dim="0"
 xcoef=" 0 1 0 0 0 0"
 ycoef=" 0 0 1 0 0 0">
<Contour name="d01c31" hidden="false" closed="true" simplified="true" border="0 1 0" fill="0 1 0" mode="9"
 points="4.62404 5.785,
	4.64385 5.7454,
	4.65127 5.72559,
	4.65375 5.71569,
	4.6587 5.71074,
	4.66612 5.69094,
	4.69335 5.65381,
	4.71316 5.63648,
	4.73296 5.6241,
	4.77257 5.61915,
	4.81217 5.60182,
	4.85178 5.5944,
	4.87158 5.59192,
	4.89139 5.5845,
	4.90129 5.58202,
	4.90624 5.58202,
	4.91614 5.59192,
	4.92604 5.59687,
	4.93099 5.59935,
	4.93099 5.67856,
	4.92852 5.71817,
	4.92109 5.73797,
	4.91366 5.74787,
	4.91119 5.75777,
	4.90376 5.76768,
	4.89634 5.78748,
	4.88396 5.80728,
	4.87901 5.81718,
	4.85921 5.83451,
	4.8394 5.84689,
	4.8196 5.8865,
	4.80722 5.9063,
	4.76762 5.93848,
	4.72801 5.93848,
	4.70821 5.936,
	4.6983 5.93105,
	4.69088 5.92115,
	4.69088 5.88154,
	4.69088 5.87164,
	4.68593 5.86174,
	4.67603 5.85432,
	4.65622 5.84936,
	4.64632 5.84689,
	4.62899 5.82709,
	4.62404 5.81718,
	4.62404 5.79738,
	4.62404 5.78748,
	"/>
</Transform>

<Transform dim="1"
 xcoef=" 0.01 1 0 0 0 0"
 ycoef=" -0.01 0 1 0 0 0">
<Contour name="d01cfa31" hidden="false" closed="true" simplified="true" border="0 1 0" fill="0 1 0" mode="9"
 points="4.62404 5.785,
	4.64385 5.7454,
	4.65127 5.72559,
	4.65375 5.71569,
	4.6587 5.71074,
	4.66612 5.69094,
	4.69335 5.65381,
	4.71316 5.63648,
	4.73296 5.6241,
	4.77257 5.61915,
	4.81217 5.60182,
	4.85178 5.5944,
	4.87158 5.59192,
	4.89139 5.5845,
	4.90129 5.58202,
	4.90624 5.58202,
	4.91614 5.59192,
	4.92604 5.59687,
	4.93099 5.59935,
	4.93099 5.67856,
	4.92852 5.71817,
	4.92109 5.73797,
	4.91366 5.74787,
	4.91119 5.75777,
	4.90376 5.76768,
	4.89634 5.78748,
	4.88396 5.80728,
	4.87901 5.81718,
	4.85921 5.83451,
	4.8394 5.84689,
	4.8196 5.8865,
	4.80722 5.9063,
	4.76762 5.93848,
	4.72801 5.93848,
	4.70821 5.936,
	4.6983 5.93105,
	4.69088 5.92115,
	4.69088 5.88154,
	4.69088 5.87164,
	4.68593 5.86174,
	4.67603 5.85432,
	4.65622 5.84936,
	4.64632 5.84689,
	4.62899 5.82709,
	4.62404 5.81718,
	4.62404 5.79738,
	4.62404 5.78748,
	"/>
<Contour name="d01cfa31" hidden="false" closed="false" simplified="false" border="0 1 1" fill="0 1 1" mode="9"
 points="4.75299 5.62834,
	4.80745 5.60854,
	4.86191 5.59121,
	"/>
</Transform>

<Transform dim="0"
 xcoef=" 0 1 0 0 0 0"
 ycoef=" 0 0 1 0 0 0">
<Contour name="d01plinn25" hidden="false" closed="true" simplified="false" border="0 0 1" fill="0 0 1" mode="-13"
 points="3.86131 5.8988,
	3.8337 5.87119,
	3.86131 5.84358,
	3.88892 5.87119,
	"/>
</Transform>

<Transform dim="0"
 xcoef=" 0 1 0 0 0 0"
 ycoef=" 0 0 1 0 0 0">
<Contour name="d02" hidden="false" closed="true" simplified="true" border="0.5 0 1" fill="0.5 0 1" mode="9"
 points="0.576867 1.56654,
	0.587452 1.54537,
	0.608621 1.5242,
	0.65096 1.50303,
	0.735638 1.50303,
	0.777977 1.52949,
	0.820316 1.57183,
	0.862655 1.57712,
	0.883824 1.57712,
	1.05318 1.47657,
	1.13786 1.43423,
	1.22254 1.43423,
	1.26487 1.42894,
	1.30721 1.41306,
	1.32838 1.40248,
	1.41306 1.40248,
	1.4554 1.40777,
	1.47128 1.41306,
	1.46598 1.41835,
	1.52949 1.50303,
	1.57183 1.54537,
	1.593 1.55595,
	1.76236 1.55595,
	1.80469 1.55066,
	1.84703 1.53478,
	1.93171 1.53478,
	1.97405 1.55066,
	2.01639 1.55066,
	2.05873 1.56125,
	2.10107 1.60359,
	2.12224 1.62475,
	2.12753 1.64592,
	2.16458 1.68826,
	2.16458 1.7306,
	2.16458 1.75177,
	2.16458 1.76236,
	2.0799 1.82057,
	2.0058 1.88937,
	2.00051 2.05873,
	2.00051 2.06931,
	1.97934 2.09048,
	1.96876 2.13282,
	1.9423 2.17516,
	1.89996 2.19633,
	1.85762 2.20162,
	1.81528 2.19104,
	1.7994 2.16987,
	1.75706 2.16458,
	1.71472 2.16987,
	1.69356 2.18045,
	1.60888 2.17516,
	1.53478 2.09048,
	1.49245 2.04814,
	1.45011 2.02168,
	1.43423 1.97934,
	1.43423 1.95817,
	1.41306 1.91583,
	1.41835 1.74648,
	1.4554 1.70943,
	1.47128 1.68826,
	1.47657 1.66709,
	1.47128 1.64592,
	1.45011 1.62475,
	1.43952 1.61417,
	1.43952 1.52949,
	1.43952 1.50832,
	1.40248 1.49245,
	1.3178 1.49245,
	1.29663 1.49245,
	1.28604 1.49245,
	1.249 1.52949,
	1.23841 1.54008,
	1.15373 1.54537,
	1.1114 1.56125,
	1.09023 1.56125,
	1.04789 1.58771,
	1.00555 1.62475,
	0.994964 1.64592,
	0.994964 1.65651,
	0.973794 1.67768,
	0.931455 1.69885,
	0.920871 1.70943,
	0.878532 1.71472,
	0.857362 1.71472,
	0.846778 1.71472,
	0.804439 1.68297,
	0.719761 1.65122,
	0.698591 1.64063,
	0.677422 1.61946,
	0.656253 1.60888,
	0.613914 1.60888,
	0.592744 1.60888,
	0.576867 1.58771,
	0.576867 1.57183,
	"/>
</Transform>

<Transform dim="0"
 xcoef=" 0 1 0 0 0 0"
 ycoef=" 0 0 1 0 0 0">
<Contour name="d03c38" hidden="false" closed="true" simplified="true" border="1 0 0" fill="0 1 0" mode="9"
 points="-0.213474 6.38727,
	-0.19992 6.37372,
	-0.145704 6.37033,
	-0.13215 6.37372,
	-0.105043 6.39405,
	-0.0609925 6.44488,
	-0.0406617 6.49909,
	-0.0304963 6.5262,
	-0.0135539 6.55331,
	-0.0101654 6.56686,
	-0.00338847 6.57025,
	0 6.62447,
	0 6.63124,
	-0.00677695 6.63802,
	-0.0609925 6.63463,
	-0.0745464 6.62447,
	-0.0847118 6.59736,
	-0.0881003 6.5838,
	-0.0881003 6.57703,
	-0.0982657 6.56347,
	-0.108431 6.53636,
	-0.15587 6.48215,
	-0.179589 6.45843,
	-0.186366 6.44488,
	-0.210085 6.42116,
	-0.213474 6.39405,
	-0.213474 6.39066,
	"/>
<Contour name="d03cfa38" hidden="false" closed="false" simplified="false" border="0 1 1" fill="0 1 1" mode="9"
 points="-0.0153886 6.63715,
	-0.0662157 6.52533,
	-0.127208 6.4474,
	-0.215309 6.39657,
	"/>
</Transform>

<Transform dim="0"
 xcoef=" 0 1 0 0 0 0"
 ycoef=" 0 0 1 0 0 0">
<Contour name="d04" hidden="false" closed="true" simplified="true" border="1 0 0" fill="1 0 0" mode="9"
 points="4.29183 3.86224,
	4.33197 3.798,
	4.34803 3.76589,
	4.36811 3.7418,
	4.42833 3.68559,
	4.45643 3.65749,
	4.47249 3.64544,
	4.60097 3.64143,
	4.63308 3.63741,
	4.64914 3.63741,
	4.6652 3.64946,
	4.67323 3.66552,
	4.68126 3.72975,
	4.68126 3.76187,
	4.68126 3.7699,
	4.69732 3.78195,
	4.72944 3.78596,
	4.7455 3.78596,
	4.7736 3.81406,
	4.81375 3.87429,
	4.84185 3.9064,
	4.84185 4.16335,
	4.84988 4.22759,
	4.8539 4.24365,
	4.86996 4.25569,
	4.87799 4.26372,
	4.87799 4.27175,
	4.88602 4.27978,
	4.89405 4.34402,
	4.95427 4.40424,
	4.98639 4.42431,
	5.01851 4.45643,
	5.05062 4.47249,
	5.06668 4.47249,
	5.08274 4.48855,
	5.08676 4.52067,
	5.07471 4.53673,
	5.04259 4.55279,
	4.97836 4.56483,
	4.94624 4.56082,
	4.93018 4.5568,
	4.91412 4.54476,
	4.882 4.53271,
	4.86594 4.52067,
	4.84988 4.51665,
	4.84185 4.50862,
	4.77762 4.48454,
	4.7455 4.47249,
	4.68126 4.46848,
	4.6652 4.46848,
	4.60498 4.42833,
	4.58892 4.41227,
	4.56885 4.38015,
	4.56483 4.36409,
	4.54476 4.33599,
	4.53673 4.31993,
	4.53673 4.30387,
	4.52067 4.27175,
	4.51264 4.25569,
	4.4484 4.19949,
	4.41628 4.17138,
	4.38417 4.15131,
	4.32394 4.0951,
	4.29986 4.06298,
	4.29183 4.04692,
	4.29183 3.91845,
	4.29183 3.88633,
	4.29183 3.87027,
	4.29183 3.86626,
	"/>
</Transform>

<Transform dim="0"
 xcoef=" 0 1 0 0 0 0"
 ycoef=" 0 0 1 0 0 0">
<Contour name="d04" hidden="false" closed="true" simplified="true" border="1 0 0" fill="1 0 0" mode="9"
 points="3.99473 2.86256,
	4.00276 2.8465,
	4.03488 2.81839,
	4.067 2.79832,
	4.08306 2.79029,
	4.14729 2.79029,
	4.17941 2.79029,
	4.21153 2.79832,
	4.22357 2.81036,
	4.22759 2.84248,
	4.22759 2.85854,
	4.22759 2.86657,
	4.2035 2.89869,
	4.2035 2.93081,
	4.22357 2.99504,
	4.22759 3.05928,
	4.22759 3.06731,
	4.19547 3.08738,
	4.16335 3.0914,
	4.14729 3.08738,
	4.11517 3.05928,
	4.09911 3.04322,
	4.067 3.03519,
	4.03488 3.01913,
	4.00677 2.98701,
	3.99473 2.9549,
	3.99473 2.89066,
	3.99473 2.8746,
	3.99473 2.86657,
	"/>
</Transform>

<Transform dim="0"
 xcoef=" 0 1 0 0 0 0"
 ycoef=" 0 0 1 0 0 0">
<Contour name="d01" hidden="false" closed="true" simplified="true" border="1 0.502 0" fill="1 0.502 0" mode="9"
 points="4.4005 5.90561,
	4.42222 5.88699,
	4.44705 5.89009,
	4.45326 5.8963,
	4.47808 5.90561,
	4.50291 5.9025,
	4.55256 5.86216,
	4.57429 5.84664,
	4.5867 5.83423,
	4.5867 5.82802,
	4.63325 5.79078,
	4.63946 5.78458,
	4.68911 5.80009,
	4.69531 5.8063,
	4.74497 5.82492,
	4.76979 5.82802,
	4.78221 5.83113,
	4.80083 5.85595,
	4.79772 5.88078,
	4.78221 5.90561,
	4.76048 5.92733,
	4.71393 5.95836,
	4.68911 5.97078,
	4.67669 5.98319,
	4.65187 5.9956,
	4.60222 5.99871,
	4.57739 5.9956,
	4.56498 5.98629,
	4.55567 5.96147,
	4.54325 5.95216,
	4.4936 5.94285,
	4.48119 5.93664,
	4.43153 5.93354,
	4.40671 5.92733,
	4.4005 5.92423,
	4.4005 5.91181,
	4.4005 5.90871,
	"/>
<Contour name="d01" hidden="false" closed="true" simplified="true" border="1 0.502 0" fill="1 0.502 0" mode="9"
 points="4.68911 5.63252,
	4.70152 5.61079,
	4.72324 5.58907,
	4.73876 5.56735,
	4.75117 5.55493,
	4.75738 5.54252,
	4.76359 5.53631,
	4.76048 5.5239,
	4.76048 5.51769,
	4.74497 5.49597,
	4.74497 5.48356,
	4.75738 5.46183,
	4.776 5.43701,
	4.78531 5.42459,
	4.78531 5.41839,
	4.79462 5.40908,
	4.81945 5.39977,
	4.83186 5.39977,
	4.85358 5.41528,
	4.89082 5.46183,
	4.91255 5.48356,
	4.92806 5.50838,
	4.93427 5.5208,
	4.93427 5.54562,
	4.91565 5.57045,
	4.90944 5.59528,
	4.88772 5.617,
	4.86289 5.63252,
	4.81324 5.65424,
	4.78841 5.66665,
	4.776 5.67596,
	4.75117 5.68217,
	4.72635 5.68217,
	4.70152 5.66976,
	4.69221 5.65734,
	4.68911 5.63562,
	"/>
<Contour name="d01" hidden="false" closed="true" simplified="true" border="1 0.502 0" fill="1 0.502 0" mode="9"
 points="3.53157 5.73803,
	3.53778 5.68838,
	3.5626 5.66355,
	3.58743 5.64493,
	3.61226 5.64183,
	3.62467 5.64183,
	3.6495 5.65114,
	3.69915 5.65424,
	3.72398 5.65734,
	3.7488 5.66665,
	3.76122 5.67286,
	3.78604 5.66665,
	3.88535 5.67286,
	3.98466 5.66976,
	4.03431 5.66976,
	4.08396 5.66355,
	4.09638 5.66355,
	4.10879 5.66976,
	4.11499 5.66976,
	4.13982 5.68838,
	4.15844 5.7132,
	4.16154 5.72562,
	4.18327 5.74113,
	4.20809 5.76285,
	4.22051 5.78768,
	4.22051 5.81251,
	4.20499 5.86216,
	4.19568 5.88699,
	4.19258 5.91181,
	4.18947 5.92423,
	4.16775 5.94285,
	4.15534 5.94595,
	4.13051 5.94285,
	4.1243 5.94285,
	4.1181 5.93664,
	4.09327 5.93664,
	4.08707 5.94285,
	4.07465 5.94595,
	4.06534 5.95526,
	4.06224 5.96767,
	4.06224 5.97388,
	4.0281 6.02043,
	3.98155 6.05767,
	3.9319 6.0856,
	3.91328 6.10732,
	3.90707 6.13215,
	3.90087 6.14456,
	3.87914 6.16318,
	3.85432 6.16318,
	3.82949 6.15387,
	3.80466 6.13836,
	3.79846 6.13215,
	3.69915 6.12905,
	3.6495 6.11974,
	3.62467 6.12284,
	3.61226 6.12284,
	3.60295 6.11043,
	3.60295 6.0856,
	3.62467 6.07008,
	3.63708 6.06077,
	3.6495 6.05767,
	3.6557 6.04526,
	3.6526 5.9956,
	3.63708 5.97388,
	3.58743 5.93974,
	3.57191 5.91802,
	3.57191 5.91181,
	3.56571 5.90561,
	3.5626 5.88078,
	3.55019 5.85595,
	3.53778 5.8063,
	3.53157 5.78147,
	3.53157 5.75665,
	3.53157 5.74423,
	3.53157 5.74113,
	"/>
</Transform>

<Transform dim="0"
 xcoef=" 0 1 0 0 0 0"
 ycoef=" 0 0 1 0 0 0">
<Contour name="d04p43" hidden="false" closed="true" simplified="false" border="1 0 0.502" fill="1 0 0.502" mode="-9"
 points="4.53342 3.72139,
	4.52209 3.71007,
	4.53342 3.69874,
	4.54474 3.71007,
	"/>
</Transform>

<Transform dim="0"
 xcoef=" 0 1 0 0 0 0"
 ycoef=" 0 0 1 0 0 0">
<Contour name="d03_exclude" hidden="false" closed="true" simplified="true" border="1 1 0" fill="1 1 0.501961" mode="11"
 points="0.730861 6.44993,
	0.750526 6.42371,
	0.799687 6.38766,
	0.812796 6.37783,
	0.819351 6.37783,
	0.84557 6.36144,
	0.871789 6.35816,
	0.898009 6.36144,
	0.950447 6.35489,
	0.963557 6.34833,
	1.016 6.3385,
	1.04221 6.3385,
	1.06843 6.34505,
	1.09465 6.35816,
	1.12087 6.36144,
	1.17331 6.35816,
	1.22575 6.34833,
	1.27819 6.35161,
	1.33063 6.37127,
	1.34374 6.37455,
	1.36012 6.40077,
	1.35029 6.42699,
	1.33063 6.45321,
	1.32079 6.46632,
	1.31424 6.47287,
	1.31096 6.49909,
	1.31424 6.55153,
	1.30768 6.57775,
	1.30768 6.5843,
	1.28146 6.60725,
	1.26836 6.61052,
	1.2618 6.61708,
	1.05205 6.62363,
	0.999608 6.62363,
	0.94717 6.61708,
	0.894731 6.60069,
	0.868512 6.59086,
	0.861957 6.59086,
	0.855402 6.5843,
	0.842293 6.58103,
	0.816074 6.56464,
	0.789854 6.55481,
	0.763635 6.55153,
	0.75708 6.55153,
	0.737416 6.52859,
	0.740693 6.50237,
	0.730861 6.45321,
	"/>
</Transform>

<Transform dim="0"
 xcoef=" 0 1 0 0 0 0"
 ycoef=" 0 0 1 0 0 0">
<Contour name="ax07" comment="LK bouton trace named after cfa" hidden="false" closed="true" simplified="true" border="0 1 1" fill="0.502 1 1" mode="9"
 points="5.63378 5.3446,
	5.63507 5.33427,
	5.64152 5.32524,
	5.68284 5.29684,
	5.70349 5.27747,
	5.70866 5.27489,
	5.71898 5.27618,
	5.76029 5.27231,
	5.78095 5.27102,
	5.8016 5.26714,
	5.82226 5.2594,
	5.84292 5.2594,
	5.85324 5.2594,
	5.85841 5.2594,
	5.86357 5.26198,
	5.8739 5.26327,
	5.87906 5.26456,
	5.88939 5.27102,
	5.89455 5.27231,
	5.91521 5.28651,
	5.92425 5.29684,
	5.93328 5.31749,
	5.93199 5.33815,
	5.92941 5.34848,
	5.92296 5.3588,
	5.91263 5.36913,
	5.90617 5.37946,
	5.90746 5.38979,
	5.91263 5.40011,
	5.92166 5.41044,
	5.9307 5.41819,
	5.93199 5.42077,
	5.93457 5.42077,
	5.93716 5.42335,
	5.94748 5.42593,
	5.95265 5.42722,
	5.95781 5.4311,
	5.97847 5.43368,
	5.98363 5.43368,
	5.98621 5.43626,
	5.99654 5.43884,
	6.0017 5.44143,
	6.00429 5.44401,
	6.00945 5.4453,
	6.01978 5.45304,
	6.02365 5.45821,
	6.02623 5.46079,
	6.03011 5.47112,
	6.03269 5.47628,
	6.03269 5.49694,
	6.03269 5.50726,
	6.02623 5.52792,
	6.01849 5.53825,
	6.00816 5.54728,
	5.9875 5.55632,
	5.94619 5.56278,
	5.92554 5.56278,
	5.91521 5.56019,
	5.91263 5.56019,
	5.89326 5.54083,
	5.88423 5.53179,
	5.86357 5.51759,
	5.85324 5.51372,
	5.83388 5.5021,
	5.82355 5.49565,
	5.81322 5.49306,
	5.8029 5.4879,
	5.78482 5.47112,
	5.77449 5.46208,
	5.76675 5.45304,
	5.75771 5.43239,
	5.75771 5.41173,
	5.75513 5.40141,
	5.74868 5.39237,
	5.72802 5.38333,
	5.71769 5.37946,
	5.69704 5.37817,
	5.68671 5.37817,
	5.68154 5.37559,
	5.67122 5.37429,
	5.65056 5.36526,
	5.64152 5.3588,
	5.63636 5.35493,
	5.63378 5.34977,
	5.63378 5.34589,
	"/>
</Transform>

<Transform dim="0"
 xcoef=" 0 1 0 0 0 0"
 ycoef=" 0 0 1 0 0 0">
<Contour name="d03" hidden="false" closed="true" simplified="true" border="1 1 0" fill="1 1 0.501961" mode="11"
 points="0.219586 5.71579,
	0.229418 5.66335,
	0.232696 5.63713,
	0.25236 5.5847,
	0.255638 5.57159,
	0.232696 5.51915,
	0.222863 5.46671,
	0.258915 5.36183,
	0.278579 5.30939,
	0.367069 5.2078,
	0.419508 5.15863,
	0.471946 5.20452,
	0.498165 5.22746,
	0.511275 5.23729,
	0.51783 5.24385,
	0.570268 5.24712,
	0.596488 5.25368,
	0.645649 5.29628,
	0.671868 5.31267,
	0.698087 5.3225,
	0.711197 5.32578,
	0.724306 5.33561,
	0.776745 5.34872,
	0.829183 5.352,
	0.842293 5.352,
	0.868512 5.36839,
	0.884899 5.39461,
	0.891454 5.42083,
	0.904564 5.44705,
	0.907841 5.47326,
	0.884899 5.49621,
	0.832461 5.51915,
	0.806241 5.53554,
	0.793132 5.54865,
	0.77019 5.60108,
	0.763635 5.60764,
	0.760358 5.62075,
	0.737416 5.64697,
	0.711197 5.6568,
	0.698087 5.66008,
	0.691532 5.67319,
	0.691532 5.77806,
	0.69481 5.80428,
	0.69481 5.81739,
	0.704642 5.84361,
	0.701364 5.86983,
	0.678423 5.89605,
	0.652203 5.91571,
	0.639094 5.92227,
	0.612875 5.94521,
	0.586655 5.95504,
	0.560436 5.97143,
	0.547326 5.98454,
	0.540772 6.01076,
	0.521107 6.03698,
	0.501443 6.08942,
	0.491611 6.10253,
	0.465391 6.10908,
	0.439172 6.09925,
	0.412953 6.08286,
	0.386734 6.05992,
	0.360514 6.04353,
	0.337573 6.01731,
	0.32774 5.99109,
	0.308076 5.96488,
	0.294966 5.95504,
	0.288412 5.94849,
	0.291689 5.92227,
	0.275302 5.86983,
	0.26547 5.84361,
	0.262192 5.8305,
	0.229418 5.77806,
	0.219586 5.75184,
	0.219586 5.72562,
	0.219586 5.71907,
	"/>
</Transform>

<Transform dim="0"
 xcoef=" 0 1 0 0 0 0"
 ycoef=" 0 0 1 0 0 0">
<Contour name="d03" hidden="false" closed="true" simplified="true" border="1 1 0" fill="1 1 0.501961" mode="11"
 points="-0.203199 6.35816,
	-0.193367 6.33194,
	-0.180257 6.31884,
	-0.127819 6.29262,
	-0.1016 6.26967,
	-0.0950447 6.26312,
	-0.0688255 6.25329,
	-0.016387 6.24673,
	-0.0032774 6.24345,
	0.0032774 6.2369,
	0.0294966 6.23035,
	0.0360514 6.22707,
	0.0622707 6.25001,
	0.0721029 6.26312,
	0.0721029 6.26967,
	0.0786577 6.27623,
	0.0786577 6.28278,
	0.0852125 6.28934,
	0.1016 6.34178,
	0.124541 6.35816,
	0.150761 6.36472,
	0.16387 6.37127,
	0.173702 6.38438,
	0.17698 6.4106,
	0.170425 6.46304,
	0.160593 6.47615,
	0.154038 6.50237,
	0.147483 6.50892,
	0.140928 6.53514,
	0.134374 6.54825,
	0.131096 6.57447,
	0.131096 6.58758,
	0.121264 6.6138,
	0.117987 6.62691,
	0.0983221 6.65313,
	0.0884899 6.66624,
	0.0622707 6.66952,
	0.0491611 6.66624,
	-0.0032774 6.63347,
	-0.0262192 6.61052,
	-0.0262192 6.60397,
	-0.0622707 6.55481,
	-0.104877 6.5122,
	-0.117987 6.50565,
	-0.157315 6.45321,
	-0.173702 6.42699,
	-0.180257 6.41716,
	-0.193367 6.40732,
	-0.203199 6.38111,
	-0.203199 6.368,
	-0.203199 6.36144,
	"/>
</Transform>

<Transform dim="0"
 xcoef=" 0 1 0 0 0 0"
 ycoef=" 0 0 1 0 0 0">
<Contour name="ax37" comment="dch traced 07.2018" hidden="false" closed="true" simplified="true" border="0 1 1" fill="0.502 1 1" mode="9"
 points="1.81317 3.64737,
	1.81891 3.63208,
	1.83228 3.57094,
	1.8361 3.56712,
	1.8361 3.5633,
	1.89533 3.53273,
	1.90871 3.52127,
	1.93354 3.4907,
	1.93736 3.48496,
	1.95265 3.47159,
	1.98322 3.4563,
	1.9985 3.45057,
	2.00615 3.44675,
	2.02143 3.44675,
	2.03672 3.44293,
	2.04436 3.44293,
	2.05964 3.4372,
	2.09021 3.41809,
	2.12078 3.39325,
	2.15135 3.38179,
	2.16664 3.37797,
	2.22778 3.37988,
	2.25835 3.38561,
	2.27363 3.39134,
	2.33477 3.39325,
	2.36534 3.39899,
	2.38063 3.40472,
	2.39591 3.41427,
	2.40356 3.41809,
	2.45896 3.4735,
	2.48762 3.49452,
	2.51819 3.50789,
	2.53348 3.51362,
	2.54876 3.52509,
	2.55832 3.54037,
	2.56596 3.57094,
	2.56596 3.60151,
	2.56596 3.6168,
	2.56596 3.62444,
	2.57169 3.63972,
	2.58506 3.6531,
	2.60035 3.66265,
	2.61563 3.66838,
	2.63092 3.67985,
	2.63856 3.68749,
	2.64238 3.69131,
	2.64811 3.7066,
	2.65002 3.72188,
	2.64429 3.75245,
	2.63474 3.76774,
	2.62137 3.78111,
	2.60608 3.79066,
	2.59462 3.8518,
	2.58315 3.86709,
	2.56787 3.87855,
	2.5373 3.89575,
	2.50673 3.90721,
	2.49909 3.91103,
	2.49144 3.91103,
	2.46087 3.92058,
	2.39973 3.91867,
	2.36916 3.92058,
	2.36152 3.92058,
	2.34624 3.92632,
	2.31567 3.94351,
	2.30802 3.94924,
	2.29274 3.95498,
	2.26217 3.9588,
	2.2316 3.97408,
	2.21631 3.98172,
	2.20103 3.98555,
	2.13989 3.97408,
	2.12461 3.97217,
	2.06538 3.94733,
	2.03481 3.93396,
	2.00424 3.92823,
	1.97367 3.92632,
	1.96602 3.92441,
	1.9622 3.92441,
	1.94692 3.91294,
	1.93545 3.89766,
	1.9259 3.86709,
	1.92399 3.85944,
	1.92017 3.85562,
	1.92017 3.8518,
	1.91062 3.83652,
	1.90679 3.8327,
	1.90679 3.82887,
	1.86285 3.76965,
	1.85521 3.76391,
	1.85139 3.75818,
	1.82655 3.72761,
	1.817 3.69704,
	1.81317 3.66647,
	1.81317 3.65119,
	1.81317 3.64928,
	"/>
</Transform>

<Transform dim="0"
 xcoef=" 0 1 0 0 0 0"
 ycoef=" 0 0 1 0 0 0">
<Contour name="ax54" comment="dch traced 07.2018" hidden="false" closed="true" simplified="true" border="0 1 1" fill="0.502 1 1" mode="9"
 points="0.527595 2.98567,
	0.53213 2.96148,
	0.551783 2.9373,
	0.556318 2.93276,
	0.604693 2.93125,
	0.628881 2.92974,
	0.640975 2.92974,
	0.665162 2.91916,
	0.675745 2.91009,
	0.686327 2.89799,
	0.68935 2.8859,
	0.690862 2.86171,
	0.68935 2.83752,
	0.696909 2.81333,
	0.707491 2.80275,
	0.713538 2.79973,
	0.737726 2.80124,
	0.743773 2.80426,
	0.74982 2.80426,
	0.761913 2.81031,
	0.774007 2.81333,
	0.780054 2.81485,
	0.786101 2.81938,
	0.834477 2.83299,
	0.858664 2.8345,
	0.870758 2.83601,
	0.876805 2.83601,
	0.882852 2.83903,
	0.888899 2.83903,
	0.900993 2.84508,
	0.913087 2.85415,
	0.928204 2.87683,
	0.934251 2.88892,
	0.937274 2.91311,
	0.937274 2.9252,
	0.94181 2.9373,
	0.95088 2.94939,
	0.95995 2.97358,
	0.961462 3.02195,
	0.965997 3.03405,
	0.984138 3.05824,
	0.996232 3.06579,
	1.00833 3.07033,
	1.01286 3.07486,
	1.01588 3.07638,
	1.01135 3.10056,
	0.997744 3.12475,
	1.00077 3.17313,
	0.999255 3.19732,
	0.99472 3.2215,
	0.991697 3.2336,
	0.988673 3.23662,
	0.98565 3.24871,
	0.982626 3.25476,
	0.982626 3.25778,
	0.978091 3.26383,
	0.978091 3.28802,
	0.976579 3.30011,
	0.969021 3.31221,
	0.962974 3.31825,
	0.95088 3.32581,
	0.947857 3.32581,
	0.944833 3.32884,
	0.932739 3.33337,
	0.926692 3.33488,
	0.923669 3.33791,
	0.875293 3.35302,
	0.826918 3.36209,
	0.80273 3.35907,
	0.796683 3.35907,
	0.79366 3.35907,
	0.792148 3.35605,
	0.76796 3.35151,
	0.755866 3.34546,
	0.731679 3.34244,
	0.707491 3.34395,
	0.695397 3.34395,
	0.683303 3.34093,
	0.660627 3.32581,
	0.65458 3.31977,
	0.643998 3.31221,
	0.631904 3.30162,
	0.613764 3.28046,
	0.600158 3.25627,
	0.598646 3.25023,
	0.594111 3.24418,
	0.592599 3.23813,
	0.589576 3.23511,
	0.5669 3.18673,
	0.547247 3.13836,
	0.536665 3.08998,
	0.530618 3.04161,
	0.527595 3.01742,
	0.527595 2.99323,
	0.527595 2.98718,
	"/>
</Transform>

<Transform dim="0"
 xcoef=" 0 1 0 0 0 0"
 ycoef=" 0 0 1 0 0 0">
<Contour name="ax26" comment="dch traced 07.2018" hidden="false" closed="true" simplified="true" border="0 1 1" fill="0.502 1 1" mode="9"
 points="1.56121 4.41517,
	1.56608 4.3996,
	1.56802 4.39571,
	1.56997 4.39377,
	1.57678 4.3782,
	1.57969 4.37042,
	1.58164 4.36653,
	1.5972 4.35486,
	1.60499 4.35097,
	1.63611 4.34416,
	1.65168 4.34124,
	1.65946 4.33832,
	1.6614 4.33832,
	1.66918 4.33249,
	1.67113 4.33249,
	1.68378 4.31984,
	1.69934 4.30914,
	1.70226 4.3072,
	1.71782 4.3072,
	1.73338 4.30331,
	1.74117 4.30136,
	1.75673 4.30136,
	1.77229 4.30428,
	1.78007 4.30525,
	1.78397 4.30525,
	1.81509 4.3179,
	1.82287 4.32081,
	1.82482 4.32276,
	1.82676 4.32276,
	1.84233 4.33249,
	1.84914 4.33638,
	1.8647 4.34708,
	1.86859 4.35,
	1.87054 4.35,
	1.88221 4.36459,
	1.88707 4.38015,
	1.88805 4.39571,
	1.88902 4.4035,
	1.88805 4.41128,
	1.88805 4.41517,
	1.88221 4.43073,
	1.87735 4.43851,
	1.8754 4.44046,
	1.8754 4.4424,
	1.8647 4.45699,
	1.85692 4.46283,
	1.84233 4.47159,
	1.83844 4.48715,
	1.83552 4.49493,
	1.82093 4.50952,
	1.81315 4.51439,
	1.80828 4.51828,
	1.8005 4.52119,
	1.78591 4.52995,
	1.77035 4.53384,
	1.76257 4.53676,
	1.75867 4.53773,
	1.75478 4.53676,
	1.75089 4.5387,
	1.73533 4.54162,
	1.72755 4.54259,
	1.72366 4.54162,
	1.71587 4.54357,
	1.68475 4.54259,
	1.66918 4.53968,
	1.6614 4.53287,
	1.65751 4.52995,
	1.66432 4.49979,
	1.66432 4.4959,
	1.65751 4.48812,
	1.64973 4.48229,
	1.63417 4.47645,
	1.60304 4.47159,
	1.59526 4.46964,
	1.57969 4.46283,
	1.5758 4.46186,
	1.57191 4.45894,
	1.56997 4.45505,
	1.56802 4.4531,
	1.56219 4.43754,
	1.56121 4.42198,
	1.56121 4.41809,
	1.56121 4.41614,
	"/>
</Transform>

<Transform dim="0"
 xcoef=" 0 1 0 0 0 0"
 ycoef=" 0 0 1 0 0 0">
<Contour name="ax52" comment="dch traced 08.2018" hidden="false" closed="true" simplified="true" border="0 1 1" fill="0.502 1 1" mode="9"
 points="0.932475 4.7042,
	0.942316 4.66483,
	0.947237 4.64515,
	0.948467 4.63531,
	0.948467 4.63039,
	0.960769 4.61071,
	0.980452 4.59963,
	0.990293 4.5984,
	1.00998 4.60209,
	1.01982 4.60455,
	1.02966 4.60209,
	1.06902 4.61194,
	1.08871 4.61809,
	1.10839 4.62178,
	1.11331 4.62178,
	1.15268 4.60209,
	1.17236 4.59348,
	1.19204 4.58979,
	1.21172 4.58979,
	1.22157 4.59102,
	1.22649 4.59348,
	1.23633 4.59471,
	1.25601 4.60209,
	1.27569 4.60086,
	1.29538 4.59471,
	1.30522 4.59348,
	1.3249 4.59717,
	1.33474 4.60209,
	1.35073 4.62178,
	1.36181 4.66114,
	1.3655 4.70051,
	1.3655 4.71035,
	1.37657 4.74972,
	1.38272 4.7694,
	1.38641 4.77924,
	1.38764 4.79892,
	1.38518 4.80876,
	1.37411 4.82845,
	1.36796 4.84813,
	1.36427 4.85797,
	1.36058 4.87765,
	1.34581 4.91702,
	1.33966 4.92686,
	1.32121 4.94531,
	1.31137 4.95393,
	1.29169 4.96746,
	1.28185 4.97361,
	1.26216 4.97976,
	1.2228 4.98099,
	1.18343 4.9773,
	1.14407 4.97115,
	1.12438 4.96623,
	1.11454 4.96131,
	1.10962 4.96008,
	1.08994 4.94654,
	1.07025 4.93547,
	1.05057 4.92194,
	1.03089 4.90595,
	1.00136 4.86658,
	0.992753 4.85674,
	0.980452 4.83706,
	0.963229 4.79769,
	0.957078 4.78785,
	0.942316 4.74849,
	0.934935 4.7288,
	0.932475 4.70912,
	0.932475 4.70543,
	"/>
</Transform>

<Transform dim="0"
 xcoef=" 0 1 0 0 0 0"
 ycoef=" 0 0 1 0 0 0">
<Contour name="ax78" comment="dch traced 08.2018" hidden="false" closed="true" simplified="true" border="0 1 1" fill="0.502 1 1" mode="9"
 points="2.91027 3.34605,
	2.91315 3.33837,
	2.91603 3.33453,
	2.94675 3.32013,
	2.94867 3.31917,
	2.96402 3.32205,
	2.9717 3.32301,
	2.97362 3.32301,
	2.9765 3.32589,
	2.98034 3.32589,
	2.9957 3.33069,
	2.99954 3.33069,
	3.00338 3.33261,
	3.01874 3.33357,
	3.02258 3.33069,
	3.03121 3.31533,
	3.03121 3.31341,
	3.03313 3.31149,
	3.03601 3.30381,
	3.04177 3.29613,
	3.05521 3.28462,
	3.05713 3.28462,
	3.06097 3.28174,
	3.06481 3.28078,
	3.06865 3.2779,
	3.07633 3.27502,
	3.07825 3.27502,
	3.08593 3.27022,
	3.08976 3.26926,
	3.09168 3.26734,
	3.09552 3.26734,
	3.09744 3.26542,
	3.10512 3.26446,
	3.1128 3.26158,
	3.12048 3.26062,
	3.1512 3.26254,
	3.16655 3.26734,
	3.17423 3.27214,
	3.17999 3.27886,
	3.18383 3.29421,
	3.18383 3.30957,
	3.18671 3.31725,
	3.19919 3.33069,
	3.20975 3.34509,
	3.21359 3.35276,
	3.21647 3.36812,
	3.21551 3.38348,
	3.21359 3.39116,
	3.20687 3.40652,
	3.19823 3.42187,
	3.19151 3.43723,
	3.18287 3.45259,
	3.17903 3.46027,
	3.17903 3.46219,
	3.17615 3.46603,
	3.17615 3.46795,
	3.17423 3.46987,
	3.17423 3.47179,
	3.17231 3.47371,
	3.17135 3.47755,
	3.16847 3.48138,
	3.16655 3.48906,
	3.16751 3.50442,
	3.16655 3.5121,
	3.16655 3.51594,
	3.16079 3.5313,
	3.15408 3.53898,
	3.1464 3.54378,
	3.14256 3.54569,
	3.1272 3.54474,
	3.11184 3.53898,
	3.09648 3.5313,
	3.09456 3.52938,
	3.08689 3.5265,
	3.05617 3.50634,
	3.04081 3.49866,
	3.02545 3.49482,
	2.99474 3.49098,
	2.97938 3.48714,
	2.9717 3.48522,
	2.95635 3.47659,
	2.94963 3.47083,
	2.93715 3.45643,
	2.93523 3.45259,
	2.93523 3.44491,
	2.93715 3.43723,
	2.93907 3.43531,
	2.94195 3.42763,
	2.94387 3.42379,
	2.94483 3.41611,
	2.94291 3.40076,
	2.94099 3.39308,
	2.93907 3.39116,
	2.93907 3.38924,
	2.93619 3.38732,
	2.93427 3.38348,
	2.91987 3.371,
	2.91315 3.36332,
	2.91315 3.3614,
	2.91123 3.35948,
	2.91027 3.3518,
	2.91027 3.34797,
	2.91027 3.34701,
	"/>
</Transform>

</Section>