<?xml version="1.0"?>
<!DOCTYPE Section SYSTEM "section.dtd">

<Section index="146" thickness="0.06" alignLocked="true">
<Transform dim="0"
 xcoef=" 0 1 0 0 0 0"
 ycoef=" 0 0 1 0 0 0">
<Contour name="d01cfa25ax06" hidden="false" closed="false" simplified="false" border="0 1 1" fill="0 1 1" mode="9"
 points="2.47925 5.31243,
	2.47925 5.25832,
	2.47925 5.21376,
	2.49835 5.16919,
	2.53336 5.12463,
	2.58111 5.06733,
	2.61612 5.01958,
	2.63841 4.96865,
	2.62886 4.91136,
	2.62886 4.86043,
	"/>
<Contour name="d02" hidden="false" closed="true" simplified="true" border="0.5 0 1" fill="0.5 0 1" mode="9"
 points="1.91688 3.04623,
	1.93418 3.01162,
	1.96015 2.977,
	1.97313 2.96834,
	2.00774 2.89911,
	2.0164 2.8818,
	2.05101 2.85151,
	2.12025 2.82555,
	2.1289 2.82123,
	2.12457 2.78661,
	2.12457 2.7693,
	2.11592 2.75199,
	2.11592 2.71738,
	2.12457 2.68276,
	2.12457 2.61353,
	2.15486 2.58324,
	2.16352 2.57458,
	2.23275 2.57891,
	2.25006 2.57891,
	2.26737 2.59189,
	2.3366 2.59622,
	2.34958 2.6092,
	2.36689 2.67843,
	2.36689 2.8169,
	2.36689 2.85151,
	2.38852 2.8818,
	2.39718 2.8818,
	2.44477 2.95104,
	2.45775 2.96834,
	2.46208 3.03758,
	2.46208 3.07219,
	2.46641 3.0895,
	2.52699 3.15441,
	2.55728 3.18037,
	2.57458 3.19768,
	2.57891 3.23229,
	2.56593 3.26691,
	2.5443 3.30153,
	2.53131 3.31883,
	2.52699 3.35345,
	2.53131 3.37076,
	2.56593 3.40105,
	2.57026 3.43566,
	2.57026 3.45297,
	2.5616 3.47028,
	2.5616 3.47893,
	2.53997 3.50922,
	2.53997 3.57846,
	2.53131 3.59576,
	2.53131 3.60442,
	2.52266 3.61307,
	2.52266 3.63038,
	2.50103 3.66067,
	2.48804 3.67798,
	2.47506 3.71259,
	2.47506 3.74721,
	2.48804 3.78183,
	2.55295 3.85106,
	2.55728 3.92029,
	2.55728 3.95491,
	2.52699 4.02414,
	2.51833 4.05876,
	2.48372 4.08039,
	2.41448 4.08472,
	2.37987 4.08472,
	2.37121 4.08472,
	2.34093 4.05443,
	2.33227 4.01981,
	2.3366 3.9852,
	2.35391 3.96789,
	2.38852 3.95491,
	2.40583 3.94625,
	2.41881 3.91597,
	2.41881 3.88135,
	2.41448 3.86404,
	2.38852 3.82942,
	2.37554 3.81212,
	2.37121 3.74288,
	2.37121 3.72558,
	2.32362 3.65634,
	2.31064 3.63904,
	2.2414 3.63471,
	2.20679 3.64336,
	2.17217 3.64336,
	2.15486 3.63904,
	2.12025 3.61307,
	2.05101 3.60875,
	2.0164 3.57846,
	1.99909 3.56115,
	1.96447 3.54817,
	1.95149 3.53086,
	1.94717 3.39239,
	1.94717 3.35778,
	1.92553 3.28855,
	1.9212 3.15008,
	1.91688 3.08085,
	1.91688 3.05056,
	"/>
<Contour name="d02" hidden="false" closed="true" simplified="true" border="0.5 0 1" fill="0.5 0 1" mode="9"
 points="2.55728 1.59668,
	2.62218 1.5361,
	2.6568 1.51446,
	2.71738 1.44523,
	2.74334 1.41061,
	2.75632 1.376,
	2.78661 1.34571,
	2.82123 1.34138,
	2.85584 1.3284,
	2.89046 1.35003,
	2.90344 1.36302,
	2.90344 1.43225,
	2.89046 1.46686,
	2.88613 1.48417,
	2.77363 1.61398,
	2.73901 1.64427,
	2.7044 1.66591,
	2.68709 1.67456,
	2.61786 1.67456,
	2.60055 1.67023,
	2.57026 1.64427,
	2.55728 1.62696,
	2.55728 1.60966,
	2.55728 1.601,
	"/>
<Contour name="d02" hidden="false" closed="true" simplified="true" border="0.5 0 1" fill="0.5 0 1" mode="9"
 points="0.815023 2.90551,
	0.8309 2.86317,
	0.857362 2.82083,
	0.931455 2.75203,
	0.973794 2.78378,
	0.994964 2.80495,
	1.02143 2.88963,
	1.02672 2.93197,
	1.02672 2.95314,
	1.01613 2.97431,
	0.973794 3.00077,
	0.952625 3.01135,
	0.867947 3.00606,
	0.846778 2.99548,
	0.8309 2.97431,
	0.820316 2.96372,
	0.815023 2.92138,
	0.815023 2.9108,
	"/>
<Contour name="d03cfa29" hidden="false" closed="false" simplified="false" border="0 1 1" fill="0 1 1" mode="9"
 points="1.27098 6.277,
	1.15759 6.28267,
	1.06404 6.29401,
	0.916626 6.3337,
	0.862764 6.37055,
	"/>
<Contour name="d04" hidden="false" closed="true" simplified="true" border="1 0 0" fill="1 0 0" mode="9"
 points="3.38946 4.48173,
	3.40905 4.44254,
	3.41395 4.36417,
	3.41885 4.32499,
	3.49722 4.27601,
	3.50701 4.27601,
	3.51681 4.26621,
	3.59518 4.25152,
	3.61477 4.25152,
	3.65395 4.23682,
	3.81069 4.13886,
	3.88906 4.08988,
	3.90865 4.08008,
	4.06539 4.08008,
	4.14376 4.08008,
	4.18294 4.07029,
	4.33968 3.99192,
	4.41805 3.95763,
	4.42785 3.95763,
	4.44744 3.97723,
	4.48662 3.98212,
	4.49642 3.98702,
	4.49642 4.02621,
	4.50132 4.0458,
	4.51111 4.05559,
	4.58948 4.06049,
	4.60908 4.07519,
	4.68744 4.08008,
	4.72663 4.07519,
	4.805 4.0409,
	4.84418 4.036,
	4.85398 4.036,
	4.87357 4.0507,
	4.89316 4.05559,
	4.92745 4.08988,
	4.94214 4.10947,
	4.94214 4.12907,
	4.91765 4.16825,
	4.89806 4.17315,
	4.91276 4.25152,
	4.91765 4.2907,
	4.95684 4.31519,
	4.97643 4.32499,
	5.13317 4.32989,
	5.21154 4.32989,
	5.25072 4.32989,
	5.28991 4.33968,
	5.3095 4.34458,
	5.32419 4.35927,
	5.35848 4.37397,
	5.37807 4.37887,
	5.38787 4.37887,
	5.46134 4.43764,
	5.49073 4.47683,
	5.52991 4.51601,
	5.5495 4.53071,
	5.70624 4.5356,
	5.74543 4.5454,
	5.76502 4.5454,
	5.84339 4.57479,
	5.85318 4.57479,
	5.88747 4.60908,
	5.90216 4.62867,
	5.91686 4.70704,
	5.91686 4.74622,
	5.92176 4.76581,
	6.00012 4.83928,
	6.054 4.91765,
	6.09319 4.95684,
	6.10298 4.96663,
	6.10788 5.045,
	6.10298 5.08419,
	6.0638 5.09888,
	5.98543 5.09888,
	5.94625 5.09888,
	5.92665 5.09888,
	5.88747 5.07439,
	5.84828 5.06949,
	5.82869 5.0499,
	5.82869 4.97153,
	5.8189 4.93235,
	5.8042 4.91276,
	5.78461 4.83439,
	5.74543 4.81479,
	5.72583 4.805,
	5.68665 4.77071,
	5.67685 4.77071,
	5.63767 4.74132,
	5.61808 4.73642,
	5.59848 4.72173,
	5.5593 4.70704,
	5.48093 4.70214,
	5.44175 4.70214,
	5.42215 4.69724,
	5.38297 4.66295,
	5.34378 4.64826,
	5.32909 4.63357,
	5.32419 4.61397,
	5.25562 4.5405,
	5.24582 4.53071,
	5.23603 4.53071,
	5.21643 4.51111,
	5.13807 4.48173,
	5.09888 4.45724,
	5.0597 4.45234,
	4.98133 4.42295,
	4.94214 4.40825,
	4.86377 4.36417,
	4.78541 4.34458,
	4.76581 4.33478,
	4.60908 4.33478,
	4.59928 4.33478,
	4.56009 4.37397,
	4.52091 4.37887,
	4.48173 4.39356,
	4.32499 4.39846,
	4.3054 4.38376,
	4.26621 4.37887,
	4.18784 4.34458,
	4.16825 4.33968,
	4.14866 4.32009,
	4.12907 4.31519,
	4.08988 4.27601,
	3.93314 4.28091,
	3.89396 4.3054,
	3.88416 4.31519,
	3.87437 4.31519,
	3.8009 4.37887,
	3.7813 4.38866,
	3.76171 4.38866,
	3.74212 4.39846,
	3.72742 4.41805,
	3.71763 4.45724,
	3.69804 4.47683,
	3.65885 4.49152,
	3.63926 4.50132,
	3.61477 4.5405,
	3.60497 4.56009,
	3.60497 4.59928,
	3.59518 4.63846,
	3.57069 4.67765,
	3.5364 4.71683,
	3.51681 4.73642,
	3.49722 4.74132,
	3.47762 4.73642,
	3.43844 4.70704,
	3.40415 4.66785,
	3.38946 4.62867,
	3.38946 4.5503,
	3.38946 4.51111,
	3.38946 4.49152,
	3.38946 4.48662,
	"/>
<Contour name="d04" hidden="false" closed="true" simplified="true" border="1 0 0" fill="1 0 0" mode="9"
 points="2.9301 4.08172,
	2.98645 4.0782,
	3.0428 4.0958,
	3.09915 4.09933,
	3.12732 4.10989,
	3.14141 4.11694,
	3.15197 4.14511,
	3.1555 4.1592,
	3.16958 4.16272,
	3.18015 4.19089,
	3.18015 4.21907,
	3.17663 4.23315,
	3.14845 4.22963,
	3.13436 4.22259,
	3.07802 4.22259,
	3.06393 4.22259,
	3.0111 4.18385,
	3.00406 4.1768,
	2.94771 4.1592,
	2.93362 4.14511,
	2.9301 4.08876,
	2.9301 4.08524,
	"/>
<Contour name="d04p35" hidden="false" closed="true" simplified="false" border="1 1 0" fill="1 1 0" mode="-13"
 points="4.42604 4.07071,
	4.42604 4.01436,
	4.36969 4.01436,
	4.36969 4.06366,
	4.36264 4.07071,
	4.36264 4.00731,
	4.43308 4.00731,
	4.43308 4.07775,
	4.36264 4.07775,
	4.36969 4.07071,
	"/>
<Contour name="d04c33" hidden="false" closed="true" simplified="true" border="0 1 0" fill="0 1 0" mode="9"
 points="5.87997 4.69031,
	5.88851 4.67893,
	5.89989 4.67324,
	5.92266 4.67608,
	5.9312 4.68747,
	5.9312 4.69885,
	5.9312 4.70454,
	5.94258 4.69885,
	5.94827 4.69601,
	5.95397 4.69885,
	5.9625 4.72162,
	5.9682 4.733,
	5.97389 4.7387,
	5.98812 4.78423,
	6.01658 4.82977,
	6.01943 4.84115,
	6.0365 4.86392,
	6.03935 4.87531,
	6.05927 4.89808,
	6.07065 4.90092,
	6.07919 4.91231,
	6.07919 4.92369,
	6.08773 4.93508,
	6.09058 4.95784,
	6.08773 4.96354,
	6.06496 4.96354,
	6.04219 4.95215,
	6.03081 4.94361,
	6.02227 4.92938,
	6.01089 4.92654,
	5.96535 4.88954,
	5.94827 4.86677,
	5.93689 4.82123,
	5.89135 4.77854,
	5.88281 4.76716,
	5.87997 4.72162,
	5.87997 4.69885,
	5.87997 4.69316,
	"/>
<Contour name="d04cfa33" hidden="false" closed="false" simplified="false" border="0 1 1" fill="0 1 1" mode="9"
 points="6.08999 4.95897,
	5.98468 4.85082,
	5.9363 4.79959,
	5.90784 4.76259,
	5.90215 4.72275,
	5.90215 4.67152,
	"/>
<Contour name="d04plinn32" hidden="false" closed="true" simplified="false" border="0 0 1" fill="0 0 1" mode="-13"
 points="4.53065 4.23332,
	4.50526 4.20793,
	4.53065 4.18254,
	4.55604 4.20793,
	"/>
<Contour name="d01c25ax06_ssvda" hidden="false" closed="true" simplified="false" border="1 0 0" fill="0 0 1" mode="11"
 points="2.53621 5.039,
	2.52386 5.02665,
	2.53621 5.0143,
	2.54856 5.02665,
	"/>
<Contour name="d01c25ax06_ssvda" hidden="false" closed="true" simplified="false" border="1 0 0" fill="0 0 1" mode="11"
 points="2.56796 4.98256,
	2.55561 4.97021,
	2.56796 4.95786,
	2.5803 4.97021,
	"/>
<Contour name="d01c25ax06_ssvda" hidden="false" closed="true" simplified="false" border="1 0 0" fill="0 0 1" mode="11"
 points="2.50799 5.07604,
	2.49564 5.06369,
	2.50799 5.05135,
	2.52033 5.06369,
	"/>
<Contour name="d01c25ax06_ssvda" hidden="false" closed="true" simplified="false" border="1 0 0" fill="0 0 1" mode="11"
 points="2.478 5.13425,
	2.46565 5.1219,
	2.478 5.10955,
	2.49035 5.1219,
	"/>
<Contour name="d01c25ax06_ssvda" hidden="false" closed="true" simplified="false" border="1 0 0" fill="0 0 1" mode="11"
 points="2.53621 4.9949,
	2.52386 4.98256,
	2.53621 4.97021,
	2.54856 4.98256,
	"/>
<Contour name="d01c25ax06_ssvr" hidden="false" closed="true" simplified="false" border="0 1 0.501961" fill="0 0 1" mode="11"
 points="2.38804 4.77971,
	2.3757 4.76736,
	2.38804 4.75502,
	2.40039 4.76736,
	"/>
<Contour name="d01c25ax06_ssvr" hidden="false" closed="true" simplified="false" border="0 1 0.501961" fill="0 0 1" mode="11"
 points="2.42156 4.73385,
	2.40921 4.7215,
	2.42156 4.70916,
	2.4339 4.7215,
	"/>
<Contour name="d01c25ax06_ssvr" hidden="false" closed="true" simplified="false" border="0 1 0.501961" fill="0 0 1" mode="11"
 points="2.48858 4.75325,
	2.47624 4.74091,
	2.48858 4.72856,
	2.50093 4.74091,
	"/>
<Contour name="d01c25ax06_ssvr" hidden="false" closed="true" simplified="false" border="0 1 0.501961" fill="0 0 1" mode="11"
 points="2.50622 4.69857,
	2.49388 4.68623,
	2.50622 4.67388,
	2.51857 4.68623,
	"/>
<Contour name="d01c25ax06_ssvr" hidden="false" closed="true" simplified="false" border="0 1 0.501961" fill="0 0 1" mode="11"
 points="2.53797 4.85203,
	2.52563 4.83968,
	2.53797 4.82734,
	2.55032 4.83968,
	"/>
<Contour name="d01c25ax06_ssvr" hidden="false" closed="true" simplified="false" border="0 1 0.501961" fill="0 0 1" mode="11"
 points="2.49564 4.85556,
	2.48329 4.84321,
	2.49564 4.83086,
	2.50799 4.84321,
	"/>
<Contour name="d01c25ax06_ssvr" hidden="false" closed="true" simplified="false" border="0 1 0.501961" fill="0 0 1" mode="11"
 points="2.46036 4.82204,
	2.44802 4.8097,
	2.46036 4.79735,
	2.47271 4.8097,
	"/>
<Contour name="d01c25ax06_ssvr" hidden="false" closed="true" simplified="false" border="0 1 0.501961" fill="0 0 1" mode="11"
 points="2.38981 5.04253,
	2.37746 5.03018,
	2.38981 5.01783,
	2.40215 5.03018,
	"/>
<Contour name="d01c25ax06_ssvr" hidden="false" closed="true" simplified="false" border="0 1 0.501961" fill="0 0 1" mode="11"
 points="2.39157 5.1219,
	2.37922 5.10955,
	2.39157 5.09721,
	2.40392 5.10955,
	"/>
<Contour name="d03c34ax23_ssvr" hidden="false" closed="true" simplified="false" border="0 1 0.502" fill="0 0 1" mode="11"
 points="2.97437 5.57092,
	2.9608 5.55736,
	2.97437 5.54379,
	2.98794 5.55736,
	"/>
<Contour name="d04c40ax31_ssvr" hidden="false" closed="true" simplified="false" border="0 1 0.502" fill="0 0 1" mode="11"
 points="6.54481 4.22289,
	6.532 4.21008,
	6.54481 4.19727,
	6.55762 4.21008,
	"/>
<Contour name="d04c40ax31_ssvr" hidden="false" closed="true" simplified="false" border="0 1 0.502" fill="0 0 1" mode="11"
 points="6.52468 4.27963,
	6.51187 4.26681,
	6.52468 4.254,
	6.53749 4.26681,
	"/>
<Contour name="d04c40ax31_ssvr" hidden="false" closed="true" simplified="false" border="0 1 0.502" fill="0 0 1" mode="11"
 points="6.56128 4.3327,
	6.54847 4.31989,
	6.56128 4.30708,
	6.57409 4.31989,
	"/>
<Contour name="d04c40ax31_ssvr" hidden="false" closed="true" simplified="false" border="0 1 0.502" fill="0 0 1" mode="11"
 points="6.44964 4.25034,
	6.43683 4.23753,
	6.44964 4.22472,
	6.46245 4.23753,
	"/>
<Contour name="d01" hidden="false" closed="true" simplified="true" border="1 0.502 0" fill="1 0.502 0" mode="9"
 points="3.56025 5.37445,
	3.57335 5.29056,
	3.57335 5.28007,
	3.58909 5.26172,
	3.61006 5.24861,
	3.62055 5.24861,
	3.63103 5.2591,
	3.64414 5.27745,
	3.64938 5.3194,
	3.65463 5.34037,
	3.65201 5.38232,
	3.64152 5.40329,
	3.63628 5.41116,
	3.61792 5.42951,
	3.59957 5.44262,
	3.58909 5.44262,
	3.57073 5.42426,
	3.56287 5.40329,
	3.56025 5.38232,
	3.56025 5.37707,
	"/>
<Contour name="d01" hidden="false" closed="true" simplified="true" border="1 0.502 0" fill="1 0.502 0" mode="9"
 points="2.49584 5.21977,
	2.50109 5.20929,
	2.50109 5.20404,
	2.50633 5.20142,
	2.50895 5.19093,
	2.52206 5.16996,
	2.55614 5.12801,
	2.57187 5.10704,
	2.61644 5.02577,
	2.61906 5.01528,
	2.62431 5.01004,
	2.64004 4.92614,
	2.64528 4.9209,
	2.64528 4.91041,
	2.63217 4.86847,
	2.63217 4.84749,
	2.63741 4.82652,
	2.64528 4.81603,
	2.64528 4.81079,
	2.65314 4.8003,
	2.65839 4.79506,
	2.70033 4.77933,
	2.72131 4.77671,
	2.76325 4.78457,
	2.7685 4.78982,
	2.78947 4.79768,
	2.79996 4.80555,
	2.8052 4.80555,
	2.82093 4.82128,
	2.82618 4.82128,
	2.86812 4.85011,
	2.88385 4.86585,
	2.92318 4.89993,
	2.93366 4.90779,
	2.93891 4.91304,
	2.94415 4.91304,
	2.95202 4.9209,
	2.9625 4.92352,
	2.98348 4.93925,
	3.00445 4.96023,
	3.01231 4.97071,
	3.02018 4.99169,
	3.01756 5.01266,
	3.00445 5.03363,
	2.98348 5.04936,
	2.96512 5.05723,
	2.94677 5.07034,
	2.93891 5.09131,
	2.94153 5.11228,
	2.94677 5.12277,
	2.94677 5.13326,
	2.95464 5.15423,
	2.95726 5.19618,
	2.95202 5.21715,
	2.94677 5.22764,
	2.93629 5.23812,
	2.91531 5.24861,
	2.89434 5.25385,
	2.87337 5.25385,
	2.85239 5.26172,
	2.82618 5.30367,
	2.82355 5.31415,
	2.81569 5.32464,
	2.81307 5.33513,
	2.8052 5.34561,
	2.80258 5.3561,
	2.79471 5.36659,
	2.77636 5.40853,
	2.76588 5.42951,
	2.73179 5.47145,
	2.69509 5.50816,
	2.66101 5.53962,
	2.63217 5.57894,
	2.61382 5.59729,
	2.60333 5.60254,
	2.58236 5.60254,
	2.57187 5.59467,
	2.56663 5.58943,
	2.56925 5.56846,
	2.57712 5.55797,
	2.57974 5.54748,
	2.58498 5.54224,
	2.58236 5.50029,
	2.56401 5.45835,
	2.5509 5.43737,
	2.54041 5.39543,
	2.54041 5.39018,
	2.53517 5.38494,
	2.52992 5.36396,
	2.52992 5.35872,
	2.52468 5.35348,
	2.50895 5.31153,
	2.50895 5.30104,
	2.50371 5.29842,
	2.49584 5.25648,
	2.49584 5.2355,
	2.49584 5.22502,
	2.49584 5.22239,
	"/>
<Contour name="d01" hidden="false" closed="true" simplified="true" border="1 0.502 0" fill="1 0.502 0" mode="9"
 points="3.69133 5.52651,
	3.6992 5.50554,
	3.70706 5.49505,
	3.74639 5.47145,
	3.76736 5.46359,
	3.78833 5.46097,
	3.83028 5.44786,
	3.87223 5.43999,
	3.8932 5.43999,
	3.90369 5.43737,
	3.92204 5.42164,
	3.94563 5.38232,
	3.96661 5.36134,
	4.00855 5.34037,
	4.02953 5.33513,
	4.0505 5.33775,
	4.06099 5.34037,
	4.07147 5.35086,
	4.08983 5.36134,
	4.09507 5.36659,
	4.11604 5.37445,
	4.12129 5.37445,
	4.16323 5.40067,
	4.16848 5.40591,
	4.17372 5.40591,
	4.19207 5.42164,
	4.20256 5.42689,
	4.22353 5.42951,
	4.24451 5.43737,
	4.24975 5.43737,
	4.2917 5.46097,
	4.30218 5.47145,
	4.30743 5.47145,
	4.31005 5.4767,
	4.31529 5.4767,
	4.35724 5.50291,
	4.36248 5.50816,
	4.36773 5.50816,
	4.3887 5.52127,
	4.43065 5.52913,
	4.47259 5.53175,
	4.49357 5.537,
	4.53551 5.537,
	4.57746 5.52913,
	4.59843 5.52651,
	4.60368 5.52651,
	4.60892 5.53175,
	4.62989 5.537,
	4.64038 5.54224,
	4.72427 5.55535,
	4.80817 5.56059,
	4.82914 5.56059,
	4.85011 5.55535,
	4.87109 5.55797,
	4.88158 5.56059,
	4.88682 5.56583,
	4.8842 5.58681,
	4.8842 5.59205,
	4.86322 5.6104,
	4.85274 5.61827,
	4.84225 5.62089,
	4.83701 5.62613,
	4.75311 5.66284,
	4.71117 5.68119,
	4.69019 5.69168,
	4.66922 5.69692,
	4.62727 5.69692,
	4.58532 5.68905,
	4.54338 5.68905,
	4.50143 5.69692,
	4.49094 5.69954,
	4.4857 5.70478,
	4.48046 5.70478,
	4.44113 5.731,
	4.40705 5.77033,
	4.38608 5.81227,
	4.3887 5.83325,
	4.3887 5.83849,
	4.40181 5.85946,
	4.40443 5.86995,
	4.40181 5.88044,
	4.3651 5.91714,
	4.34937 5.93811,
	4.33626 5.95122,
	4.32578 5.95384,
	4.30743 5.96957,
	4.30218 6.01152,
	4.29432 6.03249,
	4.28907 6.04298,
	4.27072 6.05871,
	4.24975 6.06395,
	4.22878 6.06395,
	4.18683 6.05609,
	4.17634 6.05609,
	4.16586 6.06133,
	4.14488 6.05871,
	4.10294 6.03512,
	4.08196 6.02463,
	4.04526 5.9853,
	4.03215 5.96433,
	3.99545 5.92763,
	3.98496 5.92238,
	3.94301 5.91714,
	3.90107 5.91976,
	3.88009 5.92501,
	3.85912 5.92238,
	3.82241 5.89092,
	3.81717 5.86995,
	3.81717 5.86471,
	3.81193 5.85946,
	3.80931 5.84898,
	3.80144 5.84111,
	3.79358 5.82014,
	3.79358 5.79916,
	3.79882 5.77819,
	3.7962 5.75722,
	3.78833 5.73624,
	3.74114 5.65497,
	3.7359 5.64449,
	3.73066 5.63924,
	3.72541 5.61827,
	3.72017 5.61302,
	3.71493 5.59205,
	3.69133 5.5501,
	3.69133 5.52913,
	"/>
<Contour name="d01" hidden="false" closed="true" simplified="true" border="1 0.502 0" fill="1 0.502 0" mode="9"
 points="5.50291 5.42689,
	5.51078 5.40591,
	5.51602 5.36396,
	5.51864 5.35348,
	5.55535 5.32202,
	5.59729 5.31153,
	5.63924 5.31153,
	5.64973 5.31153,
	5.6707 5.32202,
	5.67857 5.3325,
	5.67857 5.33775,
	5.66808 5.34823,
	5.64711 5.35872,
	5.64186 5.36396,
	5.62089 5.36921,
	5.6104 5.36921,
	5.58943 5.3797,
	5.55273 5.41902,
	5.54224 5.42951,
	5.53175 5.43475,
	5.51078 5.43475,
	5.50291 5.42951,
	"/>
<Contour name="d03" hidden="false" closed="true" simplified="true" border="1 1 0" fill="1 1 0.501961" mode="11"
 points="1.37513 5.55894,
	1.39106 5.54035,
	1.40168 5.5377,
	1.42292 5.52443,
	1.42823 5.52443,
	1.43354 5.51912,
	1.44416 5.51646,
	1.45743 5.49788,
	1.46008 5.49257,
	1.45212 5.47133,
	1.43885 5.45275,
	1.41761 5.43417,
	1.4123 5.42886,
	1.4123 5.38638,
	1.43619 5.34391,
	1.44416 5.33594,
	1.44946 5.3147,
	1.45212 5.27223,
	1.46008 5.25099,
	1.47867 5.23506,
	1.56096 5.18462,
	1.57158 5.17666,
	1.61406 5.15808,
	1.61937 5.15808,
	1.65919 5.13418,
	1.6698 5.12622,
	1.68042 5.12357,
	1.70166 5.11029,
	1.74414 5.09702,
	1.82909 5.09967,
	1.87156 5.09702,
	1.8928 5.09171,
	1.90342 5.08905,
	1.90873 5.08375,
	1.92996 5.07578,
	1.94058 5.07313,
	1.98306 5.04127,
	1.99368 5.03596,
	2.01492 5.03596,
	2.05739 5.05454,
	2.06801 5.0572,
	2.07332 5.06251,
	2.11579 5.07578,
	2.13703 5.08905,
	2.145 5.11029,
	2.14765 5.19524,
	2.16358 5.28019,
	2.17951 5.30143,
	2.19809 5.34391,
	2.19543 5.42886,
	2.20074 5.45009,
	2.20074 5.47133,
	2.20074 5.48195,
	2.19278 5.50319,
	2.19013 5.51381,
	2.17685 5.53239,
	2.16623 5.54035,
	2.16092 5.54035,
	2.15561 5.54566,
	2.1503 5.54566,
	2.11048 5.57221,
	2.07332 5.60672,
	2.05474 5.62796,
	2.04146 5.6492,
	2.04412 5.67043,
	2.05208 5.69167,
	2.05739 5.70229,
	2.07597 5.72087,
	2.09721 5.73149,
	2.11579 5.74742,
	2.12907 5.76866,
	2.13172 5.78989,
	2.13172 5.7952,
	2.12641 5.80051,
	2.145 5.8191,
	2.16623 5.83237,
	2.18747 5.85095,
	2.20871 5.86157,
	2.29366 5.87485,
	2.30428 5.88015,
	2.3149 5.88015,
	2.33613 5.89077,
	2.34144 5.89077,
	2.34675 5.89608,
	2.35737 5.89874,
	2.36268 5.89874,
	2.3733 5.9067,
	2.39454 5.91467,
	2.40516 5.91997,
	2.41047 5.92528,
	2.41577 5.92528,
	2.45825 5.95449,
	2.47949 5.97572,
	2.50072 5.99165,
	2.51134 5.99696,
	2.51665 6.00227,
	2.52196 6.00227,
	2.55913 6.03147,
	2.58037 6.0474,
	2.59895 6.05802,
	2.60957 6.06333,
	2.61488 6.06864,
	2.65735 6.08722,
	2.66797 6.09253,
	2.67328 6.09253,
	2.67859 6.09784,
	2.69983 6.1058,
	2.72106 6.11908,
	2.73168 6.12439,
	2.73699 6.1297,
	2.7423 6.1297,
	2.74761 6.13501,
	2.75292 6.13501,
	2.77416 6.14828,
	2.79274 6.16952,
	2.80071 6.19075,
	2.80336 6.21199,
	2.81132 6.22261,
	2.81929 6.22792,
	2.83787 6.24916,
	2.85911 6.26243,
	2.86973 6.26774,
	2.88831 6.28632,
	2.89627 6.30756,
	2.89627 6.3288,
	2.883 6.35004,
	2.86176 6.34473,
	2.84053 6.34738,
	2.82991 6.35004,
	2.81663 6.37127,
	2.79805 6.3872,
	2.77681 6.38986,
	2.69186 6.36862,
	2.67063 6.36065,
	2.64939 6.34738,
	2.64408 6.33676,
	2.64142 6.33145,
	2.59895 6.33145,
	2.57771 6.3288,
	2.56709 6.32349,
	2.55647 6.31287,
	2.53524 6.2704,
	2.51665 6.25181,
	2.47418 6.22527,
	2.46887 6.22527,
	2.45029 6.20934,
	2.40781 6.1881,
	2.38657 6.17483,
	2.34941 6.13501,
	2.33879 6.12704,
	2.29631 6.10846,
	2.27508 6.10049,
	2.26977 6.09518,
	2.25915 6.09253,
	2.23791 6.07926,
	2.15827 6.00758,
	2.12641 5.96776,
	2.11845 5.95714,
	2.11845 5.95183,
	2.11314 5.94652,
	2.11314 5.9359,
	2.10783 5.92528,
	2.08659 5.90405,
	2.07332 5.88281,
	2.07332 5.8775,
	2.04412 5.83768,
	2.02819 5.82441,
	2.00695 5.80582,
	1.97775 5.76866,
	1.94058 5.73149,
	1.90076 5.69964,
	1.85829 5.6784,
	1.84767 5.67043,
	1.82643 5.66512,
	1.80519 5.66778,
	1.76272 5.68371,
	1.7521 5.68636,
	1.70963 5.68371,
	1.68839 5.69433,
	1.65653 5.73149,
	1.65122 5.73946,
	1.6406 5.74742,
	1.61937 5.75007,
	1.57689 5.74742,
	1.55565 5.74742,
	1.54503 5.74742,
	1.5238 5.73149,
	1.51318 5.72353,
	1.51052 5.70229,
	1.51318 5.68105,
	1.49725 5.66247,
	1.47601 5.6492,
	1.43354 5.63061,
	1.39106 5.60141,
	1.38044 5.59345,
	1.37513 5.58283,
	1.37513 5.56159,
	"/>
<Contour name="d03" hidden="false" closed="true" simplified="true" border="1 1 0" fill="1 1 0.501961" mode="11"
 points="0.886669 5.01207,
	0.902597 4.99083,
	0.913216 4.98552,
	0.955691 4.9988,
	0.976929 5.00145,
	1.0194 4.99614,
	1.04064 4.99614,
	1.06719 5.03862,
	1.06719 5.04923,
	1.05922 5.05985,
	1.05391 5.06516,
	0.968965 5.06251,
	0.963655 5.0572,
	0.958346 5.0572,
	0.953036 5.05189,
	0.947727 5.05189,
	0.942418 5.04658,
	0.899942 5.04392,
	0.889324 5.03596,
	0.886669 5.01472,
	"/>
<Contour name="ax39" hidden="false" closed="true" simplified="true" border="0 1 1" fill="0.501961 1 1" mode="11"
 points="6.04278 9.13933,
	6.04707 9.10497,
	6.1029 8.96753,
	6.11149 8.95894,
	6.12008 8.92459,
	6.13726 8.89023,
	6.16733 8.86446,
	6.18451 8.85157,
	6.21886 8.83869,
	6.23604 8.83439,
	6.25322 8.82151,
	6.28758 8.84728,
	6.30476 8.86446,
	6.31764 8.89882,
	6.32623 8.916,
	6.31764 8.95035,
	6.30476 8.96324,
	6.30047 8.98042,
	6.28758 8.9976,
	6.2747 9.06631,
	6.2704 9.13503,
	6.26611 9.16939,
	6.25752 9.17798,
	6.25322 9.19516,
	6.22745 9.22522,
	6.15874 9.26387,
	6.14156 9.27246,
	6.1072 9.26817,
	6.09861 9.26817,
	6.08143 9.25099,
	6.04278 9.18657,
	6.04278 9.15221,
	6.04278 9.14362,
	"/>
<Contour name="ax39" hidden="false" closed="true" simplified="true" border="0 1 1" fill="0.501961 1 1" mode="11"
 points="6.30047 8.38344,
	6.33482 8.35767,
	6.352 8.34479,
	6.36918 8.34049,
	6.39066 8.31043,
	6.40354 8.29325,
	6.40784 8.27607,
	6.42072 8.25889,
	6.4379 8.2503,
	6.44649 8.24171,
	6.48085 8.22883,
	6.61828 8.23312,
	6.62687 8.23312,
	6.65264 8.25889,
	6.66982 8.27178,
	6.6827 8.30613,
	6.67841 8.37485,
	6.63975 8.51229,
	6.63116 8.54664,
	6.6011 8.57671,
	6.58392 8.58959,
	6.54956 8.59389,
	6.53238 8.59389,
	6.49803 8.581,
	6.46367 8.55523,
	6.44649 8.52087,
	6.41213 8.5037,
	6.37777 8.49511,
	6.36059 8.49511,
	6.32623 8.47793,
	6.31335 8.46075,
	6.30476 8.45216,
	6.30047 8.38774,
	"/>
<Contour name="d01p27" hidden="false" closed="true" simplified="false" border="1 0 1" fill="1 0 1" mode="-9"
 points="4.40035 5.62557,
	4.40035 5.61695,
	4.40897 5.60833,
	4.41759 5.60833,
	4.42621 5.61695,
	4.42621 5.62557,
	4.41759 5.63419,
	4.40897 5.63419,
	"/>
<Contour name="d02p44" hidden="false" closed="true" simplified="false" border="1 0 0" fill="1 0 0" mode="-9"
 points="2.41141 3.65818,
	2.39632 3.6431,
	2.41141 3.62801,
	2.42649 3.6431,
	"/>
<Contour name="d03p31" hidden="false" closed="true" simplified="false" border="1 0.501961 0.25098" fill="1 0.501961 0" mode="-9"
 points="1.96361 5.64239,
	1.98753 5.64239,
	1.97557 5.66432,
	"/>
<Contour name="d04p33" hidden="false" closed="true" simplified="false" border="1 0 0.5" fill="1 0 0.5" mode="-9"
 points="4.82789 4.26827,
	4.84731 4.26827,
	4.8376 4.28607,
	"/>
<Contour name="d04p34a" hidden="false" closed="true" simplified="false" border="1 0 0" fill="1 0 0" mode="-9"
 points="4.14348 4.1631,
	4.1629 4.1631,
	4.15319 4.1809,
	"/>
<Contour name="d04p34b" hidden="false" closed="true" simplified="false" border="1 0 0" fill="1 0 0" mode="-9"
 points="4.14348 4.1631,
	4.1629 4.1631,
	4.15319 4.1809,
	"/>
</Transform>

<Transform dim="6"
 xcoef=" 1.22887502867865 0.853348797048227 -0.041702487488318 0 0 0"
 ycoef=" -1.10405311697988 0.0794430247312168 0.915083411113207 0 0 0">
<Image mag="0.00217968" contrast="1" brightness="0" red="true" green="true" blue="true"
 src="FWNGV.146.jpg" />
<Contour name="domain1" hidden="false" closed="true" simplified="false" border="1 0 1" fill="1 0 1" mode="11"
 points="0 0,
	4096 0,
	4096 4096,
	0 4096,
	"/>
</Transform>

<Transform dim="0"
 xcoef=" 0 1 0 0 0 0"
 ycoef=" 0 0 1 0 0 0">
<Contour name="ax06" comment="LK bouton trace named after cfa" hidden="false" closed="true" simplified="true" border="0 1 1" fill="0.502 1 1" mode="9"
 points="2.17739 5.73016,
	2.18646 5.70113,
	2.19916 5.67209,
	2.20642 5.66484,
	2.21005 5.65758,
	2.22275 5.64488,
	2.23727 5.6358,
	2.25178 5.62129,
	2.25541 5.62129,
	2.26993 5.60859,
	2.29896 5.59588,
	2.32799 5.57593,
	2.34069 5.56504,
	2.34432 5.55052,
	2.34251 5.52149,
	2.34432 5.49246,
	2.34976 5.47794,
	2.35521 5.47068,
	2.36246 5.44165,
	2.36065 5.42714,
	2.34069 5.39811,
	2.2917 5.34004,
	2.28263 5.32553,
	2.279 5.31827,
	2.279 5.31101,
	2.26448 5.28198,
	2.24997 5.26746,
	2.24089 5.25295,
	2.23182 5.22391,
	2.22819 5.2094,
	2.23001 5.15133,
	2.23364 5.1223,
	2.22819 5.10779,
	2.22638 5.07876,
	2.23908 5.04972,
	2.24271 5.04247,
	2.24452 5.01343,
	2.2536 4.9844,
	2.26267 4.96989,
	2.27537 4.95537,
	2.28989 4.94993,
	2.31892 4.9463,
	2.33343 4.94448,
	2.34795 4.93904,
	2.36065 4.92452,
	2.37517 4.89549,
	2.38061 4.88098,
	2.38242 4.86646,
	2.38061 4.85194,
	2.3788 4.84469,
	2.35158 4.8211,
	2.32255 4.8084,
	2.29351 4.79207,
	2.28626 4.78481,
	2.279 4.77029,
	2.2536 4.74126,
	2.23908 4.73037,
	2.22638 4.71586,
	2.21731 4.70134,
	2.21549 4.68683,
	2.21731 4.67231,
	2.22456 4.65779,
	2.23908 4.64509,
	2.29714 4.61787,
	2.32618 4.60517,
	2.33343 4.60154,
	2.36246 4.60154,
	2.3915 4.60517,
	2.42053 4.61425,
	2.43504 4.61425,
	2.55117 4.63783,
	2.5802 4.65416,
	2.59472 4.66505,
	2.60198 4.67231,
	2.62012 4.70134,
	2.62557 4.73037,
	2.62738 4.75941,
	2.62194 4.78844,
	2.61831 4.90456,
	2.61468 4.9336,
	2.61468 4.94811,
	2.59835 5.00618,
	2.58565 5.03521,
	2.54754 5.09327,
	2.53121 5.1223,
	2.52214 5.13682,
	2.51488 5.14408,
	2.51307 5.15133,
	2.50762 5.15859,
	2.504 5.16222,
	2.504 5.16585,
	2.50037 5.16948,
	2.50037 5.17311,
	2.49674 5.17674,
	2.49129 5.20577,
	2.49129 5.21303,
	2.48766 5.22029,
	2.48585 5.27835,
	2.48948 5.30738,
	2.49311 5.3219,
	2.49311 5.32915,
	2.49855 5.34367,
	2.50037 5.35093,
	2.50037 5.35456,
	2.50581 5.36182,
	2.52577 5.41988,
	2.5421 5.44891,
	2.55117 5.47794,
	2.55662 5.49246,
	2.5675 5.50697,
	2.57113 5.51423,
	2.57476 5.54326,
	2.56932 5.5723,
	2.55662 5.60133,
	2.5548 5.60859,
	2.55843 5.6231,
	2.58202 5.65213,
	2.58746 5.66665,
	2.58565 5.69568,
	2.5675 5.72471,
	2.56206 5.73197,
	2.55843 5.74649,
	2.55843 5.761,
	2.54936 5.79004,
	2.52395 5.81907,
	2.49492 5.84628,
	2.46589 5.86261,
	2.45863 5.86624,
	2.44412 5.87894,
	2.38605 5.88802,
	2.37154 5.88983,
	2.35702 5.89528,
	2.34251 5.89709,
	2.31347 5.89528,
	2.28444 5.88983,
	2.25541 5.88076,
	2.22638 5.85354,
	2.20823 5.82451,
	2.2046 5.81725,
	2.20098 5.81362,
	2.19916 5.80637,
	2.1792 5.77733,
	2.17739 5.7483,
	2.17739 5.73379,
	2.17739 5.73197,
	"/>
</Transform>

<Transform dim="0"
 xcoef=" 0 1 0 0 0 0"
 ycoef=" 0 0 1 0 0 0">
<Contour name="ax30" comment="LK bouton trace named after cfa" hidden="false" closed="true" simplified="true" border="0 1 1" fill="0.502 1 1" mode="9"
 points="6.19245 5.01808,
	6.19707 5.01069,
	6.20446 5.00422,
	6.21185 4.9996,
	6.22664 4.99591,
	6.22848 4.99406,
	6.25805 4.99314,
	6.27284 4.99314,
	6.28762 4.99683,
	6.29501 5.00053,
	6.3024 5.00145,
	6.30979 4.9996,
	6.31349 4.99868,
	6.32827 5.00238,
	6.33567 5.00607,
	6.35045 5.01901,
	6.35414 5.0227,
	6.36893 5.02548,
	6.38371 5.0264,
	6.3985 5.02363,
	6.41328 5.01346,
	6.41697 5.00607,
	6.43176 4.99498,
	6.46133 4.9802,
	6.46872 4.9765,
	6.4835 4.97188,
	6.49089 4.96727,
	6.49828 4.96449,
	6.50198 4.96172,
	6.51676 4.9571,
	6.53155 4.95803,
	6.54633 4.95063,
	6.56111 4.94047,
	6.56851 4.93585,
	6.57035 4.934,
	6.58514 4.93308,
	6.6147 4.93493,
	6.6221 4.93493,
	6.63688 4.94139,
	6.64058 4.94232,
	6.65536 4.95525,
	6.66737 4.97004,
	6.67199 4.97743,
	6.67476 4.98482,
	6.67661 4.98852,
	6.69139 5.00145,
	6.69879 5.00607,
	6.70895 5.02086,
	6.71634 5.03564,
	6.71727 5.03933,
	6.72743 5.05412,
	6.74036 5.0689,
	6.74868 5.08369,
	6.75238 5.09108,
	6.75422 5.10586,
	6.75422 5.11325,
	6.75238 5.12064,
	6.75238 5.12434,
	6.74868 5.13173,
	6.74683 5.13543,
	6.73205 5.14929,
	6.71727 5.15483,
	6.70987 5.15668,
	6.70618 5.15668,
	6.69139 5.16222,
	6.684 5.16592,
	6.68031 5.16777,
	6.67846 5.16777,
	6.67107 5.17239,
	6.65628 5.17701,
	6.6415 5.17978,
	6.6378 5.18255,
	6.62302 5.18625,
	6.59345 5.18809,
	6.57867 5.18809,
	6.57128 5.18717,
	6.56389 5.18809,
	6.53432 5.1844,
	6.50475 5.17885,
	6.48997 5.17423,
	6.4604 5.16961,
	6.43083 5.17054,
	6.40127 5.17608,
	6.38648 5.17423,
	6.37909 5.17423,
	6.36431 5.16592,
	6.33474 5.13912,
	6.32735 5.13358,
	6.31257 5.12711,
	6.29778 5.12249,
	6.29039 5.12064,
	6.26082 5.10494,
	6.23126 5.08553,
	6.2174 5.07352,
	6.20631 5.05874,
	6.19799 5.04395,
	6.19522 5.04026,
	6.19245 5.02548,
	6.19245 5.01901,
	"/>
</Transform>

<Transform dim="0"
 xcoef=" 0 1 0 0 0 0"
 ycoef=" 0 0 1 0 0 0">
<Contour name="ax31" comment="LK bouton trace named after cfa" hidden="false" closed="true" simplified="true" border="0 1 1" fill="0.502 1 1" mode="9"
 points="6.13891 4.08306,
	6.15684 4.03891,
	6.17064 4.01684,
	6.18858 3.99476,
	6.19823 3.98511,
	6.24239 3.96303,
	6.26446 3.95475,
	6.2755 3.95199,
	6.29757 3.94095,
	6.30861 3.93544,
	6.33069 3.92026,
	6.35276 3.90232,
	6.37484 3.88715,
	6.38587 3.88301,
	6.40795 3.87887,
	6.41899 3.87749,
	6.43002 3.87335,
	6.4521 3.87335,
	6.46314 3.87197,
	6.4659 3.87059,
	6.51005 3.88577,
	6.52108 3.88991,
	6.54316 3.90508,
	6.58455 3.94785,
	6.59283 3.95889,
	6.61766 4.00304,
	6.63146 4.02512,
	6.6494 4.04581,
	6.67147 4.05823,
	6.68251 4.06375,
	6.70458 4.06651,
	6.72666 4.07341,
	6.74873 4.08582,
	6.75977 4.09272,
	6.78874 4.13687,
	6.80254 4.15895,
	6.8191 4.18102,
	6.82462 4.18654,
	6.83841 4.20862,
	6.84531 4.21965,
	6.88256 4.2638,
	6.90188 4.28588,
	6.91292 4.29692,
	6.91568 4.29968,
	6.91568 4.30381,
	6.90602 4.31071,
	6.86187 4.31899,
	6.83979 4.32313,
	6.83427 4.32313,
	6.8122 4.33141,
	6.80116 4.33693,
	6.77909 4.3521,
	6.76943 4.36038,
	6.76253 4.3659,
	6.74735 4.37418,
	6.74046 4.37832,
	6.65215 4.41419,
	6.608 4.43213,
	6.5197 4.45006,
	6.49763 4.45282,
	6.47555 4.45282,
	6.45348 4.45006,
	6.44244 4.4473,
	6.39829 4.42523,
	6.37622 4.41419,
	6.36518 4.40729,
	6.35966 4.40315,
	6.35552 4.39212,
	6.35276 4.3866,
	6.35138 4.37556,
	6.36104 4.33141,
	6.36656 4.30933,
	6.36656 4.2983,
	6.3638 4.28726,
	6.3569 4.27622,
	6.33482 4.25691,
	6.32379 4.25001,
	6.30171 4.25139,
	6.25756 4.25828,
	6.23549 4.25691,
	6.19134 4.23345,
	6.1803 4.22517,
	6.1596 4.20448,
	6.15408 4.19344,
	6.14995 4.18792,
	6.14581 4.16585,
	6.14305 4.15481,
	6.14443 4.13273,
	6.14581 4.12997,
	6.14167 4.12445,
	6.13891 4.10238,
	6.13891 4.09134,
	6.13891 4.08582,
	6.13891 4.08444,
	"/>
</Transform>

<Transform dim="0"
 xcoef=" 0 1 0 0 0 0"
 ycoef=" 0 0 1 0 0 0">
<Contour name="d04c40ax31_ssvr" hidden="false" closed="true" simplified="false" border="0 1 0.502" fill="0 0 1" mode="11"
 points="6.59422 4.22838,
	6.58141 4.21557,
	6.59422 4.20276,
	6.60703 4.21557,
	"/>
</Transform>

<Transform dim="1"
 xcoef=" -0.03 1 0 0 0 0"
 ycoef=" 0.05 0 1 0 0 0">
<Contour name="d04c40ax31_ssvr" hidden="false" closed="true" simplified="false" border="0 1 0.502" fill="0 0 1" mode="11"
 points="6.59422 4.22838,
	6.58141 4.21557,
	6.59422 4.20276,
	6.60703 4.21557,
	"/>
</Transform>

<Transform dim="1"
 xcoef=" -0.01 1 0 0 0 0"
 ycoef=" 0.11 0 1 0 0 0">
<Contour name="d04c40ax31_ssvr" hidden="false" closed="true" simplified="false" border="0 1 0.502" fill="0 0 1" mode="11"
 points="6.59422 4.22838,
	6.58141 4.21557,
	6.59422 4.20276,
	6.60703 4.21557,
	"/>
</Transform>

<Transform dim="1"
 xcoef=" -0.02 1 0 0 0 0"
 ycoef=" 0 0 1 0 0 0">
<Contour name="d03c29" hidden="false" closed="true" simplified="true" border="1 0 0" fill="0 1 0" mode="9"
 points="0.858961 6.35858,
	0.870301 6.3359,
	0.912823 6.30472,
	0.935502 6.29338,
	1.02622 6.27353,
	1.07158 6.25369,
	1.11693 6.24519,
	1.20765 6.23952,
	1.25301 6.24235,
	1.27568 6.2622,
	1.27568 6.27353,
	1.25868 6.29621,
	1.24734 6.30472,
	1.24167 6.30472,
	1.22182 6.32173,
	1.17646 6.3359,
	1.15379 6.3359,
	1.14245 6.3359,
	1.13111 6.34157,
	1.12544 6.34157,
	1.1141 6.35008,
	1.02338 6.35008,
	0.978025 6.36142,
	0.955346 6.36708,
	0.932667 6.38126,
	0.909989 6.38693,
	0.88731 6.38693,
	0.864631 6.37842,
	0.858961 6.37275,
	0.858961 6.36142,
	"/>
</Transform>

<Transform dim="1"
 xcoef=" -0.02 1 0 0 0 0"
 ycoef=" 0 0 1 0 0 0">
<Contour name="d03" hidden="false" closed="true" simplified="true" border="1 1 0" fill="1 1 0.501961" mode="11"
 points="0.7911 6.25978,
	0.804373 6.2173,
	0.83092 6.17483,
	0.83092 6.16952,
	0.838884 6.1589,
	0.841539 6.13766,
	0.841539 6.12704,
	0.846848 6.11642,
	0.868086 6.09784,
	0.886669 6.08457,
	0.899942 6.07129,
	0.942418 6.05536,
	0.963655 6.0474,
	1.00613 6.04209,
	1.04861 6.04475,
	1.06984 6.04475,
	1.11232 6.05536,
	1.13356 6.06333,
	1.17603 6.07129,
	1.18665 6.07395,
	1.22647 6.10846,
	1.23709 6.11111,
	1.2424 6.11642,
	1.26364 6.12439,
	1.27425 6.1297,
	1.27956 6.1297,
	1.3008 6.14828,
	1.31142 6.16952,
	1.3008 6.21199,
	1.3008 6.2173,
	1.29549 6.22261,
	1.29284 6.23323,
	1.26629 6.2704,
	1.25567 6.27836,
	1.2132 6.28632,
	1.17072 6.28632,
	1.08577 6.29694,
	1.00082 6.31552,
	0.979583 6.32083,
	0.958346 6.33145,
	0.953036 6.33145,
	0.931799 6.34738,
	0.910561 6.358,
	0.899942 6.36065,
	0.894633 6.36596,
	0.884014 6.36862,
	0.878705 6.37393,
	0.857467 6.37658,
	0.83623 6.36596,
	0.825611 6.358,
	0.820301 6.34738,
	0.814992 6.34207,
	0.814992 6.33676,
	0.809683 6.33145,
	0.809683 6.32614,
	0.799064 6.31818,
	0.7911 6.29694,
	0.7911 6.2757,
	0.7911 6.26509,
	0.7911 6.26243,
	"/>
</Transform>

<Transform dim="1"
 xcoef=" 0 1 0 0 0 0"
 ycoef=" -0.01 0 1 0 0 0">
<Contour name="d03" hidden="false" closed="true" simplified="true" border="1 1 0" fill="1 1 0.501961" mode="11"
 points="0.270779 6.26774,
	0.284053 6.2465,
	0.294671 6.23854,
	0.299981 6.23323,
	0.3106 6.23057,
	0.321218 6.22261,
	0.342456 6.2173,
	0.353075 6.20934,
	0.374312 6.20668,
	0.416787 6.19075,
	0.438025 6.18279,
	0.443334 6.17748,
	0.464572 6.16952,
	0.475191 6.16421,
	0.4805 6.16421,
	0.48581 6.1589,
	0.57076 6.12704,
	0.591997 6.12439,
	0.613235 6.11642,
	0.623854 6.11377,
	0.70084 6.05271,
	0.738006 6.0182,
	0.759243 6.00227,
	0.780481 6.00493,
	0.788445 6.01289,
	0.793754 6.01554,
	0.807028 6.05802,
	0.812337 6.06864,
	0.812337 6.11111,
	0.812337 6.13235,
	0.807028 6.15359,
	0.801719 6.16421,
	0.801719 6.17483,
	0.769862 6.25978,
	0.764553 6.28101,
	0.753934 6.30225,
	0.738006 6.32349,
	0.732696 6.32614,
	0.716768 6.36862,
	0.708804 6.38986,
	0.70084 6.40048,
	0.692876 6.42171,
	0.679603 6.44295,
	0.674293 6.44826,
	0.653056 6.44826,
	0.61058 6.43499,
	0.599962 6.43499,
	0.594652 6.43499,
	0.589343 6.4403,
	0.589343 6.44561,
	0.573415 6.46419,
	0.565451 6.47215,
	0.544213 6.47481,
	0.522975 6.4695,
	0.501738 6.4695,
	0.4805 6.46419,
	0.459263 6.44826,
	0.448644 6.44295,
	0.443334 6.44295,
	0.438025 6.43764,
	0.427406 6.43499,
	0.416787 6.42702,
	0.376967 6.41109,
	0.355729 6.39782,
	0.337147 6.37924,
	0.326528 6.36862,
	0.307945 6.3288,
	0.292017 6.31022,
	0.270779 6.29163,
	0.270779 6.2704,
	"/>
</Transform>

<Transform dim="1"
 xcoef=" 0 1 0 0 0 0"
 ycoef=" -0.02 0 1 0 0 0">
<Contour name="d01c25ax06_ssvr" hidden="false" closed="true" simplified="false" border="0 1 0.501961" fill="0 0 1" mode="11"
 points="2.53621 4.77795,
	2.52386 4.7656,
	2.53621 4.75325,
	2.54856 4.7656,
	"/>
</Transform>

<Transform dim="1"
 xcoef=" -0.01 1 0 0 0 0"
 ycoef=" -0.01 0 1 0 0 0">
<Contour name="d01c25ax06_ssvr" hidden="false" closed="true" simplified="false" border="0 1 0.501961" fill="0 0 1" mode="11"
 points="2.45683 5.00725,
	2.44449 4.9949,
	2.45683 4.98256,
	2.46918 4.9949,
	"/>
</Transform>

<Transform dim="1"
 xcoef=" -0.01 1 0 0 0 0"
 ycoef=" 0.02 0 1 0 0 0">
<Contour name="d03c34ax23_ssvr" hidden="false" closed="true" simplified="false" border="0 1 0.502" fill="0 0 1" mode="11"
 points="3.00538 5.53797,
	2.99181 5.5244,
	3.00538 5.51083,
	3.01895 5.5244,
	"/>
</Transform>

<Transform dim="1"
 xcoef=" 0 1 0 0 0 0"
 ycoef=" 0.02 0 1 0 0 0">
<Contour name="d03c34ax23_ssvr" hidden="false" closed="true" simplified="false" border="0 1 0.502" fill="0 0 1" mode="11"
 points="2.98212 5.50114,
	2.96855 5.48757,
	2.98212 5.47401,
	2.99569 5.48757,
	"/>
</Transform>

<Transform dim="0"
 xcoef=" 0 1 0 0 0 0"
 ycoef=" 0 0 1 0 0 0">
<Contour name="d03c34ax23_ssvr" hidden="false" closed="true" simplified="false" border="0 1 0.502" fill="0 0 1" mode="11"
 points="3.03906 5.55635,
	3.02591 5.54321,
	3.03906 5.53006,
	3.0522 5.54321,
	"/>
</Transform>

<Transform dim="1"
 xcoef=" -0.01 1 0 0 0 0"
 ycoef=" 0 0 1 0 0 0">
<Contour name="d04c37ax30_ssvr" hidden="false" closed="true" simplified="false" border="0 1 0.502" fill="0 0 1" mode="11"
 points="6.57941 5.05521,
	6.56706 5.04286,
	6.57941 5.03051,
	6.59176 5.04286,
	"/>
<Contour name="d04c37ax30_ssvr" hidden="false" closed="true" simplified="false" border="0 1 0.502" fill="0 0 1" mode="11"
 points="6.31655 5.0905,
	6.3042 5.07815,
	6.31655 5.0658,
	6.3289 5.07815,
	"/>
</Transform>

<Transform dim="1"
 xcoef=" 0 1 0 0 0 0"
 ycoef=" -0.01 0 1 0 0 0">
<Contour name="d04c37ax30_ssvr" hidden="false" closed="true" simplified="false" border="0 1 0.502" fill="0 0 1" mode="11"
 points="6.44004 5.13107,
	6.42769 5.11872,
	6.44004 5.10637,
	6.45239 5.11872,
	"/>
</Transform>

<Transform dim="0"
 xcoef=" 0 1 0 0 0 0"
 ycoef=" 0 0 1 0 0 0">
<Contour name="d04c40ax31_ssvr" hidden="false" closed="true" simplified="false" border="0 1 0.502" fill="0 0 1" mode="11"
 points="6.37862 4.05382,
	6.36684 4.04203,
	6.37862 4.03025,
	6.39041 4.04203,
	"/>
</Transform>

<Transform dim="0"
 xcoef=" 0 1 0 0 0 0"
 ycoef=" 0 0 1 0 0 0">
<Contour name="d01c25ax06" hidden="false" closed="true" simplified="true" border="0 1 0" fill="0 1 0" mode="9"
 points="2.43698 5.29731,
	2.44491 5.19584,
	2.44808 5.1451,
	2.44967 5.11973,
	2.45125 5.10705,
	2.54163 4.9041,
	2.55273 4.87873,
	2.55749 4.86604,
	2.56541 4.85494,
	2.66689 4.86287,
	2.67006 4.86446,
	2.68592 4.96593,
	2.69067 4.9913,
	2.59713 5.19425,
	2.54956 5.29573,
	2.53687 5.32109,
	2.53053 5.32268,
	2.47979 5.31475,
	2.45443 5.31158,
	2.44174 5.31,
	2.43857 5.31,
	2.43698 5.2989,
	"/>
</Transform>

<Transform dim="0"
 xcoef=" 0 1 0 0 0 0"
 ycoef=" 0 0 1 0 0 0">
<Contour name="ax37" comment="dch traced 07.2018" hidden="false" closed="true" simplified="true" border="0 1 1" fill="0.502 1 1" mode="9"
 points="2.7448 4.50595,
	2.74661 4.49631,
	2.75022 4.48666,
	2.75685 4.47762,
	2.76589 4.46858,
	2.77011 4.46376,
	2.77915 4.45593,
	2.79121 4.43724,
	2.81049 4.41976,
	2.8117 4.41735,
	2.81592 4.41313,
	2.81833 4.41072,
	2.82255 4.40771,
	2.83219 4.40409,
	2.85148 4.40168,
	2.87077 4.40108,
	2.88041 4.40289,
	2.8997 4.40952,
	2.90211 4.40952,
	2.91175 4.41313,
	2.91416 4.41434,
	2.91537 4.41554,
	2.91778 4.41615,
	2.9226 4.42037,
	2.92561 4.42519,
	2.92863 4.43483,
	2.93044 4.44447,
	2.92983 4.46376,
	2.92983 4.46617,
	2.92381 4.47582,
	2.91597 4.48486,
	2.91175 4.48847,
	2.90994 4.49028,
	2.90874 4.49028,
	2.90392 4.4945,
	2.88523 4.50595,
	2.88041 4.50836,
	2.87559 4.51258,
	2.87378 4.51379,
	2.86052 4.53307,
	2.85148 4.54091,
	2.84184 4.54754,
	2.83701 4.54935,
	2.81773 4.55116,
	2.79844 4.55055,
	2.77915 4.54875,
	2.76951 4.54633,
	2.76469 4.54392,
	2.75987 4.54031,
	2.75745 4.5391,
	2.75263 4.53428,
	2.74721 4.52464,
	2.7448 4.51499,
	2.7448 4.51017,
	2.7448 4.50776,
	2.7448 4.50655,
	"/>
</Transform>

<Transform dim="0"
 xcoef=" 0 1 0 0 0 0"
 ycoef=" 0 0 1 0 0 0">
<Contour name="ax38" comment="dch traced 07.2018" hidden="false" closed="true" simplified="true" border="0 1 1" fill="0.502 1 1" mode="9"
 points="2.64329 4.61525,
	2.64403 4.60935,
	2.64403 4.6064,
	2.64551 4.60345,
	2.64551 4.6005,
	2.64698 4.59902,
	2.64846 4.59312,
	2.65584 4.58205,
	2.65952 4.57689,
	2.66469 4.57173,
	2.66764 4.56951,
	2.69125 4.5614,
	2.70305 4.55697,
	2.72666 4.55254,
	2.75027 4.54664,
	2.75617 4.54664,
	2.75912 4.54664,
	2.76059 4.54738,
	2.7724 4.54517,
	2.7842 4.54443,
	2.796 4.54517,
	2.80781 4.54738,
	2.81961 4.55254,
	2.82256 4.55402,
	2.82404 4.55402,
	2.8351 4.56435,
	2.84248 4.57468,
	2.84912 4.58648,
	2.85207 4.59238,
	2.85355 4.59386,
	2.85355 4.59533,
	2.86388 4.60492,
	2.8742 4.61304,
	2.87716 4.61525,
	2.88896 4.61894,
	2.89486 4.62115,
	2.90076 4.62484,
	2.90371 4.62558,
	2.91478 4.6337,
	2.91847 4.63886,
	2.92289 4.65066,
	2.92511 4.66247,
	2.92511 4.67427,
	2.91699 4.69788,
	2.9015 4.72001,
	2.89191 4.73108,
	2.88011 4.7414,
	2.8742 4.74583,
	2.8624 4.75099,
	2.8565 4.75321,
	2.8506 4.7569,
	2.84469 4.75837,
	2.82109 4.75616,
	2.81519 4.75616,
	2.80928 4.75468,
	2.80781 4.75321,
	2.80191 4.75247,
	2.79896 4.75247,
	2.77535 4.74435,
	2.76945 4.74214,
	2.76428 4.73845,
	2.75838 4.73624,
	2.75543 4.73329,
	2.74953 4.73034,
	2.72666 4.71337,
	2.72076 4.70968,
	2.7178 4.70821,
	2.7119 4.70304,
	2.70895 4.7023,
	2.70674 4.70009,
	2.70526 4.70009,
	2.70379 4.69862,
	2.70231 4.69862,
	2.70157 4.69714,
	2.7001 4.69714,
	2.6883 4.68829,
	2.67723 4.68091,
	2.66543 4.66911,
	2.65584 4.6573,
	2.64993 4.64624,
	2.64698 4.64033,
	2.64329 4.61673,
	2.64329 4.61599,
	"/>
</Transform>

<Transform dim="0"
 xcoef=" 0 1 0 0 0 0"
 ycoef=" 0 0 1 0 0 0">
<Contour name="ax14" comment="dch traced 07.2018" hidden="false" closed="true" simplified="true" border="0 1 1" fill="0.502 1 1" mode="9"
 points="1.98067 4.5948,
	1.98248 4.59119,
	1.98338 4.58397,
	2.00414 4.52622,
	2.00594 4.52442,
	2.00865 4.5172,
	2.01496 4.50998,
	2.02218 4.50547,
	2.05106 4.4784,
	2.06459 4.46486,
	2.07903 4.45494,
	2.08264 4.45313,
	2.08445 4.45313,
	2.08625 4.45133,
	2.11513 4.44411,
	2.12234 4.44591,
	2.13678 4.44591,
	2.16566 4.45043,
	2.1801 4.45404,
	2.1837 4.45494,
	2.18551 4.45494,
	2.18731 4.45674,
	2.19092 4.45764,
	2.19273 4.45945,
	2.19453 4.45945,
	2.20897 4.46847,
	2.21168 4.47208,
	2.21799 4.47659,
	2.22521 4.48381,
	2.22972 4.49103,
	2.23243 4.49825,
	2.23333 4.51269,
	2.22972 4.52713,
	2.22521 4.53435,
	2.22251 4.54156,
	2.21799 4.54878,
	2.19273 4.57315,
	2.18551 4.57856,
	2.1819 4.58037,
	2.17468 4.58668,
	2.17017 4.59029,
	2.16836 4.59029,
	2.16115 4.5948,
	2.14671 4.60112,
	2.13227 4.60924,
	2.11964 4.61917,
	2.11332 4.62548,
	2.1061 4.62909,
	2.10249 4.6318,
	2.10069 4.6336,
	2.09347 4.63631,
	2.08986 4.63721,
	2.08805 4.63902,
	2.07362 4.64353,
	2.04474 4.64443,
	2.03752 4.64443,
	2.02308 4.64082,
	2.01587 4.63902,
	2.01226 4.63902,
	1.99782 4.6327,
	1.9906 4.62819,
	1.98428 4.62097,
	1.98067 4.61375,
	1.98067 4.59931,
	1.98067 4.59571,
	"/>
</Transform>

<Transform dim="0"
 xcoef=" 0 1 0 0 0 0"
 ycoef=" 0 0 1 0 0 0">
<Contour name="ax13" comment="dch traced 07.2018" hidden="false" closed="true" simplified="true" border="0 1 1" fill="0.502 1 1" mode="9"
 points="0.124143 4.65871,
	0.125478 4.64804,
	0.133488 4.62668,
	0.136157 4.62134,
	0.138827 4.61867,
	0.178873 4.53324,
	0.185548 4.51188,
	0.188217 4.49052,
	0.186883 4.4478,
	0.188217 4.43713,
	0.188217 4.43179,
	0.190887 4.42912,
	0.193557 4.41844,
	0.205571 4.39708,
	0.21358 4.38774,
	0.224259 4.37839,
	0.234938 4.37172,
	0.277654 4.36504,
	0.280324 4.36237,
	0.291003 4.35837,
	0.311026 4.34635,
	0.321705 4.34368,
	0.343063 4.34635,
	0.353742 4.35169,
	0.37243 4.36905,
	0.384444 4.3904,
	0.388449 4.40108,
	0.389784 4.4438,
	0.384444 4.48652,
	0.373765 4.52923,
	0.364421 4.55059,
	0.339058 4.59197,
	0.321705 4.61333,
	0.300347 4.62534,
	0.280324 4.63469,
	0.277654 4.63736,
	0.274984 4.63736,
	0.253626 4.65338,
	0.245617 4.66272,
	0.240278 4.66539,
	0.234938 4.67073,
	0.196227 4.7001,
	0.153511 4.69609,
	0.142832 4.69342,
	0.133488 4.68408,
	0.126813 4.6734,
	0.126813 4.66806,
	0.124143 4.66272,
	0.124143 4.66005,
	"/>
</Transform>

<Transform dim="0"
 xcoef=" 0 1 0 0 0 0"
 ycoef=" 0 0 1 0 0 0">
<Contour name="ax52" comment="dch traced 07.2018" hidden="false" closed="true" simplified="true" border="0 1 1" fill="0.502 1 1" mode="9"
 points="2.39566 4.52078,
	2.40407 4.49835,
	2.40547 4.49274,
	2.40828 4.48994,
	2.41529 4.46751,
	2.4265 4.44508,
	2.43071 4.43387,
	2.44332 4.41144,
	2.44893 4.40022,
	2.45313 4.37779,
	2.45594 4.36658,
	2.47136 4.34415,
	2.49098 4.32453,
	2.5022 4.31612,
	2.5078 4.31191,
	2.51061 4.30911,
	2.51341 4.30911,
	2.52463 4.3021,
	2.52743 4.29929,
	2.53023 4.29929,
	2.54145 4.29229,
	2.55266 4.28808,
	2.55547 4.28528,
	2.56668 4.28247,
	2.57229 4.27827,
	2.57789 4.27687,
	2.5835 4.27266,
	2.58631 4.27266,
	2.60873 4.25864,
	2.61995 4.25444,
	2.64238 4.25163,
	2.66481 4.25303,
	2.67602 4.25444,
	2.67882 4.25724,
	2.68163 4.25724,
	2.70406 4.26986,
	2.71527 4.27967,
	2.71948 4.28528,
	2.72368 4.28808,
	2.73209 4.29789,
	2.7419 4.3049,
	2.76433 4.3049,
	2.77555 4.3077,
	2.78676 4.31331,
	2.79237 4.32453,
	2.79377 4.34695,
	2.78956 4.36938,
	2.78676 4.3806,
	2.78536 4.40303,
	2.77835 4.42546,
	2.77695 4.43106,
	2.76013 4.45349,
	2.74891 4.46471,
	2.72929 4.48013,
	2.68443 4.50956,
	2.67882 4.51096,
	2.67602 4.51096,
	2.67041 4.51517,
	2.66481 4.51657,
	2.662 4.51938,
	2.65079 4.52358,
	2.62976 4.539,
	2.62135 4.54741,
	2.61014 4.55582,
	2.58911 4.57685,
	2.56948 4.59507,
	2.56668 4.59507,
	2.56107 4.59928,
	2.54986 4.60068,
	2.505 4.59507,
	2.48257 4.58946,
	2.46014 4.58806,
	2.44893 4.58526,
	2.44613 4.58246,
	2.43631 4.57825,
	2.41388 4.56423,
	2.40407 4.55302,
	2.39706 4.5418,
	2.39566 4.53059,
	2.39566 4.52498,
	2.39566 4.52218,
	"/>
</Transform>

<Transform dim="0"
 xcoef=" 0 1 0 0 0 0"
 ycoef=" 0 0 1 0 0 0">
<Contour name="ax10" comment="dch traced 07.2018" hidden="false" closed="true" simplified="true" border="0 1 1" fill="0.502 1 1" mode="9"
 points="3.57339 2.43839,
	3.57454 2.42916,
	3.58146 2.41071,
	3.58607 2.40148,
	3.58838 2.39687,
	3.59069 2.35996,
	3.59299 2.35073,
	3.59761 2.3415,
	3.59991 2.33689,
	3.60222 2.33458,
	3.60453 2.33458,
	3.62298 2.31843,
	3.62644 2.31497,
	3.6449 2.30921,
	3.66335 2.29882,
	3.68066 2.28383,
	3.69334 2.26653,
	3.70026 2.25845,
	3.70949 2.24923,
	3.71872 2.2423,
	3.72103 2.2423,
	3.73948 2.23192,
	3.74871 2.22616,
	3.75332 2.225,
	3.77178 2.21232,
	3.77639 2.21001,
	3.79485 2.20885,
	3.8133 2.21001,
	3.85021 2.21693,
	3.85944 2.21808,
	3.8779 2.21693,
	3.88597 2.2227,
	3.89174 2.23077,
	3.89289 2.23538,
	3.89174 2.24461,
	3.88366 2.26307,
	3.8802 2.27229,
	3.8802 2.28152,
	3.88366 2.29075,
	3.88597 2.29536,
	3.88597 2.29767,
	3.90443 2.31382,
	3.9125 2.32305,
	3.91711 2.32766,
	3.91942 2.32997,
	3.92288 2.33919,
	3.92288 2.35765,
	3.92288 2.36688,
	3.91711 2.38533,
	3.91365 2.38995,
	3.91365 2.39225,
	3.90096 2.4084,
	3.89289 2.41532,
	3.88828 2.41994,
	3.87905 2.4257,
	3.86059 2.43262,
	3.85137 2.43493,
	3.84906 2.43724,
	3.84445 2.43839,
	3.83983 2.44185,
	3.8306 2.44531,
	3.82253 2.45223,
	3.80061 2.48799,
	3.79946 2.4926,
	3.79023 2.50183,
	3.75909 2.53528,
	3.74986 2.5422,
	3.74525 2.54451,
	3.70834 2.54451,
	3.70372 2.54451,
	3.68527 2.53643,
	3.64951 2.50529,
	3.6449 2.50183,
	3.63567 2.49952,
	3.63452 2.49722,
	3.61606 2.49376,
	3.61145 2.49376,
	3.59299 2.48107,
	3.59069 2.47876,
	3.59069 2.47646,
	3.58377 2.46723,
	3.57454 2.44877,
	3.57339 2.43954,
	"/>
</Transform>

<Transform dim="0"
 xcoef=" 0 1 0 0 0 0"
 ycoef=" 0 0 1 0 0 0">
<Contour name="ax54" comment="dch traced 07.2018" hidden="false" closed="true" simplified="true" border="0 1 1" fill="0.502 1 1" mode="9"
 points="1.53591 3.86372,
	1.53693 3.85557,
	1.53897 3.85149,
	1.54202 3.83519,
	1.54814 3.81888,
	1.55323 3.81073,
	1.55527 3.80665,
	1.55935 3.80257,
	1.56241 3.79442,
	1.56852 3.7618,
	1.56954 3.75773,
	1.57566 3.74957,
	1.58381 3.74244,
	1.60012 3.73531,
	1.60827 3.73429,
	1.61642 3.73123,
	1.6205 3.73123,
	1.63681 3.72409,
	1.65311 3.71288,
	1.66127 3.70983,
	1.66942 3.70881,
	1.68573 3.71085,
	1.69388 3.71492,
	1.70102 3.72308,
	1.70407 3.72715,
	1.71019 3.74346,
	1.71223 3.75161,
	1.71427 3.75569,
	1.71427 3.75977,
	1.71936 3.77607,
	1.72242 3.79238,
	1.72344 3.80869,
	1.72242 3.81684,
	1.71427 3.83315,
	1.69286 3.86576,
	1.68981 3.86984,
	1.68981 3.87188,
	1.68165 3.88003,
	1.6735 3.88513,
	1.66636 3.89328,
	1.66636 3.89532,
	1.66025 3.90143,
	1.65515 3.90959,
	1.65311 3.91366,
	1.64496 3.92182,
	1.63783 3.92691,
	1.62254 3.94118,
	1.61439 3.94526,
	1.60623 3.94628,
	1.58993 3.94322,
	1.58177 3.94118,
	1.5777 3.94016,
	1.57566 3.93812,
	1.57362 3.93812,
	1.56648 3.93099,
	1.56139 3.92385,
	1.55731 3.9208,
	1.54814 3.90449,
	1.541 3.88818,
	1.53693 3.87188,
	1.53591 3.86474,
	"/>
</Transform>

<Transform dim="0"
 xcoef=" 0 1 0 0 0 0"
 ycoef=" 0 0 1 0 0 0">
<Contour name="ax56" comment="dch traced 07.2018" hidden="false" closed="true" simplified="true" border="0 1 1" fill="0.502 1 1" mode="9"
 points="-0.720333 3.91165,
	-0.711413 3.90608,
	-0.693572 3.89939,
	-0.675731 3.89939,
	-0.657889 3.89493,
	-0.648969 3.89158,
	-0.631128 3.88935,
	-0.595446 3.89381,
	-0.577605 3.89604,
	-0.568684 3.89716,
	-0.565339 3.9005,
	-0.563109 3.9005,
	-0.545268 3.91054,
	-0.540807 3.91165,
	-0.505125 3.94176,
	-0.496205 3.94845,
	-0.487284 3.95291,
	-0.469443 3.95626,
	-0.433761 3.95737,
	-0.398079 3.96072,
	-0.362397 3.95514,
	-0.357936 3.95291,
	-0.349016 3.9518,
	-0.344556 3.94957,
	-0.340095 3.94957,
	-0.331175 3.94511,
	-0.317794 3.93284,
	-0.301068 3.91611,
	-0.293263 3.90942,
	-0.289917 3.90608,
	-0.288802 3.90385,
	-0.286572 3.90385,
	-0.284342 3.90162,
	-0.282112 3.90162,
	-0.273191 3.89604,
	-0.237509 3.88601,
	-0.219668 3.88043,
	-0.183986 3.88155,
	-0.175066 3.88266,
	-0.172835 3.88489,
	-0.163915 3.88712,
	-0.1628 3.88935,
	-0.16057 3.88935,
	-0.156109 3.8927,
	-0.120427 3.90608,
	-0.102586 3.90942,
	-0.0847451 3.90942,
	-0.066904 3.90608,
	-0.0490629 3.90496,
	-0.0312219 3.90162,
	-0.0223013 3.89716,
	-0.0133808 3.89047,
	0.00446027 3.88043,
	0.0133808 3.8782,
	0.0223013 3.8782,
	0.0267616 3.87932,
	0.0289917 3.87932,
	0.033452 3.88266,
	0.0356821 3.88266,
	0.0446027 3.89158,
	0.050178 3.89939,
	0.0535232 3.90831,
	0.0557533 3.91054,
	0.0590985 3.92838,
	0.0602136 3.96406,
	0.0624437 3.9819,
	0.066904 3.99082,
	0.0702492 3.99528,
	0.0735944 4.00421,
	0.0791698 4.01313,
	0.0813999 4.01759,
	0.082515 4.02651,
	0.0802848 4.04435,
	0.0724793 4.06219,
	0.0724793 4.06665,
	0.0613287 4.08338,
	0.0590985 4.08672,
	0.0512931 4.09453,
	0.0490629 4.09787,
	0.0401424 4.10345,
	0.0223013 4.10902,
	0.0200712 4.10902,
	0.0156109 4.11237,
	0.0133808 4.11237,
	0.00446027 4.11794,
	0 4.12017,
	-0.0144959 4.13467,
	-0.0234164 4.14136,
	-0.0401424 4.15808,
	-0.0568684 4.17147,
	-0.0657889 4.18039,
	-0.0735944 4.18708,
	-0.0780547 4.18931,
	-0.0802848 4.19154,
	-0.0981259 4.19823,
	-0.107046 4.20046,
	-0.111507 4.20046,
	-0.113737 4.20046,
	-0.115967 4.20269,
	-0.151649 4.20492,
	-0.16057 4.20603,
	-0.16503 4.20826,
	-0.16726 4.20826,
	-0.176181 4.21384,
	-0.182871 4.22053,
	-0.187331 4.22945,
	-0.197367 4.26513,
	-0.199597 4.27405,
	-0.218553 4.30862,
	-0.230819 4.32646,
	-0.247545 4.3443,
	-0.254235 4.35322,
	-0.272076 4.35434,
	-0.274306 4.35211,
	-0.278767 4.35211,
	-0.283227 4.34988,
	-0.301068 4.34876,
	-0.309989 4.34765,
	-0.318909 4.34876,
	-0.32783 4.34653,
	-0.33675 4.33984,
	-0.33898 4.33538,
	-0.353476 4.31754,
	-0.363512 4.2997,
	-0.373547 4.26402,
	-0.383583 4.24729,
	-0.390273 4.23837,
	-0.394734 4.23391,
	-0.404769 4.21607,
	-0.412575 4.19823,
	-0.414805 4.19377,
	-0.414805 4.19154,
	-0.42038 4.18262,
	-0.428186 4.1737,
	-0.433761 4.16589,
	-0.448257 4.14916,
	-0.456062 4.14024,
	-0.459408 4.13578,
	-0.461638 4.13355,
	-0.461638 4.13132,
	-0.470558 4.1224,
	-0.476134 4.11571,
	-0.485054 4.10791,
	-0.493975 4.10233,
	-0.500665 4.09564,
	-0.502895 4.09564,
	-0.511816 4.09007,
	-0.528542 4.08449,
	-0.537462 4.08226,
	-0.546383 4.0778,
	-0.550843 4.07445,
	-0.555303 4.07334,
	-0.572029 4.05884,
	-0.577605 4.04992,
	-0.58095 4.041,
	-0.582065 4.03208,
	-0.58541 4.02316,
	-0.58764 4.0187,
	-0.623322 3.99751,
	-0.630013 3.99082,
	-0.636703 3.9819,
	-0.640048 3.97298,
	-0.642279 3.96852,
	-0.650084 3.9596,
	-0.667925 3.94957,
	-0.676846 3.94622,
	-0.681306 3.94399,
	-0.685766 3.94399,
	-0.690226 3.94176,
	-0.692457 3.94176,
	-0.696917 3.93842,
	-0.705837 3.93619,
	-0.713643 3.9295,
	-0.718103 3.92504,
	-0.720333 3.92058,
	-0.720333 3.91277,
	"/>
</Transform>

<Transform dim="0"
 xcoef=" 0 1 0 0 0 0"
 ycoef=" 0 0 1 0 0 0">
<Contour name="ax26" comment="dch traced 07.2018" hidden="false" closed="true" simplified="true" border="0 1 1" fill="0.502 1 1" mode="9"
 points="2.74987 3.96188,
	2.75182 3.9541,
	2.75571 3.94632,
	2.78586 3.91616,
	2.79365 3.91033,
	2.80921 3.90449,
	2.82477 3.9006,
	2.83256 3.89865,
	2.83645 3.89768,
	2.83839 3.89574,
	2.85396 3.89087,
	2.8559 3.89087,
	2.85785 3.88893,
	2.86174 3.88795,
	2.86855 3.88309,
	2.87535 3.87531,
	2.8773 3.87142,
	2.89092 3.85585,
	2.89481 3.85294,
	2.89675 3.85294,
	2.8987 3.85099,
	2.90065 3.85099,
	2.90454 3.84807,
	2.91232 3.84516,
	2.92788 3.84613,
	2.93566 3.8471,
	2.94345 3.85002,
	2.94539 3.85002,
	2.94734 3.85196,
	2.9629 3.85585,
	2.97846 3.85585,
	3.00959 3.85877,
	3.01737 3.86169,
	3.02418 3.8685,
	3.02807 3.87628,
	3.0271 3.89185,
	3.02904 3.90741,
	3.03585 3.92297,
	3.03974 3.93075,
	3.04558 3.93756,
	3.05239 3.95313,
	3.05628 3.96091,
	3.05725 3.97647,
	3.05628 3.98425,
	3.05142 3.99982,
	3.0485 4.0076,
	3.04655 4.00857,
	3.04558 4.01246,
	3.03099 4.02803,
	2.96971 4.07763,
	2.96193 4.08542,
	2.94636 4.09417,
	2.93858 4.09903,
	2.90745 4.11071,
	2.89189 4.1146,
	2.88411 4.11363,
	2.87633 4.1146,
	2.8452 4.11265,
	2.83742 4.11168,
	2.83353 4.10973,
	2.8024 4.1039,
	2.78781 4.09806,
	2.77225 4.08736,
	2.76447 4.07958,
	2.75863 4.06402,
	2.75766 4.03289,
	2.76057 4.01733,
	2.76155 4.00954,
	2.76252 4.00565,
	2.7596 3.99009,
	2.75085 3.97453,
	2.74987 3.96674,
	2.74987 3.96285,
	"/>
</Transform>

<Transform dim="0"
 xcoef=" 0 1 0 0 0 0"
 ycoef=" 0 0 1 0 0 0">
<Contour name="ax70" comment="dch traced 08.2018" hidden="false" closed="true" simplified="true" border="0 1 1" fill="0.502 1 1" mode="9"
 points="1.87092 3.66115,
	1.8725 3.65487,
	1.87171 3.62973,
	1.8725 3.61716,
	1.87407 3.61088,
	1.87721 3.6046,
	1.87878 3.60303,
	1.88428 3.59046,
	1.8882 3.58418,
	1.88899 3.5826,
	1.89449 3.57868,
	1.90077 3.57789,
	1.91334 3.57318,
	1.92591 3.57004,
	1.93219 3.56847,
	1.93847 3.56847,
	1.95104 3.56611,
	1.97618 3.56532,
	1.97932 3.5669,
	1.9856 3.5669,
	1.99188 3.56847,
	1.99503 3.56847,
	1.9966 3.56925,
	2.00445 3.57318,
	2.01702 3.58103,
	2.0233 3.58496,
	2.02487 3.58496,
	2.02802 3.58732,
	2.02959 3.58732,
	2.03116 3.58889,
	2.03744 3.58967,
	2.05001 3.5936,
	2.06258 3.59439,
	2.07514 3.59674,
	2.08771 3.60146,
	2.09399 3.60381,
	2.11913 3.62659,
	2.1317 3.63444,
	2.15683 3.6368,
	2.16312 3.63837,
	2.17568 3.63837,
	2.17882 3.63916,
	2.1804 3.64073,
	2.19296 3.63837,
	2.20553 3.63366,
	2.21181 3.63052,
	2.22438 3.62659,
	2.24952 3.62502,
	2.26208 3.62659,
	2.27465 3.62659,
	2.28722 3.62816,
	2.2935 3.6313,
	2.30528 3.64387,
	2.31235 3.65644,
	2.31235 3.65958,
	2.31864 3.67215,
	2.32806 3.68471,
	2.3312 3.68629,
	2.33199 3.68786,
	2.33356 3.68786,
	2.34613 3.6965,
	2.35241 3.69964,
	2.35398 3.70121,
	2.35555 3.70121,
	2.36184 3.70671,
	2.37048 3.71927,
	2.37597 3.73184,
	2.38147 3.75698,
	2.38226 3.76954,
	2.3799 3.78211,
	2.37283 3.79468,
	2.36341 3.80725,
	2.35791 3.81274,
	2.35477 3.81353,
	2.34848 3.81274,
	2.33592 3.81431,
	2.32963 3.8151,
	2.3045 3.81274,
	2.29193 3.81039,
	2.2668 3.80175,
	2.25423 3.79861,
	2.25109 3.79703,
	2.23852 3.79703,
	2.23224 3.79861,
	2.22595 3.79861,
	2.21338 3.80175,
	2.2071 3.80253,
	2.20082 3.80567,
	2.19768 3.80567,
	2.18511 3.8096,
	2.15997 3.81117,
	2.14741 3.81039,
	2.14426 3.8096,
	2.1317 3.81196,
	2.12541 3.81274,
	2.10028 3.82296,
	2.09399 3.82453,
	2.08143 3.82453,
	2.06886 3.82296,
	2.06258 3.82296,
	2.05001 3.8261,
	2.04373 3.82924,
	2.03116 3.83866,
	2.02487 3.84338,
	2.02173 3.84573,
	2.00917 3.8473,
	1.9966 3.84652,
	1.99031 3.84495,
	1.97775 3.84416,
	1.9746 3.84338,
	1.96204 3.83395,
	1.95575 3.83002,
	1.94319 3.81903,
	1.93219 3.80646,
	1.92434 3.79389,
	1.90627 3.76876,
	1.9047 3.76562,
	1.90313 3.76405,
	1.90313 3.76247,
	1.90156 3.7609,
	1.90077 3.75776,
	1.88585 3.73263,
	1.88506 3.72949,
	1.88271 3.72713,
	1.88035 3.72085,
	1.88035 3.7177,
	1.87721 3.71142,
	1.8725 3.68629,
	1.87092 3.66194,
	"/>
</Transform>

<Transform dim="0"
 xcoef=" 0 1 0 0 0 0"
 ycoef=" 0 0 1 0 0 0">
<Contour name="ax76" comment="dch traced 08.2018" hidden="false" closed="true" simplified="true" border="0 1 1" fill="0.502 1 1" mode="9"
 points="3.4167 5.62587,
	3.41908 5.61637,
	3.42026 5.61162,
	3.4357 5.59262,
	3.44639 5.57362,
	3.45233 5.56412,
	3.4547 5.55937,
	3.46301 5.54987,
	3.46895 5.54037,
	3.47726 5.52137,
	3.49508 5.51306,
	3.51408 5.50118,
	3.52239 5.49524,
	3.53783 5.47743,
	3.54733 5.47149,
	3.56633 5.47031,
	3.58532 5.47149,
	3.59007 5.47149,
	3.59957 5.46556,
	3.61264 5.44656,
	3.61739 5.44181,
	3.62926 5.42281,
	3.63164 5.41806,
	3.63639 5.41331,
	3.64232 5.40381,
	3.65182 5.39431,
	3.67439 5.35631,
	3.6827 5.34681,
	3.68626 5.34206,
	3.70526 5.33256,
	3.71476 5.33137,
	3.73376 5.33256,
	3.74326 5.33375,
	3.78126 5.33018,
	3.80026 5.32662,
	3.80976 5.32425,
	3.82876 5.31237,
	3.83351 5.31,
	3.84182 5.3005,
	3.84776 5.2815,
	3.85013 5.272,
	3.85963 5.253,
	3.86438 5.2435,
	3.86557 5.23875,
	3.8727 5.22925,
	3.8917 5.21856,
	3.9012 5.21618,
	3.9202 5.21737,
	3.9392 5.22568,
	3.9582 5.23637,
	3.9677 5.24231,
	3.97245 5.24468,
	3.98551 5.26368,
	3.98907 5.28268,
	3.98788 5.30168,
	3.9867 5.31118,
	3.97838 5.33018,
	3.97363 5.33968,
	3.97245 5.34443,
	3.96888 5.34918,
	3.96176 5.36818,
	3.95582 5.37768,
	3.9392 5.39668,
	3.9297 5.405,
	3.92495 5.40737,
	3.91545 5.41568,
	3.90595 5.42043,
	3.90357 5.42043,
	3.89407 5.42756,
	3.88932 5.43112,
	3.88695 5.43112,
	3.87745 5.43824,
	3.86795 5.44181,
	3.82995 5.44537,
	3.81095 5.44537,
	3.8062 5.44537,
	3.80145 5.44774,
	3.7967 5.44774,
	3.7777 5.45724,
	3.7397 5.47149,
	3.73495 5.47387,
	3.7302 5.47387,
	3.72545 5.47743,
	3.71595 5.48099,
	3.71357 5.48099,
	3.70407 5.48812,
	3.69457 5.49762,
	3.68745 5.50712,
	3.6827 5.51662,
	3.68032 5.52612,
	3.68032 5.54512,
	3.6827 5.56412,
	3.6827 5.57362,
	3.68032 5.58312,
	3.67557 5.58787,
	3.6732 5.59262,
	3.66845 5.59499,
	3.64945 5.59499,
	3.6447 5.59381,
	3.6352 5.59499,
	3.63045 5.59381,
	3.59245 5.59737,
	3.57345 5.59737,
	3.55445 5.59974,
	3.54495 5.60093,
	3.52595 5.60687,
	3.5212 5.61043,
	3.51883 5.61043,
	3.51645 5.61281,
	3.51408 5.61281,
	3.50933 5.61637,
	3.49033 5.62349,
	3.48558 5.62468,
	3.4832 5.62468,
	3.47845 5.62824,
	3.4737 5.62943,
	3.4547 5.64131,
	3.4452 5.64724,
	3.44045 5.64962,
	3.43095 5.64843,
	3.4262 5.64606,
	3.4167 5.63656,
	3.4167 5.62706,
	"/>
</Transform>

<Transform dim="0"
 xcoef=" 0 1 0 0 0 0"
 ycoef=" 0 0 1 0 0 0">
<Contour name="ax76" comment="dch traced 08.2018" hidden="false" closed="true" simplified="true" border="0 1 1" fill="0.502 1 1" mode="9"
 points="3.09733 6.02605,
	3.10684 6.0043,
	3.11364 5.99342,
	3.11636 5.98798,
	3.13812 5.97438,
	3.14491 5.96351,
	3.15443 5.95399,
	3.15715 5.94991,
	3.17755 5.93087,
	3.18298 5.9268,
	3.19386 5.92816,
	3.20474 5.93223,
	3.22513 5.94583,
	3.23873 5.96759,
	3.24689 5.9771,
	3.25777 5.99886,
	3.2632 6.02061,
	3.2632 6.04237,
	3.25777 6.06412,
	3.25505 6.075,
	3.23329 6.11851,
	3.22649 6.14026,
	3.22649 6.1457,
	3.21698 6.16746,
	3.20746 6.17697,
	3.19794 6.18377,
	3.18706 6.18785,
	3.18162 6.19193,
	3.15987 6.19193,
	3.14899 6.19057,
	3.12724 6.17833,
	3.1218 6.1729,
	3.115 6.16338,
	3.11364 6.15794,
	3.10684 6.14706,
	3.10276 6.14162,
	3.1014 6.11987,
	3.10548 6.09811,
	3.10412 6.07636,
	3.10004 6.06548,
	3.09733 6.06004,
	3.09733 6.03829,
	3.09733 6.02741,
	"/>
</Transform>

<Transform dim="0"
 xcoef=" 0 1 0 0 0 0"
 ycoef=" 0 0 1 0 0 0">
<Contour name="ax78" comment="dch traced 08.2018" hidden="false" closed="true" simplified="true" border="0 1 1" fill="0.502 1 1" mode="9"
 points="4.61092 5.47856,
	4.61816 5.46891,
	4.62661 5.46167,
	4.62782 5.45926,
	4.66643 5.45202,
	4.67609 5.4496,
	4.69539 5.45322,
	4.7147 5.45926,
	4.73401 5.45805,
	4.75332 5.45322,
	4.77263 5.44236,
	4.78228 5.43512,
	4.80159 5.42909,
	4.82089 5.42547,
	4.83055 5.42305,
	4.83538 5.42064,
	4.85468 5.42064,
	4.87399 5.42426,
	4.8933 5.43391,
	4.93191 5.45926,
	4.93433 5.45926,
	4.93674 5.46167,
	4.93915 5.46167,
	4.95846 5.47494,
	4.96812 5.48218,
	4.97536 5.49184,
	4.97777 5.49425,
	4.97898 5.51356,
	4.97777 5.52321,
	4.96932 5.53287,
	4.95967 5.5389,
	4.95484 5.54252,
	4.95243 5.54493,
	4.9476 5.54614,
	4.94277 5.54976,
	4.94036 5.54976,
	4.93795 5.55217,
	4.91864 5.55821,
	4.90899 5.56062,
	4.88968 5.55941,
	4.87037 5.56062,
	4.83176 5.55821,
	4.81245 5.55941,
	4.77383 5.55579,
	4.75452 5.55459,
	4.73522 5.55097,
	4.6966 5.54855,
	4.68695 5.54493,
	4.68212 5.54373,
	4.67971 5.54373,
	4.67729 5.54131,
	4.66764 5.53769,
	4.66281 5.53407,
	4.6604 5.53407,
	4.64109 5.51959,
	4.62782 5.5027,
	4.61334 5.48339,
	4.61092 5.48098,
	4.61092 5.47977,
	"/>
</Transform>

<Transform dim="0"
 xcoef=" 0 1 0 0 0 0"
 ycoef=" 0 0 1 0 0 0">
<Contour name="ax78" comment="dch traced 08.2018" hidden="false" closed="true" simplified="true" border="0 1 1" fill="0.502 1 1" mode="9"
 points="3.96614 4.65063,
	3.97262 4.62474,
	3.97585 4.61179,
	4.00012 4.58752,
	4.05191 4.56001,
	4.06485 4.55516,
	4.0778 4.55354,
	4.12958 4.56649,
	4.14252 4.56649,
	4.16841 4.57134,
	4.18136 4.57619,
	4.20725 4.59238,
	4.2202 4.60532,
	4.22667 4.61179,
	4.23476 4.62474,
	4.23476 4.62798,
	4.22181 4.64092,
	4.21534 4.64578,
	4.16356 4.65063,
	4.13767 4.65225,
	4.12472 4.65548,
	4.11178 4.66196,
	4.08912 4.68299,
	4.07618 4.69108,
	4.05029 4.69918,
	4.0244 4.70241,
	4.01145 4.70241,
	3.99851 4.69756,
	3.99527 4.69756,
	3.98232 4.68785,
	3.97262 4.67976,
	3.96938 4.67328,
	3.96614 4.67005,
	3.96614 4.6571,
	3.96614 4.65225,
	"/>
</Transform>

<Transform dim="0"
 xcoef=" 0 1 0 0 0 0"
 ycoef=" 0 0 1 0 0 0">
<Contour name="ax02" comment="dch traced 08.2018" hidden="false" closed="true" simplified="true" border="0 1 1" fill="0.502 1 1" mode="9"
 points="5.50991 4.46978,
	5.52596 4.44644,
	5.54784 4.42602,
	5.55075 4.42602,
	5.56243 4.41872,
	5.5741 4.41435,
	5.57993 4.41289,
	5.58285 4.41289,
	5.58577 4.40997,
	5.59744 4.40851,
	5.60911 4.40413,
	5.65579 4.40122,
	5.67913 4.40122,
	5.6908 4.40122,
	5.69664 4.40268,
	5.69955 4.40268,
	5.72144 4.41726,
	5.72727 4.4231,
	5.72873 4.43477,
	5.72727 4.44644,
	5.71998 4.45811,
	5.70976 4.46832,
	5.69955 4.47562,
	5.68205 4.4975,
	5.67038 4.50917,
	5.65871 4.51792,
	5.65287 4.51938,
	5.64266 4.52667,
	5.63682 4.53105,
	5.62515 4.53543,
	5.60181 4.53543,
	5.59014 4.53543,
	5.57847 4.53251,
	5.57264 4.53251,
	5.5493 4.52376,
	5.54638 4.52084,
	5.53471 4.51646,
	5.5245 4.50917,
	5.51866 4.50625,
	5.50991 4.49458,
	5.50991 4.47124,
	"/>
</Transform>

<Transform dim="0"
 xcoef=" 0 1 0 0 0 0"
 ycoef=" 0 0 1 0 0 0">
<Contour name="ax23" comment="LK bouton trace named after cfa" hidden="false" closed="true" simplified="true" border="0 1 1" fill="0.502 1 1" mode="9"
 points="2.88098 5.47072,
	2.88262 5.46746,
	2.8818 5.4544,
	2.88262 5.44787,
	2.88588 5.44134,
	2.89567 5.42828,
	2.9022 5.42257,
	2.90873 5.41931,
	2.91526 5.41767,
	2.91853 5.41767,
	2.92506 5.41522,
	2.93158 5.41441,
	2.94464 5.41033,
	2.97076 5.40625,
	2.97729 5.40543,
	2.99035 5.39972,
	3.00341 5.38911,
	3.00912 5.38258,
	3.01238 5.37931,
	3.02707 5.3532,
	3.03116 5.34667,
	3.0434 5.33443,
	3.04666 5.33198,
	3.04829 5.33034,
	3.06135 5.32708,
	3.08747 5.32953,
	3.094 5.33198,
	3.09563 5.33198,
	3.10869 5.3434,
	3.11604 5.35646,
	3.12012 5.36952,
	3.12583 5.38258,
	3.13726 5.39564,
	3.14379 5.40053,
	3.1699 5.41441,
	3.19602 5.42665,
	3.20908 5.43155,
	3.21561 5.43318,
	3.21887 5.43318,
	3.23193 5.43971,
	3.23764 5.44542,
	3.23846 5.45195,
	3.23683 5.45522,
	3.22458 5.46827,
	3.21806 5.47399,
	3.21397 5.4797,
	3.21153 5.48623,
	3.20989 5.49929,
	3.20826 5.50582,
	3.20745 5.51888,
	3.20745 5.52214,
	3.1952 5.54826,
	3.19194 5.55479,
	3.19031 5.55805,
	3.18704 5.56213,
	3.17398 5.57111,
	3.16827 5.57601,
	3.16174 5.58254,
	3.13807 5.59968,
	3.12501 5.60294,
	3.11195 5.60457,
	3.10543 5.60457,
	3.10461 5.60457,
	3.10134 5.60457,
	3.09482 5.60049,
	3.08176 5.58825,
	3.07523 5.5858,
	3.06217 5.58335,
	3.05564 5.58172,
	3.04258 5.58254,
	3.03605 5.58335,
	3.02299 5.58988,
	3.01973 5.59233,
	2.99361 5.59723,
	2.9675 5.59804,
	2.95444 5.59886,
	2.94138 5.59641,
	2.92832 5.5907,
	2.92179 5.58662,
	2.90873 5.57601,
	2.9022 5.56948,
	2.89323 5.55642,
	2.88914 5.54989,
	2.88751 5.54663,
	2.88833 5.5401,
	2.88506 5.53357,
	2.88262 5.52051,
	2.88262 5.49439,
	2.88098 5.48133,
	2.88098 5.4748,
	2.88098 5.47154,
	"/>
</Transform>

<Transform dim="0"
 xcoef=" 0 1 0 0 0 0"
 ycoef=" 0 0 1 0 0 0">
<Contour name="ax42" comment="dch traced 07.2018" hidden="false" closed="true" simplified="true" border="0 1 1" fill="0.502 1 1" mode="9"
 points="2.8684 5.74832,
	2.87197 5.72928,
	2.87197 5.72452,
	2.88149 5.70548,
	2.88625 5.69596,
	2.88863 5.6912,
	2.89101 5.68882,
	2.89458 5.66978,
	2.89339 5.65074,
	2.89339 5.64122,
	2.89458 5.63646,
	2.90172 5.62812,
	2.91124 5.62098,
	2.93028 5.61146,
	2.93504 5.61027,
	2.9398 5.6067,
	2.94456 5.60551,
	2.94694 5.60313,
	2.9517 5.60194,
	2.95289 5.60194,
	2.96717 5.59718,
	3.00526 5.59123,
	3.04334 5.58766,
	3.05286 5.58647,
	3.0719 5.58885,
	3.07666 5.59004,
	3.08618 5.59718,
	3.09094 5.59837,
	3.0957 5.60194,
	3.09809 5.60194,
	3.10047 5.60432,
	3.13855 5.60551,
	3.14807 5.6067,
	3.15283 5.6067,
	3.16235 5.61027,
	3.1802 5.62574,
	3.18496 5.63527,
	3.18734 5.64003,
	3.18734 5.64955,
	3.18139 5.66859,
	3.1683 5.68763,
	3.15997 5.69715,
	3.14093 5.71024,
	3.12189 5.71857,
	3.10285 5.72214,
	3.0838 5.72214,
	3.07904 5.72214,
	3.06 5.72928,
	3.02192 5.74832,
	3.00288 5.75904,
	2.99931 5.76261,
	2.99455 5.7638,
	2.98979 5.76737,
	2.98741 5.76737,
	2.98265 5.77094,
	2.9636 5.77689,
	2.95884 5.77927,
	2.95408 5.77927,
	2.93504 5.78641,
	2.916 5.78522,
	2.89696 5.78165,
	2.88744 5.77927,
	2.87792 5.77332,
	2.87197 5.76499,
	2.8684 5.75547,
	2.8684 5.7507,
	2.8684 5.74951,
	"/>
</Transform>

<Transform dim="0"
 xcoef=" 0 1 0 0 0 0"
 ycoef=" 0 0 1 0 0 0">
<Contour name="ax79" comment="dch traced 08.2018" hidden="false" closed="true" simplified="true" border="0 1 1" fill="0 0 1" mode="11"
 points="6.16958 2.24883,
	6.17939 2.22643,
	6.18639 2.20402,
	6.18919 2.19282,
	6.18919 2.18162,
	6.19199 2.17042,
	6.19899 2.15921,
	6.22139 2.14661,
	6.2424 2.13681,
	6.2648 2.12421,
	6.276 2.11861,
	6.28581 2.1088,
	6.29141 2.1032,
	6.31241 2.0906,
	6.33482 2.0836,
	6.37962 2.0822,
	6.40203 2.0864,
	6.42443 2.0962,
	6.46924 2.11021,
	6.48044 2.11301,
	6.48605 2.11581,
	6.49165 2.11581,
	6.51405 2.12281,
	6.51965 2.12281,
	6.53085 2.12701,
	6.57566 2.13541,
	6.62047 2.14801,
	6.63167 2.15361,
	6.63587 2.15641,
	6.64148 2.16202,
	6.64848 2.17322,
	6.64988 2.17882,
	6.65688 2.18862,
	6.66108 2.19982,
	6.66108 2.20542,
	6.65828 2.21102,
	6.65548 2.21383,
	6.65548 2.21663,
	6.64708 2.22783,
	6.63587 2.23763,
	6.62607 2.26003,
	6.62607 2.28244,
	6.62607 2.29364,
	6.62467 2.29924,
	6.62467 2.30204,
	6.62187 2.30484,
	6.62187 2.30764,
	6.61207 2.31885,
	6.60647 2.32445,
	6.59527 2.34405,
	6.59107 2.35525,
	6.58967 2.36085,
	6.58686 2.36365,
	6.58406 2.38606,
	6.57986 2.39726,
	6.57846 2.41966,
	6.57846 2.43087,
	6.57566 2.43647,
	6.57426 2.44767,
	6.56446 2.47007,
	6.55466 2.48128,
	6.53225 2.49668,
	6.52665 2.50088,
	6.50425 2.50508,
	6.48184 2.50648,
	6.47064 2.50648,
	6.45944 2.50228,
	6.45244 2.49108,
	6.44824 2.46867,
	6.44544 2.46307,
	6.42303 2.45607,
	6.41743 2.45327,
	6.41463 2.45047,
	6.40903 2.44907,
	6.38663 2.43647,
	6.37542 2.42947,
	6.36982 2.42667,
	6.36702 2.42667,
	6.36142 2.42247,
	6.35582 2.42106,
	6.35302 2.42106,
	6.35022 2.41826,
	6.33902 2.41686,
	6.33342 2.41406,
	6.33062 2.41406,
	6.32781 2.41126,
	6.31661 2.40706,
	6.29421 2.39306,
	6.29141 2.39306,
	6.269 2.37626,
	6.248 2.36225,
	6.20879 2.33005,
	6.19059 2.31184,
	6.18639 2.30624,
	6.18359 2.30344,
	6.18219 2.29784,
	6.17519 2.28664,
	6.16958 2.26423,
	6.16958 2.25303,
	6.16958 2.25023,
	"/>
</Transform>

</Section>