<?xml version="1.0"?>
<!DOCTYPE Section SYSTEM "section.dtd">

<Section index="156" thickness="0.06" alignLocked="true">
<Transform dim="6"
 xcoef=" 1.48990098201515 0.854842156438731 -0.0650876145436036 0 0 0"
 ycoef=" -1.03510497646279 0.0871650708796141 0.906836605894677 0 0 0">
<Image mag="0.00217968" contrast="1" brightness="0" red="true" green="true" blue="true"
 src="FWNGV.156.jpg" />
<Contour name="domain1" hidden="false" closed="true" simplified="false" border="1 0 1" fill="1 0 1" mode="11"
 points="0 0,
	4096 0,
	4096 4096,
	0 4096,
	"/>
</Transform>

<Transform dim="0"
 xcoef=" 0 1 0 0 0 0"
 ycoef=" 0 0 1 0 0 0">
<Contour name="d02" hidden="false" closed="true" simplified="true" border="0.5 0 1" fill="0.5 0 1" mode="9"
 points="3.44003 2.842,
	3.4612 2.82612,
	3.63056 2.82612,
	3.71524 2.82612,
	3.75758 2.81024,
	3.79991 2.82083,
	3.8105 2.83141,
	3.85284 2.84729,
	3.87401 2.84729,
	3.9481 2.91609,
	3.96927 2.93726,
	3.97985 2.95843,
	3.97985 2.9796,
	3.96398 2.99548,
	3.62527 2.99548,
	3.58293 2.98489,
	3.56176 2.9796,
	3.55117 2.9796,
	3.50883 2.94255,
	3.4665 2.94255,
	3.44533 2.93197,
	3.44003 2.84729,
	"/>
<Contour name="d02" hidden="false" closed="true" simplified="true" border="0.5 0 1" fill="0.5 0 1" mode="9"
 points="1.7306 2.99018,
	1.77294 2.95314,
	1.81528 2.92667,
	1.83645 2.91609,
	1.8682 2.87375,
	1.90525 2.7044,
	1.9423 2.61972,
	1.95817 2.53504,
	1.96347 2.45036,
	1.96876 2.42919,
	2.03756 2.34981,
	2.05873 2.33393,
	2.10107 2.32335,
	2.12224 2.32335,
	2.29159 2.23867,
	2.33393 2.22808,
	2.3551 2.22808,
	2.37627 2.23867,
	2.36039 2.25984,
	2.38156 2.27042,
	2.40273 2.31276,
	2.40273 2.39744,
	2.41861 2.43978,
	2.50329 2.51916,
	2.52446 2.5615,
	2.56679 2.60384,
	2.58267 2.61972,
	2.62501 2.6303,
	2.70969 2.66735,
	2.79437 2.67264,
	2.87904 2.70969,
	2.96372 2.71498,
	3.13308 2.7044,
	3.17542 2.7044,
	3.21775 2.72027,
	3.2548 2.75732,
	3.24951 2.77849,
	3.16483 2.82612,
	3.14366 2.8367,
	3.05898 2.842,
	3.01665 2.84729,
	2.99548 2.85787,
	2.9796 2.87904,
	2.97431 2.90021,
	2.95843 2.92138,
	2.91609 2.92667,
	2.87375 2.92138,
	2.83141 2.90021,
	2.74673 2.87375,
	2.72557 2.85787,
	2.55621 2.85258,
	2.47153 2.85258,
	2.45036 2.85787,
	2.43978 2.86846,
	2.43449 2.88963,
	2.36039 2.97431,
	2.32864 3.01665,
	2.29688 3.10132,
	2.28101 3.12249,
	2.27042 3.16483,
	2.26513 3.24951,
	2.26513 3.27068,
	2.25455 3.29185,
	2.24925 3.33419,
	2.23867 3.35536,
	2.23867 3.39769,
	2.26513 3.44003,
	2.28101 3.48237,
	2.2863 3.52471,
	2.28101 3.54588,
	2.19633 3.58822,
	2.15399 3.59351,
	2.13282 3.59351,
	2.11165 3.58293,
	2.10107 3.57234,
	2.09577 3.48767,
	2.10107 3.44533,
	2.12753 3.40299,
	2.14341 3.38182,
	2.13811 3.33948,
	2.09577 3.31831,
	2.07461 3.31302,
	2.03227 3.27068,
	2.0111 3.24951,
	2.00051 3.23892,
	1.95817 3.22834,
	1.937 3.22305,
	1.76765 3.08015,
	1.75177 3.05898,
	1.74119 3.0484,
	1.7306 3.00606,
	1.7306 2.99548,
	"/>
<Contour name="d02c46c" hidden="false" closed="true" simplified="true" border="0 1 0" fill="0 1 0" mode="9"
 points="1.19158 3.12358,
	1.19954 3.11296,
	1.21281 3.105,
	1.23404 3.10765,
	1.24465 3.11031,
	1.26588 3.12358,
	1.2765 3.12888,
	1.31365 3.16869,
	1.33488 3.21115,
	1.33754 3.22177,
	1.33754 3.22708,
	1.35081 3.24831,
	1.35877 3.25892,
	1.36408 3.30138,
	1.36408 3.312,
	1.35081 3.33323,
	1.32958 3.33323,
	1.31896 3.33058,
	1.31365 3.33058,
	1.29242 3.30935,
	1.28446 3.29873,
	1.2765 3.2775,
	1.2765 3.27219,
	1.26588 3.26158,
	1.23935 3.21911,
	1.23404 3.19788,
	1.21015 3.15542,
	1.19158 3.13685,
	1.19158 3.12623,
	"/>
<Contour name="d02cfa46c" hidden="false" closed="false" simplified="false" border="0 1 1" fill="0 1 1" mode="9"
 points="1.33625 3.3317,
	1.31767 3.27597,
	1.29644 3.23085,
	1.25132 3.15389,
	1.21682 3.10347,
	"/>
<Contour name="d03cfa33Bax42" hidden="false" closed="false" simplified="false" border="0 1 1" fill="0 1 1" mode="9"
 points="1.21442 5.80313,
	1.0735 5.82538,
	0.964712 5.84763,
	0.902902 5.84269,
	"/>
<Contour name="d03cfa34ax23" hidden="false" closed="false" simplified="false" border="0 1 1" fill="0 1 1" mode="9"
 points="2.6979 5.50663,
	2.68583 5.39202,
	2.68583 5.28947,
	"/>
<Contour name="d03c35" hidden="false" closed="true" simplified="true" border="1 0 0" fill="0 1 0" mode="9"
 points="1.34194 3.87719,
	1.36379 3.84222,
	1.42936 3.79414,
	1.46433 3.79414,
	1.47744 3.80725,
	1.47744 3.82474,
	1.45122 3.85971,
	1.44247 3.87719,
	1.43373 3.88593,
	1.43373 3.89468,
	1.39876 3.91653,
	1.36379 3.9209,
	1.34631 3.91216,
	1.34194 3.88156,
	"/>
<Contour name="d03cfa35" hidden="false" closed="false" simplified="false" border="0 1 1" fill="0 1 1" mode="9"
 points="1.34661 3.9137,
	1.41218 3.8525,
	1.47774 3.81316,
	"/>
<Contour name="d04" hidden="false" closed="true" simplified="true" border="1 0 0" fill="1 0 0" mode="9"
 points="3.16768 4.89405,
	3.21184 4.83382,
	3.2279 4.82178,
	3.29214 4.82178,
	3.32426 4.80171,
	3.34032 4.78966,
	3.46879 4.78565,
	3.50091 4.78565,
	3.53303 4.79368,
	3.54909 4.80572,
	3.58121 4.80974,
	3.59726 4.81375,
	3.60529 4.81375,
	3.62135 4.82981,
	3.62938 4.83784,
	3.62938 4.86996,
	3.58923 4.93018,
	3.55712 4.95427,
	3.49288 4.96631,
	3.36441 4.96631,
	3.33229 4.96631,
	3.31623 4.96631,
	3.28411 4.95427,
	3.21987 4.95427,
	3.18775 4.95025,
	3.1717 4.93821,
	3.16768 4.90609,
	3.16768 4.89806,
	"/>
<Contour name="d04" hidden="false" closed="true" simplified="true" border="1 0 0" fill="1 0 0" mode="9"
 points="4.11919 5.03456,
	4.13525 5.01851,
	4.19949 4.98639,
	4.2316 4.97836,
	4.29584 4.94624,
	4.36008 4.90609,
	4.37614 4.89003,
	4.3922 4.882,
	4.40825 4.86594,
	4.4484 4.80572,
	4.47651 4.77762,
	4.60498 4.70134,
	4.61702 4.68528,
	4.63308 4.68126,
	4.64111 4.67725,
	4.64513 4.68528,
	4.64111 4.69331,
	4.64513 4.72542,
	4.63308 4.75754,
	4.62505 4.7736,
	4.62104 4.80572,
	4.59695 4.82579,
	4.53673 4.86594,
	4.50461 4.882,
	4.48855 4.88602,
	4.45643 4.91011,
	4.4203 4.97434,
	4.38818 5.00245,
	4.37614 5.01851,
	4.36811 5.08274,
	4.35606 5.0988,
	4.34803 5.10683,
	4.33197 5.11085,
	4.31993 5.1269,
	4.30387 5.13092,
	4.28781 5.14296,
	4.15934 5.14296,
	4.13123 5.12289,
	4.1232 5.11486,
	4.11919 5.05062,
	4.11919 5.03858,
	"/>
<Contour name="d04" hidden="false" closed="true" simplified="true" border="1 0 0" fill="1 0 0" mode="9"
 points="4.05094 4.04291,
	4.09109 3.97867,
	4.1232 3.95057,
	4.13525 3.93451,
	4.13926 3.87027,
	4.16737 3.83815,
	4.18343 3.83414,
	4.19146 3.83414,
	4.24365 3.7699,
	4.27978 3.70566,
	4.30387 3.67355,
	4.31993 3.65749,
	4.34803 3.59325,
	4.36008 3.56113,
	4.37614 3.54909,
	4.40825 3.54909,
	4.42431 3.5531,
	4.43234 3.56113,
	4.43636 3.57719,
	4.45643 3.60529,
	4.51665 3.64946,
	4.51264 3.65347,
	4.53271 3.68559,
	4.59294 3.74581,
	4.62505 3.77793,
	4.66119 3.83815,
	4.69331 3.8502,
	4.75754 3.8502,
	4.78966 3.85421,
	4.80572 3.86224,
	4.82178 3.8783,
	4.83382 3.88633,
	4.89405 3.94254,
	4.95828 3.97064,
	4.96631 3.97064,
	5.03055 4.01882,
	5.03858 4.03488,
	5.04661 4.03889,
	5.04661 4.04692,
	5.05464 4.05495,
	5.05062 4.07101,
	5.02252 4.09109,
	4.9904 4.10313,
	4.92616 4.10313,
	4.91011 4.10313,
	4.882 4.07904,
	4.84988 4.04692,
	4.83382 4.03889,
	4.80171 4.04291,
	4.73747 4.067,
	4.70535 4.08707,
	4.68929 4.09109,
	4.66119 4.11517,
	4.64513 4.13123,
	4.58089 4.15131,
	4.51665 4.15131,
	4.45242 4.16335,
	4.43636 4.1754,
	4.40424 4.18343,
	4.34 4.18343,
	4.30788 4.16737,
	4.29986 4.16737,
	4.2838 4.15532,
	4.25168 4.14328,
	4.18744 4.14729,
	4.1232 4.12722,
	4.09109 4.1232,
	4.07503 4.1232,
	4.067 4.1232,
	4.05094 4.10714,
	4.05094 4.04692,
	"/>
<Contour name="d04" hidden="false" closed="true" simplified="true" border="1 0 0" fill="1 0 0" mode="9"
 points="3.12352 4.32394,
	3.15162 4.29584,
	3.15965 4.28781,
	3.22389 4.28781,
	3.23995 4.28781,
	3.27207 4.26774,
	3.30418 4.25569,
	3.31221 4.25971,
	3.31623 4.27175,
	3.34433 4.30387,
	3.34433 4.33599,
	3.34433 4.34402,
	3.32827 4.35606,
	3.32024 4.37212,
	3.30418 4.38417,
	3.29615 4.3922,
	3.28812 4.3922,
	3.27207 4.40424,
	3.23995 4.40825,
	3.20783 4.40424,
	3.14359 4.38417,
	3.12753 4.37212,
	3.12352 4.34,
	3.12352 4.32796,
	"/>
<Contour name="d04" hidden="false" closed="true" simplified="true" border="1 0 0" fill="1 0 0" mode="9"
 points="5.43203 3.80603,
	5.4521 3.7418,
	5.47218 3.70968,
	5.53641 3.68158,
	5.59664 3.64143,
	5.60467 3.63741,
	5.6127 3.64544,
	5.67693 3.6615,
	5.68898 3.67756,
	5.69299 3.70968,
	5.68496 3.77392,
	5.6689 3.80603,
	5.6127 3.86224,
	5.54846 3.91443,
	5.5324 3.93049,
	5.51634 3.93852,
	5.48422 3.93852,
	5.46816 3.93852,
	5.44006 3.91042,
	5.43203 3.89436,
	5.43203 3.83012,
	5.43203 3.81406,
	5.43203 3.81005,
	"/>
<Contour name="d04p37" hidden="false" closed="true" simplified="false" border="1 0 1" fill="1 0 1" mode="9"
 points="4.75708 3.97562,
	4.75708 3.96153,
	4.77117 3.94744,
	4.78526 3.94744,
	4.79934 3.96153,
	4.79934 3.97562,
	4.78526 3.98971,
	4.77117 3.98971,
	"/>
<Contour name="d04p38" hidden="false" closed="true" simplified="false" border="1 0 0" fill="1 0 0" mode="9"
 points="4.43308 3.65162,
	4.41195 3.65162,
	4.41195 3.66218,
	4.42251 3.67275,
	4.45421 3.68331,
	4.43308 3.69388,
	4.42251 3.71501,
	4.40138 3.69388,
	4.39082 3.67275,
	4.39082 3.65162,
	4.36969 3.65162,
	4.40138 3.63049,
	"/>
<Contour name="d04c34b" hidden="false" closed="true" simplified="true" border="0 1 0" fill="0 1 0" mode="9"
 points="3.38457 4.95879,
	3.40556 4.94567,
	3.42655 4.9378,
	3.46853 4.9378,
	3.48952 4.9378,
	3.51051 4.94305,
	3.5315 4.94305,
	3.53675 4.9483,
	3.53675 4.95879,
	3.52888 4.96929,
	3.52625 4.97978,
	3.52625 4.98503,
	3.51576 4.9929,
	3.4318 4.99553,
	3.41081 4.99553,
	3.40032 4.99553,
	3.38982 4.98765,
	3.38457 4.96666,
	3.38457 4.96142,
	"/>
<Contour name="d04cfa34b" hidden="false" closed="false" simplified="false" border="0 1 1" fill="0 1 1" mode="9"
 points="3.53672 4.95866,
	3.46326 4.95604,
	3.38455 4.96915,
	"/>
<Contour name="d04cfa40ax31" hidden="false" closed="false" simplified="false" border="0 1 1" fill="0 1 1" mode="9"
 points="5.55697 3.90656,
	5.59895 3.87507,
	5.65667 3.8226,
	5.6934 3.76225,
	5.6934 3.7229,
	"/>
<Contour name="d04plinn34" hidden="false" closed="true" simplified="false" border="0 0 1" fill="0 0 1" mode="-13"
 points="4.45811 3.93227,
	4.43272 3.90688,
	4.45811 3.88149,
	4.4835 3.90688,
	"/>
<Contour name="d03c34ax23_ssvr" hidden="false" closed="true" simplified="false" border="0 1 0.502" fill="0 0 1" mode="11"
 points="2.75921 5.37321,
	2.74564 5.35964,
	2.75921 5.34607,
	2.77278 5.35964,
	"/>
<Contour name="d03c34ax23_ssvr" hidden="false" closed="true" simplified="false" border="0 1 0.502" fill="0 0 1" mode="11"
 points="2.80961 5.44687,
	2.79604 5.4333,
	2.80961 5.41973,
	2.82317 5.4333,
	"/>
<Contour name="d04c37ax30_ssvr" hidden="false" closed="true" simplified="false" border="0 1 0.502" fill="0 0 1" mode="11"
 points="5.75554 4.78177,
	5.74319 4.76942,
	5.75554 4.75707,
	5.76789 4.76942,
	"/>
<Contour name="d04c37ax30_ssvr" hidden="false" closed="true" simplified="false" border="0 1 0.502" fill="0 0 1" mode="11"
 points="5.76966 4.73237,
	5.75731 4.72002,
	5.76966 4.70767,
	5.78201 4.72002,
	"/>
<Contour name="d04c37ax30_ssvr" hidden="false" closed="true" simplified="false" border="0 1 0.502" fill="0 0 1" mode="11"
 points="6.37653 4.63887,
	6.36418 4.62652,
	6.37653 4.61417,
	6.38888 4.62652,
	"/>
<Contour name="d04c40ax31_ssvr" hidden="false" closed="true" simplified="false" border="0 1 0.502" fill="0 0 1" mode="11"
 points="6.05433 4.15518,
	6.04152 4.14236,
	6.05433 4.12955,
	6.06714 4.14236,
	"/>
<Contour name="d04c40ax31_ssvr" hidden="false" closed="true" simplified="false" border="0 1 0.502" fill="0 0 1" mode="11"
 points="6.07263 4.10759,
	6.05982 4.09478,
	6.07263 4.08197,
	6.08544 4.09478,
	"/>
<Contour name="d04c40ax31_ssvr" hidden="false" closed="true" simplified="false" border="0 1 0.502" fill="0 0 1" mode="11"
 points="6.03786 4.04354,
	6.02505 4.03072,
	6.03786 4.01791,
	6.05067 4.03072,
	"/>
<Contour name="d04c40ax31_ssvr" hidden="false" closed="true" simplified="false" border="0 1 0.502" fill="0 0 1" mode="11"
 points="5.79628 3.96484,
	5.78347 3.95203,
	5.79628 3.93922,
	5.80909 3.95203,
	"/>
<Contour name="d04c40ax31_ssvr" hidden="false" closed="true" simplified="false" border="0 1 0.502" fill="0 0 1" mode="11"
 points="5.74686 3.84222,
	5.73405 3.82941,
	5.74686 3.8166,
	5.75967 3.82941,
	"/>
<Contour name="d04c40ax31_ssvr" hidden="false" closed="true" simplified="false" border="0 1 0.502" fill="0 0 1" mode="11"
 points="5.71575 3.89712,
	5.70294 3.88431,
	5.71575 3.8715,
	5.72856 3.88431,
	"/>
<Contour name="d04c40ax31_ssvr" hidden="false" closed="true" simplified="false" border="0 1 0.502" fill="0 0 1" mode="11"
 points="5.67732 3.93556,
	5.66451 3.92275,
	5.67732 3.90993,
	5.69013 3.92275,
	"/>
<Contour name="d04c40ax31_ssvr" hidden="false" closed="true" simplified="false" border="0 1 0.502" fill="0 0 1" mode="11"
 points="5.63339 3.95569,
	5.62058 3.94288,
	5.63339 3.93007,
	5.6462 3.94288,
	"/>
<Contour name="d04c40ax31_ssvr" hidden="false" closed="true" simplified="false" border="0 1 0.502" fill="0 0 1" mode="11"
 points="5.59862 3.99412,
	5.58581 3.98131,
	5.59862 3.9685,
	5.61143 3.98131,
	"/>
<Contour name="d04c40ax31_ssvda" hidden="false" closed="true" simplified="false" border="1 0 0" fill="0 0 1" mode="11"
 points="5.69745 3.85137,
	5.68464 3.83856,
	5.69745 3.82575,
	5.71026 3.83856,
	"/>
<Contour name="d04c40ax31_ssvda" hidden="false" closed="true" simplified="false" border="1 0 0" fill="0 0 1" mode="11"
 points="5.65902 3.88797,
	5.6462 3.87516,
	5.65902 3.86235,
	5.67183 3.87516,
	"/>
<Contour name="d04c40ax31_ssvda" hidden="false" closed="true" simplified="false" border="1 0 0" fill="0 0 1" mode="11"
 points="5.61509 3.91909,
	5.60228 3.90627,
	5.61509 3.89346,
	5.6279 3.90627,
	"/>
<Contour name="d01" hidden="false" closed="true" simplified="true" border="1 0.502 0" fill="1 0.502 0" mode="9"
 points="4.57483 5.93548,
	4.59056 5.91713,
	4.59843 5.91189,
	4.6194 5.91975,
	4.62989 5.93024,
	4.65086 5.94335,
	4.67183 5.95121,
	4.68232 5.95121,
	4.69281 5.95646,
	4.71378 5.95908,
	4.73475 5.96957,
	4.74 5.96957,
	4.82389 6.01938,
	4.84486 6.02724,
	4.92876 6.03511,
	4.94973 6.03249,
	4.9576 6.02462,
	4.96022 6.01413,
	4.97857 6.00103,
	4.98119 5.99578,
	5.02314 5.98267,
	5.02838 5.98267,
	5.03363 5.97743,
	5.07557 5.96694,
	5.08606 5.96957,
	5.0913 5.96957,
	5.09917 5.98005,
	5.10179 5.99054,
	5.09917 6.00103,
	5.09917 6.00627,
	5.09392 6.01151,
	5.09392 6.01676,
	5.07819 6.03773,
	5.05722 6.05084,
	5.01527 6.06919,
	4.97333 6.09541,
	4.9576 6.11376,
	4.94711 6.119,
	4.86322 6.11376,
	4.82127 6.119,
	4.8003 6.12424,
	4.77932 6.12424,
	4.75835 6.11638,
	4.74 6.09541,
	4.73213 6.08492,
	4.69019 6.0587,
	4.64824 6.03773,
	4.62727 6.02462,
	4.60629 6.01676,
	4.59843 6.00627,
	4.5827 5.96432,
	4.57483 5.94335,
	4.57483 5.93811,
	"/>
<Contour name="d01" hidden="false" closed="true" simplified="true" border="1 0.502 0" fill="1 0.502 0" mode="9"
 points="3.36099 5.55272,
	3.36886 5.54223,
	3.41081 5.52388,
	3.44751 5.49766,
	3.458 5.49242,
	3.54189 5.49242,
	3.58384 5.48718,
	3.62578 5.47407,
	3.64676 5.45309,
	3.66249 5.43212,
	3.70181 5.39804,
	3.74114 5.3692,
	3.76211 5.35609,
	3.7726 5.34561,
	3.78308 5.34298,
	3.79357 5.33512,
	3.87746 5.30366,
	3.91941 5.29055,
	3.94039 5.28269,
	3.98233 5.28269,
	4.00331 5.28531,
	4.02428 5.29317,
	4.03477 5.29579,
	4.04525 5.30366,
	4.0872 5.32201,
	4.10817 5.32725,
	4.12915 5.32725,
	4.17109 5.34298,
	4.21304 5.34823,
	4.25499 5.37444,
	4.28907 5.40853,
	4.31529 5.45047,
	4.31529 5.45572,
	4.32315 5.4662,
	4.33102 5.48718,
	4.33626 5.52912,
	4.33626 5.53961,
	4.3415 5.5501,
	4.33888 5.63399,
	4.33102 5.71788,
	4.32315 5.75983,
	4.32053 5.7808,
	4.32053 5.79129,
	4.31266 5.81226,
	4.27858 5.84897,
	4.20255 5.91713,
	4.19207 5.925,
	4.18158 5.92762,
	4.13963 5.91451,
	4.11866 5.91189,
	4.09769 5.92762,
	4.05574 5.93024,
	4.01379 5.925,
	3.99282 5.91451,
	3.95087 5.91189,
	3.86698 5.89878,
	3.85649 5.89616,
	3.85125 5.89091,
	3.83027 5.88567,
	3.8093 5.86732,
	3.79619 5.84897,
	3.77522 5.82799,
	3.75425 5.82013,
	3.749 5.81751,
	3.72803 5.82275,
	3.70706 5.82013,
	3.68608 5.81226,
	3.6756 5.8044,
	3.66511 5.80178,
	3.64414 5.78605,
	3.60481 5.74672,
	3.59694 5.73624,
	3.59432 5.71526,
	3.59694 5.70478,
	3.59694 5.69953,
	3.5917 5.69429,
	3.5917 5.68905,
	3.58121 5.68118,
	3.57597 5.67594,
	3.57073 5.67594,
	3.56548 5.67069,
	3.56024 5.67069,
	3.53927 5.65759,
	3.52878 5.65234,
	3.4947 5.6104,
	3.47373 5.59729,
	3.45275 5.59204,
	3.41081 5.59204,
	3.38983 5.5868,
	3.38459 5.5868,
	3.3741 5.57894,
	3.36886 5.57894,
	3.36099 5.56845,
	3.36099 5.55796,
	3.36099 5.55534,
	"/>
<Contour name="d03" hidden="false" closed="true" simplified="true" border="1 1 0" fill="1 1 0.501961" mode="11"
 points="1.35921 3.94488,
	1.36451 3.93426,
	1.36451 3.92895,
	1.3831 3.90771,
	1.38841 3.8971,
	1.42823 3.86258,
	1.44946 3.84931,
	1.46805 3.83073,
	1.48929 3.82276,
	1.51052 3.82011,
	1.553 3.84931,
	1.57424 3.85462,
	1.58485 3.85728,
	1.59016 3.85728,
	1.60609 3.87851,
	1.6114 3.88648,
	1.60344 3.92895,
	1.60078 3.95019,
	1.59547 3.96081,
	1.58485 3.97143,
	1.57954 3.97674,
	1.53707 3.97939,
	1.52645 3.97939,
	1.51583 3.97408,
	1.47336 3.97408,
	1.43088 3.9847,
	1.38841 3.98736,
	1.37779 3.9847,
	1.36717 3.97408,
	1.36186 3.96877,
	1.35921 3.94753,
	"/>
<Contour name="d01p28a" hidden="false" closed="true" simplified="false" border="1 0 0" fill="1 0 0" mode="-9"
 points="3.6052 5.56093,
	3.59227 5.56093,
	3.59227 5.56739,
	3.59874 5.57385,
	3.61813 5.58032,
	3.6052 5.58678,
	3.59874 5.59971,
	3.58581 5.58678,
	3.57934 5.57385,
	3.57934 5.56093,
	3.56641 5.56093,
	3.58581 5.548,
	"/>
<Contour name="d01p28b" hidden="false" closed="true" simplified="false" border="1 0 0" fill="1 0 0" mode="-9"
 points="3.6052 5.56093,
	3.59227 5.56093,
	3.59227 5.56739,
	3.59874 5.57385,
	3.61813 5.58032,
	3.6052 5.58678,
	3.59874 5.59971,
	3.58581 5.58678,
	3.57934 5.57385,
	3.57934 5.56093,
	3.56641 5.56093,
	3.58581 5.548,
	"/>
<Contour name="d01p28b" hidden="false" closed="true" simplified="false" border="1 0 0" fill="1 0 0" mode="-9"
 points="3.6052 5.56093,
	3.59227 5.56093,
	3.59227 5.56739,
	3.59874 5.57385,
	3.61813 5.58032,
	3.6052 5.58678,
	3.59874 5.59971,
	3.58581 5.58678,
	3.57934 5.57385,
	3.57934 5.56093,
	3.56641 5.56093,
	3.58581 5.548,
	"/>
<Contour name="d02p47" hidden="false" closed="true" simplified="false" border="1 0 1" fill="1 0 1" mode="-9"
 points="2.54716 2.72943,
	2.54716 2.72081,
	2.55578 2.71219,
	2.5644 2.71219,
	2.57302 2.72081,
	2.57302 2.72943,
	2.5644 2.73805,
	2.55578 2.73805,
	"/>
<Contour name="d02p48" hidden="false" closed="true" simplified="false" border="1 0 0" fill="1 0 0" mode="-9"
 points="2.18084 3.2466,
	2.16791 3.2466,
	2.16791 3.25307,
	2.17437 3.25953,
	2.19377 3.26599,
	2.18084 3.27246,
	2.17437 3.28539,
	2.16144 3.27246,
	2.15498 3.25953,
	2.15498 3.2466,
	2.14205 3.2466,
	2.16144 3.23367,
	"/>
<Contour name="d03p32a" hidden="false" closed="true" simplified="false" border="0.501961 0 1" fill="0.501961 0 1" mode="-9"
 points="1.13619 5.01834,
	1.16012 5.01834,
	1.14816 5.04027,
	"/>
<Contour name="d03p32b" hidden="false" closed="true" simplified="false" border="0.501961 0 1" fill="0.501961 0 1" mode="-9"
 points="1.13619 5.01834,
	1.16012 5.01834,
	1.14816 5.04027,
	"/>
<Contour name="d03p33a" hidden="false" closed="true" simplified="false" border="1 0 0.5" fill="1 0 0.5" mode="-9"
 points="1.13819 5.57061,
	1.16211 5.57061,
	1.15015 5.59254,
	"/>
<Contour name="d03p33b" hidden="false" closed="true" simplified="false" border="1 0 0.5" fill="1 0 0.5" mode="-9"
 points="1.13819 5.57061,
	1.16211 5.57061,
	1.15015 5.59254,
	"/>
<Contour name="ax30" comment="LK bouton trace named after cfa" hidden="false" closed="true" simplified="true" border="0 1 1" fill="0.502 1 1" mode="9"
 points="5.5605 4.84796,
	5.56461 4.83973,
	5.58004 4.82739,
	5.59649 4.81711,
	5.60471 4.81094,
	5.62116 4.80169,
	5.63761 4.78935,
	5.64584 4.78421,
	5.66126 4.76776,
	5.6664 4.76159,
	5.67463 4.75542,
	5.69108 4.74617,
	5.69519 4.74205,
	5.69725 4.74,
	5.70136 4.73897,
	5.71781 4.72869,
	5.72604 4.72457,
	5.73632 4.69167,
	5.74146 4.67522,
	5.74455 4.66699,
	5.74558 4.63409,
	5.74352 4.61764,
	5.74146 4.60942,
	5.7466 4.57651,
	5.75586 4.56006,
	5.76305 4.54361,
	5.76511 4.5395,
	5.76408 4.53744,
	5.76614 4.52922,
	5.76614 4.52099,
	5.76614 4.51688,
	5.77231 4.50043,
	5.77642 4.4922,
	5.77745 4.48809,
	5.79082 4.47472,
	5.80727 4.46341,
	5.82372 4.45416,
	5.85662 4.4521,
	5.87307 4.4521,
	5.88952 4.45519,
	5.89364 4.45519,
	5.89775 4.45724,
	5.9142 4.46033,
	5.91831 4.46238,
	5.92243 4.46238,
	5.93888 4.46752,
	5.97178 4.47267,
	5.98823 4.47472,
	6.00468 4.47883,
	6.02113 4.47883,
	6.05404 4.48398,
	6.06226 4.48295,
	6.09516 4.485,
	6.12807 4.48398,
	6.14452 4.48192,
	6.15274 4.48295,
	6.18564 4.48089,
	6.2021 4.47986,
	6.235 4.48089,
	6.25145 4.48192,
	6.25968 4.48295,
	6.2679 4.48603,
	6.27613 4.48706,
	6.29258 4.4922,
	6.30903 4.4994,
	6.31108 4.4994,
	6.32754 4.50865,
	6.33576 4.51277,
	6.33987 4.51379,
	6.34707 4.52099,
	6.35118 4.52408,
	6.35941 4.52716,
	6.36764 4.53436,
	6.37586 4.53847,
	6.39231 4.55081,
	6.39643 4.55492,
	6.39951 4.55698,
	6.40568 4.56418,
	6.4139 4.56932,
	6.42213 4.57651,
	6.42624 4.5796,
	6.4283 4.58165,
	6.4283 4.58371,
	6.43138 4.58577,
	6.43858 4.59399,
	6.44269 4.59605,
	6.44578 4.60016,
	6.45298 4.6053,
	6.46017 4.6125,
	6.46429 4.61661,
	6.47354 4.63204,
	6.47868 4.64026,
	6.48177 4.64437,
	6.48177 4.64643,
	6.48691 4.65466,
	6.49308 4.67111,
	6.4941 4.70401,
	6.4941 4.71224,
	6.48279 4.74514,
	6.47765 4.75336,
	6.47457 4.75748,
	6.46943 4.77393,
	6.4684 4.78215,
	6.46531 4.79038,
	6.4612 4.79449,
	6.45812 4.79655,
	6.454 4.80066,
	6.44989 4.80169,
	6.44167 4.80683,
	6.43755 4.80786,
	6.43344 4.81094,
	6.42933 4.81094,
	6.42727 4.813,
	6.41082 4.81608,
	6.39437 4.82534,
	6.38614 4.83048,
	6.36969 4.83562,
	6.36147 4.84076,
	6.35735 4.84179,
	6.35324 4.84487,
	6.32034 4.85618,
	6.28744 4.86338,
	6.27099 4.86647,
	6.23808 4.88086,
	6.22986 4.88497,
	6.21341 4.88806,
	6.20929 4.89011,
	6.20107 4.89114,
	6.19284 4.89423,
	6.18873 4.89423,
	6.18462 4.89628,
	6.16817 4.89937,
	6.13526 4.9004,
	6.10236 4.89731,
	6.08591 4.89731,
	6.05301 4.90451,
	6.03656 4.90759,
	6.02833 4.90965,
	6.02627 4.91171,
	6.00982 4.91582,
	5.99337 4.91582,
	5.97692 4.91788,
	5.96047 4.91788,
	5.95224 4.91685,
	5.93579 4.91788,
	5.92757 4.91788,
	5.91112 4.92199,
	5.90289 4.92302,
	5.88644 4.92816,
	5.87821 4.93227,
	5.86176 4.94358,
	5.84531 4.94461,
	5.83709 4.94461,
	5.82886 4.94255,
	5.79596 4.92302,
	5.78773 4.91788,
	5.77128 4.91171,
	5.76305 4.90965,
	5.75483 4.90554,
	5.7466 4.90348,
	5.73838 4.89937,
	5.70548 4.89628,
	5.67257 4.89834,
	5.63967 4.89731,
	5.62322 4.89731,
	5.61499 4.89834,
	5.59854 4.89628,
	5.59032 4.8932,
	5.58209 4.88806,
	5.56975 4.87263,
	5.56153 4.85618,
	5.5605 4.84899,
	"/>
<Contour name="ax07" comment="LK bouton trace named after cfa" hidden="false" closed="true" simplified="true" border="0 1 1" fill="0.502 1 1" mode="9"
 points="5.74222 6.02882,
	5.74609 6.01849,
	5.74868 6.01461,
	5.75384 6.01074,
	5.75642 6.00816,
	5.76675 6.00558,
	5.77191 6.00429,
	5.78224 6.00558,
	5.8029 6.00429,
	5.81322 6.0017,
	5.81839 6.00041,
	5.83904 5.9875,
	5.84937 5.98105,
	5.85453 5.97459,
	5.85453 5.97201,
	5.8597 5.96685,
	5.86874 5.94619,
	5.87003 5.94103,
	5.87003 5.93845,
	5.87777 5.92812,
	5.88939 5.90876,
	5.89972 5.90101,
	5.91005 5.89714,
	5.9307 5.89455,
	5.95136 5.89585,
	5.95394 5.89585,
	5.97459 5.91263,
	5.99525 5.91908,
	6.00558 5.92037,
	6.01591 5.92425,
	6.02107 5.92683,
	6.02494 5.93199,
	6.02752 5.9733,
	6.02494 5.99396,
	6.01203 6.01461,
	6.003 6.03527,
	6.00041 6.07658,
	5.99525 6.09724,
	5.99267 6.09982,
	5.98492 6.12047,
	5.97072 6.14113,
	5.9591 6.16178,
	5.94103 6.18115,
	5.9307 6.18889,
	5.91005 6.19019,
	5.88939 6.18373,
	5.87906 6.18115,
	5.85841 6.18244,
	5.84808 6.18502,
	5.82742 6.18631,
	5.8171 6.18373,
	5.81193 6.17986,
	5.80935 6.17986,
	5.76933 6.15275,
	5.75513 6.13209,
	5.75126 6.12176,
	5.75384 6.10111,
	5.75513 6.09595,
	5.75642 6.09336,
	5.75384 6.07271,
	5.75255 6.06754,
	5.75255 6.06496,
	5.74997 6.06238,
	5.74997 6.0598,
	5.74738 6.05722,
	5.74351 6.03656,
	5.74222 6.0314,
	5.74222 6.03011,
	"/>
</Transform>

<Transform dim="0"
 xcoef=" 0 1 0 0 0 0"
 ycoef=" 0 0 1 0 0 0">
<Contour name="ax22" comment="LK bouton trace named after cfa" hidden="false" closed="true" simplified="true" border="0 1 1" fill="0.502 1 1" mode="9"
 points="1.7233 6.95541,
	1.72657 6.95104,
	1.7353 6.94668,
	1.73967 6.94449,
	1.75713 6.9434,
	1.77459 6.94013,
	1.78333 6.93795,
	1.7997 6.92812,
	1.80843 6.92267,
	1.81934 6.9052,
	1.82698 6.89975,
	1.84444 6.89429,
	1.85317 6.89211,
	1.87064 6.89211,
	1.87937 6.89211,
	1.9132 6.9063,
	1.92193 6.90957,
	1.93939 6.91284,
	1.94813 6.91393,
	1.95686 6.91721,
	1.9645 6.92594,
	1.96995 6.93467,
	1.97104 6.95213,
	1.96995 6.96086,
	1.95467 6.99579,
	1.95249 7.03071,
	1.95467 7.03944,
	1.95686 7.04381,
	1.95904 7.0449,
	1.95904 7.04708,
	1.98742 7.07873,
	2.00269 7.0962,
	2.01033 7.10384,
	2.01797 7.12021,
	2.02016 7.12894,
	2.02016 7.1464,
	2.01907 7.15513,
	2.01361 7.16277,
	2.00924 7.16714,
	2.00051 7.1715,
	1.99615 7.17478,
	1.97868 7.17587,
	1.96122 7.17259,
	1.95249 7.1715,
	1.94376 7.16823,
	1.93939 7.16714,
	1.93721 7.16495,
	1.90229 7.15404,
	1.89792 7.15295,
	1.88919 7.14749,
	1.88701 7.14531,
	1.88482 7.14531,
	1.87609 7.13767,
	1.86845 7.13221,
	1.86081 7.12457,
	1.85208 7.10711,
	1.84881 7.09838,
	1.84663 7.09401,
	1.84663 7.09183,
	1.83462 7.07546,
	1.82916 7.06673,
	1.82807 7.06236,
	1.81607 7.04708,
	1.80734 7.04054,
	1.80297 7.03617,
	1.79424 7.03071,
	1.78769 7.02526,
	1.77023 7.0198,
	1.7615 7.01543,
	1.74731 7.00125,
	1.74185 6.99579,
	1.74185 6.99361,
	1.7353 6.98706,
	1.72985 6.97833,
	1.72767 6.97396,
	1.72548 6.97178,
	1.7233 6.96305,
	1.7233 6.95868,
	1.7233 6.9565,
	"/>
</Transform>

<Transform dim="0"
 xcoef=" 0 1 0 0 0 0"
 ycoef=" 0 0 1 0 0 0">
<Contour name="d03c36ax22_ssvr" hidden="false" closed="true" simplified="false" border="0 1 0.502" fill="0 0 1" mode="11"
 points="2.08797 6.29458,
	2.07863 6.28524,
	2.08797 6.2759,
	2.09731 6.28524,
	"/>
<Contour name="d03c36ax22_ssvr" hidden="false" closed="true" simplified="false" border="0 1 0.502" fill="0 0 1" mode="11"
 points="2.00124 6.15047,
	1.9919 6.14113,
	2.00124 6.13179,
	2.01058 6.14113,
	"/>
<Contour name="d03c36ax22_ssvr" hidden="false" closed="true" simplified="false" border="0 1 0.502" fill="0 0 1" mode="11"
 points="1.98656 6.1011,
	1.97722 6.09176,
	1.98656 6.08242,
	1.9959 6.09176,
	"/>
<Contour name="d03c36ax22_ssvr" hidden="false" closed="true" simplified="false" border="0 1 0.502" fill="0 0 1" mode="11"
 points="1.9532 6.07175,
	1.94386 6.06241,
	1.9532 6.05306,
	1.96254 6.06241,
	"/>
<Contour name="d03c36ax22_ssvr" hidden="false" closed="true" simplified="false" border="0 1 0.502" fill="0 0 1" mode="11"
 points="1.90516 6.0504,
	1.89582 6.04106,
	1.90516 6.03171,
	1.9145 6.04106,
	"/>
<Contour name="d03" hidden="false" closed="true" simplified="true" border="1 1 0" fill="1 1 0.501961" mode="11"
 points="2.39188 5.30143,
	2.41312 5.28285,
	2.42374 5.27488,
	2.43436 5.27488,
	2.45559 5.26692,
	2.49276 5.23241,
	2.50338 5.22975,
	2.50869 5.22444,
	2.55116 5.21117,
	2.56178 5.20852,
	2.60426 5.18462,
	2.6255 5.18197,
	2.63611 5.18462,
	2.6547 5.20321,
	2.66266 5.21383,
	2.66266 5.2563,
	2.66532 5.27754,
	2.67593 5.28816,
	2.68655 5.30674,
	2.69452 5.39169,
	2.69186 5.47664,
	2.68921 5.49788,
	2.67859 5.51912,
	2.63877 5.55363,
	2.61753 5.56159,
	2.59895 5.55894,
	2.57771 5.56159,
	2.53524 5.55628,
	2.514 5.55363,
	2.50869 5.54832,
	2.49807 5.54566,
	2.48745 5.53504,
	2.47683 5.51381,
	2.47152 5.50319,
	2.46356 5.46071,
	2.43967 5.41824,
	2.42905 5.397,
	2.42639 5.38638,
	2.42108 5.38107,
	2.40781 5.3386,
	2.39719 5.31736,
	2.39188 5.30674,
	2.39188 5.30409,
	"/>
<Contour name="d03" hidden="false" closed="true" simplified="true" border="1 1 0" fill="1 1 0.501961" mode="11"
 points="0.793754 5.63061,
	0.812337 5.60938,
	0.822956 5.59876,
	0.83623 5.57752,
	0.854813 5.55628,
	0.87605 5.54035,
	0.907906 5.5085,
	0.937108 5.47133,
	0.950382 5.45275,
	0.990202 5.42355,
	1.01144 5.40231,
	1.0194 5.39169,
	1.02206 5.38107,
	1.02737 5.37576,
	1.02206 5.29081,
	1.02206 5.28019,
	1.03268 5.25896,
	1.03799 5.24834,
	1.0433 5.24303,
	1.0433 5.23772,
	1.05126 5.2271,
	1.05391 5.21648,
	1.06719 5.19524,
	1.07781 5.15277,
	1.08046 5.06782,
	1.08046 5.04658,
	1.05922 5.0041,
	1.05391 4.99349,
	1.05391 4.97225,
	1.05391 4.96163,
	1.06453 4.95101,
	1.07515 4.9457,
	1.08046 4.94039,
	1.12294 4.94039,
	1.13356 4.94039,
	1.14417 4.9457,
	1.14948 4.9457,
	1.16807 4.96428,
	1.17869 4.97225,
	1.22116 4.98021,
	1.23178 4.98287,
	1.23443 4.98552,
	1.24505 4.98021,
	1.28753 4.97756,
	1.37248 4.96163,
	1.41495 4.94836,
	1.45743 4.92977,
	1.46805 4.92712,
	1.48929 4.91119,
	1.5238 4.87402,
	1.54503 4.86075,
	1.55565 4.85544,
	1.57689 4.85279,
	1.59813 4.83951,
	1.60875 4.8342,
	1.62998 4.8342,
	1.65122 4.83951,
	1.6937 4.83951,
	1.71493 4.84217,
	1.72555 4.84748,
	1.8105 4.85544,
	1.82112 4.8581,
	1.84236 4.87402,
	1.84767 4.88464,
	1.84501 4.90588,
	1.84767 4.92712,
	1.84767 4.93243,
	1.85298 4.93774,
	1.86094 4.95632,
	1.8928 4.99083,
	1.89545 5.01207,
	1.8928 5.05454,
	1.90076 5.07578,
	1.91935 5.09436,
	1.93262 5.1156,
	1.94058 5.13684,
	1.95386 5.15808,
	1.95651 5.1687,
	1.96182 5.17401,
	1.96448 5.18462,
	1.97775 5.20586,
	1.98571 5.21648,
	2.0043 5.25896,
	2.0043 5.30143,
	2.0043 5.31205,
	1.99368 5.33329,
	1.99368 5.3386,
	1.98837 5.34391,
	1.98306 5.36514,
	1.97775 5.3678,
	1.97509 5.37842,
	1.95917 5.397,
	1.94855 5.40762,
	1.90607 5.4262,
	1.88484 5.43151,
	1.8636 5.42886,
	1.85298 5.4262,
	1.83174 5.43151,
	1.8105 5.44478,
	1.80519 5.4554,
	1.80519 5.47664,
	1.8105 5.48726,
	1.8105 5.5085,
	1.80785 5.51912,
	1.78661 5.53239,
	1.76537 5.54035,
	1.75475 5.54301,
	1.74414 5.55097,
	1.73352 5.55363,
	1.72555 5.56159,
	1.72024 5.56159,
	1.69104 5.60407,
	1.67777 5.62265,
	1.66715 5.63061,
	1.66184 5.63592,
	1.65653 5.63592,
	1.63795 5.6492,
	1.59547 5.66247,
	1.57424 5.66247,
	1.553 5.65451,
	1.51052 5.63061,
	1.46805 5.63858,
	1.44946 5.6492,
	1.43088 5.66512,
	1.39106 5.68371,
	1.38044 5.69167,
	1.37513 5.69698,
	1.37248 5.73946,
	1.35921 5.75538,
	1.34859 5.76335,
	1.34328 5.76335,
	1.3008 5.78989,
	1.28222 5.80582,
	1.26098 5.81113,
	1.17603 5.80848,
	1.13356 5.81644,
	1.11232 5.82175,
	1.06984 5.8191,
	1.04861 5.81379,
	1.02737 5.81644,
	1.01675 5.8191,
	1.00613 5.82706,
	1.00082 5.82706,
	0.990202 5.83502,
	0.968965 5.84299,
	0.926489 5.84033,
	0.884014 5.84564,
	0.862777 5.84564,
	0.841539 5.83768,
	0.820301 5.82441,
	0.809683 5.81379,
	0.804373 5.80848,
	0.801719 5.78724,
	0.804373 5.766,
	0.804373 5.75538,
	0.844194 5.72087,
	0.857467 5.70229,
	0.860122 5.69167,
	0.852158 5.67043,
	0.83092 5.67043,
	0.809683 5.66512,
	0.799064 5.65716,
	0.793754 5.65185,
	0.793754 5.63327,
	"/>
<Contour name="ax06" comment="LK bouton trace named after cfa" hidden="false" closed="true" simplified="true" border="0 1 1" fill="0.502 1 1" mode="9"
 points="2.08935 5.93488,
	2.09264 5.92175,
	2.10741 5.89549,
	2.11233 5.88892,
	2.11397 5.88236,
	2.13203 5.8561,
	2.15993 5.80522,
	2.16649 5.79209,
	2.16814 5.78552,
	2.18291 5.75926,
	2.20588 5.73464,
	2.20588 5.73136,
	2.21245 5.7248,
	2.22066 5.71167,
	2.23215 5.70018,
	2.23707 5.68705,
	2.23543 5.67392,
	2.2305 5.66079,
	2.22886 5.64766,
	2.2305 5.64109,
	2.24199 5.63124,
	2.25512 5.62632,
	2.30764 5.63124,
	2.32077 5.63288,
	2.3339 5.63781,
	2.38643 5.67228,
	2.41269 5.69033,
	2.41761 5.69361,
	2.43895 5.71987,
	2.44387 5.72644,
	2.45536 5.7527,
	2.46028 5.76583,
	2.46193 5.77239,
	2.47998 5.79865,
	2.48162 5.80522,
	2.48654 5.81178,
	2.49639 5.83804,
	2.50132 5.85118,
	2.5046 5.85446,
	2.50624 5.86759,
	2.51116 5.88072,
	2.51116 5.88728,
	2.52101 5.91354,
	2.52758 5.9398,
	2.52922 5.99233,
	2.52758 6.01859,
	2.52594 6.03172,
	2.49311 6.08424,
	2.44387 6.13512,
	2.42418 6.16138,
	2.41433 6.18764,
	2.41105 6.2139,
	2.40776 6.22703,
	2.39956 6.24016,
	2.38807 6.25165,
	2.37494 6.25985,
	2.34868 6.26806,
	2.33555 6.27627,
	2.32898 6.27955,
	2.31913 6.29104,
	2.29287 6.31238,
	2.28631 6.31566,
	2.27318 6.31402,
	2.26005 6.30909,
	2.25348 6.30417,
	2.2502 6.29925,
	2.23871 6.28612,
	2.2305 6.27298,
	2.2223 6.24672,
	2.21737 6.23359,
	2.20917 6.22046,
	2.18783 6.19584,
	2.16978 6.16958,
	2.16157 6.14332,
	2.15829 6.11706,
	2.15829 6.0908,
	2.15501 6.06454,
	2.15172 6.05798,
	2.13859 6.04485,
	2.13367 6.04156,
	2.12054 6.03008,
	2.10248 6.00381,
	2.09756 5.99068,
	2.09756 5.98412,
	2.08935 5.95786,
	2.08935 5.94473,
	2.08935 5.93816,
	2.08935 5.93652,
	"/>
</Transform>

<Transform dim="1"
 xcoef=" -0.02 1 0 0 0 0"
 ycoef=" 0 0 1 0 0 0">
<Contour name="d03c34ax23_ssvr" hidden="false" closed="true" simplified="false" border="0 1 0.502" fill="0 0 1" mode="11"
 points="2.86 5.51665,
	2.84643 5.50308,
	2.86 5.48951,
	2.87357 5.50308,
	"/>
</Transform>

<Transform dim="0"
 xcoef=" 0 1 0 0 0 0"
 ycoef=" 0 0 1 0 0 0">
<Contour name="ax23" comment="LK bouton trace named after cfa" hidden="false" closed="true" simplified="true" border="0 1 1" fill="0.502 1 1" mode="9"
 points="2.64537 5.20577,
	2.65025 5.19795,
	2.6527 5.19405,
	2.6566 5.19112,
	2.65758 5.19014,
	2.66539 5.18819,
	2.6693 5.18721,
	2.67711 5.18819,
	2.68102 5.18916,
	2.68883 5.19405,
	2.69665 5.2004,
	2.70055 5.20381,
	2.70837 5.20821,
	2.72399 5.21505,
	2.75525 5.22042,
	2.77087 5.22286,
	2.77869 5.22286,
	2.7826 5.22237,
	2.81385 5.20967,
	2.82948 5.20333,
	2.86073 5.18868,
	2.87636 5.18135,
	2.88417 5.17891,
	2.88612 5.17891,
	2.89394 5.17354,
	2.89784 5.1711,
	2.91347 5.16475,
	2.91543 5.16475,
	2.9164 5.16377,
	2.91689 5.16182,
	2.93252 5.15596,
	2.94033 5.15351,
	2.97159 5.14717,
	2.98721 5.14619,
	3.01847 5.13789,
	3.02628 5.13789,
	3.03019 5.13789,
	3.038 5.13593,
	3.06925 5.13545,
	3.08488 5.13545,
	3.10051 5.13642,
	3.10832 5.13691,
	3.13958 5.14619,
	3.14739 5.14863,
	3.1513 5.14961,
	3.15911 5.154,
	3.16302 5.15644,
	3.16497 5.15791,
	3.16888 5.1584,
	3.17278 5.16133,
	3.18841 5.1667,
	3.19622 5.16914,
	3.20404 5.17256,
	3.21966 5.175,
	3.22357 5.17598,
	3.22455 5.17598,
	3.22845 5.1794,
	3.23627 5.18282,
	3.24018 5.18428,
	3.24799 5.19112,
	3.24897 5.19502,
	3.25385 5.25753,
	3.25092 5.27316,
	3.25092 5.28097,
	3.2475 5.2966,
	3.24555 5.30441,
	3.24262 5.31223,
	3.24115 5.31613,
	3.24115 5.31809,
	3.23822 5.32199,
	3.23725 5.3259,
	3.23725 5.32688,
	3.23383 5.33078,
	3.23285 5.33469,
	3.22748 5.3425,
	3.22455 5.34641,
	3.22064 5.35032,
	3.21869 5.35227,
	3.2138 5.36008,
	3.21039 5.3679,
	3.20843 5.38353,
	3.20697 5.39134,
	3.1972 5.42259,
	3.19476 5.43041,
	3.19329 5.43822,
	3.19281 5.44213,
	3.18988 5.44994,
	3.18743 5.45385,
	3.1806 5.46166,
	3.17523 5.46947,
	3.1723 5.47338,
	3.16448 5.48119,
	3.16057 5.4851,
	3.15667 5.48803,
	3.15471 5.48901,
	3.15276 5.48901,
	3.15081 5.48999,
	3.1469 5.4934,
	3.13909 5.4934,
	3.13518 5.4934,
	3.10393 5.50122,
	3.09611 5.50464,
	3.09221 5.5061,
	3.09025 5.50708,
	3.07463 5.52222,
	3.06681 5.52954,
	3.06486 5.53003,
	3.06388 5.53003,
	3.05998 5.53296,
	3.05216 5.53589,
	3.04826 5.53784,
	3.04435 5.54077,
	3.01309 5.54614,
	2.99747 5.5481,
	2.93496 5.54419,
	2.93105 5.5437,
	2.9291 5.5437,
	2.91347 5.55005,
	2.90566 5.55445,
	2.9037 5.55494,
	2.89589 5.55933,
	2.89198 5.5608,
	2.89101 5.5608,
	2.89003 5.56177,
	2.85878 5.56226,
	2.84315 5.56226,
	2.82752 5.56421,
	2.8119 5.56763,
	2.80408 5.5691,
	2.78846 5.56861,
	2.78064 5.56763,
	2.77283 5.56568,
	2.7572 5.55835,
	2.75329 5.55591,
	2.74548 5.54907,
	2.74157 5.54566,
	2.73571 5.53784,
	2.73132 5.53003,
	2.72448 5.5144,
	2.72106 5.49878,
	2.7196 5.49096,
	2.71911 5.47533,
	2.71862 5.46752,
	2.71911 5.45971,
	2.7196 5.4558,
	2.71765 5.44017,
	2.71716 5.42455,
	2.71667 5.42064,
	2.7113 5.40501,
	2.70788 5.38939,
	2.70641 5.38157,
	2.70348 5.31906,
	2.70299 5.31125,
	2.70153 5.30344,
	2.70153 5.30148,
	2.69469 5.29367,
	2.69323 5.29172,
	2.68541 5.28683,
	2.68151 5.28439,
	2.67565 5.27658,
	2.67321 5.27267,
	2.6693 5.25704,
	2.66783 5.24923,
	2.66735 5.24728,
	2.66539 5.24581,
	2.66442 5.24191,
	2.65367 5.22628,
	2.65074 5.22237,
	2.64732 5.21456,
	2.64586 5.21065,
	2.64537 5.20674,
	2.64537 5.20626,
	"/>
</Transform>

<Transform dim="0"
 xcoef=" 0 1 0 0 0 0"
 ycoef=" 0 0 1 0 0 0">
<Contour name="ax31" comment="LK bouton trace named after cfa" hidden="false" closed="true" simplified="true" border="0 1 1" fill="0.502 1 1" mode="9"
 points="5.48524 4.06521,
	5.49797 4.02446,
	5.50179 4.00408,
	5.50434 3.99389,
	5.50434 3.9888,
	5.50689 3.9837,
	5.50689 3.97861,
	5.5158 3.95823,
	5.51835 3.95314,
	5.52854 3.94422,
	5.53363 3.9404,
	5.53618 3.93786,
	5.54127 3.93658,
	5.55146 3.92767,
	5.55655 3.92385,
	5.56165 3.92257,
	5.58203 3.90856,
	5.62151 3.88691,
	5.63042 3.87927,
	5.63297 3.87673,
	5.63552 3.87673,
	5.65589 3.86272,
	5.65844 3.8589,
	5.66353 3.8538,
	5.66863 3.84361,
	5.67245 3.83852,
	5.67372 3.83342,
	5.68518 3.81305,
	5.69283 3.80541,
	5.69283 3.80286,
	5.71193 3.78503,
	5.72849 3.7672,
	5.73358 3.7621,
	5.74377 3.75828,
	5.76415 3.75574,
	5.77433 3.75319,
	5.79471 3.743,
	5.79981 3.73918,
	5.8049 3.73791,
	5.80745 3.73536,
	5.81763 3.73281,
	5.82782 3.73281,
	5.83801 3.73536,
	5.8482 3.74173,
	5.85584 3.74937,
	5.85966 3.75956,
	5.86348 3.77993,
	5.86476 3.78503,
	5.87112 3.79394,
	5.88004 3.80413,
	5.88895 3.8105,
	5.8966 3.81941,
	5.90678 3.82578,
	5.91188 3.82578,
	5.91443 3.82833,
	5.9348 3.83597,
	5.9399 3.83724,
	5.94499 3.84107,
	5.95518 3.84234,
	5.96027 3.84361,
	5.97938 3.8589,
	5.99593 3.87673,
	6.01631 3.89201,
	6.0265 3.89965,
	6.04178 3.91875,
	6.05452 3.93658,
	6.06725 3.95696,
	6.08254 3.97734,
	6.09018 3.98753,
	6.09527 3.99135,
	6.09782 3.99644,
	6.10673 4.00663,
	6.11183 4.01682,
	6.12074 4.02701,
	6.12584 4.0321,
	6.13603 4.03465,
	6.1564 4.04356,
	6.16659 4.04484,
	6.18697 4.0563,
	6.19079 4.06139,
	6.19079 4.06394,
	6.19588 4.06903,
	6.22008 4.10979,
	6.22518 4.11998,
	6.23154 4.14035,
	6.23154 4.15054,
	6.2239 4.1913,
	6.2239 4.19384,
	6.22135 4.19639,
	6.21753 4.20658,
	6.21117 4.21677,
	6.19206 4.2346,
	6.17296 4.24861,
	6.16404 4.25752,
	6.15895 4.26134,
	6.15131 4.28172,
	6.14621 4.28681,
	6.14367 4.29191,
	6.14367 4.29445,
	6.13475 4.30464,
	6.13093 4.30974,
	6.12074 4.3161,
	6.10037 4.32502,
	6.09527 4.32757,
	6.09272 4.33011,
	6.07235 4.33903,
	6.06216 4.3454,
	6.05197 4.34922,
	5.97046 4.35176,
	5.92971 4.35049,
	5.91952 4.34667,
	5.90933 4.3454,
	5.88895 4.34794,
	5.8482 4.3454,
	5.84311 4.3454,
	5.80235 4.32757,
	5.79216 4.32247,
	5.78707 4.31993,
	5.76669 4.31865,
	5.76415 4.31738,
	5.72339 4.3212,
	5.70301 4.32375,
	5.68264 4.32375,
	5.67245 4.32375,
	5.63169 4.30719,
	5.6266 4.30592,
	5.62151 4.3021,
	5.61641 4.3021,
	5.59604 4.29063,
	5.58585 4.28044,
	5.57566 4.2728,
	5.56802 4.26261,
	5.56292 4.25752,
	5.53745 4.21677,
	5.52344 4.19639,
	5.52089 4.1913,
	5.51835 4.18875,
	5.51453 4.17856,
	5.51325 4.16837,
	5.4967 4.12889,
	5.49288 4.1238,
	5.48906 4.11361,
	5.48524 4.07285,
	5.48524 4.06776,
	5.48524 4.06649,
	"/>
</Transform>

<Transform dim="1"
 xcoef=" 0.03 1 0 0 0 0"
 ycoef=" 0.09 0 1 0 0 0">
<Contour name="d04c37ax30_ssvr" hidden="false" closed="true" simplified="false" border="0 1 0.502" fill="0 0 1" mode="11"
 points="6.3536 4.75178,
	6.34125 4.73943,
	6.3536 4.72708,
	6.36594 4.73943,
	"/>
</Transform>

<Transform dim="0"
 xcoef=" 0 1 0 0 0 0"
 ycoef=" 0 0 1 0 0 0">
<Contour name="d04c37ax30_ssvr" hidden="false" closed="true" simplified="false" border="0 1 0.502" fill="0 0 1" mode="11"
 points="6.3536 4.75178,
	6.34125 4.73943,
	6.3536 4.72708,
	6.36594 4.73943,
	"/>
</Transform>

<Transform dim="1"
 xcoef=" 0.12 1 0 0 0 0"
 ycoef=" -0.09 0 1 0 0 0">
<Contour name="d04c37ax30_ssvr" hidden="false" closed="true" simplified="false" border="0 1 0.502" fill="0 0 1" mode="11"
 points="6.3536 4.75178,
	6.34125 4.73943,
	6.3536 4.72708,
	6.36594 4.73943,
	"/>
</Transform>

<Transform dim="0"
 xcoef=" 0 1 0 0 0 0"
 ycoef=" 0 0 1 0 0 0">
<Contour name="d04c37ax30_ssvr" hidden="false" closed="true" simplified="false" border="0 1 0.502" fill="0 0 1" mode="11"
 points="5.83317 4.60888,
	5.82082 4.59653,
	5.83317 4.58418,
	5.84552 4.59653,
	"/>
</Transform>

<Transform dim="1"
 xcoef=" -0.05 1 0 0 0 0"
 ycoef=" 0.04 0 1 0 0 0">
<Contour name="d04c37ax30_ssvr" hidden="false" closed="true" simplified="false" border="0 1 0.502" fill="0 0 1" mode="11"
 points="5.83317 4.60888,
	5.82082 4.59653,
	5.83317 4.58418,
	5.84552 4.59653,
	"/>
</Transform>

<Transform dim="1"
 xcoef=" 0 1 0 0 0 0"
 ycoef=" 0.01 0 1 0 0 0">
<Contour name="d04c37ax30_ssvr" hidden="false" closed="true" simplified="false" border="0 1 0.502" fill="0 0 1" mode="11"
 points="5.73261 4.85763,
	5.72026 4.84528,
	5.73261 4.83293,
	5.74496 4.84528,
	"/>
</Transform>

<Transform dim="1"
 xcoef=" -0.01 1 0 0 0 0"
 ycoef=" -0.01 0 1 0 0 0">
<Contour name="d03c36ax22_ssvr" hidden="false" closed="true" simplified="false" border="0 1 0.502" fill="0 0 1" mode="11"
 points="2.09598 6.32261,
	2.08664 6.31326,
	2.09598 6.30392,
	2.10532 6.31326,
	"/>
</Transform>

<Transform dim="1"
 xcoef=" -0.04 1 0 0 0 0"
 ycoef=" 0.02 0 1 0 0 0">
<Contour name="d03c36ax22_ssvr" hidden="false" closed="true" simplified="false" border="0 1 0.502" fill="0 0 1" mode="11"
 points="2.02259 5.97967,
	2.01325 5.97033,
	2.02259 5.96099,
	2.03193 5.97033,
	"/>
</Transform>

<Transform dim="0"
 xcoef=" 0 1 0 0 0 0"
 ycoef=" 0 0 1 0 0 0">
<Contour name="KZ_d03ax36" comment="LK bouton trace named after cfa" hidden="false" closed="true" simplified="true" border="0 1 1" fill="0.502 1 1" mode="11"
 points="1.72953 6.94743,
	1.73581 6.93906,
	1.74419 6.93382,
	1.74837 6.93173,
	1.76512 6.93068,
	1.7735 6.92963,
	1.78188 6.93068,
	1.78606 6.93068,
	1.78816 6.93173,
	1.79653 6.93068,
	1.80491 6.92754,
	1.82166 6.91393,
	1.83003 6.90974,
	1.83841 6.90346,
	1.8426 6.90137,
	1.84469 6.89927,
	1.86144 6.89718,
	1.86563 6.89613,
	1.89913 6.89822,
	1.91588 6.90241,
	1.93263 6.90869,
	1.93682 6.91183,
	1.9452 6.91498,
	1.9609 6.92544,
	1.96823 6.93382,
	1.97346 6.9422,
	1.97975 6.95895,
	1.98184 6.9757,
	1.98289 6.98407,
	1.98184 7.00082,
	1.98184 7.00501,
	1.97975 7.00711,
	1.97975 7.01129,
	1.9766 7.01967,
	1.97346 7.02386,
	1.97032 7.03223,
	1.96928 7.04898,
	1.97032 7.05736,
	1.97242 7.06155,
	1.97242 7.06573,
	1.98603 7.08144,
	1.98917 7.08353,
	1.99336 7.08772,
	1.99545 7.08772,
	2.00906 7.10133,
	2.00906 7.10342,
	2.01429 7.1118,
	2.01639 7.11599,
	2.01429 7.12436,
	2.01429 7.13274,
	2.01011 7.14949,
	2.00801 7.15786,
	1.97556 7.17985,
	1.97137 7.1809,
	1.93787 7.17357,
	1.92949 7.17147,
	1.91274 7.1631,
	1.90437 7.15577,
	1.88866 7.14425,
	1.87401 7.13064,
	1.86668 7.12227,
	1.86144 7.11494,
	1.85935 7.11075,
	1.85516 7.10656,
	1.84574 7.08981,
	1.82271 7.05736,
	1.81747 7.05003,
	1.81328 7.04584,
	1.81119 7.04165,
	1.80281 7.03433,
	1.78711 7.02386,
	1.77873 7.01862,
	1.76303 7.00187,
	1.7557 6.9935,
	1.75151 6.99035,
	1.74105 6.9757,
	1.73476 6.96732,
	1.73058 6.95895,
	1.72953 6.95057,
	1.72953 6.94848,
	"/>
</Transform>

<Transform dim="0"
 xcoef=" 0 1 0 0 0 0"
 ycoef=" 0 0 1 0 0 0">
<Contour name="KZ_d03ax36" comment="LK bouton trace named after cfa" hidden="false" closed="true" simplified="true" border="0 1 1" fill="0.502 1 1" mode="11"
 points="1.89059 4.36981,
	1.89298 4.36501,
	1.91217 4.35303,
	1.92176 4.34823,
	1.94094 4.34703,
	1.95053 4.33984,
	1.9769 4.30148,
	1.9817 4.29188,
	1.98889 4.28229,
	1.99249 4.2775,
	1.99489 4.25832,
	1.99249 4.23914,
	1.9865 4.22954,
	1.96971 4.21156,
	1.96012 4.20557,
	1.95533 4.20317,
	1.91696 4.1684,
	1.91217 4.16361,
	1.90737 4.15402,
	1.90617 4.13484,
	1.90857 4.12524,
	1.91936 4.10606,
	1.92416 4.10247,
	1.94334 4.09767,
	1.96252 4.09647,
	1.97211 4.09527,
	1.99129 4.09647,
	2.01047 4.09527,
	2.04884 4.09887,
	2.06802 4.10247,
	2.0872 4.10846,
	2.09679 4.11206,
	2.11597 4.12524,
	2.13515 4.14083,
	2.13995 4.14323,
	2.14954 4.15282,
	2.1879 4.17799,
	2.20708 4.18639,
	2.22627 4.18758,
	2.26463 4.17919,
	2.30299 4.1768,
	2.32217 4.17799,
	2.34136 4.18159,
	2.36054 4.18998,
	2.37013 4.19358,
	2.37972 4.19957,
	2.38931 4.20916,
	2.41089 4.24753,
	2.42168 4.26671,
	2.43726 4.28589,
	2.45644 4.30507,
	2.47563 4.32066,
	2.48522 4.32905,
	2.52358 4.35063,
	2.54276 4.36022,
	2.56194 4.377,
	2.56914 4.38659,
	2.57273 4.39618,
	2.56434 4.43455,
	2.56194 4.45373,
	2.56194 4.46332,
	2.55595 4.4825,
	2.54996 4.49209,
	2.53077 4.50768,
	2.51159 4.51967,
	2.502 4.52446,
	2.48282 4.53765,
	2.47323 4.54364,
	2.43487 4.55443,
	2.3965 4.56043,
	2.37732 4.55923,
	2.35814 4.55323,
	2.34855 4.54844,
	2.32937 4.54364,
	2.32457 4.54244,
	2.30539 4.54724,
	2.28621 4.54964,
	2.24784 4.54604,
	2.22866 4.54724,
	2.20948 4.54604,
	2.19989 4.54604,
	2.12316 4.52566,
	2.10398 4.51727,
	2.09439 4.51367,
	2.07521 4.49809,
	2.04284 4.45972,
	2.02366 4.44534,
	1.94693 4.40338,
	1.94214 4.39978,
	1.93974 4.39738,
	1.90138 4.39019,
	1.89179 4.3818,
	1.89059 4.37221,
	1.89059 4.37101,
	"/>
</Transform>

<Transform dim="0"
 xcoef=" 0 1 0 0 0 0"
 ycoef=" 0 0 1 0 0 0">
<Contour name="KZ_d03ax36" comment="LK bouton trace named after cfa" hidden="false" closed="true" simplified="true" border="0 1 1" fill="0.502 1 1" mode="11"
 points="1.79949 6.11237,
	1.80932 6.0809,
	1.81522 6.07304,
	1.81916 6.0691,
	1.82309 6.05337,
	1.82506 6.0455,
	1.84472 6.01404,
	1.84866 5.9983,
	1.85259 5.99437,
	1.85259 5.9865,
	1.86832 5.95504,
	1.87816 5.94127,
	1.89389 5.93144,
	1.90962 5.92554,
	1.94109 5.92357,
	1.95682 5.91964,
	2.01976 5.91767,
	2.02762 5.91767,
	2.05909 5.93144,
	2.08859 5.96094,
	2.09252 5.97667,
	2.09252 5.9806,
	2.09842 5.98847,
	2.11219 6.01994,
	2.11219 6.02387,
	2.11612 6.0278,
	2.11612 6.03174,
	2.12792 6.04747,
	2.15152 6.07304,
	2.15939 6.0809,
	2.16922 6.14384,
	2.17119 6.1517,
	2.17119 6.15564,
	2.22232 6.21464,
	2.22822 6.23037,
	2.23216 6.26184,
	2.22822 6.27757,
	2.22626 6.30904,
	2.22822 6.3405,
	2.23806 6.37197,
	2.24396 6.3877,
	2.24396 6.40344,
	2.24396 6.4113,
	2.24396 6.41524,
	2.24002 6.41917,
	2.23806 6.42704,
	2.22822 6.44277,
	2.21249 6.4526,
	2.20856 6.45457,
	2.19282 6.45063,
	2.16332 6.43097,
	2.14956 6.4172,
	2.13382 6.40737,
	2.12596 6.40147,
	2.09449 6.39557,
	2.07876 6.38967,
	2.07089 6.38574,
	2.06696 6.3818,
	2.05909 6.37984,
	2.04336 6.37,
	2.02762 6.3641,
	2.01976 6.36017,
	1.99419 6.3287,
	1.98829 6.32084,
	1.98239 6.3051,
	1.97846 6.30117,
	1.97846 6.29724,
	1.97059 6.28937,
	1.97059 6.28544,
	1.94896 6.25397,
	1.94502 6.2461,
	1.91356 6.2284,
	1.90569 6.2225,
	1.87422 6.21267,
	1.86636 6.20677,
	1.86242 6.20677,
	1.84669 6.19694,
	1.83882 6.19104,
	1.82112 6.16154,
	1.80932 6.1458,
	1.80342 6.13007,
	1.79949 6.1222,
	1.79949 6.11434,
	"/>
</Transform>

<Transform dim="0"
 xcoef=" 0 1 0 0 0 0"
 ycoef=" 0 0 1 0 0 0">
<Contour name="ax22" comment="LK bouton trace named after cfa" hidden="false" closed="true" simplified="true" border="0 1 1" fill="0.502 1 1" mode="9"
 points="1.79977 6.10261,
	1.81576 6.08023,
	1.82535 6.05466,
	1.82855 6.02909,
	1.84773 5.97794,
	1.89887 5.93318,
	1.91166 5.92679,
	1.96281 5.92679,
	1.9756 5.92359,
	1.99797 5.89802,
	2.01076 5.89162,
	2.02355 5.89162,
	2.04912 5.86925,
	2.0747 5.86605,
	2.08748 5.85966,
	2.09388 5.85966,
	2.10666 5.85007,
	2.11945 5.85326,
	2.12265 5.85646,
	2.11945 5.86925,
	2.11945 5.87564,
	2.10027 5.90122,
	2.09068 5.92679,
	2.09068 5.93958,
	2.10347 5.96515,
	2.10347 5.99072,
	2.10347 6.00351,
	2.10027 6.0099,
	2.10347 6.02269,
	2.12904 6.04827,
	2.14183 6.05786,
	2.15142 6.08343,
	2.15142 6.109,
	2.15461 6.12179,
	2.1706 6.14737,
	2.18019 6.17294,
	2.19617 6.19851,
	2.21855 6.22089,
	2.22175 6.27204,
	2.23134 6.29761,
	2.23134 6.32319,
	2.22814 6.32958,
	2.24412 6.38073,
	2.24093 6.4063,
	2.22175 6.43188,
	2.19617 6.43507,
	2.14502 6.4127,
	2.09388 6.39671,
	2.0683 6.39032,
	2.04273 6.37753,
	2.01715 6.35196,
	1.99797 6.32638,
	1.9756 6.27524,
	1.96281 6.26245,
	1.95642 6.24966,
	1.93084 6.22728,
	1.90527 6.2113,
	1.87969 6.20171,
	1.82855 6.17294,
	1.81256 6.14737,
	1.80617 6.14097,
	1.80617 6.13458,
	1.79977 6.12819,
	1.79977 6.10581,
	"/>
</Transform>

<Transform dim="1"
 xcoef=" 0 1 0 0 0 0"
 ycoef=" 0.03 0 1 0 0 0">
<Contour name="d02c46b" hidden="false" closed="true" simplified="true" border="0 1 0" fill="0 1 0" mode="9"
 points="0.368885 2.63261,
	0.3795 2.61138,
	0.387461 2.60077,
	0.429923 2.58219,
	0.472384 2.56892,
	0.493615 2.56096,
	0.514846 2.54769,
	0.536077 2.52646,
	0.554654 2.51319,
	0.565269 2.50788,
	0.567923 2.50258,
	0.589154 2.50258,
	0.599769 2.50523,
	0.599769 2.52646,
	0.597115 2.53708,
	0.573231 2.57954,
	0.530769 2.60342,
	0.509538 2.61138,
	0.488308 2.62465,
	0.483 2.62465,
	0.477692 2.62996,
	0.456461 2.63792,
	0.435231 2.65119,
	0.424615 2.65915,
	0.419308 2.66446,
	0.414 2.66446,
	0.403385 2.67242,
	0.382154 2.67508,
	0.376846 2.67508,
	0.368885 2.66446,
	0.368885 2.64323,
	0.368885 2.63527,
	"/>
</Transform>

<Transform dim="1"
 xcoef=" 0 1 0 0 0 0"
 ycoef=" 0.03 0 1 0 0 0">
<Contour name="d02cfa46b" hidden="false" closed="false" simplified="false" border="0 1 1" fill="0 1 1" mode="9"
 points="0.367592 2.67089,
	0.407399 2.62577,
	0.494976 2.58331,
	0.598476 2.52493,
	"/>
</Transform>

<Transform dim="0"
 xcoef=" 0 1 0 0 0 0"
 ycoef=" 0 0 1 0 0 0">
<Contour name="d02" hidden="false" closed="true" simplified="true" border="0.5 0 1" fill="0.5 0 1" mode="9"
 points="0.368885 2.65835,
	0.390115 2.61588,
	0.427269 2.57342,
	0.597115 2.49115,
	0.618346 2.49115,
	0.660808 2.53361,
	0.682038 2.55485,
	0.692654 2.56281,
	0.703269 2.56546,
	0.708577 2.56546,
	0.7935 2.64508,
	0.835961 2.67692,
	0.878423 2.71938,
	0.920884 2.75123,
	1.00581 2.75654,
	1.04827 2.76715,
	1.0695 2.77246,
	1.15442 2.83615,
	1.23935 2.91046,
	1.28181 2.94761,
	1.32427 2.97415,
	1.40919 2.97415,
	1.43042 2.98211,
	1.46227 3.02458,
	1.47023 3.36427,
	1.51004 3.40673,
	1.52861 3.42796,
	1.53923 3.43858,
	1.54719 3.48104,
	1.54188 3.5235,
	1.53923 3.52881,
	1.49677 3.5235,
	1.47554 3.51819,
	1.43838 3.47573,
	1.41715 3.4545,
	1.39592 3.41204,
	1.38531 3.40142,
	1.35877 3.3165,
	1.31896 3.23158,
	1.30304 3.18911,
	1.29508 3.16788,
	1.23404 3.08296,
	1.19688 3.0405,
	1.16504 2.99804,
	1.14381 2.97946,
	1.10135 2.96088,
	1.01642 2.91311,
	0.973961 2.88658,
	0.9315 2.85473,
	0.889038 2.83085,
	0.867807 2.82288,
	0.857192 2.81758,
	0.817384 2.77777,
	0.809423 2.76715,
	0.788192 2.76981,
	0.777577 2.76981,
	0.759 2.75123,
	0.751038 2.74061,
	0.729808 2.73796,
	0.687346 2.74061,
	0.644884 2.73,
	0.475038 2.73,
	0.432577 2.73,
	0.411346 2.72735,
	0.390115 2.70611,
	0.3795 2.6955,
	0.374192 2.69019,
	0.368885 2.66896,
	0.368885 2.661,
	"/>
</Transform>

<Transform dim="1"
 xcoef=" -0.01 1 0 0 0 0"
 ycoef=" 0.01 0 1 0 0 0">
<Contour name="d03c34ax23_ssvr" hidden="false" closed="true" simplified="false" border="0 1 0.502" fill="0 0 1" mode="11"
 points="2.79604 5.40616,
	2.78247 5.39259,
	2.79604 5.37902,
	2.80961 5.39259,
	"/>
</Transform>

<Transform dim="1"
 xcoef=" -0.01 1 0 0 0 0"
 ycoef=" 0 0 1 0 0 0">
<Contour name="d03c34ax23_ssvr" hidden="false" closed="true" simplified="false" border="0 1 0.502" fill="0 0 1" mode="11"
 points="2.78635 5.3422,
	2.77278 5.32863,
	2.78635 5.31506,
	2.79991 5.32863,
	"/>
</Transform>

<Transform dim="1"
 xcoef=" -0.01 1 0 0 0 0"
 ycoef=" 0.01 0 1 0 0 0">
<Contour name="d03c34ax23_ssvr" hidden="false" closed="true" simplified="false" border="0 1 0.502" fill="0 0 1" mode="11"
 points="2.76696 5.29761,
	2.75339 5.28404,
	2.76696 5.27048,
	2.78053 5.28404,
	"/>
</Transform>

<Transform dim="1"
 xcoef=" -0.01 1 0 0 0 0"
 ycoef=" -0.01 0 1 0 0 0">
<Contour name="d03c34ax23_ssvr" hidden="false" closed="true" simplified="false" border="0 1 0.502" fill="0 0 1" mode="11"
 points="2.80767 5.4837,
	2.7941 5.47013,
	2.80767 5.45656,
	2.82124 5.47013,
	"/>
</Transform>

<Transform dim="1"
 xcoef=" 0 1 0 0 0 0"
 ycoef=" -0.01 0 1 0 0 0">
<Contour name="d03c34ax23_ssvr" hidden="false" closed="true" simplified="false" border="0 1 0.502" fill="0 0 1" mode="11"
 points="2.75921 5.41973,
	2.74564 5.40616,
	2.75921 5.39259,
	2.77278 5.40616,
	"/>
</Transform>

<Transform dim="1"
 xcoef=" -0.01 1 0 0 0 0"
 ycoef=" 0 0 1 0 0 0">
<Contour name="d03c34ax23_ssvr" hidden="false" closed="true" simplified="false" border="0 1 0.502" fill="0 0 1" mode="11"
 points="2.95498 5.52053,
	2.94142 5.50696,
	2.95498 5.49339,
	2.96855 5.50696,
	"/>
</Transform>

<Transform dim="1"
 xcoef=" 0 1 0 0 0 0"
 ycoef=" -0.02 0 1 0 0 0">
<Contour name="d03c36ax22_ssvr" hidden="false" closed="true" simplified="false" border="0 1 0.502" fill="0 0 1" mode="11"
 points="1.89315 6.15181,
	1.88381 6.14247,
	1.89315 6.13313,
	1.9025 6.14247,
	"/>
</Transform>

<Transform dim="1"
 xcoef=" -0.01 1 0 0 0 0"
 ycoef=" -0.02 0 1 0 0 0">
<Contour name="d03c36ax22_ssvr" hidden="false" closed="true" simplified="false" border="0 1 0.502" fill="0 0 1" mode="11"
 points="2.00524 6.21986,
	1.9959 6.21052,
	2.00524 6.20118,
	2.01458 6.21052,
	"/>
</Transform>

<Transform dim="1"
 xcoef=" 0 1 0 0 0 0"
 ycoef=" -0.01 0 1 0 0 0">
<Contour name="d03c36ax22_ssvr" hidden="false" closed="true" simplified="false" border="0 1 0.502" fill="0 0 1" mode="11"
 points="2.06128 6.17849,
	2.05194 6.16915,
	2.06128 6.15981,
	2.07062 6.16915,
	"/>
</Transform>

<Transform dim="1"
 xcoef=" 0.01 1 0 0 0 0"
 ycoef=" 0 0 1 0 0 0">
<Contour name="d03c36ax22_ssvr" hidden="false" closed="true" simplified="false" border="0 1 0.502" fill="0 0 1" mode="11"
 points="2.13734 6.25856,
	2.128 6.24922,
	2.13734 6.23987,
	2.14668 6.24922,
	"/>
</Transform>

<Transform dim="1"
 xcoef=" 0 1 0 0 0 0"
 ycoef=" 0.01 0 1 0 0 0">
<Contour name="d03c36ax22_ssvr" hidden="false" closed="true" simplified="false" border="0 1 0.502" fill="0 0 1" mode="11"
 points="2.08263 6.25188,
	2.07329 6.24254,
	2.08263 6.2332,
	2.09197 6.24254,
	"/>
</Transform>

<Transform dim="1"
 xcoef=" 0 1 0 0 0 0"
 ycoef=" -0.01 0 1 0 0 0">
<Contour name="d03c36ax22_ssvr" hidden="false" closed="true" simplified="false" border="0 1 0.502" fill="0 0 1" mode="11"
 points="2.15736 6.30392,
	2.14802 6.29458,
	2.15736 6.28524,
	2.1667 6.29458,
	"/>
</Transform>

<Transform dim="1"
 xcoef=" 0 1 0 0 0 0"
 ycoef=" 0.01 0 1 0 0 0">
<Contour name="d03c36ax22_ssvr" hidden="false" closed="true" simplified="false" border="0 1 0.502" fill="0 0 1" mode="11"
 points="2.06662 6.35063,
	2.05728 6.34129,
	2.06662 6.33195,
	2.07596 6.34129,
	"/>
</Transform>

<Transform dim="1"
 xcoef=" 0 1 0 0 0 0"
 ycoef=" 0.01 0 1 0 0 0">
<Contour name="d03c36ax22_ssvr" hidden="false" closed="true" simplified="false" border="0 1 0.502" fill="0 0 1" mode="11"
 points="1.95053 6.02504,
	1.94119 6.0157,
	1.95053 6.00636,
	1.95987 6.0157,
	"/>
</Transform>

<Transform dim="1"
 xcoef=" 0 1 0 0 0 0"
 ycoef=" 0.01 0 1 0 0 0">
<Contour name="d03c36ax22_ssvr" hidden="false" closed="true" simplified="false" border="0 1 0.502" fill="0 0 1" mode="11"
 points="2.0346 6.31727,
	2.02526 6.30793,
	2.0346 6.29859,
	2.04394 6.30793,
	"/>
</Transform>

<Transform dim="1"
 xcoef=" 0.01 1 0 0 0 0"
 ycoef=" 0 0 1 0 0 0">
<Contour name="d03c36ax22_ssvr" hidden="false" closed="true" simplified="false" border="0 1 0.502" fill="0 0 1" mode="11"
 points="2.02259 5.97967,
	2.01325 5.97033,
	2.02259 5.96099,
	2.03193 5.97033,
	"/>
</Transform>

<Transform dim="1"
 xcoef=" 0.01 1 0 0 0 0"
 ycoef=" 0.01 0 1 0 0 0">
<Contour name="d04c37ax30_ssvr" hidden="false" closed="true" simplified="false" border="0 1 0.502" fill="0 0 1" mode="11"
 points="6.26892 4.60359,
	6.25657 4.59124,
	6.26892 4.57889,
	6.28126 4.59124,
	"/>
</Transform>

<Transform dim="1"
 xcoef=" -0.01 1 0 0 0 0"
 ycoef=" 0 0 1 0 0 0">
<Contour name="d04c40ax31_ssvr" hidden="false" closed="true" simplified="false" border="0 1 0.502" fill="0 0 1" mode="11"
 points="5.9738 4.01425,
	5.96099 4.00144,
	5.9738 3.98863,
	5.98661 4.00144,
	"/>
</Transform>

<Transform dim="1"
 xcoef=" -0.01 1 0 0 0 0"
 ycoef=" 0.01 0 1 0 0 0">
<Contour name="d04c40ax31_ssvr" hidden="false" closed="true" simplified="false" border="0 1 0.502" fill="0 0 1" mode="11"
 points="5.91524 3.97765,
	5.90243 3.96484,
	5.91524 3.95203,
	5.92805 3.96484,
	"/>
</Transform>

<Transform dim="1"
 xcoef=" -0.01 1 0 0 0 0"
 ycoef=" 0.01 0 1 0 0 0">
<Contour name="d04c40ax31_ssvr" hidden="false" closed="true" simplified="false" border="0 1 0.502" fill="0 0 1" mode="11"
 points="5.86399 3.99046,
	5.85118 3.97765,
	5.86399 3.96484,
	5.8768 3.97765,
	"/>
</Transform>

<Transform dim="1"
 xcoef=" -0.01 1 0 0 0 0"
 ycoef=" 0 0 1 0 0 0">
<Contour name="d04c40ax31_ssvr" hidden="false" closed="true" simplified="false" border="0 1 0.502" fill="0 0 1" mode="11"
 points="5.82739 3.92641,
	5.81458 3.9136,
	5.82739 3.90078,
	5.8402 3.9136,
	"/>
</Transform>

<Transform dim="1"
 xcoef=" -0.01 1 0 0 0 0"
 ycoef=" 0.01 0 1 0 0 0">
<Contour name="d04c40ax31_ssvr" hidden="false" closed="true" simplified="false" border="0 1 0.502" fill="0 0 1" mode="11"
 points="5.88046 3.89529,
	5.86765 3.88248,
	5.88046 3.86967,
	5.89328 3.88248,
	"/>
</Transform>

<Transform dim="1"
 xcoef=" -0.01 1 0 0 0 0"
 ycoef=" 0 0 1 0 0 0">
<Contour name="d04c40ax31_ssvr" hidden="false" closed="true" simplified="false" border="0 1 0.502" fill="0 0 1" mode="11"
 points="5.80726 3.86601,
	5.79445 3.8532,
	5.80726 3.84039,
	5.82007 3.8532,
	"/>
</Transform>

<Transform dim="1"
 xcoef=" 0 1 0 0 0 0"
 ycoef=" 0 0 1 0 0 0">
<Contour name="d04c40ax31_ssvr" hidden="false" closed="true" simplified="false" border="0 1 0.502" fill="0 0 1" mode="11"
 points="5.76882 3.89529,
	5.75601 3.88248,
	5.76882 3.86967,
	5.78164 3.88248,
	"/>
</Transform>

<Transform dim="1"
 xcoef=" 0 1 0 0 0 0"
 ycoef=" -0.01 0 1 0 0 0">
<Contour name="d04c40ax31_ssvr" hidden="false" closed="true" simplified="false" border="0 1 0.502" fill="0 0 1" mode="11"
 points="5.72856 3.93556,
	5.71575 3.92275,
	5.72856 3.90993,
	5.74137 3.92275,
	"/>
</Transform>

<Transform dim="0"
 xcoef=" 0 1 0 0 0 0"
 ycoef=" 0 0 1 0 0 0">
<Contour name="d03c34ax23" hidden="false" closed="true" simplified="true" border="0 1 0" fill="0 1 0" mode="9"
 points="2.64095 5.38408,
	2.64371 5.32517,
	2.64463 5.29571,
	2.64463 5.28835,
	2.64463 5.2865,
	2.64832 5.28558,
	2.70723 5.29111,
	2.72196 5.29203,
	2.72932 5.29387,
	2.74681 5.41169,
	2.75602 5.47061,
	2.76062 5.50006,
	2.7017 5.50835,
	2.67225 5.51295,
	2.65752 5.51479,
	2.65016 5.51571,
	2.64832 5.51571,
	2.64555 5.48626,
	2.64279 5.42734,
	2.64095 5.39789,
	2.64095 5.39052,
	2.64095 5.38684,
	2.64095 5.385,
	"/>
</Transform>

<Transform dim="0"
 xcoef=" 0 1 0 0 0 0"
 ycoef=" 0 0 1 0 0 0">
<Contour name="d04c40ax31" hidden="false" closed="true" simplified="true" border="0 1 0" fill="0 1 0" mode="9"
 points="5.53274 3.88127,
	5.60721 3.79219,
	5.64409 3.74765,
	5.66289 3.72538,
	5.66776 3.71981,
	5.67332 3.70868,
	5.67472 3.70659,
	5.7638 3.78106,
	5.77493 3.7901,
	5.77702 3.79219,
	5.68794 3.87292,
	5.6434 3.91329,
	5.62113 3.93347,
	5.60999 3.94321,
	5.60443 3.94878,
	5.59955 3.95295,
	5.5578 3.90841,
	5.53762 3.88614,
	5.53483 3.88336,
	5.53344 3.88197,
	"/>
</Transform>

<Transform dim="0"
 xcoef=" 0 1 0 0 0 0"
 ycoef=" 0 0 1 0 0 0">
<Contour name="ax37" comment="dch traced 07.2018" hidden="false" closed="true" simplified="true" border="0 1 1" fill="0.502 1 1" mode="9"
 points="2.61581 4.32152,
	2.61943 4.31188,
	2.62184 4.30705,
	2.62546 4.30223,
	2.62666 4.29982,
	2.6351 4.29078,
	2.63992 4.28656,
	2.6779 4.26607,
	2.68272 4.26426,
	2.702 4.2516,
	2.72129 4.23774,
	2.73033 4.23051,
	2.73817 4.22267,
	2.75625 4.2064,
	2.76589 4.20037,
	2.77071 4.19736,
	2.77554 4.19555,
	2.79482 4.19434,
	2.81411 4.19133,
	2.82375 4.18832,
	2.8334 4.18771,
	2.83822 4.18771,
	2.84304 4.19013,
	2.84726 4.19495,
	2.85389 4.20399,
	2.85811 4.21363,
	2.86414 4.23292,
	2.86655 4.24256,
	2.86836 4.24738,
	2.86896 4.25703,
	2.86775 4.26667,
	2.86534 4.27149,
	2.85871 4.28114,
	2.85088 4.29018,
	2.84123 4.29862,
	2.83882 4.29982,
	2.834 4.30404,
	2.82436 4.30946,
	2.81953 4.31248,
	2.81712 4.31368,
	2.81652 4.31489,
	2.81532 4.31489,
	2.79663 4.33237,
	2.78759 4.34141,
	2.77795 4.34804,
	2.77313 4.35045,
	2.75384 4.35587,
	2.71526 4.36371,
	2.69598 4.36733,
	2.67669 4.36672,
	2.67187 4.36612,
	2.66705 4.36431,
	2.6574 4.3625,
	2.63812 4.35587,
	2.62847 4.34985,
	2.62365 4.34563,
	2.62064 4.34081,
	2.61943 4.3396,
	2.61642 4.32996,
	2.61581 4.32514,
	2.61581 4.32272,
	2.61581 4.32212,
	"/>
</Transform>

<Transform dim="0"
 xcoef=" 0 1 0 0 0 0"
 ycoef=" 0 0 1 0 0 0">
<Contour name="ax38" comment="dch traced 07.2018" hidden="false" closed="true" simplified="true" border="0 1 1" fill="0.502 1 1" mode="9"
 points="2.56583 4.45811,
	2.56805 4.43451,
	2.57468 4.4109,
	2.57616 4.405,
	2.57911 4.3991,
	2.60272 4.38213,
	2.60567 4.37992,
	2.61157 4.3777,
	2.62338 4.37623,
	2.62633 4.37623,
	2.63223 4.37401,
	2.63813 4.37328,
	2.66174 4.37401,
	2.68534 4.37254,
	2.69125 4.3718,
	2.6942 4.3718,
	2.7001 4.36959,
	2.706 4.36885,
	2.72961 4.36147,
	2.73551 4.35852,
	2.74141 4.35705,
	2.74436 4.35557,
	2.76797 4.35336,
	2.77387 4.35262,
	2.77682 4.35188,
	2.77977 4.35262,
	2.79158 4.35188,
	2.80338 4.35336,
	2.80928 4.35409,
	2.83289 4.36221,
	2.84469 4.37106,
	2.84838 4.37696,
	2.8506 4.37992,
	2.85207 4.38065,
	2.85576 4.39246,
	2.85724 4.40426,
	2.85724 4.41606,
	2.85355 4.42787,
	2.84543 4.43893,
	2.84027 4.4441,
	2.83879 4.44631,
	2.83289 4.45221,
	2.80928 4.46918,
	2.79748 4.47582,
	2.78641 4.48025,
	2.78051 4.48394,
	2.76871 4.48762,
	2.76281 4.49131,
	2.751 4.49426,
	2.7274 4.49426,
	2.71559 4.495,
	2.70379 4.49795,
	2.70084 4.49943,
	2.69936 4.49943,
	2.69789 4.5009,
	2.69641 4.5009,
	2.69346 4.50312,
	2.69198 4.50312,
	2.69051 4.50459,
	2.67871 4.50828,
	2.6728 4.51049,
	2.66985 4.51197,
	2.65805 4.51271,
	2.65215 4.51344,
	2.62854 4.51123,
	2.61674 4.50976,
	2.61083 4.50976,
	2.59903 4.50607,
	2.58796 4.50017,
	2.58649 4.49869,
	2.58354 4.49795,
	2.57247 4.48762,
	2.56731 4.47582,
	2.56583 4.46402,
	2.56583 4.45885,
	"/>
</Transform>

<Transform dim="0"
 xcoef=" 0 1 0 0 0 0"
 ycoef=" 0 0 1 0 0 0">
<Contour name="ax14" comment="dch traced 07.2018" hidden="false" closed="true" simplified="true" border="0 1 1" fill="0.502 1 1" mode="9"
 points="1.45009 4.4035,
	1.4528 4.38907,
	1.45731 4.37463,
	1.45911 4.36741,
	1.46092 4.3638,
	1.46272 4.36199,
	1.46904 4.34756,
	1.48077 4.33583,
	1.49521 4.3259,
	1.49882 4.32319,
	1.50062 4.32139,
	1.51506 4.31958,
	1.54393 4.32319,
	1.55837 4.3259,
	1.57281 4.33222,
	1.58003 4.33673,
	1.58364 4.33763,
	1.58544 4.33944,
	1.59988 4.34485,
	1.60349 4.34665,
	1.60529 4.34665,
	1.6071 4.34846,
	1.6089 4.34846,
	1.61071 4.35026,
	1.61793 4.35297,
	1.62515 4.35748,
	1.63236 4.3638,
	1.64139 4.37733,
	1.6477 4.39177,
	1.6477 4.39358,
	1.64951 4.39538,
	1.64951 4.39719,
	1.65131 4.39899,
	1.65131 4.4008,
	1.65312 4.4026,
	1.65492 4.40982,
	1.65853 4.41704,
	1.66034 4.42426,
	1.66034 4.43148,
	1.65763 4.4387,
	1.65763 4.4405,
	1.6459 4.45313,
	1.64319 4.45674,
	1.63597 4.46125,
	1.63236 4.46396,
	1.61793 4.46847,
	1.61071 4.47028,
	1.6071 4.47208,
	1.60529 4.47208,
	1.60168 4.47479,
	1.58725 4.4802,
	1.57281 4.48923,
	1.55837 4.49645,
	1.55115 4.49915,
	1.54754 4.50096,
	1.5331 4.50186,
	1.51867 4.50006,
	1.51145 4.49735,
	1.50784 4.49554,
	1.4934 4.48291,
	1.48979 4.4802,
	1.48799 4.47659,
	1.47626 4.46306,
	1.47084 4.45584,
	1.46904 4.45404,
	1.46904 4.45223,
	1.46001 4.43779,
	1.4555 4.43057,
	1.45099 4.41614,
	1.45009 4.40892,
	1.45009 4.40531,
	1.45009 4.40441,
	"/>
</Transform>

<Transform dim="0"
 xcoef=" 0 1 0 0 0 0"
 ycoef=" 0 0 1 0 0 0">
<Contour name="ax52" comment="dch traced 07.2018" hidden="false" closed="true" simplified="true" border="0 1 1" fill="0.502 1 1" mode="9"
 points="1.60926 4.33013,
	1.61627 4.28528,
	1.61767 4.26285,
	1.62187 4.25163,
	1.62888 4.24042,
	1.63869 4.2292,
	1.66112 4.21519,
	1.68355 4.20537,
	1.70598 4.19977,
	1.71719 4.19696,
	1.73962 4.18575,
	1.75084 4.17874,
	1.76205 4.16893,
	1.80691 4.1507,
	1.81252 4.1465,
	1.82373 4.1451,
	1.83494 4.14089,
	1.84055 4.14089,
	1.84616 4.13809,
	1.86859 4.13809,
	1.89102 4.14229,
	1.89382 4.14229,
	1.90503 4.1507,
	1.92045 4.17313,
	1.94288 4.19136,
	1.94849 4.19696,
	1.9597 4.20397,
	1.98073 4.225,
	1.98774 4.23621,
	1.99335 4.25864,
	1.99054 4.28107,
	1.98914 4.28668,
	1.98494 4.29229,
	1.97512 4.31471,
	1.96812 4.32593,
	1.9583 4.33714,
	1.9527 4.34275,
	1.93027 4.35396,
	1.92466 4.35677,
	1.90503 4.37779,
	1.88261 4.39321,
	1.877 4.39742,
	1.87139 4.39882,
	1.86578 4.39742,
	1.84336 4.41004,
	1.83214 4.41845,
	1.82653 4.42125,
	1.81532 4.43106,
	1.80971 4.43387,
	1.7985 4.44508,
	1.77607 4.4605,
	1.76486 4.46611,
	1.75364 4.46891,
	1.70878 4.46471,
	1.66393 4.44929,
	1.65271 4.44087,
	1.6471 4.43527,
	1.62047 4.39041,
	1.61346 4.36798,
	1.60926 4.34555,
	1.60926 4.33434,
	1.60926 4.33154,
	"/>
</Transform>

<Transform dim="0"
 xcoef=" 0 1 0 0 0 0"
 ycoef=" 0 0 1 0 0 0">
<Contour name="ax54" comment="dch traced 07.2018" hidden="false" closed="true" simplified="true" border="0 1 1" fill="0.502 1 1" mode="9"
 points="1.07524 3.62014,
	1.07728 3.61606,
	1.07728 3.61198,
	1.08033 3.60383,
	1.08135 3.59975,
	1.08135 3.59772,
	1.08339 3.5967,
	1.08339 3.59466,
	1.09664 3.57835,
	1.11295 3.57122,
	1.1211 3.56714,
	1.12925 3.56612,
	1.13741 3.56306,
	1.14556 3.56204,
	1.14964 3.56204,
	1.16595 3.55593,
	1.16798 3.55389,
	1.17614 3.55083,
	1.18021 3.54778,
	1.18225 3.54778,
	1.18633 3.54472,
	1.19448 3.54268,
	1.19856 3.53962,
	1.21487 3.53351,
	1.21894 3.53147,
	1.23525 3.52943,
	1.26786 3.53147,
	1.27602 3.53351,
	1.2913 3.54166,
	1.29946 3.54574,
	1.30761 3.55185,
	1.32392 3.56001,
	1.34023 3.56306,
	1.40545 3.56612,
	1.43807 3.57122,
	1.44622 3.57427,
	1.4503 3.57427,
	1.45743 3.57835,
	1.46151 3.57937,
	1.49412 3.59874,
	1.50228 3.60485,
	1.50839 3.61198,
	1.51043 3.61402,
	1.51043 3.61606,
	1.51247 3.6181,
	1.51349 3.62218,
	1.51247 3.63848,
	1.50839 3.65479,
	1.50737 3.65887,
	1.50228 3.66702,
	1.49922 3.6711,
	1.4982 3.67517,
	1.48903 3.69148,
	1.48189 3.70779,
	1.48495 3.7404,
	1.48597 3.74856,
	1.48495 3.75671,
	1.47782 3.77302,
	1.47272 3.78015,
	1.45743 3.79646,
	1.45335 3.79951,
	1.45132 3.80359,
	1.43705 3.81888,
	1.43195 3.82601,
	1.41768 3.83926,
	1.41055 3.84436,
	1.40647 3.84844,
	1.40342 3.85047,
	1.39017 3.86474,
	1.38405 3.87086,
	1.3759 3.87595,
	1.35959 3.88003,
	1.34328 3.87901,
	1.33513 3.87901,
	1.33105 3.87799,
	1.31475 3.8678,
	1.30761 3.86067,
	1.30048 3.85557,
	1.28621 3.84028,
	1.27398 3.82601,
	1.25461 3.79442,
	1.24952 3.78728,
	1.23525 3.77098,
	1.20366 3.74142,
	1.19142 3.72715,
	1.18837 3.72308,
	1.18633 3.72104,
	1.18633 3.719,
	1.18327 3.71492,
	1.18021 3.71288,
	1.17308 3.70473,
	1.15881 3.69454,
	1.1425 3.68537,
	1.14047 3.68537,
	1.13843 3.68333,
	1.13435 3.68231,
	1.13231 3.68027,
	1.12416 3.67823,
	1.12212 3.67823,
	1.09053 3.65785,
	1.08237 3.65071,
	1.07931 3.64664,
	1.07626 3.63848,
	1.07524 3.62218,
	1.07524 3.62116,
	"/>
</Transform>

<Transform dim="0"
 xcoef=" 0 1 0 0 0 0"
 ycoef=" 0 0 1 0 0 0">
<Contour name="ax26" comment="dch traced 07.2018" hidden="false" closed="true" simplified="true" border="0 1 1" fill="0.502 1 1" mode="9"
 points="2.3958 4.18658,
	2.4065 4.17102,
	2.41234 4.16323,
	2.42012 4.1574,
	2.43569 4.15059,
	2.45125 4.1467,
	2.45903 4.1467,
	2.46292 4.1467,
	2.46681 4.14475,
	2.48238 4.14475,
	2.49016 4.14572,
	2.49794 4.14864,
	2.5135 4.1574,
	2.52907 4.16226,
	2.54463 4.16323,
	2.56019 4.16032,
	2.56798 4.15934,
	2.56992 4.1574,
	2.5777 4.15642,
	2.59327 4.15837,
	2.60105 4.16032,
	2.6312 4.1788,
	2.64677 4.18658,
	2.65455 4.18852,
	2.68567 4.18852,
	2.69346 4.18755,
	2.70124 4.18852,
	2.70513 4.18755,
	2.72069 4.19047,
	2.72847 4.19339,
	2.73626 4.19825,
	2.74209 4.20506,
	2.74404 4.20895,
	2.74404 4.21673,
	2.73917 4.2323,
	2.73139 4.23911,
	2.70027 4.25953,
	2.69637 4.26148,
	2.69443 4.26342,
	2.68665 4.26634,
	2.68276 4.26829,
	2.68081 4.26829,
	2.67887 4.27023,
	2.67692 4.27023,
	2.66914 4.2751,
	2.66525 4.27801,
	2.66136 4.27899,
	2.64677 4.29163,
	2.63509 4.3072,
	2.62828 4.31498,
	2.61272 4.32568,
	2.58159 4.32665,
	2.56603 4.32665,
	2.55047 4.32373,
	2.54269 4.32179,
	2.5349 4.32179,
	2.50378 4.31401,
	2.49989 4.31206,
	2.49794 4.31206,
	2.49599 4.31011,
	2.48821 4.30817,
	2.47362 4.29941,
	2.46584 4.29455,
	2.46098 4.28969,
	2.45903 4.28969,
	2.44347 4.27704,
	2.43569 4.27121,
	2.42304 4.25661,
	2.41915 4.25272,
	2.4172 4.24883,
	2.4104 4.24105,
	2.40261 4.22549,
	2.39775 4.20992,
	2.3958 4.20214,
	2.3958 4.18755,
	"/>
</Transform>

<Transform dim="0"
 xcoef=" 0 1 0 0 0 0"
 ycoef=" 0 0 1 0 0 0">
<Contour name="ax70" comment="dch traced 08.2018" hidden="false" closed="true" simplified="true" border="0 1 1" fill="0.502 1 1" mode="9"
 points="1.66845 3.35849,
	1.67191 3.33086,
	1.67277 3.32741,
	1.67622 3.32396,
	1.70212 3.30497,
	1.71506 3.29202,
	1.71679 3.28857,
	1.72024 3.28512,
	1.7211 3.28167,
	1.72283 3.27994,
	1.72715 3.26613,
	1.72801 3.23851,
	1.72456 3.2247,
	1.72283 3.22125,
	1.7211 3.20744,
	1.72197 3.20053,
	1.72801 3.18672,
	1.73146 3.17981,
	1.73664 3.17291,
	1.73837 3.16946,
	1.74009 3.16859,
	1.74009 3.16687,
	1.75045 3.15565,
	1.7539 3.15219,
	1.75563 3.14874,
	1.76167 3.14184,
	1.76599 3.13579,
	1.77721 3.12371,
	1.78325 3.11853,
	1.78929 3.11508,
	1.7962 3.1099,
	1.79965 3.10731,
	1.8031 3.10645,
	1.81001 3.10213,
	1.83763 3.09436,
	1.85144 3.0935,
	1.85834 3.09523,
	1.8618 3.09695,
	1.86525 3.09695,
	1.8687 3.09868,
	1.87043 3.09868,
	1.87733 3.103,
	1.88769 3.11594,
	1.88942 3.11939,
	1.89114 3.12112,
	1.89719 3.13493,
	1.9015 3.14874,
	1.90236 3.15565,
	1.90409 3.1591,
	1.90409 3.166,
	1.90582 3.16946,
	1.90582 3.17291,
	1.91186 3.18672,
	1.91359 3.19017,
	1.91704 3.19362,
	1.92222 3.19794,
	1.92567 3.20139,
	1.93171 3.20485,
	1.93516 3.20657,
	1.93689 3.2083,
	1.93862 3.2083,
	1.94552 3.21261,
	1.95933 3.21779,
	1.96624 3.22125,
	1.96796 3.22125,
	1.97142 3.22383,
	1.97314 3.22383,
	1.97487 3.22556,
	1.98177 3.22815,
	1.98523 3.23074,
	1.99213 3.23333,
	1.99558 3.23419,
	2.0232 3.25059,
	2.02838 3.2575,
	2.03615 3.27131,
	2.04047 3.27821,
	2.04651 3.28339,
	2.05341 3.28684,
	2.05687 3.28943,
	2.06377 3.29202,
	2.07758 3.29289,
	2.1052 3.29116,
	2.11211 3.29202,
	2.11556 3.29289,
	2.12851 3.30152,
	2.13973 3.3136,
	2.1475 3.32741,
	2.1475 3.32914,
	2.14922 3.33086,
	2.15699 3.35849,
	2.15699 3.36194,
	2.15958 3.36884,
	2.16044 3.39646,
	2.15872 3.40337,
	2.15785 3.40682,
	2.15613 3.40855,
	2.15527 3.412,
	2.15268 3.41545,
	2.15268 3.41718,
	2.14146 3.43099,
	2.13455 3.43703,
	2.10693 3.45343,
	2.09312 3.4612,
	2.0655 3.46379,
	2.05169 3.4681,
	2.03788 3.47415,
	2.02407 3.4776,
	2.01026 3.47674,
	1.99645 3.47415,
	1.96883 3.47242,
	1.94121 3.47415,
	1.91359 3.48191,
	1.89978 3.48537,
	1.89287 3.48709,
	1.88942 3.48882,
	1.87561 3.48882,
	1.8687 3.48709,
	1.84108 3.48537,
	1.82727 3.48796,
	1.82382 3.48882,
	1.82037 3.49141,
	1.80656 3.49659,
	1.79965 3.49918,
	1.77203 3.49659,
	1.74441 3.49055,
	1.71679 3.48105,
	1.70988 3.4776,
	1.69866 3.46638,
	1.69435 3.45947,
	1.69176 3.45602,
	1.68744 3.44221,
	1.68572 3.4284,
	1.68399 3.42149,
	1.68399 3.41459,
	1.67967 3.40078,
	1.67795 3.39387,
	1.67708 3.39042,
	1.67277 3.38352,
	1.66932 3.36971,
	1.66845 3.3628,
	1.66845 3.35935,
	"/>
</Transform>

<Transform dim="0"
 xcoef=" 0 1 0 0 0 0"
 ycoef=" 0 0 1 0 0 0">
<Contour name="ax76" comment="dch traced 08.2018" hidden="false" closed="true" simplified="true" border="0 1 1" fill="0.502 1 1" mode="9"
 points="2.29237 6.45841,
	2.29654 6.43615,
	2.29932 6.42502,
	2.30906 6.40277,
	2.31323 6.38051,
	2.31462 6.35826,
	2.31323 6.336,
	2.31462 6.31374,
	2.31601 6.30262,
	2.3174 6.29705,
	2.32575 6.28731,
	2.32575 6.28453,
	2.32992 6.28036,
	2.33271 6.28036,
	2.35496 6.26784,
	2.37722 6.25949,
	2.39947 6.24837,
	2.40226 6.24558,
	2.40504 6.24558,
	2.40921 6.23446,
	2.41338 6.2122,
	2.42034 6.18994,
	2.43286 6.16769,
	2.43564 6.16491,
	2.43564 6.16212,
	2.45372 6.13987,
	2.45789 6.1343,
	2.46207 6.08979,
	2.46624 6.07866,
	2.47598 6.06754,
	2.48154 6.06475,
	2.48711 6.05919,
	2.50936 6.04806,
	2.53023 6.02859,
	2.5344 6.02303,
	2.53579 6.01746,
	2.5344 6.00633,
	2.53857 5.98408,
	2.53996 5.97851,
	2.54692 5.96739,
	2.55805 5.95904,
	2.56361 5.95348,
	2.58587 5.94096,
	2.59143 5.93539,
	2.59699 5.93261,
	2.60256 5.92705,
	2.60673 5.92426,
	2.61786 5.91453,
	2.64012 5.89923,
	2.64568 5.89366,
	2.65681 5.8881,
	2.66654 5.87836,
	2.67072 5.8728,
	2.67906 5.85054,
	2.68602 5.8408,
	2.68602 5.83802,
	2.69715 5.82689,
	2.7194 5.81159,
	2.74166 5.80186,
	2.78617 5.78656,
	2.7973 5.78099,
	2.80286 5.77682,
	2.80704 5.76569,
	2.80843 5.74343,
	2.81538 5.73231,
	2.82651 5.72396,
	2.83207 5.71979,
	2.83764 5.7184,
	2.8432 5.71422,
	2.86546 5.71144,
	2.88771 5.71283,
	2.89884 5.71422,
	2.9211 5.72257,
	2.93083 5.73092,
	2.93779 5.73926,
	2.95587 5.78377,
	2.96561 5.79351,
	2.96839 5.79351,
	2.97952 5.80186,
	2.9823 5.80186,
	2.99343 5.80881,
	3.03794 5.81716,
	3.04351 5.81716,
	3.05463 5.82272,
	3.06298 5.83385,
	3.06298 5.84498,
	3.06298 5.85054,
	3.0449 5.87141,
	3.03933 5.87697,
	3.03655 5.87975,
	3.03377 5.87975,
	3.02403 5.8881,
	3.01847 5.89088,
	3.01569 5.89366,
	3.0129 5.89366,
	2.99065 5.90757,
	2.97952 5.91453,
	2.97396 5.9187,
	2.95865 5.93957,
	2.94753 5.94513,
	2.92527 5.94513,
	2.90301 5.94235,
	2.88076 5.94235,
	2.86963 5.94374,
	2.8585 5.94791,
	2.85294 5.9493,
	2.84181 5.95904,
	2.83903 5.96182,
	2.83625 5.96182,
	2.83207 5.96739,
	2.82929 5.97017,
	2.82929 5.97295,
	2.82651 5.97573,
	2.82512 5.98686,
	2.82234 5.99242,
	2.82234 5.99799,
	2.80982 6.01885,
	2.80286 6.02859,
	2.78339 6.04806,
	2.76113 6.05919,
	2.75 6.06197,
	2.73192 6.07588,
	2.71245 6.09675,
	2.70688 6.09953,
	2.70271 6.10509,
	2.69993 6.10788,
	2.69993 6.11066,
	2.69576 6.11622,
	2.69158 6.12735,
	2.69158 6.13848,
	2.69576 6.16073,
	2.69715 6.17186,
	2.69993 6.17743,
	2.70132 6.18855,
	2.70688 6.19968,
	2.70827 6.20525,
	2.71662 6.21637,
	2.72497 6.23863,
	2.73053 6.26089,
	2.7347 6.27201,
	2.74444 6.28314,
	2.7667 6.29844,
	2.78895 6.3054,
	2.80008 6.31235,
	2.81121 6.31653,
	2.83346 6.32904,
	2.83903 6.32904,
	2.84459 6.33183,
	2.86685 6.33461,
	2.8891 6.33461,
	2.91136 6.33183,
	2.95587 6.33322,
	2.97813 6.33739,
	2.9823 6.34295,
	2.98508 6.35408,
	2.98508 6.36521,
	2.97813 6.37634,
	2.97256 6.3819,
	2.96561 6.39164,
	2.96144 6.40277,
	2.95726 6.42502,
	2.95031 6.43615,
	2.92944 6.45284,
	2.90719 6.4598,
	2.89606 6.46258,
	2.8905 6.46397,
	2.87937 6.47093,
	2.8585 6.49179,
	2.8585 6.49457,
	2.85294 6.49875,
	2.84181 6.50014,
	2.83207 6.49875,
	2.82651 6.50153,
	2.81538 6.50292,
	2.80704 6.51127,
	2.80425 6.51683,
	2.80147 6.51961,
	2.80147 6.52239,
	2.78756 6.54465,
	2.77782 6.56691,
	2.77226 6.57803,
	2.76809 6.5836,
	2.76809 6.58638,
	2.76113 6.59751,
	2.74166 6.61837,
	2.7194 6.63506,
	2.70827 6.64063,
	2.70549 6.64341,
	2.68463 6.65315,
	2.66237 6.66706,
	2.64707 6.68653,
	2.63038 6.70879,
	2.62203 6.71992,
	2.6123 6.72826,
	2.60117 6.73939,
	2.59004 6.74634,
	2.57891 6.74774,
	2.5344 6.74495,
	2.48989 6.738,
	2.46763 6.73104,
	2.4565 6.72409,
	2.45094 6.71992,
	2.44538 6.71852,
	2.42451 6.70322,
	2.41477 6.6921,
	2.40782 6.68097,
	2.40365 6.6754,
	2.40365 6.67262,
	2.3953 6.66149,
	2.3953 6.65871,
	2.37861 6.64063,
	2.35913 6.62533,
	2.35079 6.61837,
	2.34522 6.61698,
	2.32575 6.5989,
	2.3174 6.58916,
	2.30767 6.56691,
	2.30489 6.54465,
	2.30489 6.52239,
	2.30489 6.51127,
	2.29237 6.46675,
	2.29237 6.46119,
	2.29237 6.4598,
	"/>
</Transform>

<Transform dim="0"
 xcoef=" 0 1 0 0 0 0"
 ycoef=" 0 0 1 0 0 0">
<Contour name="ax78" comment="dch traced 08.2018" hidden="false" closed="true" simplified="true" border="0 1 1" fill="0.502 1 1" mode="9"
 points="3.43214 4.13216,
	3.43846 4.12742,
	3.44162 4.12425,
	3.4669 4.12742,
	3.47954 4.129,
	3.53011 4.11635,
	3.54275 4.11161,
	3.54907 4.11161,
	3.55381 4.10845,
	3.56487 4.08317,
	3.56961 4.07053,
	3.56961 4.04525,
	3.56961 4.0326,
	3.57751 3.98204,
	3.57909 3.9694,
	3.58384 3.95676,
	3.59174 3.9457,
	3.59964 3.93779,
	3.61228 3.93463,
	3.62492 3.93621,
	3.63756 3.94095,
	3.6502 3.94886,
	3.65652 3.95202,
	3.66284 3.95834,
	3.67549 3.96308,
	3.68181 3.95992,
	3.73237 3.9615,
	3.75765 3.9694,
	3.76081 3.9694,
	3.77346 3.98046,
	3.7782 3.9931,
	3.77978 4.00574,
	3.78136 4.01206,
	3.77978 4.01522,
	3.79084 4.02628,
	3.81612 4.02944,
	3.8414 4.03735,
	3.85405 4.04051,
	3.87933 4.05157,
	3.89197 4.05631,
	3.91725 4.07369,
	3.94095 4.09581,
	3.9536 4.12109,
	3.95834 4.13374,
	3.95834 4.1843,
	3.95202 4.20958,
	3.94886 4.22223,
	3.94728 4.24751,
	3.9457 4.26015,
	3.95044 4.28543,
	3.95518 4.29807,
	3.99626 4.34706,
	3.99626 4.35022,
	4.001 4.35654,
	4.001 4.3597,
	4.00416 4.36128,
	4.00574 4.3676,
	4.01048 4.37392,
	4.01522 4.42449,
	4.01522 4.43713,
	4.01048 4.46241,
	4.0089 4.47505,
	4.00574 4.48137,
	4.00574 4.4877,
	3.99942 4.50034,
	3.99784 4.52562,
	3.99784 4.53194,
	4.00258 4.54458,
	4.00574 4.54774,
	4.01522 4.57302,
	4.02786 4.59831,
	4.0326 4.61095,
	4.03577 4.61727,
	4.03893 4.62043,
	4.04051 4.62675,
	4.05789 4.65203,
	4.06421 4.66467,
	4.06895 4.671,
	4.07369 4.68364,
	4.08159 4.6947,
	4.09423 4.70418,
	4.10529 4.71682,
	4.10845 4.71682,
	4.11477 4.72314,
	4.12742 4.73104,
	4.15112 4.7421,
	4.1764 4.75,
	4.18272 4.75474,
	4.208 4.76265,
	4.22065 4.76423,
	4.22697 4.76581,
	4.22697 4.77845,
	4.21274 4.80215,
	4.18746 4.82111,
	4.16218 4.83533,
	4.1369 4.84165,
	4.11161 4.84323,
	4.09897 4.84481,
	4.04841 4.84165,
	4.02312 4.84007,
	3.99784 4.84323,
	3.97256 4.85114,
	3.96624 4.85272,
	3.96308 4.85272,
	3.95992 4.85588,
	3.94728 4.86062,
	3.94412 4.86378,
	3.93779 4.86536,
	3.93463 4.86852,
	3.92831 4.8701,
	3.91567 4.878,
	3.90935 4.88116,
	3.88407 4.87958,
	3.85879 4.87484,
	3.84614 4.87168,
	3.82086 4.85904,
	3.79558 4.84323,
	3.77346 4.82269,
	3.76081 4.81321,
	3.75449 4.80847,
	3.72921 4.80215,
	3.71657 4.79425,
	3.68655 4.74368,
	3.67707 4.73104,
	3.66284 4.70576,
	3.64388 4.68048,
	3.62966 4.65835,
	3.61544 4.63307,
	3.61228 4.62675,
	3.60912 4.62359,
	3.60912 4.62043,
	3.60596 4.61727,
	3.60438 4.61095,
	3.58542 4.58883,
	3.53959 4.54774,
	3.52695 4.53668,
	3.50799 4.51456,
	3.49693 4.50192,
	3.47638 4.48295,
	3.46374 4.47347,
	3.46058 4.46873,
	3.44794 4.46083,
	3.44004 4.44819,
	3.43688 4.44187,
	3.43846 4.41659,
	3.4432 4.40395,
	3.4432 4.40079,
	3.4511 4.38814,
	3.46216 4.3755,
	3.48428 4.35496,
	3.49219 4.3439,
	3.49851 4.31862,
	3.51589 4.29491,
	3.52221 4.28227,
	3.52221 4.25699,
	3.51905 4.23171,
	3.51431 4.21907,
	3.51431 4.21591,
	3.50325 4.20484,
	3.50009 4.2001,
	3.48744 4.19062,
	3.48428 4.19062,
	3.47796 4.18588,
	3.45268 4.17798,
	3.44636 4.17482,
	3.4432 4.17482,
	3.43688 4.1685,
	3.43372 4.16534,
	3.43214 4.14006,
	3.43214 4.13374,
	"/>
</Transform>

<Transform dim="0"
 xcoef=" 0 1 0 0 0 0"
 ycoef=" 0 0 1 0 0 0">
<Contour name="ax42" comment="dch traced 08.2018" hidden="false" closed="true" simplified="true" border="0 1 1" fill="0.502 1 1" mode="9"
 points="-0.471571 6.53922,
	-0.448212 6.4925,
	-0.436532 6.46914,
	-0.407333 6.42242,
	-0.398573 6.41074,
	-0.373753 6.36402,
	-0.343094 6.31731,
	-0.309514 6.27059,
	-0.290535 6.24723,
	-0.286155 6.24139,
	-0.281775 6.22971,
	-0.274475 6.21803,
	-0.229216 6.18591,
	-0.217536 6.17861,
	-0.194176 6.15817,
	-0.151837 6.11145,
	-0.128478 6.09101,
	-0.105118 6.08371,
	-0.0817585 6.08225,
	-0.0583989 6.07787,
	-0.0116798 6.06035,
	0 6.05743,
	0.0467192 6.05597,
	0.0583989 6.05743,
	0.0700787 6.06181,
	0.116798 6.06619,
	0.140157 6.07057,
	0.163517 6.08079,
	0.186877 6.09393,
	0.198556 6.09831,
	0.221916 6.10269,
	0.233596 6.10853,
	0.249655 6.13189,
	0.275935 6.22533,
	0.290535 6.27205,
	0.297835 6.29541,
	0.310974 6.31877,
	0.321194 6.33045,
	0.327034 6.33629,
	0.373753 6.35964,
	0.420472 6.37862,
	0.443832 6.38738,
	0.490551 6.39468,
	0.53727 6.39614,
	0.583989 6.39176,
	0.595669 6.39176,
	0.619029 6.383,
	0.630709 6.38008,
	0.642388 6.37424,
	0.665748 6.35526,
	0.677428 6.3465,
	0.689108 6.33483,
	0.700787 6.32753,
	0.706627 6.32461,
	0.746046 6.27789,
	0.763566 6.25453,
	0.776706 6.23117,
	0.785466 6.20781,
	0.792766 6.16109,
	0.795686 6.11437,
	0.802985 6.06765,
	0.808825 6.04429,
	0.813205 6.03261,
	0.814665 6.02677,
	0.852625 5.98005,
	0.864304 5.96837,
	0.874524 5.94501,
	0.878904 5.93333,
	0.880364 5.92165,
	0.890584 5.89829,
	0.900804 5.88661,
	0.947523 5.86033,
	0.970882 5.85011,
	0.994242 5.84427,
	1.08768 5.82821,
	1.1344 5.81945,
	1.18112 5.81653,
	1.20448 5.81799,
	1.21616 5.81945,
	1.22784 5.82529,
	1.23368 5.82821,
	1.2439 5.83989,
	1.2512 5.85157,
	1.25412 5.86325,
	1.25412 5.87493,
	1.25266 5.88077,
	1.24974 5.88369,
	1.24828 5.88953,
	1.20156 5.92895,
	1.1782 5.94793,
	1.15922 5.97129,
	1.15046 5.98297,
	1.13148 6.02969,
	1.1271 6.04137,
	1.12418 6.06473,
	1.12418 6.11145,
	1.1271 6.13481,
	1.1198 6.18153,
	1.11688 6.20489,
	1.11542 6.21657,
	1.11104 6.22825,
	1.11104 6.23409,
	1.09206 6.28081,
	1.08476 6.29249,
	1.076 6.31585,
	1.01906 6.40928,
	1.01468 6.41512,
	0.967962 6.43994,
	0.921243 6.456,
	0.897884 6.46622,
	0.851165 6.47644,
	0.827805 6.4779,
	0.804445 6.48374,
	0.792766 6.48666,
	0.746046 6.51586,
	0.722687 6.53046,
	0.711007 6.53776,
	0.708087 6.54068,
	0.661368 6.54798,
	0.649688 6.54944,
	0.626329 6.54506,
	0.602969 6.55674,
	0.591289 6.56404,
	0.579609 6.56842,
	0.53289 6.57426,
	0.509531 6.57864,
	0.462812 6.59324,
	0.416092 6.59908,
	0.369373 6.59616,
	0.346014 6.59178,
	0.334334 6.5874,
	0.322654 6.59032,
	0.299295 6.60346,
	0.275935 6.62244,
	0.252575 6.63558,
	0.229216 6.64434,
	0.223376 6.64726,
	0.200016 6.64872,
	0.153297 6.6458,
	0.129938 6.6385,
	0.106578 6.62828,
	0.0948983 6.62098,
	0.0832185 6.61076,
	0.0773786 6.60784,
	0.0306594 6.60346,
	0.0189797 6.60346,
	-0.0277395 6.6166,
	-0.0744587 6.62536,
	-0.0861384 6.62974,
	-0.109498 6.63266,
	-0.132858 6.63266,
	-0.179577 6.62536,
	-0.202936 6.61952,
	-0.214616 6.6166,
	-0.261335 6.6166,
	-0.284695 6.61514,
	-0.308054 6.61076,
	-0.401493 6.6093,
	-0.424852 6.6093,
	-0.436532 6.6093,
	-0.448212 6.60492,
	-0.459892 6.59616,
	-0.467192 6.58448,
	-0.471571 6.5728,
	-0.471571 6.54944,
	-0.471571 6.5436,
	-0.471571 6.54068,
	"/>
</Transform>

<Transform dim="0"
 xcoef=" 0 1 0 0 0 0"
 ycoef=" 0 0 1 0 0 0">
<Contour name="ax42" comment="dch traced 08.2018" hidden="false" closed="true" simplified="true" border="0 1 1" fill="0.502 1 1" mode="9"
 points="-1.18842 6.81224,
	-1.17674 6.78888,
	-1.16214 6.76552,
	-1.11542 6.72902,
	-1.0687 6.68668,
	-1.04534 6.67646,
	-0.998622 6.675,
	-0.951903 6.6823,
	-0.928543 6.6896,
	-0.905184 6.70274,
	-0.893504 6.70858,
	-0.870144 6.72756,
	-0.858464 6.73778,
	-0.846785 6.74362,
	-0.835105 6.75238,
	-0.829265 6.7553,
	-0.826345 6.7553,
	-0.820505 6.75968,
	-0.773786 6.77282,
	-0.762106 6.7772,
	-0.756266 6.77866,
	-0.750426 6.78304,
	-0.744587 6.7845,
	-0.738747 6.78888,
	-0.732907 6.79034,
	-0.721227 6.7991,
	-0.711007 6.81078,
	-0.706627 6.821,
	-0.709547 6.84436,
	-0.732907 6.86626,
	-0.756266 6.87356,
	-0.849705 6.8794,
	-0.873064 6.88086,
	-0.919783 6.88962,
	-0.943143 6.894,
	-0.966502 6.90129,
	-0.989862 6.91151,
	-1.03658 6.94071,
	-1.05994 6.95385,
	-1.07162 6.95969,
	-1.09498 6.95969,
	-1.11834 6.95677,
	-1.1417 6.94655,
	-1.16506 6.93195,
	-1.17528 6.92173,
	-1.18112 6.91589,
	-1.18404 6.91005,
	-1.1855 6.86334,
	-1.18842 6.83998,
	-1.18842 6.81662,
	-1.18842 6.8137,
	"/>
</Transform>

<Transform dim="0"
 xcoef=" 0 1 0 0 0 0"
 ycoef=" 0 0 1 0 0 0">
<Contour name="d03c33Bax42" hidden="false" closed="true" simplified="true" border="0 1 0" fill="0 1 0" mode="9"
 points="0.899072 5.79804,
	0.913917 5.79526,
	1.15144 5.77113,
	1.21082 5.76557,
	1.21825 5.76464,
	1.2201 5.76557,
	1.21082 5.82495,
	1.20619 5.85464,
	1.20526 5.86206,
	1.20433 5.86577,
	0.966804 5.90567,
	0.937113 5.91124,
	0.922268 5.91309,
	0.914845 5.91495,
	0.91299 5.91495,
	0.910206 5.9001,
	0.903711 5.84072,
	0.900928 5.81103,
	0.9 5.80361,
	0.899072 5.7999,
	0.899072 5.79897,
	"/>
</Transform>

<Transform dim="0"
 xcoef=" 0 1 0 0 0 0"
 ycoef=" 0 0 1 0 0 0">
<Contour name="d03c33Bax42_ssvr" hidden="false" closed="true" simplified="false" border="0 1 0.502" fill="0 0 1" mode="11"
 points="0.793255 6.36369,
	0.778255 6.34869,
	0.793255 6.33369,
	0.808255 6.34869,
	"/>
<Contour name="d03c33Bax42_ssvr" hidden="false" closed="true" simplified="false" border="0 1 0.502" fill="0 0 1" mode="11"
 points="0.887284 6.32463,
	0.872284 6.30963,
	0.887284 6.29463,
	0.902284 6.30963,
	"/>
<Contour name="d03c33Bax42_ssvr" hidden="false" closed="true" simplified="false" border="0 1 0.502" fill="0 0 1" mode="11"
 points="0.875712 6.27689,
	0.860712 6.26189,
	0.875712 6.24689,
	0.890712 6.26189,
	"/>
<Contour name="d03c33Bax42_ssvr" hidden="false" closed="true" simplified="false" border="0 1 0.502" fill="0 0 1" mode="11"
 points="0.904644 6.22626,
	0.889644 6.21126,
	0.904644 6.19626,
	0.919644 6.21126,
	"/>
<Contour name="d03c33Bax42_ssvr" hidden="false" closed="true" simplified="false" border="0 1 0.502" fill="0 0 1" mode="11"
 points="0.927789 6.16695,
	0.912789 6.15195,
	0.927789 6.13695,
	0.942789 6.15195,
	"/>
<Contour name="d03c33Bax42_ssvr" hidden="false" closed="true" simplified="false" border="0 1 0.502" fill="0 0 1" mode="11"
 points="0.874265 6.13368,
	0.859265 6.11868,
	0.874265 6.10368,
	0.889265 6.11868,
	"/>
<Contour name="d03c33Bax42_ssvr" hidden="false" closed="true" simplified="false" border="0 1 0.502" fill="0 0 1" mode="11"
 points="0.875712 6.04543,
	0.860712 6.03043,
	0.875712 6.01543,
	0.890712 6.03043,
	"/>
<Contour name="d03c33Bax42_ssvr" hidden="false" closed="true" simplified="false" border="0 1 0.502" fill="0 0 1" mode="11"
 points="0.924896 6.04688,
	0.909896 6.03188,
	0.924896 6.01688,
	0.939896 6.03188,
	"/>
<Contour name="d03c33Bax42_ssvr" hidden="false" closed="true" simplified="false" border="0 1 0.502" fill="0 0 1" mode="11"
 points="0.935022 6.10908,
	0.920022 6.09408,
	0.935022 6.07908,
	0.950022 6.09408,
	"/>
<Contour name="d03c33Bax42_ssvr" hidden="false" closed="true" simplified="false" border="0 1 0.502" fill="0 0 1" mode="11"
 points="0.984207 6.01506,
	0.969207 6.00006,
	0.984207 5.98506,
	0.999207 6.00006,
	"/>
<Contour name="d03c33Bax42_ssvr" hidden="false" closed="true" simplified="false" border="0 1 0.502" fill="0 0 1" mode="11"
 points="1.03773 5.94851,
	1.02273 5.93351,
	1.03773 5.91851,
	1.05273 5.93351,
	"/>
<Contour name="d03c33Bax42_ssvr" hidden="false" closed="true" simplified="false" border="0 1 0.502" fill="0 0 1" mode="11"
 points="0.929236 5.98468,
	0.914236 5.96968,
	0.929236 5.95468,
	0.944236 5.96968,
	"/>
</Transform>

<Transform dim="0"
 xcoef=" 0 1 0 0 0 0"
 ycoef=" 0 0 1 0 0 0">
<Contour name="ax79" comment="dch traced 08.2018" hidden="false" closed="true" simplified="true" border="0 1 1" fill="0 0 1" mode="11"
 points="5.74607 2.0586,
	5.74868 2.04815,
	5.74868 2.04554,
	5.75129 2.04293,
	5.7539 2.03248,
	5.76174 2.02334,
	5.76566 2.01811,
	5.78525 2.00374,
	5.7944 1.99852,
	5.81399 1.98284,
	5.83228 1.96456,
	5.83881 1.95411,
	5.84011 1.94888,
	5.84273 1.94627,
	5.84926 1.90447,
	5.85056 1.89402,
	5.85579 1.88357,
	5.86624 1.87704,
	5.86885 1.87443,
	5.87146 1.87443,
	5.87669 1.87051,
	5.89759 1.86398,
	5.93939 1.83916,
	5.94461 1.83655,
	5.94722 1.83655,
	5.94984 1.83393,
	5.99164 1.81826,
	6.00209 1.81303,
	6.02298 1.8065,
	6.03343 1.80389,
	6.03605 1.80128,
	6.07785 1.79867,
	6.16144 1.79736,
	6.18234 1.79736,
	6.19279 1.79736,
	6.20324 1.79997,
	6.20847 1.79997,
	6.21892 1.80389,
	6.22153 1.80389,
	6.22676 1.80781,
	6.26855 1.82218,
	6.27117 1.82218,
	6.27639 1.8261,
	6.31819 1.84308,
	6.32342 1.847,
	6.32864 1.8483,
	6.33909 1.85483,
	6.35999 1.87312,
	6.37697 1.8901,
	6.39003 1.90969,
	6.39656 1.92014,
	6.39656 1.92276,
	6.41224 1.94104,
	6.42138 1.96064,
	6.42138 1.98154,
	6.42138 1.99199,
	6.41877 2.00244,
	6.41746 2.00766,
	6.41485 2.01027,
	6.41354 2.0155,
	6.40963 2.01942,
	6.40963 2.02203,
	6.40179 2.03248,
	6.39918 2.0364,
	6.37828 2.04946,
	6.37305 2.05338,
	6.37044 2.05338,
	6.36521 2.0573,
	6.3626 2.05991,
	6.35999 2.05991,
	6.35738 2.06252,
	6.35476 2.06252,
	6.33648 2.07559,
	6.25419 2.12783,
	6.24896 2.13175,
	6.24635 2.13175,
	6.20586 2.15657,
	6.19541 2.16049,
	6.15361 2.184,
	6.14838 2.18792,
	6.14316 2.18923,
	6.10397 2.21666,
	6.07131 2.25454,
	6.06087 2.26107,
	6.05825 2.26368,
	6.0478 2.26629,
	6.04519 2.26891,
	6.00339 2.27021,
	5.99817 2.2676,
	5.98772 2.2676,
	5.97727 2.26499,
	5.97204 2.26368,
	5.96943 2.26107,
	5.96682 2.26107,
	5.94722 2.24801,
	5.90542 2.2467,
	5.89628 2.24017,
	5.89236 2.23625,
	5.88975 2.23625,
	5.86885 2.22449,
	5.8584 2.22058,
	5.84795 2.21927,
	5.8375 2.21404,
	5.81791 2.19706,
	5.79831 2.184,
	5.78003 2.16702,
	5.77088 2.15657,
	5.76435 2.14612,
	5.76043 2.1409,
	5.75913 2.13567,
	5.75521 2.13045,
	5.74868 2.10955,
	5.74607 2.08865,
	5.74607 2.06775,
	5.74607 2.06252,
	5.74607 2.05991,
	"/>
</Transform>

</Section>