<?xml version="1.0"?>
<!DOCTYPE Section SYSTEM "section.dtd">

<Section index="18" thickness="0.06" alignLocked="true">
<Transform dim="0"
 xcoef=" 0 1 0 0 0 0"
 ycoef=" 0 0 1 0 0 0">
<Contour name="d02" hidden="false" closed="true" simplified="true" border="0.5 0 1" fill="0.5 0 1" mode="9"
 points="3.92674 6.77912,
	3.95077 6.75509,
	3.97823 6.73793,
	4.08807 6.7345,
	4.11553 6.72763,
	4.17044 6.69331,
	4.1979 6.67271,
	4.25282 6.66241,
	4.26655 6.66585,
	4.27685 6.67958,
	4.29058 6.68301,
	4.30088 6.69331,
	4.30088 6.70704,
	4.30088 6.7139,
	4.29058 6.72763,
	4.26312 6.74479,
	4.21507 6.79971,
	4.18761 6.81687,
	4.17388 6.82374,
	4.11896 6.82374,
	4.0915 6.83747,
	4.07777 6.84433,
	3.96793 6.84433,
	3.94047 6.84433,
	3.92674 6.83404,
	3.92674 6.78255,
	"/>
</Transform>

<Transform dim="6"
 xcoef=" 0.50317627297533 0.940995909035707 -0.0459499430277859 0 0 0"
 ycoef=" -1.06216349096505 0.0461209923279562 1.13324206461259 0 0 0">
<Image mag="0.00217968" contrast="1" brightness="0" red="true" green="true" blue="true"
 src="FWNGV.18.jpg" />
<Contour name="domain1" hidden="false" closed="true" simplified="false" border="1 0 1" fill="1 0 1" mode="11"
 points="0 0,
	4096 0,
	4096 4096,
	0 4096,
	"/>
</Transform>

<Transform dim="0"
 xcoef=" 0 1 0 0 0 0"
 ycoef=" 0 0 1 0 0 0">
<Contour name="d02" hidden="false" closed="true" simplified="true" border="0.5 0 1" fill="0.5 0 1" mode="9"
 points="4.12239 6.17157,
	4.13269 6.14411,
	4.14298 6.13038,
	4.17044 6.11665,
	4.1979 6.09606,
	4.22536 6.08576,
	4.27685 6.08919,
	4.26999 6.09606,
	4.28028 6.10635,
	4.28715 6.10635,
	4.30088 6.12008,
	4.30431 6.13381,
	4.32834 6.15441,
	4.34207 6.16127,
	4.35237 6.175,
	4.34893 6.20246,
	4.33177 6.22992,
	4.32147 6.24365,
	4.31461 6.25052,
	4.25969 6.24022,
	4.20477 6.24022,
	4.17731 6.23679,
	4.14985 6.22649,
	4.13612 6.21619,
	4.12239 6.18873,
	4.12239 6.175,
	"/>
<Contour name="d02" hidden="false" closed="true" simplified="true" border="0.5 0 1" fill="0.5 0 1" mode="9"
 points="2.57092 5.66357,
	2.60181 5.60865,
	2.65673 5.56059,
	2.68419 5.56059,
	2.69792 5.56403,
	2.71165 5.57432,
	2.71851 5.58119,
	2.72538 5.58119,
	2.7803 5.63267,
	2.80432 5.66013,
	2.82149 5.68759,
	2.82835 5.71505,
	2.82835 5.72192,
	2.84208 5.73222,
	2.85581 5.73222,
	2.86268 5.73222,
	2.86954 5.73908,
	2.897 5.73908,
	2.91073 5.73908,
	2.91759 5.73908,
	2.92446 5.76654,
	2.92789 5.78027,
	2.97938 5.83519,
	2.99654 5.86265,
	2.99997 5.91757,
	3.00341 5.94503,
	3.01027 5.95876,
	3.03773 5.98622,
	3.04116 5.99995,
	3.03773 6.01368,
	3.0137 6.03427,
	2.90387 6.03427,
	2.87641 6.03427,
	2.84895 6.02398,
	2.81119 5.97249,
	2.79746 5.95876,
	2.77 5.94846,
	2.76313 5.9416,
	2.7494 5.93816,
	2.73567 5.92787,
	2.70821 5.92787,
	2.68075 5.921,
	2.62584 5.86951,
	2.59838 5.84205,
	2.57778 5.8146,
	2.57092 5.78714,
	2.57092 5.6773,
	2.57092 5.667,
	"/>
</Transform>

<Transform dim="0"
 xcoef=" 0 1 0 0 0 0"
 ycoef=" 0 0 1 0 0 0">
<Contour name="d02" hidden="false" closed="true" simplified="true" border="0.5 0 1" fill="0.5 0 1" mode="9"
 points="1.92561 7.80542,
	1.9565 7.75051,
	1.98053 7.72305,
	2.03202 7.67842,
	2.04575 7.66469,
	2.07321 7.65096,
	2.12813 7.63723,
	2.18305 7.63723,
	2.21051 7.6338,
	2.32035 7.59948,
	2.33408 7.59261,
	2.389 7.58918,
	2.41646 7.58575,
	2.47137 7.56858,
	2.49883 7.55829,
	2.60867 7.55829,
	2.6224 7.56858,
	2.64986 7.57888,
	2.66359 7.58231,
	2.63957 7.55829,
	2.6533 7.55485,
	2.66359 7.56858,
	2.67046 7.57202,
	2.67046 7.57888,
	2.69105 7.60291,
	2.71851 7.60634,
	2.73224 7.60977,
	2.73567 7.63723,
	2.72538 7.69215,
	2.70478 7.74707,
	2.69105 7.7608,
	2.67732 7.78826,
	2.67389 7.80199,
	2.66703 7.80886,
	2.65673 7.86378,
	2.65673 7.9187,
	2.66359 7.94616,
	2.67046 7.95989,
	2.67046 7.98735,
	2.66703 7.99421,
	2.61211 8.00451,
	2.59838 8.0148,
	2.59151 8.02167,
	2.58465 8.02167,
	2.53316 8.06629,
	2.51943 8.08002,
	2.50227 8.10405,
	2.48854 8.11778,
	2.46451 8.13151,
	2.43705 8.13494,
	2.42332 8.13151,
	2.41302 8.12121,
	2.41302 8.09375,
	2.36154 8.04913,
	2.34781 8.0354,
	2.34437 8.02167,
	2.32378 7.99421,
	2.26886 7.93929,
	2.24483 7.91183,
	2.21737 7.89467,
	2.16245 7.87407,
	2.05261 7.87751,
	2.02515 7.89467,
	1.99769 7.90153,
	1.97023 7.8981,
	1.94277 7.88094,
	1.92561 7.85348,
	1.92561 7.82602,
	1.92561 7.81229,
	1.92561 7.80886,
	"/>
</Transform>

<Transform dim="0"
 xcoef=" 0 1 0 0 0 0"
 ycoef=" 0 0 1 0 0 0">
<Contour name="d02p04" hidden="false" closed="true" simplified="false" border="1 0 0" fill="1 0 0" mode="13"
 points="3.67943 6.95741,
	3.70162 6.92633,
	3.67943 6.89526,
	3.69275 6.89526,
	3.7105 6.92189,
	3.72826 6.89526,
	3.74158 6.89526,
	3.71938 6.92633,
	3.74158 6.95741,
	3.72826 6.95741,
	3.7105 6.93077,
	3.69275 6.95741,
	"/>
</Transform>

<Transform dim="0"
 xcoef=" 0 1 0 0 0 0"
 ycoef=" 0 0 1 0 0 0">
<Contour name="d02c03a" hidden="false" closed="true" simplified="true" border="0 1 0" fill="0 1 0" mode="9"
 points="2.05607 7.87617,
	2.07783 7.83266,
	2.09959 7.81906,
	2.12135 7.81362,
	2.1431 7.81362,
	2.15398 7.81362,
	2.17574 7.8245,
	2.1975 7.82994,
	2.23829 7.86258,
	2.31172 7.94417,
	2.31716 7.94961,
	2.36068 7.94961,
	2.37156 7.94961,
	2.40691 7.9904,
	2.42051 8.01216,
	2.42595 8.03392,
	2.42595 8.05567,
	2.42051 8.06111,
	2.41779 8.07199,
	2.40691 8.08015,
	2.3634 8.08287,
	2.34164 8.08015,
	2.33076 8.07471,
	2.32532 8.06383,
	2.30356 8.04479,
	2.28725 8.02848,
	2.27637 8.0176,
	2.25733 8.004,
	2.23557 7.98224,
	2.19478 7.94689,
	2.17302 7.92785,
	2.15126 7.91425,
	2.10775 7.91153,
	2.08599 7.90881,
	2.06423 7.90065,
	2.05607 7.89249,
	2.05607 7.88161,
	2.05607 7.87889,
	"/>
<Contour name="d02cfa03" comment="was originally named d02cfa03a but not branched so removed the a" hidden="false" closed="false" simplified="false" border="0 1 1" fill="0 1 1" mode="9"
 points="2.39931 8.08061,
	2.36667 8.04254,
	2.32588 7.99086,
	2.27964 7.94463,
	2.22525 7.89839,
	2.13278 7.85488,
	2.06207 7.8576,
	"/>
</Transform>

<Transform dim="0"
 xcoef=" 0 1 0 0 0 0"
 ycoef=" 0 0 1 0 0 0">
<Contour name="d02plinn04" hidden="false" closed="true" simplified="false" border="0 0 1" fill="0 0 1" mode="-13"
 points="3.44789 6.97147,
	3.38116 6.90474,
	3.44789 6.83802,
	3.51461 6.90474,
	"/>
</Transform>

<Transform dim="0"
 xcoef=" 0 1 0 0 0 0"
 ycoef=" 0 0 1 0 0 0">
<Contour name="d03c04" hidden="false" closed="true" simplified="true" border="1 0 0" fill="0 1 0" mode="9"
 points="5.00497 3.96082,
	5.02095 3.94218,
	5.10619 3.93951,
	5.19142 3.94218,
	5.20208 3.95017,
	5.28731 3.95017,
	5.30862 3.95017,
	5.32993 3.9555,
	5.37255 3.9555,
	5.41517 3.96881,
	5.43648 3.96881,
	5.44713 3.96881,
	5.45246 3.96881,
	5.45512 3.97947,
	5.45246 3.99012,
	5.44447 4.00078,
	5.43381 4.00344,
	5.42849 4.00344,
	5.42316 4.00877,
	5.38054 4.00877,
	5.35923 4.00877,
	5.34858 4.00877,
	5.33792 4.00344,
	5.16745 4.00078,
	5.08221 3.99012,
	5.0396 3.98746,
	5.01829 3.97947,
	5.00763 3.97148,
	5.00497 3.96349,
	"/>
<Contour name="d03cfa04" hidden="false" closed="false" simplified="false" border="0 1 1" fill="0 1 1" mode="9"
 points="5.45803 3.98925,
	5.35947 3.98393,
	5.23961 3.98126,
	5.13306 3.95995,
	5.00787 3.95995,
	"/>
</Transform>

<Transform dim="0"
 xcoef=" 0 1 0 0 0 0"
 ycoef=" 0 0 1 0 0 0">
<Contour name="d01c03ax01_ssvr" hidden="false" closed="true" simplified="false" border="0 1 0.501961" fill="1 0 0.5" mode="11"
 points="3.7724 3.57303,
	3.78906 3.57303,
	3.78073 3.58831,
	"/>
<Contour name="d01c03ax01_ssvr" hidden="false" closed="true" simplified="false" border="0 1 0.501961" fill="1 0 0.5" mode="11"
 points="3.71823 3.64386,
	3.7349 3.64386,
	3.72656 3.65914,
	"/>
<Contour name="d01c03ax01_ssvr" hidden="false" closed="true" simplified="false" border="0 1 0.501961" fill="1 0 0.5" mode="11"
 points="3.64323 3.53692,
	3.6599 3.53692,
	3.65156 3.55219,
	"/>
</Transform>

<Transform dim="0"
 xcoef=" 0 1 0 0 0 0"
 ycoef=" 0 0 1 0 0 0">
<Contour name="d01" hidden="false" closed="true" simplified="true" border="1 0.502 0" fill="1 0.502 0" mode="9"
 points="4.20199 4.64411,
	4.20383 4.62937,
	4.21673 4.5999,
	4.23331 4.57043,
	4.23699 4.56306,
	4.26463 4.53911,
	4.27015 4.53542,
	4.29042 4.50779,
	4.31621 4.48384,
	4.32726 4.47095,
	4.35673 4.44516,
	4.36963 4.43595,
	4.39358 4.40831,
	4.41384 4.37884,
	4.42305 4.36594,
	4.43595 4.35305,
	4.45068 4.34384,
	4.47463 4.31805,
	4.47832 4.31068,
	4.49305 4.30147,
	4.50779 4.29594,
	4.52253 4.29778,
	4.53727 4.30331,
	4.552 4.31436,
	4.56674 4.34384,
	4.57227 4.35858,
	4.57411 4.36594,
	4.5649 4.39542,
	4.5649 4.42489,
	4.56858 4.45437,
	4.57411 4.46911,
	4.57779 4.47647,
	4.60174 4.49674,
	4.59806 4.51148,
	4.59069 4.52437,
	4.57964 4.53911,
	4.57411 4.54648,
	4.57043 4.56121,
	4.57595 4.59069,
	4.57964 4.60543,
	4.587 4.62016,
	4.59069 4.6349,
	4.59437 4.64227,
	4.5999 4.67174,
	4.59622 4.70122,
	4.587 4.73069,
	4.57411 4.76017,
	4.56858 4.77491,
	4.56858 4.77859,
	4.57411 4.78596,
	4.57964 4.81543,
	4.57411 4.84491,
	4.56306 4.87438,
	4.55016 4.88728,
	4.53542 4.88728,
	4.52806 4.88728,
	4.52437 4.88728,
	4.51516 4.87254,
	4.50227 4.84307,
	4.49858 4.8357,
	4.4949 4.83201,
	4.4949 4.82833,
	4.48753 4.82464,
	4.48016 4.82649,
	4.47279 4.82096,
	4.41384 4.80991,
	4.3991 4.80438,
	4.39173 4.80254,
	4.38805 4.79885,
	4.37331 4.79517,
	4.36963 4.79517,
	4.36226 4.78964,
	4.33279 4.77859,
	4.32542 4.77306,
	4.31805 4.77122,
	4.31621 4.76754,
	4.31252 4.76754,
	4.30884 4.76385,
	4.30515 4.76385,
	4.27752 4.74359,
	4.25541 4.7178,
	4.22962 4.69754,
	4.22594 4.69017,
	4.22226 4.68648,
	4.22041 4.67911,
	4.20936 4.66622,
	4.20383 4.65885,
	4.20199 4.64595,
	"/>
</Transform>

<Transform dim="0"
 xcoef=" 0 1 0 0 0 0"
 ycoef=" 0 0 1 0 0 0">
<Contour name="d03" hidden="false" closed="true" simplified="true" border="1 1 0" fill="1 1 0.501961" mode="11"
 points="4.93871 3.89289,
	4.94324 3.88382,
	4.94324 3.87928,
	4.97727 3.85659,
	4.99542 3.85206,
	4.99996 3.84752,
	5.01811 3.84298,
	5.02264 3.83844,
	5.04079 3.83164,
	5.05894 3.8203,
	5.06348 3.8203,
	5.06802 3.81576,
	5.08616 3.80895,
	5.12246 3.80215,
	5.13154 3.79988,
	5.14061 3.79307,
	5.21321 3.79988,
	5.2495 3.80442,
	5.26765 3.80442,
	5.27219 3.80442,
	5.27446 3.79534,
	5.30395 3.76585,
	5.34025 3.76358,
	5.37654 3.77039,
	5.39469 3.77492,
	5.41057 3.7908,
	5.42192 3.80668,
	5.4378 3.82256,
	5.45141 3.83391,
	5.4877 3.86567,
	5.50358 3.88382,
	5.53988 3.90877,
	5.54669 3.91784,
	5.54896 3.93599,
	5.54442 3.95414,
	5.53534 3.97229,
	5.53534 3.97683,
	5.51946 3.99044,
	5.51039 3.99498,
	5.47409 3.99498,
	5.4378 3.98363,
	5.41965 3.97683,
	5.34705 3.97456,
	5.31075 3.96775,
	5.23816 3.97456,
	5.16557 3.97456,
	5.12927 3.96095,
	5.09297 3.95868,
	5.02038 3.96322,
	5.00223 3.96322,
	4.96593 3.95187,
	4.95686 3.94734,
	4.94098 3.92919,
	4.93871 3.89516,
	"/>
<Contour name="d03" hidden="false" closed="true" simplified="true" border="1 1 0" fill="1 1 0.501961" mode="11"
 points="5.10658 2.57711,
	5.12019 2.54081,
	5.15422 2.50679,
	5.17237 2.49544,
	5.18145 2.48864,
	5.18598 2.48864,
	5.19052 2.4841,
	5.22455 2.46822,
	5.25858 2.4478,
	5.27673 2.43646,
	5.31302 2.42738,
	5.33117 2.42738,
	5.36747 2.42058,
	5.38562 2.42058,
	5.39469 2.42285,
	5.41057 2.43873,
	5.45368 2.51132,
	5.46048 2.54762,
	5.46048 2.56577,
	5.46502 2.58392,
	5.46502 2.62021,
	5.45821 2.63836,
	5.44233 2.64971,
	5.43326 2.65424,
	5.41511 2.65197,
	5.39696 2.64517,
	5.39242 2.64063,
	5.38789 2.64063,
	5.36974 2.62929,
	5.36066 2.62475,
	5.32437 2.62702,
	5.31529 2.62929,
	5.31075 2.63383,
	5.30168 2.63609,
	5.26765 2.65878,
	5.25404 2.67466,
	5.23589 2.68373,
	5.22682 2.686,
	5.21094 2.69961,
	5.20186 2.70869,
	5.19279 2.71323,
	5.15649 2.71549,
	5.14742 2.71549,
	5.13834 2.70869,
	5.11793 2.67239,
	5.11793 2.63609,
	5.11566 2.61795,
	5.10885 2.5998,
	5.10658 2.58165,
	5.10658 2.57938,
	"/>
<Contour name="d03" hidden="false" closed="true" simplified="true" border="1 1 0" fill="1 1 0.501961" mode="11"
 points="4.31711 3.02856,
	4.32392 3.01041,
	4.34207 2.99907,
	4.36022 3.00134,
	4.37837 3.00814,
	4.38744 3.01041,
	4.38971 3.01495,
	4.39878 3.01722,
	4.41693 3.02856,
	4.42601 3.03083,
	4.43054 3.03537,
	4.43508 3.03537,
	4.43962 3.0399,
	4.44416 3.0399,
	4.45323 3.04671,
	4.4623 3.04898,
	4.46684 3.05351,
	4.53944 3.07847,
	4.57573 3.09435,
	4.58027 3.09435,
	4.58481 3.09889,
	4.60296 3.10569,
	4.62111 3.10569,
	4.63018 3.10569,
	4.66648 3.08527,
	4.70277 3.07393,
	4.71185 3.07393,
	4.78444 3.04898,
	4.82074 3.04898,
	4.83889 3.04671,
	4.85704 3.0399,
	4.87519 3.04217,
	4.89334 3.05351,
	4.90241 3.06032,
	4.93871 3.06486,
	4.95686 3.06939,
	4.975 3.07847,
	4.97954 3.08301,
	4.98408 3.10115,
	4.98635 3.11023,
	4.98181 3.12838,
	4.98635 3.16467,
	4.98635 3.16921,
	4.99315 3.17829,
	5.02945 3.18736,
	5.0476 3.19417,
	5.06575 3.20551,
	5.06802 3.21458,
	5.06575 3.22366,
	5.04987 3.23727,
	5.01357 3.23954,
	4.99542 3.24181,
	4.98635 3.24407,
	4.98181 3.24861,
	4.96366 3.24861,
	4.94551 3.25315,
	4.93644 3.25995,
	4.92736 3.2781,
	4.9319 3.3507,
	4.93417 3.36885,
	4.93644 3.37792,
	4.94098 3.38246,
	4.90468 3.38473,
	4.88653 3.387,
	4.87746 3.39153,
	4.87292 3.40061,
	4.86384 3.40741,
	4.82755 3.40741,
	4.8094 3.40968,
	4.80032 3.41422,
	4.79579 3.41876,
	4.77764 3.42329,
	4.76856 3.42102,
	4.75949 3.41422,
	4.75495 3.41422,
	4.75041 3.40968,
	4.74588 3.40968,
	4.7368 3.40288,
	4.70051 3.39607,
	4.69143 3.39607,
	4.68689 3.40061,
	4.6506 3.40741,
	4.63245 3.40514,
	4.6143 3.39607,
	4.60523 3.39153,
	4.5712 3.35524,
	4.56893 3.34616,
	4.5712 3.33709,
	4.56666 3.33255,
	4.56666 3.32801,
	4.55078 3.3144,
	4.53263 3.30986,
	4.52356 3.3076,
	4.50994 3.29172,
	4.50314 3.25542,
	4.4918 3.23954,
	4.46004 3.21685,
	4.45323 3.20778,
	4.45096 3.1987,
	4.43735 3.18509,
	4.43281 3.18055,
	4.42828 3.18055,
	4.42374 3.17602,
	4.4192 3.17602,
	4.40559 3.15787,
	4.39878 3.13972,
	4.39198 3.13065,
	4.38744 3.12611,
	4.38744 3.12157,
	4.3829 3.11703,
	4.3829 3.1125,
	4.37837 3.10796,
	4.3761 3.09889,
	4.3761 3.09435,
	4.34661 3.06259,
	4.32846 3.05125,
	4.31938 3.04444,
	4.31711 3.03537,
	4.31711 3.03083,
	"/>
</Transform>

<Transform dim="0"
 xcoef=" 0 1 0 0 0 0"
 ycoef=" 0 0 1 0 0 0">
<Contour name="d04" hidden="false" closed="true" simplified="true" border="1 0 0" fill="1 0 0" mode="9"
 points="5.50271 3.85294,
	5.51109 3.84456,
	5.52786 3.83827,
	5.54464 3.83617,
	5.56141 3.83827,
	5.59495 3.85294,
	5.60333 3.85504,
	5.60752 3.85923,
	5.62429 3.86343,
	5.63268 3.86552,
	5.64735 3.8781,
	5.65783 3.89487,
	5.65783 3.91164,
	5.65154 3.92841,
	5.64106 3.94308,
	5.63268 3.94728,
	5.59914 3.94518,
	5.59075 3.94099,
	5.58656 3.94099,
	5.56979 3.92631,
	5.56141 3.92422,
	5.55512 3.91583,
	5.55092 3.91164,
	5.55092 3.90745,
	5.51738 3.88439,
	5.509 3.8781,
	5.50271 3.86133,
	5.50271 3.85504,
	"/>
<Contour name="d04" hidden="false" closed="true" simplified="true" border="1 0 0" fill="1 0 0" mode="9"
 points="4.80046 4.1611,
	4.81094 4.14433,
	4.81933 4.13594,
	4.82981 4.11917,
	4.84448 4.1024,
	4.87173 4.07515,
	4.8885 4.07096,
	4.89689 4.06886,
	4.92204 4.09611,
	4.91995 4.11288,
	4.89898 4.14433,
	4.88221 4.15481,
	4.87383 4.1611,
	4.86544 4.16319,
	4.85706 4.16948,
	4.84867 4.17158,
	4.84029 4.17787,
	4.8361 4.17787,
	4.8319 4.18206,
	4.81513 4.18206,
	4.80675 4.18206,
	4.80046 4.17577,
	4.80046 4.16739,
	4.80046 4.16319,
	"/>
<Contour name="d04" hidden="false" closed="true" simplified="true" border="1 0 0" fill="1 0 0" mode="9"
 points="4.2701 4.13804,
	4.2743 4.12965,
	4.28058 4.09611,
	4.28268 4.07934,
	4.28478 4.07096,
	4.29107 4.06257,
	4.29316 4.05419,
	4.30784 4.04161,
	4.32461 4.03322,
	4.35815 4.03113,
	4.36234 4.03113,
	4.37701 4.0458,
	4.3854 4.0479,
	4.39169 4.05419,
	4.39588 4.05419,
	4.40846 4.07096,
	4.42313 4.08144,
	4.43152 4.08982,
	4.4378 4.10659,
	4.43571 4.12336,
	4.42523 4.14013,
	4.42313 4.1569,
	4.42313 4.16529,
	4.41475 4.17367,
	4.40636 4.18835,
	4.40007 4.19673,
	4.39798 4.20512,
	4.39169 4.21141,
	4.39169 4.2156,
	4.38749 4.21979,
	4.38749 4.22398,
	4.36024 4.25333,
	4.3267 4.2743,
	4.30993 4.2722,
	4.29316 4.25753,
	4.27849 4.22398,
	4.2743 4.20721,
	4.2701 4.14013,
	"/>
<Contour name="d04" hidden="false" closed="true" simplified="true" border="1 0 0" fill="1 0 0" mode="9"
 points="4.13594 2.91382,
	4.16948 2.88656,
	4.17787 2.88028,
	4.19464 2.87608,
	4.20302 2.87189,
	4.23656 2.87189,
	4.2701 2.88028,
	4.28687 2.88447,
	4.30364 2.89495,
	4.32041 2.90124,
	4.3288 2.90753,
	4.33718 2.90962,
	4.35395 2.9222,
	4.38749 2.92639,
	4.40426 2.92849,
	4.40846 2.92849,
	4.42523 2.93897,
	4.442 2.94107,
	4.45038 2.94107,
	4.46506 2.95155,
	4.47134 2.95993,
	4.47554 2.96413,
	4.47344 2.97251,
	4.46715 2.9809,
	4.45038 2.98299,
	4.41684 2.9767,
	4.40007 2.97461,
	4.36653 2.9767,
	4.33299 2.98299,
	4.31622 2.98719,
	4.30364 2.99976,
	4.29735 3.01653,
	4.29735 3.0333,
	4.30364 3.04798,
	4.31412 3.06265,
	4.31412 3.06684,
	4.31832 3.07104,
	4.31832 3.07523,
	4.32251 3.07942,
	4.32041 3.08781,
	4.31622 3.092,
	4.29945 3.0899,
	4.28268 3.08361,
	4.2743 3.08152,
	4.25962 3.06894,
	4.25333 3.06055,
	4.25333 3.05636,
	4.21979 3.02701,
	4.21141 3.01024,
	4.20931 3.00186,
	4.19673 2.98509,
	4.18206 2.97461,
	4.1569 2.94316,
	4.14223 2.93268,
	4.13594 2.91591,
	"/>
<Contour name="d04" hidden="false" closed="true" simplified="true" border="1 0 0" fill="1 0 0" mode="9"
 points="4.34347 3.57414,
	4.35605 3.55737,
	4.36443 3.54899,
	4.37911 3.51754,
	4.38121 3.484,
	4.38749 3.45046,
	4.38749 3.44208,
	4.40217 3.42531,
	4.41055 3.41692,
	4.42523 3.40854,
	4.43361 3.40225,
	4.45038 3.40434,
	4.46715 3.41482,
	4.47554 3.42321,
	4.50908 3.44208,
	4.51327 3.44208,
	4.51746 3.44627,
	4.551 3.45465,
	4.56777 3.45885,
	4.57616 3.45885,
	4.58454 3.46304,
	4.59293 3.46304,
	4.62647 3.47562,
	4.64324 3.4861,
	4.65372 3.49658,
	4.65372 3.50077,
	4.66839 3.51125,
	4.67259 3.51545,
	4.68936 3.51964,
	4.69774 3.51964,
	4.71451 3.52802,
	4.7187 3.52802,
	4.7229 3.53222,
	4.75644 3.54479,
	4.77321 3.54689,
	4.78998 3.5427,
	4.79836 3.5427,
	4.80675 3.5385,
	4.84029 3.5385,
	4.85706 3.5385,
	4.87383 3.53431,
	4.8906 3.52383,
	4.89898 3.51754,
	4.90318 3.51335,
	4.93672 3.51964,
	4.96816 3.5385,
	4.98493 3.54479,
	5.01637 3.56576,
	5.03315 3.57833,
	5.06669 3.58881,
	5.08346 3.58881,
	5.09184 3.59091,
	5.10651 3.60349,
	5.09184 3.61607,
	5.07507 3.62236,
	5.04153 3.62236,
	4.90737 3.60768,
	4.8906 3.60978,
	4.85706 3.62236,
	4.84029 3.62864,
	4.8361 3.62864,
	4.8319 3.63284,
	4.82771 3.63284,
	4.82142 3.64122,
	4.81933 3.64961,
	4.80675 3.66638,
	4.78998 3.67686,
	4.75644 3.68944,
	4.73967 3.70201,
	4.73338 3.7104,
	4.73128 3.72717,
	4.73128 3.73136,
	4.72709 3.73555,
	4.7229 3.76909,
	4.71242 3.80263,
	4.70613 3.8194,
	4.69355 3.83408,
	4.68097 3.84456,
	4.6642 3.85714,
	4.63066 3.86343,
	4.62228 3.86552,
	4.6076 3.8802,
	4.59712 3.89487,
	4.58245 3.90745,
	4.56568 3.91374,
	4.55729 3.91374,
	4.54052 3.90326,
	4.52375 3.88858,
	4.50698 3.8781,
	4.50279 3.86972,
	4.50279 3.86133,
	4.48811 3.82779,
	4.46506 3.79635,
	4.45667 3.79215,
	4.45248 3.78796,
	4.41894 3.78167,
	4.40217 3.77748,
	4.38749 3.76281,
	4.38121 3.74604,
	4.38749 3.67895,
	4.38121 3.66218,
	4.38121 3.6538,
	4.36863 3.62026,
	4.36024 3.61187,
	4.35605 3.60768,
	4.35186 3.60768,
	4.34557 3.5993,
	4.34347 3.58253,
	4.34347 3.57624,
	"/>
</Transform>

<Transform dim="0"
 xcoef=" 0 1 0 0 0 0"
 ycoef=" 0 0 1 0 0 0">
<Contour name="d01p01" hidden="false" closed="true" simplified="false" border="1 0.502 0" fill="1 0.502 0" mode="-9"
 points="4.5124 4.78647,
	4.50033 4.7744,
	4.5124 4.76233,
	4.52447 4.7744,
	"/>
</Transform>

<Transform dim="0"
 xcoef=" 0 1 0 0 0 0"
 ycoef=" 0 0 1 0 0 0">
<Contour name="d02p02a" hidden="false" closed="true" simplified="false" border="0.502 0 1" fill="0.502 0 1" mode="-9"
 points="3.43712 6.65344,
	3.42204 6.63836,
	3.43712 6.62327,
	3.45221 6.63836,
	"/>
<Contour name="d02p02b" hidden="false" closed="true" simplified="false" border="0.502 0 1" fill="0.502 0 1" mode="-9"
 points="3.43712 6.65344,
	3.42204 6.63836,
	3.43712 6.62327,
	3.45221 6.63836,
	"/>
</Transform>

<Transform dim="0"
 xcoef=" 0 1 0 0 0 0"
 ycoef=" 0 0 1 0 0 0">
<Contour name="d02p03a" hidden="false" closed="true" simplified="false" border="1 0 0.502" fill="1 0 0.502" mode="-9"
 points="3.23672 7.21586,
	3.22164 7.20078,
	3.23672 7.18569,
	3.2518 7.20078,
	"/>
<Contour name="d02p03a" hidden="false" closed="true" simplified="false" border="1 0 0.502" fill="1 0 0.502" mode="-9"
 points="3.23672 7.21586,
	3.22164 7.20078,
	3.23672 7.18569,
	3.2518 7.20078,
	"/>
<Contour name="d02p03b" hidden="false" closed="true" simplified="false" border="1 0 0.502" fill="1 0 0.502" mode="-9"
 points="3.23672 7.21586,
	3.22164 7.20078,
	3.23672 7.18569,
	3.2518 7.20078,
	"/>
<Contour name="d02p03b" hidden="false" closed="true" simplified="false" border="1 0 0.502" fill="1 0 0.502" mode="-9"
 points="3.23672 7.21586,
	3.22164 7.20078,
	3.23672 7.18569,
	3.2518 7.20078,
	"/>
</Transform>

<Transform dim="0"
 xcoef=" 0 1 0 0 0 0"
 ycoef=" 0 0 1 0 0 0">
<Contour name="d04p03a" hidden="false" closed="true" simplified="false" border="1 0 0.502" fill="1 0 0.502" mode="-9"
 points="4.78097 3.6146,
	4.76965 3.60328,
	4.78097 3.59195,
	4.7923 3.60328,
	"/>
<Contour name="d04p03b" hidden="false" closed="true" simplified="false" border="1 0 0.502" fill="1 0 0.502" mode="-9"
 points="4.78097 3.6146,
	4.76965 3.60328,
	4.78097 3.59195,
	4.7923 3.60328,
	"/>
</Transform>

<Transform dim="0"
 xcoef=" 0 1 0 0 0 0"
 ycoef=" 0 0 1 0 0 0">
<Contour name="d02" hidden="false" closed="true" simplified="true" border="0.5 0 1" fill="0.5 0 1" mode="9"
 points="2.99062 7.47562,
	2.99997 7.46066,
	3.0299 7.44382,
	3.04486 7.43821,
	3.05982 7.43634,
	3.0673 7.43447,
	3.07104 7.43447,
	3.14399 7.31477,
	3.1496 7.29981,
	3.14773 7.28485,
	3.14586 7.27737,
	3.14586 7.27363,
	3.13464 7.25866,
	3.13651 7.22874,
	3.13838 7.21378,
	3.13651 7.19881,
	3.12902 7.18385,
	3.12528 7.17637,
	3.09536 7.15206,
	3.09162 7.14457,
	3.09349 7.12961,
	3.1178 7.09969,
	3.14586 7.07537,
	3.2001 7.01552,
	3.22815 6.95567,
	3.23376 6.92575,
	3.23563 6.89582,
	3.24685 6.8659,
	3.30483 6.7462,
	3.3198 6.71627,
	3.32728 6.70131,
	3.33663 6.67139,
	3.36468 6.61154,
	3.36842 6.60406,
	3.42827 6.57039,
	3.4582 6.5573,
	3.46568 6.55169,
	3.4956 6.54795,
	3.55545 6.55356,
	3.56294 6.55356,
	3.62092 6.61341,
	3.63588 6.62837,
	3.64336 6.63398,
	3.67328 6.63585,
	3.68825 6.63585,
	3.69573 6.63585,
	3.71069 6.64333,
	3.71817 6.65081,
	3.72004 6.68074,
	3.71817 6.71066,
	3.71256 6.72563,
	3.69199 6.75555,
	3.68825 6.76303,
	3.68825 6.79296,
	3.68825 6.80044,
	3.74249 6.86029,
	3.75745 6.87338,
	3.76493 6.88086,
	3.77428 6.94071,
	3.77241 6.95567,
	3.77054 6.96315,
	3.75932 6.97812,
	3.74436 6.99308,
	3.72939 7.00056,
	3.66954 7.00056,
	3.63962 7.00056,
	3.62466 7.00056,
	3.60969 6.99682,
	3.59473 6.98934,
	3.59099 6.98747,
	3.58351 6.98934,
	3.54049 7.04732,
	3.51805 7.07724,
	3.50683 7.09221,
	3.50122 7.09969,
	3.47129 7.11091,
	3.45633 7.11278,
	3.39648 7.14083,
	3.38152 7.15206,
	3.36281 7.18198,
	3.35346 7.19694,
	3.32354 7.22313,
	3.30857 7.23248,
	3.30109 7.23435,
	3.29735 7.23996,
	3.3067 7.25492,
	3.31231 7.2624,
	3.31606 7.27737,
	3.32167 7.33722,
	3.32354 7.36714,
	3.32541 7.37462,
	3.35159 7.40455,
	3.38152 7.42138,
	3.39648 7.42886,
	3.40396 7.43447,
	3.37403 7.44382,
	3.35907 7.44943,
	3.32915 7.47001,
	3.2693 7.49245,
	3.23937 7.49993,
	3.11967 7.50928,
	3.05982 7.51864,
	3.0299 7.5149,
	2.99997 7.5018,
	2.99249 7.49619,
	2.99062 7.48123,
	2.99062 7.47749,
	"/>
</Transform>

<Transform dim="1"
 xcoef=" 0 1 0 0 0 0"
 ycoef=" -0.04 0 1 0 0 0">
<Contour name="d03p03_INC" hidden="false" closed="true" simplified="false" border="1 0 0.5" fill="1 0 0.5" mode="9"
 points="4.39483 3.01245,
	4.43155 3.01245,
	4.41319 3.04611,
	"/>
</Transform>

<Transform dim="0"
 xcoef=" 0 1 0 0 0 0"
 ycoef=" 0 0 1 0 0 0">
<Contour name="ax01" comment="LK bouton trace named after cfa" hidden="false" closed="true" simplified="true" border="0 1 1" fill="0.502 1 1" mode="9"
 points="3.4828 3.4607,
	3.48501 3.45186,
	3.48501 3.44743,
	3.49054 3.4397,
	3.52591 3.43859,
	3.53033 3.43859,
	3.54802 3.44412,
	3.5657 3.45186,
	3.58339 3.4618,
	3.59223 3.46733,
	3.59665 3.46954,
	3.60549 3.47065,
	3.60991 3.47286,
	3.6276 3.47507,
	3.63644 3.47617,
	3.65413 3.48391,
	3.67181 3.49607,
	3.68065 3.50159,
	3.68507 3.5038,
	3.68728 3.50602,
	3.69613 3.50933,
	3.70055 3.51265,
	3.70939 3.51596,
	3.71823 3.52149,
	3.73592 3.52812,
	3.77129 3.53586,
	3.80666 3.53807,
	3.82434 3.53917,
	3.83318 3.54138,
	3.85087 3.55023,
	3.85529 3.55133,
	3.86413 3.55686,
	3.88182 3.5646,
	3.88624 3.5657,
	3.88845 3.56791,
	3.89729 3.56902,
	3.91498 3.57897,
	3.92161 3.5867,
	3.92603 3.59444,
	3.92824 3.59886,
	3.92714 3.6077,
	3.92382 3.61655,
	3.91829 3.62539,
	3.90945 3.63423,
	3.90613 3.63644,
	3.90061 3.64528,
	3.89729 3.66297,
	3.89729 3.68065,
	3.8984 3.6895,
	3.90171 3.69834,
	3.90503 3.70055,
	3.91166 3.70829,
	3.92935 3.71823,
	3.94703 3.72486,
	3.96472 3.73371,
	3.97356 3.73702,
	4.00893 3.76245,
	4.02551 3.7746,
	4.03435 3.78124,
	4.04319 3.78234,
	4.05203 3.78566,
	4.05424 3.78566,
	4.05646 3.78787,
	4.0653 3.79008,
	4.07303 3.79892,
	4.07303 3.80776,
	4.06972 3.8166,
	4.06088 3.82434,
	4.05203 3.82876,
	4.04761 3.82987,
	4.03877 3.8365,
	4.02993 3.84092,
	4.01224 3.84645,
	3.99456 3.84976,
	3.99014 3.85197,
	3.98129 3.85308,
	3.96361 3.85971,
	3.94593 3.87076,
	3.9415 3.87408,
	3.92382 3.8774,
	3.91498 3.87961,
	3.90613 3.87961,
	3.89729 3.8774,
	3.87961 3.86634,
	3.86303 3.85308,
	3.84534 3.84534,
	3.82766 3.83429,
	3.80997 3.82545,
	3.79229 3.81439,
	3.77571 3.80113,
	3.76797 3.7956,
	3.75913 3.78676,
	3.74476 3.7735,
	3.7105 3.74587,
	3.69502 3.72929,
	3.68507 3.7116,
	3.67071 3.69392,
	3.65302 3.68286,
	3.63644 3.66849,
	3.63202 3.66407,
	3.62981 3.65965,
	3.62207 3.65081,
	3.61102 3.63312,
	3.60549 3.62428,
	3.60218 3.61544,
	3.5867 3.59886,
	3.58118 3.59002,
	3.56349 3.57454,
	3.55465 3.5657,
	3.52038 3.53696,
	3.5027 3.52259,
	3.49496 3.51486,
	3.48944 3.50602,
	3.48723 3.5038,
	3.4828 3.48612,
	3.48391 3.46844,
	3.4828 3.46401,
	3.4828 3.4618,
	"/>
</Transform>

<Transform dim="1"
 xcoef=" 0.01 1 0 0 0 0"
 ycoef=" 0 0 1 0 0 0">
<Contour name="d01c03ax01_ssvr" hidden="false" closed="true" simplified="false" border="0 1 0.501961" fill="1 0 0.5" mode="11"
 points="3.6924 3.59136,
	3.70906 3.59136,
	3.70073 3.60664,
	"/>
</Transform>

<Transform dim="1"
 xcoef=" 0.02 1 0 0 0 0"
 ycoef=" 0.01 0 1 0 0 0">
<Contour name="d01c03ax01_ssvr" hidden="false" closed="true" simplified="false" border="0 1 0.501961" fill="1 0 0.5" mode="11"
 points="3.62101 3.56469,
	3.63767 3.56469,
	3.62934 3.57997,
	"/>
</Transform>

<Transform dim="1"
 xcoef=" 0 1 0 0 0 0"
 ycoef=" 0.04 0 1 0 0 0">
<Contour name="d01c03ax01_ssvr" hidden="false" closed="true" simplified="false" border="0 1 0.501961" fill="1 0 0.5" mode="11"
 points="3.6924 3.59136,
	3.70906 3.59136,
	3.70073 3.60664,
	"/>
</Transform>

<Transform dim="1"
 xcoef=" -0.01 1 0 0 0 0"
 ycoef=" 0 0 1 0 0 0">
<Contour name="d01c03ax01_ssvr" hidden="false" closed="true" simplified="false" border="0 1 0.501961" fill="1 0 0.5" mode="11"
 points="3.90851 3.8272,
	3.92518 3.8272,
	3.91684 3.84247,
	"/>
</Transform>

<Transform dim="1"
 xcoef=" 0 1 0 0 0 0"
 ycoef=" 0.02 0 1 0 0 0">
<Contour name="d01c03ax01_ssvr" hidden="false" closed="true" simplified="false" border="0 1 0.501961" fill="1 0 0.5" mode="11"
 points="3.75295 3.63136,
	3.76962 3.63136,
	3.76129 3.64664,
	"/>
</Transform>

<Transform dim="0"
 xcoef=" 0 1 0 0 0 0"
 ycoef=" 0 0 1 0 0 0">
<Contour name="d01c03ax01_ssvr" hidden="false" closed="true" simplified="false" border="0 1 0.501961" fill="1 0 0.5" mode="11"
 points="3.84573 3.73969,
	3.8624 3.73969,
	3.85406 3.75497,
	"/>
</Transform>

<Transform dim="1"
 xcoef=" -0.03 1 0 0 0 0"
 ycoef=" -0.05 0 1 0 0 0">
<Contour name="d01c03ax01_ssvr" hidden="false" closed="true" simplified="false" border="0 1 0.501961" fill="1 0 0.5" mode="11"
 points="3.84573 3.73969,
	3.8624 3.73969,
	3.85406 3.75497,
	"/>
</Transform>

<Transform dim="0"
 xcoef=" 0 1 0 0 0 0"
 ycoef=" 0 0 1 0 0 0">
<Contour name="d01c03ax01_ssvr" hidden="false" closed="true" simplified="false" border="0 1 0.501961" fill="1 0 0.5" mode="11"
 points="3.79879 3.64803,
	3.81545 3.64803,
	3.80712 3.66331,
	"/>
</Transform>

<Transform dim="1"
 xcoef=" -0.06 1 0 0 0 0"
 ycoef=" 0.03 0 1 0 0 0">
<Contour name="d01c03ax01_ssvr" hidden="false" closed="true" simplified="false" border="0 1 0.501961" fill="1 0 0.5" mode="11"
 points="3.79879 3.64803,
	3.81545 3.64803,
	3.80712 3.66331,
	"/>
</Transform>

<Transform dim="0"
 xcoef=" 0 1 0 0 0 0"
 ycoef=" 0 0 1 0 0 0">
<Contour name="ax62" comment="dch traced 07.2018" hidden="false" closed="true" simplified="true" border="0 1 1" fill="0.502 1 1" mode="9"
 points="4.74559 4.55707,
	4.7501 4.53901,
	4.75236 4.53676,
	4.75236 4.5345,
	4.76478 4.51644,
	4.79639 4.48144,
	4.81106 4.46338,
	4.82686 4.44758,
	4.86186 4.42387,
	4.89798 4.40468,
	4.90024 4.40243,
	4.93636 4.39001,
	4.95442 4.39001,
	4.97248 4.39227,
	4.99054 4.39678,
	4.99957 4.40017,
	5.00183 4.40017,
	5.01086 4.40694,
	5.01538 4.4092,
	5.02328 4.41823,
	5.02667 4.42726,
	5.0278 4.43629,
	5.02441 4.45435,
	5.01989 4.46338,
	5.00522 4.48144,
	4.99619 4.48822,
	4.97813 4.49386,
	4.9691 4.49612,
	4.96458 4.4995,
	4.95555 4.50289,
	4.94765 4.51079,
	4.93862 4.51644,
	4.93297 4.52547,
	4.92959 4.5345,
	4.92733 4.53901,
	4.92733 4.55707,
	4.93297 4.57514,
	4.93862 4.58417,
	4.942 4.5932,
	4.942 4.61126,
	4.94313 4.61352,
	4.93975 4.62255,
	4.93862 4.62706,
	4.93636 4.62932,
	4.93523 4.63383,
	4.92959 4.63948,
	4.92959 4.64174,
	4.92733 4.64287,
	4.92733 4.64512,
	4.92281 4.64964,
	4.9104 4.66657,
	4.89572 4.6835,
	4.87879 4.69366,
	4.87653 4.69592,
	4.85847 4.69931,
	4.84944 4.69931,
	4.83138 4.69366,
	4.82235 4.69028,
	4.81445 4.6835,
	4.81106 4.67899,
	4.8088 4.67786,
	4.8088 4.6756,
	4.79526 4.65867,
	4.78397 4.64061,
	4.77945 4.63383,
	4.76929 4.61577,
	4.76478 4.60674,
	4.75236 4.58981,
	4.7501 4.5853,
	4.74785 4.58304,
	4.74559 4.57401,
	4.74559 4.56498,
	4.74559 4.56046,
	4.74559 4.5582,
	"/>
</Transform>

<Transform dim="0"
 xcoef=" 0 1 0 0 0 0"
 ycoef=" 0 0 1 0 0 0">
<Contour name="ax61" comment="dch traced 07.2018" hidden="false" closed="true" simplified="true" border="0 1 1" fill="0.502 1 1" mode="9"
 points="5.49091 4.48078,
	5.49305 4.47864,
	5.49305 4.4615,
	5.49305 4.45293,
	5.49305 4.44864,
	5.49627 4.44007,
	5.50912 4.42401,
	5.52626 4.41329,
	5.53483 4.40901,
	5.5434 4.40687,
	5.56054 4.39937,
	5.56911 4.39723,
	5.57339 4.39723,
	5.57768 4.39508,
	5.59482 4.39294,
	5.60338 4.39187,
	5.62052 4.39401,
	5.63766 4.40151,
	5.63873 4.40365,
	5.64302 4.40473,
	5.66016 4.41651,
	5.66658 4.42508,
	5.67087 4.42829,
	5.67301 4.42829,
	5.67515 4.43043,
	5.68372 4.43365,
	5.70086 4.44329,
	5.70515 4.44543,
	5.70729 4.44757,
	5.71479 4.45079,
	5.72871 4.46364,
	5.73621 4.47114,
	5.73835 4.47542,
	5.7405 4.47757,
	5.75121 4.51184,
	5.75549 4.52898,
	5.75764 4.53327,
	5.75442 4.55041,
	5.74264 4.56755,
	5.73835 4.56969,
	5.72122 4.5729,
	5.71693 4.57397,
	5.71479 4.57397,
	5.70622 4.5804,
	5.69765 4.58361,
	5.69336 4.58468,
	5.68908 4.5879,
	5.68051 4.59111,
	5.67194 4.59218,
	5.66337 4.59111,
	5.6548 4.59218,
	5.62052 4.5879,
	5.60338 4.58576,
	5.56911 4.57612,
	5.55197 4.57076,
	5.5434 4.56969,
	5.54126 4.56755,
	5.53269 4.56433,
	5.51662 4.55255,
	5.51019 4.54505,
	5.50591 4.54077,
	5.49734 4.52363,
	5.49305 4.50649,
	5.49091 4.49792,
	5.49091 4.48185,
	"/>
</Transform>

<Transform dim="0"
 xcoef=" 0 1 0 0 0 0"
 ycoef=" 0 0 1 0 0 0">
<Contour name="ax58" comment="dch traced 07.2018" hidden="false" closed="true" simplified="true" border="0 1 1" fill="0.502 1 1" mode="9"
 points="6.45547 4.34028,
	6.46042 4.31384,
	6.46166 4.30724,
	6.46373 4.30393,
	6.47116 4.2775,
	6.47199 4.2742,
	6.47983 4.26098,
	6.4819 4.25768,
	6.49387 4.24446,
	6.49718 4.24116,
	6.50379 4.23579,
	6.517 4.22918,
	6.52361 4.22629,
	6.53022 4.22422,
	6.53352 4.2234,
	6.53517 4.22257,
	6.54839 4.22092,
	6.56161 4.22051,
	6.56821 4.22051,
	6.57482 4.22298,
	6.58143 4.22464,
	6.58473 4.22464,
	6.58804 4.22546,
	6.60125 4.22588,
	6.60786 4.22629,
	6.61447 4.22753,
	6.62769 4.22794,
	6.63429 4.22835,
	6.6376 4.22835,
	6.63925 4.22918,
	6.64586 4.22959,
	6.65247 4.23124,
	6.65577 4.23248,
	6.66899 4.23414,
	6.67229 4.23414,
	6.6789 4.23537,
	6.69211 4.23579,
	6.71855 4.23785,
	6.72515 4.23785,
	6.72846 4.23785,
	6.73011 4.23785,
	6.73094 4.23785,
	6.73961 4.23785,
	6.76604 4.23744,
	6.77265 4.23744,
	6.77926 4.23868,
	6.77884 4.23909,
	6.7805 4.23992,
	6.7871 4.24074,
	6.79371 4.24322,
	6.79702 4.24446,
	6.80032 4.24487,
	6.80693 4.24694,
	6.81023 4.24776,
	6.81684 4.25066,
	6.83006 4.25313,
	6.83336 4.25396,
	6.83501 4.25396,
	6.83666 4.25479,
	6.84327 4.2552,
	6.84988 4.25644,
	6.85318 4.25726,
	6.85484 4.25726,
	6.86805 4.26346,
	6.87466 4.26759,
	6.88086 4.27378,
	6.88664 4.27874,
	6.88912 4.2808,
	6.89077 4.28328,
	6.89242 4.28659,
	6.89614 4.2998,
	6.89903 4.31302,
	6.90109 4.33945,
	6.90151 4.34606,
	6.90522 4.35927,
	6.90729 4.36588,
	6.90853 4.36919,
	6.90853 4.37084,
	6.91018 4.37166,
	6.91059 4.37332,
	6.91059 4.37414,
	6.91307 4.37745,
	6.91348 4.3791,
	6.91348 4.37992,
	6.91885 4.38653,
	6.92133 4.38984,
	6.92257 4.39314,
	6.93124 4.40636,
	6.93331 4.40966,
	6.93455 4.41296,
	6.94157 4.42618,
	6.94735 4.4394,
	6.95024 4.446,
	6.94941 4.45922,
	6.949 4.46583,
	6.94817 4.46913,
	6.94817 4.47078,
	6.94446 4.47739,
	6.93496 4.49061,
	6.92381 4.50382,
	6.91844 4.51043,
	6.91431 4.51704,
	6.911 4.51993,
	6.9077 4.522,
	6.9044 4.52324,
	6.90357 4.52324,
	6.90233 4.52489,
	6.89903 4.52571,
	6.88581 4.53356,
	6.8792 4.53563,
	6.86599 4.53604,
	6.83956 4.53439,
	6.81312 4.53563,
	6.80982 4.53563,
	6.7966 4.5381,
	6.77017 4.5476,
	6.75696 4.55173,
	6.75035 4.5538,
	6.72392 4.55834,
	6.71731 4.55917,
	6.70409 4.55917,
	6.69748 4.55917,
	6.69418 4.55917,
	6.69088 4.55999,
	6.68427 4.55958,
	6.68096 4.55917,
	6.67436 4.55999,
	6.64792 4.55421,
	6.63471 4.55132,
	6.62149 4.5476,
	6.61488 4.54512,
	6.61158 4.54265,
	6.60497 4.53976,
	6.60167 4.53769,
	6.60002 4.53645,
	6.59341 4.5348,
	6.59176 4.53439,
	6.59093 4.53439,
	6.58969 4.53273,
	6.58639 4.5315,
	6.58473 4.53026,
	6.58391 4.52943,
	6.58226 4.52943,
	6.57565 4.5253,
	6.57234 4.52282,
	6.56904 4.51952,
	6.55582 4.50961,
	6.54922 4.50506,
	6.54591 4.50259,
	6.5393 4.49887,
	6.51287 4.47615,
	6.5075 4.46955,
	6.5009 4.46542,
	6.48892 4.4522,
	6.47859 4.43898,
	6.47405 4.43238,
	6.46703 4.41916,
	6.4629 4.40594,
	6.45877 4.37951,
	6.45753 4.3729,
	6.45588 4.34647,
	6.45547 4.34317,
	6.45547 4.34152,
	6.45547 4.34069,
	"/>
</Transform>

</Section>