<?xml version="1.0"?>
<!DOCTYPE Section SYSTEM "section.dtd">

<Section index="175" thickness="0.06" alignLocked="true">
<Transform dim="6"
 xcoef=" 1.65738744920099 0.804985399601813 -0.0427880352377219 0 0 0"
 ycoef=" -1.27382766808958 0.0451996038021679 0.932967485986546 0 0 0">
<Image mag="0.00217968" contrast="1" brightness="0" red="true" green="true" blue="true"
 src="FWNGV.175.jpg" />
<Contour name="domain1" hidden="false" closed="true" simplified="false" border="1 0 1" fill="1 0 1" mode="11"
 points="0 0,
	4096 0,
	4096 4096,
	0 4096,
	"/>
</Transform>

<Transform dim="0"
 xcoef=" 0 1 0 0 0 0"
 ycoef=" 0 0 1 0 0 0">
<Contour name="d01c31" hidden="false" closed="true" simplified="true" border="0 1 0" fill="0 1 0" mode="9"
 points="4.77257 5.66371,
	4.7998 5.6241,
	4.81217 5.6043,
	4.84435 5.57707,
	4.8493 5.57212,
	4.85921 5.57212,
	4.87158 5.59192,
	4.87901 5.60182,
	4.87901 5.62163,
	4.87406 5.64143,
	4.86911 5.65133,
	4.86911 5.65628,
	4.85673 5.67609,
	4.85425 5.69589,
	4.83693 5.71569,
	4.82703 5.72312,
	4.81712 5.72559,
	4.81217 5.72559,
	4.80722 5.71569,
	4.80475 5.69589,
	4.79732 5.68846,
	4.77752 5.68599,
	4.77257 5.67609,
	4.77257 5.66618,
	"/>
</Transform>

<Transform dim="1"
 xcoef=" -0.01 1 0 0 0 0"
 ycoef=" -0.01 0 1 0 0 0">
<Contour name="d01cfa31" hidden="false" closed="true" simplified="true" border="0 1 0" fill="0 1 0" mode="9"
 points="4.77257 5.66371,
	4.7998 5.6241,
	4.81217 5.6043,
	4.84435 5.57707,
	4.8493 5.57212,
	4.85921 5.57212,
	4.87158 5.59192,
	4.87901 5.60182,
	4.87901 5.62163,
	4.87406 5.64143,
	4.86911 5.65133,
	4.86911 5.65628,
	4.85673 5.67609,
	4.85425 5.69589,
	4.83693 5.71569,
	4.82703 5.72312,
	4.81712 5.72559,
	4.81217 5.72559,
	4.80722 5.71569,
	4.80475 5.69589,
	4.79732 5.68846,
	4.77752 5.68599,
	4.77257 5.67609,
	4.77257 5.66618,
	"/>
<Contour name="d01cfa31" hidden="false" closed="false" simplified="false" border="0 1 1" fill="0 1 1" mode="9"
 points="4.77755 5.65805,
	4.78498 5.63824,
	4.81221 5.60359,
	4.84191 5.57883,
	"/>
</Transform>

<Transform dim="0"
 xcoef=" 0 1 0 0 0 0"
 ycoef=" 0 0 1 0 0 0">
<Contour name="d02" hidden="false" closed="true" simplified="true" border="0.5 0 1" fill="0.5 0 1" mode="9"
 points="0.751515 1.60359,
	0.772685 1.58771,
	0.94204 1.58771,
	1.02672 1.55066,
	1.1114 1.50303,
	1.19607 1.49245,
	1.28075 1.46069,
	1.32309 1.45011,
	1.40777 1.40777,
	1.42894 1.39718,
	1.47128 1.39718,
	1.49245 1.39718,
	1.50303 1.39718,
	1.5242 1.41306,
	1.56654 1.41835,
	1.57712 1.41835,
	1.61946 1.45011,
	1.64063 1.47128,
	1.65122 1.49245,
	1.67239 1.51361,
	1.71472 1.51891,
	1.72531 1.51891,
	1.74648 1.53478,
	1.78882 1.54537,
	1.8735 1.54537,
	1.91583 1.54537,
	1.95817 1.52949,
	2.04285 1.52949,
	2.08519 1.52949,
	2.10107 1.54537,
	2.10636 1.58771,
	2.11165 1.60888,
	2.15399 1.64592,
	2.16458 1.65651,
	2.20691 1.66709,
	2.22279 1.68826,
	2.2175 1.7306,
	2.20691 1.75177,
	2.16987 1.79411,
	2.11694 1.87879,
	2.08519 1.91583,
	2.06931 1.95817,
	2.06402 2.00051,
	2.06402 2.02168,
	2.0799 2.04285,
	2.07461 2.08519,
	2.01639 2.16458,
	2.00051 2.18574,
	1.95817 2.19104,
	1.8735 2.17516,
	1.78882 2.18045,
	1.76765 2.19633,
	1.68297 2.20162,
	1.6618 2.20162,
	1.50303 2.03227,
	1.49774 2.0111,
	1.49774 2.00051,
	1.51361 1.98463,
	1.50832 1.81528,
	1.50832 1.77294,
	1.54537 1.68826,
	1.56654 1.64592,
	1.57712 1.62475,
	1.57183 1.58242,
	1.53478 1.55595,
	1.49245 1.51361,
	1.47128 1.49774,
	1.45011 1.49774,
	1.40777 1.51361,
	1.32309 1.56125,
	1.23841 1.56654,
	1.19607 1.57183,
	1.18549 1.58242,
	1.1749 1.58242,
	1.13256 1.61417,
	1.12198 1.62475,
	1.07964 1.64063,
	1.0373 1.66709,
	0.952625 1.67239,
	0.910286 1.6618,
	0.825608 1.65651,
	0.783269 1.65651,
	0.7621 1.65122,
	0.751515 1.64063,
	0.751515 1.61946,
	0.751515 1.60888,
	"/>
</Transform>

<Transform dim="1"
 xcoef=" 0.01 1 0 0 0 0"
 ycoef=" -0.01 0 1 0 0 0">
<Contour name="d03cfa38" hidden="false" closed="true" simplified="true" border="0 1 0" fill="0 1 0" mode="9"
 points="-0.101654 6.38388,
	-0.0948772 6.37711,
	-0.0948772 6.37033,
	-0.0881003 6.36355,
	-0.0338847 6.36355,
	-0.00677695 6.36694,
	0 6.37372,
	0.0271078 6.37711,
	0.0406617 6.39066,
	0.0440502 6.40421,
	0.0542156 6.41777,
	0.0609925 6.42455,
	0.0609925 6.43132,
	0.0881003 6.45843,
	0.105043 6.48215,
	0.121985 6.53636,
	0.121985 6.59058,
	0.121985 6.60413,
	0.115208 6.61769,
	0.0881003 6.62108,
	0.0745464 6.61091,
	0.057604 6.5838,
	0.00677695 6.53975,
	-0.0372732 6.49231,
	-0.0609925 6.47198,
	-0.0779349 6.45165,
	-0.0881003 6.4381,
	-0.0914888 6.42455,
	-0.101654 6.41099,
	-0.101654 6.38727,
	"/>
<Contour name="d03cfa38" hidden="false" closed="false" simplified="false" border="0 1 1" fill="0 1 1" mode="9"
 points="0.123373 6.5831,
	0.0454385 6.48145,
	-0.00538863 6.4069,
	-0.0596042 6.36285,
	"/>
</Transform>

<Transform dim="0"
 xcoef=" 0 1 0 0 0 0"
 ycoef=" 0 0 1 0 0 0">
<Contour name="d04" hidden="false" closed="true" simplified="true" border="1 0 0" fill="1 0 0" mode="9"
 points="4.26372 3.89837,
	4.2838 3.86626,
	4.31591 3.84217,
	4.34803 3.82611,
	4.37614 3.80202,
	4.38818 3.78596,
	4.40825 3.72172,
	4.40825 3.6896,
	4.41628 3.65749,
	4.45643 3.59325,
	4.46446 3.57719,
	4.49658 3.54909,
	4.56082 3.5531,
	4.57688 3.55712,
	4.6371 3.62135,
	4.66922 3.68559,
	4.67725 3.71771,
	4.68528 3.73377,
	4.70134 3.74581,
	4.73345 3.74581,
	4.74951 3.74581,
	4.75754 3.74581,
	4.80171 3.80603,
	4.82178 3.83414,
	4.82579 3.86626,
	4.83382 3.88232,
	4.89003 3.93451,
	4.89003 3.99874,
	4.89003 4.03086,
	4.89003 4.04692,
	4.882 4.05495,
	4.882 4.06298,
	4.86594 4.07503,
	4.83784 4.13926,
	4.83784 4.17138,
	4.87799 4.2316,
	4.93419 4.36008,
	4.97836 4.42431,
	4.98639 4.44037,
	4.98639 4.45643,
	4.98639 4.46446,
	4.92215 4.46848,
	4.85791 4.49257,
	4.82579 4.48855,
	4.80974 4.48454,
	4.80171 4.48454,
	4.76959 4.46446,
	4.70535 4.44439,
	4.68929 4.44439,
	4.66119 4.41628,
	4.6371 4.35205,
	4.609 4.32394,
	4.60097 4.30788,
	4.53673 4.24766,
	4.47249 4.21153,
	4.40825 4.15934,
	4.3922 4.15131,
	4.36409 4.11919,
	4.34803 4.10313,
	4.34 4.08707,
	4.34 4.07101,
	4.33197 4.06298,
	4.33197 4.03086,
	4.33197 4.0148,
	4.32394 3.99874,
	4.29183 3.97064,
	4.26774 3.93852,
	4.26372 3.9064,
	4.26372 3.90239,
	"/>
</Transform>

<Transform dim="0"
 xcoef=" 0 1 0 0 0 0"
 ycoef=" 0 0 1 0 0 0">
<Contour name="d04" hidden="false" closed="true" simplified="true" border="1 0 0" fill="1 0 0" mode="9"
 points="4.03488 2.94687,
	4.05495 2.91475,
	4.11919 2.8746,
	4.15131 2.86256,
	4.16737 2.85453,
	4.19949 2.85453,
	4.21554 2.85453,
	4.2316 2.86657,
	4.23963 2.88263,
	4.25168 2.89066,
	4.24766 2.92278,
	4.23963 2.93884,
	4.23963 3.00307,
	4.24766 3.03519,
	4.25569 3.05125,
	4.26372 3.05928,
	4.32796 3.0633,
	4.33197 3.07133,
	4.30387 3.09943,
	4.23963 3.10344,
	4.20751 3.09943,
	4.1754 3.08738,
	4.11116 3.08337,
	4.07904 3.07534,
	4.06298 3.05928,
	4.04291 3.02716,
	4.03488 3.0111,
	4.03488 2.95088,
	"/>
</Transform>

<Transform dim="0"
 xcoef=" 0 1 0 0 0 0"
 ycoef=" 0 0 1 0 0 0">
<Contour name="d04c43" hidden="false" closed="true" simplified="true" border="0 1 0" fill="0 1 0" mode="9"
 points="4.2115 2.92006,
	4.22836 2.89309,
	4.25196 2.87286,
	4.25533 2.85937,
	4.26208 2.856,
	4.27556 2.86611,
	4.28905 2.92006,
	4.28905 2.97401,
	4.30591 3.02796,
	4.30928 3.05494,
	4.30928 3.06843,
	4.25533 3.0718,
	4.24184 3.06843,
	4.21824 3.04482,
	4.2115 3.03133,
	4.2115 2.92343,
	"/>
<Contour name="d04cfa43" hidden="false" closed="false" simplified="false" border="0 1 1" fill="0 1 1" mode="9"
 points="4.26845 3.06874,
	4.23136 3.0249,
	4.23136 2.93049,
	4.25496 2.86305,
	"/>
</Transform>

<Transform dim="0"
 xcoef=" 0 1 0 0 0 0"
 ycoef=" 0 0 1 0 0 0">
<Contour name="d01" hidden="false" closed="true" simplified="true" border="1 0.502 0" fill="1 0.502 0" mode="9"
 points="4.76669 5.57355,
	4.78531 5.55183,
	4.79152 5.54252,
	4.78841 5.51769,
	4.776 5.49287,
	4.76979 5.48045,
	4.76979 5.45563,
	4.79152 5.40597,
	4.81324 5.38115,
	4.83807 5.37184,
	4.85048 5.36563,
	4.90013 5.36873,
	4.92496 5.37494,
	4.93737 5.38115,
	4.94358 5.38115,
	4.9591 5.40597,
	4.9622 5.41839,
	4.96841 5.42459,
	4.96841 5.44942,
	4.9653 5.46183,
	4.94358 5.48045,
	4.93117 5.48356,
	4.92186 5.49287,
	4.92186 5.51769,
	4.91255 5.54252,
	4.89082 5.56424,
	4.87841 5.57045,
	4.83186 5.617,
	4.81945 5.62631,
	4.81324 5.63252,
	4.78841 5.63872,
	4.776 5.63562,
	4.76979 5.62941,
	4.76669 5.57976,
	4.76669 5.57666,
	"/>
<Contour name="d01" hidden="false" closed="true" simplified="true" border="1 0.502 0" fill="1 0.502 0" mode="9"
 points="3.53468 5.7132,
	3.55329 5.69148,
	3.57812 5.67596,
	3.62777 5.66665,
	3.6526 5.65734,
	3.70225 5.65424,
	3.72708 5.65734,
	3.75191 5.67286,
	3.77673 5.68217,
	3.82639 5.68527,
	3.92569 5.67907,
	3.97535 5.67907,
	4.025 5.68838,
	4.04983 5.69458,
	4.07465 5.69458,
	4.09948 5.68838,
	4.10258 5.68217,
	4.10879 5.68217,
	4.1212 5.67286,
	4.14603 5.66976,
	4.17085 5.67286,
	4.19258 5.69458,
	4.20809 5.71941,
	4.2174 5.74423,
	4.22361 5.75665,
	4.22051 5.85595,
	4.2112 5.90561,
	4.19878 5.92733,
	4.18637 5.93664,
	4.16154 5.93974,
	4.13672 5.93354,
	4.11189 5.93354,
	4.08707 5.94285,
	4.07465 5.95526,
	4.04052 6.00491,
	4.0219 6.02974,
	4.00948 6.04215,
	3.96293 6.07008,
	3.93811 6.07319,
	3.91328 6.0887,
	3.91328 6.09491,
	3.90707 6.10112,
	3.90707 6.10732,
	3.90087 6.11353,
	3.89466 6.13836,
	3.87914 6.16008,
	3.85432 6.1756,
	3.8419 6.1818,
	3.7426 6.1787,
	3.69294 6.16008,
	3.66812 6.16008,
	3.6557 6.14767,
	3.6557 6.12284,
	3.67432 6.07319,
	3.69605 6.05457,
	3.68984 6.00491,
	3.67122 5.98009,
	3.64639 5.95836,
	3.62157 5.94285,
	3.59984 5.92112,
	3.59053 5.91181,
	3.58122 5.88699,
	3.57812 5.86216,
	3.57812 5.84975,
	3.55329 5.8032,
	3.53778 5.77837,
	3.53468 5.72872,
	3.53468 5.71631,
	"/>
</Transform>

<Transform dim="0"
 xcoef=" 0 1 0 0 0 0"
 ycoef=" 0 0 1 0 0 0">
<Contour name="d03" hidden="false" closed="true" simplified="true" border="1 1 0" fill="1 1 0.501961" mode="11"
 points="1.15037 4.96854,
	1.16348 4.96527,
	1.1897 4.9751,
	1.24214 4.97838,
	1.25525 4.98165,
	1.2618 4.98165,
	1.28146 5.00787,
	1.28802 5.01443,
	1.28802 5.04065,
	1.28802 5.05376,
	1.28146 5.06687,
	1.26836 5.07342,
	1.24214 5.07014,
	1.22247 5.05048,
	1.19625 5.03409,
	1.17659 5.00787,
	1.15365 4.98821,
	1.15037 4.9751,
	1.15037 4.97182,
	"/>
</Transform>

<Transform dim="0"
 xcoef=" 0 1 0 0 0 0"
 ycoef=" 0 0 1 0 0 0">
<Contour name="d04p42" hidden="false" closed="true" simplified="false" border="0.502 0 1" fill="0.502 0 1" mode="-9"
 points="4.33602 3.91393,
	4.3247 3.90261,
	4.33602 3.89128,
	4.34735 3.90261,
	"/>
</Transform>

<Transform dim="0"
 xcoef=" 0 1 0 0 0 0"
 ycoef=" 0 0 1 0 0 0">
<Contour name="d04p43" hidden="false" closed="true" simplified="false" border="1 0 0.502" fill="1 0 0.502" mode="-9"
 points="4.53665 3.72139,
	4.52533 3.71007,
	4.53665 3.69874,
	4.54798 3.71007,
	"/>
</Transform>

<Transform dim="0"
 xcoef=" 0 1 0 0 0 0"
 ycoef=" 0 0 1 0 0 0">
<Contour name="d03_exclude" hidden="false" closed="true" simplified="true" border="1 1 0" fill="1 1 0.501961" mode="11"
 points="0.793132 6.48926,
	0.835738 6.4401,
	0.85868 6.41716,
	0.881622 6.40405,
	0.894731 6.40405,
	0.907841 6.39749,
	0.960279 6.40077,
	0.973389 6.39422,
	0.986499 6.39422,
	1.01272 6.38438,
	1.11759 6.37455,
	1.1307 6.37455,
	1.14381 6.38111,
	1.24869 6.40077,
	1.27491 6.40077,
	1.32735 6.41716,
	1.35357 6.42043,
	1.36668 6.42699,
	1.37979 6.42699,
	1.38634 6.43354,
	1.38306 6.44665,
	1.36668 6.47287,
	1.35685 6.48598,
	1.34701 6.5122,
	1.34374 6.53842,
	1.32735 6.59086,
	1.31096 6.61708,
	1.30113 6.62363,
	1.29785 6.63019,
	1.2913 6.63019,
	1.26508 6.64658,
	1.25852 6.65313,
	1.20608 6.66296,
	1.10121 6.65641,
	0.996331 6.6433,
	0.891454 6.64002,
	0.865235 6.63019,
	0.839015 6.60397,
	0.816074 6.5843,
	0.812796 6.57775,
	0.806241 6.57775,
	0.793132 6.56464,
	0.799687 6.53842,
	0.793132 6.5122,
	0.793132 6.49909,
	0.793132 6.49254,
	"/>
</Transform>

<Transform dim="0"
 xcoef=" 0 1 0 0 0 0"
 ycoef=" 0 0 1 0 0 0">
<Contour name="ax07" comment="LK bouton trace named after cfa" hidden="false" closed="true" simplified="true" border="0 1 1" fill="0.502 1 1" mode="9"
 points="5.52792 5.33427,
	5.54341 5.31362,
	5.55116 5.30329,
	5.56149 5.29684,
	5.58214 5.29038,
	5.59247 5.2878,
	5.6028 5.2878,
	5.64411 5.28005,
	5.68542 5.27747,
	5.70607 5.27618,
	5.72673 5.27747,
	5.73706 5.27747,
	5.74738 5.28264,
	5.76804 5.29813,
	5.80935 5.33557,
	5.82742 5.35235,
	5.83517 5.36139,
	5.84033 5.36655,
	5.84679 5.37688,
	5.84937 5.38204,
	5.86874 5.4027,
	5.8881 5.41819,
	5.89843 5.42722,
	5.90876 5.43368,
	5.91392 5.43626,
	5.9165 5.43884,
	5.91908 5.43884,
	5.92941 5.4453,
	5.95007 5.45304,
	5.97072 5.45821,
	5.97589 5.4595,
	5.97847 5.46208,
	5.98363 5.46337,
	5.99396 5.46983,
	6.00429 5.47886,
	6.01074 5.48919,
	6.01203 5.49952,
	6.00945 5.52017,
	6.00558 5.5305,
	5.99912 5.54083,
	5.99396 5.5447,
	5.9733 5.55374,
	5.96298 5.55761,
	5.94232 5.55503,
	5.93199 5.55374,
	5.91134 5.54599,
	5.89068 5.54083,
	5.88035 5.53825,
	5.87132 5.53308,
	5.85324 5.5163,
	5.83775 5.49565,
	5.83001 5.48661,
	5.81968 5.47628,
	5.80935 5.46854,
	5.79902 5.45821,
	5.79386 5.45563,
	5.7887 5.45046,
	5.74738 5.43239,
	5.72673 5.42335,
	5.7164 5.41948,
	5.69575 5.4169,
	5.65443 5.41561,
	5.63378 5.41431,
	5.61312 5.41044,
	5.60796 5.41044,
	5.59763 5.40528,
	5.59247 5.40399,
	5.59118 5.40141,
	5.58085 5.39753,
	5.57569 5.39624,
	5.55503 5.37946,
	5.54599 5.36913,
	5.53437 5.34848,
	5.52921 5.33815,
	5.52792 5.33557,
	"/>
</Transform>

<Transform dim="0"
 xcoef=" 0 1 0 0 0 0"
 ycoef=" 0 0 1 0 0 0">
<Contour name="d03c38" hidden="false" closed="true" simplified="true" border="1 0 0" fill="0 1 0" mode="9"
 points="-0.101654 6.38388,
	-0.0948772 6.37711,
	-0.0948772 6.37033,
	-0.0881003 6.36355,
	-0.0338847 6.36355,
	-0.00677695 6.36694,
	0 6.37372,
	0.0271078 6.37711,
	0.0406617 6.39066,
	0.0440502 6.40421,
	0.0542156 6.41777,
	0.0609925 6.42455,
	0.0609925 6.43132,
	0.0881003 6.45843,
	0.105043 6.48215,
	0.121985 6.53636,
	0.121985 6.59058,
	0.121985 6.60413,
	0.115208 6.61769,
	0.0881003 6.62108,
	0.0745464 6.61091,
	0.057604 6.5838,
	0.00677695 6.53975,
	-0.0372732 6.49231,
	-0.0609925 6.47198,
	-0.0779349 6.45165,
	-0.0881003 6.4381,
	-0.0914888 6.42455,
	-0.101654 6.41099,
	-0.101654 6.38727,
	"/>
</Transform>

<Transform dim="0"
 xcoef=" 0 1 0 0 0 0"
 ycoef=" 0 0 1 0 0 0">
<Contour name="d03" hidden="false" closed="true" simplified="true" border="1 1 0" fill="1 1 0.501961" mode="11"
 points="0.272025 5.63386,
	0.278579 5.60764,
	0.291689 5.58142,
	0.298244 5.56831,
	0.294966 5.54209,
	0.278579 5.48965,
	0.278579 5.46343,
	0.288412 5.43721,
	0.324463 5.39133,
	0.344127 5.36511,
	0.393288 5.3225,
	0.403121 5.30939,
	0.409676 5.30612,
	0.409676 5.29956,
	0.419508 5.28645,
	0.41623 5.23401,
	0.422785 5.2078,
	0.475224 5.1783,
	0.501443 5.17502,
	0.527662 5.18158,
	0.540772 5.19469,
	0.563713 5.2078,
	0.616152 5.21107,
	0.721029 5.20452,
	0.773467 5.22418,
	0.816074 5.27334,
	0.832461 5.29628,
	0.842293 5.3225,
	0.85868 5.34217,
	0.907841 5.39133,
	0.914396 5.39788,
	0.914396 5.4241,
	0.937338 5.47326,
	0.940615 5.48637,
	0.914396 5.50932,
	0.907841 5.51587,
	0.901286 5.51587,
	0.888177 5.5257,
	0.871789 5.55192,
	0.861957 5.56503,
	0.852125 5.59125,
	0.852125 5.61747,
	0.85868 5.64369,
	0.85868 5.66991,
	0.85868 5.68302,
	0.842293 5.70924,
	0.789854 5.72562,
	0.780022 5.73873,
	0.776745 5.75184,
	0.786577 5.77806,
	0.796409 5.7879,
	0.793132 5.81411,
	0.789854 5.82722,
	0.747248 5.87639,
	0.737416 5.88622,
	0.724306 5.8895,
	0.717751 5.89605,
	0.665313 5.90588,
	0.639094 5.91571,
	0.629262 5.92227,
	0.612875 5.94849,
	0.596488 6.00093,
	0.586655 6.01076,
	0.586655 6.01731,
	0.580101 6.02387,
	0.570268 6.05009,
	0.553881 6.07303,
	0.530939 6.08942,
	0.50472 6.09269,
	0.491611 6.09269,
	0.439172 6.06975,
	0.41623 6.05664,
	0.370347 6.01404,
	0.337573 5.9616,
	0.32774 5.90916,
	0.334295 5.85672,
	0.321186 5.8305,
	0.294966 5.80756,
	0.285134 5.78134,
	0.281857 5.7289,
	0.288412 5.70268,
	0.278579 5.67646,
	0.272025 5.66335,
	0.272025 5.63713,
	"/>
</Transform>

<Transform dim="0"
 xcoef=" 0 1 0 0 0 0"
 ycoef=" 0 0 1 0 0 0">
<Contour name="d03" hidden="false" closed="true" simplified="true" border="1 1 0" fill="1 1 0.501961" mode="11"
 points="-0.0852125 6.368,
	-0.0589933 6.34833,
	-0.0360514 6.33522,
	-0.0229418 6.32539,
	0.0032774 6.32539,
	0.0557159 6.34178,
	0.0688255 6.35161,
	0.0721029 6.36472,
	0.0688255 6.37783,
	0.0852125 6.43027,
	0.0917673 6.43354,
	0.1016 6.45976,
	0.108154 6.47287,
	0.121264 6.48598,
	0.127819 6.49909,
	0.134374 6.50565,
	0.137651 6.51876,
	0.144206 6.52531,
	0.154038 6.55153,
	0.157315 6.56464,
	0.150761 6.59086,
	0.137651 6.60069,
	0.124541 6.59741,
	0.0753803 6.55481,
	0.032774 6.5122,
	-0.00655481 6.46304,
	-0.0294966 6.43682,
	-0.0557159 6.41716,
	-0.0753803 6.39749,
	-0.0852125 6.38438,
	-0.0852125 6.37127,
	"/>
</Transform>

<Transform dim="0"
 xcoef=" 0 1 0 0 0 0"
 ycoef=" 0 0 1 0 0 0">
<Contour name="ax37" comment="dch traced 07.2018" hidden="false" closed="true" simplified="true" border="0 1 1" fill="0.502 1 1" mode="9"
 points="1.87623 3.73717,
	1.88387 3.7066,
	1.90106 3.67603,
	1.91062 3.66265,
	1.92399 3.64928,
	1.98513 3.62062,
	2.00042 3.61106,
	2.00806 3.60724,
	2.01188 3.60724,
	2.0157 3.60342,
	2.04627 3.59387,
	2.06155 3.58814,
	2.09212 3.58623,
	2.15326 3.56521,
	2.16855 3.55757,
	2.17619 3.55375,
	2.19721 3.52318,
	2.20676 3.50789,
	2.22014 3.49261,
	2.28128 3.4563,
	2.29656 3.45057,
	2.3577 3.44866,
	2.37299 3.44866,
	2.40356 3.45439,
	2.41884 3.45822,
	2.43413 3.45822,
	2.44941 3.46395,
	2.45705 3.46586,
	2.47234 3.47732,
	2.47998 3.48114,
	2.48953 3.49643,
	2.49335 3.50025,
	2.49526 3.50789,
	2.50673 3.52318,
	2.51055 3.52891,
	2.54112 3.55375,
	2.5564 3.56521,
	2.56405 3.57285,
	2.57933 3.58241,
	2.6099 3.60724,
	2.64047 3.62826,
	2.65385 3.64163,
	2.65958 3.64928,
	2.66149 3.66456,
	2.65576 3.69513,
	2.65194 3.70277,
	2.65385 3.73334,
	2.66913 3.74672,
	2.67295 3.75054,
	2.67677 3.75054,
	2.69206 3.76391,
	2.71308 3.79257,
	2.72454 3.80786,
	2.72645 3.83843,
	2.72072 3.869,
	2.71881 3.87664,
	2.70543 3.89001,
	2.67486 3.89957,
	2.66722 3.90148,
	2.65958 3.90912,
	2.65385 3.92441,
	2.65002 3.92823,
	2.65002 3.93205,
	2.64429 3.93969,
	2.64429 3.94351,
	2.61754 3.97026,
	2.6099 3.97217,
	2.59462 3.98172,
	2.56405 3.99319,
	2.50291 3.99128,
	2.44177 3.97981,
	2.4112 3.9779,
	2.39591 3.97981,
	2.38063 3.98746,
	2.35006 4.01038,
	2.31949 4.01994,
	2.3042 4.02376,
	2.27363 4.02185,
	2.24306 4.0142,
	2.23542 4.0142,
	2.20485 4.00274,
	2.17428 3.9951,
	2.159 3.99128,
	2.15135 3.99128,
	2.13607 3.98555,
	2.07493 3.97408,
	2.04436 3.96835,
	2.02907 3.96262,
	2.02143 3.96262,
	2.01379 3.9588,
	2.00997 3.9588,
	1.99468 3.94733,
	1.98322 3.93205,
	1.97749 3.92441,
	1.97367 3.90912,
	1.97176 3.90148,
	1.97176 3.89766,
	1.96793 3.89384,
	1.96411 3.87855,
	1.95838 3.87091,
	1.95647 3.86327,
	1.94692 3.84798,
	1.93928 3.84034,
	1.93928 3.83652,
	1.91444 3.80595,
	1.90106 3.79448,
	1.8896 3.7792,
	1.88387 3.77156,
	1.87814 3.75627,
	1.87623 3.74099,
	1.87623 3.73908,
	"/>
</Transform>

<Transform dim="0"
 xcoef=" 0 1 0 0 0 0"
 ycoef=" 0 0 1 0 0 0">
<Contour name="ax54" comment="dch traced 07.2018" hidden="false" closed="true" simplified="true" border="0 1 1" fill="0.502 1 1" mode="9"
 points="0.582017 3.07184,
	0.586552 3.04765,
	0.589576 3.04161,
	0.594111 3.01742,
	0.595623 3.00532,
	0.598646 2.99928,
	0.598646 2.99625,
	0.612252 2.97358,
	0.61981 2.96148,
	0.668186 2.96904,
	0.692374 2.97207,
	0.716561 2.97056,
	0.728655 2.96753,
	0.775519 2.94637,
	0.786101 2.9373,
	0.790636 2.93427,
	0.801218 2.92218,
	0.814824 2.89799,
	0.814824 2.8738,
	0.814824 2.86171,
	0.814824 2.85566,
	0.814824 2.85264,
	0.819359 2.84659,
	0.831453 2.84206,
	0.855641 2.84206,
	0.867735 2.84508,
	0.91611 2.87078,
	0.938786 2.88892,
	0.94181 2.88892,
	0.952392 2.8995,
	0.962974 2.90706,
	0.979603 2.93125,
	0.982626 2.9373,
	0.982626 2.94334,
	0.98565 2.94637,
	0.990185 2.99474,
	0.991697 3.00684,
	1.00681 3.03102,
	1.01588 3.04312,
	1.01588 3.04614,
	1.02042 3.05219,
	1.02495 3.06428,
	1.02798 3.06731,
	1.0431 3.11568,
	1.04914 3.13987,
	1.05065 3.16406,
	1.04612 3.21243,
	1.04158 3.23662,
	1.03251 3.26081,
	1.02193 3.2729,
	1.01588 3.27593,
	1.00984 3.28197,
	1.00379 3.285,
	0.996232 3.29407,
	0.979603 3.31825,
	0.958439 3.33942,
	0.938786 3.35756,
	0.926692 3.36814,
	0.920645 3.37419,
	0.908551 3.38175,
	0.884364 3.38628,
	0.860176 3.38779,
	0.848082 3.38931,
	0.823894 3.38779,
	0.775519 3.38023,
	0.763425 3.37268,
	0.760402 3.37268,
	0.736214 3.35605,
	0.72412 3.34698,
	0.712026 3.34093,
	0.705979 3.33942,
	0.699932 3.33337,
	0.675745 3.31977,
	0.651557 3.30314,
	0.640975 3.29104,
	0.627369 3.26685,
	0.616787 3.24267,
	0.609228 3.19429,
	0.607717 3.1822,
	0.589576 3.13382,
	0.586552 3.12778,
	0.586552 3.12173,
	0.582017 3.10963,
	0.582017 3.08545,
	0.582017 3.07335,
	"/>
</Transform>

<Transform dim="0"
 xcoef=" 0 1 0 0 0 0"
 ycoef=" 0 0 1 0 0 0">
<Contour name="ax26" comment="dch traced 07.2018" hidden="false" closed="true" simplified="true" border="0 1 1" fill="0.502 1 1" mode="9"
 points="1.62444 4.44727,
	1.63417 4.41614,
	1.64098 4.40155,
	1.64681 4.39474,
	1.64778 4.39085,
	1.65946 4.37529,
	1.67405 4.36361,
	1.68183 4.35972,
	1.68572 4.35583,
	1.68767 4.35583,
	1.70226 4.34708,
	1.71004 4.34221,
	1.71198 4.34027,
	1.71393 4.34027,
	1.72171 4.33443,
	1.72949 4.33054,
	1.73338 4.32957,
	1.74117 4.32471,
	1.75673 4.32179,
	1.76451 4.3179,
	1.7791 4.31401,
	1.81023 4.31401,
	1.81801 4.31401,
	1.82579 4.31595,
	1.82968 4.31595,
	1.83357 4.3179,
	1.83746 4.3179,
	1.86859 4.32762,
	1.87637 4.32957,
	1.88026 4.32957,
	1.89583 4.33443,
	1.90361 4.33638,
	1.9075 4.33832,
	1.90945 4.33832,
	1.91139 4.34027,
	1.94252 4.34708,
	1.95808 4.35389,
	1.96586 4.3568,
	1.97948 4.3675,
	1.98337 4.37042,
	1.98532 4.37334,
	1.98726 4.37431,
	1.98726 4.37626,
	1.99018 4.38015,
	1.99505 4.39571,
	1.99505 4.41128,
	1.9931 4.42684,
	1.98921 4.4424,
	1.98045 4.45699,
	1.96586 4.46867,
	1.95808 4.47353,
	1.95614 4.47548,
	1.92501 4.48229,
	1.91723 4.48131,
	1.90166 4.48229,
	1.89388 4.48229,
	1.87832 4.48715,
	1.87054 4.49201,
	1.86567 4.49882,
	1.86276 4.51439,
	1.86276 4.52217,
	1.85984 4.52995,
	1.85011 4.54454,
	1.84622 4.54843,
	1.84038 4.55329,
	1.83844 4.55329,
	1.83455 4.55621,
	1.83066 4.55718,
	1.82871 4.55913,
	1.81315 4.56205,
	1.78202 4.56302,
	1.76646 4.56302,
	1.75867 4.56205,
	1.75478 4.56205,
	1.75089 4.5601,
	1.747 4.5601,
	1.73144 4.55329,
	1.71685 4.54065,
	1.70615 4.52606,
	1.70226 4.51049,
	1.6935 4.49493,
	1.68961 4.49201,
	1.68183 4.49007,
	1.6507 4.48715,
	1.64681 4.48715,
	1.64292 4.48326,
	1.63903 4.48131,
	1.63222 4.4745,
	1.6293 4.47061,
	1.6293 4.46867,
	1.62736 4.46769,
	1.62444 4.45213,
	1.62444 4.44824,
	"/>
</Transform>

<Transform dim="0"
 xcoef=" 0 1 0 0 0 0"
 ycoef=" 0 0 1 0 0 0">
<Contour name="ax78" comment="dch traced 08.2018" hidden="false" closed="true" simplified="true" border="0 1 1" fill="0.502 1 1" mode="9"
 points="3.01586 3.44587,
	3.02162 3.41515,
	3.02641 3.3998,
	3.03313 3.38444,
	3.04561 3.37004,
	3.06097 3.36332,
	3.06865 3.35948,
	3.07057 3.35852,
	3.08593 3.35948,
	3.10128 3.35852,
	3.11664 3.35276,
	3.1272 3.34029,
	3.13296 3.33261,
	3.13584 3.33069,
	3.14352 3.32397,
	3.1512 3.32013,
	3.15887 3.31821,
	3.17423 3.31821,
	3.18959 3.32109,
	3.2203 3.33069,
	3.22798 3.33357,
	3.2299 3.33357,
	3.23182 3.33549,
	3.2395 3.33837,
	3.25486 3.34701,
	3.2587 3.35084,
	3.26158 3.35276,
	3.2683 3.35948,
	3.27694 3.37388,
	3.27982 3.38924,
	3.28078 3.4046,
	3.27982 3.41995,
	3.27598 3.43531,
	3.2731 3.44299,
	3.26446 3.45835,
	3.26446 3.46027,
	3.26254 3.46219,
	3.25966 3.46987,
	3.25774 3.47371,
	3.25774 3.47755,
	3.25582 3.48138,
	3.25486 3.49674,
	3.25582 3.5121,
	3.26062 3.52746,
	3.2635 3.53514,
	3.26542 3.53898,
	3.26638 3.54665,
	3.26542 3.55433,
	3.26542 3.55817,
	3.2635 3.56009,
	3.2635 3.56393,
	3.2539 3.57929,
	3.24814 3.58601,
	3.24046 3.59081,
	3.23854 3.59273,
	3.23086 3.59369,
	3.20015 3.58985,
	3.19247 3.58793,
	3.17711 3.58025,
	3.16943 3.57449,
	3.15408 3.56681,
	3.13872 3.55625,
	3.12624 3.54569,
	3.11856 3.53994,
	3.11568 3.53802,
	3.108 3.53034,
	3.10032 3.52458,
	3.09648 3.5217,
	3.06577 3.50922,
	3.05809 3.50634,
	3.05041 3.50154,
	3.04657 3.50058,
	3.03121 3.49002,
	3.02449 3.48234,
	3.02066 3.47851,
	3.01682 3.46315,
	3.01586 3.44779,
	3.01586 3.44683,
	"/>
</Transform>

<Transform dim="0"
 xcoef=" 0 1 0 0 0 0"
 ycoef=" 0 0 1 0 0 0">
<Contour name="ax52" comment="dch traced 08.2018" hidden="false" closed="true" simplified="true" border="0 1 1" fill="0.502 1 1" mode="9"
 points="1.00267 4.80278,
	1.02966 4.77447,
	1.03629 4.76739,
	1.03983 4.7643,
	1.0416 4.76297,
	1.04868 4.75987,
	1.05575 4.75589,
	1.06991 4.74395,
	1.07654 4.73731,
	1.08805 4.72316,
	1.09247 4.71608,
	1.09335 4.71431,
	1.09512 4.71254,
	1.10751 4.68423,
	1.10839 4.68246,
	1.10839 4.68069,
	1.1168 4.66654,
	1.12122 4.65946,
	1.1283 4.65327,
	1.13538 4.6484,
	1.14245 4.64442,
	1.14953 4.64177,
	1.15307 4.63911,
	1.16015 4.63602,
	1.16722 4.63558,
	1.17076 4.63558,
	1.18492 4.63292,
	1.19199 4.63159,
	1.2203 4.63204,
	1.24861 4.63159,
	1.26277 4.62717,
	1.27692 4.62452,
	1.284 4.62319,
	1.28754 4.62231,
	1.31585 4.62186,
	1.32293 4.62142,
	1.33708 4.61788,
	1.34416 4.61611,
	1.3477 4.61479,
	1.34947 4.6139,
	1.36362 4.61302,
	1.3707 4.61081,
	1.37778 4.61081,
	1.38485 4.60992,
	1.38839 4.60948,
	1.39547 4.61081,
	1.40255 4.61346,
	1.40962 4.61832,
	1.41139 4.61921,
	1.41316 4.61921,
	1.42732 4.63292,
	1.43086 4.63646,
	1.43262 4.63823,
	1.43351 4.64,
	1.43395 4.64354,
	1.43661 4.64708,
	1.43793 4.64885,
	1.44236 4.663,
	1.44324 4.66654,
	1.44501 4.67008,
	1.44766 4.68423,
	1.44811 4.69839,
	1.44811 4.70547,
	1.44811 4.709,
	1.44634 4.71608,
	1.44545 4.71962,
	1.44545 4.72316,
	1.44191 4.73024,
	1.44059 4.75855,
	1.44014 4.7727,
	1.44014 4.77447,
	1.43528 4.78862,
	1.42909 4.80278,
	1.42511 4.80986,
	1.4198 4.81693,
	1.41759 4.82047,
	1.41051 4.82578,
	1.39724 4.83949,
	1.39105 4.84657,
	1.37999 4.86073,
	1.37689 4.86382,
	1.37335 4.86426,
	1.36981 4.86559,
	1.36804 4.86648,
	1.36716 4.86648,
	1.36008 4.87223,
	1.35433 4.87886,
	1.34947 4.88594,
	1.34814 4.88948,
	1.34725 4.89125,
	1.34725 4.89478,
	1.34814 4.89832,
	1.34947 4.90009,
	1.34947 4.90098,
	1.35035 4.90186,
	1.35035 4.90275,
	1.353 4.90629,
	1.35389 4.90717,
	1.35389 4.90805,
	1.35875 4.91425,
	1.36097 4.91779,
	1.36141 4.92133,
	1.36097 4.92486,
	1.35964 4.9284,
	1.35433 4.93504,
	1.353 4.93681,
	1.34637 4.94123,
	1.34283 4.94388,
	1.34106 4.94477,
	1.34062 4.94565,
	1.33885 4.9461,
	1.32514 4.95494,
	1.31187 4.96512,
	1.30833 4.96777,
	1.30523 4.96954,
	1.30346 4.97042,
	1.30258 4.97131,
	1.29904 4.97219,
	1.29727 4.97352,
	1.2955 4.97396,
	1.29506 4.97485,
	1.29329 4.97529,
	1.2924 4.97573,
	1.28887 4.97706,
	1.26056 4.97883,
	1.25348 4.97971,
	1.2464 4.97927,
	1.24286 4.97883,
	1.24109 4.97839,
	1.23402 4.97971,
	1.21986 4.97839,
	1.20571 4.97617,
	1.20217 4.97573,
	1.19863 4.97396,
	1.18447 4.97087,
	1.18094 4.97042,
	1.15263 4.96114,
	1.13847 4.95583,
	1.13139 4.9514,
	1.12432 4.94787,
	1.12299 4.9461,
	1.11945 4.94477,
	1.11768 4.94433,
	1.10353 4.93415,
	1.10176 4.93327,
	1.0876 4.92,
	1.08053 4.91469,
	1.06858 4.90054,
	1.06239 4.89346,
	1.05222 4.8793,
	1.04779 4.87223,
	1.0416 4.86515,
	1.01373 4.84126,
	1.01064 4.83817,
	1.00666 4.83109,
	1.00577 4.82932,
	1.00356 4.81516,
	1.00267 4.80809,
	1.00267 4.80455,
	1.00267 4.80322,
	"/>
</Transform>

</Section>