<?xml version="1.0"?>
<!DOCTYPE Section SYSTEM "section.dtd">

<Section index="157" thickness="0.038" alignLocked="true">
<Transform dim="6"
 xcoef=" -0.740700259035348 1.00250761983708 0.0503326321830719 0 0 0"
 ycoef=" -0.0324812778706226 0.0775837067050956 1.03465750750565 0 0 0">
<Image mag="0.0021709" contrast="0.922" brightness="0.03" red="true" green="true" blue="true"
 src="JPTZX.217.jpg" />
<Contour name="domain1" hidden="false" closed="true" simplified="false" border="1 0 1" fill="1 0 1" mode="11"
 points="0 0,
	4083 0,
	4083 4083,
	0 4083,
	"/>
</Transform>

<Transform dim="0"
 xcoef=" 0 1 0 0 0 0"
 ycoef=" 0 0 1 0 0 0">
<Contour name="d01" hidden="false" closed="true" simplified="true" border="1 0.5 0" fill="1 0.5 0" mode="11"
 points="4.14899 3.60326,
	4.15441 3.5888,
	4.15802 3.58157,
	4.18332 3.55266,
	4.19778 3.54001,
	4.22669 3.52555,
	4.24115 3.51833,
	4.27006 3.51833,
	4.27729 3.52013,
	4.28994 3.53278,
	4.31162 3.59061,
	4.32066 3.60506,
	4.32427 3.61229,
	4.32788 3.61591,
	4.32246 3.64482,
	4.31704 3.65928,
	4.31704 3.6665,
	4.30801 3.68096,
	4.30259 3.69542,
	4.30259 3.70987,
	4.30078 3.7171,
	4.29716 3.72072,
	4.28271 3.72072,
	4.26825 3.70807,
	4.2538 3.69903,
	4.19597 3.70084,
	4.18151 3.69542,
	4.17429 3.68819,
	4.16706 3.67373,
	4.15802 3.64482,
	4.15079 3.63036,
	4.14899 3.61591,
	4.14899 3.60868,
	4.14899 3.60506,
	"/>
</Transform>

<Transform dim="0"
 xcoef=" 0 1 0 0 0 0"
 ycoef=" 0 0 1 0 0 0">
<Contour name="d01" hidden="false" closed="true" simplified="true" border="1 0.5 0" fill="1 0.5 0" mode="11"
 points="3.75201 4.43203,
	3.75518 4.42569,
	3.75518 4.41935,
	3.75993 4.40667,
	3.78212 4.38289,
	3.7948 4.37338,
	3.80749 4.37021,
	3.85821 4.37021,
	3.87089 4.37021,
	3.89625 4.37655,
	3.90259 4.37972,
	3.92796 4.3813,
	3.9343 4.38289,
	3.95807 4.4035,
	3.96441 4.40667,
	3.97551 4.41935,
	3.97868 4.42252,
	3.98027 4.44788,
	3.98344 4.46056,
	3.98819 4.4669,
	4.01355 4.47641,
	4.01355 4.48275,
	4.00246 4.49543,
	3.98978 4.50336,
	3.98344 4.50811,
	3.95807 4.51604,
	3.94539 4.5208,
	3.92003 4.53665,
	3.90735 4.54299,
	3.85663 4.54616,
	3.83126 4.54616,
	3.81858 4.54616,
	3.8059 4.5414,
	3.78054 4.52397,
	3.76944 4.51128,
	3.76469 4.50494,
	3.75676 4.47958,
	3.75201 4.45422,
	3.75201 4.44154,
	3.75201 4.4352,
	3.75201 4.43361,
	"/>
</Transform>

<Transform dim="0"
 xcoef=" 0 1 0 0 0 0"
 ycoef=" 0 0 1 0 0 0">
<Contour name="d01" hidden="false" closed="true" simplified="true" border="1 0.5 0" fill="1 0.5 0" mode="11"
 points="2.34282 3.65373,
	2.35868 3.62837,
	2.36502 3.61569,
	2.37294 3.59032,
	2.38404 3.56496,
	2.39355 3.55228,
	2.41257 3.53167,
	2.42367 3.51899,
	2.43159 3.49363,
	2.44269 3.46827,
	2.4522 3.45559,
	2.46488 3.44766,
	2.47122 3.44449,
	2.47756 3.43815,
	2.49024 3.43181,
	2.50292 3.42864,
	2.5156 3.42071,
	2.52828 3.40962,
	2.54097 3.40169,
	2.55365 3.39852,
	2.57901 3.39694,
	2.59169 3.39694,
	2.64241 3.38584,
	2.66778 3.38426,
	2.7185 3.36999,
	2.73118 3.3684,
	2.78191 3.35097,
	2.80727 3.34304,
	2.81995 3.33829,
	2.84531 3.3367,
	2.89604 3.33829,
	2.9214 3.3367,
	2.94676 3.33195,
	2.97212 3.31451,
	3.07357 3.31292,
	3.09893 3.31134,
	3.11161 3.31292,
	3.13698 3.32719,
	3.1877 3.33353,
	3.21306 3.34304,
	3.22574 3.3478,
	3.23842 3.35731,
	3.24159 3.36048,
	3.26696 3.36523,
	3.29232 3.36206,
	3.31768 3.36206,
	3.33036 3.36206,
	3.34304 3.36682,
	3.34938 3.36999,
	3.37475 3.36999,
	3.40011 3.36523,
	3.42547 3.36523,
	3.45083 3.37475,
	3.47619 3.37475,
	3.48253 3.3795,
	3.48729 3.39218,
	3.50314 3.41754,
	3.51582 3.42547,
	3.51899 3.42864,
	3.5396 3.47936,
	3.55545 3.50473,
	3.56655 3.51741,
	3.57447 3.53009,
	3.58715 3.54118,
	3.59983 3.54752,
	3.61093 3.55704,
	3.6141 3.5824,
	3.62044 3.58715,
	3.6458 3.58874,
	3.65214 3.59032,
	3.66324 3.603,
	3.67592 3.61093,
	3.68068 3.62361,
	3.68226 3.63629,
	3.68702 3.64897,
	3.69811 3.65848,
	3.71079 3.66482,
	3.72347 3.67592,
	3.72189 3.70128,
	3.7203 3.70762,
	3.71079 3.7203,
	3.69811 3.72981,
	3.68543 3.73616,
	3.67909 3.74091,
	3.67751 3.75359,
	3.68226 3.77895,
	3.68226 3.82968,
	3.68543 3.8804,
	3.69336 3.89308,
	3.6997 3.89942,
	3.70287 3.90576,
	3.70604 3.90893,
	3.70445 3.9343,
	3.71396 3.95966,
	3.71555 3.966,
	3.72506 3.97868,
	3.73616 3.98661,
	3.74884 3.99136,
	3.75359 3.9977,
	3.76152 4.02306,
	3.78529 4.07379,
	3.78688 4.07696,
	3.78846 4.07379,
	3.80907 4.09757,
	3.82017 4.10866,
	3.82334 4.11183,
	3.8487 4.11025,
	3.85504 4.11025,
	3.86772 4.11659,
	3.87406 4.11976,
	3.88674 4.11976,
	3.9121 4.11183,
	3.92479 4.10074,
	3.93747 4.10232,
	3.94381 4.10866,
	3.95649 4.11025,
	3.96283 4.11659,
	3.96758 4.12927,
	3.96917 4.15463,
	3.96917 4.16731,
	3.96917 4.17365,
	3.95807 4.18633,
	3.95173 4.19109,
	3.92637 4.19109,
	3.91369 4.19584,
	3.90735 4.2006,
	3.90101 4.20218,
	3.88833 4.21011,
	3.87565 4.21011,
	3.86931 4.21011,
	3.85663 4.20535,
	3.85028 4.20218,
	3.8376 4.20218,
	3.82492 4.19901,
	3.81858 4.19584,
	3.81383 4.1895,
	3.80907 4.17682,
	3.80432 4.17207,
	3.79163 4.1689,
	3.78529 4.16573,
	3.77737 4.14036,
	3.77103 4.12768,
	3.75993 4.115,
	3.73457 4.09439,
	3.68385 4.08013,
	3.65848 4.07854,
	3.6458 4.07854,
	3.62044 4.06903,
	3.59508 4.05477,
	3.5824 4.0516,
	3.57606 4.04843,
	3.52533 4.04843,
	3.49997 4.03892,
	3.47461 4.03892,
	3.46827 4.03892,
	3.46193 4.04209,
	3.43657 4.04684,
	3.4112 4.05477,
	3.38584 4.05794,
	3.36048 4.05794,
	3.33512 4.05318,
	3.32244 4.04526,
	3.3161 4.03892,
	3.30658 4.01355,
	3.30183 4.00087,
	3.2939 3.98819,
	3.26854 3.97551,
	3.2622 3.97075,
	3.23684 3.96283,
	3.13539 3.96283,
	3.11003 3.96758,
	3.10369 3.96758,
	3.09101 3.97234,
	3.06564 3.97392,
	3.04028 3.96917,
	3.01492 3.97075,
	3.00858 3.97075,
	2.9959 3.97551,
	2.94517 3.9771,
	2.93249 3.97551,
	2.90713 3.966,
	2.89445 3.96124,
	2.86909 3.94064,
	2.84373 3.9232,
	2.83105 3.9121,
	2.81836 3.90576,
	2.76764 3.90101,
	2.74228 3.90101,
	2.69155 3.88674,
	2.66619 3.8804,
	2.64083 3.87882,
	2.62815 3.87882,
	2.61547 3.88674,
	2.59645 3.91052,
	2.58376 3.91052,
	2.5584 3.88833,
	2.55048 3.87565,
	2.54572 3.86931,
	2.53304 3.86614,
	2.5267 3.86455,
	2.51402 3.85345,
	2.50926 3.84077,
	2.50609 3.83443,
	2.49341 3.82651,
	2.48073 3.82175,
	2.45537 3.81858,
	2.40464 3.7948,
	2.39196 3.78846,
	2.37928 3.77737,
	2.37136 3.76469,
	2.36819 3.75835,
	2.36819 3.73298,
	2.3666 3.7203,
	2.36343 3.71396,
	2.36343 3.71079,
	2.35234 3.6997,
	2.34599 3.69494,
	2.34282 3.69177,
	2.34282 3.66641,
	2.34282 3.65531,
	"/>
</Transform>

<Transform dim="0"
 xcoef=" 0 1 0 0 0 0"
 ycoef=" 0 0 1 0 0 0">
<Contour name="d01" hidden="false" closed="true" simplified="true" border="1 0.5 0" fill="1 0.5 0" mode="11"
 points="2.27994 2.9452,
	2.29999 2.91845,
	2.31337 2.90508,
	2.34011 2.90842,
	2.35348 2.91511,
	2.35682 2.9686,
	2.35682 2.98197,
	2.3468 2.99534,
	2.33342 2.99868,
	2.30668 2.98865,
	2.27994 2.9686,
	2.27994 2.95522,
	2.27994 2.94854,
	"/>
</Transform>

<Transform dim="0"
 xcoef=" 0 1 0 0 0 0"
 ycoef=" 0 0 1 0 0 0">
<Contour name="d01mito01" hidden="false" closed="true" simplified="true" border="0 0.25098 0.501961" fill="0.5 0 1" mode="-11"
 points="3.11653 3.61626,
	3.11978 3.60759,
	3.13171 3.59133,
	3.13496 3.58699,
	3.1523 3.57723,
	3.16965 3.56965,
	3.18699 3.56856,
	3.19133 3.56856,
	3.2 3.56531,
	3.21734 3.56314,
	3.22168 3.56206,
	3.23902 3.55013,
	3.24769 3.54688,
	3.26504 3.54688,
	3.26937 3.54688,
	3.27805 3.55122,
	3.28672 3.55881,
	3.29539 3.56423,
	3.30406 3.56748,
	3.32141 3.56748,
	3.33008 3.56748,
	3.34742 3.57181,
	3.36477 3.58157,
	3.36802 3.58482,
	3.38536 3.58916,
	3.42005 3.61192,
	3.4374 3.61626,
	3.44498 3.62493,
	3.4504 3.6336,
	3.45908 3.64119,
	3.46775 3.64661,
	3.47642 3.64986,
	3.48076 3.65203,
	3.48292 3.65311,
	3.48184 3.67046,
	3.4775 3.6878,
	3.471 3.70515,
	3.47208 3.71382,
	3.47642 3.72249,
	3.48292 3.73116,
	3.48618 3.7355,
	3.48726 3.74417,
	3.48726 3.74851,
	3.48184 3.7561,
	3.4775 3.75935,
	3.46016 3.7626,
	3.45149 3.76585,
	3.44282 3.77236,
	3.43848 3.77452,
	3.43414 3.77886,
	3.4168 3.78428,
	3.40813 3.78753,
	3.37344 3.78753,
	3.3691 3.78536,
	3.33442 3.78211,
	3.32574 3.78103,
	3.32141 3.77886,
	3.31274 3.77127,
	3.3084 3.76802,
	3.29106 3.76477,
	3.27371 3.76368,
	3.23902 3.75068,
	3.20433 3.73225,
	3.19024 3.7149,
	3.18157 3.70948,
	3.17723 3.70732,
	3.15989 3.70515,
	3.15122 3.69973,
	3.13929 3.68238,
	3.12303 3.64769,
	3.11653 3.63035,
	3.11653 3.62168,
	3.11653 3.61734,
	"/>
</Transform>

<Transform dim="0"
 xcoef=" 0 1 0 0 0 0"
 ycoef=" 0 0 1 0 0 0">
<Contour name="d01ser" hidden="false" closed="true" simplified="true" border="0 0.502 0" fill="1 0.5 0" mode="11"
 points="3.55516 3.76657,
	3.56379 3.74931,
	3.56379 3.7148,
	3.56595 3.70617,
	3.5681 3.70185,
	3.57673 3.70185,
	3.58536 3.70617,
	3.60046 3.72343,
	3.61988 3.75794,
	3.62419 3.76226,
	3.62203 3.77089,
	3.61556 3.77951,
	3.61125 3.78383,
	3.57673 3.78167,
	3.5681 3.78167,
	3.55947 3.77736,
	3.55516 3.7752,
	3.55516 3.76873,
	"/>
<Contour name="d01ser" hidden="false" closed="true" simplified="true" border="0 0.502 0" fill="1 0.5 0" mode="11"
 points="3.07409 3.89385,
	3.09135 3.88738,
	3.09998 3.88306,
	3.11724 3.88306,
	3.13018 3.90032,
	3.13234 3.91758,
	3.13018 3.93484,
	3.11292 3.93484,
	3.10429 3.92621,
	3.08704 3.91758,
	3.07841 3.90895,
	3.07409 3.90032,
	3.07409 3.89601,
	"/>
</Transform>

<Transform dim="0"
 xcoef=" 0 1 0 0 0 0"
 ycoef=" 0 0 1 0 0 0">
<Contour name="d01ser" hidden="false" closed="true" simplified="true" border="0 0.502 0" fill="1 0.5 0" mode="11"
 points="2.58573 3.44715,
	2.5902 3.44268,
	2.59615 3.4412,
	2.6021 3.44268,
	2.60805 3.45459,
	2.60359 3.45905,
	2.59168 3.45756,
	2.58573 3.4531,
	2.58573 3.44864,
	"/>
</Transform>

<Transform dim="0"
 xcoef=" 0 1 0 0 0 0"
 ycoef=" 0 0 1 0 0 0">
<Contour name="d01ser" hidden="false" closed="true" simplified="true" border="0 0.502 0" fill="1 0.5 0" mode="11"
 points="2.8699 3.39508,
	2.87733 3.38317,
	2.87882 3.37722,
	2.87585 3.36532,
	2.87585 3.35937,
	2.8818 3.35491,
	2.88775 3.35491,
	2.89965 3.36532,
	2.9056 3.36532,
	2.91155 3.3683,
	2.91899 3.37871,
	2.92941 3.38615,
	2.93387 3.39061,
	2.93387 3.39656,
	2.92643 3.40698,
	2.92346 3.40995,
	2.92048 3.40995,
	2.9175 3.41293,
	2.9056 3.41144,
	2.8937 3.40698,
	2.8699 3.40549,
	2.8699 3.39954,
	2.8699 3.39656,
	"/>
</Transform>

<Transform dim="0"
 xcoef=" 0 1 0 0 0 0"
 ycoef=" 0 0 1 0 0 0">
<Contour name="d01ser" hidden="false" closed="true" simplified="true" border="0 0.502 0" fill="1 0.5 0" mode="11"
 points="2.46819 3.58996,
	2.47117 3.58699,
	2.49497 3.58848,
	2.50688 3.59294,
	2.51283 3.59145,
	2.52027 3.58401,
	2.52622 3.58401,
	2.53068 3.58848,
	2.52919 3.59443,
	2.52027 3.60633,
	2.51729 3.60931,
	2.49349 3.60782,
	2.46968 3.60187,
	2.46819 3.59145,
	"/>
</Transform>

<Transform dim="0"
 xcoef=" 0 1 0 0 0 0"
 ycoef=" 0 0 1 0 0 0">
<Contour name="d01" hidden="false" closed="true" simplified="true" border="1 0.5 0" fill="1 0.5 0" mode="11"
 points="1.82645 3.64387,
	1.83698 3.6198,
	1.84751 3.60927,
	1.85955 3.60174,
	1.87158 3.59874,
	1.88362 3.59121,
	1.89114 3.57918,
	1.91521 3.56865,
	1.93928 3.57015,
	1.95132 3.57165,
	1.96336 3.56865,
	1.96637 3.56564,
	1.96937 3.56564,
	1.97238 3.56263,
	1.99646 3.56413,
	2.00849 3.57617,
	2.03256 3.58068,
	2.05664 3.59121,
	2.06867 3.59723,
	2.07469 3.60325,
	2.07619 3.62732,
	2.08372 3.65139,
	2.08672 3.66343,
	2.08672 3.67546,
	2.08522 3.68148,
	2.07469 3.69352,
	2.07018 3.70555,
	2.05363 3.72963,
	2.04911 3.74166,
	2.03858 3.7537,
	2.03407 3.75972,
	2.03256 3.76573,
	2.02805 3.77175,
	2.02655 3.78379,
	2.02805 3.79582,
	2.0446 3.81989,
	2.04911 3.82591,
	2.04761 3.83795,
	2.0446 3.84397,
	2.02053 3.86052,
	2.00849 3.86653,
	2.00247 3.87255,
	1.98592 3.89662,
	1.96185 3.89813,
	1.94982 3.89662,
	1.9438 3.89512,
	1.92875 3.87105,
	1.91672 3.85901,
	1.89716 3.83494,
	1.89265 3.82892,
	1.89265 3.81689,
	1.89565 3.80485,
	1.89415 3.78078,
	1.89114 3.76874,
	1.88512 3.75671,
	1.86256 3.73414,
	1.83848 3.71759,
	1.83096 3.70555,
	1.82645 3.68148,
	1.82645 3.65741,
	1.82645 3.64537,
	"/>
</Transform>

<Transform dim="0"
 xcoef=" 0 1 0 0 0 0"
 ycoef=" 0 0 1 0 0 0">
<Contour name="d01c39" hidden="false" closed="true" simplified="true" border="0 1 0" fill="0 1 0" mode="11"
 points="4.27731 3.55138,
	4.28271 3.54059,
	4.2935 3.52979,
	4.31509 3.52709,
	4.33668 3.54328,
	4.35017 3.56487,
	4.36097 3.60805,
	4.36097 3.65123,
	4.35287 3.67282,
	4.34747 3.68361,
	4.33668 3.69171,
	4.31509 3.69441,
	4.3043 3.69441,
	4.2989 3.69171,
	4.2989 3.67012,
	4.30699 3.64853,
	4.2989 3.60535,
	4.2908 3.58376,
	4.27731 3.56487,
	4.27731 3.55408,
	"/>
<Contour name="d01cfa39" hidden="false" closed="false" simplified="false" border="0 1 1" fill="0 1 1" mode="9"
 points="4.3083 3.68691,
	4.32989 3.64373,
	4.32719 3.60865,
	4.28671 3.53849,
	"/>
</Transform>

<Transform dim="0"
 xcoef=" 0 1 0 0 0 0"
 ycoef=" 0 0 1 0 0 0">
<Contour name="d01c41" hidden="false" closed="true" simplified="true" border="0 1 0" fill="0 1 0" mode="11"
 points="1.83776 3.69171,
	1.84316 3.68901,
	1.84855 3.69171,
	1.84046 3.69441,
	"/>
<Contour name="d01c41" hidden="false" closed="true" simplified="true" border="0 1 0" fill="0 1 0" mode="11"
 points="1.80538 3.6998,
	1.81347 3.69171,
	1.83506 3.68901,
	1.85665 3.69711,
	1.87554 3.716,
	1.88094 3.72409,
	1.89173 3.73489,
	1.90253 3.75648,
	1.90253 3.77806,
	1.89173 3.78886,
	1.87014 3.79156,
	1.83236 3.75108,
	1.81617 3.72949,
	1.80538 3.7079,
	1.80538 3.7025,
	"/>
<Contour name="d01cfa41" hidden="false" closed="false" simplified="false" border="0 1 1" fill="0 1 1" mode="9"
 points="1.89843 3.78136,
	1.89304 3.75977,
	1.87415 3.74358,
	1.83367 3.7112,
	1.82827 3.68961,
	"/>
</Transform>

<Transform dim="0"
 xcoef=" 0 1 0 0 0 0"
 ycoef=" 0 0 1 0 0 0">
<Contour name="d02" hidden="false" closed="true" simplified="true" border="0 0.251 0.502" fill="0.5 0 1" mode="11"
 points="5.4221 4.05805,
	5.42569 4.05087,
	5.42569 4.04728,
	5.44902 4.01856,
	5.47774 3.99164,
	5.49209 3.97908,
	5.5585 3.86421,
	5.56389 3.85703,
	5.59081 3.7996,
	5.62311 3.74216,
	5.63388 3.7278,
	5.64824 3.71345,
	5.6626 3.70447,
	5.69132 3.69909,
	5.72003 3.71165,
	5.72721 3.71524,
	5.73978 3.7296,
	5.75593 3.78703,
	5.7667 3.81575,
	5.77388 3.83011,
	5.78106 3.85882,
	5.8008 3.91626,
	5.80977 3.97369,
	5.80977 3.98805,
	5.8008 4.01677,
	5.77388 4.0742,
	5.7649 4.08856,
	5.76131 4.09574,
	5.74875 4.1083,
	5.72003 4.1101,
	5.6626 4.09394,
	5.64824 4.09215,
	5.64106 4.09215,
	5.6267 4.09933,
	5.61953 4.10292,
	5.59081 4.10471,
	5.56209 4.09933,
	5.53337 4.09933,
	5.5262 4.09933,
	5.52261 4.10292,
	5.50825 4.10292,
	5.49927 4.09035,
	5.48671 4.08497,
	5.45799 4.08317,
	5.42928 4.076,
	5.4221 4.07241,
	5.4221 4.05984,
	"/>
</Transform>

<Transform dim="0"
 xcoef=" 0 1 0 0 0 0"
 ycoef=" 0 0 1 0 0 0">
<Contour name="d02" hidden="false" closed="true" simplified="true" border="0 0.251 0.502" fill="0.5 0 1" mode="11"
 points="5.35569 4.67366,
	5.37543 4.61623,
	5.38261 4.58751,
	5.39338 4.5588,
	5.41492 4.53008,
	5.42569 4.51752,
	5.44004 4.50675,
	5.4544 4.49957,
	5.51184 4.48162,
	5.5262 4.47085,
	5.55312 4.44393,
	5.56748 4.43675,
	5.59619 4.43137,
	5.62491 4.43855,
	5.63927 4.44393,
	5.6967 4.44572,
	5.71106 4.44572,
	5.72542 4.44214,
	5.73978 4.43316,
	5.75414 4.42957,
	5.81157 4.42778,
	5.869 4.40983,
	5.89772 4.40265,
	5.91208 4.39726,
	5.94079 4.39547,
	5.96951 4.39726,
	5.98387 4.39726,
	6.0413 4.37752,
	6.05566 4.37214,
	6.07002 4.36137,
	6.06823 4.33265,
	6.06823 4.32547,
	6.0431 4.29676,
	6.02695 4.26804,
	6.02336 4.25368,
	6.009 4.24471,
	5.99464 4.23214,
	5.98746 4.21778,
	5.98566 4.20343,
	5.98746 4.18907,
	5.99823 4.17471,
	6.01259 4.16753,
	6.02695 4.17112,
	6.0413 4.16933,
	6.09874 4.13702,
	6.12745 4.11907,
	6.15617 4.10651,
	6.18489 4.09933,
	6.24232 4.09753,
	6.27104 4.1101,
	6.27822 4.11369,
	6.28899 4.12804,
	6.29976 4.15676,
	6.30514 4.17112,
	6.30693 4.18548,
	6.28001 4.2142,
	6.26027 4.24291,
	6.26027 4.27163,
	6.25847 4.28599,
	6.23694 4.3147,
	6.22437 4.32906,
	6.22617 4.34342,
	6.22796 4.3506,
	6.22796 4.35419,
	6.25668 4.37752,
	6.2854 4.39368,
	6.34283 4.41521,
	6.35719 4.42419,
	6.36616 4.43855,
	6.37155 4.46726,
	6.37155 4.48162,
	6.37514 4.49598,
	6.37873 4.50316,
	6.40744 4.53008,
	6.4218 4.54085,
	6.4559 4.59828,
	6.47026 4.61264,
	6.48462 4.61982,
	6.49898 4.63059,
	6.50795 4.64495,
	6.50975 4.65213,
	6.48462 4.70956,
	6.47924 4.72392,
	6.47744 4.78135,
	6.47924 4.79571,
	6.4918 4.82443,
	6.50795 4.85314,
	6.50616 4.88186,
	6.50436 4.89622,
	6.4918 4.90878,
	6.48462 4.91596,
	6.4559 4.92853,
	6.39847 4.9393,
	6.36975 4.94647,
	6.34104 4.95904,
	6.32668 4.96442,
	6.26924 4.96622,
	6.24053 4.96801,
	6.18309 4.98058,
	6.15438 4.98955,
	6.09694 4.99852,
	6.03951 4.99852,
	6.01079 4.99852,
	5.98208 5.0075,
	5.95336 5.00929,
	5.89592 5.0075,
	5.86721 5.00929,
	5.85285 5.01288,
	5.84567 5.01288,
	5.83131 5.02006,
	5.81695 5.03083,
	5.80259 5.03801,
	5.77388 5.0416,
	5.75952 5.0398,
	5.75234 5.03801,
	5.73798 5.02904,
	5.7308 5.02545,
	5.67337 5.02006,
	5.61594 5.02186,
	5.58722 5.02006,
	5.57286 5.01468,
	5.51543 5.00929,
	5.48671 4.99673,
	5.47235 4.99852,
	5.45799 4.99673,
	5.43287 4.96981,
	5.4203 4.95545,
	5.41312 4.94827,
	5.40774 4.93391,
	5.40415 4.92673,
	5.38979 4.81186,
	5.3862 4.78315,
	5.3862 4.76879,
	5.36646 4.71136,
	5.35928 4.697,
	5.35569 4.68982,
	5.35569 4.67546,
	"/>
</Transform>

<Transform dim="0"
 xcoef=" 0 1 0 0 0 0"
 ycoef=" 0 0 1 0 0 0">
<Contour name="d02" hidden="false" closed="true" simplified="true" border="0 0.251 0.502" fill="0.5 0 1" mode="11"
 points="6.65692 3.84088,
	6.66589 3.82652,
	6.66948 3.81934,
	6.68384 3.80857,
	6.71256 3.79601,
	6.72692 3.79062,
	6.75563 3.79242,
	6.76999 3.79601,
	6.78435 3.79601,
	6.79871 3.79242,
	6.81307 3.79242,
	6.84179 3.80319,
	6.8705 3.82652,
	6.92794 3.86062,
	6.95665 3.88036,
	6.96922 3.89293,
	6.9764 3.90728,
	6.9764 3.92164,
	6.97101 3.936,
	6.96922 3.94318,
	6.95665 3.95574,
	6.94947 3.96113,
	6.92076 3.96651,
	6.89204 3.98267,
	6.86332 4.00779,
	6.85614 4.01497,
	6.82743 4.03113,
	6.79871 4.03651,
	6.76999 4.03471,
	6.75563 4.03113,
	6.74846 4.02754,
	6.7341 4.01318,
	6.72333 3.99882,
	6.70897 3.98446,
	6.68025 3.96831,
	6.67307 3.96651,
	6.66589 3.96113,
	6.66051 3.93241,
	6.66051 3.90369,
	6.6641 3.87498,
	6.66051 3.86062,
	6.65692 3.85344,
	6.65692 3.84626,
	6.65692 3.84267,
	"/>
</Transform>

<Transform dim="0"
 xcoef=" 0 1 0 0 0 0"
 ycoef=" 0 0 1 0 0 0">
<Contour name="d02p25" hidden="false" closed="true" simplified="false" border="1 1 0" fill="1 1 0" mode="-9"
 points="6.18652 4.46395,
	6.18652 4.42088,
	6.14345 4.42088,
	6.14345 4.45857,
	6.13807 4.46395,
	6.13807 4.4155,
	6.1919 4.4155,
	6.1919 4.46933,
	6.13807 4.46933,
	6.14345 4.46395,
	"/>
</Transform>

<Transform dim="0"
 xcoef=" 0 1 0 0 0 0"
 ycoef=" 0 0 1 0 0 0">
<Contour name="d02p26" hidden="false" closed="true" simplified="false" border="0 0 1" fill="0 0 1" mode="-9"
 points="5.59439 4.51509,
	5.57555 4.49625,
	5.59439 4.47741,
	5.61323 4.49625,
	"/>
</Transform>

<Transform dim="0"
 xcoef=" 0 1 0 0 0 0"
 ycoef=" 0 0 1 0 0 0">
<Contour name="d02c23" hidden="false" closed="true" simplified="true" border="1 0 0" fill="1 0 0" mode="-11"
 points="5.43896 3.99503,
	5.44588 3.97658,
	5.47356 3.93967,
	5.4874 3.92122,
	5.52892 3.84741,
	5.55199 3.8105,
	5.58197 3.7759,
	5.60043 3.75976,
	5.60965 3.75976,
	5.61888 3.76898,
	5.6258 3.78744,
	5.6281 3.82434,
	5.61426 3.86125,
	5.59351 3.89815,
	5.56813 3.93506,
	5.52431 4.00887,
	5.51277 4.02732,
	5.49432 4.04116,
	5.47587 4.04347,
	5.45742 4.04116,
	5.44819 4.03655,
	5.44127 4.02732,
	5.43896 4.00887,
	5.43896 3.99964,
	5.43896 3.99734,
	"/>
</Transform>

<Transform dim="0"
 xcoef=" 0 1 0 0 0 0"
 ycoef=" 0 0 1 0 0 0">
<Contour name="d02cfa23" hidden="false" closed="false" simplified="false" border="0 1 0.25098" fill="0 1 0" mode="11"
 points="5.44231 4.02256,
	5.46538 4.00872,
	5.49306 3.98796,
	5.5092 3.96259,
	5.52996 3.92338,
	5.54841 3.88878,
	5.57609 3.8265,
	5.60839 3.76653,
	"/>
</Transform>

<Transform dim="0"
 xcoef=" 0 1 0 0 0 0"
 ycoef=" 0 0 1 0 0 0">
<Contour name="d03" hidden="false" closed="true" simplified="true" border="1 0 0.5" fill="1 0 0.5" mode="-11"
 points="3.03311 4.80314,
	3.04023 4.78036,
	3.04308 4.76897,
	3.04878 4.75758,
	3.06729 4.73622,
	3.07868 4.72625,
	3.10147 4.71058,
	3.12425 4.71058,
	3.12995 4.71201,
	3.13279 4.71201,
	3.14276 4.72198,
	3.14561 4.72767,
	3.14846 4.75046,
	3.15273 4.76185,
	3.15273 4.7647,
	3.16127 4.77609,
	3.17267 4.78321,
	3.17836 4.78606,
	3.18833 4.79745,
	3.20257 4.82023,
	3.21111 4.83162,
	3.22251 4.84302,
	3.22963 4.85441,
	3.23105 4.8601,
	3.2282 4.8715,
	3.22251 4.87719,
	3.19972 4.88431,
	3.15415 4.89143,
	3.13137 4.89143,
	3.11998 4.89143,
	3.09719 4.88431,
	3.07441 4.8715,
	3.06444 4.86295,
	3.04308 4.84017,
	3.03596 4.82878,
	3.03311 4.82308,
	3.03311 4.81169,
	3.03311 4.80599,
	3.03311 4.80457,
	"/>
</Transform>

<Transform dim="0"
 xcoef=" 0 1 0 0 0 0"
 ycoef=" 0 0 1 0 0 0">
<Contour name="d03" hidden="false" closed="true" simplified="true" border="1 0 0.5" fill="1 0 0.5" mode="-11"
 points="1.96796 4.67071,
	1.97224 4.64793,
	1.97366 4.63654,
	1.97224 4.62514,
	1.9822 4.61518,
	1.9936 4.60948,
	2.00356 4.59809,
	2.00926 4.59239,
	2.02065 4.58812,
	2.02635 4.58527,
	2.04913 4.581,
	2.07192 4.57103,
	2.08331 4.56676,
	2.10609 4.56534,
	2.11748 4.56961,
	2.1246 4.57958,
	2.12603 4.59097,
	2.1303 4.60236,
	2.13315 4.60806,
	2.13172 4.63084,
	2.11891 4.65362,
	2.11036 4.66502,
	2.06622 4.70916,
	2.05483 4.71628,
	2.04344 4.72055,
	2.03204 4.72055,
	2.02065 4.7177,
	2.01068 4.70631,
	1.99929 4.69777,
	1.9936 4.6935,
	1.9822 4.68922,
	1.97081 4.6821,
	1.96796 4.67641,
	1.96796 4.67214,
	"/>
</Transform>

<Transform dim="0"
 xcoef=" 0 1 0 0 0 0"
 ycoef=" 0 0 1 0 0 0">
<Contour name="d03" hidden="false" closed="true" simplified="true" border="1 0 0.5" fill="1 0 0.5" mode="-11"
 points="1.3473 5.26912,
	1.35663 5.25845,
	1.3673 5.25178,
	1.37531 5.24111,
	1.39265 5.19842,
	1.40199 5.17708,
	1.40599 5.16641,
	1.40599 5.14507,
	1.40332 5.12372,
	1.40332 5.11839,
	1.39932 5.10772,
	1.39799 5.09704,
	1.40466 5.08771,
	1.426 5.07437,
	1.44734 5.05703,
	1.45801 5.04769,
	1.46335 5.04369,
	1.47402 5.04102,
	1.49536 5.04235,
	1.51671 5.04635,
	1.52738 5.04902,
	1.54872 5.04769,
	1.55939 5.04102,
	1.56473 5.03568,
	1.57007 5.02501,
	1.57273 5.01434,
	1.58207 5.00367,
	1.60341 4.99166,
	1.61409 4.98366,
	1.62342 4.97299,
	1.6421 4.9303,
	1.6461 4.91963,
	1.65277 4.90896,
	1.69546 4.90629,
	1.7168 4.90229,
	1.73814 4.89562,
	1.74882 4.89428,
	1.75949 4.89028,
	1.80217 4.89028,
	1.84486 4.88628,
	1.88755 4.88895,
	1.90889 4.89428,
	1.93023 4.89562,
	1.95158 4.89428,
	1.97292 4.89028,
	2.05829 4.86093,
	2.07964 4.86227,
	2.10098 4.8676,
	2.12232 4.87694,
	2.14367 4.87828,
	2.16501 4.87427,
	2.17568 4.87027,
	2.18102 4.8676,
	2.19169 4.86627,
	2.21303 4.86894,
	2.2237 4.86894,
	2.24505 4.87561,
	2.28773 4.89295,
	2.30908 4.89828,
	2.31441 4.90095,
	2.33175 4.9223,
	2.33709 4.93297,
	2.34509 4.94364,
	2.3491 4.95431,
	2.35043 4.97565,
	2.3491 4.98633,
	2.34776 4.99166,
	2.35176 5.00233,
	2.35843 5.013,
	2.36777 5.02368,
	2.38111 5.04502,
	2.39845 5.06636,
	2.40512 5.0757,
	2.40646 5.09704,
	2.40512 5.10772,
	2.39979 5.11839,
	2.39178 5.12906,
	2.38244 5.1504,
	2.37978 5.16107,
	2.37844 5.16641,
	2.38111 5.18775,
	2.37978 5.19842,
	2.37044 5.21977,
	2.36644 5.24111,
	2.36644 5.25178,
	2.36244 5.26245,
	2.35443 5.27313,
	2.34376 5.28246,
	2.32242 5.29314,
	2.30107 5.29847,
	2.27973 5.31048,
	2.27439 5.31448,
	2.26772 5.32515,
	2.25705 5.33449,
	2.23571 5.34783,
	2.22504 5.35316,
	2.20503 5.3705,
	2.19702 5.38118,
	2.19302 5.38651,
	2.18902 5.40786,
	2.19302 5.4292,
	2.19169 5.45054,
	2.19035 5.46121,
	2.19035 5.46655,
	2.18102 5.47589,
	2.17568 5.47856,
	2.15434 5.48256,
	2.13299 5.49189,
	2.11165 5.5039,
	2.09031 5.51857,
	2.06896 5.52791,
	2.04762 5.52658,
	2.02628 5.52791,
	1.98359 5.54659,
	1.94091 5.57593,
	1.93023 5.58127,
	1.88755 5.59461,
	1.8662 5.59728,
	1.85553 5.59861,
	1.8502 5.59861,
	1.82885 5.60795,
	1.81818 5.61328,
	1.79684 5.61595,
	1.78617 5.61462,
	1.76482 5.60528,
	1.75949 5.60395,
	1.73814 5.60661,
	1.7168 5.61195,
	1.70613 5.61462,
	1.62076 5.61862,
	1.59941 5.61862,
	1.57807 5.62662,
	1.55673 5.64263,
	1.54605 5.65197,
	1.53271 5.67331,
	1.51137 5.68665,
	1.50203 5.69732,
	1.4967 5.708,
	1.4927 5.71333,
	1.47135 5.716,
	1.46068 5.71467,
	1.45001 5.70933,
	1.44201 5.69866,
	1.43667 5.68799,
	1.43534 5.67731,
	1.438 5.65597,
	1.44334 5.63463,
	1.44467 5.61328,
	1.44334 5.60795,
	1.42466 5.58927,
	1.41666 5.5786,
	1.41266 5.57327,
	1.40332 5.53058,
	1.40199 5.48789,
	1.40065 5.47722,
	1.39132 5.46788,
	1.38865 5.46522,
	1.3673 5.46788,
	1.36464 5.46788,
	1.3633 5.44654,
	1.37798 5.40385,
	1.38331 5.39318,
	1.38198 5.37184,
	1.37664 5.3505,
	1.3593 5.30781,
	1.34996 5.28647,
	1.3473 5.27579,
	1.3473 5.27046,
	"/>
</Transform>

<Transform dim="0"
 xcoef=" 0 1 0 0 0 0"
 ycoef=" 0 0 1 0 0 0">
<Contour name="d03" hidden="false" closed="true" simplified="true" border="1 0 0.5" fill="1 0 0.5" mode="-11"
 points="1.44601 6.18155,
	1.45001 6.16021,
	1.45401 6.15487,
	1.45668 6.15354,
	1.46202 6.15487,
	1.47269 6.16421,
	1.49403 6.17488,
	1.51537 6.18288,
	1.52605 6.18955,
	1.54739 6.19756,
	1.59007 6.20556,
	1.63276 6.22023,
	1.63543 6.2229,
	1.6461 6.2269,
	1.65677 6.23357,
	1.66744 6.24425,
	1.68078 6.26559,
	1.69012 6.27626,
	1.7048 6.2976,
	1.70613 6.31895,
	1.7048 6.32428,
	1.69412 6.32562,
	1.65144 6.31761,
	1.63009 6.31094,
	1.61942 6.30694,
	1.61675 6.30427,
	1.60608 6.30294,
	1.60075 6.30027,
	1.5794 6.29894,
	1.56873 6.29627,
	1.55806 6.28827,
	1.51537 6.26959,
	1.5047 6.26559,
	1.50203 6.26559,
	1.49136 6.25625,
	1.48336 6.24558,
	1.47936 6.23491,
	1.47802 6.22957,
	1.46468 6.20823,
	1.45535 6.19889,
	1.44868 6.18822,
	1.44601 6.18288,
	"/>
</Transform>

<Transform dim="0"
 xcoef=" 0 1 0 0 0 0"
 ycoef=" 0 0 1 0 0 0">
<Contour name="d03" hidden="false" closed="true" simplified="true" border="1 0 0.5" fill="1 0 0.5" mode="-11"
 points="0.52958 5.74668,
	0.537584 5.72534,
	0.562929 5.68265,
	0.576269 5.66131,
	0.596278 5.6413,
	0.61362 5.62262,
	0.629627 5.60128,
	0.642967 5.57994,
	0.645634 5.5746,
	0.656306 5.56393,
	0.666978 5.55592,
	0.672314 5.55059,
	0.678983 5.53992,
	0.688321 5.52925,
	0.692323 5.52391,
	0.702995 5.51857,
	0.724338 5.51457,
	0.745681 5.51857,
	0.756353 5.51991,
	0.761689 5.52524,
	0.767024 5.52791,
	0.777696 5.53858,
	0.7857 5.54925,
	0.791036 5.55993,
	0.809711 5.57727,
	0.815047 5.58127,
	0.817715 5.58127,
	0.839058 5.59461,
	0.848396 5.60528,
	0.855065 5.61595,
	0.859067 5.6373,
	0.857733 5.64797,
	0.853731 5.65864,
	0.845728 5.66931,
	0.824384 5.68665,
	0.781698 5.712,
	0.739011 5.73201,
	0.717668 5.74801,
	0.696325 5.76002,
	0.693657 5.76269,
	0.690989 5.76269,
	0.688321 5.76536,
	0.666978 5.77336,
	0.656306 5.77603,
	0.65097 5.7787,
	0.629627 5.7827,
	0.608284 5.78403,
	0.58694 5.7827,
	0.565597 5.7787,
	0.560261 5.7787,
	0.538918 5.76802,
	0.533582 5.76536,
	0.52958 5.75468,
	0.52958 5.74935,
	0.52958 5.74801,
	"/>
</Transform>

<Transform dim="0"
 xcoef=" 0 1 0 0 0 0"
 ycoef=" 0 0 1 0 0 0">
<Contour name="d03p24" hidden="false" closed="true" simplified="false" border="0 0.251 0.502" fill="1 0 0" mode="-9"
 points="1.49389 5.58053,
	1.51344 5.55315,
	1.49389 5.52578,
	1.50562 5.52578,
	1.52127 5.54924,
	1.53691 5.52578,
	1.54864 5.52578,
	1.52909 5.55315,
	1.54864 5.58053,
	1.53691 5.58053,
	1.52127 5.55706,
	1.50562 5.58053,
	"/>
</Transform>

<Transform dim="0"
 xcoef=" 0 1 0 0 0 0"
 ycoef=" 0 0 1 0 0 0">
<Contour name="Ax01" hidden="false" closed="true" simplified="true" border="1 0.501961 0" fill="1 0 0" mode="-11"
 points="5.15539 4.5434,
	5.19704 4.49855,
	5.21626 4.47932,
	5.2419 4.46651,
	5.26753 4.4633,
	5.28035 4.4633,
	5.30277 4.48573,
	5.29957 4.51136,
	5.27714 4.56263,
	5.27073 4.57545,
	5.22267 4.60749,
	5.20986 4.61389,
	5.18422 4.61069,
	5.17141 4.60749,
	5.16179 4.59787,
	5.15539 4.54661,
	"/>
</Transform>

<Transform dim="0"
 xcoef=" 0 1 0 0 0 0"
 ycoef=" 0 0 1 0 0 0">
<Contour name="Ax02" hidden="false" closed="true" simplified="true" border="0.501961 0 1" fill="0.5 0 1" mode="11"
 points="7.62494 5.53376,
	7.64325 5.50446,
	7.65424 5.49347,
	7.66522 5.46417,
	7.69452 5.43854,
	7.72382 5.42023,
	7.73847 5.4129,
	7.76777 5.4129,
	7.79707 5.42389,
	7.81538 5.43854,
	7.81538 5.44586,
	7.83369 5.47516,
	7.84468 5.48981,
	7.85567 5.54841,
	7.852 5.607,
	7.83735 5.62165,
	7.80806 5.62898,
	7.74946 5.62532,
	7.69086 5.59968,
	7.68354 5.59968,
	7.65424 5.58137,
	7.6286 5.55573,
	7.62494 5.54108,
	7.62494 5.53742,
	"/>
</Transform>

<Transform dim="0"
 xcoef=" 0 1 0 0 0 0"
 ycoef=" 0 0 1 0 0 0">
<Contour name="Ax06" hidden="false" closed="true" simplified="true" border="0 0 1" fill="0 0 1" mode="-11"
 points="3.81261 6.91271,
	3.82199 6.9002,
	3.83449 6.89395,
	3.85949 6.89395,
	3.87199 6.89083,
	3.89699 6.8752,
	3.94699 6.85958,
	3.99699 6.86583,
	4.01574 6.89083,
	4.02199 6.89395,
	4.01887 6.91896,
	4.01262 6.93146,
	3.99074 6.95021,
	3.97512 6.97208,
	3.96574 6.98458,
	3.94074 6.99396,
	3.84074 6.99083,
	3.81886 6.97521,
	3.81261 6.96271,
	3.81261 6.95021,
	3.81261 6.94396,
	3.81886 6.93771,
	3.81886 6.92521,
	3.81261 6.91896,
	3.81261 6.91583,
	"/>
</Transform>

<Transform dim="0"
 xcoef=" 0 1 0 0 0 0"
 ycoef=" 0 0 1 0 0 0">
<Contour name="d06" hidden="false" closed="true" simplified="true" border="0 0 1" fill="0 0 1" mode="11"
 points="3.25378 0.914495,
	3.26641 0.894285,
	3.27904 0.881654,
	3.2841 0.881654,
	3.29673 0.84376,
	3.33715 0.841234,
	3.34725 0.841234,
	3.38767 0.858918,
	3.40788 0.869023,
	3.4483 0.871549,
	3.52914 0.848813,
	3.54935 0.84376,
	3.58977 0.826077,
	3.60998 0.815972,
	3.62009 0.810919,
	3.62514 0.810919,
	3.63019 0.805867,
	3.66808 0.788183,
	3.67819 0.783131,
	3.68829 0.773026,
	3.69335 0.773026,
	3.71356 0.757868,
	3.73377 0.747764,
	3.74387 0.740185,
	3.75398 0.737659,
	3.78934 0.70987,
	3.80703 0.692187,
	3.81713 0.684608,
	3.82218 0.684608,
	3.82724 0.679555,
	3.84745 0.674503,
	3.85755 0.66945,
	3.87776 0.666924,
	3.91818 0.644188,
	3.92323 0.639136,
	3.93334 0.639136,
	3.93839 0.639136,
	3.94849 0.646714,
	3.94597 0.687134,
	3.93839 0.727554,
	3.93839 0.737659,
	3.93334 0.747764,
	3.93334 0.757868,
	3.94849 0.798288,
	3.95102 0.808393,
	3.94597 0.818498,
	3.96113 0.836182,
	3.96113 0.841234,
	3.97628 0.858918,
	3.98134 0.879127,
	3.98134 0.919547,
	3.98134 0.939757,
	3.98134 0.944809,
	3.97628 0.949862,
	3.97123 0.970072,
	3.95607 0.985229,
	3.93586 1.00039,
	3.92576 1.00291,
	3.92071 1.00797,
	3.9106 1.01049,
	3.9005 1.01807,
	3.89039 1.0206,
	3.87271 1.03828,
	3.86008 1.05596,
	3.82218 1.08375,
	3.80197 1.09386,
	3.76155 1.09386,
	3.72113 1.0787,
	3.70092 1.07112,
	3.68071 1.07112,
	3.6605 1.06354,
	3.64282 1.04586,
	3.63019 1.02565,
	3.5923 0.99786,
	3.57209 0.987755,
	3.41041 0.985229,
	3.36999 0.980177,
	3.28915 0.957441,
	3.26894 0.952388,
	3.25883 0.944809,
	3.25378 0.934704,
	3.25378 0.917021,
	"/>
<Contour name="d06" hidden="false" closed="true" simplified="true" border="0 0 1" fill="0 0 1" mode="11"
 points="3.91818 1.78099,
	3.93081 1.76331,
	3.93586 1.7532,
	3.95355 1.73299,
	3.99397 1.7052,
	4.00407 1.70015,
	4.00912 1.6951,
	4.01165 1.68499,
	4.03186 1.67236,
	4.05207 1.66731,
	4.07228 1.66731,
	4.15312 1.6951,
	4.17333 1.70268,
	4.21375 1.7052,
	4.23396 1.71278,
	4.23901 1.71278,
	4.24406 1.71784,
	4.28448 1.73047,
	4.3249 1.73047,
	4.34511 1.73299,
	4.38553 1.74562,
	4.40574 1.7532,
	4.42343 1.76583,
	4.44364 1.77089,
	4.44869 1.77594,
	4.4689 1.77846,
	4.48911 1.78604,
	4.49921 1.7911,
	4.51437 1.80878,
	4.5169 1.82899,
	4.51437 1.8492,
	4.50932 1.8593,
	4.50932 1.86436,
	4.50426 1.86688,
	4.49669 1.88709,
	4.49669 1.9073,
	4.49669 1.91741,
	4.50426 1.92751,
	4.50426 1.93256,
	4.51437 1.94267,
	4.52195 1.96288,
	4.52195 2.0033,
	4.5169 2.02351,
	4.50174 2.04372,
	4.49416 2.05382,
	4.48406 2.09424,
	4.48406 2.0993,
	4.47395 2.10687,
	4.43353 2.11698,
	4.41332 2.11698,
	4.3729 2.13466,
	4.29459 2.18771,
	4.27438 2.19024,
	4.25417 2.18771,
	4.21375 2.19529,
	4.17333 2.19529,
	4.15312 2.18266,
	4.13291 2.17508,
	4.1228 2.17256,
	4.11775 2.17256,
	4.11017 2.16498,
	4.10259 2.14477,
	4.09502 2.13466,
	4.07481 2.12708,
	4.0647 2.12203,
	4.05207 2.10182,
	4.04702 2.09172,
	4.04449 2.08666,
	4.02428 2.08161,
	4.01418 2.07656,
	4.0066 2.05635,
	4.0066 2.01593,
	4.00155 1.99572,
	3.97376 1.95783,
	3.96365 1.93762,
	3.96365 1.93256,
	3.9586 1.93004,
	3.95607 1.91993,
	3.95607 1.91488,
	3.95102 1.90983,
	3.93586 1.86941,
	3.93334 1.8492,
	3.93334 1.83909,
	3.92323 1.82141,
	3.91818 1.81636,
	3.91818 1.79615,
	3.91818 1.78604,
	3.91818 1.78352,
	"/>
</Transform>

<Transform dim="0"
 xcoef=" 0 1 0 0 0 0"
 ycoef=" 0 0 1 0 0 0">
<Contour name="d06cfa11" hidden="false" closed="false" simplified="false" border="0 1 1" fill="0 1 1" mode="-9"
 points="3.79113 0.707394,
	3.68265 0.781362,
	3.57169 0.835606,
	"/>
</Transform>

<Transform dim="0"
 xcoef=" 0 1 0 0 0 0"
 ycoef=" 0 0 1 0 0 0">
<Contour name="d09" hidden="false" closed="true" simplified="true" border="0 1 0" fill="0 1 0" mode="11"
 points="1.11106 2.32623,
	1.11674 2.31108,
	1.1262 2.29594,
	1.14135 2.28269,
	1.16974 2.26566,
	1.18488 2.26376,
	1.24545 2.24294,
	1.27573 2.23727,
	1.29088 2.23159,
	1.31927 2.21266,
	1.32116 2.18238,
	1.32305 2.16723,
	1.32873 2.15966,
	1.33252 2.15588,
	1.34766 2.15209,
	1.35523 2.14831,
	1.4158 2.15209,
	1.42337 2.15398,
	1.45366 2.17291,
	1.46123 2.1748,
	1.46501 2.17859,
	1.48015 2.18238,
	1.4934 2.19184,
	1.50665 2.20698,
	1.53504 2.22969,
	1.54829 2.24105,
	1.56911 2.27134,
	1.57479 2.28648,
	1.59561 2.31487,
	1.60129 2.32055,
	1.60318 2.32812,
	1.60886 2.33569,
	1.61265 2.35083,
	1.61265 2.38112,
	1.60697 2.4114,
	1.60697 2.41897,
	1.59751 2.43412,
	1.58236 2.44736,
	1.5218 2.48333,
	1.51422 2.48901,
	1.51044 2.49279,
	1.50665 2.49279,
	1.49908 2.49847,
	1.49151 2.50036,
	1.48773 2.50415,
	1.45744 2.5174,
	1.4423 2.52497,
	1.43473 2.52875,
	1.43094 2.53254,
	1.42337 2.53443,
	1.4158 2.54011,
	1.40823 2.542,
	1.40634 2.54579,
	1.40255 2.54579,
	1.39498 2.55147,
	1.37984 2.55715,
	1.36469 2.55904,
	1.33441 2.55525,
	1.31927 2.55525,
	1.30413 2.55147,
	1.27384 2.55147,
	1.24356 2.542,
	1.22841 2.53443,
	1.22084 2.53065,
	1.21516 2.52308,
	1.20192 2.51361,
	1.19056 2.49847,
	1.18488 2.48333,
	1.17352 2.46819,
	1.16027 2.45683,
	1.15838 2.44926,
	1.13756 2.42087,
	1.12053 2.39247,
	1.11106 2.36219,
	1.11106 2.3319,
	1.11106 2.32812,
	"/>
</Transform>

<Transform dim="0"
 xcoef=" 0 1 0 0 0 0"
 ycoef=" 0 0 1 0 0 0">
<Contour name="d09c12" hidden="false" closed="true" simplified="true" border="0 1 0.251" fill="0 1 0" mode="-9"
 points="1.83273 3.38227,
	1.84179 3.36415,
	1.85538 3.34829,
	1.87124 3.33923,
	1.8803 3.3347,
	1.89842 3.33243,
	1.90748 3.33017,
	1.91202 3.32564,
	1.93014 3.32111,
	1.94826 3.31204,
	1.98451 3.30525,
	2.057 3.30298,
	2.09325 3.30072,
	2.11137 3.30072,
	2.12723 3.29166,
	2.13629 3.29166,
	2.17254 3.28033,
	2.19066 3.28033,
	2.19972 3.28033,
	2.20879 3.28713,
	2.20879 3.30525,
	2.20879 3.31431,
	2.20199 3.32111,
	2.16574 3.33017,
	2.14762 3.33696,
	2.13856 3.34376,
	2.12043 3.34603,
	2.08419 3.35962,
	1.9392 3.37548,
	1.90295 3.39133,
	1.8871 3.40266,
	1.87803 3.40719,
	1.8735 3.41172,
	1.85538 3.41172,
	1.84632 3.40946,
	1.83726 3.40266,
	1.83273 3.4004,
	1.83273 3.38454,
	"/>
</Transform>

<Transform dim="0"
 xcoef=" 0 1 0 0 0 0"
 ycoef=" 0 0 1 0 0 0">
<Contour name="d09" hidden="false" closed="true" simplified="true" border="0 1 0" fill="0 1 0" mode="11"
 points="1.55965 2.85621,
	1.56911 2.84296,
	1.57858 2.81267,
	1.58236 2.79753,
	1.58994 2.78239,
	1.59561 2.77482,
	1.5994 2.77292,
	1.60886 2.74264,
	1.61454 2.71235,
	1.61833 2.69721,
	1.61833 2.69343,
	1.63158 2.68207,
	1.66186 2.68018,
	1.69215 2.68585,
	1.70729 2.68964,
	1.71107 2.69343,
	1.71864 2.69532,
	1.72243 2.69532,
	1.72622 2.6991,
	1.7565 2.70857,
	1.77164 2.71235,
	1.77921 2.71425,
	1.80571 2.73885,
	1.81328 2.74264,
	1.87385 2.74832,
	1.93442 2.75778,
	1.94767 2.77103,
	1.97796 2.78996,
	1.98553 2.79374,
	1.98931 2.79374,
	1.99688 2.80131,
	2.01203 2.81078,
	2.04231 2.82213,
	2.04988 2.82592,
	2.0707 2.85431,
	2.08206 2.86567,
	2.08584 2.87324,
	2.08584 2.87703,
	2.10856 2.90542,
	2.11234 2.9092,
	2.11613 2.92435,
	2.12938 2.93381,
	2.13695 2.93949,
	2.15209 2.94517,
	2.15966 2.94706,
	2.18805 2.96788,
	2.19941 2.97924,
	2.21455 3.00763,
	2.22591 3.02277,
	2.22591 3.02656,
	2.23916 3.0398,
	2.24484 3.04359,
	2.27323 3.07198,
	2.28648 3.08145,
	2.29026 3.08712,
	2.30541 3.0947,
	2.32055 3.09659,
	2.33569 3.10227,
	2.35083 3.11173,
	2.37355 3.14012,
	2.39058 3.17041,
	2.39247 3.18555,
	2.3868 3.20069,
	2.3849 3.20826,
	2.38112 3.21205,
	2.37544 3.22719,
	2.36597 3.24044,
	2.35083 3.2518,
	2.34326 3.25558,
	2.3338 3.27072,
	2.3338 3.27451,
	2.32055 3.28776,
	2.30541 3.29154,
	2.24484 3.29344,
	2.21455 3.29344,
	2.18427 3.29912,
	2.15588 3.31236,
	2.12559 3.3294,
	2.11045 3.33319,
	2.04988 3.33319,
	2.03474 3.33319,
	1.97417 3.35022,
	1.94389 3.3559,
	1.92874 3.35779,
	1.9136 3.36347,
	1.89846 3.36536,
	1.89089 3.36915,
	1.8871 3.36915,
	1.87196 3.37861,
	1.86439 3.38429,
	1.8606 3.38429,
	1.836 3.4089,
	1.82464 3.42215,
	1.82085 3.42972,
	1.79436 3.45811,
	1.76407 3.47514,
	1.73379 3.47704,
	1.71864 3.47704,
	1.7035 3.47136,
	1.68836 3.46,
	1.6789 3.44865,
	1.66754 3.4335,
	1.65997 3.41836,
	1.65429 3.38808,
	1.63347 3.32751,
	1.63158 3.31994,
	1.63158 3.31615,
	1.62779 3.31236,
	1.62779 3.30479,
	1.61454 3.27451,
	1.60886 3.26694,
	1.60697 3.25937,
	1.59561 3.24612,
	1.58994 3.23098,
	1.59183 3.17041,
	1.59183 3.14012,
	1.59183 3.12498,
	1.58804 3.10984,
	1.58804 3.10227,
	1.58426 3.10037,
	1.57101 3.07009,
	1.56911 3.05495,
	1.56911 3.04738,
	1.58236 3.01898,
	1.59183 2.9887,
	1.59183 2.95842,
	1.58615 2.92813,
	1.56533 2.89974,
	1.55965 2.89406,
	1.55965 2.86378,
	1.55965 2.8581,
	"/>
</Transform>

<Transform dim="0"
 xcoef=" 0 1 0 0 0 0"
 ycoef=" 0 0 1 0 0 0">
<Contour name="d09cfa12" hidden="false" closed="false" simplified="false" border="0 1 1" fill="0 1 1" mode="-9"
 points="2.20688 3.29509,
	2.15025 3.31095,
	2.10947 3.32454,
	2.04151 3.32907,
	1.97807 3.3404,
	1.88519 3.37212,
	1.83309 3.40157,
	"/>
</Transform>

<Transform dim="0"
 xcoef=" 0 1 0 0 0 0"
 ycoef=" 0 0 1 0 0 0">
<Contour name="d06ax11" hidden="false" closed="true" simplified="true" border="0 1 1" fill="0 1 1" mode="-11"
 points="3.11942 0.508488,
	3.12175 0.499201,
	3.12987 0.489913,
	3.14729 0.475982,
	3.16586 0.464373,
	3.18444 0.456246,
	3.19372 0.451602,
	3.19837 0.450442,
	3.20069 0.44812,
	3.23784 0.43651,
	3.27499 0.435349,
	3.28428 0.433028,
	3.29356 0.428384,
	3.30169 0.420257,
	3.30517 0.417935,
	3.32026 0.399361,
	3.33884 0.380786,
	3.35741 0.365694,
	3.37599 0.352923,
	3.41314 0.330866,
	3.43171 0.319256,
	3.441 0.313452,
	3.44565 0.312291,
	3.46422 0.301842,
	3.4828 0.294877,
	3.50137 0.292555,
	3.53852 0.292555,
	3.54781 0.292555,
	3.56638 0.285589,
	3.57103 0.282106,
	3.58031 0.278624,
	3.58496 0.275141,
	3.60353 0.267014,
	3.62211 0.26121,
	3.63139 0.258888,
	3.64997 0.258888,
	3.66854 0.256566,
	3.74284 0.260049,
	3.77999 0.262371,
	3.78928 0.262371,
	3.82643 0.271658,
	3.84501 0.275141,
	3.86358 0.283267,
	3.87287 0.289072,
	3.87751 0.291394,
	3.89493 0.309969,
	3.89725 0.312291,
	3.9077 0.34944,
	3.91002 0.358728,
	3.91002 0.395878,
	3.90654 0.414453,
	3.90421 0.42374,
	3.90421 0.442315,
	3.90073 0.479465,
	3.90073 0.488752,
	3.9077 0.525902,
	3.91002 0.53519,
	3.9135 0.539833,
	3.9135 0.558408,
	3.91118 0.567696,
	3.90537 0.576983,
	3.90305 0.581627,
	3.89841 0.586271,
	3.89493 0.595558,
	3.89377 0.604845,
	3.89377 0.609489,
	3.88332 0.628064,
	3.8659 0.644317,
	3.84849 0.658248,
	3.82991 0.668697,
	3.79393 0.702364,
	3.78928 0.707007,
	3.75329 0.731387,
	3.73472 0.740674,
	3.72543 0.744157,
	3.68828 0.769698,
	3.67899 0.775502,
	3.66042 0.790595,
	3.65113 0.796399,
	3.64881 0.796399,
	3.63952 0.803365,
	3.62095 0.812652,
	3.60237 0.818457,
	3.5838 0.818457,
	3.57451 0.818457,
	3.55593 0.824262,
	3.53736 0.835871,
	3.52807 0.840515,
	3.49092 0.849802,
	3.48163 0.850963,
	3.47699 0.853285,
	3.43984 0.856768,
	3.40269 0.855607,
	3.38412 0.852124,
	3.37947 0.850963,
	3.37715 0.848641,
	3.36786 0.845158,
	3.34929 0.832388,
	3.33071 0.817296,
	3.31446 0.798721,
	3.30982 0.789434,
	3.30749 0.770859,
	3.30517 0.761571,
	3.30517 0.759249,
	3.2866 0.751123,
	3.27731 0.74764,
	3.26918 0.741835,
	3.26222 0.732548,
	3.25874 0.723261,
	3.25641 0.718617,
	3.25525 0.709329,
	3.24713 0.703525,
	3.22855 0.695398,
	3.21926 0.688433,
	3.21462 0.683789,
	3.20998 0.674501,
	3.20882 0.655926,
	3.20882 0.646639,
	3.20649 0.641995,
	3.20649 0.639673,
	3.19721 0.631547,
	3.17863 0.625742,
	3.16934 0.621099,
	3.1647 0.616455,
	3.16006 0.607167,
	3.1589 0.588592,
	3.16354 0.570018,
	3.1647 0.551443,
	3.15541 0.546799,
	3.15077 0.545638,
	3.14613 0.542155,
	3.13684 0.539833,
	3.12755 0.534029,
	3.12291 0.529385,
	3.11942 0.520097,
	3.11942 0.51081,
	3.11942 0.509649,
	"/>
</Transform>

<Transform dim="0"
 xcoef=" 0 1 0 0 0 0"
 ycoef=" 0 0 1 0 0 0">
<Contour name="d06ax11ssvr" hidden="false" closed="true" simplified="false" border="0 1 0" fill="0 1 0" mode="11"
 points="3.44663 0.382899,
	3.43652 0.37278,
	3.44663 0.362661,
	3.45675 0.37278,
	"/>
<Contour name="d06ax11ssvr" hidden="false" closed="true" simplified="false" border="0 1 0" fill="0 1 0" mode="11"
 points="3.45531 0.420484,
	3.44519 0.410365,
	3.45531 0.400246,
	3.46543 0.410365,
	"/>
<Contour name="d06ax11ssvr" hidden="false" closed="true" simplified="false" border="0 1 0" fill="0 1 0" mode="11"
 points="3.50012 0.403137,
	3.49 0.393018,
	3.50012 0.382899,
	3.51024 0.393018,
	"/>
<Contour name="d06ax11ssvr" hidden="false" closed="true" simplified="false" border="0 1 0" fill="0 1 0" mode="11"
 points="3.50012 0.445059,
	3.49 0.43494,
	3.50012 0.424821,
	3.51024 0.43494,
	"/>
<Contour name="d06ax11ssvr" hidden="false" closed="true" simplified="false" border="0 1 0" fill="0 1 0" mode="11"
 points="3.55361 0.446504,
	3.54349 0.436385,
	3.55361 0.426266,
	3.56373 0.436385,
	"/>
<Contour name="d06ax11ssvr" hidden="false" closed="true" simplified="false" border="0 1 0" fill="0 1 0" mode="11"
 points="3.55794 0.407474,
	3.54782 0.397355,
	3.55794 0.387236,
	3.56806 0.397355,
	"/>
<Contour name="d06ax11ssvr" hidden="false" closed="true" simplified="false" border="0 1 0" fill="0 1 0" mode="11"
 points="3.59987 0.436385,
	3.58975 0.426266,
	3.59987 0.416147,
	3.60998 0.426266,
	"/>
<Contour name="d06ax11ssvr" hidden="false" closed="true" simplified="false" border="0 1 0" fill="0 1 0" mode="11"
 points="3.59119 0.377117,
	3.58107 0.366998,
	3.59119 0.356879,
	3.60131 0.366998,
	"/>
<Contour name="d06ax11ssvr" hidden="false" closed="true" simplified="false" border="0 1 0" fill="0 1 0" mode="11"
 points="3.65624 0.371334,
	3.64612 0.361215,
	3.65624 0.351096,
	3.66636 0.361215,
	"/>
<Contour name="d06ax11ssvr" hidden="false" closed="true" simplified="false" border="0 1 0" fill="0 1 0" mode="11"
 points="3.64034 0.349651,
	3.63022 0.339532,
	3.64034 0.329413,
	3.65046 0.339532,
	"/>
<Contour name="d06ax11ssvr" hidden="false" closed="true" simplified="false" border="0 1 0" fill="0 1 0" mode="11"
 points="3.69816 0.3988,
	3.68805 0.388681,
	3.69816 0.378562,
	3.70828 0.388681,
	"/>
<Contour name="d06ax11ssvr" hidden="false" closed="true" simplified="false" border="0 1 0" fill="0 1 0" mode="11"
 points="3.65913 0.43494,
	3.64901 0.424821,
	3.65913 0.414702,
	3.66925 0.424821,
	"/>
<Contour name="d06ax11ssvr" hidden="false" closed="true" simplified="false" border="0 1 0" fill="0 1 0" mode="11"
 points="3.67214 0.463851,
	3.66203 0.453732,
	3.67214 0.443613,
	3.68226 0.453732,
	"/>
<Contour name="d06ax11ssvr" hidden="false" closed="true" simplified="false" border="0 1 0" fill="0 1 0" mode="11"
 points="3.63167 0.466742,
	3.62155 0.456623,
	3.63167 0.446504,
	3.64179 0.456623,
	"/>
<Contour name="d06ax11ssvr" hidden="false" closed="true" simplified="false" border="0 1 0" fill="0 1 0" mode="11"
 points="3.59987 0.498545,
	3.58975 0.488426,
	3.59987 0.478307,
	3.60998 0.488426,
	"/>
<Contour name="d06ax11ssvr" hidden="false" closed="true" simplified="false" border="0 1 0" fill="0 1 0" mode="11"
 points="3.64034 0.508664,
	3.63022 0.498545,
	3.64034 0.488426,
	3.65046 0.498545,
	"/>
<Contour name="d06ax11ssvr" hidden="false" closed="true" simplified="false" border="0 1 0" fill="0 1 0" mode="11"
 points="3.7025 0.520229,
	3.69238 0.51011,
	3.7025 0.499991,
	3.71262 0.51011,
	"/>
<Contour name="d06ax11ssvr" hidden="false" closed="true" simplified="false" border="0 1 0" fill="0 1 0" mode="11"
 points="3.75454 0.468188,
	3.74442 0.458069,
	3.75454 0.44795,
	3.76466 0.458069,
	"/>
<Contour name="d06ax11ssvr" hidden="false" closed="true" simplified="false" border="0 1 0" fill="0 1 0" mode="11"
 points="3.51458 0.492763,
	3.50446 0.482644,
	3.51458 0.472525,
	3.5247 0.482644,
	"/>
<Contour name="d06ax11ssvr" hidden="false" closed="true" simplified="false" border="0 1 0" fill="0 1 0" mode="11"
 points="3.44085 0.485535,
	3.43073 0.475416,
	3.44085 0.465297,
	3.45097 0.475416,
	"/>
<Contour name="d06ax11ssvr" hidden="false" closed="true" simplified="false" border="0 1 0" fill="0 1 0" mode="11"
 points="3.39893 0.476861,
	3.38881 0.466742,
	3.39893 0.456623,
	3.40905 0.466742,
	"/>
<Contour name="d06ax11ssvr" hidden="false" closed="true" simplified="false" border="0 1 0" fill="0 1 0" mode="11"
 points="3.40616 0.430603,
	3.39604 0.420484,
	3.40616 0.410365,
	3.41628 0.420484,
	"/>
<Contour name="d06ax11ssvr" hidden="false" closed="true" simplified="false" border="0 1 0" fill="0 1 0" mode="11"
 points="3.37291 0.426266,
	3.36279 0.416147,
	3.37291 0.406028,
	3.38303 0.416147,
	"/>
<Contour name="d06ax11ssvr" hidden="false" closed="true" simplified="false" border="0 1 0" fill="0 1 0" mode="11"
 points="3.36857 0.51011,
	3.35845 0.499991,
	3.36857 0.489872,
	3.37869 0.499991,
	"/>
<Contour name="d06ax11ssvr" hidden="false" closed="true" simplified="false" border="0 1 0" fill="0 1 0" mode="11"
 points="3.31798 0.524565,
	3.30786 0.514446,
	3.31798 0.504327,
	3.3281 0.514446,
	"/>
<Contour name="d06ax11ssvr" hidden="false" closed="true" simplified="false" border="0 1 0" fill="0 1 0" mode="11"
 points="3.30063 0.573715,
	3.29051 0.563596,
	3.30063 0.553477,
	3.31075 0.563596,
	"/>
<Contour name="d06ax11ssvr" hidden="false" closed="true" simplified="false" border="0 1 0" fill="0 1 0" mode="11"
 points="3.29196 0.601181,
	3.28184 0.591062,
	3.29196 0.580943,
	3.30208 0.591062,
	"/>
<Contour name="d06ax11ssvr" hidden="false" closed="true" simplified="false" border="0 1 0" fill="0 1 0" mode="11"
 points="3.34689 0.621419,
	3.33677 0.6113,
	3.34689 0.601181,
	3.35701 0.6113,
	"/>
<Contour name="d06ax11ssvr" hidden="false" closed="true" simplified="false" border="0 1 0" fill="0 1 0" mode="11"
 points="3.39026 0.592507,
	3.38014 0.582388,
	3.39026 0.572269,
	3.40038 0.582388,
	"/>
<Contour name="d06ax11ssvr" hidden="false" closed="true" simplified="false" border="0 1 0" fill="0 1 0" mode="11"
 points="3.40182 0.552031,
	3.3917 0.541912,
	3.40182 0.531793,
	3.41194 0.541912,
	"/>
<Contour name="d06ax11ssvr" hidden="false" closed="true" simplified="false" border="0 1 0" fill="0 1 0" mode="11"
 points="3.44374 0.576606,
	3.43362 0.566487,
	3.44374 0.556368,
	3.45386 0.566487,
	"/>
<Contour name="d06ax11ssvr" hidden="false" closed="true" simplified="false" border="0 1 0" fill="0 1 0" mode="11"
 points="3.44808 0.6113,
	3.43796 0.601181,
	3.44808 0.591062,
	3.4582 0.601181,
	"/>
<Contour name="d06ax11ssvr" hidden="false" closed="true" simplified="false" border="0 1 0" fill="0 1 0" mode="11"
 points="3.48422 0.592507,
	3.4741 0.582388,
	3.48422 0.572269,
	3.49434 0.582388,
	"/>
<Contour name="d06ax11ssvr" hidden="false" closed="true" simplified="false" border="0 1 0" fill="0 1 0" mode="11"
 points="3.49723 0.543358,
	3.48711 0.533239,
	3.49723 0.52312,
	3.50735 0.533239,
	"/>
<Contour name="d06ax11ssvr" hidden="false" closed="true" simplified="false" border="0 1 0" fill="0 1 0" mode="11"
 points="3.44519 0.533239,
	3.43507 0.52312,
	3.44519 0.513001,
	3.45531 0.52312,
	"/>
<Contour name="d06ax11ssvr" hidden="false" closed="true" simplified="false" border="0 1 0" fill="0 1 0" mode="11"
 points="3.52903 0.608409,
	3.51891 0.59829,
	3.52903 0.588171,
	3.53915 0.59829,
	"/>
<Contour name="d06ax11ssvr" hidden="false" closed="true" simplified="false" border="0 1 0" fill="0 1 0" mode="11"
 points="3.49434 0.645994,
	3.48422 0.635875,
	3.49434 0.625756,
	3.50446 0.635875,
	"/>
<Contour name="d06ax11ssvr" hidden="false" closed="true" simplified="false" border="0 1 0" fill="0 1 0" mode="11"
 points="3.52614 0.682133,
	3.51602 0.672014,
	3.52614 0.661895,
	3.53626 0.672014,
	"/>
<Contour name="d06ax11ssvr" hidden="false" closed="true" simplified="false" border="0 1 0" fill="0 1 0" mode="11"
 points="3.47265 0.685024,
	3.46254 0.674905,
	3.47265 0.664786,
	3.48277 0.674905,
	"/>
<Contour name="d06ax11ssvr" hidden="false" closed="true" simplified="false" border="0 1 0" fill="0 1 0" mode="11"
 points="3.44519 0.659004,
	3.43507 0.648885,
	3.44519 0.638766,
	3.45531 0.648885,
	"/>
<Contour name="d06ax11ssvr" hidden="false" closed="true" simplified="false" border="0 1 0" fill="0 1 0" mode="11"
 points="3.50012 0.7255,
	3.49 0.715381,
	3.50012 0.705262,
	3.51024 0.715381,
	"/>
<Contour name="d06ax11ssvr" hidden="false" closed="true" simplified="false" border="0 1 0" fill="0 1 0" mode="11"
 points="3.50157 0.771759,
	3.49145 0.76164,
	3.50157 0.75152,
	3.51169 0.76164,
	"/>
<Contour name="d06ax11ssvr" hidden="false" closed="true" simplified="false" border="0 1 0" fill="0 1 0" mode="11"
 points="3.45386 0.760194,
	3.44374 0.750075,
	3.45386 0.739956,
	3.46398 0.750075,
	"/>
<Contour name="d06ax11ssvr" hidden="false" closed="true" simplified="false" border="0 1 0" fill="0 1 0" mode="11"
 points="3.39893 0.748629,
	3.38881 0.73851,
	3.39893 0.728391,
	3.40905 0.73851,
	"/>
<Contour name="d06ax11ssvr" hidden="false" closed="true" simplified="false" border="0 1 0" fill="0 1 0" mode="11"
 points="3.42351 0.708153,
	3.41339 0.698034,
	3.42351 0.687915,
	3.43362 0.698034,
	"/>
<Contour name="d06ax11ssvr" hidden="false" closed="true" simplified="false" border="0 1 0" fill="0 1 0" mode="11"
 points="3.4264 0.680687,
	3.41628 0.670568,
	3.4264 0.660449,
	3.43652 0.670568,
	"/>
<Contour name="d06ax11ssvr" hidden="false" closed="true" simplified="false" border="0 1 0" fill="0 1 0" mode="11"
 points="3.38881 0.670568,
	3.37869 0.660449,
	3.38881 0.65033,
	3.39893 0.660449,
	"/>
<Contour name="d06ax11ssvr" hidden="false" closed="true" simplified="false" border="0 1 0" fill="0 1 0" mode="11"
 points="3.36857 0.706708,
	3.35845 0.696589,
	3.36857 0.68647,
	3.37869 0.696589,
	"/>
<Contour name="d06ax11ssvr" hidden="false" closed="true" simplified="false" border="0 1 0" fill="0 1 0" mode="11"
 points="3.33966 0.670568,
	3.32954 0.660449,
	3.33966 0.65033,
	3.34978 0.660449,
	"/>
<Contour name="d06ax11ssvr" hidden="false" closed="true" simplified="false" border="0 1 0" fill="0 1 0" mode="11"
 points="3.32087 0.715381,
	3.31075 0.705262,
	3.32087 0.695143,
	3.33099 0.705262,
	"/>
<Contour name="d06ax11ssvr" hidden="false" closed="true" simplified="false" border="0 1 0" fill="0 1 0" mode="11"
 points="3.35701 0.763085,
	3.34689 0.752966,
	3.35701 0.742847,
	3.36713 0.752966,
	"/>
<Contour name="d06ax11ssvr" hidden="false" closed="true" simplified="false" border="0 1 0" fill="0 1 0" mode="11"
 points="3.34834 0.786214,
	3.33822 0.776095,
	3.34834 0.765976,
	3.35845 0.776095,
	"/>
<Contour name="d06ax11ssvr" hidden="false" closed="true" simplified="false" border="0 1 0" fill="0 1 0" mode="11"
 points="3.40905 0.810789,
	3.39893 0.80067,
	3.40905 0.790551,
	3.41917 0.80067,
	"/>
<Contour name="d06ax11ssvr" hidden="false" closed="true" simplified="false" border="0 1 0" fill="0 1 0" mode="11"
 points="3.46543 0.78766,
	3.45531 0.777541,
	3.46543 0.767422,
	3.47555 0.777541,
	"/>
<Contour name="d06ax11ssvr" hidden="false" closed="true" simplified="false" border="0 1 0" fill="0 1 0" mode="11"
 points="3.55794 0.771759,
	3.54782 0.76164,
	3.55794 0.75152,
	3.56806 0.76164,
	"/>
<Contour name="d06ax11ssvr" hidden="false" closed="true" simplified="false" border="0 1 0" fill="0 1 0" mode="11"
 points="3.59408 0.770313,
	3.58396 0.760194,
	3.59408 0.750075,
	3.6042 0.760194,
	"/>
<Contour name="d06ax11ssvr" hidden="false" closed="true" simplified="false" border="0 1 0" fill="0 1 0" mode="11"
 points="3.52903 0.809343,
	3.51891 0.799224,
	3.52903 0.789105,
	3.53915 0.799224,
	"/>
<Contour name="d06ax11ssvr" hidden="false" closed="true" simplified="false" border="0 1 0" fill="0 1 0" mode="11"
 points="3.59408 0.734174,
	3.58396 0.724055,
	3.59408 0.713936,
	3.6042 0.724055,
	"/>
<Contour name="d06ax11ssvr" hidden="false" closed="true" simplified="false" border="0 1 0" fill="0 1 0" mode="11"
 points="3.62444 0.726946,
	3.61432 0.716827,
	3.62444 0.706708,
	3.63456 0.716827,
	"/>
<Contour name="d06ax11ssvr" hidden="false" closed="true" simplified="false" border="0 1 0" fill="0 1 0" mode="11"
 points="3.64612 0.696589,
	3.636 0.68647,
	3.64612 0.676351,
	3.65624 0.68647,
	"/>
<Contour name="d06ax11ssvr" hidden="false" closed="true" simplified="false" border="0 1 0" fill="0 1 0" mode="11"
 points="3.58975 0.677796,
	3.57963 0.667677,
	3.58975 0.657558,
	3.59987 0.667677,
	"/>
<Contour name="d06ax11ssvr" hidden="false" closed="true" simplified="false" border="0 1 0" fill="0 1 0" mode="11"
 points="3.56662 0.656113,
	3.5565 0.645994,
	3.56662 0.635875,
	3.57674 0.645994,
	"/>
<Contour name="d06ax11ssvr" hidden="false" closed="true" simplified="false" border="0 1 0" fill="0 1 0" mode="11"
 points="3.57529 0.625756,
	3.56517 0.615636,
	3.57529 0.605517,
	3.58541 0.615636,
	"/>
<Contour name="d06ax11ssvr" hidden="false" closed="true" simplified="false" border="0 1 0" fill="0 1 0" mode="11"
 points="3.62155 0.612745,
	3.61143 0.602626,
	3.62155 0.592507,
	3.63167 0.602626,
	"/>
<Contour name="d06ax11ssvr" hidden="false" closed="true" simplified="false" border="0 1 0" fill="0 1 0" mode="11"
 points="3.59842 0.583834,
	3.5883 0.573715,
	3.59842 0.563596,
	3.60854 0.573715,
	"/>
<Contour name="d06ax11ssvr" hidden="false" closed="true" simplified="false" border="0 1 0" fill="0 1 0" mode="11"
 points="3.636 0.644548,
	3.62589 0.634429,
	3.636 0.62431,
	3.64612 0.634429,
	"/>
<Contour name="d06ax11ssvr" hidden="false" closed="true" simplified="false" border="0 1 0" fill="0 1 0" mode="11"
 points="3.65191 0.599735,
	3.64179 0.589616,
	3.65191 0.579497,
	3.66203 0.589616,
	"/>
<Contour name="d06ax11ssvr" hidden="false" closed="true" simplified="false" border="0 1 0" fill="0 1 0" mode="11"
 points="3.68082 0.614191,
	3.6707 0.604072,
	3.68082 0.593953,
	3.69094 0.604072,
	"/>
<Contour name="d06ax11ssvr" hidden="false" closed="true" simplified="false" border="0 1 0" fill="0 1 0" mode="11"
 points="3.66058 0.63732,
	3.65046 0.627201,
	3.66058 0.617082,
	3.6707 0.627201,
	"/>
<Contour name="d06ax11ssvr" hidden="false" closed="true" simplified="false" border="0 1 0" fill="0 1 0" mode="11"
 points="3.66781 0.666232,
	3.65769 0.656113,
	3.66781 0.645994,
	3.67793 0.656113,
	"/>
<Contour name="d06ax11ssvr" hidden="false" closed="true" simplified="false" border="0 1 0" fill="0 1 0" mode="11"
 points="3.67648 0.709599,
	3.66636 0.69948,
	3.67648 0.689361,
	3.6866 0.69948,
	"/>
<Contour name="d06ax11ssvr" hidden="false" closed="true" simplified="false" border="0 1 0" fill="0 1 0" mode="11"
 points="3.72708 0.672014,
	3.71696 0.661895,
	3.72708 0.651776,
	3.73719 0.661895,
	"/>
<Contour name="d06ax11ssvr" hidden="false" closed="true" simplified="false" border="0 1 0" fill="0 1 0" mode="11"
 points="3.71985 0.644548,
	3.70973 0.634429,
	3.71985 0.62431,
	3.72997 0.634429,
	"/>
<Contour name="d06ax11ssvr" hidden="false" closed="true" simplified="false" border="0 1 0" fill="0 1 0" mode="11"
 points="3.71407 0.57516,
	3.70395 0.565041,
	3.71407 0.554922,
	3.72418 0.565041,
	"/>
<Contour name="d06ax11ssvr" hidden="false" closed="true" simplified="false" border="0 1 0" fill="0 1 0" mode="11"
 points="3.6389 0.559259,
	3.62878 0.54914,
	3.6389 0.539021,
	3.64901 0.54914,
	"/>
<Contour name="d06ax11ssvr" hidden="false" closed="true" simplified="false" border="0 1 0" fill="0 1 0" mode="11"
 points="3.58686 0.541912,
	3.57674 0.531793,
	3.58686 0.521674,
	3.59697 0.531793,
	"/>
<Contour name="d06ax11ssvr" hidden="false" closed="true" simplified="false" border="0 1 0" fill="0 1 0" mode="11"
 points="3.54638 0.527456,
	3.53626 0.517337,
	3.54638 0.507218,
	3.5565 0.517337,
	"/>
<Contour name="d06ax11ssvr" hidden="false" closed="true" simplified="false" border="0 1 0" fill="0 1 0" mode="11"
 points="3.52325 0.576606,
	3.51313 0.566487,
	3.52325 0.556368,
	3.53337 0.566487,
	"/>
<Contour name="d06ax11ssvr" hidden="false" closed="true" simplified="false" border="0 1 0" fill="0 1 0" mode="11"
 points="3.39893 0.630092,
	3.38881 0.619973,
	3.39893 0.609854,
	3.40905 0.619973,
	"/>
<Contour name="d06ax11ssvr" hidden="false" closed="true" simplified="false" border="0 1 0" fill="0 1 0" mode="11"
 points="3.65624 0.304838,
	3.64612 0.294719,
	3.65624 0.2846,
	3.66636 0.294719,
	"/>
<Contour name="d06ax11ssvr" hidden="false" closed="true" simplified="false" border="0 1 0" fill="0 1 0" mode="11"
 points="3.75599 0.563596,
	3.74587 0.553477,
	3.75599 0.543358,
	3.76611 0.553477,
	"/>
<Contour name="d06ax11ssvr" hidden="false" closed="true" simplified="false" border="0 1 0" fill="0 1 0" mode="11"
 points="3.78924 0.605517,
	3.77912 0.595398,
	3.78924 0.585279,
	3.79935 0.595398,
	"/>
<Contour name="d06ax11ssvd" hidden="false" closed="true" simplified="false" border="1 0.502 0" fill="0 0 1" mode="11"
 points="3.74009 0.703817,
	3.72997 0.693698,
	3.74009 0.683578,
	3.75021 0.693698,
	"/>
</Transform>

<Transform dim="0"
 xcoef=" 0 1 0 0 0 0"
 ycoef=" 0 0 1 0 0 0">
<Contour name="d06c11" hidden="false" closed="true" simplified="true" border="0 1 0" fill="0 1 0" mode="-9"
 points="3.43924 0.646405,
	3.58338 0.568702,
	3.65546 0.530413,
	3.66447 0.525908,
	3.76582 0.670054,
	3.81649 0.742127,
	3.82888 0.760146,
	3.83451 0.768029,
	3.69037 0.846859,
	3.61829 0.885147,
	3.60928 0.889652,
	3.60816 0.890778,
	3.50906 0.746632,
	3.45838 0.674559,
	3.44599 0.656541,
	3.44036 0.647531,
	"/>
</Transform>

</Section>