<?xml version="1.0"?>
<!DOCTYPE Section SYSTEM "section.dtd">

<Section index="33" thickness="0.038" alignLocked="true">
<Transform dim="0"
 xcoef=" 0 1 0 0 0 0"
 ycoef=" 0 0 1 0 0 0">
<Contour name="d01" hidden="false" closed="true" simplified="true" border="1 0.5 0" fill="1 0.5 0" mode="11"
 points="5.61329 5.69083,
	5.61937 5.68627,
	5.63153 5.68171,
	5.6437 5.67411,
	5.65738 5.6513,
	5.65738 5.64826,
	5.66042 5.64522,
	5.6589 5.62089,
	5.66194 5.60873,
	5.68019 5.5844,
	5.68475 5.57832,
	5.68475 5.56616,
	5.68627 5.56008,
	5.68627 5.55703,
	5.68931 5.55399,
	5.71211 5.55095,
	5.71516 5.54791,
	5.71059 5.49926,
	5.71364 5.4871,
	5.72428 5.47493,
	5.7486 5.45973,
	5.75469 5.45821,
	5.75773 5.45517,
	5.78205 5.45669,
	5.80638 5.44757,
	5.82766 5.43388,
	5.83527 5.42476,
	5.84135 5.41868,
	5.85199 5.41108,
	5.85807 5.39891,
	5.87024 5.40043,
	5.87632 5.40348,
	5.8824 5.40348,
	5.88848 5.40043,
	5.89152 5.39739,
	5.89304 5.38523,
	5.8976 5.37307,
	5.90216 5.36699,
	5.90825 5.36394,
	5.93257 5.37003,
	5.93561 5.37307,
	5.94778 5.37611,
	5.95386 5.37915,
	5.96602 5.37915,
	5.97818 5.38219,
	5.99035 5.38979,
	6.00251 5.39435,
	6.01467 5.40348,
	6.03748 5.41412,
	6.04964 5.41412,
	6.07397 5.40804,
	6.08613 5.40804,
	6.09829 5.4126,
	6.10894 5.40348,
	6.1211 5.40348,
	6.13326 5.40652,
	6.13935 5.40956,
	6.14239 5.4126,
	6.15455 5.41108,
	6.16671 5.40652,
	6.17279 5.40652,
	6.1956 5.42172,
	6.20168 5.42476,
	6.2108 5.4354,
	6.23513 5.44909,
	6.25794 5.46581,
	6.2701 5.47645,
	6.27618 5.48254,
	6.32483 5.5023,
	6.34764 5.51598,
	6.3598 5.52359,
	6.36436 5.52967,
	6.36588 5.53575,
	6.3598 5.54791,
	6.34916 5.55856,
	6.32483 5.56616,
	6.30051 5.56768,
	6.27618 5.56008,
	6.25185 5.55551,
	6.24577 5.55551,
	6.23969 5.55247,
	6.19104 5.55399,
	6.16671 5.55856,
	6.14239 5.56768,
	6.13022 5.57224,
	6.12718 5.57224,
	6.12414 5.57528,
	6.11198 5.57832,
	6.10894 5.57832,
	6.1059 5.58136,
	6.05724 5.592,
	6.0542 5.59504,
	6.02988 5.60113,
	6.0238 5.60417,
	6.02075 5.60417,
	6.01771 5.60721,
	5.99339 5.61481,
	5.98122 5.61481,
	5.88392 5.64674,
	5.87176 5.6513,
	5.86567 5.65282,
	5.85959 5.65738,
	5.84743 5.66194,
	5.83527 5.66954,
	5.82919 5.67258,
	5.82614 5.67258,
	5.8231 5.67563,
	5.81094 5.68019,
	5.79878 5.68779,
	5.7927 5.68931,
	5.76837 5.70451,
	5.75621 5.71059,
	5.75012 5.71516,
	5.73796 5.71972,
	5.71364 5.72124,
	5.68931 5.73036,
	5.67715 5.73492,
	5.66498 5.73644,
	5.64066 5.7258,
	5.62849 5.72124,
	5.62241 5.71972,
	5.61481 5.71211,
	5.61329 5.69995,
	5.61329 5.69387,
	5.61329 5.69235,
	"/>
</Transform>

<Transform dim="0"
 xcoef=" 0 1 0 0 0 0"
 ycoef=" 0 0 1 0 0 0">
<Contour name="d01" hidden="false" closed="true" simplified="true" border="1 0.5 0" fill="1 0.5 0" mode="11"
 points="7.59133 3.89359,
	7.59311 3.88646,
	7.60558 3.87756,
	7.61982 3.87756,
	7.62338 3.87756,
	7.6305 3.87222,
	7.63762 3.87044,
	7.64118 3.86688,
	7.65543 3.86688,
	7.68391 3.87578,
	7.69815 3.87756,
	7.70528 3.88112,
	7.71952 3.89359,
	7.72664 3.92207,
	7.72664 3.93631,
	7.7213 3.95056,
	7.70171 3.97726,
	7.69281 3.98972,
	7.69103 3.99684,
	7.68569 4.00397,
	7.67145 4.00931,
	7.66433 4.00753,
	7.66077 4.00753,
	7.65365 4.00041,
	7.64652 3.98794,
	7.64296 3.98082,
	7.6305 3.96658,
	7.61626 3.9559,
	7.60202 3.94878,
	7.59489 3.94165,
	7.59133 3.93453,
	7.59133 3.90605,
	7.59133 3.89893,
	7.59133 3.89537,
	"/>
</Transform>

<Transform dim="0"
 xcoef=" 0 1 0 0 0 0"
 ycoef=" 0 0 1 0 0 0">
<Contour name="d01" hidden="false" closed="true" simplified="true" border="1 0.5 0" fill="1 0.5 0" mode="11"
 points="6.15817 4.58435,
	6.15995 4.55587,
	6.16529 4.52738,
	6.16529 4.52026,
	6.16529 4.5167,
	6.17597 4.50246,
	6.19021 4.49356,
	6.19733 4.49356,
	6.2009 4.49,
	6.21514 4.49178,
	6.24362 4.49,
	6.25787 4.48822,
	6.28635 4.46507,
	6.29881 4.45261,
	6.31306 4.44371,
	6.3273 4.44371,
	6.33442 4.44193,
	6.33798 4.44193,
	6.35044 4.43125,
	6.35222 4.4259,
	6.34688 4.41166,
	6.34332 4.40454,
	6.3451 4.3903,
	6.35222 4.38674,
	6.40919 4.38674,
	6.43768 4.38674,
	6.45192 4.38674,
	6.45904 4.38496,
	6.48397 4.36181,
	6.51067 4.34579,
	6.53916 4.33333,
	6.5534 4.32977,
	6.56052 4.32621,
	6.56408 4.32621,
	6.5712 4.31908,
	6.5712 4.31552,
	6.58189 4.30128,
	6.59613 4.29238,
	6.60325 4.28882,
	6.61571 4.27458,
	6.62283 4.26745,
	6.63708 4.25855,
	6.69405 4.23897,
	6.72253 4.22829,
	6.72609 4.22829,
	6.72965 4.22473,
	6.7439 4.22117,
	6.74746 4.22117,
	6.77594 4.20336,
	6.79018 4.19446,
	6.80443 4.19268,
	6.81155 4.19268,
	6.82401 4.18378,
	6.83113 4.15529,
	6.83469 4.15173,
	6.86318 4.14461,
	6.88988 4.12859,
	6.91837 4.11613,
	6.93261 4.11613,
	6.94685 4.11969,
	6.97534 4.13571,
	7.00382 4.14639,
	7.01807 4.14461,
	7.02519 4.14995,
	7.03231 4.15173,
	7.03943 4.15707,
	7.05367 4.16064,
	7.08216 4.15885,
	7.08572 4.15885,
	7.09996 4.14817,
	7.10708 4.14817,
	7.11421 4.15351,
	7.11777 4.15351,
	7.13023 4.16242,
	7.15871 4.1642,
	7.16583 4.1642,
	7.1694 4.16064,
	7.18364 4.16064,
	7.23883 4.19802,
	7.25307 4.21048,
	7.27622 4.23363,
	7.29046 4.24609,
	7.29758 4.24787,
	7.30114 4.25143,
	7.31538 4.25499,
	7.3225 4.26033,
	7.32963 4.26211,
	7.35811 4.2817,
	7.37235 4.28882,
	7.3866 4.29238,
	7.39372 4.29416,
	7.42042 4.31908,
	7.43288 4.32799,
	7.44001 4.33333,
	7.44713 4.33511,
	7.45069 4.33867,
	7.50766 4.35647,
	7.5219 4.35825,
	7.55039 4.36893,
	7.56285 4.37606,
	7.57709 4.38674,
	7.58065 4.38674,
	7.60736 4.40632,
	7.61448 4.40988,
	7.67145 4.40988,
	7.69993 4.4081,
	7.70706 4.4081,
	7.71952 4.3992,
	7.72486 4.39386,
	7.72308 4.37962,
	7.71418 4.35113,
	7.71418 4.33689,
	7.71774 4.32265,
	7.72486 4.31552,
	7.7391 4.31018,
	7.75156 4.2995,
	7.75869 4.29594,
	7.76047 4.29238,
	7.77471 4.29238,
	7.77827 4.29594,
	7.78539 4.29594,
	7.79607 4.28348,
	7.81031 4.2728,
	7.8388 4.27458,
	7.85304 4.27814,
	7.86016 4.2817,
	7.86907 4.29594,
	7.87441 4.31018,
	7.87797 4.3173,
	7.88153 4.32086,
	7.88153 4.32443,
	7.88509 4.32799,
	7.88509 4.34223,
	7.88509 4.34935,
	7.88153 4.35291,
	7.87975 4.3814,
	7.87797 4.38318,
	7.87441 4.37962,
	7.86907 4.38674,
	7.86551 4.40098,
	7.86551 4.42947,
	7.86551 4.43659,
	7.85838 4.45083,
	7.85838 4.45439,
	7.84414 4.46685,
	7.8299 4.46685,
	7.80141 4.45795,
	7.78717 4.45973,
	7.77293 4.46507,
	7.76403 4.47931,
	7.76047 4.48644,
	7.76225 4.51492,
	7.76937 4.54341,
	7.77115 4.55053,
	7.77115 4.55409,
	7.79429 4.57901,
	7.80319 4.59326,
	7.80853 4.6075,
	7.81031 4.62174,
	7.80497 4.65023,
	7.80141 4.66447,
	7.79251 4.67693,
	7.76759 4.70364,
	7.7569 4.7161,
	7.72842 4.73568,
	7.69993 4.74992,
	7.68569 4.75705,
	7.67857 4.75883,
	7.67501 4.76239,
	7.64652 4.77129,
	7.63228 4.77841,
	7.62516 4.78375,
	7.59668 4.78909,
	7.5397 4.78909,
	7.51122 4.78909,
	7.49698 4.78909,
	7.48986 4.78553,
	7.46137 4.78553,
	7.44713 4.78553,
	7.43288 4.79087,
	7.42576 4.79443,
	7.4222 4.79443,
	7.40796 4.80512,
	7.39372 4.80868,
	7.39016 4.80868,
	7.3866 4.81224,
	7.37235 4.8158,
	7.36879 4.8158,
	7.36523 4.81936,
	7.35811 4.82114,
	7.33141 4.84072,
	7.31894 4.85496,
	7.31182 4.86743,
	7.30826 4.87455,
	7.30648 4.88879,
	7.3047 4.89591,
	7.28156 4.92084,
	7.26731 4.9244,
	7.23883 4.92262,
	7.22459 4.91728,
	7.21746 4.9155,
	7.21034 4.91015,
	7.20322 4.90837,
	7.19966 4.90481,
	7.14269 4.90303,
	7.12845 4.90125,
	7.12489 4.89769,
	7.11777 4.89591,
	7.11064 4.89057,
	7.0964 4.88701,
	7.08216 4.88701,
	7.05367 4.88167,
	7.03943 4.87989,
	7.03231 4.87633,
	7.01807 4.87455,
	6.9611 4.85496,
	6.94685 4.8514,
	6.93973 4.8514,
	6.93261 4.84784,
	6.81867 4.8514,
	6.7617 4.84962,
	6.70473 4.8514,
	6.67624 4.84962,
	6.64776 4.84072,
	6.63352 4.84072,
	6.61927 4.84606,
	6.60503 4.84784,
	6.59079 4.84606,
	6.5623 4.83716,
	6.55874 4.8336,
	6.55518 4.8336,
	6.54094 4.82292,
	6.51245 4.8069,
	6.50533 4.79977,
	6.45192 4.76951,
	6.43768 4.76417,
	6.43412 4.76061,
	6.40563 4.76061,
	6.39139 4.76239,
	6.37715 4.77129,
	6.36291 4.77663,
	6.33442 4.77129,
	6.27745 4.74992,
	6.24896 4.74992,
	6.22048 4.7428,
	6.19199 4.73034,
	6.17775 4.72856,
	6.17063 4.72678,
	6.16351 4.72144,
	6.16173 4.71432,
	6.16351 4.70008,
	6.16351 4.69295,
	6.17775 4.66447,
	6.18131 4.65023,
	6.18487 4.64845,
	6.18487 4.64132,
	6.18131 4.6342,
	6.18131 4.63064,
	6.16707 4.61996,
	6.16173 4.61462,
	6.15817 4.60038,
	6.15817 4.58613,
	"/>
</Transform>

<Transform dim="0"
 xcoef=" 0 1 0 0 0 0"
 ycoef=" 0 0 1 0 0 0">
<Contour name="d01" hidden="false" closed="true" simplified="true" border="1 0.5 0" fill="1 0.5 0" mode="11"
 points="6.01574 4.83716,
	6.02642 4.80868,
	6.02642 4.80512,
	6.04067 4.79265,
	6.04779 4.79087,
	6.05491 4.79265,
	6.06737 4.80155,
	6.08161 4.8069,
	6.08517 4.8069,
	6.08873 4.81046,
	6.09229 4.81046,
	6.09764 4.81758,
	6.1012 4.83182,
	6.09229 4.84428,
	6.07805 4.85496,
	6.07093 4.86031,
	6.05669 4.86387,
	6.04957 4.86387,
	6.03532 4.85853,
	6.0282 4.85674,
	6.01574 4.84606,
	6.01574 4.83894,
	"/>
</Transform>

<Transform dim="0"
 xcoef=" 0 1 0 0 0 0"
 ycoef=" 0 0 1 0 0 0">
<Contour name="d01" hidden="false" closed="true" simplified="true" border="1 0.5 0" fill="1 0.5 0" mode="11"
 points="6.20798 3.70098,
	6.21699 3.67212,
	6.2206 3.66491,
	6.24946 3.64687,
	6.26389 3.63785,
	6.27832 3.62523,
	6.29274 3.61621,
	6.3216 3.60539,
	6.35046 3.59096,
	6.36489 3.58014,
	6.39375 3.5639,
	6.4226 3.54406,
	6.43703 3.53144,
	6.44425 3.52783,
	6.45868 3.52783,
	6.46589 3.52783,
	6.49475 3.5098,
	6.50196 3.50619,
	6.53082 3.50619,
	6.53623 3.5116,
	6.53623 3.51881,
	6.52721 3.53324,
	6.53082 3.5621,
	6.53623 3.57653,
	6.53984 3.58374,
	6.53984 3.6126,
	6.52721 3.62703,
	6.5218 3.64146,
	6.5218 3.65589,
	6.5218 3.6631,
	6.51819 3.67032,
	6.48934 3.69016,
	6.48212 3.69737,
	6.46769 3.70639,
	6.35226 3.74246,
	6.32341 3.75148,
	6.29455 3.75689,
	6.26569 3.75689,
	6.23683 3.74787,
	6.22962 3.74426,
	6.21519 3.73164,
	6.20798 3.72442,
	6.20798 3.71,
	6.20798 3.70278,
	"/>
</Transform>

<Transform dim="0"
 xcoef=" 0 1 0 0 0 0"
 ycoef=" 0 0 1 0 0 0">
<Contour name="d01ser" hidden="false" closed="true" simplified="true" border="0 0.502 0" fill="1 0.5 0" mode="11"
 points="6.93002 4.81115,
	6.94157 4.80681,
	6.98779 4.8097,
	7.03401 4.8227,
	7.05712 4.82992,
	7.06867 4.8357,
	7.09178 4.83715,
	7.10334 4.84148,
	7.10912 4.84437,
	7.10912 4.85014,
	7.10478 4.85592,
	7.09323 4.8617,
	7.07012 4.86314,
	7.04701 4.85737,
	7.03545 4.85014,
	7.02968 4.84437,
	7.00657 4.82992,
	6.96035 4.82704,
	6.93724 4.82126,
	6.93146 4.81692,
	6.93002 4.81259,
	"/>
</Transform>

<Transform dim="0"
 xcoef=" 0 1 0 0 0 0"
 ycoef=" 0 0 1 0 0 0">
<Contour name="d01mito01" hidden="false" closed="true" simplified="true" border="0 0.25098 0.501961" fill="0.5 0 1" mode="-11"
 points="6.87293 4.37591,
	6.8766 4.36611,
	6.8766 4.36367,
	6.89251 4.34408,
	6.9121 4.32817,
	6.92189 4.32083,
	6.96106 4.30246,
	6.98064 4.29634,
	7.00023 4.29512,
	7.01981 4.29022,
	7.0394 4.28288,
	7.07856 4.28166,
	7.11773 4.289,
	7.13732 4.29512,
	7.1569 4.30491,
	7.17649 4.31715,
	7.18138 4.3196,
	7.18628 4.3245,
	7.19974 4.34408,
	7.20464 4.35387,
	7.20586 4.39304,
	7.20219 4.41263,
	7.19485 4.42242,
	7.17526 4.43588,
	7.16547 4.44323,
	7.14589 4.45424,
	7.13609 4.46404,
	7.11651 4.4775,
	7.09693 4.48117,
	7.05776 4.4824,
	7.03817 4.48362,
	7.02838 4.48729,
	7.00879 4.48729,
	6.999 4.48729,
	6.98921 4.48362,
	6.97942 4.4775,
	6.95983 4.47138,
	6.95004 4.46893,
	6.93046 4.46771,
	6.91087 4.45914,
	6.89129 4.44323,
	6.88272 4.43344,
	6.87415 4.41385,
	6.87293 4.39427,
	6.87293 4.38447,
	6.87293 4.37958,
	6.87293 4.37713,
	"/>
</Transform>

<Transform dim="0"
 xcoef=" 0 1 0 0 0 0"
 ycoef=" 0 0 1 0 0 0">
<Contour name="d01ser" hidden="false" closed="true" simplified="true" border="0 0.502 0" fill="1 0.5 0" mode="11"
 points="7.34119 4.68229,
	7.35399 4.67428,
	7.3572 4.67108,
	7.38281 4.66948,
	7.38601 4.66948,
	7.38921 4.67588,
	7.38921 4.68869,
	7.38921 4.69189,
	7.37801 4.7047,
	7.3748 4.7063,
	7.362 4.7047,
	7.35559 4.7047,
	7.34919 4.7015,
	7.34279 4.69509,
	7.34119 4.68389,
	"/>
</Transform>

<Transform dim="0"
 xcoef=" 0 1 0 0 0 0"
 ycoef=" 0 0 1 0 0 0">
<Contour name="d01ser" hidden="false" closed="true" simplified="true" border="0 0.502 0" fill="1 0.5 0" mode="11"
 points="6.71688 4.27729,
	6.72809 4.26608,
	6.74089 4.26128,
	6.7473 4.25808,
	6.79852 4.25968,
	6.81133 4.26288,
	6.82253 4.27089,
	6.82253 4.28369,
	6.81933 4.2965,
	6.81613 4.3029,
	6.81613 4.30931,
	6.82093 4.31411,
	6.83374 4.31411,
	6.84014 4.31571,
	6.84174 4.32211,
	6.83854 4.32852,
	6.82574 4.33972,
	6.81293 4.33972,
	6.80653 4.33812,
	6.79532 4.32852,
	6.79532 4.31571,
	6.79852 4.30931,
	6.79852 4.2965,
	6.79852 4.2933,
	6.79372 4.28689,
	6.78732 4.28369,
	6.78412 4.28049,
	6.7585 4.28209,
	6.7457 4.28689,
	6.73929 4.2901,
	6.72649 4.2885,
	6.72329 4.2885,
	6.71688 4.28369,
	6.71688 4.27889,
	"/>
</Transform>

<Transform dim="0"
 xcoef=" 0 1 0 0 0 0"
 ycoef=" 0 0 1 0 0 0">
<Contour name="d01ser" hidden="false" closed="true" simplified="true" border="0 0.502 0" fill="1 0.5 0" mode="11"
 points="7.34303 4.29518,
	7.35712 4.29342,
	7.36065 4.29342,
	7.36241 4.30751,
	7.35712 4.3128,
	7.35008 4.31456,
	7.34479 4.30751,
	7.34303 4.30046,
	7.34303 4.29694,
	"/>
</Transform>

<Transform dim="0"
 xcoef=" 0 1 0 0 0 0"
 ycoef=" 0 0 1 0 0 0">
<Contour name="d02" hidden="false" closed="true" simplified="true" border="0.251 0 0.502" fill="1 0.5 0" mode="11"
 points="4.87524 4.70898,
	4.88547 4.68852,
	4.91873 4.65015,
	4.93919 4.63481,
	4.97756 4.59388,
	4.99802 4.57598,
	5.01848 4.57853,
	5.05941 4.59132,
	5.07987 4.59644,
	5.0901 4.599,
	5.10801 4.6169,
	5.11568 4.62969,
	5.13614 4.6476,
	5.14637 4.65527,
	5.14893 4.6655,
	5.14637 4.67573,
	5.14637 4.68085,
	5.15661 4.69108,
	5.19753 4.71666,
	5.21799 4.72689,
	5.23846 4.74735,
	5.26148 4.78828,
	5.27427 4.80874,
	5.31263 4.84711,
	5.32542 4.86757,
	5.32542 4.88803,
	5.32798 4.89826,
	5.33565 4.9085,
	5.33565 4.91873,
	5.33054 4.92896,
	5.32542 4.93407,
	5.30496 4.93407,
	5.29473 4.93152,
	5.27682 4.91361,
	5.26659 4.90338,
	5.24613 4.9085,
	5.22567 4.92128,
	5.22055 4.9264,
	5.17963 4.93407,
	5.15916 4.94942,
	5.11824 4.96477,
	5.10801 4.96988,
	5.06708 4.96733,
	5.04662 4.95454,
	5.02871 4.93663,
	5.00569 4.89571,
	5.00314 4.87524,
	4.96477 4.83943,
	4.95454 4.81897,
	4.94942 4.80874,
	4.9085 4.77549,
	4.88803 4.7627,
	4.8778 4.75247,
	4.87524 4.71154,
	"/>
</Transform>

<Transform dim="0"
 xcoef=" 0 1 0 0 0 0"
 ycoef=" 0 0 1 0 0 0">
<Contour name="d02" hidden="false" closed="true" simplified="true" border="0.251 0 0.502" fill="1 0.5 0" mode="11"
 points="4.37158 5.53424,
	4.37391 5.52493,
	4.38553 5.50633,
	4.40414 5.48773,
	4.44134 5.45983,
	4.47855 5.4389,
	4.51575 5.42727,
	4.52505 5.4203,
	4.53435 5.41797,
	4.55063 5.40169,
	4.55993 5.39239,
	4.57156 5.37379,
	4.57388 5.36449,
	4.60411 5.32728,
	4.62039 5.31101,
	4.62969 5.30403,
	4.63434 5.29938,
	4.64364 5.29938,
	4.64829 5.29938,
	4.6669 5.28543,
	4.67387 5.27613,
	4.71108 5.27845,
	4.72968 5.2738,
	4.80409 5.27613,
	4.84129 5.27613,
	4.8599 5.27613,
	4.8692 5.27613,
	4.8785 5.28078,
	4.8971 5.28078,
	4.93431 5.25287,
	4.94361 5.2459,
	4.98081 5.24822,
	4.99011 5.24822,
	4.99941 5.25287,
	5.01569 5.27148,
	5.0529 5.29473,
	5.0715 5.29705,
	5.0808 5.29705,
	5.0994 5.30868,
	5.13661 5.31101,
	5.17381 5.32031,
	5.18311 5.32496,
	5.19939 5.34356,
	5.21102 5.36216,
	5.22264 5.39937,
	5.23892 5.41565,
	5.24822 5.42495,
	5.2552 5.44355,
	5.25752 5.45285,
	5.28543 5.49006,
	5.29938 5.50866,
	5.30868 5.51796,
	5.32031 5.53656,
	5.32728 5.54586,
	5.33193 5.56447,
	5.33193 5.58307,
	5.32031 5.60167,
	5.32263 5.67608,
	5.32728 5.69468,
	5.34124 5.71328,
	5.37612 5.74816,
	5.38774 5.76677,
	5.39239 5.77607,
	5.39007 5.85048,
	5.38542 5.86908,
	5.37612 5.88768,
	5.33891 5.92024,
	5.30171 5.94582,
	5.26915 5.9807,
	5.25055 5.99465,
	5.21334 5.99697,
	5.17614 6.01092,
	5.16684 6.01558,
	5.13196 6.05278,
	5.12266 6.05976,
	5.11801 6.06441,
	5.0994 6.06441,
	5.0901 6.05976,
	5.0529 6.05976,
	5.03429 6.07138,
	5.00872 6.10859,
	4.99011 6.12486,
	4.95291 6.12254,
	4.93431 6.12486,
	4.9157 6.13184,
	4.8971 6.12952,
	4.8599 6.10626,
	4.78549 6.09696,
	4.76688 6.08999,
	4.74828 6.07371,
	4.71108 6.06208,
	4.69247 6.04813,
	4.6762 6.02953,
	4.65527 5.99232,
	4.61806 5.96674,
	4.59946 5.94814,
	4.58318 5.91094,
	4.57156 5.87373,
	4.55296 5.85513,
	4.54365 5.84815,
	4.53435 5.84583,
	4.5018 5.81095,
	4.48552 5.79235,
	4.47855 5.78304,
	4.44134 5.76677,
	4.40646 5.73654,
	4.38786 5.72491,
	4.37856 5.72026,
	4.37158 5.71096,
	4.37623 5.69236,
	4.38321 5.68306,
	4.39018 5.66445,
	4.39251 5.62725,
	4.38088 5.59004,
	4.37391 5.57144,
	4.37158 5.53656,
	"/>
</Transform>

<Transform dim="0"
 xcoef=" 0 1 0 0 0 0"
 ycoef=" 0 0 1 0 0 0">
<Contour name="d01p06" hidden="false" closed="true" simplified="false" border="0 0 1" fill="0 0 1" mode="-9"
 points="6.23105 4.71001,
	6.20642 4.68538,
	6.23105 4.66075,
	6.25569 4.68538,
	"/>
</Transform>

<Transform dim="0"
 xcoef=" 0 1 0 0 0 0"
 ycoef=" 0 0 1 0 0 0">
<Contour name="d01c03" hidden="false" closed="true" simplified="true" border="0 1 0" fill="0 1 0" mode="11"
 points="5.77657 5.69246,
	5.78049 5.68855,
	5.78049 5.68463,
	5.79418 5.67094,
	5.79809 5.67094,
	5.80592 5.66507,
	5.81374 5.66312,
	5.82156 5.65725,
	5.85091 5.64355,
	5.85873 5.6416,
	5.87243 5.63182,
	5.90372 5.62399,
	5.91155 5.62008,
	5.91546 5.62008,
	5.91937 5.61617,
	5.98197 5.59465,
	6.01327 5.58682,
	6.02109 5.58096,
	6.05239 5.57118,
	6.06804 5.56531,
	6.07587 5.56139,
	6.08369 5.56139,
	6.09152 5.55748,
	6.12282 5.55357,
	6.13846 5.5477,
	6.20106 5.53988,
	6.23236 5.53596,
	6.24801 5.53792,
	6.26366 5.54379,
	6.27931 5.55553,
	6.28322 5.56335,
	6.28322 5.57118,
	6.26953 5.58487,
	6.20693 5.59465,
	6.17563 5.59856,
	6.14433 5.60834,
	6.11303 5.61421,
	6.05044 5.63377,
	6.01914 5.63964,
	6.00349 5.64355,
	5.99566 5.64551,
	5.99175 5.64942,
	5.98784 5.64942,
	5.98393 5.65333,
	5.92133 5.66703,
	5.89003 5.67681,
	5.87438 5.68268,
	5.87047 5.68268,
	5.86656 5.68659,
	5.80396 5.71006,
	5.78831 5.71006,
	5.78049 5.70811,
	5.77657 5.70028,
	5.77657 5.69441,
	"/>
<Contour name="d01cfa03" hidden="false" closed="false" simplified="false" border="0 1 1" fill="0 1 1" mode="9"
 points="6.28438 5.56054,
	6.25308 5.55271,
	6.21592 5.54685,
	6.17288 5.55076,
	6.13571 5.56641,
	6.0692 5.58597,
	5.989 5.61336,
	5.91467 5.63487,
	5.84229 5.66617,
	5.77773 5.69943,
	"/>
</Transform>

<Transform dim="0"
 xcoef=" 0 1 0 0 0 0"
 ycoef=" 0 0 1 0 0 0">
<Contour name="d02" hidden="false" closed="true" simplified="true" border="0 0.251 0.502" fill="0.5 0 1" mode="11"
 points="4.85816 6.22007,
	4.86355 6.2093,
	4.86355 6.20392,
	4.88239 6.18238,
	4.90392 6.16893,
	4.92545 6.16624,
	4.93622 6.16354,
	4.97928 6.17162,
	5.02235 6.18777,
	5.06541 6.21199,
	5.07618 6.22276,
	5.08694 6.24429,
	5.1004 6.28735,
	5.1004 6.33042,
	5.09771 6.34118,
	5.07887 6.36002,
	5.0681 6.3681,
	5.06272 6.37348,
	5.05195 6.37348,
	5.04119 6.36541,
	5.01965 6.36272,
	4.97659 6.3681,
	4.95506 6.36541,
	4.94429 6.36272,
	4.93891 6.35733,
	4.91738 6.34926,
	4.89585 6.33042,
	4.8797 6.30889,
	4.87162 6.29812,
	4.85816 6.25505,
	4.85816 6.23352,
	4.85816 6.22276,
	"/>
</Transform>

<Transform dim="0"
 xcoef=" 0 1 0 0 0 0"
 ycoef=" 0 0 1 0 0 0">
<Contour name="d03" hidden="false" closed="true" simplified="true" border="1 0 0.5" fill="1 0 0.5" mode="-11"
 points="3.12423 3.26658,
	3.12681 3.26529,
	3.12681 3.26271,
	3.13068 3.25756,
	3.13197 3.2524,
	3.14229 3.24466,
	3.1526 3.24208,
	3.16292 3.23563,
	3.17324 3.23305,
	3.1784 3.22918,
	3.19903 3.22403,
	3.20419 3.22274,
	3.22353 3.22403,
	3.23385 3.22532,
	3.27512 3.22016,
	3.29575 3.22016,
	3.30607 3.22145,
	3.31122 3.22403,
	3.32154 3.22403,
	3.32541 3.22403,
	3.32928 3.22661,
	3.32928 3.23176,
	3.33186 3.23176,
	3.33702 3.23563,
	3.34217 3.23692,
	3.35249 3.24466,
	3.36281 3.25498,
	3.3641 3.26529,
	3.36281 3.27561,
	3.35765 3.28593,
	3.34991 3.29495,
	3.34346 3.31559,
	3.34217 3.3259,
	3.34217 3.33106,
	3.34217 3.33364,
	3.33186 3.34138,
	3.32154 3.34525,
	3.28027 3.35041,
	3.23901 3.35299,
	3.21837 3.3517,
	3.20806 3.34525,
	3.2029 3.34138,
	3.19774 3.34009,
	3.19516 3.33751,
	3.19258 3.33751,
	3.19 3.33493,
	3.18484 3.33493,
	3.16421 3.32204,
	3.15389 3.31688,
	3.15002 3.31172,
	3.13971 3.30527,
	3.13455 3.30398,
	3.1281 3.29366,
	3.12423 3.28335,
	3.12423 3.27303,
	3.12423 3.26787,
	"/>
</Transform>

<Transform dim="0"
 xcoef=" 0 1 0 0 0 0"
 ycoef=" 0 0 1 0 0 0">
<Contour name="d03" hidden="false" closed="true" simplified="true" border="1 0 0.5" fill="1 0 0.5" mode="-11"
 points="3.09156 5.44823,
	3.0949 5.44155,
	3.10158 5.43821,
	3.10492 5.43821,
	3.11327 5.42485,
	3.13833 5.3998,
	3.16505 5.39812,
	3.17841 5.3998,
	3.18509 5.3998,
	3.1901 5.39311,
	3.19679 5.38977,
	3.20013 5.38643,
	3.19679 5.35971,
	3.19679 5.35303,
	3.19345 5.34635,
	3.19345 5.33299,
	3.20013 5.31962,
	3.21349 5.30793,
	3.22017 5.30459,
	3.22184 5.29791,
	3.22017 5.28455,
	3.2185 5.27787,
	3.20848 5.26785,
	3.21015 5.25449,
	3.21516 5.24112,
	3.21683 5.22776,
	3.21349 5.2144,
	3.20514 5.20104,
	3.18342 5.18267,
	3.17173 5.17098,
	3.16505 5.1643,
	3.15169 5.15761,
	3.14668 5.15594,
	3.14167 5.14926,
	3.12831 5.14091,
	3.12163 5.1359,
	3.11495 5.12254,
	3.11495 5.10918,
	3.12497 5.09582,
	3.15169 5.08078,
	3.16505 5.07577,
	3.17173 5.07076,
	3.18509 5.06909,
	3.19846 5.05907,
	3.22518 5.05072,
	3.2519 5.03736,
	3.26526 5.03068,
	3.27863 5.02901,
	3.28531 5.024,
	3.31203 5.02233,
	3.32539 5.02066,
	3.35212 5.0073,
	3.35713 5.01398,
	3.37049 5.00897,
	3.38385 4.99894,
	3.38886 4.99226,
	3.38886 4.98892,
	3.40222 4.9789,
	3.42727 4.95218,
	3.44064 4.9455,
	3.44565 4.93882,
	3.44899 4.92545,
	3.45567 4.91209,
	3.48072 4.89038,
	3.49408 4.88704,
	3.52081 4.87201,
	3.54753 4.86366,
	3.57425 4.86032,
	3.58093 4.86032,
	3.5943 4.86867,
	3.60599 4.89539,
	3.611 4.90875,
	3.61935 4.92211,
	3.62603 4.9288,
	3.63939 4.93381,
	3.64607 4.93381,
	3.65943 4.93882,
	3.66277 4.94049,
	3.66946 4.93548,
	3.68282 4.93214,
	3.69618 4.92044,
	3.69785 4.91376,
	3.70119 4.91042,
	3.70119 4.89706,
	3.7062 4.87034,
	3.71956 4.84361,
	3.7229 4.84027,
	3.74963 4.8386,
	3.76299 4.83693,
	3.77635 4.83025,
	3.78971 4.80353,
	3.80307 4.79184,
	3.81643 4.78349,
	3.86988 4.76845,
	3.8966 4.75843,
	3.92333 4.74006,
	3.93669 4.73505,
	3.96341 4.73338,
	3.9751 4.74507,
	3.98011 4.7718,
	3.98847 4.78516,
	4.00183 4.79685,
	4.01519 4.8052,
	4.02187 4.80854,
	4.04859 4.80687,
	4.10204 4.79184,
	4.12876 4.79184,
	4.14213 4.79184,
	4.16885 4.78516,
	4.18221 4.78015,
	4.20893 4.78015,
	4.23566 4.78516,
	4.26238 4.78349,
	4.26906 4.78516,
	4.28242 4.79518,
	4.29244 4.80854,
	4.30581 4.81689,
	4.31917 4.83025,
	4.32585 4.83192,
	4.32752 4.8386,
	4.33587 4.85197,
	4.35424 4.90541,
	4.35591 4.93214,
	4.35424 4.9455,
	4.34923 4.95886,
	4.3509 5.01231,
	4.35257 5.02567,
	4.35257 5.02901,
	4.35591 5.03068,
	4.35424 5.08413,
	4.35424 5.09749,
	4.35424 5.10083,
	4.36092 5.10417,
	4.37261 5.15761,
	4.38264 5.18434,
	4.38765 5.1977,
	4.38765 5.21106,
	4.38765 5.2144,
	4.38431 5.21774,
	4.38264 5.22442,
	4.37596 5.2311,
	4.37261 5.23444,
	4.36927 5.23444,
	4.36259 5.23945,
	4.33587 5.24112,
	4.30915 5.24614,
	4.28242 5.24781,
	4.26906 5.25115,
	4.26238 5.25282,
	4.24902 5.26117,
	4.2223 5.28789,
	4.20559 5.31461,
	4.20893 5.32798,
	4.21561 5.34134,
	4.22564 5.3547,
	4.22731 5.36806,
	4.22731 5.37474,
	4.22397 5.38142,
	4.19724 5.39311,
	4.17052 5.39812,
	4.1438 5.39812,
	4.13043 5.40314,
	4.11707 5.41149,
	4.11039 5.41316,
	4.10705 5.4165,
	4.10371 5.4165,
	4.09703 5.42151,
	4.07031 5.42652,
	4.06363 5.43153,
	4.01018 5.43988,
	3.98346 5.44656,
	3.97009 5.45157,
	3.95673 5.46326,
	3.93001 5.47161,
	3.90329 5.47662,
	3.88992 5.4783,
	3.87656 5.48331,
	3.86988 5.48665,
	3.85819 5.50001,
	3.84149 5.52673,
	3.79973 5.58018,
	3.79305 5.58519,
	3.78637 5.58686,
	3.77301 5.59688,
	3.76633 5.60356,
	3.76299 5.6069,
	3.76132 5.61358,
	3.7513 5.62694,
	3.73793 5.65367,
	3.73292 5.68039,
	3.74127 5.70711,
	3.7396 5.72048,
	3.7396 5.72382,
	3.73292 5.72883,
	3.71956 5.72883,
	3.69284 5.71547,
	3.68616 5.71379,
	3.67614 5.70043,
	3.66779 5.67371,
	3.66444 5.66703,
	3.63939 5.64866,
	3.61267 5.62694,
	3.59931 5.61692,
	3.58594 5.61191,
	3.55922 5.61024,
	3.54586 5.61024,
	3.53918 5.60523,
	3.53584 5.59855,
	3.52248 5.5902,
	3.51747 5.58352,
	3.51413 5.58352,
	3.50744 5.57684,
	3.5041 5.57684,
	3.49074 5.56515,
	3.47905 5.55679,
	3.47237 5.55178,
	3.46903 5.54844,
	3.46235 5.54677,
	3.45901 5.54677,
	3.45734 5.54343,
	3.45066 5.54176,
	3.44899 5.53842,
	3.43563 5.53508,
	3.4089 5.53341,
	3.39554 5.53174,
	3.38218 5.52673,
	3.35546 5.50836,
	3.32873 5.49667,
	3.30201 5.49667,
	3.28865 5.49667,
	3.27529 5.49166,
	3.26192 5.48999,
	3.24856 5.49166,
	3.23687 5.49834,
	3.22351 5.50168,
	3.21015 5.50168,
	3.18342 5.49166,
	3.18008 5.48832,
	3.15336 5.48331,
	3.09991 5.48164,
	3.09156 5.46827,
	3.09156 5.45491,
	3.09156 5.4499,
	"/>
<Contour name="d03" hidden="false" closed="true" simplified="true" border="1 0 0.5" fill="1 0 0.5" mode="-11"
 points="2.91786 5.77392,
	2.92788 5.7472,
	2.94124 5.72048,
	2.96296 5.69542,
	2.97298 5.68373,
	2.9997 5.65701,
	3.00972 5.64866,
	3.02308 5.64365,
	3.02976 5.64198,
	3.03143 5.63362,
	3.04146 5.62193,
	3.06651 5.59855,
	3.09323 5.58519,
	3.10659 5.57851,
	3.10826 5.57684,
	3.11495 5.60356,
	3.11662 5.61024,
	3.12664 5.62193,
	3.12998 5.62527,
	3.12998 5.62861,
	3.13666 5.63362,
	3.13833 5.64031,
	3.14167 5.64365,
	3.14835 5.67037,
	3.15503 5.68206,
	3.16004 5.68707,
	3.16004 5.69041,
	3.16672 5.69208,
	3.18008 5.7021,
	3.18676 5.70377,
	3.21182 5.72215,
	3.2185 5.72883,
	3.22017 5.73551,
	3.22351 5.73885,
	3.22351 5.76557,
	3.21516 5.77893,
	3.20347 5.79062,
	3.20013 5.79731,
	3.20013 5.82403,
	3.20013 5.83071,
	3.19177 5.8424,
	3.19177 5.85576,
	3.18175 5.86745,
	3.18008 5.87414,
	3.14334 5.92758,
	3.11829 5.94929,
	3.10826 5.96266,
	3.10325 5.96934,
	3.09657 5.97101,
	3.08321 5.96099,
	3.08154 5.95431,
	3.0782 5.95096,
	3.0782 5.94762,
	3.06484 5.93593,
	3.03812 5.91756,
	3.02642 5.90921,
	3.01974 5.90754,
	3.00805 5.89585,
	2.99469 5.87079,
	2.98133 5.86077,
	2.96797 5.85743,
	2.96129 5.85576,
	2.95628 5.84741,
	2.95126 5.83405,
	2.92955 5.81234,
	2.9212 5.80065,
	2.91786 5.78728,
	2.91786 5.77559,
	"/>
</Transform>

<Transform dim="0"
 xcoef=" 0 1 0 0 0 0"
 ycoef=" 0 0 1 0 0 0">
<Contour name="d03" hidden="false" closed="true" simplified="true" border="1 0 0.5" fill="1 0 0.5" mode="-11"
 points="2.73581 4.75676,
	2.74583 4.74841,
	2.75919 4.74674,
	2.77255 4.75509,
	2.77756 4.7601,
	2.78424 4.7601,
	2.79593 4.7718,
	2.82099 4.7885,
	2.84604 4.80019,
	2.8594 4.80186,
	2.86608 4.80353,
	2.86942 4.80687,
	2.88279 4.81188,
	2.8878 4.81689,
	2.89114 4.81689,
	2.9045 4.82858,
	2.91118 4.83526,
	2.91452 4.84194,
	2.91452 4.85531,
	2.91452 4.86199,
	2.8878 4.8837,
	2.8761 4.89539,
	2.86942 4.9004,
	2.85606 4.9004,
	2.8427 4.89539,
	2.81765 4.87869,
	2.81097 4.87034,
	2.7976 4.87034,
	2.79092 4.86366,
	2.78591 4.86032,
	2.77422 4.84695,
	2.75919 4.82023,
	2.75919 4.81355,
	2.75084 4.80186,
	2.74917 4.79518,
	2.74416 4.7885,
	2.73915 4.77514,
	2.73581 4.76845,
	2.73581 4.76177,
	2.73581 4.75843,
	"/>
</Transform>

<Transform dim="0"
 xcoef=" 0 1 0 0 0 0"
 ycoef=" 0 0 1 0 0 0">
<Contour name="d03" hidden="false" closed="true" simplified="true" border="1 0 0.5" fill="1 0 0.5" mode="-11"
 points="3.49959 6.16537,
	3.50305 6.16364,
	3.50997 6.1671,
	3.51343 6.1671,
	3.52381 6.17748,
	3.53073 6.17921,
	3.53765 6.18613,
	3.54457 6.18959,
	3.55149 6.18959,
	3.55495 6.18959,
	3.56187 6.19478,
	3.56533 6.19478,
	3.57398 6.20689,
	3.57744 6.20862,
	3.56533 6.22245,
	3.56014 6.22937,
	3.5463 6.2311,
	3.53938 6.23629,
	3.52554 6.23629,
	3.51343 6.22764,
	3.50824 6.22245,
	3.50478 6.20862,
	3.50478 6.19478,
	3.50478 6.18786,
	3.50132 6.18613,
	3.49959 6.17229,
	3.49959 6.1671,
	"/>
</Transform>

<Transform dim="0"
 xcoef=" 0 1 0 0 0 0"
 ycoef=" 0 0 1 0 0 0">
<Contour name="d03p02" hidden="false" closed="true" simplified="false" border="0 0.251 0.502" fill="0.5 0 1" mode="11"
 points="3.66041 5.57662,
	3.64867 5.57271,
	3.66041 5.5688,
	3.65259 5.55706,
	3.66432 5.56489,
	3.66823 5.55315,
	3.67214 5.56489,
	3.68387 5.55706,
	3.67605 5.5688,
	3.68778 5.57271,
	3.67605 5.57662,
	3.68387 5.58835,
	3.67214 5.58053,
	3.66823 5.59226,
	3.66432 5.58053,
	3.65259 5.58835,
	"/>
</Transform>

<Transform dim="0"
 xcoef=" 0 1 0 0 0 0"
 ycoef=" 0 0 1 0 0 0">
<Contour name="d03p03" hidden="false" closed="true" simplified="false" border="0 0.251 0.502" fill="1 0 0.5" mode="-9"
 points="3.23805 5.40455,
	3.28498 5.40455,
	3.26152 5.44757,
	"/>
</Transform>

<Transform dim="0"
 xcoef=" 0 1 0 0 0 0"
 ycoef=" 0 0 1 0 0 0">
<Contour name="d03c03" hidden="false" closed="true" simplified="true" border="1 0 0" fill="1 0 0" mode="-11"
 points="2.89996 5.79482,
	2.90252 5.78801,
	2.90507 5.7846,
	2.90847 5.7829,
	2.91103 5.7846,
	2.91784 5.77864,
	2.91954 5.77779,
	2.93316 5.7812,
	2.94678 5.79056,
	2.9604 5.80333,
	2.98082 5.83057,
	2.99444 5.83993,
	3.00806 5.84589,
	3.01487 5.85014,
	3.01998 5.85695,
	3.02338 5.86376,
	3.02934 5.87057,
	3.03275 5.87398,
	3.03615 5.88079,
	3.037 5.8944,
	3.03785 5.90121,
	3.04381 5.90802,
	3.05658 5.91739,
	3.05828 5.91909,
	3.05828 5.92249,
	3.05147 5.92675,
	3.03785 5.92845,
	3.02423 5.9276,
	3.01062 5.92164,
	3.00381 5.91654,
	3.0004 5.91313,
	2.99274 5.89951,
	2.97997 5.88674,
	2.96635 5.87908,
	2.95274 5.87313,
	2.94593 5.86887,
	2.93316 5.85695,
	2.91699 5.82972,
	2.90762 5.8161,
	2.90252 5.80929,
	2.89996 5.80248,
	2.89996 5.79567,
	"/>
</Transform>

<Transform dim="0"
 xcoef=" 0 1 0 0 0 0"
 ycoef=" 0 0 1 0 0 0">
<Contour name="d03cfa03" hidden="false" closed="false" simplified="false" border="0 1 0.251" fill="0 1 0" mode="11"
 points="3.05041 5.92406,
	3.03679 5.9181,
	3.02742 5.90534,
	3.01551 5.89002,
	2.99934 5.87555,
	2.98487 5.86363,
	2.97295 5.85512,
	2.95933 5.84746,
	2.94486 5.83299,
	2.92869 5.81341,
	2.91677 5.79809,
	2.91677 5.77936,
	"/>
</Transform>

<Transform dim="0"
 xcoef=" 0 1 0 0 0 0"
 ycoef=" 0 0 1 0 0 0">
<Contour name="d03diap03" hidden="false" closed="false" simplified="false" border="0 1 1" fill="0 1 1" mode="-9"
 points="3.1407 5.93207,
	2.93608 5.73032,
	"/>
</Transform>

<Transform dim="0"
 xcoef=" 0 1 0 0 0 0"
 ycoef=" 0 0 1 0 0 0">
<Contour name="d06" hidden="false" closed="true" simplified="true" border="0 0 1" fill="0 0 1" mode="-11"
 points="2.63629 0.344229,
	2.68106 0.34143,
	2.77062 0.340031,
	2.78181 0.340031,
	2.78321 0.34143,
	2.78181 0.352624,
	2.78321 0.358222,
	2.79301 0.369416,
	2.79301 0.38061,
	2.79301 0.383409,
	2.78181 0.393204,
	2.77622 0.398801,
	2.76922 0.409996,
	2.75803 0.411395,
	2.73564 0.409996,
	2.72444 0.414194,
	2.71885 0.416992,
	2.69646 0.418392,
	2.69086 0.415593,
	2.68806 0.415593,
	2.67687 0.405798,
	2.66567 0.398801,
	2.66008 0.396003,
	2.65028 0.386208,
	2.64049 0.363819,
	2.63629 0.352624,
	2.63629 0.347027,
	2.63629 0.345628,
	"/>
</Transform>

<Transform dim="0"
 xcoef=" 0 1 0 0 0 0"
 ycoef=" 0 0 1 0 0 0">
<Contour name="d06" hidden="false" closed="true" simplified="true" border="0 0 1" fill="0 0 1" mode="-11"
 points="2.65497 1.31934,
	2.65942 1.3075,
	2.67422 1.28381,
	2.68459 1.27344,
	2.69644 1.26604,
	2.70236 1.26159,
	2.72605 1.25419,
	2.77343 1.25123,
	2.79713 1.24975,
	2.82082 1.24531,
	2.84451 1.2305,
	2.85636 1.22013,
	2.88005 1.20681,
	2.90374 1.1994,
	2.92743 1.19644,
	2.97482 1.19496,
	2.99851 1.19052,
	3.04589 1.17719,
	3.06958 1.16831,
	3.09327 1.15646,
	3.11697 1.14906,
	3.12289 1.14906,
	3.13474 1.14462,
	3.18212 1.13425,
	3.20581 1.12685,
	3.25319 1.11944,
	3.30058 1.115,
	3.34796 1.11352,
	3.35981 1.115,
	3.37165 1.11944,
	3.38202 1.12981,
	3.38794 1.13573,
	3.40275 1.15942,
	3.40719 1.16238,
	3.43385 1.20977,
	3.4531 1.23198,
	3.47679 1.24975,
	3.47975 1.25271,
	3.48271 1.25271,
	3.5064 1.26604,
	3.51233 1.26752,
	3.51529 1.27048,
	3.53898 1.27936,
	3.56267 1.28529,
	3.61005 1.28825,
	3.70482 1.27936,
	3.72851 1.27936,
	3.74036 1.27936,
	3.75221 1.28529,
	3.7759 1.30454,
	3.78182 1.31046,
	3.78922 1.32082,
	3.79367 1.32675,
	3.79663 1.32971,
	3.81292 1.37709,
	3.81884 1.38894,
	3.83365 1.43632,
	3.85586 1.48371,
	3.87363 1.5074,
	3.88251 1.51924,
	3.88695 1.52517,
	3.8914 1.53701,
	3.89288 1.54294,
	3.90916 1.56663,
	3.93286 1.58588,
	3.9447 1.59624,
	3.94914 1.5992,
	3.96543 1.6229,
	4.00393 1.71766,
	4.01134 1.74136,
	4.01874 1.78874,
	4.0291 1.81243,
	4.03651 1.82428,
	4.04095 1.8302,
	4.04835 1.85389,
	4.04984 1.86574,
	4.04835 1.87758,
	4.03799 1.88943,
	4.03207 1.89387,
	4.0291 1.89683,
	4.02614 1.89683,
	4.02318 1.89979,
	4.02022 1.89979,
	3.97876 1.93977,
	3.96691 1.94866,
	3.94322 1.95606,
	3.9373 1.95606,
	3.91361 1.96347,
	3.90176 1.96791,
	3.85438 1.97383,
	3.80699 1.97679,
	3.7833 1.97679,
	3.75961 1.97975,
	3.73592 1.97975,
	3.68853 1.9842,
	3.66484 1.9842,
	3.57007 1.96939,
	3.52269 1.96347,
	3.499 1.96051,
	3.47531 1.96495,
	3.45161 1.96495,
	3.40423 1.95458,
	3.30946 1.93977,
	3.26208 1.92349,
	3.25023 1.91904,
	3.15547 1.91016,
	3.0607 1.89831,
	3.03701 1.89387,
	2.94224 1.85537,
	2.91855 1.84501,
	2.91262 1.84205,
	2.89041 1.81983,
	2.88449 1.80799,
	2.88005 1.80207,
	2.88005 1.7991,
	2.87116 1.78726,
	2.84895 1.76505,
	2.85043 1.7532,
	2.85191 1.74728,
	2.84895 1.74136,
	2.83711 1.73099,
	2.83118 1.72507,
	2.82822 1.71914,
	2.82822 1.7073,
	2.83563 1.68361,
	2.84599 1.65991,
	2.84599 1.64807,
	2.84451 1.64215,
	2.83563 1.63178,
	2.82378 1.6229,
	2.80009 1.60957,
	2.78232 1.58588,
	2.77491 1.57403,
	2.76899 1.56811,
	2.75715 1.5607,
	2.7453 1.55626,
	2.73345 1.54886,
	2.72161 1.53849,
	2.71717 1.53257,
	2.71272 1.50888,
	2.71272 1.50296,
	2.70828 1.49111,
	2.7068 1.46742,
	2.7068 1.45557,
	2.70384 1.44373,
	2.69051 1.42003,
	2.67274 1.39634,
	2.6683 1.3845,
	2.65942 1.37413,
	2.65497 1.32675,
	2.65497 1.32082,
	"/>
</Transform>

<Transform dim="0"
 xcoef=" 0 1 0 0 0 0"
 ycoef=" 0 0 1 0 0 0">
<Contour name="Ax01" hidden="false" closed="true" simplified="true" border="1 0.501961 0" fill="1 0 0" mode="-11"
 points="5.55269 7.7507,
	5.5591 7.72507,
	5.57512 7.69944,
	5.58794 7.68662,
	5.636 7.66419,
	5.68727 7.64817,
	5.7129 7.63856,
	5.76416 7.60972,
	5.7898 7.60011,
	5.7962 7.5937,
	5.84747 7.57768,
	5.89874 7.55205,
	5.91155 7.54564,
	5.93398 7.56807,
	5.94039 7.57768,
	5.96282 7.59691,
	5.97884 7.62254,
	6.00447 7.72507,
	5.99806 7.7507,
	5.98204 7.77633,
	5.95641 7.79876,
	5.85388 7.86605,
	5.82825 7.87566,
	5.77698 7.87246,
	5.72571 7.85003,
	5.70008 7.84362,
	5.64882 7.84362,
	5.636 7.84362,
	5.58794 7.80517,
	5.56231 7.78595,
	5.55269 7.77313,
	5.55269 7.76031,
	5.55269 7.75391,
	"/>
</Transform>

<Transform dim="0"
 xcoef=" 0 1 0 0 0 0"
 ycoef=" 0 0 1 0 0 0">
<Contour name="Ax01B02ssvr106" hidden="false" closed="true" simplified="false" border="0.5 0 1" fill="0.5 0 1" mode="-9"
 points="5.63309 7.71767,
	5.62348 7.71447,
	5.63309 7.71126,
	5.62668 7.70165,
	5.6363 7.70806,
	5.6395 7.69844,
	5.6427 7.70806,
	5.65232 7.70165,
	5.64591 7.71126,
	5.65552 7.71447,
	5.64591 7.71767,
	5.65232 7.72728,
	5.6427 7.72087,
	5.6395 7.73049,
	5.6363 7.72087,
	5.62668 7.72728,
	"/>
<Contour name="Ax01B02ssvr107" hidden="false" closed="true" simplified="false" border="0.5 0 1" fill="0.5 0 1" mode="-9"
 points="5.6363 7.75612,
	5.62668 7.75291,
	5.6363 7.74971,
	5.62989 7.7401,
	5.6395 7.74651,
	5.6427 7.73689,
	5.64591 7.74651,
	5.65552 7.7401,
	5.64911 7.74971,
	5.65873 7.75291,
	5.64911 7.75612,
	5.65552 7.76573,
	5.64591 7.75932,
	5.6427 7.76894,
	5.6395 7.75932,
	5.62989 7.76573,
	"/>
<Contour name="Ax01B02ssvr108" hidden="false" closed="true" simplified="false" border="0.5 0 1" fill="0.5 0 1" mode="-9"
 points="5.65232 7.80098,
	5.6427 7.79777,
	5.65232 7.79457,
	5.64591 7.78496,
	5.65552 7.79136,
	5.65873 7.78175,
	5.66193 7.79136,
	5.67154 7.78496,
	5.66513 7.79457,
	5.67475 7.79777,
	5.66513 7.80098,
	5.67154 7.81059,
	5.66193 7.80418,
	5.65873 7.81379,
	5.65552 7.80418,
	5.64591 7.81059,
	"/>
<Contour name="Ax01B02ssvr109" hidden="false" closed="true" simplified="false" border="0.5 0 1" fill="0.5 0 1" mode="-9"
 points="5.7164 7.78816,
	5.70679 7.78496,
	5.7164 7.78175,
	5.70999 7.77214,
	5.7196 7.77855,
	5.72281 7.76894,
	5.72601 7.77855,
	5.73562 7.77214,
	5.72922 7.78175,
	5.73883 7.78496,
	5.72922 7.78816,
	5.73562 7.79777,
	5.72601 7.79136,
	5.72281 7.80098,
	5.7196 7.79136,
	5.70999 7.79777,
	"/>
<Contour name="Ax01B02ssvr110" hidden="false" closed="true" simplified="false" border="0.5 0 1" fill="0.5 0 1" mode="-9"
 points="5.7164 7.71126,
	5.70679 7.70806,
	5.7164 7.70485,
	5.70999 7.69524,
	5.7196 7.70165,
	5.72281 7.69204,
	5.72601 7.70165,
	5.73562 7.69524,
	5.72922 7.70485,
	5.73883 7.70806,
	5.72922 7.71126,
	5.73562 7.72087,
	5.72601 7.71447,
	5.72281 7.72408,
	5.7196 7.71447,
	5.70999 7.72087,
	"/>
<Contour name="Ax01B02ssvr111" hidden="false" closed="true" simplified="false" border="0.5 0 1" fill="0.5 0 1" mode="-9"
 points="5.76446 7.76894,
	5.75485 7.76573,
	5.76446 7.76253,
	5.75805 7.75291,
	5.76766 7.75932,
	5.77087 7.74971,
	5.77407 7.75932,
	5.78368 7.75291,
	5.77728 7.76253,
	5.78689 7.76573,
	5.77728 7.76894,
	5.78368 7.77855,
	5.77407 7.77214,
	5.77087 7.78175,
	5.76766 7.77214,
	5.75805 7.77855,
	"/>
<Contour name="Ax01B02ssvr112" hidden="false" closed="true" simplified="false" border="0.5 0 1" fill="0.5 0 1" mode="-9"
 points="5.82534 7.76894,
	5.81573 7.76573,
	5.82534 7.76253,
	5.81893 7.75291,
	5.82854 7.75932,
	5.83175 7.74971,
	5.83495 7.75932,
	5.84456 7.75291,
	5.83815 7.76253,
	5.84777 7.76573,
	5.83815 7.76894,
	5.84456 7.77855,
	5.83495 7.77214,
	5.83175 7.78175,
	5.82854 7.77214,
	5.81893 7.77855,
	"/>
<Contour name="Ax01B02ssvr113" hidden="false" closed="true" simplified="false" border="0.5 0 1" fill="0.5 0 1" mode="-9"
 points="5.7965 7.71447,
	5.78689 7.71126,
	5.7965 7.70806,
	5.79009 7.69844,
	5.79971 7.70485,
	5.80291 7.69524,
	5.80611 7.70485,
	5.81573 7.69844,
	5.80932 7.70806,
	5.81893 7.71126,
	5.80932 7.71447,
	5.81573 7.72408,
	5.80611 7.71767,
	5.80291 7.72728,
	5.79971 7.71767,
	5.79009 7.72408,
	"/>
<Contour name="Ax01B02ssvr114" hidden="false" closed="true" simplified="false" border="0.5 0 1" fill="0.5 0 1" mode="-9"
 points="5.77728 7.67602,
	5.76766 7.67281,
	5.77728 7.66961,
	5.77087 7.66,
	5.78048 7.6664,
	5.78368 7.65679,
	5.78689 7.6664,
	5.7965 7.66,
	5.79009 7.66961,
	5.79971 7.67281,
	5.79009 7.67602,
	5.7965 7.68563,
	5.78689 7.67922,
	5.78368 7.68883,
	5.78048 7.67922,
	5.77087 7.68563,
	"/>
<Contour name="Ax01B02ssvr115" hidden="false" closed="true" simplified="false" border="0.5 0 1" fill="0.5 0 1" mode="-9"
 points="5.81893 7.6664,
	5.80932 7.6632,
	5.81893 7.66,
	5.81252 7.65038,
	5.82213 7.65679,
	5.82534 7.64718,
	5.82854 7.65679,
	5.83815 7.65038,
	5.83175 7.66,
	5.84136 7.6632,
	5.83175 7.6664,
	5.83815 7.67602,
	5.82854 7.66961,
	5.82534 7.67922,
	5.82213 7.66961,
	5.81252 7.67602,
	"/>
<Contour name="Ax01B02ssvr116" hidden="false" closed="true" simplified="false" border="0.5 0 1" fill="0.5 0 1" mode="-9"
 points="5.83495 7.71126,
	5.82534 7.70806,
	5.83495 7.70485,
	5.82854 7.69524,
	5.83815 7.70165,
	5.84136 7.69204,
	5.84456 7.70165,
	5.85417 7.69524,
	5.84777 7.70485,
	5.85738 7.70806,
	5.84777 7.71126,
	5.85417 7.72087,
	5.84456 7.71447,
	5.84136 7.72408,
	5.83815 7.71447,
	5.82854 7.72087,
	"/>
<Contour name="Ax01B02ssvr117" hidden="false" closed="true" simplified="false" border="0.5 0 1" fill="0.5 0 1" mode="-9"
 points="5.88301 7.68563,
	5.8734 7.68242,
	5.88301 7.67922,
	5.8766 7.66961,
	5.88622 7.67602,
	5.88942 7.6664,
	5.89262 7.67602,
	5.90224 7.66961,
	5.89583 7.67922,
	5.90544 7.68242,
	5.89583 7.68563,
	5.90224 7.69524,
	5.89262 7.68883,
	5.88942 7.69844,
	5.88622 7.68883,
	5.8766 7.69524,
	"/>
<Contour name="Ax01B02ssvr118" hidden="false" closed="true" simplified="false" border="0.5 0 1" fill="0.5 0 1" mode="-9"
 points="5.86058 7.64077,
	5.85097 7.63757,
	5.86058 7.63436,
	5.85417 7.62475,
	5.86379 7.63116,
	5.86699 7.62155,
	5.8702 7.63116,
	5.87981 7.62475,
	5.8734 7.63436,
	5.88301 7.63757,
	5.8734 7.64077,
	5.87981 7.65038,
	5.8702 7.64398,
	5.86699 7.65359,
	5.86379 7.64398,
	5.85417 7.65038,
	"/>
<Contour name="Ax01B02ssvr119" hidden="false" closed="true" simplified="false" border="0.5 0 1" fill="0.5 0 1" mode="-9"
 points="5.91505 7.64077,
	5.90544 7.63757,
	5.91505 7.63436,
	5.90864 7.62475,
	5.91826 7.63116,
	5.92146 7.62155,
	5.92466 7.63116,
	5.93428 7.62475,
	5.92787 7.63436,
	5.93748 7.63757,
	5.92787 7.64077,
	5.93428 7.65038,
	5.92466 7.64398,
	5.92146 7.65359,
	5.91826 7.64398,
	5.90864 7.65038,
	"/>
</Transform>

<Transform dim="0"
 xcoef=" 0 1 0 0 0 0"
 ycoef=" 0 0 1 0 0 0">
<Contour name="Ax08B04ssvr88" hidden="false" closed="true" simplified="false" border="0.5 0 1" fill="0.5 0 1" mode="-9"
 points="2.20674 4.05492,
	2.19986 4.05263,
	2.20674 4.05034,
	2.20216 4.04347,
	2.20903 4.04805,
	2.21132 4.04118,
	2.21361 4.04805,
	2.22048 4.04347,
	2.2159 4.05034,
	2.22277 4.05263,
	2.2159 4.05492,
	2.22048 4.0618,
	2.21361 4.05722,
	2.21132 4.06409,
	2.20903 4.05722,
	2.20216 4.0618,
	"/>
<Contour name="Ax08B04ssvr89" hidden="false" closed="true" simplified="false" border="0.5 0 1" fill="0.5 0 1" mode="-9"
 points="2.16092 4.0366,
	2.15404 4.03431,
	2.16092 4.03201,
	2.15634 4.02514,
	2.16321 4.02972,
	2.1655 4.02285,
	2.16779 4.02972,
	2.17466 4.02514,
	2.17008 4.03201,
	2.17695 4.03431,
	2.17008 4.0366,
	2.17466 4.04347,
	2.16779 4.03889,
	2.1655 4.04576,
	2.16321 4.03889,
	2.15634 4.04347,
	"/>
<Contour name="Ax08B04ssvr90" hidden="false" closed="true" simplified="false" border="0.5 0 1" fill="0.5 0 1" mode="-9"
 points="2.16321 4.09845,
	2.15634 4.09616,
	2.16321 4.09387,
	2.15863 4.087,
	2.1655 4.09158,
	2.16779 4.08471,
	2.17008 4.09158,
	2.17695 4.087,
	2.17237 4.09387,
	2.17925 4.09616,
	2.17237 4.09845,
	2.17695 4.10533,
	2.17008 4.10074,
	2.16779 4.10762,
	2.1655 4.10074,
	2.15863 4.10533,
	"/>
<Contour name="Ax08B04ssvr91" hidden="false" closed="true" simplified="false" border="0.5 0 1" fill="0.5 0 1" mode="-9"
 points="2.15404 4.1626,
	2.14717 4.16031,
	2.15404 4.15802,
	2.14946 4.15115,
	2.15634 4.15573,
	2.15863 4.14886,
	2.16092 4.15573,
	2.16779 4.15115,
	2.16321 4.15802,
	2.17008 4.16031,
	2.16321 4.1626,
	2.16779 4.16947,
	2.16092 4.16489,
	2.15863 4.17177,
	2.15634 4.16489,
	2.14946 4.16947,
	"/>
<Contour name="Ax08B04ssvr92" hidden="false" closed="true" simplified="false" border="0.5 0 1" fill="0.5 0 1" mode="-9"
 points="2.12426 4.13282,
	2.11739 4.13053,
	2.12426 4.12824,
	2.11968 4.12136,
	2.12655 4.12595,
	2.12884 4.11907,
	2.13113 4.12595,
	2.13801 4.12136,
	2.13343 4.12824,
	2.1403 4.13053,
	2.13343 4.13282,
	2.13801 4.13969,
	2.13113 4.13511,
	2.12884 4.14198,
	2.12655 4.13511,
	2.11968 4.13969,
	"/>
<Contour name="Ax08B04ssvr93" hidden="false" closed="true" simplified="false" border="0.5 0 1" fill="0.5 0 1" mode="-9"
 points="2.17466 4.22217,
	2.16779 4.21988,
	2.17466 4.21759,
	2.17008 4.21071,
	2.17695 4.21529,
	2.17925 4.20842,
	2.18154 4.21529,
	2.18841 4.21071,
	2.18383 4.21759,
	2.1907 4.21988,
	2.18383 4.22217,
	2.18841 4.22904,
	2.18154 4.22446,
	2.17925 4.23133,
	2.17695 4.22446,
	2.17008 4.22904,
	"/>
<Contour name="Ax08B04ssvr94" hidden="false" closed="true" simplified="false" border="0.5 0 1" fill="0.5 0 1" mode="-9"
 points="2.14259 4.26799,
	2.13572 4.2657,
	2.14259 4.26341,
	2.13801 4.25653,
	2.14488 4.26111,
	2.14717 4.25424,
	2.14946 4.26111,
	2.15634 4.25653,
	2.15175 4.26341,
	2.15863 4.2657,
	2.15175 4.26799,
	2.15634 4.27486,
	2.14946 4.27028,
	2.14717 4.27715,
	2.14488 4.27028,
	2.13801 4.27486,
	"/>
<Contour name="Ax08B04ssvr95" hidden="false" closed="true" simplified="false" border="0.5 0 1" fill="0.5 0 1" mode="-9"
 points="2.09448 4.25195,
	2.08761 4.24966,
	2.09448 4.24737,
	2.0899 4.2405,
	2.09677 4.24508,
	2.09906 4.2382,
	2.10135 4.24508,
	2.10822 4.2405,
	2.10364 4.24737,
	2.11052 4.24966,
	2.10364 4.25195,
	2.10822 4.25882,
	2.10135 4.25424,
	2.09906 4.26111,
	2.09677 4.25424,
	2.0899 4.25882,
	"/>
<Contour name="Ax08B04ssvr96" hidden="false" closed="true" simplified="false" border="0.5 0 1" fill="0.5 0 1" mode="-9"
 points="2.09448 4.3665,
	2.08761 4.36421,
	2.09448 4.36192,
	2.0899 4.35505,
	2.09677 4.35963,
	2.09906 4.35275,
	2.10135 4.35963,
	2.10822 4.35505,
	2.10364 4.36192,
	2.11052 4.36421,
	2.10364 4.3665,
	2.10822 4.37337,
	2.10135 4.36879,
	2.09906 4.37566,
	2.09677 4.36879,
	2.0899 4.37337,
	"/>
<Contour name="Ax08B04ssvr97" hidden="false" closed="true" simplified="false" border="0.5 0 1" fill="0.5 0 1" mode="-9"
 points="2.04408 4.38941,
	2.0372 4.38712,
	2.04408 4.38483,
	2.03949 4.37796,
	2.04637 4.38254,
	2.04866 4.37566,
	2.05095 4.38254,
	2.05782 4.37796,
	2.05324 4.38483,
	2.06011 4.38712,
	2.05324 4.38941,
	2.05782 4.39628,
	2.05095 4.3917,
	2.04866 4.39857,
	2.04637 4.3917,
	2.03949 4.39628,
	"/>
<Contour name="Ax08B04ssvr98" hidden="false" closed="true" simplified="false" border="0.5 0 1" fill="0.5 0 1" mode="-9"
 points="2.00284 4.34817,
	1.99597 4.34588,
	2.00284 4.34359,
	1.99826 4.33672,
	2.00513 4.3413,
	2.00742 4.33443,
	2.00971 4.3413,
	2.01658 4.33672,
	2.012 4.34359,
	2.01888 4.34588,
	2.012 4.34817,
	2.01658 4.35505,
	2.00971 4.35046,
	2.00742 4.35734,
	2.00513 4.35046,
	1.99826 4.35505,
	"/>
<Contour name="Ax08B04ssvr99" hidden="false" closed="true" simplified="false" border="0.5 0 1" fill="0.5 0 1" mode="-9"
 points="2.03033 4.28402,
	2.02346 4.28173,
	2.03033 4.27944,
	2.02575 4.27257,
	2.03262 4.27715,
	2.03491 4.27028,
	2.0372 4.27715,
	2.04408 4.27257,
	2.03949 4.27944,
	2.04637 4.28173,
	2.03949 4.28402,
	2.04408 4.2909,
	2.0372 4.28632,
	2.03491 4.29319,
	2.03262 4.28632,
	2.02575 4.2909,
	"/>
<Contour name="Ax08B04ssvr100" hidden="false" closed="true" simplified="false" border="0.5 0 1" fill="0.5 0 1" mode="-9"
 points="1.99367 4.25882,
	1.9868 4.25653,
	1.99367 4.25424,
	1.98909 4.24737,
	1.99597 4.25195,
	1.99826 4.24508,
	2.00055 4.25195,
	2.00742 4.24737,
	2.00284 4.25424,
	2.00971 4.25653,
	2.00284 4.25882,
	2.00742 4.2657,
	2.00055 4.26111,
	1.99826 4.26799,
	1.99597 4.26111,
	1.98909 4.2657,
	"/>
<Contour name="Ax08B04ssvr101" hidden="false" closed="true" simplified="false" border="0.5 0 1" fill="0.5 0 1" mode="-9"
 points="1.93411 4.21529,
	1.92724 4.213,
	1.93411 4.21071,
	1.92953 4.20384,
	1.9364 4.20842,
	1.93869 4.20155,
	1.94098 4.20842,
	1.94785 4.20384,
	1.94327 4.21071,
	1.95015 4.213,
	1.94327 4.21529,
	1.94785 4.22217,
	1.94098 4.21759,
	1.93869 4.22446,
	1.9364 4.21759,
	1.92953 4.22217,
	"/>
<Contour name="Ax08B04ssvr102" hidden="false" closed="true" simplified="false" border="0.5 0 1" fill="0.5 0 1" mode="-9"
 points="1.87225 4.20155,
	1.86538 4.19926,
	1.87225 4.19697,
	1.86767 4.19009,
	1.87454 4.19468,
	1.87683 4.1878,
	1.87912 4.19468,
	1.886 4.19009,
	1.88142 4.19697,
	1.88829 4.19926,
	1.88142 4.20155,
	1.886 4.20842,
	1.87912 4.20384,
	1.87683 4.21071,
	1.87454 4.20384,
	1.86767 4.20842,
	"/>
<Contour name="Ax08B04ssvr103" hidden="false" closed="true" simplified="false" border="0.5 0 1" fill="0.5 0 1" mode="-9"
 points="1.87454 4.25424,
	1.86767 4.25195,
	1.87454 4.24966,
	1.86996 4.24279,
	1.87683 4.24737,
	1.87912 4.2405,
	1.88142 4.24737,
	1.88829 4.24279,
	1.88371 4.24966,
	1.89058 4.25195,
	1.88371 4.25424,
	1.88829 4.26111,
	1.88142 4.25653,
	1.87912 4.26341,
	1.87683 4.25653,
	1.86996 4.26111,
	"/>
<Contour name="Ax08B04ssvr104" hidden="false" closed="true" simplified="false" border="0.5 0 1" fill="0.5 0 1" mode="-9"
 points="1.92953 4.2909,
	1.92265 4.28861,
	1.92953 4.28632,
	1.92494 4.27944,
	1.93182 4.28402,
	1.93411 4.27715,
	1.9364 4.28402,
	1.94327 4.27944,
	1.93869 4.28632,
	1.94556 4.28861,
	1.93869 4.2909,
	1.94327 4.29777,
	1.9364 4.29319,
	1.93411 4.30006,
	1.93182 4.29319,
	1.92494 4.29777,
	"/>
<Contour name="Ax08B04ssvr105" hidden="false" closed="true" simplified="false" border="0.5 0 1" fill="0.5 0 1" mode="-9"
 points="1.93869 4.34359,
	1.93182 4.3413,
	1.93869 4.33901,
	1.93411 4.33214,
	1.94098 4.33672,
	1.94327 4.32984,
	1.94556 4.33672,
	1.95244 4.33214,
	1.94785 4.33901,
	1.95473 4.3413,
	1.94785 4.34359,
	1.95244 4.35046,
	1.94556 4.34588,
	1.94327 4.35275,
	1.94098 4.34588,
	1.93411 4.35046,
	"/>
<Contour name="Ax08B04ssvr106" hidden="false" closed="true" simplified="false" border="0.5 0 1" fill="0.5 0 1" mode="-9"
 points="1.84018 4.30923,
	1.8333 4.30693,
	1.84018 4.30464,
	1.8356 4.29777,
	1.84247 4.30235,
	1.84476 4.29548,
	1.84705 4.30235,
	1.85392 4.29777,
	1.84934 4.30464,
	1.85621 4.30693,
	1.84934 4.30923,
	1.85392 4.3161,
	1.84705 4.31152,
	1.84476 4.31839,
	1.84247 4.31152,
	1.8356 4.3161,
	"/>
<Contour name="Ax08B04ssvr107" hidden="false" closed="true" simplified="false" border="0.5 0 1" fill="0.5 0 1" mode="-9"
 points="1.84934 4.39399,
	1.84247 4.3917,
	1.84934 4.38941,
	1.84476 4.38254,
	1.85163 4.38712,
	1.85392 4.38025,
	1.85621 4.38712,
	1.86309 4.38254,
	1.85851 4.38941,
	1.86538 4.3917,
	1.85851 4.39399,
	1.86309 4.40087,
	1.85621 4.39628,
	1.85392 4.40316,
	1.85163 4.39628,
	1.84476 4.40087,
	"/>
<Contour name="Ax08B04ssvr108" hidden="false" closed="true" simplified="false" border="0.5 0 1" fill="0.5 0 1" mode="-9"
 points="1.99138 4.41232,
	1.98451 4.41003,
	1.99138 4.40774,
	1.9868 4.40087,
	1.99367 4.40545,
	1.99597 4.39857,
	1.99826 4.40545,
	2.00513 4.40087,
	2.00055 4.40774,
	2.00742 4.41003,
	2.00055 4.41232,
	2.00513 4.41919,
	1.99826 4.41461,
	1.99597 4.42148,
	1.99367 4.41461,
	1.9868 4.41919,
	"/>
<Contour name="Ax08B04ssvr109" hidden="false" closed="true" simplified="false" border="0.5 0 1" fill="0.5 0 1" mode="-9"
 points="1.95702 4.4421,
	1.95015 4.43981,
	1.95702 4.43752,
	1.95244 4.43065,
	1.95931 4.43523,
	1.9616 4.42836,
	1.96389 4.43523,
	1.97076 4.43065,
	1.96618 4.43752,
	1.97306 4.43981,
	1.96618 4.4421,
	1.97076 4.44898,
	1.96389 4.44439,
	1.9616 4.45127,
	1.95931 4.44439,
	1.95244 4.44898,
	"/>
<Contour name="Ax08B04ssvr110" hidden="false" closed="true" simplified="false" border="0.5 0 1" fill="0.5 0 1" mode="-9"
 points="1.91578 4.42378,
	1.90891 4.42148,
	1.91578 4.41919,
	1.9112 4.41232,
	1.91807 4.4169,
	1.92036 4.41003,
	1.92265 4.4169,
	1.92953 4.41232,
	1.92494 4.41919,
	1.93182 4.42148,
	1.92494 4.42378,
	1.92953 4.43065,
	1.92265 4.42607,
	1.92036 4.43294,
	1.91807 4.42607,
	1.9112 4.43065,
	"/>
<Contour name="Ax08B04ssvr111" hidden="false" closed="true" simplified="false" border="0.5 0 1" fill="0.5 0 1" mode="-9"
 points="1.88371 4.45585,
	1.87683 4.45356,
	1.88371 4.45127,
	1.87912 4.44439,
	1.886 4.44898,
	1.88829 4.4421,
	1.89058 4.44898,
	1.89745 4.44439,
	1.89287 4.45127,
	1.89974 4.45356,
	1.89287 4.45585,
	1.89745 4.46272,
	1.89058 4.45814,
	1.88829 4.46501,
	1.886 4.45814,
	1.87912 4.46272,
	"/>
<Contour name="Ax08B04ssvr112" hidden="false" closed="true" simplified="false" border="0.5 0 1" fill="0.5 0 1" mode="-9"
 points="1.84476 4.55665,
	1.83789 4.55436,
	1.84476 4.55207,
	1.84018 4.5452,
	1.84705 4.54978,
	1.84934 4.54291,
	1.85163 4.54978,
	1.85851 4.5452,
	1.85392 4.55207,
	1.8608 4.55436,
	1.85392 4.55665,
	1.85851 4.56353,
	1.85163 4.55894,
	1.84934 4.56582,
	1.84705 4.55894,
	1.84018 4.56353,
	"/>
<Contour name="Ax08B04ssvr113" hidden="false" closed="true" simplified="false" border="0.5 0 1" fill="0.5 0 1" mode="-9"
 points="1.81269 4.70557,
	1.80581 4.70328,
	1.81269 4.70099,
	1.8081 4.69411,
	1.81498 4.6987,
	1.81727 4.69182,
	1.81956 4.6987,
	1.82643 4.69411,
	1.82185 4.70099,
	1.82872 4.70328,
	1.82185 4.70557,
	1.82643 4.71244,
	1.81956 4.70786,
	1.81727 4.71473,
	1.81498 4.70786,
	1.8081 4.71244,
	"/>
<Contour name="Ax08B04ssvr114" hidden="false" closed="true" simplified="false" border="0.5 0 1" fill="0.5 0 1" mode="-9"
 points="1.63857 4.68037,
	1.6317 4.67808,
	1.63857 4.67579,
	1.63399 4.66891,
	1.64086 4.67349,
	1.64315 4.66662,
	1.64544 4.67349,
	1.65231 4.66891,
	1.64773 4.67579,
	1.65461 4.67808,
	1.64773 4.68037,
	1.65231 4.68724,
	1.64544 4.68266,
	1.64315 4.68953,
	1.64086 4.68266,
	1.63399 4.68724,
	"/>
<Contour name="Ax08B04ssvr115" hidden="false" closed="true" simplified="false" border="0.5 0 1" fill="0.5 0 1" mode="-9"
 points="1.51715 4.75826,
	1.51027 4.75597,
	1.51715 4.75368,
	1.51256 4.74681,
	1.51944 4.75139,
	1.52173 4.74452,
	1.52402 4.75139,
	1.53089 4.74681,
	1.52631 4.75368,
	1.53318 4.75597,
	1.52631 4.75826,
	1.53089 4.76513,
	1.52402 4.76055,
	1.52173 4.76743,
	1.51944 4.76055,
	1.51256 4.76513,
	"/>
<Contour name="Ax08B04ssvr116" hidden="false" closed="true" simplified="false" border="0.5 0 1" fill="0.5 0 1" mode="-9"
 points="1.43238 4.6964,
	1.42551 4.69411,
	1.43238 4.69182,
	1.4278 4.68495,
	1.43467 4.68953,
	1.43696 4.68266,
	1.43925 4.68953,
	1.44612 4.68495,
	1.44154 4.69182,
	1.44842 4.69411,
	1.44154 4.6964,
	1.44612 4.70328,
	1.43925 4.6987,
	1.43696 4.70557,
	1.43467 4.6987,
	1.4278 4.70328,
	"/>
</Transform>

<Transform dim="1"
 xcoef=" 0.03 1 0 0 0 0"
 ycoef=" 0.129999999999999 0 1 0 0 0">
<Contour name="Brick Analysis" hidden="false" closed="false" simplified="true" border="1 0 0" fill="1 0 1" mode="9"
 points="2.44533 8.41885,
	2.44533 6.66885,
	2.44533 3.16885,
	5.94533 3.16885,
	5.94533 1.41885,
	"/>
<Contour name="Brick Analysis" hidden="false" closed="false" simplified="true" border="0 1 0" fill="1 0 1" mode="9"
 points="2.44533 6.66885,
	5.94533 6.66885,
	5.94533 3.16885,
	"/>
</Transform>

<Transform dim="0"
 xcoef=" 0 1 0 0 0 0"
 ycoef=" 0 0 1 0 0 0">
<Contour name="Brax01" hidden="false" closed="true" simplified="true" border="1 0.502 0" fill="1 0.501961 0" mode="-9"
 points="4.11812 4.27721,
	4.11812 4.26852,
	4.12681 4.25983,
	4.13551 4.25983,
	4.1442 4.26852,
	4.1442 4.27721,
	4.13551 4.2859,
	4.12681 4.2859,
	"/>
</Transform>

<Transform dim="0"
 xcoef=" 0 1 0 0 0 0"
 ycoef=" 0 0 1 0 0 0">
<Contour name="Brax02" hidden="false" closed="true" simplified="false" border="0.502 0 1" fill="0.5 0 1" mode="-9"
 points="5.45674 4.62056,
	5.4437 4.61621,
	5.45674 4.61187,
	5.44804 4.59883,
	5.46108 4.60752,
	5.46543 4.59448,
	5.46977 4.60752,
	5.48281 4.59883,
	5.47412 4.61187,
	5.48716 4.61621,
	5.47412 4.62056,
	5.48281 4.6336,
	5.46977 4.6249,
	5.46543 4.63794,
	5.46108 4.6249,
	5.44804 4.6336,
	"/>
</Transform>

<Transform dim="0"
 xcoef=" 0 1 0 0 0 0"
 ycoef=" 0 0 1 0 0 0">
<Contour name="Brax05" hidden="false" closed="true" simplified="false" border="1 1 0" fill="1 1 0" mode="-11"
 points="5.29411 3.70888,
	5.29411 3.64809,
	5.23332 3.64809,
	5.23332 3.70128,
	5.22572 3.70888,
	5.22572 3.6405,
	5.30171 3.6405,
	5.30171 3.71648,
	5.22572 3.71648,
	5.23332 3.70888,
	"/>
</Transform>

<Transform dim="0"
 xcoef=" 0 1 0 0 0 0"
 ycoef=" 0 0 1 0 0 0">
<Contour name="Brax06" hidden="false" closed="true" simplified="false" border="0 0 1" fill="0 0 1" mode="-9"
 points="4.02515 5.64651,
	3.99856 5.61992,
	4.02515 5.59332,
	4.05175 5.61992,
	"/>
</Transform>

<Transform dim="0"
 xcoef=" 0 1 0 0 0 0"
 ycoef=" 0 0 1 0 0 0">
<Contour name="Brax09" hidden="false" closed="true" simplified="false" border="0 1 0" fill="0 1 0" mode="-9"
 points="5.92479 5.91246,
	5.92479 5.88207,
	5.95519 5.88207,
	5.95519 5.85168,
	5.98558 5.85168,
	5.98558 5.88207,
	6.01597 5.88207,
	6.01597 5.91246,
	5.98558 5.91246,
	5.98558 5.94286,
	5.95519 5.94286,
	5.95519 5.91246,
	"/>
</Transform>

<Transform dim="0"
 xcoef=" 0 1 0 0 0 0"
 ycoef=" 0 0 1 0 0 0">
<Contour name="Brax11" hidden="false" closed="true" simplified="false" border="0 1 0.251" fill="0 1 0" mode="-9"
 points="5.3473 6.2696,
	5.3473 6.262,
	5.3549 6.2544,
	5.3625 6.2544,
	5.3701 6.262,
	5.3701 6.2696,
	5.3625 6.27719,
	5.3549 6.27719,
	"/>
</Transform>

<Transform dim="0"
 xcoef=" 0 1 0 0 0 0"
 ycoef=" 0 0 1 0 0 0">
<Contour name="Brax13" hidden="false" closed="true" simplified="false" border="1 0 0.5" fill="1 0 0.5" mode="-9"
 points="3.32608 6.16702,
	3.37168 6.16702,
	3.34888 6.20881,
	"/>
</Transform>

<Transform dim="0"
 xcoef=" 0 1 0 0 0 0"
 ycoef=" 0 0 1 0 0 0">
<Contour name="Brax15" hidden="false" closed="true" simplified="false" border="1 1 0" fill="1 1 0" mode="-13"
 points="4.40508 5.99225,
	4.40508 5.93146,
	4.34429 5.93146,
	4.34429 5.98465,
	4.33669 5.99225,
	4.33669 5.92386,
	4.41268 5.92386,
	4.41268 5.99985,
	4.33669 5.99985,
	4.34429 5.99225,
	"/>
</Transform>

<Transform dim="0"
 xcoef=" 0 1 0 0 0 0"
 ycoef=" 0 0 1 0 0 0">
<Contour name="Brax16" hidden="false" closed="true" simplified="false" border="0 0 1" fill="0 0 1" mode="-9"
 points="5.41189 5.43755,
	5.38529 5.41096,
	5.41189 5.38436,
	5.43848 5.41096,
	"/>
</Transform>

<Transform dim="0"
 xcoef=" 0 1 0 0 0 0"
 ycoef=" 0 0 1 0 0 0">
<Contour name="Brax18" hidden="false" closed="true" simplified="false" border="1 0 0" fill="1 0 0" mode="-9"
 points="4.59504 4.94745,
	4.57225 4.94745,
	4.57225 4.95884,
	4.58365 4.97024,
	4.61784 4.98164,
	4.59504 4.99304,
	4.58365 5.01583,
	4.56085 4.99304,
	4.54945 4.97024,
	4.54945 4.94745,
	4.52666 4.94745,
	4.56085 4.92465,
	"/>
</Transform>

<Transform dim="0"
 xcoef=" 0 1 0 0 0 0"
 ycoef=" 0 0 1 0 0 0">
<Contour name="Brax19" hidden="false" closed="true" simplified="false" border="0 1 0" fill="0 1 0" mode="-9"
 points="5.04716 6.83189,
	5.04716 6.80149,
	5.07755 6.80149,
	5.07755 6.7711,
	5.10795 6.7711,
	5.10795 6.80149,
	5.13834 6.80149,
	5.13834 6.83189,
	5.10795 6.83189,
	5.10795 6.86228,
	5.07755 6.86228,
	5.07755 6.83189,
	"/>
</Transform>

<Transform dim="0"
 xcoef=" 0 1 0 0 0 0"
 ycoef=" 0 0 1 0 0 0">
<Contour name="Brax20" hidden="false" closed="true" simplified="false" border="0 1 1" fill="0 1 1" mode="-9"
 points="3.10953 6.34558,
	3.12472 6.33038,
	3.06393 6.2696,
	3.07913 6.2544,
	3.13992 6.31519,
	3.15512 6.29999,
	3.15512 6.34558,
	"/>
</Transform>

<Transform dim="0"
 xcoef=" 0 1 0 0 0 0"
 ycoef=" 0 0 1 0 0 0">
<Contour name="Brax21" hidden="false" closed="true" simplified="false" border="1 0.502 0" fill="1 0.502 0" mode="-9"
 points="3.74763 3.3579,
	3.74763 3.35072,
	3.75481 3.34354,
	3.76199 3.34354,
	3.76917 3.35072,
	3.76917 3.3579,
	3.76199 3.36508,
	3.75481 3.36508,
	"/>
</Transform>

<Transform dim="0"
 xcoef=" 0 1 0 0 0 0"
 ycoef=" 0 0 1 0 0 0">
<Contour name="Brax22" hidden="false" closed="true" simplified="false" border="0.502 0 1" fill="0.5 0 1" mode="-9"
 points="6.22834 6.57766,
	6.21677 6.57381,
	6.22834 6.56995,
	6.22062 6.55837,
	6.2322 6.56609,
	6.23606 6.55451,
	6.23992 6.56609,
	6.2515 6.55837,
	6.24378 6.56995,
	6.25536 6.57381,
	6.24378 6.57766,
	6.2515 6.58924,
	6.23992 6.58152,
	6.23606 6.5931,
	6.2322 6.58152,
	6.22062 6.58924,
	"/>
</Transform>

<Transform dim="0"
 xcoef=" 0 1 0 0 0 0"
 ycoef=" 0 0 1 0 0 0">
<Contour name="Brax23" hidden="false" closed="true" simplified="false" border="1 0 0.502" fill="1 0 0.5" mode="-9"
 points="6.20905 4.25063,
	6.25536 4.25063,
	6.2322 4.29308,
	"/>
</Transform>

<Transform dim="0"
 xcoef=" 0 1 0 0 0 0"
 ycoef=" 0 0 1 0 0 0">
<Contour name="Brax24" hidden="false" closed="true" simplified="false" border="1 0 0" fill="1 0 0" mode="-9"
 points="4.62296 4.10784,
	4.64225 4.08082,
	4.62296 4.05381,
	4.63453 4.05381,
	4.64997 4.07697,
	4.66541 4.05381,
	4.67698 4.05381,
	4.65769 4.08082,
	4.67698 4.10784,
	4.66541 4.10784,
	4.64997 4.08468,
	4.63453 4.10784,
	"/>
</Transform>

<Transform dim="0"
 xcoef=" 0 1 0 0 0 0"
 ycoef=" 0 0 1 0 0 0">
<Contour name="Brax26" hidden="false" closed="true" simplified="false" border="0 0 1" fill="0 0 1" mode="-9"
 points="3.42663 6.85552,
	3.39962 6.82851,
	3.42663 6.80149,
	3.45365 6.82851,
	"/>
</Transform>

<Transform dim="0"
 xcoef=" 0 1 0 0 0 0"
 ycoef=" 0 0 1 0 0 0">
<Contour name="Brax27" hidden="false" closed="true" simplified="false" border="1 0 1" fill="1 0 1" mode="-9"
 points="3.06241 5.00026,
	3.06241 4.98856,
	3.07411 4.97686,
	3.08581 4.97686,
	3.09752 4.98856,
	3.09752 5.00026,
	3.08581 5.01196,
	3.07411 5.01196,
	"/>
</Transform>

<Transform dim="0"
 xcoef=" 0 1 0 0 0 0"
 ycoef=" 0 0 1 0 0 0">
<Contour name="Brax28" hidden="false" closed="true" simplified="false" border="1 0 0" fill="1 0 0" mode="-9"
 points="3.37833 4.51469,
	3.36078 4.51469,
	3.36078 4.52347,
	3.36955 4.53225,
	3.39588 4.54102,
	3.37833 4.5498,
	3.36955 4.56735,
	3.352 4.5498,
	3.34322 4.53225,
	3.34322 4.51469,
	3.32567 4.51469,
	3.352 4.49714,
	"/>
</Transform>

<Transform dim="0"
 xcoef=" 0 1 0 0 0 0"
 ycoef=" 0 0 1 0 0 0">
<Contour name="Brax29" hidden="false" closed="true" simplified="false" border="0 1 0" fill="0 1 0" mode="-9"
 points="6.00649 5.17389,
	6.00649 5.1374,
	6.04298 5.1374,
	6.04298 5.10091,
	6.07947 5.10091,
	6.07947 5.1374,
	6.11596 5.1374,
	6.11596 5.17389,
	6.07947 5.17389,
	6.07947 5.21038,
	6.04298 5.21038,
	6.04298 5.17389,
	"/>
</Transform>

<Transform dim="0"
 xcoef=" 0 1 0 0 0 0"
 ycoef=" 0 0 1 0 0 0">
<Contour name="Brax30" hidden="false" closed="true" simplified="false" border="0 1 1" fill="0 1 1" mode="-9"
 points="2.87132 5.94576,
	2.88613 5.93094,
	2.82686 5.87166,
	2.84168 5.85684,
	2.90095 5.91612,
	2.91577 5.9013,
	2.91577 5.94576,
	"/>
</Transform>

<Transform dim="0"
 xcoef=" 0 1 0 0 0 0"
 ycoef=" 0 0 1 0 0 0">
<Contour name="Brax33" hidden="false" closed="true" simplified="false" border="1 0 0.5" fill="1 0 0.5" mode="-9"
 points="5.55422 4.97177,
	5.60715 4.97177,
	5.58069 5.02029,
	"/>
</Transform>

<Transform dim="0"
 xcoef=" 0 1 0 0 0 0"
 ycoef=" 0 0 1 0 0 0">
<Contour name="Brax34" hidden="false" closed="true" simplified="false" border="1 0 0" fill="1 0 0" mode="-13"
 points="5.73505 6.48894,
	5.7571 6.45806,
	5.73505 6.42719,
	5.74828 6.42719,
	5.76592 6.45365,
	5.78356 6.42719,
	5.79679 6.42719,
	5.77474 6.45806,
	5.79679 6.48894,
	5.78356 6.48894,
	5.76592 6.46247,
	5.74828 6.48894,
	"/>
</Transform>

<Transform dim="0"
 xcoef=" 0 1 0 0 0 0"
 ycoef=" 0 0 1 0 0 0">
<Contour name="Brax40" hidden="false" closed="true" simplified="false" border="0 1 1" fill="0 1 1" mode="-9"
 points="6.62594 5.43927,
	6.64358 5.42163,
	6.57302 5.35106,
	6.59066 5.33342,
	6.66122 5.40399,
	6.67887 5.38635,
	6.67887 5.43927,
	"/>
</Transform>

<Transform dim="0"
 xcoef=" 0 1 0 0 0 0"
 ycoef=" 0 0 1 0 0 0">
<Contour name="d06p03" hidden="false" closed="true" simplified="false" border="1 0 0.502" fill="1 0 0.5" mode="-9"
 points="3.77247 1.63994,
	3.81109 1.63994,
	3.79178 1.67535,
	"/>
</Transform>

<Transform dim="0"
 xcoef=" 0 1 0 0 0 0"
 ycoef=" 0 0 1 0 0 0">
<Contour name="d06c03" hidden="false" closed="true" simplified="true" border="0 1 0" fill="0 1 0" mode="-9"
 points="3.80357 1.37455,
	3.80713 1.37099,
	3.81424 1.37099,
	3.82669 1.37988,
	3.82669 1.38344,
	3.83913 1.39233,
	3.84091 1.387,
	3.8498 1.41545,
	3.85336 1.42256,
	3.85692 1.42612,
	3.86936 1.45457,
	3.87292 1.46701,
	3.87648 1.47413,
	3.88003 1.47768,
	3.88181 1.4848,
	3.88892 1.49191,
	3.89781 1.50436,
	3.90137 1.51147,
	3.90493 1.51503,
	3.9156 1.54348,
	3.91737 1.55059,
	3.91737 1.55415,
	3.92271 1.55948,
	3.92449 1.57371,
	3.92449 1.58082,
	3.91026 1.5826,
	3.89604 1.58082,
	3.88359 1.56837,
	3.88359 1.56482,
	3.87292 1.55059,
	3.86758 1.54348,
	3.86581 1.53636,
	3.8498 1.51147,
	3.84091 1.49724,
	3.83558 1.48302,
	3.83024 1.47591,
	3.82846 1.46879,
	3.82491 1.46524,
	3.81779 1.43679,
	3.80713 1.40833,
	3.80357 1.39411,
	3.80357 1.37988,
	3.80357 1.37633,
	"/>
<Contour name="d06c03" hidden="false" closed="true" simplified="true" border="0 1 0" fill="0 1 0" mode="-9"
 points="3.93871 1.61105,
	3.94405 1.59682,
	3.95116 1.59149,
	3.96539 1.59327,
	3.9725 1.60038,
	3.97605 1.60394,
	3.97783 1.61105,
	3.99206 1.6235,
	3.99739 1.62883,
	3.99561 1.63239,
	4.00095 1.6395,
	4.00095 1.64306,
	4.01695 1.66973,
	4.02584 1.68396,
	4.02762 1.69107,
	4.03118 1.69462,
	4.04185 1.72308,
	4.0454 1.73019,
	4.04896 1.73374,
	4.05785 1.7622,
	4.05074 1.79065,
	4.04185 1.80487,
	4.03651 1.81021,
	4.0294 1.81199,
	4.02229 1.81021,
	4.01162 1.79776,
	4.00806 1.79065,
	4.00806 1.78709,
	4.00451 1.78531,
	4.00273 1.7782,
	3.99917 1.77464,
	3.99561 1.76042,
	3.99561 1.74619,
	3.9885 1.71774,
	3.98495 1.70352,
	3.98139 1.70174,
	3.98139 1.69818,
	3.96361 1.67151,
	3.95294 1.65728,
	3.9476 1.65017,
	3.94583 1.64306,
	3.94227 1.6395,
	3.93871 1.62527,
	3.93871 1.61283,
	"/>
<Contour name="d06cfa03" hidden="false" closed="false" simplified="false" border="0 1 1" fill="0 1 1" mode="-9"
 points="3.92102 1.58839,
	3.88723 1.54394,
	3.83567 1.45147,
	3.81255 1.36968,
	"/>
<Contour name="d06cfa03" hidden="false" closed="false" simplified="false" border="0 1 1" fill="0 1 1" mode="-9"
 points="4.02593 1.81245,
	4.01171 1.75199,
	3.98859 1.68442,
	3.94236 1.59729,
	"/>
</Transform>

<Transform dim="0"
 xcoef=" 0 1 0 0 0 0"
 ycoef=" 0 0 1 0 0 0">
<Contour name="d09" hidden="false" closed="true" simplified="true" border="0 1 0" fill="0 1 0" mode="11"
 points="2.18272 4.30142,
	2.20156 4.24304,
	2.20532 4.2355,
	2.23357 4.21479,
	2.23922 4.20914,
	2.24676 4.20725,
	2.25994 4.19784,
	2.26747 4.19407,
	2.27124 4.1903,
	2.27501 4.1903,
	2.28442 4.18089,
	2.29195 4.179,
	2.30702 4.16959,
	2.32209 4.16394,
	2.35222 4.16582,
	2.36729 4.17147,
	2.37482 4.17524,
	2.38235 4.18277,
	2.38612 4.1903,
	2.39177 4.25057,
	2.39177 4.2581,
	2.39742 4.26564,
	2.40684 4.29577,
	2.4106 4.29953,
	2.41249 4.30707,
	2.4219 4.31837,
	2.43132 4.33343,
	2.4332 4.3485,
	2.42943 4.36357,
	2.42755 4.3711,
	2.42002 4.37863,
	2.41249 4.38052,
	2.40872 4.38428,
	2.39365 4.38805,
	2.33339 4.39182,
	2.27312 4.39182,
	2.24299 4.40311,
	2.22792 4.40311,
	2.21286 4.39746,
	2.19779 4.38617,
	2.18837 4.37298,
	2.18272 4.35792,
	2.18272 4.32778,
	2.18272 4.31272,
	2.18272 4.30518,
	2.18272 4.3033,
	"/>
<Contour name="d09" hidden="false" closed="true" simplified="true" border="0 1 0" fill="0 1 0" mode="11"
 points="2.51795 4.02834,
	2.52548 4.01328,
	2.54055 4.00198,
	2.54431 3.99821,
	2.54808 3.99821,
	2.55938 3.98879,
	2.58951 3.98691,
	2.61965 3.98879,
	2.63471 3.99068,
	2.64225 3.99444,
	2.64978 3.99444,
	2.65166 3.99821,
	2.66673 4.00198,
	2.69686 4.01893,
	2.72699 4.02834,
	2.74206 4.02834,
	2.77219 4.02081,
	2.78726 4.01328,
	2.79479 4.00951,
	2.79856 4.00951,
	2.80609 4.00386,
	2.80986 4.00386,
	2.81362 4.00009,
	2.87389 3.98691,
	2.93415 3.98314,
	2.94922 3.98503,
	2.96429 3.99068,
	2.99442 3.99444,
	3.00949 4.00009,
	3.03962 4.00574,
	3.06975 4.01516,
	3.07728 4.01893,
	3.08105 4.01893,
	3.0867 4.02646,
	3.08858 4.04152,
	3.08105 4.07166,
	3.07917 4.07919,
	3.0754 4.08296,
	3.06975 4.09802,
	3.06033 4.11309,
	3.05657 4.11497,
	3.02644 4.10932,
	2.9963 4.10932,
	2.99254 4.11309,
	2.99065 4.14322,
	2.99065 4.15075,
	2.99819 4.16582,
	3.0076 4.17712,
	3.0076 4.18089,
	3.02079 4.19407,
	3.03773 4.22232,
	3.04715 4.23739,
	3.06222 4.25057,
	3.07728 4.25622,
	3.08482 4.25999,
	3.09235 4.25999,
	3.10742 4.26564,
	3.13755 4.26564,
	3.16768 4.27317,
	3.19781 4.28447,
	3.20158 4.28447,
	3.22983 4.30518,
	3.2449 4.33155,
	3.24678 4.34662,
	3.2449 4.36168,
	3.23925 4.37675,
	3.23736 4.38428,
	3.21288 4.41253,
	3.18275 4.41818,
	3.16768 4.42383,
	3.13755 4.42383,
	3.13002 4.42571,
	3.12625 4.42948,
	3.11872 4.43136,
	3.11118 4.43701,
	3.10365 4.4389,
	3.09047 4.44831,
	3.08293 4.45208,
	3.0754 4.45961,
	3.07163 4.46338,
	3.06787 4.47845,
	3.05845 4.49351,
	3.04338 4.5067,
	3.0302 4.51423,
	3.01514 4.52553,
	3.01137 4.52553,
	3.0076 4.52929,
	2.99254 4.53494,
	2.97747 4.53494,
	2.94734 4.52741,
	2.9398 4.52741,
	2.92662 4.51611,
	2.91155 4.50858,
	2.90779 4.50481,
	2.90026 4.50293,
	2.89272 4.49728,
	2.88896 4.49728,
	2.87389 4.48786,
	2.86636 4.48033,
	2.86071 4.46526,
	2.85882 4.45773,
	2.84564 4.44831,
	2.84187 4.44831,
	2.83811 4.44455,
	2.83434 4.44455,
	2.81362 4.41441,
	2.80797 4.40688,
	2.80421 4.40311,
	2.80044 4.40311,
	2.78538 4.39182,
	2.77031 4.38617,
	2.71004 4.34662,
	2.69874 4.33155,
	2.69309 4.32402,
	2.68744 4.30895,
	2.67803 4.29388,
	2.67614 4.28635,
	2.66484 4.27317,
	2.64978 4.26375,
	2.64225 4.2581,
	2.62718 4.25434,
	2.614 4.24492,
	2.60646 4.23927,
	2.59893 4.22609,
	2.60081 4.16582,
	2.59893 4.13569,
	2.59516 4.12062,
	2.59328 4.11309,
	2.5801 4.09802,
	2.56503 4.08672,
	2.5349 4.07354,
	2.52737 4.06789,
	2.51795 4.05471,
	2.51795 4.03964,
	2.51795 4.03211,
	2.51795 4.03022,
	"/>
</Transform>

<Transform dim="0"
 xcoef=" 0 1 0 0 0 0"
 ycoef=" 0 0 1 0 0 0">
<Contour name="d09" hidden="false" closed="true" simplified="true" border="0 1 0" fill="0 1 0" mode="11"
 points="2.31644 4.67054,
	2.31832 4.64041,
	2.32209 4.62534,
	2.32397 4.61781,
	2.32962 4.61028,
	2.32962 4.60651,
	2.33339 4.60274,
	2.33339 4.59898,
	2.35599 4.57073,
	2.36352 4.56696,
	2.37482 4.55378,
	2.388 4.54436,
	2.40307 4.53871,
	2.4106 4.53306,
	2.42567 4.53118,
	2.44073 4.53683,
	2.4558 4.54624,
	2.46333 4.55189,
	2.47087 4.55378,
	2.48028 4.56884,
	2.49158 4.59898,
	2.48782 4.65924,
	2.48782 4.67431,
	2.48405 4.68937,
	2.48405 4.69314,
	2.47463 4.70821,
	2.47087 4.71574,
	2.47087 4.71951,
	2.45015 4.74964,
	2.43885 4.76094,
	2.43132 4.76282,
	2.42755 4.76659,
	2.42378 4.76659,
	2.40872 4.77977,
	2.40119 4.78354,
	2.39742 4.7873,
	2.38235 4.78919,
	2.36729 4.78354,
	2.36164 4.776,
	2.35787 4.776,
	2.34845 4.76282,
	2.34092 4.75529,
	2.33715 4.74776,
	2.32962 4.74022,
	2.32209 4.72516,
	2.31644 4.69502,
	2.31644 4.67996,
	2.31644 4.67242,
	"/>
</Transform>

<Transform dim="0"
 xcoef=" 0 1 0 0 0 0"
 ycoef=" 0 0 1 0 0 0">
<Contour name="d09c01b" hidden="false" closed="true" simplified="true" border="0 1 0" fill="0 1 0" mode="-9"
 points="2.17401 4.31998,
	2.17935 4.29862,
	2.18202 4.28793,
	2.18202 4.28259,
	2.1847 4.27992,
	2.19137 4.25855,
	2.19404 4.25588,
	2.19538 4.25054,
	2.19938 4.24654,
	2.20072 4.24119,
	2.20339 4.23986,
	2.20339 4.23719,
	2.23945 4.20113,
	2.25948 4.18511,
	2.27016 4.1811,
	2.2755 4.1811,
	2.27817 4.18377,
	2.27684 4.19446,
	2.26615 4.21449,
	2.24879 4.23051,
	2.23945 4.24119,
	2.2341 4.25054,
	2.22609 4.26122,
	2.22342 4.26657,
	2.22075 4.26924,
	2.21674 4.27858,
	2.21674 4.28126,
	2.21274 4.2866,
	2.19805 4.32933,
	2.19538 4.33467,
	2.19004 4.33868,
	2.17935 4.33734,
	2.17668 4.332,
	2.17401 4.32933,
	2.17401 4.32399,
	2.17401 4.32132,
	"/>
<Contour name="d09cfa01b" hidden="false" closed="false" simplified="false" border="0 1 1" fill="0 1 1" mode="-9"
 points="2.1822 4.33643,
	2.1822 4.33376,
	2.18754 4.31239,
	2.19822 4.28034,
	2.21692 4.24829,
	2.24362 4.21491,
	2.27701 4.18286,
	"/>
</Transform>

<Transform dim="0"
 xcoef=" 0 1 0 0 0 0"
 ycoef=" 0 0 1 0 0 0">
<Contour name="d09cfa02" hidden="false" closed="false" simplified="false" border="0 1 1" fill="0 1 1" mode="-9"
 points="2.3405 4.75392,
	2.32258 4.73049,
	2.31017 4.67948,
	2.32396 4.6133,
	2.34602 4.58021,
	"/>
</Transform>

<Transform dim="0"
 xcoef=" 0 1 0 0 0 0"
 ycoef=" 0 0 1 0 0 0">
<Contour name="d06ax07" hidden="false" closed="true" simplified="true" border="0 1 1" fill="0 1 1" mode="-11"
 points="2.09257 3.85141,
	2.10726 3.83672,
	2.13874 3.81573,
	2.15553 3.80314,
	2.16393 3.79684,
	2.17862 3.79055,
	2.208 3.76326,
	2.2206 3.74647,
	2.23739 3.73178,
	2.24369 3.71499,
	2.24788 3.70659,
	2.26467 3.6919,
	2.27307 3.6877,
	2.27727 3.68351,
	2.31085 3.68351,
	2.31295 3.75067,
	2.31505 3.76746,
	2.31505 3.77166,
	2.32764 3.78845,
	2.33184 3.79684,
	2.33184 3.81364,
	2.32764 3.83043,
	2.32554 3.83882,
	2.31505 3.85351,
	2.30875 3.8703,
	2.30455 3.90389,
	2.29826 3.92068,
	2.28566 3.93747,
	2.27727 3.94167,
	2.24369 3.94167,
	2.17652 3.95426,
	2.15973 3.96056,
	2.15134 3.96265,
	2.13454 3.95846,
	2.12615 3.95636,
	2.11775 3.95006,
	2.10936 3.93327,
	2.10516 3.91648,
	2.10516 3.91228,
	2.09886 3.90389,
	2.09257 3.8871,
	2.09257 3.85351,
	"/>
</Transform>

<Transform dim="0"
 xcoef=" 0 1 0 0 0 0"
 ycoef=" 0 0 1 0 0 0">
<Contour name="d06ax07" hidden="false" closed="true" simplified="true" border="0 1 1" fill="0 1 1" mode="-11"
 points="2.50185 2.74321,
	2.52493 2.71383,
	2.59 2.66136,
	2.60259 2.64457,
	2.61309 2.61099,
	2.61938 2.54382,
	2.62358 2.51024,
	2.64877 2.47876,
	2.67815 2.45147,
	2.69494 2.43888,
	2.71173 2.43048,
	2.74531 2.43048,
	2.75371 2.43048,
	2.78729 2.44518,
	2.80198 2.45567,
	2.83347 2.48715,
	2.84606 2.50394,
	2.85026 2.50604,
	2.85236 2.51444,
	2.87334 2.54802,
	2.87544 2.5816,
	2.87334 2.59839,
	2.86705 2.61518,
	2.86285 2.62358,
	2.85865 2.62778,
	2.85236 2.64457,
	2.85026 2.71173,
	2.84816 2.72013,
	2.84396 2.72223,
	2.84186 2.73062,
	2.82927 2.74531,
	2.79779 2.7747,
	2.7768 2.80828,
	2.7726 2.81248,
	2.7663 2.82927,
	2.7621 2.86285,
	2.75581 2.87964,
	2.75371 2.88804,
	2.73902 2.90483,
	2.72223 2.90483,
	2.71383 2.90483,
	2.69704 2.89643,
	2.68025 2.88384,
	2.65296 2.85445,
	2.64037 2.84186,
	2.62358 2.82927,
	2.60889 2.82087,
	2.57531 2.81458,
	2.54172 2.80408,
	2.52493 2.78729,
	2.50185 2.75581,
	2.50185 2.74741,
	2.50185 2.74531,
	"/>
</Transform>

<Transform dim="0"
 xcoef=" 0 1 0 0 0 0"
 ycoef=" 0 0 1 0 0 0">
<Contour name="d06ax07" hidden="false" closed="true" simplified="true" border="0 1 1" fill="0 1 1" mode="-11"
 points="2.11565 2.26887,
	2.11985 2.20171,
	2.12615 2.18492,
	2.13874 2.16813,
	2.15553 2.15763,
	2.18911 2.14714,
	2.20591 2.14504,
	2.2227 2.13874,
	2.23109 2.13664,
	2.26257 2.10936,
	2.27097 2.10306,
	2.27517 2.09886,
	2.29196 2.09257,
	2.29616 2.08837,
	2.31295 2.08207,
	2.34653 2.07578,
	2.48086 2.07997,
	2.51444 2.07578,
	2.53123 2.07158,
	2.59839 2.07158,
	2.61518 2.07158,
	2.68235 2.08417,
	2.81667 2.07997,
	2.85026 2.09047,
	2.86705 2.09676,
	2.88174 2.10726,
	2.89223 2.12405,
	2.89433 2.14084,
	2.89223 2.15763,
	2.88384 2.17442,
	2.87964 2.18282,
	2.86705 2.19331,
	2.85026 2.20591,
	2.83347 2.2227,
	2.82087 2.23949,
	2.81248 2.25418,
	2.78309 2.28356,
	2.7663 2.28986,
	2.73272 2.29406,
	2.71593 2.29826,
	2.68235 2.31295,
	2.64877 2.32344,
	2.5816 2.32764,
	2.56481 2.32974,
	2.54802 2.33604,
	2.53962 2.33813,
	2.53123 2.34443,
	2.52703 2.34443,
	2.51024 2.35492,
	2.50814 2.35912,
	2.47456 2.36962,
	2.44098 2.36962,
	2.42419 2.36332,
	2.41999 2.35912,
	2.41579 2.35912,
	2.4074 2.35283,
	2.39061 2.34863,
	2.38221 2.34443,
	2.34863 2.34443,
	2.33184 2.34653,
	2.32344 2.35073,
	2.18911 2.34863,
	2.15553 2.33604,
	2.12615 2.31295,
	2.11565 2.29826,
	2.11565 2.28146,
	2.11565 2.27307,
	2.11565 2.27097,
	"/>
</Transform>

<Transform dim="0"
 xcoef=" 0 1 0 0 0 0"
 ycoef=" 0 0 1 0 0 0">
<Contour name="d06ax04" hidden="false" closed="true" simplified="true" border="0 1 1" fill="0 1 1" mode="-11"
 points="2.25402 0.696352,
	2.25807 0.685535,
	2.27836 0.667957,
	2.29999 0.654436,
	2.31081 0.649027,
	2.35408 0.635506,
	2.39734 0.631449,
	2.44061 0.632801,
	2.48388 0.639562,
	2.52715 0.653084,
	2.54878 0.662549,
	2.57042 0.677422,
	2.57988 0.688239,
	2.58259 0.690943,
	2.58529 0.712578,
	2.59205 0.734212,
	2.5934 0.739621,
	2.60422 0.750438,
	2.64749 0.786945,
	2.65831 0.797763,
	2.67318 0.819397,
	2.68535 0.841031,
	2.69211 0.862665,
	2.69617 0.8843,
	2.69887 0.895117,
	2.70563 0.905934,
	2.71645 0.916751,
	2.73808 0.92892,
	2.75972 0.935681,
	2.78135 0.939737,
	2.78676 0.939737,
	2.83003 0.954611,
	2.85166 0.962724,
	2.8733 0.96678,
	2.88411 0.96678,
	2.89493 0.964076,
	2.90575 0.958667,
	2.91116 0.955963,
	2.93279 0.955963,
	2.95443 0.960019,
	2.96524 0.965428,
	2.97065 0.96678,
	3.01392 0.992471,
	3.0342 1.00734,
	3.05178 1.02763,
	3.05448 1.03303,
	3.05448 1.04385,
	3.05178 1.04926,
	3.04096 1.05737,
	3.01933 1.06684,
	2.99769 1.07225,
	2.98688 1.0763,
	2.94361 1.08442,
	2.90034 1.08442,
	2.85707 1.07225,
	2.83544 1.06684,
	2.79217 1.04926,
	2.77053 1.04115,
	2.72727 1.03303,
	2.70563 1.02898,
	2.6191 1.00329,
	2.60828 0.999231,
	2.60287 0.999231,
	2.59746 0.996527,
	2.55419 0.993823,
	2.53256 0.993823,
	2.52174 0.991119,
	2.50011 0.976245,
	2.49335 0.96678,
	2.49064 0.964076,
	2.48794 0.953259,
	2.48794 0.931624,
	2.49199 0.920807,
	2.49199 0.90999,
	2.48659 0.899173,
	2.47577 0.889708,
	2.45413 0.880243,
	2.41087 0.866722,
	2.38923 0.859961,
	2.38382 0.858609,
	2.38112 0.855905,
	2.35948 0.84644,
	2.33785 0.831566,
	2.29458 0.795058,
	2.27295 0.773424,
	2.26619 0.762607,
	2.25943 0.740973,
	2.25402 0.730156,
	2.25402 0.708521,
	2.25402 0.697704,
	"/>
</Transform>

<Transform dim="0"
 xcoef=" 0 1 0 0 0 0"
 ycoef=" 0 0 1 0 0 0">
<Contour name="d09ax02" hidden="false" closed="true" simplified="true" border="0 1 1" fill="0 1 1" mode="-11"
 points="1.8128 4.78531,
	1.81785 4.77185,
	1.81953 4.76512,
	1.82795 4.75165,
	1.83973 4.73818,
	1.84478 4.73145,
	1.87171 4.7163,
	1.88517 4.70789,
	1.90874 4.68432,
	1.93062 4.65739,
	1.93735 4.64393,
	1.9424 4.61699,
	1.94745 4.60353,
	1.95924 4.59006,
	1.98617 4.57323,
	2.0131 4.56313,
	2.06696 4.55135,
	2.12082 4.53283,
	2.12755 4.52779,
	2.13429 4.5261,
	2.14775 4.516,
	2.17468 4.50927,
	2.20161 4.50759,
	2.21508 4.50759,
	2.26894 4.52442,
	2.28241 4.52947,
	2.29587 4.53788,
	2.30766 4.55135,
	2.31944 4.57828,
	2.32449 4.59175,
	2.32449 4.64561,
	2.33122 4.67254,
	2.3329 4.69947,
	2.32954 4.7264,
	2.32449 4.73987,
	2.32617 4.7668,
	2.33459 4.79373,
	2.33795 4.8072,
	2.33795 4.83413,
	2.33627 4.84759,
	2.31102 4.87284,
	2.29756 4.88462,
	2.29082 4.89135,
	2.27736 4.91829,
	2.27568 4.94522,
	2.28241 4.97215,
	2.28409 4.98561,
	2.28241 5.01254,
	2.28072 5.02601,
	2.26894 5.05294,
	2.26726 5.06641,
	2.26726 5.07314,
	2.28072 5.10007,
	2.28577 5.127,
	2.28409 5.18086,
	2.28241 5.19433,
	2.26389 5.24819,
	2.25884 5.26166,
	2.25716 5.26839,
	2.24538 5.28186,
	2.23191 5.29027,
	2.20498 5.30037,
	2.17805 5.30205,
	2.16458 5.29869,
	2.15112 5.29027,
	2.12419 5.26502,
	2.11072 5.25829,
	2.09726 5.25661,
	2.08379 5.24987,
	2.05686 5.22968,
	2.04508 5.21958,
	2.01141 5.16571,
	2.00131 5.15225,
	1.9929 5.12532,
	1.98785 5.07146,
	1.98617 5.05799,
	1.98112 5.04453,
	1.96092 5.01759,
	1.94409 4.99066,
	1.93567 4.96373,
	1.93062 4.9368,
	1.92725 4.93007,
	1.92725 4.9267,
	1.91042 4.89977,
	1.90201 4.88631,
	1.87676 4.86611,
	1.86329 4.85769,
	1.85656 4.85601,
	1.82963 4.83749,
	1.81785 4.82571,
	1.8128 4.81224,
	1.8128 4.787,
	"/>
</Transform>

<Transform dim="0"
 xcoef=" 0 1 0 0 0 0"
 ycoef=" 0 0 1 0 0 0">
<Contour name="d06ax04ssvr" hidden="false" closed="true" simplified="false" border="0 1 0" fill="0 1 0" mode="11"
 points="2.45118 0.728457,
	2.44 0.717273,
	2.45118 0.70609,
	2.46237 0.717273,
	"/>
<Contour name="d06ax04ssvr" hidden="false" closed="true" simplified="false" border="0 1 0" fill="0 1 0" mode="11"
 points="2.40805 0.731652,
	2.39686 0.720469,
	2.40805 0.709285,
	2.41923 0.720469,
	"/>
<Contour name="d06ax04ssvr" hidden="false" closed="true" simplified="false" border="0 1 0" fill="0 1 0" mode="11"
 points="2.47355 0.817922,
	2.46237 0.806739,
	2.47355 0.795556,
	2.48473 0.806739,
	"/>
<Contour name="d06ax04ssvr" hidden="false" closed="true" simplified="false" border="0 1 0" fill="0 1 0" mode="11"
 points="2.52307 0.873839,
	2.51189 0.862655,
	2.52307 0.851472,
	2.53426 0.862655,
	"/>
<Contour name="d06ax04ssvr" hidden="false" closed="true" simplified="false" border="0 1 0" fill="0 1 0" mode="11"
 points="2.57899 0.851472,
	2.56781 0.840289,
	2.57899 0.829106,
	2.59017 0.840289,
	"/>
<Contour name="d06ax04ssvr" hidden="false" closed="true" simplified="false" border="0 1 0" fill="0 1 0" mode="11"
 points="2.60775 0.905791,
	2.59656 0.894608,
	2.60775 0.883424,
	2.61893 0.894608,
	"/>
<Contour name="d06ax04ssvr" hidden="false" closed="true" simplified="false" border="0 1 0" fill="0 1 0" mode="11"
 points="2.54384 0.910584,
	2.53266 0.8994,
	2.54384 0.888217,
	2.55503 0.8994,
	"/>
<Contour name="d06ax04ssvr" hidden="false" closed="true" simplified="false" border="0 1 0" fill="0 1 0" mode="11"
 points="2.6429 0.980878,
	2.63171 0.969695,
	2.6429 0.958512,
	2.65408 0.969695,
	"/>
</Transform>

<Transform dim="0"
 xcoef=" 0 1 0 0 0 0"
 ycoef=" 0 0 1 0 0 0">
<Contour name="d09ax02ssvr" hidden="false" closed="true" simplified="false" border="0 1 0" fill="0 1 0" mode="11"
 points="2.0428 4.66341,
	2.03249 4.6531,
	2.0428 4.64279,
	2.05311 4.6531,
	"/>
<Contour name="d09ax02ssvr" hidden="false" closed="true" simplified="false" border="0 1 0" fill="0 1 0" mode="11"
 points="2.03691 4.62071,
	2.02661 4.6104,
	2.03691 4.60009,
	2.04722 4.6104,
	"/>
<Contour name="d09ax02ssvr" hidden="false" closed="true" simplified="false" border="0 1 0" fill="0 1 0" mode="11"
 points="2.06194 4.70758,
	2.05164 4.69727,
	2.06194 4.68696,
	2.07225 4.69727,
	"/>
<Contour name="d09ax02ssvr" hidden="false" closed="true" simplified="false" border="0 1 0" fill="0 1 0" mode="11"
 points="2.02808 4.73703,
	2.01777 4.72672,
	2.02808 4.71641,
	2.03838 4.72672,
	"/>
<Contour name="d09ax02ssvr" hidden="false" closed="true" simplified="false" border="0 1 0" fill="0 1 0" mode="11"
 points="1.99716 4.6958,
	1.98685 4.68549,
	1.99716 4.67519,
	2.00746 4.68549,
	"/>
<Contour name="d09ax02ssvr" hidden="false" closed="true" simplified="false" border="0 1 0" fill="0 1 0" mode="11"
 points="1.92796 4.74291,
	1.91765 4.73261,
	1.92796 4.7223,
	1.93826 4.73261,
	"/>
<Contour name="d09ax02ssvr" hidden="false" closed="true" simplified="false" border="0 1 0" fill="0 1 0" mode="11"
 points="1.91323 4.83567,
	1.90293 4.82537,
	1.91323 4.81506,
	1.92354 4.82537,
	"/>
<Contour name="d09ax02ssvr" hidden="false" closed="true" simplified="false" border="0 1 0" fill="0 1 0" mode="11"
 points="1.87495 4.82242,
	1.86464 4.81212,
	1.87495 4.80181,
	1.88526 4.81212,
	"/>
<Contour name="d09ax02ssvr" hidden="false" closed="true" simplified="false" border="0 1 0" fill="0 1 0" mode="11"
 points="2.06194 4.75764,
	2.05164 4.74733,
	2.06194 4.73703,
	2.07225 4.74733,
	"/>
<Contour name="d09ax02ssvr" hidden="false" closed="true" simplified="false" border="0 1 0" fill="0 1 0" mode="11"
 points="2.10317 4.71347,
	2.09286 4.70316,
	2.10317 4.69285,
	2.11348 4.70316,
	"/>
<Contour name="d09ax02ssvr" hidden="false" closed="true" simplified="false" border="0 1 0" fill="0 1 0" mode="11"
 points="2.12084 4.75764,
	2.11053 4.74733,
	2.12084 4.73703,
	2.13114 4.74733,
	"/>
<Contour name="d09ax02ssvr" hidden="false" closed="true" simplified="false" border="0 1 0" fill="0 1 0" mode="11"
 points="2.13409 4.81801,
	2.12378 4.8077,
	2.13409 4.79739,
	2.1444 4.8077,
	"/>
<Contour name="d09ax02ssvr" hidden="false" closed="true" simplified="false" border="0 1 0" fill="0 1 0" mode="11"
 points="2.17532 4.77825,
	2.16501 4.76794,
	2.17532 4.75764,
	2.18562 4.76794,
	"/>
<Contour name="d09ax02ssvr" hidden="false" closed="true" simplified="false" border="0 1 0" fill="0 1 0" mode="11"
 points="2.20624 4.78414,
	2.19593 4.77383,
	2.20624 4.76353,
	2.21654 4.77383,
	"/>
<Contour name="d09ax02ssvr" hidden="false" closed="true" simplified="false" border="0 1 0" fill="0 1 0" mode="11"
 points="2.18857 4.82684,
	2.17826 4.81653,
	2.18857 4.80623,
	2.19887 4.81653,
	"/>
<Contour name="d09ax02ssvr" hidden="false" closed="true" simplified="false" border="0 1 0" fill="0 1 0" mode="11"
 points="2.23274 4.80034,
	2.22243 4.79003,
	2.23274 4.77972,
	2.24305 4.79003,
	"/>
<Contour name="d09ax02ssvr" hidden="false" closed="true" simplified="false" border="0 1 0" fill="0 1 0" mode="11"
 points="2.28574 4.82242,
	2.27544 4.81212,
	2.28574 4.80181,
	2.29605 4.81212,
	"/>
<Contour name="d09ax02ssvr" hidden="false" closed="true" simplified="false" border="0 1 0" fill="0 1 0" mode="11"
 points="2.26808 4.8607,
	2.25777 4.8504,
	2.26808 4.84009,
	2.27838 4.8504,
	"/>
<Contour name="d09ax02ssvr" hidden="false" closed="true" simplified="false" border="0 1 0" fill="0 1 0" mode="11"
 points="2.27985 4.77531,
	2.26955 4.765,
	2.27985 4.75469,
	2.29016 4.765,
	"/>
<Contour name="d09ax02ssvr" hidden="false" closed="true" simplified="false" border="0 1 0" fill="0 1 0" mode="11"
 points="2.24746 4.7488,
	2.23716 4.7385,
	2.24746 4.72819,
	2.25777 4.7385,
	"/>
<Contour name="d09ax02ssvr" hidden="false" closed="true" simplified="false" border="0 1 0" fill="0 1 0" mode="11"
 points="2.21654 4.72083,
	2.20624 4.71052,
	2.21654 4.70022,
	2.22685 4.71052,
	"/>
<Contour name="d09ax02ssvr" hidden="false" closed="true" simplified="false" border="0 1 0" fill="0 1 0" mode="11"
 points="2.17973 4.74144,
	2.16943 4.73114,
	2.17973 4.72083,
	2.19004 4.73114,
	"/>
<Contour name="d09ax02ssvr" hidden="false" closed="true" simplified="false" border="0 1 0" fill="0 1 0" mode="11"
 points="2.23568 4.6531,
	2.22538 4.64279,
	2.23568 4.63249,
	2.24599 4.64279,
	"/>
<Contour name="d09ax02ssvr" hidden="false" closed="true" simplified="false" border="0 1 0" fill="0 1 0" mode="11"
 points="2.26219 4.59568,
	2.25188 4.58537,
	2.26219 4.57506,
	2.27249 4.58537,
	"/>
<Contour name="d06ax12ssvd" hidden="false" closed="true" simplified="false" border="1 0.502 0" fill="0 0 1" mode="11"
 points="2.28869 4.61187,
	2.27838 4.60157,
	2.28869 4.59126,
	2.299 4.60157,
	"/>
<Contour name="d06ax12ssvd" hidden="false" closed="true" simplified="false" border="1 0.502 0" fill="0 0 1" mode="11"
 points="2.28869 4.65899,
	2.27838 4.64868,
	2.28869 4.63838,
	2.299 4.64868,
	"/>
</Transform>

<Transform dim="6"
 xcoef=" 0.0665539066208854 1.00684229702949 0.00541778833882941 0 0 0"
 ycoef=" -0.371260965832415 0.00836998805432891 1.03266749436175 0 0 0">
<Image mag="0.0021709" contrast="0.922" brightness="0.03" red="true" green="true" blue="true"
 src="JPTZX.93.jpg" />
<Contour name="domain1" hidden="false" closed="true" simplified="false" border="1 0 1" fill="1 0 1" mode="11"
 points="0 0,
	4083 0,
	4083 4083,
	0 4083,
	"/>
</Transform>

<Transform dim="0"
 xcoef=" 0 1 0 0 0 0"
 ycoef=" 0 0 1 0 0 0">
<Contour name="d09ax07" hidden="false" closed="true" simplified="true" border="1 0 0" fill="1 0 0" mode="-11"
 points="0.947872 4.87691,
	0.972881 4.8369,
	0.980384 4.81689,
	0.987887 4.80688,
	1.00289 4.76687,
	1.0079 4.75686,
	1.0079 4.74686,
	1.0179 4.72935,
	1.03791 4.71435,
	1.05791 4.71185,
	1.13795 4.71935,
	1.17796 4.73185,
	1.21798 4.73436,
	1.25799 4.72185,
	1.29801 4.72435,
	1.31802 4.72935,
	1.33802 4.72935,
	1.35803 4.72435,
	1.36804 4.71935,
	1.38804 4.68184,
	1.40555 4.66183,
	1.41555 4.65683,
	1.42056 4.65182,
	1.42556 4.65182,
	1.43556 4.64432,
	1.45557 4.64432,
	1.47558 4.64932,
	1.51559 4.66683,
	1.5356 4.66433,
	1.55561 4.65683,
	1.56561 4.65182,
	1.57562 4.65182,
	1.59563 4.64182,
	1.63314 4.6043,
	1.67316 4.5868,
	1.69316 4.57679,
	1.73068 4.54678,
	1.74819 4.52677,
	1.7732 4.48676,
	1.7782 4.46675,
	1.7782 4.44674,
	1.7832 4.42674,
	1.7732 4.38672,
	1.7757 4.37672,
	1.7832 4.36921,
	1.7857 4.3292,
	1.7857 4.31919,
	1.81321 4.28418,
	1.81571 4.27418,
	1.82071 4.26917,
	1.81821 4.24917,
	1.80821 4.22916,
	1.80571 4.20915,
	1.81321 4.18914,
	1.81571 4.17914,
	1.82572 4.16913,
	1.84572 4.16163,
	1.85573 4.15413,
	1.86573 4.15163,
	1.87073 4.15163,
	1.87574 4.14663,
	1.88074 4.14663,
	1.90075 4.13412,
	1.91075 4.12912,
	1.95076 4.12912,
	1.97077 4.12912,
	1.99078 4.12162,
	2.00078 4.11661,
	2.00579 4.11161,
	2.01579 4.10911,
	2.0333 4.0916,
	2.0508 4.0791,
	2.08332 4.04158,
	2.09332 4.03158,
	2.12083 3.99156,
	2.12083 3.98656,
	2.14084 3.96906,
	2.17835 3.95405,
	2.19836 3.94905,
	2.21837 3.94905,
	2.22837 3.94405,
	2.24838 3.94655,
	2.25839 3.95155,
	2.27089 3.97156,
	2.27589 3.99156,
	2.28089 4.00157,
	2.2834 4.04158,
	2.2834 4.04659,
	2.3009 4.06159,
	2.3084 4.0691,
	2.3034 4.10911,
	2.3034 4.11911,
	2.2984 4.12912,
	2.2884 4.13912,
	2.2884 4.14913,
	2.2834 4.15413,
	2.2834 4.15913,
	2.27089 4.17914,
	2.25088 4.19665,
	2.24088 4.20165,
	2.23087 4.21165,
	2.21087 4.22416,
	2.19336 4.24416,
	2.18336 4.26167,
	2.17835 4.27167,
	2.17585 4.31169,
	2.17335 4.3317,
	2.17335 4.3367,
	2.16585 4.3467,
	2.16335 4.35671,
	2.10833 4.43424,
	2.09582 4.45175,
	2.08832 4.46175,
	2.07581 4.50176,
	2.07581 4.50677,
	2.06581 4.51677,
	2.06081 4.52177,
	2.0408 4.52928,
	2.0333 4.53678,
	2.0283 4.53928,
	2.0283 4.54428,
	2.01829 4.55429,
	2.01329 4.56429,
	2.00329 4.57179,
	2.00078 4.57679,
	1.99578 4.57679,
	1.95577 4.6043,
	1.95076 4.61431,
	1.94576 4.61931,
	1.93826 4.63932,
	1.91075 4.67683,
	1.87323 4.71435,
	1.83322 4.73686,
	1.81821 4.75186,
	1.81071 4.76187,
	1.80571 4.76687,
	1.80071 4.76687,
	1.7957 4.77187,
	1.75569 4.78688,
	1.73568 4.78938,
	1.69566 4.78187,
	1.61563 4.78438,
	1.5356 4.80939,
	1.51559 4.80939,
	1.49559 4.81439,
	1.45557 4.81439,
	1.43556 4.81439,
	1.41555 4.82189,
	1.40055 4.8369,
	1.39055 4.8469,
	1.35053 4.86441,
	1.33052 4.87191,
	1.32052 4.87441,
	1.31802 4.87941,
	1.278 4.88692,
	1.25799 4.88692,
	1.25299 4.88191,
	1.23298 4.87691,
	1.22298 4.87191,
	1.20297 4.87191,
	1.18296 4.88692,
	1.18296 4.89192,
	1.16045 4.92943,
	1.15045 4.94944,
	1.14545 4.95694,
	1.13545 4.96695,
	1.09543 4.98695,
	1.05541 4.99946,
	1.0154 4.99696,
	0.99539 4.99196,
	0.975382 4.97445,
	0.965378 4.95444,
	0.960376 4.93443,
	0.955374 4.92943,
	0.947872 4.88942,
	0.947872 4.87941,
	"/>
</Transform>

<Transform dim="0"
 xcoef=" 0 1 0 0 0 0"
 ycoef=" 0 0 1 0 0 0">
<Contour name="d09c02" hidden="false" closed="true" simplified="true" border="0 1 0" fill="0 1 0" mode="-9"
 points="2.19083 4.58611,
	2.20203 4.58471,
	2.29166 4.58121,
	2.33647 4.58051,
	2.34767 4.57981,
	2.35327 4.57981,
	2.35607 4.58051,
	2.36727 4.57981,
	2.37288 4.57981,
	2.37428 4.57981,
	2.37498 4.66943,
	2.37498 4.71424,
	2.37498 4.73665,
	2.37498 4.74785,
	2.37498 4.75345,
	2.37428 4.75485,
	2.19503 4.75625,
	2.19223 4.75625,
	2.19083 4.66663,
	2.19083 4.62182,
	2.19083 4.59942,
	2.19083 4.58821,
	2.19083 4.58681,
	"/>
</Transform>

</Section>