<?xml version="1.0"?>
<!DOCTYPE Section SYSTEM "section.dtd">

<Section index="167" thickness="0.038" alignLocked="true">
<Transform dim="6"
 xcoef=" -1.03835098969166 1.01670905152575 0.100721033020764 0 0 0"
 ycoef=" 0.45498607927821 0.026941150903378 1.01536048294662 0 0 0">
<Image mag="0.0021709" contrast="0.922" brightness="0.03" red="true" green="true" blue="true"
 src="JPTZX.227.jpg" />
<Contour name="domain1" hidden="false" closed="true" simplified="false" border="1 0 1" fill="1 0 1" mode="11"
 points="0 0,
	4083 0,
	4083 4083,
	0 4083,
	"/>
</Transform>

<Transform dim="0"
 xcoef=" 0 1 0 0 0 0"
 ycoef=" 0 0 1 0 0 0">
<Contour name="mito11" hidden="false" closed="false" simplified="true" border="1 0.5 0" fill="1 0.5 0" mode="-9"
 points="4.95322 5.67992,
	4.82781 5.45225,
	"/>
</Transform>

<Transform dim="0"
 xcoef=" 0 1 0 0 0 0"
 ycoef=" 0 0 1 0 0 0">
<Contour name="d01" hidden="false" closed="true" simplified="true" border="1 0.5 0" fill="1 0.5 0" mode="11"
 points="4.00721 3.86772,
	4.01197 3.85504,
	4.01514 3.85187,
	4.0294 3.80115,
	4.0294 3.79798,
	4.02465 3.79163,
	4.02306 3.76627,
	4.02623 3.7631,
	4.02782 3.75676,
	4.03257 3.75042,
	4.04209 3.72506,
	4.05477 3.71396,
	4.06745 3.70921,
	4.08013 3.6997,
	4.08647 3.68702,
	4.08647 3.67434,
	4.09439 3.64897,
	4.10232 3.63629,
	4.12768 3.61569,
	4.14036 3.60617,
	4.14829 3.59508,
	4.15939 3.5824,
	4.17207 3.57447,
	4.22279 3.56972,
	4.23547 3.56496,
	4.26083 3.56338,
	4.27351 3.56338,
	4.2862 3.56813,
	4.29254 3.5713,
	4.30363 3.58398,
	4.30839 3.59666,
	4.30997 3.60934,
	4.3068 3.62203,
	4.3068 3.62837,
	4.3068 3.63154,
	4.31631 3.64422,
	4.32424 3.66958,
	4.32265 3.69494,
	4.3179 3.70762,
	4.31631 3.71396,
	4.30522 3.72664,
	4.29888 3.73298,
	4.29254 3.73457,
	4.27986 3.7425,
	4.26717 3.74725,
	4.264 3.75042,
	4.25132 3.75359,
	4.23864 3.76152,
	4.2323 3.76469,
	4.21011 3.78846,
	4.20377 3.7948,
	4.2006 3.79798,
	4.18792 3.80273,
	4.16256 3.80273,
	4.13719 3.80749,
	4.11183 3.81541,
	4.08647 3.82651,
	4.07379 3.83443,
	4.06269 3.84711,
	4.05794 3.85345,
	4.05635 3.87882,
	4.04843 3.8915,
	4.03574 3.89784,
	4.02306 3.89784,
	4.01672 3.89784,
	4.01038 3.89308,
	4.00721 3.8804,
	4.00721 3.86931,
	"/>
</Transform>

<Transform dim="0"
 xcoef=" 0 1 0 0 0 0"
 ycoef=" 0 0 1 0 0 0">
<Contour name="d01" hidden="false" closed="true" simplified="true" border="1 0.5 0" fill="1 0.5 0" mode="11"
 points="1.95734 3.64228,
	1.96674 3.62349,
	1.98552 3.60823,
	2.00431 3.59766,
	2.0231 3.59414,
	2.06067 3.59179,
	2.07006 3.58826,
	2.08885 3.58826,
	2.09824 3.58826,
	2.10294 3.58826,
	2.12173 3.59648,
	2.13112 3.60235,
	2.13582 3.60588,
	2.14521 3.60705,
	2.14991 3.60235,
	2.16047 3.56478,
	2.16165 3.54599,
	2.16047 3.5366,
	2.15225 3.51781,
	2.14873 3.50842,
	2.14756 3.49903,
	2.14638 3.49433,
	2.13699 3.48729,
	2.1182 3.47907,
	2.10881 3.4732,
	2.10411 3.46967,
	2.10294 3.46028,
	2.10764 3.45089,
	2.12525 3.4321,
	2.13229 3.42271,
	2.14169 3.40392,
	2.14873 3.39453,
	2.15225 3.38513,
	2.16752 3.36635,
	2.17222 3.36165,
	2.191 3.35108,
	2.20979 3.33817,
	2.22858 3.32995,
	2.24619 3.31703,
	2.26145 3.29942,
	2.27085 3.2912,
	2.28024 3.28533,
	2.29903 3.28063,
	2.33542 3.24541,
	2.34364 3.23719,
	2.34482 3.22779,
	2.35304 3.22075,
	2.37182 3.21253,
	2.38122 3.21136,
	2.39061 3.20783,
	2.4 3.20196,
	2.4094 3.19374,
	2.41292 3.18905,
	2.41762 3.1867,
	2.4364 3.1867,
	2.4411 3.18435,
	2.45989 3.18435,
	2.46928 3.18552,
	2.47867 3.18905,
	2.48337 3.19022,
	2.49276 3.1867,
	2.51155 3.18435,
	2.54912 3.18318,
	2.55852 3.17965,
	2.56674 3.17143,
	2.57613 3.16556,
	2.58552 3.16204,
	2.60431 3.16204,
	2.6137 3.16204,
	2.63249 3.16674,
	2.67006 3.19022,
	2.67946 3.19609,
	2.69824 3.20196,
	2.71703 3.20549,
	2.7546 3.20196,
	2.77339 3.20196,
	2.79218 3.20549,
	2.80157 3.20901,
	2.81096 3.21723,
	2.81801 3.22662,
	2.82036 3.23132,
	2.82975 3.24071,
	2.83445 3.24541,
	2.83914 3.24776,
	2.84149 3.2501,
	2.86028 3.2548,
	2.86967 3.25597,
	2.88846 3.2548,
	2.90725 3.25128,
	2.92603 3.24541,
	2.93543 3.23601,
	2.95304 3.22192,
	2.95774 3.21958,
	2.97652 3.22075,
	2.99531 3.22427,
	3.03288 3.22427,
	3.05167 3.22427,
	3.06106 3.22427,
	3.07985 3.23484,
	3.08924 3.24423,
	3.09864 3.2501,
	3.10803 3.25245,
	3.1456 3.25245,
	3.18318 3.2501,
	3.20196 3.2501,
	3.21136 3.2501,
	3.23014 3.25715,
	3.23954 3.26185,
	3.27711 3.27359,
	3.2959 3.27241,
	3.31468 3.26537,
	3.32408 3.26185,
	3.34286 3.25832,
	3.36165 3.25832,
	3.37104 3.26185,
	3.38631 3.27946,
	3.42153 3.31351,
	3.4368 3.3323,
	3.44267 3.34169,
	3.45441 3.37926,
	3.45676 3.38866,
	3.45911 3.39335,
	3.46028 3.40275,
	3.46615 3.41096,
	3.47554 3.41684,
	3.48494 3.42505,
	3.48729 3.42975,
	3.48729 3.44854,
	3.49316 3.45793,
	3.50138 3.46733,
	3.5049 3.48611,
	3.50842 3.49081,
	3.5096 3.5002,
	3.5096 3.5049,
	3.50725 3.5096,
	3.50725 3.51429,
	3.50255 3.52369,
	3.48494 3.54247,
	3.48376 3.54717,
	3.48729 3.55656,
	3.49551 3.56243,
	3.5002 3.56596,
	3.50138 3.57535,
	3.5002 3.58005,
	3.49316 3.58944,
	3.47437 3.60235,
	3.46967 3.60588,
	3.46733 3.60823,
	3.44854 3.61175,
	3.42975 3.61057,
	3.42036 3.60705,
	3.40157 3.60705,
	3.38278 3.61175,
	3.364 3.61997,
	3.3546 3.62232,
	3.33582 3.63288,
	3.32642 3.6411,
	3.31938 3.6505,
	3.30059 3.66811,
	3.2959 3.6728,
	3.25832 3.69629,
	3.23954 3.7092,
	3.23014 3.7186,
	3.21723 3.73738,
	3.20079 3.755,
	3.19609 3.75969,
	3.18083 3.79727,
	3.17965 3.80666,
	3.17261 3.82545,
	3.155 3.84306,
	3.14678 3.85245,
	3.12799 3.86067,
	3.1186 3.86537,
	3.09981 3.87007,
	3.08102 3.87241,
	3.06224 3.87711,
	3.04345 3.87946,
	3.00588 3.8912,
	2.98709 3.8959,
	2.9683 3.89472,
	2.94952 3.88768,
	2.93073 3.88768,
	2.89316 3.8959,
	2.85558 3.90764,
	2.85089 3.90999,
	2.81331 3.91234,
	2.79453 3.91938,
	2.78513 3.92173,
	2.77574 3.92643,
	2.75695 3.9323,
	2.71938 3.94052,
	2.70999 3.94404,
	2.70059 3.94991,
	2.6912 3.95226,
	2.68181 3.95695,
	2.66302 3.96165,
	2.65363 3.96282,
	2.61605 3.96165,
	2.59726 3.9593,
	2.57848 3.95108,
	2.5409 3.92995,
	2.53151 3.92643,
	2.49394 3.9229,
	2.47515 3.91821,
	2.43758 3.91586,
	2.41879 3.91586,
	2.4 3.91351,
	2.36243 3.90412,
	2.34364 3.89825,
	2.33895 3.89707,
	2.32955 3.8912,
	2.32133 3.88181,
	2.31664 3.87828,
	2.30724 3.87711,
	2.30255 3.87594,
	2.3002 3.87594,
	2.29668 3.87124,
	2.2955 3.86654,
	2.29198 3.86302,
	2.28259 3.86302,
	2.27319 3.86537,
	2.25441 3.86185,
	2.23562 3.85363,
	2.22623 3.84776,
	2.18865 3.83484,
	2.16987 3.8278,
	2.15108 3.82662,
	2.14169 3.82662,
	2.1229 3.82075,
	2.12055 3.82075,
	2.11233 3.81371,
	2.10998 3.80901,
	2.10998 3.79962,
	2.11468 3.79492,
	2.11586 3.79022,
	2.11468 3.78553,
	2.10881 3.77613,
	2.10411 3.75735,
	2.10294 3.74795,
	2.09824 3.73856,
	2.09589 3.73386,
	2.0865 3.72917,
	2.07828 3.72095,
	2.07476 3.71155,
	2.06537 3.70333,
	2.04658 3.69511,
	2.03719 3.68807,
	2.0184 3.68102,
	1.99961 3.66693,
	1.99022 3.66106,
	1.97143 3.65402,
	1.96204 3.64932,
	1.95734 3.64697,
	1.95734 3.64345,
	"/>
</Transform>

<Transform dim="0"
 xcoef=" 0 1 0 0 0 0"
 ycoef=" 0 0 1 0 0 0">
<Contour name="d01" hidden="false" closed="true" simplified="true" border="1 0.5 0" fill="1 0.5 0" mode="11"
 points="2.25981 4.99461,
	2.2688 4.98021,
	2.2814 4.96762,
	2.29579 4.96042,
	2.31019 4.95682,
	2.32458 4.94243,
	2.33897 4.93343,
	2.36416 4.90645,
	2.37856 4.89745,
	2.38575 4.89385,
	2.38935 4.89025,
	2.40374 4.88665,
	2.41814 4.87946,
	2.44693 4.85427,
	2.46132 4.84527,
	2.47571 4.83988,
	2.49011 4.84167,
	2.4973 4.84527,
	2.52609 4.84347,
	2.54048 4.85067,
	2.54228 4.85787,
	2.54048 4.86506,
	2.51889 4.89385,
	2.5135 4.90825,
	2.5117 4.91544,
	2.5027 4.92984,
	2.48831 4.94243,
	2.45952 4.96222,
	2.45412 4.96942,
	2.45232 4.97662,
	2.45412 4.99101,
	2.45052 5.0054,
	2.44153 5.0198,
	2.41634 5.04499,
	2.40554 5.05938,
	2.40015 5.06658,
	2.39835 5.09536,
	2.39295 5.10976,
	2.38935 5.11695,
	2.37676 5.13135,
	2.36236 5.14034,
	2.33358 5.14214,
	2.31918 5.13854,
	2.30479 5.12415,
	2.29939 5.10976,
	2.29759 5.08097,
	2.29579 5.06658,
	2.2742 5.03779,
	2.267 5.02339,
	2.26161 5.0162,
	2.25981 5.0018,
	2.25981 4.99641,
	"/>
</Transform>

<Transform dim="0"
 xcoef=" 0 1 0 0 0 0"
 ycoef=" 0 0 1 0 0 0">
<Contour name="d01" hidden="false" closed="true" simplified="true" border="1 0.5 0" fill="1 0.5 0" mode="11"
 points="2.28328 2.89171,
	2.29665 2.87834,
	2.29665 2.87165,
	2.35014 2.86831,
	2.40363 2.87834,
	2.40697 2.89171,
	2.39694 2.91845,
	2.3702 2.92514,
	2.35682 2.93182,
	2.35014 2.93851,
	2.32339 2.93851,
	2.31002 2.93517,
	2.28996 2.91177,
	2.28328 2.90842,
	2.28328 2.89505,
	"/>
</Transform>

<Transform dim="0"
 xcoef=" 0 1 0 0 0 0"
 ycoef=" 0 0 1 0 0 0">
<Contour name="d01mito01" hidden="false" closed="true" simplified="true" border="0 0.25098 0.501961" fill="0.5 0 1" mode="-11"
 points="2.8271 3.62818,
	2.83469 3.61084,
	2.84119 3.60217,
	2.84769 3.58482,
	2.85203 3.56748,
	2.85311 3.56314,
	2.8607 3.55447,
	2.87805 3.54255,
	2.88672 3.53713,
	2.89106 3.53496,
	2.89973 3.52737,
	2.9084 3.52195,
	2.92574 3.51436,
	2.94309 3.51111,
	2.95176 3.50894,
	2.96043 3.50894,
	2.96477 3.50894,
	2.97344 3.51219,
	2.99078 3.51111,
	2.99946 3.50786,
	3.0168 3.50677,
	3.02547 3.50786,
	3.03414 3.51111,
	3.03306 3.51436,
	3.04173 3.51761,
	3.04607 3.51978,
	3.04824 3.52087,
	3.04715 3.52954,
	3.03956 3.54688,
	3.03848 3.56423,
	3.03956 3.5729,
	3.03848 3.58157,
	3.03523 3.59024,
	3.02981 3.59891,
	3.01355 3.61517,
	2.9962 3.62927,
	2.98862 3.63577,
	2.97994 3.65311,
	2.97452 3.66179,
	2.97019 3.66612,
	2.9355 3.68021,
	2.92683 3.68455,
	2.90948 3.68455,
	2.8748 3.67479,
	2.86612 3.67263,
	2.84878 3.66287,
	2.84444 3.65853,
	2.84011 3.65637,
	2.83252 3.64769,
	2.82927 3.64336,
	2.8271 3.64119,
	2.8271 3.63252,
	2.8271 3.62927,
	"/>
</Transform>

<Transform dim="0"
 xcoef=" 0 1 0 0 0 0"
 ycoef=" 0 0 1 0 0 0">
<Contour name="d01ser" hidden="false" closed="true" simplified="true" border="0 0.502 0" fill="1 0.5 0" mode="11"
 points="3.0331 3.82266,
	3.05036 3.81403,
	3.06546 3.80109,
	3.08272 3.79462,
	3.09998 3.79462,
	3.10429 3.79677,
	3.10429 3.81403,
	3.08704 3.82266,
	3.07841 3.82697,
	3.06115 3.82913,
	3.04389 3.8356,
	3.03526 3.8356,
	3.0331 3.82697,
	3.0331 3.82482,
	"/>
</Transform>

<Transform dim="0"
 xcoef=" 0 1 0 0 0 0"
 ycoef=" 0 0 1 0 0 0">
<Contour name="d01ser" hidden="false" closed="true" simplified="true" border="0 0.502 0" fill="1 0.5 0" mode="11"
 points="2.40125 3.33705,
	2.41018 3.32515,
	2.41315 3.32218,
	2.42505 3.32218,
	2.42952 3.32813,
	2.43101 3.34003,
	2.42952 3.34598,
	2.42505 3.35044,
	2.41315 3.35193,
	2.4072 3.35044,
	2.40125 3.34598,
	2.40125 3.34003,
	2.40125 3.33854,
	"/>
</Transform>

<Transform dim="0"
 xcoef=" 0 1 0 0 0 0"
 ycoef=" 0 0 1 0 0 0">
<Contour name="d01ser" hidden="false" closed="true" simplified="true" border="0 0.502 0" fill="1 0.5 0" mode="11"
 points="2.2004 3.6227,
	2.20486 3.61674,
	2.21081 3.61377,
	2.21676 3.61377,
	2.21974 3.61377,
	2.22866 3.62567,
	2.23462 3.63013,
	2.2361 3.64204,
	2.23313 3.64799,
	2.22271 3.65989,
	2.21676 3.66287,
	2.21081 3.66287,
	2.20784 3.66287,
	2.20337 3.65096,
	2.2004 3.64948,
	2.2004 3.62567,
	2.2004 3.62418,
	"/>
</Transform>

<Transform dim="0"
 xcoef=" 0 1 0 0 0 0"
 ycoef=" 0 0 1 0 0 0">
<Contour name="d01ser" hidden="false" closed="true" simplified="true" border="0 0.502 0" fill="1 0.5 0" mode="11"
 points="3.33407 3.51558,
	3.34002 3.51111,
	3.35192 3.50963,
	3.3549 3.50665,
	3.35639 3.49475,
	3.35936 3.4888,
	3.37126 3.48731,
	3.38317 3.49028,
	3.38614 3.49177,
	3.38465 3.49326,
	3.39656 3.49624,
	3.40251 3.49772,
	3.40548 3.5007,
	3.41738 3.49921,
	3.42929 3.5007,
	3.4397 3.51111,
	3.4397 3.52302,
	3.43673 3.52897,
	3.43077 3.53492,
	3.41887 3.53641,
	3.41292 3.53789,
	3.40697 3.54236,
	3.39507 3.54087,
	3.37126 3.53045,
	3.35936 3.5245,
	3.33556 3.52004,
	3.33407 3.51706,
	"/>
</Transform>

<Transform dim="0"
 xcoef=" 0 1 0 0 0 0"
 ycoef=" 0 0 1 0 0 0">
<Contour name="d01ser" hidden="false" closed="true" simplified="true" border="0 0.502 0" fill="1 0.5 0" mode="11"
 points="2.82377 3.29241,
	2.83567 3.26861,
	2.84013 3.26415,
	2.85204 3.26563,
	2.86394 3.27605,
	2.8684 3.27902,
	2.86543 3.282,
	2.87584 3.28944,
	2.8803 3.2939,
	2.87882 3.3058,
	2.87435 3.31175,
	2.86245 3.31622,
	2.85055 3.31622,
	2.84757 3.31622,
	2.83716 3.3058,
	2.83567 3.30283,
	2.82972 3.30283,
	2.82377 3.29985,
	2.82377 3.2939,
	"/>
</Transform>

<Transform dim="0"
 xcoef=" 0 1 0 0 0 0"
 ycoef=" 0 0 1 0 0 0">
<Contour name="d02" hidden="false" closed="true" simplified="true" border="0 0.251 0.502" fill="0.5 0 1" mode="11"
 points="5.29646 4.12446,
	5.30543 4.09574,
	5.31441 4.08138,
	5.34133 4.05446,
	5.37005 4.04189,
	5.42748 4.02933,
	5.4562 4.02036,
	5.48491 4.00779,
	5.51363 3.99882,
	5.54235 3.99882,
	5.55671 4.00061,
	5.58542 4.01138,
	5.59978 4.01677,
	5.61235 4.02933,
	5.61594 4.04369,
	5.61594 4.07241,
	5.61953 4.10112,
	5.62311 4.11548,
	5.62491 4.1442,
	5.62311 4.17291,
	5.61953 4.18009,
	5.60517 4.19445,
	5.57645 4.21061,
	5.56927 4.2142,
	5.54055 4.21599,
	5.51184 4.21061,
	5.48312 4.20163,
	5.36825 4.18189,
	5.35389 4.18009,
	5.32518 4.16933,
	5.31082 4.16035,
	5.30723 4.15317,
	5.30364 4.14958,
	5.30364 4.14599,
	5.29826 4.13881,
	5.29646 4.12625,
	"/>
</Transform>

<Transform dim="0"
 xcoef=" 0 1 0 0 0 0"
 ycoef=" 0 0 1 0 0 0">
<Contour name="d02" hidden="false" closed="true" simplified="true" border="0 0.251 0.502" fill="0.5 0 1" mode="11"
 points="5.39517 4.53905,
	5.41133 4.48162,
	5.42389 4.4529,
	5.42748 4.44572,
	5.4562 4.42598,
	5.57107 4.36675,
	5.59978 4.35778,
	5.65722 4.32906,
	5.67157 4.32368,
	5.67875 4.32188,
	5.70747 4.33086,
	5.72183 4.33804,
	5.75055 4.33983,
	5.77926 4.34522,
	5.80798 4.33983,
	5.82234 4.33804,
	5.82952 4.33445,
	5.85823 4.33265,
	5.88695 4.34522,
	5.94438 4.34881,
	5.95874 4.3506,
	5.9731 4.35957,
	5.98746 4.35598,
	5.99464 4.35239,
	6.05207 4.34881,
	6.06643 4.34881,
	6.09515 4.35778,
	6.10951 4.35957,
	6.13822 4.36855,
	6.19566 4.37752,
	6.22437 4.38111,
	6.23873 4.38291,
	6.26745 4.39547,
	6.28181 4.40624,
	6.33924 4.42239,
	6.36796 4.43316,
	6.38232 4.43855,
	6.39667 4.43675,
	6.41103 4.43855,
	6.43975 4.4529,
	6.44693 4.45649,
	6.47565 4.46008,
	6.49 4.46726,
	6.51872 4.49059,
	6.54385 4.51931,
	6.55282 4.53367,
	6.58154 4.54623,
	6.5959 4.54623,
	6.62461 4.55521,
	6.65333 4.56957,
	6.66769 4.58392,
	6.70718 4.64136,
	6.71615 4.65572,
	6.71974 4.6629,
	6.71435 4.67725,
	6.70179 4.69161,
	6.67307 4.71136,
	6.64436 4.72212,
	6.61564 4.72751,
	6.58692 4.74366,
	6.57974 4.75084,
	6.56718 4.77956,
	6.56 4.79392,
	6.54923 4.80827,
	6.52052 4.83699,
	6.51154 4.85135,
	6.50257 4.88007,
	6.49898 4.89443,
	6.48462 4.90878,
	6.47026 4.91058,
	6.44154 4.90699,
	6.41283 4.89443,
	6.35539 4.90878,
	6.32668 4.91417,
	6.29796 4.92494,
	6.29078 4.92673,
	6.27642 4.93571,
	6.21899 4.94827,
	6.19027 4.95545,
	6.13284 4.97878,
	6.10412 4.98596,
	6.04669 4.99134,
	6.03233 4.99134,
	5.9749 5.00211,
	5.91746 5.01647,
	5.80259 5.02006,
	5.74516 5.01109,
	5.71644 5.00929,
	5.65901 4.99134,
	5.60158 4.96442,
	5.57286 4.95186,
	5.54414 4.94288,
	5.51543 4.94109,
	5.50107 4.9375,
	5.48671 4.92494,
	5.47953 4.91776,
	5.46517 4.88904,
	5.4544 4.86032,
	5.44004 4.83161,
	5.43466 4.81725,
	5.43466 4.80289,
	5.43466 4.79571,
	5.44184 4.78135,
	5.46697 4.75264,
	5.46876 4.73828,
	5.46158 4.72392,
	5.4562 4.6952,
	5.42748 4.63777,
	5.41133 4.60905,
	5.40415 4.59469,
	5.40056 4.58033,
	5.39697 4.57316,
	5.39517 4.54444,
	5.39517 4.54085,
	"/>
</Transform>

<Transform dim="0"
 xcoef=" 0 1 0 0 0 0"
 ycoef=" 0 0 1 0 0 0">
<Contour name="d02" hidden="false" closed="true" simplified="true" border="0 0.251 0.502" fill="0.5 0 1" mode="11"
 points="6.78256 5.02904,
	6.78974 5.00032,
	6.79692 4.98596,
	6.80768 4.9716,
	6.8364 4.94468,
	6.85076 4.93391,
	6.87948 4.92673,
	6.90819 4.92494,
	6.92255 4.93032,
	6.93691 4.9393,
	6.94768 4.95186,
	6.96024 4.98058,
	6.96563 5.00929,
	6.96742 5.06673,
	6.96563 5.09544,
	6.95665 5.12416,
	6.94409 5.15288,
	6.93332 5.16724,
	6.91896 5.1798,
	6.91178 5.18518,
	6.89742 5.19057,
	6.88307 5.19236,
	6.82563 5.18159,
	6.81845 5.178,
	6.80409 5.16544,
	6.79871 5.15108,
	6.79871 5.09365,
	6.79871 5.08647,
	6.79153 5.07211,
	6.79153 5.06852,
	6.78615 5.06134,
	6.78256 5.04698,
	6.78256 5.03262,
	6.78256 5.03083,
	"/>
</Transform>

<Transform dim="0"
 xcoef=" 0 1 0 0 0 0"
 ycoef=" 0 0 1 0 0 0">
<Contour name="d02" hidden="false" closed="true" simplified="true" border="0 0.251 0.502" fill="0.5 0 1" mode="11"
 points="6.43257 3.90549,
	6.44693 3.87677,
	6.45411 3.86959,
	6.46847 3.86421,
	6.47206 3.86421,
	6.48641 3.85344,
	6.49359 3.83908,
	6.50795 3.83011,
	6.51513 3.82652,
	6.54385 3.82652,
	6.55821 3.82831,
	6.56539 3.83011,
	6.57257 3.83549,
	6.58154 3.84806,
	6.58154 3.85523,
	6.57257 3.86959,
	6.56 3.88395,
	6.55282 3.91267,
	6.54923 3.91985,
	6.4918 3.93062,
	6.46308 3.93421,
	6.44872 3.93062,
	6.44154 3.92703,
	6.43437 3.91985,
	6.43257 3.90728,
	"/>
</Transform>

<Transform dim="0"
 xcoef=" 0 1 0 0 0 0"
 ycoef=" 0 0 1 0 0 0">
<Contour name="d02c26" hidden="false" closed="true" simplified="true" border="1 0 0" fill="1 0 0" mode="-11"
 points="5.33608 4.05768,
	5.33746 4.04663,
	5.34022 4.0411,
	5.36233 4.03281,
	5.37339 4.03143,
	5.41762 4.0176,
	5.43973 4.00793,
	5.48395 3.98305,
	5.48948 3.98029,
	5.5116 3.98029,
	5.53371 3.9872,
	5.53924 3.98996,
	5.54338 4.00102,
	5.54476 4.01208,
	5.542 4.02313,
	5.52956 4.04525,
	5.5116 4.06459,
	5.50054 4.0715,
	5.49778 4.07427,
	5.47566 4.0798,
	5.45355 4.08256,
	5.40932 4.08256,
	5.38721 4.08256,
	5.37616 4.08256,
	5.35404 4.07841,
	5.34299 4.07427,
	5.33608 4.06736,
	5.33608 4.06183,
	5.33608 4.05907,
	"/>
</Transform>

<Transform dim="0"
 xcoef=" 0 1 0 0 0 0"
 ycoef=" 0 0 1 0 0 0">
<Contour name="d02cfa26" hidden="false" closed="false" simplified="false" border="0 1 0.25098" fill="0 1 0" mode="11"
 points="5.33747 4.05688,
	5.35682 4.04859,
	5.38584 4.03753,
	5.42316 4.02924,
	5.44942 4.02371,
	5.50193 4.00436,
	5.53925 4.00022,
	"/>
</Transform>

<Transform dim="0"
 xcoef=" 0 1 0 0 0 0"
 ycoef=" 0 0 1 0 0 0">
<Contour name="d02c27" hidden="false" closed="true" simplified="true" border="1 0 0" fill="1 0 0" mode="-11"
 points="6.92412 5.10757,
	6.92778 5.0783,
	6.93144 5.06367,
	6.9351 5.05635,
	6.93876 5.05269,
	6.94059 5.04537,
	6.95157 5.03257,
	6.9662 5.02525,
	6.97352 5.02159,
	6.98815 5.02342,
	6.99181 5.02342,
	6.99913 5.03074,
	6.9973 5.04537,
	6.9973 5.05269,
	6.97352 5.11123,
	6.96437 5.12586,
	6.95888 5.13135,
	6.92961 5.13501,
	6.92412 5.12952,
	6.92412 5.11489,
	6.92412 5.1094,
	"/>
</Transform>

<Transform dim="0"
 xcoef=" 0 1 0 0 0 0"
 ycoef=" 0 0 1 0 0 0">
<Contour name="d02cfa27" hidden="false" closed="false" simplified="false" border="0 1 0.25098" fill="0 1 0" mode="11"
 points="6.96749 5.0265,
	6.96749 5.05577,
	6.96749 5.08686,
	6.95651 5.13077,
	"/>
</Transform>

<Transform dim="0"
 xcoef=" 0 1 0 0 0 0"
 ycoef=" 0 0 1 0 0 0">
<Contour name="d02diap26" hidden="false" closed="false" simplified="false" border="1 0 0.5" fill="1 0 0.5" mode="-9"
 points="5.29995 4.13694,
	5.61484 4.05353,
	"/>
</Transform>

<Transform dim="0"
 xcoef=" 0 1 0 0 0 0"
 ycoef=" 0 0 1 0 0 0">
<Contour name="d03" hidden="false" closed="true" simplified="true" border="1 0 0.5" fill="1 0 0.5" mode="-11"
 points="1.93379 4.54825,
	1.93806 4.53686,
	1.93806 4.53401,
	1.9466 4.52262,
	1.95088 4.51977,
	1.95942 4.50838,
	1.96227 4.50268,
	1.97366 4.49556,
	1.99644 4.48844,
	2.04201 4.48702,
	2.04771 4.48702,
	2.0591 4.47847,
	2.06907 4.46708,
	2.07476 4.46281,
	2.09755 4.46138,
	2.10894 4.46423,
	2.11464 4.46566,
	2.1246 4.4742,
	2.13172 4.48559,
	2.14169 4.50838,
	2.15593 4.53116,
	2.15308 4.54255,
	2.14312 4.55394,
	2.13884 4.55964,
	2.136 4.57103,
	2.136 4.58242,
	2.14169 4.59382,
	2.14596 4.59951,
	2.14739 4.6223,
	2.14596 4.62799,
	2.14169 4.63369,
	2.09612 4.6465,
	2.07334 4.6522,
	2.06195 4.65362,
	2.05625 4.65505,
	2.05056 4.65932,
	2.03916 4.66074,
	2.01638 4.65078,
	1.9936 4.63226,
	1.97081 4.6166,
	1.95942 4.60663,
	1.9523 4.59524,
	1.95088 4.58385,
	1.93521 4.56106,
	1.93379 4.54967,
	"/>
</Transform>

<Transform dim="0"
 xcoef=" 0 1 0 0 0 0"
 ycoef=" 0 0 1 0 0 0">
<Contour name="d03" hidden="false" closed="true" simplified="true" border="1 0 0.5" fill="1 0 0.5" mode="-11"
 points="1.05783 5.37317,
	1.0765 5.33049,
	1.0805 5.31981,
	1.08184 5.29847,
	1.08184 5.29314,
	1.0765 5.28246,
	1.07517 5.27179,
	1.07784 5.25045,
	1.08184 5.23978,
	1.08584 5.21843,
	1.08984 5.20776,
	1.09118 5.19709,
	1.09251 5.19175,
	1.10185 5.18108,
	1.12319 5.16774,
	1.13119 5.15707,
	1.14187 5.1464,
	1.16321 5.13173,
	1.17388 5.12772,
	1.19522 5.11305,
	1.19789 5.11038,
	1.20323 5.10905,
	1.22457 5.09438,
	1.24191 5.07437,
	1.24858 5.06369,
	1.24858 5.06103,
	1.25258 5.05569,
	1.25525 5.04502,
	1.25392 5.02368,
	1.25392 5.02101,
	1.24458 5.01167,
	1.24325 5.00633,
	1.24992 4.99566,
	1.25925 4.98499,
	1.26993 4.97699,
	1.28593 4.95564,
	1.30594 4.9343,
	1.32729 4.92096,
	1.34863 4.91029,
	1.39132 4.90629,
	1.39665 4.90495,
	1.41799 4.88494,
	1.42066 4.88228,
	1.42333 4.88228,
	1.42867 4.87828,
	1.51404 4.8556,
	1.53538 4.85293,
	1.55673 4.84626,
	1.5674 4.83959,
	1.57273 4.83559,
	1.61542 4.82358,
	1.62609 4.82358,
	1.64743 4.81825,
	1.66878 4.81691,
	1.67945 4.81691,
	1.70079 4.83159,
	1.70613 4.83425,
	1.7248 4.85426,
	1.73548 4.86227,
	1.75682 4.86627,
	1.76749 4.86494,
	1.78883 4.85026,
	1.81018 4.83159,
	1.82085 4.82358,
	1.84219 4.81691,
	1.85286 4.81425,
	1.87421 4.81825,
	1.88488 4.81958,
	1.90622 4.81691,
	1.92757 4.81691,
	1.93824 4.81825,
	1.95825 4.83559,
	1.97559 4.85693,
	1.98626 4.86627,
	1.99693 4.87161,
	2.01827 4.87828,
	2.03962 4.89161,
	2.05029 4.89962,
	2.05563 4.90229,
	2.07563 4.92096,
	2.09298 4.94097,
	2.11032 4.98366,
	2.11832 5.005,
	2.13033 5.02634,
	2.14633 5.04769,
	2.16768 5.06903,
	2.17168 5.07437,
	2.17301 5.09571,
	2.17968 5.10638,
	2.18902 5.11705,
	2.19169 5.12772,
	2.18902 5.1384,
	2.18769 5.14373,
	2.18369 5.14907,
	2.17568 5.17041,
	2.17168 5.18108,
	2.17035 5.19175,
	2.17435 5.2131,
	2.18769 5.25578,
	2.19035 5.27713,
	2.18635 5.29847,
	2.17835 5.31981,
	2.16768 5.34116,
	2.13566 5.38384,
	2.09298 5.40786,
	2.0823 5.41586,
	2.07697 5.42119,
	2.06763 5.44254,
	2.0663 5.44787,
	2.0703 5.45188,
	2.06896 5.46255,
	2.06763 5.46788,
	2.07297 5.47856,
	2.07563 5.48389,
	2.07297 5.48923,
	2.03161 5.52258,
	2.01694 5.54392,
	2.0116 5.55459,
	2.00894 5.55993,
	2.00894 5.60261,
	2.00894 5.60795,
	2.00093 5.61862,
	1.95825 5.65197,
	1.94757 5.65864,
	1.90489 5.69866,
	1.89822 5.70933,
	1.89021 5.73067,
	1.88621 5.74134,
	1.88755 5.76269,
	1.88755 5.76802,
	1.88088 5.7787,
	1.87688 5.78403,
	1.87287 5.7947,
	1.87287 5.80004,
	1.87821 5.81071,
	1.88221 5.81605,
	1.88088 5.83739,
	1.87554 5.85873,
	1.87287 5.88008,
	1.87154 5.89075,
	1.86754 5.90142,
	1.8662 5.90409,
	1.86754 5.90942,
	1.86354 5.92009,
	1.84619 5.94144,
	1.82485 5.96011,
	1.81285 5.98146,
	1.80351 6.0028,
	1.80351 6.02414,
	1.80618 6.04549,
	1.80884 6.05616,
	1.80884 6.0775,
	1.81285 6.09884,
	1.81952 6.12019,
	1.82352 6.13086,
	1.82352 6.1522,
	1.83152 6.17355,
	1.83552 6.18422,
	1.85153 6.20556,
	1.85953 6.21623,
	1.86887 6.23758,
	1.87287 6.24825,
	1.87954 6.25892,
	1.88221 6.26425,
	1.88221 6.27493,
	1.88221 6.28026,
	1.87287 6.30161,
	1.83952 6.34429,
	1.81818 6.3603,
	1.80618 6.38164,
	1.7875 6.42433,
	1.77816 6.44567,
	1.77283 6.45634,
	1.77283 6.47769,
	1.76616 6.49903,
	1.75415 6.52037,
	1.74481 6.53105,
	1.73414 6.53772,
	1.7248 6.54839,
	1.7208 6.56973,
	1.71547 6.5804,
	1.7048 6.59107,
	1.69412 6.59774,
	1.68479 6.60842,
	1.67411 6.61642,
	1.6541 6.63643,
	1.64343 6.6431,
	1.6381 6.64577,
	1.61675 6.6471,
	1.60608 6.6431,
	1.58474 6.62976,
	1.5634 6.60842,
	1.55539 6.59774,
	1.54339 6.5764,
	1.52605 6.55506,
	1.51537 6.55106,
	1.5047 6.54972,
	1.48336 6.54038,
	1.47269 6.52971,
	1.46068 6.50837,
	1.44467 6.46568,
	1.426 6.423,
	1.40599 6.40432,
	1.39532 6.39898,
	1.38465 6.39632,
	1.37931 6.39632,
	1.33662 6.37631,
	1.31528 6.37097,
	1.30461 6.3683,
	1.29394 6.36297,
	1.27259 6.34563,
	1.26192 6.33495,
	1.25525 6.32428,
	1.24725 6.30294,
	1.23791 6.26025,
	1.23391 6.23891,
	1.23124 6.22824,
	1.2219 6.20689,
	1.21523 6.19622,
	1.19656 6.17488,
	1.18589 6.16821,
	1.17521 6.15887,
	1.16721 6.1482,
	1.16321 6.13753,
	1.16454 6.11619,
	1.16854 6.10551,
	1.16988 6.10018,
	1.18989 6.08417,
	1.19522 6.08017,
	1.2059 6.07617,
	1.21123 6.07483,
	1.2139 6.07217,
	1.25659 6.06283,
	1.29927 6.06149,
	1.34196 6.06283,
	1.38465 6.0695,
	1.40599 6.07483,
	1.42733 6.08284,
	1.44868 6.08417,
	1.45935 6.08417,
	1.47002 6.0815,
	1.49136 6.0695,
	1.51271 6.05482,
	1.51537 6.05216,
	1.52071 6.05082,
	1.53138 6.04415,
	1.55272 6.03481,
	1.5634 6.02681,
	1.57807 6.00547,
	1.59541 5.98412,
	1.61008 5.96278,
	1.61809 5.95211,
	1.62743 5.93077,
	1.63009 5.92009,
	1.64743 5.87741,
	1.6501 5.86674,
	1.66211 5.84539,
	1.66478 5.84006,
	1.68479 5.81871,
	1.69546 5.80804,
	1.7168 5.7947,
	1.72747 5.78803,
	1.73681 5.7787,
	1.74348 5.75735,
	1.74615 5.74668,
	1.74481 5.72534,
	1.74081 5.70399,
	1.73681 5.69332,
	1.72214 5.67198,
	1.7168 5.66798,
	1.67411 5.65064,
	1.65944 5.63063,
	1.64877 5.62929,
	1.62743 5.63329,
	1.61675 5.63863,
	1.60608 5.6413,
	1.5634 5.6373,
	1.55272 5.63863,
	1.55006 5.63863,
	1.52871 5.61729,
	1.50737 5.60128,
	1.50203 5.59728,
	1.48069 5.59461,
	1.438 5.60128,
	1.41666 5.60661,
	1.40599 5.60795,
	1.38465 5.60395,
	1.3633 5.59594,
	1.34196 5.58127,
	1.32328 5.55993,
	1.30994 5.53858,
	1.30061 5.52791,
	1.29127 5.50657,
	1.29127 5.5039,
	1.26993 5.48789,
	1.25925 5.47989,
	1.24191 5.45855,
	1.22057 5.44254,
	1.19923 5.4372,
	1.18855 5.4332,
	1.17788 5.4252,
	1.16054 5.40385,
	1.15387 5.39318,
	1.1432 5.38384,
	1.12186 5.38251,
	1.11118 5.38384,
	1.10585 5.38384,
	1.09518 5.38785,
	1.08984 5.39185,
	1.0685 5.39585,
	1.06316 5.39452,
	1.05916 5.38918,
	1.05783 5.37851,
	1.05783 5.37451,
	"/>
</Transform>

<Transform dim="0"
 xcoef=" 0 1 0 0 0 0"
 ycoef=" 0 0 1 0 0 0">
<Contour name="d03" hidden="false" closed="true" simplified="true" border="1 0 0.5" fill="1 0 0.5" mode="-11"
 points="0.891082 5.44654,
	0.904422 5.4252,
	0.911092 5.41453,
	0.920429 5.40385,
	0.941773 5.39051,
	0.952444 5.38651,
	0.995131 5.38251,
	1.01647 5.38118,
	1.03782 5.38251,
	1.04849 5.38785,
	1.05916 5.39718,
	1.06716 5.40786,
	1.07117 5.41319,
	1.07117 5.42386,
	1.0685 5.43453,
	1.0645 5.43987,
	1.02181 5.4412,
	0.979123 5.45188,
	0.973787 5.45321,
	0.963116 5.45988,
	0.952444 5.46255,
	0.909758 5.46255,
	0.899086 5.45855,
	0.89375 5.45321,
	0.891082 5.44787,
	"/>
</Transform>

<Transform dim="0"
 xcoef=" 0 1 0 0 0 0"
 ycoef=" 0 0 1 0 0 0">
<Contour name="d03" hidden="false" closed="true" simplified="true" border="1 0 0.5" fill="1 0 0.5" mode="-11"
 points="1.58474 3.94584,
	1.61008 3.90315,
	1.61675 3.89248,
	1.62743 3.88314,
	1.6381 3.87647,
	1.64877 3.87247,
	1.69146 3.86847,
	1.73414 3.87114,
	1.74481 3.87247,
	1.75549 3.87914,
	1.76482 3.88981,
	1.77149 3.90049,
	1.78216 3.90982,
	1.82485 3.92183,
	1.82752 3.92183,
	1.87021 3.94717,
	1.89155 3.96452,
	1.89555 3.96985,
	1.89822 3.97252,
	1.89688 3.98319,
	1.89288 3.99386,
	1.88621 4.00453,
	1.88221 4.01521,
	1.88088 4.02588,
	1.88088 4.03121,
	1.88621 4.04189,
	1.89021 4.04722,
	1.89288 4.05789,
	1.89155 4.07924,
	1.88488 4.10058,
	1.87554 4.11125,
	1.87021 4.11659,
	1.84886 4.12859,
	1.83819 4.13259,
	1.81685 4.13259,
	1.80618 4.13126,
	1.7955 4.12726,
	1.78483 4.12059,
	1.76616 4.10058,
	1.75949 4.08991,
	1.75015 4.07924,
	1.73948 4.07257,
	1.69679 4.0659,
	1.67545 4.05923,
	1.66478 4.05522,
	1.6541 4.04722,
	1.64877 4.04189,
	1.64477 4.03922,
	1.63543 4.02855,
	1.63143 4.02588,
	1.62209 4.01654,
	1.61142 4.00987,
	1.60075 4.00053,
	1.59274 3.98986,
	1.58741 3.97919,
	1.58474 3.95785,
	1.58474 3.94717,
	"/>
</Transform>

<Transform dim="0"
 xcoef=" 0 1 0 0 0 0"
 ycoef=" 0 0 1 0 0 0">
<Contour name="d03p25" hidden="false" closed="true" simplified="false" border="1 1 0" fill="1 1 0" mode="-9"
 points="1.86541 5.65874,
	1.86541 5.59617,
	1.80283 5.59617,
	1.80283 5.65092,
	1.79501 5.65874,
	1.79501 5.58835,
	1.87323 5.58835,
	1.87323 5.66656,
	1.79501 5.66656,
	1.80283 5.65874,
	"/>
</Transform>

<Transform dim="0"
 xcoef=" 0 1 0 0 0 0"
 ycoef=" 0 0 1 0 0 0">
<Contour name="d03p26" hidden="false" closed="true" simplified="false" border="0 0 1" fill="0 0 1" mode="-9"
 points="1.14975 5.32633,
	1.12238 5.29896,
	1.14975 5.27158,
	1.17713 5.29896,
	"/>
</Transform>

<Transform dim="0"
 xcoef=" 0 1 0 0 0 0"
 ycoef=" 0 0 1 0 0 0">
<Contour name="d03c25" hidden="false" closed="true" simplified="true" border="1 0 0" fill="1 0 0" mode="-11"
 points="1.18771 6.17338,
	1.19825 6.16284,
	1.20427 6.15983,
	1.20728 6.16134,
	1.20427 6.16585,
	1.22835 6.18693,
	1.24792 6.20951,
	1.25545 6.22155,
	1.26448 6.24564,
	1.269 6.25768,
	1.269 6.2637,
	1.27201 6.26972,
	1.27351 6.29381,
	1.27351 6.30585,
	1.27351 6.30886,
	1.26147 6.31789,
	1.24943 6.31789,
	1.24341 6.31789,
	1.23136 6.31037,
	1.22384 6.29832,
	1.21932 6.27424,
	1.21481 6.2622,
	1.21481 6.25617,
	1.21029 6.24413,
	1.20728 6.24112,
	1.20276 6.22908,
	1.19825 6.22306,
	1.18921 6.19897,
	1.18771 6.17489,
	"/>
<Contour name="d03c25" hidden="false" closed="true" simplified="true" border="1 0 0" fill="1 0 0" mode="-11"
 points="1.30964 6.3751,
	1.31416 6.36305,
	1.31566 6.36004,
	1.36383 6.35402,
	1.38792 6.35402,
	1.39996 6.35402,
	1.40598 6.35402,
	1.41803 6.36155,
	1.43007 6.37208,
	1.44964 6.39617,
	1.46469 6.41875,
	1.47523 6.44284,
	1.47523 6.46692,
	1.47974 6.49101,
	1.48276 6.50305,
	1.48426 6.50907,
	1.49329 6.52111,
	1.50534 6.53165,
	1.52942 6.54219,
	1.54146 6.5452,
	1.54748 6.5467,
	1.57006 6.56176,
	1.58662 6.58584,
	1.59415 6.59788,
	1.59867 6.60993,
	1.60017 6.62197,
	1.60017 6.62799,
	1.59566 6.63401,
	1.58963 6.63702,
	1.57759 6.63702,
	1.56555 6.63401,
	1.55351 6.62649,
	1.53243 6.60391,
	1.52641 6.59337,
	1.51738 6.58283,
	1.49329 6.56326,
	1.46921 6.54821,
	1.45716 6.53767,
	1.44813 6.52563,
	1.42856 6.47746,
	1.41652 6.45337,
	1.4105 6.44133,
	1.39996 6.42929,
	1.37588 6.41574,
	1.32771 6.39918,
	1.31566 6.39165,
	1.31115 6.38563,
	1.30964 6.37961,
	1.30964 6.3766,
	"/>
</Transform>

<Transform dim="0"
 xcoef=" 0 1 0 0 0 0"
 ycoef=" 0 0 1 0 0 0">
<Contour name="d03cfa25" hidden="false" closed="false" simplified="false" border="0 1 0.251" fill="0 1 0" mode="11"
 points="1.25341 6.31803,
	1.23233 6.23223,
	1.19169 6.1675,
	"/>
<Contour name="d03cfa25" hidden="false" closed="false" simplified="false" border="0 1 0.251" fill="0 1 0" mode="11"
 points="1.5906 6.63114,
	1.55899 6.61007,
	1.52888 6.55738,
	1.51232 6.55136,
	1.48673 6.53932,
	1.46566 6.52125,
	1.44007 6.449,
	1.40846 6.41137,
	1.37985 6.39481,
	1.3091 6.36922,
	"/>
</Transform>

<Transform dim="0"
 xcoef=" 0 1 0 0 0 0"
 ycoef=" 0 0 1 0 0 0">
<Contour name="Ax02" hidden="false" closed="true" simplified="true" border="0.501961 0 1" fill="0.5 0 1" mode="11"
 points="7.61761 5.63996,
	7.6286 5.62532,
	7.63593 5.62165,
	7.63959 5.607,
	7.64325 5.59968,
	7.70185 5.60334,
	7.73115 5.60334,
	7.73847 5.607,
	7.73481 5.61433,
	7.7458 5.62165,
	7.77509 5.65095,
	7.79707 5.68025,
	7.852 5.72054,
	7.852 5.73519,
	7.84468 5.74251,
	7.84468 5.75716,
	7.81904 5.77547,
	7.78974 5.77547,
	7.76045 5.76815,
	7.7458 5.75716,
	7.73115 5.7535,
	7.7165 5.74251,
	7.6872 5.73885,
	7.67255 5.73519,
	7.64325 5.71321,
	7.62128 5.68391,
	7.61761 5.65461,
	7.61761 5.64363,
	"/>
</Transform>

<Transform dim="0"
 xcoef=" 0 1 0 0 0 0"
 ycoef=" 0 0 1 0 0 0">
<Contour name="Ax06" hidden="false" closed="true" simplified="true" border="0 0 1" fill="0 0 1" mode="-11"
 points="3.84699 6.7752,
	3.85324 6.76895,
	3.85636 6.75645,
	3.87824 6.74708,
	3.89074 6.7377,
	3.89387 6.7252,
	3.92824 6.67832,
	3.97824 6.6377,
	4.00324 6.62832,
	4.01574 6.63145,
	4.02512 6.64395,
	4.05012 6.6502,
	4.10012 6.65332,
	4.15012 6.67207,
	4.16262 6.68145,
	4.16887 6.70645,
	4.16575 6.75645,
	4.15637 6.76895,
	4.15325 6.78145,
	4.10637 6.82208,
	4.10012 6.84708,
	4.09387 6.8502,
	4.09387 6.85645,
	4.07512 6.87833,
	4.02512 6.89395,
	4.00012 6.89708,
	3.97512 6.8877,
	3.92512 6.8877,
	3.90012 6.88458,
	3.87512 6.8752,
	3.85636 6.8502,
	3.84699 6.8252,
	3.84699 6.77833,
	"/>
</Transform>

<Transform dim="0"
 xcoef=" 0 1 0 0 0 0"
 ycoef=" 0 0 1 0 0 0">
<Contour name="d06" hidden="false" closed="true" simplified="true" border="0 0 1" fill="0 0 1" mode="11"
 points="3.67819 1.71278,
	3.6984 1.70015,
	3.77924 1.70268,
	3.81966 1.71531,
	3.83987 1.72036,
	3.84745 1.73047,
	3.84492 1.75068,
	3.84239 1.76078,
	3.82724 1.77594,
	3.81713 1.77846,
	3.81208 1.78352,
	3.77166 1.78604,
	3.75145 1.78604,
	3.71103 1.77594,
	3.70092 1.77341,
	3.68577 1.75573,
	3.67819 1.74562,
	3.67819 1.72541,
	3.67819 1.71531,
	"/>
<Contour name="d06" hidden="false" closed="true" simplified="true" border="0 0 1" fill="0 0 1" mode="11"
 points="3.94344 1.79615,
	3.94849 1.7911,
	3.95355 1.77089,
	3.98134 1.73299,
	4.00155 1.71784,
	4.02176 1.70773,
	4.04197 1.68752,
	4.05712 1.67236,
	4.0647 1.66478,
	4.06975 1.66478,
	4.08996 1.6471,
	4.10512 1.63447,
	4.11523 1.63194,
	4.12533 1.62436,
	4.13038 1.62436,
	4.15059 1.60921,
	4.16575 1.59405,
	4.20617 1.59152,
	4.22638 1.59658,
	4.23648 1.60163,
	4.25669 1.5991,
	4.2668 1.59405,
	4.30722 1.58647,
	4.31732 1.58142,
	4.33753 1.57889,
	4.34764 1.57637,
	4.38806 1.57889,
	4.40827 1.589,
	4.41837 1.59152,
	4.42343 1.59658,
	4.46385 1.61173,
	4.47395 1.61679,
	4.49416 1.61931,
	4.51437 1.62942,
	4.52447 1.63194,
	4.56237 1.65973,
	4.59016 1.70015,
	4.59774 1.71026,
	4.60531 1.73047,
	4.61289 1.77089,
	4.62552 1.7911,
	4.64068 1.82899,
	4.64321 1.8492,
	4.62552 1.88962,
	4.62047 1.90983,
	4.61037 1.93004,
	4.59521 1.9452,
	4.57753 1.96541,
	4.55984 2.0033,
	4.54721 2.01593,
	4.54216 2.01593,
	4.53711 2.02098,
	4.53205 2.02098,
	4.52953 2.02604,
	4.48911 2.03867,
	4.44869 2.04119,
	4.43858 2.03614,
	4.41837 2.03614,
	4.39816 2.04372,
	4.38806 2.04624,
	4.38048 2.05382,
	4.37795 2.09424,
	4.3729 2.10435,
	4.35269 2.11698,
	4.34764 2.12203,
	4.30722 2.13972,
	4.28701 2.14729,
	4.20617 2.15487,
	4.18596 2.16245,
	4.14554 2.1574,
	4.10512 2.14729,
	4.09502 2.14729,
	4.07481 2.13719,
	4.0546 2.12203,
	4.04449 2.10182,
	4.04449 2.09677,
	4.02933 2.07656,
	4.02428 2.05635,
	4.02428 2.03614,
	4.02933 2.01593,
	4.02933 2.01088,
	4.04197 1.99067,
	4.03944 1.97046,
	4.03691 1.96035,
	4.02933 1.95025,
	4.02428 1.93004,
	4.02428 1.91993,
	4.01418 1.90225,
	4.00407 1.89214,
	3.99902 1.88709,
	3.99397 1.88709,
	3.96113 1.8593,
	3.94344 1.82141,
	3.94344 1.8012,
	3.94344 1.79867,
	"/>
</Transform>

<Transform dim="0"
 xcoef=" 0 1 0 0 0 0"
 ycoef=" 0 0 1 0 0 0">
<Contour name="d06" hidden="false" closed="true" simplified="true" border="0 0 1" fill="0 0 1" mode="11"
 points="3.21084 1.589,
	3.21336 1.57889,
	3.22599 1.55868,
	3.23862 1.54353,
	3.24873 1.53342,
	3.26894 1.52332,
	3.27904 1.51826,
	3.28157 1.51321,
	3.29168 1.51068,
	3.29673 1.50058,
	3.30683 1.493,
	3.31189 1.493,
	3.31694 1.48795,
	3.32704 1.48542,
	3.34473 1.47279,
	3.38515 1.46016,
	3.42557 1.45763,
	3.46599 1.46016,
	3.48619 1.46521,
	3.4963 1.47026,
	3.51651 1.47026,
	3.52661 1.47026,
	3.5443 1.4829,
	3.55188 1.49047,
	3.5544 1.53089,
	3.5544 1.5511,
	3.56956 1.59152,
	3.56956 1.63194,
	3.56703 1.65215,
	3.56703 1.65721,
	3.55188 1.67742,
	3.5443 1.68752,
	3.54177 1.69763,
	3.53167 1.7052,
	3.53167 1.71026,
	3.49377 1.73805,
	3.45335 1.73805,
	3.41293 1.73299,
	3.37251 1.73299,
	3.3523 1.73299,
	3.3422 1.73299,
	3.33715 1.72794,
	3.31694 1.72036,
	3.27904 1.69257,
	3.27399 1.68752,
	3.26894 1.68752,
	3.2361 1.64963,
	3.22094 1.63194,
	3.21336 1.62184,
	3.21084 1.60163,
	3.21084 1.59152,
	"/>
</Transform>

<Transform dim="0"
 xcoef=" 0 1 0 0 0 0"
 ycoef=" 0 0 1 0 0 0">
<Contour name="d06p14" hidden="false" closed="true" simplified="false" border="1 0 0" fill="1 0 0" mode="-13"
 points="3.98167 1.80731,
	3.99777 1.78478,
	3.98167 1.76225,
	3.99133 1.76225,
	4.0042 1.78156,
	4.01708 1.76225,
	4.02673 1.76225,
	4.01064 1.78478,
	4.02673 1.80731,
	4.01708 1.80731,
	4.0042 1.788,
	3.99133 1.80731,
	"/>
</Transform>

<Transform dim="0"
 xcoef=" 0 1 0 0 0 0"
 ycoef=" 0 0 1 0 0 0">
<Contour name="d09" hidden="false" closed="true" simplified="true" border="0 1 0" fill="0 1 0" mode="11"
 points="1.45615 1.70995,
	1.46045 1.69275,
	1.47551 1.67769,
	1.49272 1.66694,
	1.49702 1.66694,
	1.50992 1.65403,
	1.51853 1.64543,
	1.53573 1.63682,
	1.57015 1.63467,
	1.60456 1.63682,
	1.62177 1.64328,
	1.62607 1.64328,
	1.64543 1.67554,
	1.64758 1.68414,
	1.65403 1.69275,
	1.66479 1.72716,
	1.66479 1.74437,
	1.67769 1.77878,
	1.67984 1.79599,
	1.68414 1.80459,
	1.68414 1.83901,
	1.67984 1.85621,
	1.66479 1.87127,
	1.63037 1.87342,
	1.61316 1.86482,
	1.60886 1.86052,
	1.60456 1.86052,
	1.57015 1.83901,
	1.53573 1.83256,
	1.50132 1.8218,
	1.49272 1.81965,
	1.48196 1.8089,
	1.47121 1.77448,
	1.4669 1.77018,
	1.45615 1.73577,
	1.45615 1.71856,
	1.45615 1.71211,
	"/>
<Contour name="d09" hidden="false" closed="true" simplified="true" border="0 1 0" fill="0 1 0" mode="11"
 points="1.02167 2.15734,
	1.02597 2.12292,
	1.03673 2.10787,
	1.04318 2.09927,
	1.04318 2.06485,
	1.04533 2.05625,
	1.06039 2.04119,
	1.07114 2.03474,
	1.1034 2.01968,
	1.13567 2.00032,
	1.14427 2.00032,
	1.15288 1.99602,
	1.18729 1.99602,
	1.2045 1.99602,
	1.23891 2.00463,
	1.30774 2.00893,
	1.32495 2.01323,
	1.32925 2.01753,
	1.33355 2.01753,
	1.36366 2.04979,
	1.39593 2.0713,
	1.41313 2.08636,
	1.41313 2.09066,
	1.41743 2.09496,
	1.41743 2.12938,
	1.41313 2.14658,
	1.40883 2.15519,
	1.40668 2.1724,
	1.40238 2.1767,
	1.39808 2.1939,
	1.38732 2.21111,
	1.37442 2.22402,
	1.35721 2.23692,
	1.34 2.24337,
	1.3314 2.24983,
	1.29698 2.25843,
	1.27978 2.26703,
	1.24536 2.26703,
	1.17653 2.24553,
	1.15933 2.23907,
	1.15503 2.23907,
	1.15072 2.23477,
	1.14212 2.23262,
	1.13782 2.23262,
	1.13352 2.22832,
	1.0991 2.21326,
	1.0819 2.20466,
	1.07759 2.20466,
	1.07329 2.20036,
	1.05609 2.19605,
	1.03888 2.1853,
	1.02382 2.17024,
	1.02167 2.16164,
	1.02167 2.15949,
	"/>
</Transform>

<Transform dim="0"
 xcoef=" 0 1 0 0 0 0"
 ycoef=" 0 0 1 0 0 0">
<Contour name="d09c12" hidden="false" closed="true" simplified="true" border="0 1 0.251" fill="0 1 0" mode="-9"
 points="1.65829 2.99262,
	1.66282 2.98809,
	1.66282 2.97903,
	1.66962 2.96997,
	1.67415 2.96544,
	1.67415 2.9609,
	1.67868 2.95864,
	1.67868 2.95411,
	1.68321 2.95184,
	1.68321 2.94731,
	1.70586 2.91333,
	1.71492 2.89521,
	1.71945 2.88841,
	1.71945 2.88388,
	1.72625 2.87482,
	1.73305 2.8567,
	1.73531 2.84763,
	1.74664 2.82951,
	1.75117 2.82498,
	1.75117 2.82045,
	1.75797 2.81365,
	1.76023 2.80459,
	1.78062 2.77061,
	1.79421 2.75475,
	1.80327 2.75475,
	1.81007 2.75928,
	1.81913 2.79553,
	1.81687 2.81365,
	1.81687 2.82271,
	1.78742 2.89521,
	1.75344 2.9677,
	1.75344 2.97223,
	1.73078 3.00848,
	1.71266 3.02434,
	1.69453 3.0266,
	1.67641 3.02207,
	1.66735 3.01981,
	1.66055 3.01074,
	1.65829 2.99489,
	"/>
<Contour name="d09c12" hidden="false" closed="true" simplified="true" border="0 1 0.251" fill="0 1 0" mode="-9"
 points="1.66962 3.10363,
	1.67415 3.09456,
	1.67415 3.09003,
	1.69227 3.07644,
	1.71039 3.06738,
	1.72852 3.06964,
	1.74664 3.08097,
	1.78289 3.0923,
	1.80101 3.0991,
	1.8735 3.10363,
	1.88256 3.10816,
	1.91202 3.13761,
	1.92108 3.1444,
	1.93693 3.1512,
	1.94147 3.1512,
	1.95053 3.158,
	1.95053 3.16706,
	1.9392 3.18518,
	1.93014 3.18971,
	1.91202 3.18971,
	1.87577 3.18065,
	1.87124 3.18065,
	1.86671 3.17612,
	1.84858 3.17159,
	1.84405 3.16706,
	1.83499 3.16479,
	1.83046 3.16026,
	1.79421 3.14667,
	1.75797 3.1444,
	1.73984 3.14214,
	1.72172 3.13534,
	1.71719 3.13534,
	1.69907 3.12402,
	1.69 3.11722,
	1.67188 3.11042,
	1.66962 3.10589,
	"/>
<Contour name="d09c12" hidden="false" closed="true" simplified="true" border="0 1 0.251" fill="0 1 0" mode="-9"
 points="2.01396 3.13761,
	2.04794 3.11495,
	2.06606 3.10816,
	2.07286 3.0991,
	2.10684 3.0855,
	2.1159 3.07871,
	2.12043 3.07871,
	2.13856 3.06285,
	2.14762 3.05832,
	2.15442 3.04926,
	2.17254 3.03793,
	2.19066 3.03113,
	2.19972 3.0266,
	2.23597 3.02434,
	2.25409 3.03113,
	2.26316 3.0334,
	2.26769 3.03793,
	2.26769 3.04699,
	2.25409 3.06058,
	2.24503 3.06285,
	2.23597 3.06964,
	2.23144 3.07418,
	2.22691 3.07418,
	2.19293 3.09456,
	2.15668 3.10816,
	2.15442 3.11269,
	2.13629 3.11722,
	2.10231 3.13534,
	2.08645 3.1444,
	2.07739 3.14667,
	2.07286 3.1512,
	2.05474 3.158,
	2.04567 3.16479,
	2.02755 3.16253,
	2.01849 3.158,
	2.01396 3.1512,
	2.01396 3.14214,
	2.01396 3.13987,
	"/>
</Transform>

<Transform dim="0"
 xcoef=" 0 1 0 0 0 0"
 ycoef=" 0 0 1 0 0 0">
<Contour name="d09cfa12" hidden="false" closed="false" simplified="false" border="0 1 1" fill="0 1 1" mode="-9"
 points="1.6813 3.02098,
	1.71755 2.95981,
	1.7538 2.86013,
	1.80364 2.75592,
	"/>
<Contour name="d09" hidden="false" closed="true" simplified="true" border="0 1 0" fill="0 1 0" mode="11"
 points="1.67124 3.04566,
	1.67339 3.03705,
	1.67339 3.03275,
	1.67769 3.02845,
	1.68199 3.01124,
	1.71211 2.97683,
	1.71641 2.97252,
	1.72286 2.95532,
	1.72716 2.94671,
	1.72716 2.93811,
	1.74437 2.9037,
	1.75512 2.86928,
	1.77663 2.83702,
	1.80244 2.76819,
	1.80674 2.75098,
	1.80674 2.73378,
	1.80674 2.72517,
	1.83901 2.69936,
	1.85406 2.68861,
	1.88848 2.68861,
	1.90569 2.69076,
	1.91429 2.69506,
	1.9487 2.70151,
	2.01753 2.70366,
	2.03259 2.70797,
	2.04119 2.71012,
	2.04334 2.71442,
	2.07776 2.72947,
	2.11217 2.73163,
	2.12077 2.73163,
	2.12508 2.73163,
	2.14228 2.74668,
	2.16164 2.77679,
	2.17024 2.79185,
	2.18315 2.80476,
	2.18745 2.81336,
	2.19605 2.82196,
	2.20036 2.83057,
	2.23477 2.85638,
	2.24768 2.86928,
	2.26919 2.9037,
	2.27994 2.91875,
	2.28854 2.92521,
	2.29284 2.93166,
	2.30145 2.93811,
	2.31005 2.95317,
	2.3122 2.97037,
	2.31005 2.98758,
	2.3079 2.99618,
	2.3036 2.99834,
	2.3036 3.00694,
	2.29715 3.01339,
	2.29715 3.01769,
	2.26273 3.04566,
	2.24553 3.05211,
	2.24337 3.05641,
	2.23477 3.05856,
	2.23047 3.06286,
	2.21326 3.06931,
	2.20466 3.07147,
	2.19605 3.07792,
	2.18745 3.08007,
	2.17885 3.08652,
	2.17455 3.08652,
	2.1724 3.09082,
	2.10357 3.11879,
	2.06915 3.13384,
	2.06485 3.13814,
	2.03259 3.15105,
	2.01538 3.1575,
	2.00678 3.1618,
	2.00248 3.1618,
	2.00032 3.1661,
	1.96591 3.17686,
	1.9315 3.17901,
	1.89708 3.17256,
	1.88848 3.16826,
	1.88418 3.16826,
	1.87987 3.16395,
	1.87557 3.16395,
	1.86697 3.1575,
	1.86267 3.1575,
	1.85837 3.1532,
	1.82395 3.14029,
	1.80674 3.13814,
	1.78954 3.13169,
	1.75512 3.12954,
	1.72286 3.11018,
	1.71426 3.10803,
	1.68199 3.08222,
	1.67339 3.07362,
	1.67124 3.05641,
	1.67124 3.04781,
	"/>
</Transform>

<Transform dim="0"
 xcoef=" 0 1 0 0 0 0"
 ycoef=" 0 0 1 0 0 0">
<Contour name="d09cfa12" hidden="false" closed="false" simplified="false" border="0 1 1" fill="0 1 1" mode="-9"
 points="1.94409 3.17502,
	1.88066 3.1569,
	1.83082 3.13651,
	1.75153 3.12292,
	1.67904 3.07988,
	"/>
<Contour name="d09cfa12" hidden="false" closed="false" simplified="false" border="0 1 1" fill="0 1 1" mode="-9"
 points="2.26578 3.03457,
	2.01885 3.15237,
	"/>
</Transform>

<Transform dim="0"
 xcoef=" 0 1 0 0 0 0"
 ycoef=" 0 0 1 0 0 0">
<Contour name="d09c13" hidden="false" closed="true" simplified="true" border="0 1 0" fill="0 1 0" mode="-9"
 points="1.63188 1.67012,
	1.63591 1.66207,
	1.63792 1.65804,
	1.64597 1.65804,
	1.66005 1.66609,
	1.67414 1.68018,
	1.68219 1.71237,
	1.68219 1.72042,
	1.68621 1.72444,
	1.68822 1.74054,
	1.69225 1.74859,
	1.69225 1.75664,
	1.69627 1.76469,
	1.69627 1.77274,
	1.70231 1.78883,
	1.70432 1.82103,
	1.70231 1.82908,
	1.69426 1.83713,
	1.67816 1.84316,
	1.67012 1.84316,
	1.66207 1.83713,
	1.65402 1.82103,
	1.65201 1.78883,
	1.64597 1.75664,
	1.64396 1.72444,
	1.64396 1.7164,
	1.63188 1.6842,
	1.63188 1.67615,
	1.63188 1.67213,
	"/>
<Contour name="d09cfa13" hidden="false" closed="false" simplified="false" border="0 1 1" fill="0 1 1" mode="-9"
 points="1.67921 1.83812,
	1.68123 1.8019,
	1.66312 1.72343,
	1.63293 1.65501,
	"/>
</Transform>

<Transform dim="0"
 xcoef=" 0 1 0 0 0 0"
 ycoef=" 0 0 1 0 0 0">
<Contour name="d06ax11" hidden="false" closed="true" simplified="true" border="0 1 1" fill="0 1 1" mode="-11"
 points="3.47119 0.332026,
	3.47699 0.322739,
	3.4944 0.305325,
	3.51298 0.293716,
	3.52227 0.290233,
	3.52691 0.28675,
	3.52923 0.28675,
	3.53388 0.283267,
	3.55245 0.277463,
	3.56174 0.27398,
	3.56638 0.27398,
	3.60353 0.260049,
	3.62211 0.255405,
	3.64068 0.254244,
	3.67783 0.260049,
	3.69641 0.258888,
	3.70569 0.257727,
	3.71498 0.254244,
	3.73356 0.242635,
	3.74284 0.237991,
	3.75213 0.231025,
	3.77071 0.221738,
	3.78928 0.215933,
	3.79857 0.214772,
	3.80786 0.215933,
	3.81714 0.219416,
	3.82179 0.221738,
	3.8392 0.239152,
	3.84385 0.248439,
	3.84617 0.257727,
	3.84733 0.294877,
	3.85313 0.332026,
	3.86126 0.369176,
	3.86126 0.387751,
	3.85778 0.406326,
	3.85197 0.424901,
	3.84268 0.443476,
	3.8392 0.452763,
	3.8392 0.471338,
	3.83572 0.489913,
	3.8334 0.499201,
	3.82295 0.517776,
	3.81598 0.527063,
	3.79741 0.53519,
	3.76026 0.542155,
	3.72311 0.554925,
	3.70453 0.554925,
	3.69525 0.551443,
	3.68596 0.543316,
	3.68131 0.538672,
	3.67899 0.534029,
	3.67435 0.529385,
	3.66506 0.524741,
	3.64649 0.52358,
	3.62791 0.524741,
	3.62327 0.524741,
	3.61398 0.520097,
	3.60469 0.511971,
	3.59657 0.493396,
	3.58844 0.484109,
	3.56987 0.471338,
	3.5629 0.462051,
	3.55826 0.452763,
	3.55477 0.434188,
	3.54665 0.415614,
	3.53968 0.406326,
	3.53272 0.400521,
	3.51414 0.383107,
	3.47699 0.355245,
	3.47351 0.350601,
	3.47119 0.341314,
	3.47119 0.333187,
	"/>
</Transform>

<Transform dim="0"
 xcoef=" 0 1 0 0 0 0"
 ycoef=" 0 0 1 0 0 0">
<Contour name="d06ax11ssvr" hidden="false" closed="true" simplified="false" border="0 1 0" fill="0 1 0" mode="11"
 points="3.636 0.325076,
	3.62589 0.314957,
	3.636 0.304838,
	3.64612 0.314957,
	"/>
<Contour name="d06ax11ssvr" hidden="false" closed="true" simplified="false" border="0 1 0" fill="0 1 0" mode="11"
 points="3.65191 0.37278,
	3.64179 0.362661,
	3.65191 0.352542,
	3.66203 0.362661,
	"/>
<Contour name="d06ax11ssvr" hidden="false" closed="true" simplified="false" border="0 1 0" fill="0 1 0" mode="11"
 points="3.7025 0.351096,
	3.69238 0.340977,
	3.7025 0.330858,
	3.71262 0.340977,
	"/>
<Contour name="d06ax11ssvr" hidden="false" closed="true" simplified="false" border="0 1 0" fill="0 1 0" mode="11"
 points="3.67793 0.43494,
	3.66781 0.424821,
	3.67793 0.414702,
	3.68805 0.424821,
	"/>
<Contour name="d06ax11ssvr" hidden="false" closed="true" simplified="false" border="0 1 0" fill="0 1 0" mode="11"
 points="3.64757 0.469633,
	3.63745 0.459514,
	3.64757 0.449395,
	3.65769 0.459514,
	"/>
<Contour name="d06ax11ssvr" hidden="false" closed="true" simplified="false" border="0 1 0" fill="0 1 0" mode="11"
 points="3.71117 0.47397,
	3.70106 0.463851,
	3.71117 0.453732,
	3.72129 0.463851,
	"/>
</Transform>

</Section>