<?xml version="1.0"?>
<!DOCTYPE Section SYSTEM "section.dtd">

<Section index="66" thickness="0.038" alignLocked="true">
<Transform dim="0"
 xcoef=" 0 1 0 0 0 0"
 ycoef=" 0 0 1 0 0 0">
<Contour name="mito4" hidden="false" closed="false" simplified="true" border="1 0.5 0" fill="1 0.5 0" mode="-9"
 points="4.61776 2.46456,
	4.79496 2.6504,
	"/>
</Transform>

<Transform dim="0"
 xcoef=" 0 1 0 0 0 0"
 ycoef=" 0 0 1 0 0 0">
<Contour name="d01" hidden="false" closed="true" simplified="true" border="1 0.5 0" fill="1 0.5 0" mode="11"
 points="8.19843 3.61585,
	8.20911 3.58737,
	8.21445 3.57313,
	8.21623 3.566,
	8.21979 3.56244,
	8.21979 3.55888,
	8.22691 3.55354,
	8.23047 3.54998,
	8.23759 3.54998,
	8.24294 3.55532,
	8.24472 3.56244,
	8.25006 3.56778,
	8.2643 3.56422,
	8.27854 3.566,
	8.28566 3.57135,
	8.28922 3.57135,
	8.30347 3.58381,
	8.31593 3.59271,
	8.32483 3.60517,
	8.32839 3.61229,
	8.33195 3.61585,
	8.33017 3.62297,
	8.32127 3.63722,
	8.31771 3.64078,
	8.31415 3.65502,
	8.31415 3.66214,
	8.31059 3.66926,
	8.30347 3.67282,
	8.28922 3.67104,
	8.26074 3.66036,
	8.2465 3.65502,
	8.23225 3.65502,
	8.21801 3.64968,
	8.21089 3.6479,
	8.20377 3.64256,
	8.19843 3.62832,
	8.19843 3.62119,
	8.19843 3.61763,
	"/>
</Transform>

<Transform dim="0"
 xcoef=" 0 1 0 0 0 0"
 ycoef=" 0 0 1 0 0 0">
<Contour name="d01" hidden="false" closed="true" simplified="true" border="1 0.5 0" fill="1 0.5 0" mode="11"
 points="5.80451 3.79114,
	5.81165 3.77686,
	5.84021 3.75009,
	5.85449 3.73938,
	5.88126 3.7126,
	5.89554 3.70189,
	5.90268 3.69832,
	5.90625 3.69475,
	5.92053 3.69119,
	5.93481 3.69119,
	5.94195 3.69119,
	5.94552 3.69119,
	5.95088 3.68405,
	5.95623 3.66977,
	5.98122 3.64299,
	5.98836 3.63585,
	6.00264 3.6305,
	6.00978 3.6305,
	6.01335 3.6305,
	6.02227 3.61622,
	6.02406 3.60908,
	6.01513 3.5948,
	6.01156 3.59123,
	6.01335 3.57695,
	6.01692 3.56981,
	6.0312 3.55732,
	6.05976 3.54661,
	6.08831 3.52697,
	6.10259 3.51983,
	6.13115 3.51805,
	6.14543 3.51269,
	6.15257 3.50912,
	6.18113 3.50912,
	6.18827 3.51091,
	6.20255 3.50377,
	6.21683 3.49306,
	6.22397 3.48771,
	6.23825 3.48771,
	6.25252 3.49128,
	6.2668 3.5002,
	6.29001 3.52697,
	6.30072 3.54125,
	6.29893 3.56981,
	6.29893 3.57338,
	6.29536 3.57695,
	6.29536 3.58409,
	6.29536 3.58766,
	6.30786 3.60015,
	6.31678 3.61265,
	6.32928 3.62693,
	6.3382 3.64121,
	6.34356 3.65549,
	6.34356 3.65906,
	6.35783 3.67155,
	6.36497 3.67512,
	6.3739 3.6894,
	6.37568 3.71796,
	6.37568 3.73224,
	6.37568 3.73938,
	6.39175 3.76794,
	6.3971 3.77508,
	6.3971 3.78935,
	6.38818 3.81613,
	6.38282 3.82327,
	6.36854 3.82327,
	6.3614 3.82327,
	6.35426 3.8197,
	6.32571 3.82148,
	6.26859 3.83933,
	6.25431 3.83933,
	6.22575 3.84469,
	6.16863 3.84647,
	6.14008 3.84112,
	6.1258 3.84112,
	6.09724 3.83576,
	6.04012 3.83219,
	6.01156 3.83041,
	5.983 3.82505,
	5.95445 3.82684,
	5.94017 3.82862,
	5.93303 3.83219,
	5.91875 3.83219,
	5.89019 3.82327,
	5.87591 3.8197,
	5.84735 3.8197,
	5.83307 3.8197,
	5.81879 3.81434,
	5.80451 3.80542,
	5.80451 3.79292,
	"/>
</Transform>

<Transform dim="0"
 xcoef=" 0 1 0 0 0 0"
 ycoef=" 0 0 1 0 0 0">
<Contour name="d01" hidden="false" closed="true" simplified="true" border="1 0.5 0" fill="1 0.5 0" mode="11"
 points="5.58029 4.32568,
	5.58544 4.2707,
	5.58888 4.25695,
	5.60434 4.22946,
	5.61294 4.21571,
	5.61809 4.20197,
	5.61809 4.18822,
	5.60778 4.16073,
	5.60606 4.13324,
	5.60606 4.11949,
	5.61465 4.10574,
	5.6284 4.10059,
	5.65589 4.10059,
	5.66964 4.09543,
	5.68167 4.0834,
	5.6851 4.07653,
	5.69885 4.0645,
	5.70572 4.05763,
	5.70916 4.05076,
	5.70057 4.03701,
	5.68682 4.03014,
	5.67308 4.01983,
	5.66964 3.99234,
	5.65589 3.98374,
	5.65246 3.98031,
	5.65246 3.97343,
	5.65246 3.97,
	5.65589 3.96656,
	5.66964 3.96484,
	5.68339 3.95797,
	5.69713 3.95625,
	5.75212 3.96312,
	5.77961 3.96312,
	5.79336 3.96484,
	5.80023 3.96656,
	5.81398 3.97687,
	5.84147 3.97687,
	5.85522 3.97859,
	5.86896 3.98718,
	5.87412 3.99405,
	5.87583 4.00093,
	5.90333 4.01295,
	5.95831 4.02842,
	5.97206 4.03186,
	5.98581 4.04045,
	5.99783 4.05419,
	6.02533 4.07138,
	6.03907 4.08512,
	6.06656 4.10231,
	6.09406 4.11605,
	6.10093 4.12121,
	6.11468 4.11605,
	6.14217 4.11777,
	6.16966 4.12293,
	6.18341 4.12121,
	6.2109 4.1109,
	6.22465 4.10574,
	6.23839 4.092,
	6.24011 4.08512,
	6.25386 4.0731,
	6.26932 4.04732,
	6.27276 4.04045,
	6.27963 4.03357,
	6.28307 4.03014,
	6.33805 4.03014,
	6.3518 4.03357,
	6.37929 4.0456,
	6.39304 4.05076,
	6.42053 4.05248,
	6.44803 4.04732,
	6.4549 4.04388,
	6.48239 4.04388,
	6.49614 4.04388,
	6.55112 4.06622,
	6.60611 4.07481,
	6.61985 4.07997,
	6.6336 4.09028,
	6.63704 4.09371,
	6.66453 4.092,
	6.67828 4.092,
	6.70577 4.09887,
	6.71952 4.10574,
	6.73326 4.10918,
	6.74701 4.10918,
	6.76075 4.11262,
	6.76591 4.11949,
	6.76591 4.12636,
	6.77278 4.1298,
	6.82777 4.1298,
	6.85526 4.1298,
	6.86901 4.13152,
	6.87588 4.13495,
	6.88791 4.1487,
	6.90337 4.17619,
	6.91368 4.18994,
	6.94117 4.2054,
	6.94805 4.20884,
	6.96008 4.22259,
	6.96867 4.23633,
	6.98241 4.24836,
	6.98929 4.25352,
	6.99788 4.28101,
	7.00132 4.29475,
	7.01334 4.3085,
	7.04084 4.31366,
	7.05458 4.32568,
	7.0563 4.33943,
	7.05286 4.36692,
	7.05458 4.3738,
	7.05974 4.38067,
	7.07348 4.38067,
	7.10098 4.36864,
	7.11472 4.36005,
	7.12847 4.34802,
	7.13191 4.34459,
	7.14565 4.34459,
	7.17143 4.37036,
	7.18174 4.39785,
	7.18689 4.42534,
	7.18517 4.43222,
	7.18517 4.43565,
	7.1783 4.44253,
	7.17143 4.44425,
	7.16799 4.44596,
	7.16971 4.45971,
	7.17314 4.46658,
	7.17314 4.47002,
	7.18345 4.48377,
	7.18517 4.51126,
	7.18689 4.52501,
	7.18861 4.53188,
	7.19548 4.53703,
	7.19892 4.54047,
	7.19892 4.54734,
	7.18861 4.56109,
	7.19033 4.56796,
	7.19205 4.5714,
	7.17314 4.59889,
	7.14565 4.61436,
	7.11816 4.62638,
	7.09067 4.62467,
	7.08379 4.62295,
	7.07005 4.62982,
	7.0563 4.64013,
	7.02881 4.64529,
	7.01506 4.65731,
	6.98757 4.66934,
	6.97382 4.67793,
	6.96179 4.69168,
	6.9343 4.70371,
	6.92915 4.70886,
	6.92915 4.71058,
	6.91712 4.72433,
	6.91025 4.72433,
	6.90681 4.72433,
	6.89478 4.71058,
	6.88103 4.70027,
	6.87416 4.69855,
	6.86901 4.6934,
	6.86729 4.68652,
	6.85698 4.67278,
	6.82949 4.65044,
	6.82605 4.647,
	6.82433 4.64013,
	6.81402 4.62638,
	6.80715 4.62295,
	6.77966 4.62295,
	6.75216 4.61779,
	6.74529 4.61436,
	6.73154 4.61436,
	6.7178 4.61779,
	6.70405 4.62638,
	6.69202 4.64013,
	6.67656 4.66762,
	6.66968 4.68137,
	6.65766 4.69512,
	6.64391 4.70371,
	6.61642 4.71402,
	6.56143 4.71574,
	6.50645 4.71402,
	6.4927 4.71058,
	6.48583 4.70714,
	6.45834 4.7123,
	6.40335 4.70886,
	6.3896 4.70886,
	6.37586 4.7123,
	6.36211 4.71058,
	6.35867 4.71058,
	6.3518 4.70371,
	6.34836 4.69683,
	6.33462 4.68652,
	6.32775 4.68309,
	6.30025 4.68481,
	6.28651 4.6934,
	6.27276 4.70543,
	6.25901 4.71402,
	6.20403 4.71574,
	6.17654 4.71574,
	6.16279 4.71574,
	6.1353 4.70886,
	6.1078 4.69168,
	6.08031 4.67793,
	6.02533 4.67622,
	5.97034 4.67106,
	5.96347 4.67106,
	5.93597 4.68652,
	5.92223 4.69512,
	5.91536 4.69855,
	5.88786 4.69855,
	5.87412 4.69683,
	5.84662 4.67793,
	5.81913 4.66591,
	5.8071 4.6556,
	5.80367 4.60061,
	5.79336 4.58858,
	5.77961 4.57999,
	5.72462 4.56796,
	5.69713 4.56624,
	5.66964 4.55765,
	5.64215 4.54563,
	5.6284 4.54219,
	5.61465 4.54219,
	5.60091 4.53703,
	5.5906 4.52501,
	5.58716 4.52157,
	5.58888 4.49408,
	5.59232 4.48033,
	5.60606 4.45284,
	5.61637 4.43909,
	5.62325 4.43222,
	5.62668 4.42534,
	5.62496 4.39785,
	5.62153 4.39098,
	5.59403 4.36692,
	5.58029 4.35318,
	5.58029 4.3274,
	"/>
</Transform>

<Transform dim="0"
 xcoef=" 0 1 0 0 0 0"
 ycoef=" 0 0 1 0 0 0">
<Contour name="d01" hidden="false" closed="true" simplified="true" border="1 0.5 0" fill="1 0.5 0" mode="11"
 points="4.07733 3.65754,
	4.08197 3.62043,
	4.09589 3.58332,
	4.11212 3.56477,
	4.18634 3.51606,
	4.20489 3.50447,
	4.22345 3.50215,
	4.242 3.50447,
	4.25824 3.51838,
	4.27679 3.52534,
	4.29535 3.52766,
	4.30462 3.52998,
	4.30926 3.52998,
	4.31622 3.53694,
	4.35333 3.54389,
	4.39044 3.54621,
	4.42755 3.55549,
	4.4461 3.56477,
	4.46234 3.58332,
	4.46002 3.62043,
	4.46002 3.63899,
	4.44842 3.65754,
	4.43219 3.67609,
	4.42523 3.68537,
	4.42059 3.72248,
	4.41595 3.73176,
	4.3974 3.75031,
	4.36029 3.76423,
	4.34173 3.76423,
	4.30462 3.75263,
	4.28607 3.75263,
	4.27679 3.75263,
	4.23968 3.74103,
	4.22113 3.7364,
	4.18402 3.7364,
	4.16547 3.7364,
	4.12836 3.72712,
	4.1098 3.72016,
	4.09125 3.70856,
	4.08197 3.69929,
	4.07733 3.69001,
	4.07733 3.67146,
	4.07733 3.66218,
	4.07733 3.65986,
	"/>
</Transform>

<Transform dim="0"
 xcoef=" 0 1 0 0 0 0"
 ycoef=" 0 0 1 0 0 0">
<Contour name="d01" hidden="false" closed="true" simplified="true" border="1 0.5 0" fill="1 0.5 0" mode="11"
 points="4.14088 4.49234,
	4.1422 4.4712,
	4.14616 4.45006,
	4.15673 4.42892,
	4.15938 4.41835,
	4.16862 4.39721,
	4.16862 4.38664,
	4.16862 4.38135,
	4.16466 4.37607,
	4.16334 4.36549,
	4.16466 4.32321,
	4.1673 4.31264,
	4.17655 4.2915,
	4.19637 4.27168,
	4.21751 4.25583,
	4.23865 4.24394,
	4.24394 4.23997,
	4.26508 4.23072,
	4.27565 4.22412,
	4.29679 4.2043,
	4.31793 4.18977,
	4.33907 4.18052,
	4.34435 4.17787,
	4.38664 4.17655,
	4.40778 4.18052,
	4.42892 4.18712,
	4.45006 4.19637,
	4.4712 4.19901,
	4.49234 4.20958,
	4.51348 4.21619,
	4.52405 4.22148,
	4.52669 4.22412,
	4.54783 4.23072,
	4.56897 4.23469,
	4.57954 4.24129,
	4.59672 4.26111,
	4.59936 4.26508,
	4.61786 4.28225,
	4.62843 4.29018,
	4.639 4.29415,
	4.64957 4.29415,
	4.65485 4.2915,
	4.66542 4.2915,
	4.67071 4.29547,
	4.69185 4.29943,
	4.70242 4.29943,
	4.71299 4.30207,
	4.71563 4.30207,
	4.73677 4.32189,
	4.74338 4.33246,
	4.74602 4.34303,
	4.74602 4.36417,
	4.74734 4.37474,
	4.74866 4.38003,
	4.75263 4.38531,
	4.75527 4.38796,
	4.79755 4.3906,
	4.80284 4.3906,
	4.80548 4.39324,
	4.80812 4.40381,
	4.81605 4.41438,
	4.83587 4.43288,
	4.8438 4.44345,
	4.84644 4.44874,
	4.85569 4.45931,
	4.86626 4.46591,
	4.87154 4.46988,
	4.87683 4.48045,
	4.88079 4.48573,
	4.88211 4.4963,
	4.88079 4.50687,
	4.87551 4.51216,
	4.86626 4.51876,
	4.86626 4.52933,
	4.87022 4.5399,
	4.88476 4.56104,
	4.89268 4.57161,
	4.91382 4.59011,
	4.92439 4.59936,
	4.94553 4.61257,
	4.94686 4.63371,
	4.94289 4.65485,
	4.94157 4.66542,
	4.93629 4.67599,
	4.93364 4.68128,
	4.92836 4.68524,
	4.91779 4.68789,
	4.90722 4.69581,
	4.88608 4.70374,
	4.86494 4.70903,
	4.85965 4.71167,
	4.81737 4.71167,
	4.8068 4.71035,
	4.80152 4.71035,
	4.75924 4.69581,
	4.73809 4.68921,
	4.69581 4.67071,
	4.65353 4.65485,
	4.61125 4.64164,
	4.59011 4.63239,
	4.57954 4.62579,
	4.55972 4.60729,
	4.53858 4.59804,
	4.52801 4.59275,
	4.52273 4.59143,
	4.51216 4.58483,
	4.50159 4.58218,
	4.4963 4.57954,
	4.47516 4.5769,
	4.45402 4.56501,
	4.44345 4.56104,
	4.42231 4.56104,
	4.40117 4.56765,
	4.38003 4.56897,
	4.37474 4.56897,
	4.3536 4.56104,
	4.34303 4.55576,
	4.30075 4.54122,
	4.27961 4.53462,
	4.25847 4.53065,
	4.2479 4.52933,
	4.23733 4.53198,
	4.22676 4.53726,
	4.20562 4.55444,
	4.19505 4.55576,
	4.18448 4.55179,
	4.16334 4.53726,
	4.15013 4.51612,
	4.14484 4.51084,
	4.14088 4.50026,
	4.14088 4.49498,
	4.14088 4.49366,
	"/>
</Transform>

<Transform dim="0"
 xcoef=" 0 1 0 0 0 0"
 ycoef=" 0 0 1 0 0 0">
<Contour name="d01mito01" hidden="false" closed="true" simplified="true" border="0 0.25098 0.501961" fill="0.5 0 1" mode="-11"
 points="6.07364 4.30002,
	6.07853 4.29512,
	6.08465 4.28533,
	6.10424 4.26574,
	6.1226 4.24983,
	6.16177 4.2327,
	6.18135 4.2229,
	6.19114 4.21923,
	6.21073 4.21923,
	6.22052 4.22045,
	6.25969 4.20332,
	6.26948 4.20209,
	6.28907 4.20577,
	6.29886 4.20944,
	6.31844 4.21066,
	6.32823 4.21311,
	6.33803 4.21923,
	6.35761 4.22535,
	6.35884 4.2278,
	6.35761 4.22902,
	6.3772 4.23514,
	6.38699 4.24126,
	6.4029 4.25962,
	6.41392 4.27921,
	6.42738 4.29879,
	6.44329 4.31838,
	6.45676 4.33796,
	6.45798 4.35755,
	6.45798 4.36244,
	6.44697 4.38203,
	6.4286 4.40039,
	6.40902 4.41385,
	6.39923 4.41997,
	6.37964 4.42609,
	6.34047 4.42732,
	6.30131 4.43344,
	6.28172 4.43588,
	6.24255 4.43466,
	6.22297 4.43466,
	6.20338 4.43221,
	6.16421 4.41752,
	6.14463 4.4114,
	6.13484 4.4114,
	6.11525 4.40039,
	6.09689 4.38203,
	6.08588 4.36244,
	6.07976 4.35265,
	6.07364 4.33307,
	6.07364 4.31348,
	6.07364 4.30369,
	6.07364 4.30124,
	"/>
</Transform>

<Transform dim="0"
 xcoef=" 0 1 0 0 0 0"
 ycoef=" 0 0 1 0 0 0">
<Contour name="d01ser" hidden="false" closed="true" simplified="true" border="0 0.502 0" fill="1 0.5 0" mode="11"
 points="6.40532 4.69051,
	6.41848 4.67297,
	6.43602 4.67078,
	6.45356 4.67516,
	6.46234 4.67955,
	6.46453 4.68832,
	6.44699 4.69928,
	6.43821 4.70367,
	6.42067 4.70148,
	6.4119 4.69928,
	6.40751 4.69928,
	6.40532 4.6927,
	"/>
</Transform>

<Transform dim="0"
 xcoef=" 0 1 0 0 0 0"
 ycoef=" 0 0 1 0 0 0">
<Contour name="d01ser" hidden="false" closed="true" simplified="true" border="0 0.502 0" fill="1 0.5 0" mode="11"
 points="6.92914 4.30313,
	6.93455 4.29772,
	6.94538 4.29365,
	6.95079 4.2923,
	6.95621 4.29365,
	6.96027 4.29907,
	6.96162 4.3099,
	6.96027 4.3126,
	6.95756 4.3126,
	6.95756 4.31531,
	6.95215 4.31937,
	6.94132 4.31937,
	6.9359 4.31937,
	6.9332 4.31937,
	6.93049 4.31667,
	6.92914 4.30584,
	6.92914 4.30448,
	"/>
</Transform>

<Transform dim="0"
 xcoef=" 0 1 0 0 0 0"
 ycoef=" 0 0 1 0 0 0">
<Contour name="d01ser" hidden="false" closed="true" simplified="true" border="0 0.502 0" fill="1 0.5 0" mode="11"
 points="6.76693 4.5013,
	6.77398 4.49778,
	6.78103 4.49778,
	6.78455 4.49954,
	6.78631 4.51364,
	6.78631 4.51716,
	6.78279 4.51892,
	6.78103 4.5154,
	6.76693 4.51364,
	6.76693 4.50659,
	6.76693 4.50307,
	"/>
</Transform>

<Transform dim="0"
 xcoef=" 0 1 0 0 0 0"
 ycoef=" 0 0 1 0 0 0">
<Contour name="d01ser" hidden="false" closed="true" simplified="true" border="0 0.502 0" fill="1 0.5 0" mode="11"
 points="6.73044 4.21043,
	6.73461 4.2021,
	6.74295 4.19376,
	6.75962 4.18751,
	6.7763 4.17708,
	6.78464 4.17083,
	6.81799 4.17083,
	6.83466 4.17083,
	6.843 4.17292,
	6.84925 4.17917,
	6.84717 4.18751,
	6.843 4.19168,
	6.82632 4.19168,
	6.80965 4.20001,
	6.8034 4.20835,
	6.8034 4.21669,
	6.79506 4.22294,
	6.77838 4.22294,
	6.77005 4.22294,
	6.75337 4.23128,
	6.7367 4.23128,
	6.73044 4.22503,
	6.73044 4.21669,
	6.73044 4.21252,
	"/>
</Transform>

<Transform dim="0"
 xcoef=" 0 1 0 0 0 0"
 ycoef=" 0 0 1 0 0 0">
<Contour name="d01ser" hidden="false" closed="true" simplified="true" border="0 0.502 0" fill="1 0.5 0" mode="11"
 points="5.60905 4.27297,
	5.6153 4.26463,
	5.61947 4.26046,
	5.63615 4.26254,
	5.64031 4.26254,
	5.64865 4.27088,
	5.65074 4.28756,
	5.64657 4.29589,
	5.62989 4.29798,
	5.61322 4.29173,
	5.60905 4.28756,
	5.60905 4.27922,
	5.60905 4.27505,
	"/>
</Transform>

<Transform dim="0"
 xcoef=" 0 1 0 0 0 0"
 ycoef=" 0 0 1 0 0 0">
<Contour name="d02" hidden="false" closed="true" simplified="true" border="0.251 0 0.502" fill="1 0.5 0" mode="11"
 points="3.35542 4.55063,
	3.36007 4.54133,
	3.36007 4.53668,
	3.36705 4.52738,
	3.37635 4.52273,
	3.381 4.51808,
	3.4182 4.5204,
	3.49261 4.54365,
	3.52982 4.55528,
	3.56702 4.57388,
	3.64143 4.59481,
	3.67864 4.60411,
	3.71584 4.62039,
	3.71817 4.62504,
	3.75537 4.62737,
	3.77398 4.62737,
	3.79258 4.63434,
	3.86699 4.64132,
	3.90419 4.64132,
	3.9228 4.64364,
	3.96 4.65759,
	3.9786 4.66225,
	4.01581 4.65527,
	4.02511 4.65062,
	4.06232 4.65294,
	4.08092 4.65294,
	4.09952 4.64597,
	4.13673 4.64364,
	4.15533 4.64597,
	4.16463 4.65062,
	4.1716 4.65992,
	4.16463 4.69712,
	4.14835 4.73433,
	4.1437 4.80874,
	4.13905 4.81804,
	4.12045 4.83664,
	4.1065 4.8506,
	4.09719 4.8599,
	4.09022 4.8785,
	4.08557 4.9157,
	4.07162 4.93431,
	4.03674 4.96454,
	4.02744 4.97151,
	3.87862 4.96919,
	3.84141 4.95988,
	3.82281 4.95291,
	3.7484 4.95058,
	3.7391 4.95058,
	3.72049 4.94128,
	3.71119 4.93663,
	3.70654 4.93198,
	3.69724 4.92966,
	3.66004 4.90408,
	3.62283 4.88547,
	3.61353 4.88082,
	3.59493 4.86222,
	3.57633 4.84827,
	3.55772 4.84129,
	3.53912 4.83897,
	3.52982 4.83897,
	3.52052 4.83432,
	3.50424 4.81572,
	3.48331 4.77851,
	3.47401 4.75991,
	3.46006 4.74363,
	3.45076 4.73433,
	3.44146 4.71573,
	3.44146 4.70643,
	3.44146 4.70178,
	3.40658 4.6669,
	3.38333 4.62969,
	3.36705 4.59249,
	3.35542 4.57388,
	3.35542 4.55528,
	3.35542 4.55296,
	"/>
</Transform>

<Transform dim="0"
 xcoef=" 0 1 0 0 0 0"
 ycoef=" 0 0 1 0 0 0">
<Contour name="d02" hidden="false" closed="true" simplified="true" border="0.25098 0 0.501961" fill="0.5 0 1" mode="11"
 points="4.68938 5.48901,
	4.6942 5.48419,
	4.69661 5.47456,
	4.70383 5.46492,
	4.71587 5.42639,
	4.71828 5.40712,
	4.71828 5.39748,
	4.7231 5.39026,
	4.71587 5.37099,
	4.71346 5.36136,
	4.71587 5.34209,
	4.72069 5.33727,
	4.7231 5.29873,
	4.73032 5.27947,
	4.74718 5.26261,
	4.76886 5.22407,
	4.78572 5.20721,
	4.79295 5.19758,
	4.80017 5.17831,
	4.80499 5.16867,
	4.8074 5.14941,
	4.81221 5.14459,
	4.80981 5.10605,
	4.81462 5.09642,
	4.82426 5.08919,
	4.84593 5.05066,
	4.85075 5.03139,
	4.85075 5.02175,
	4.85798 5.01212,
	4.86279 4.99285,
	4.88929 4.95672,
	4.90374 4.93746,
	4.91096 4.92782,
	4.9206 4.92301,
	4.95913 4.92301,
	4.99767 4.91819,
	5.01694 4.91337,
	5.02657 4.90615,
	5.03621 4.90374,
	5.05547 4.89169,
	5.08919 4.85798,
	5.12532 4.8363,
	5.16386 4.83148,
	5.18313 4.82907,
	5.22166 4.83148,
	5.2602 4.83871,
	5.27947 4.85557,
	5.29392 4.87484,
	5.29873 4.88447,
	5.33486 4.90374,
	5.3445 4.91337,
	5.35413 4.93264,
	5.35895 4.94227,
	5.36376 4.94709,
	5.36376 4.95191,
	5.38062 4.96877,
	5.41916 4.99044,
	5.43843 4.99526,
	5.44806 5.00008,
	5.4866 5.00249,
	5.50587 5.0049,
	5.5155 5.0049,
	5.59257 5.02657,
	5.63111 5.02416,
	5.66965 5.01212,
	5.68891 5.0073,
	5.70577 4.99285,
	5.71059 4.98804,
	5.71541 4.98804,
	5.72022 4.98322,
	5.7973 4.97358,
	5.83583 4.97599,
	5.84547 4.98081,
	5.85751 5.00008,
	5.8551 5.01935,
	5.81897 5.04343,
	5.79971 5.05066,
	5.78044 5.05066,
	5.7708 5.05066,
	5.75153 5.0627,
	5.73708 5.07474,
	5.72022 5.0916,
	5.70818 5.13014,
	5.70577 5.16867,
	5.70577 5.18794,
	5.70096 5.20721,
	5.713 5.24575,
	5.72022 5.28428,
	5.71782 5.32282,
	5.71782 5.34209,
	5.70336 5.38062,
	5.69855 5.38303,
	5.69373 5.4023,
	5.68651 5.41193,
	5.67928 5.45047,
	5.68651 5.48901,
	5.69132 5.50827,
	5.74431 5.57812,
	5.74913 5.58776,
	5.74913 5.59257,
	5.76117 5.61184,
	5.76358 5.62148,
	5.76117 5.64074,
	5.73949 5.67928,
	5.73949 5.6841,
	5.73227 5.69373,
	5.72986 5.70336,
	5.72504 5.70818,
	5.72263 5.74672,
	5.70096 5.78525,
	5.66483 5.80934,
	5.66001 5.82861,
	5.66001 5.83342,
	5.64556 5.85028,
	5.62629 5.86714,
	5.60702 5.87678,
	5.56849 5.88159,
	5.54922 5.88159,
	5.52995 5.86955,
	5.51791 5.85028,
	5.48178 5.8262,
	5.44324 5.81175,
	5.40471 5.80693,
	5.36617 5.78285,
	5.32764 5.76599,
	5.2891 5.75394,
	5.27947 5.74913,
	5.24093 5.74431,
	5.2313 5.74913,
	5.19276 5.75394,
	5.17349 5.75635,
	5.15422 5.76358,
	5.11569 5.78525,
	5.09642 5.79248,
	5.05788 5.79007,
	5.01935 5.78285,
	5.00008 5.78044,
	4.99044 5.78044,
	4.98081 5.77562,
	4.94227 5.77321,
	4.92301 5.76839,
	4.91578 5.74913,
	4.91578 5.73949,
	4.92782 5.72022,
	4.93023 5.71059,
	4.92782 5.70096,
	4.92782 5.69614,
	4.9206 5.68651,
	4.9206 5.68169,
	4.89892 5.64315,
	4.88447 5.62629,
	4.84834 5.60221,
	4.80981 5.58294,
	4.79054 5.58053,
	4.7809 5.58053,
	4.76164 5.5733,
	4.752 5.5733,
	4.74237 5.56849,
	4.73755 5.56849,
	4.73273 5.56367,
	4.72792 5.56367,
	4.7231 5.55885,
	4.71828 5.55885,
	4.70142 5.5444,
	4.68938 5.52513,
	4.68938 5.50587,
	4.68938 5.49623,
	4.68938 5.49142,
	"/>
</Transform>

<Transform dim="0"
 xcoef=" 0 1 0 0 0 0"
 ycoef=" 0 0 1 0 0 0">
<Contour name="d02" hidden="false" closed="true" simplified="true" border="0 0.251 0.502" fill="0.5 0 1" mode="11"
 points="5.6287 6.02851,
	5.64797 6.02611,
	5.66724 6.03333,
	5.67687 6.03574,
	5.68169 6.03574,
	5.70096 6.04778,
	5.71059 6.05742,
	5.72263 6.07428,
	5.73949 6.09114,
	5.74913 6.09595,
	5.78766 6.09354,
	5.80693 6.09595,
	5.8262 6.10559,
	5.83102 6.1104,
	5.86955 6.12245,
	5.88882 6.13208,
	5.89845 6.13449,
	5.90568 6.14412,
	5.90809 6.16339,
	5.91531 6.18266,
	5.92736 6.20193,
	5.94422 6.2212,
	5.95385 6.22842,
	5.95867 6.23806,
	5.9972 6.27177,
	6.01406 6.28863,
	6.02611 6.3079,
	6.03092 6.31754,
	6.03092 6.32717,
	6.01888 6.34644,
	5.99961 6.35848,
	5.96108 6.36089,
	5.94181 6.35848,
	5.90327 6.34162,
	5.86714 6.31754,
	5.84788 6.30068,
	5.82379 6.26214,
	5.80934 6.24528,
	5.77321 6.2212,
	5.76117 6.20434,
	5.74913 6.19229,
	5.73949 6.19229,
	5.72022 6.18266,
	5.70336 6.16821,
	5.69373 6.14894,
	5.68891 6.13931,
	5.68891 6.13449,
	5.67687 6.11763,
	5.64315 6.08632,
	5.63352 6.07668,
	5.6287 6.05742,
	5.6287 6.03815,
	5.6287 6.03092,
	"/>
</Transform>

<Transform dim="0"
 xcoef=" 0 1 0 0 0 0"
 ycoef=" 0 0 1 0 0 0">
<Contour name="d02p10" hidden="false" closed="true" simplified="false" border="0 1 1" fill="0 1 1" mode="-9"
 points="5.54056 5.17181,
	5.55132 5.16105,
	5.50826 5.11798,
	5.51902 5.10722,
	5.56209 5.15028,
	5.57285 5.13952,
	5.57285 5.17181,
	"/>
</Transform>

<Transform dim="0"
 xcoef=" 0 1 0 0 0 0"
 ycoef=" 0 0 1 0 0 0">
<Contour name="d02p11" hidden="false" closed="true" simplified="false" border="1 0.5 0" fill="1 0.5 0" mode="11"
 points="5.55401 5.80432,
	5.55401 5.79893,
	5.5594 5.79355,
	5.56478 5.79355,
	5.57016 5.79893,
	5.57016 5.80432,
	5.56478 5.8097,
	5.5594 5.8097,
	"/>
</Transform>

<Transform dim="0"
 xcoef=" 0 1 0 0 0 0"
 ycoef=" 0 0 1 0 0 0">
<Contour name="d02cfa09" hidden="false" closed="false" simplified="false" border="0 1 0.25098" fill="0 1 0" mode="11"
 points="3.65169 4.6019,
	3.66734 4.60581,
	3.70452 4.61364,
	3.7456 4.62538,
	3.80821 4.6332,
	3.88256 4.64103,
	3.96669 4.65081,
	4.02343 4.65472,
	"/>
</Transform>

<Transform dim="0"
 xcoef=" 0 1 0 0 0 0"
 ycoef=" 0 0 1 0 0 0">
<Contour name="d03" hidden="false" closed="true" simplified="true" border="1 0 0.5" fill="1 0 0.5" mode="-11"
 points="3.36108 4.02892,
	3.36839 4.01723,
	3.37277 4.01284,
	3.38446 4.00992,
	3.39616 4.00992,
	3.40785 4.02015,
	3.41515 4.03184,
	3.43707 4.05376,
	3.46045 4.06983,
	3.48384 4.08152,
	3.50722 4.08445,
	3.5306 4.09175,
	3.54229 4.09468,
	3.55398 4.10052,
	3.57444 4.11952,
	3.58759 4.1429,
	3.58905 4.16628,
	3.58905 4.17797,
	3.57882 4.20135,
	3.55983 4.22474,
	3.54375 4.24666,
	3.52183 4.26565,
	3.51599 4.26858,
	3.50429 4.28027,
	3.48091 4.29634,
	3.45753 4.30073,
	3.43415 4.30073,
	3.41077 4.2978,
	3.39908 4.28903,
	3.38885 4.27734,
	3.383 4.26565,
	3.38446 4.21889,
	3.38885 4.19551,
	3.38739 4.17213,
	3.38593 4.16628,
	3.36839 4.1429,
	3.36254 4.11952,
	3.36254 4.07276,
	3.36108 4.04937,
	3.36108 4.03768,
	3.36108 4.03184,
	3.36108 4.03038,
	"/>
</Transform>

<Transform dim="0"
 xcoef=" 0 1 0 0 0 0"
 ycoef=" 0 0 1 0 0 0">
<Contour name="d03" hidden="false" closed="true" simplified="true" border="1 0 0.5" fill="1 0 0.5" mode="-11"
 points="2.80955 4.38022,
	2.85511 4.3674,
	2.86651 4.36598,
	2.88929 4.36882,
	2.90068 4.37167,
	2.90638 4.37452,
	2.91065 4.38022,
	2.91207 4.39161,
	2.91919 4.403,
	2.94198 4.41582,
	2.94055 4.42721,
	2.93059 4.44999,
	2.92916 4.46138,
	2.92631 4.46708,
	2.92347 4.46993,
	2.91207 4.47278,
	2.90638 4.4742,
	2.89499 4.48559,
	2.89071 4.49129,
	2.88502 4.49129,
	2.86223 4.47847,
	2.85084 4.47135,
	2.83945 4.47135,
	2.83375 4.47135,
	2.82379 4.45996,
	2.81951 4.44857,
	2.81382 4.403,
	2.80955 4.38164,
	"/>
</Transform>

<Transform dim="0"
 xcoef=" 0 1 0 0 0 0"
 ycoef=" 0 0 1 0 0 0">
<Contour name="d03" hidden="false" closed="true" simplified="true" border="1 0 0.5" fill="1 0 0.5" mode="-11"
 points="2.51193 5.00108,
	2.51905 4.9783,
	2.57744 4.88716,
	2.58883 4.86438,
	2.59452 4.84159,
	2.59025 4.79602,
	2.58456 4.77324,
	2.58313 4.75046,
	2.58313 4.74476,
	2.58883 4.73337,
	2.59168 4.73052,
	2.58456 4.70774,
	2.58598 4.69634,
	2.59168 4.69065,
	2.61446 4.6821,
	2.7056 4.66644,
	2.72838 4.6579,
	2.75116 4.64223,
	2.77252 4.62087,
	2.77822 4.6166,
	2.801 4.61233,
	2.82379 4.61233,
	2.84657 4.60521,
	2.85227 4.60236,
	2.86366 4.60236,
	2.95479 4.63796,
	3.00036 4.6522,
	3.02315 4.65362,
	3.03454 4.65362,
	3.05732 4.6465,
	3.08011 4.64223,
	3.0915 4.64223,
	3.10289 4.64935,
	3.10574 4.6522,
	3.15131 4.65505,
	3.17409 4.65505,
	3.19687 4.65932,
	3.20257 4.65932,
	3.20827 4.66217,
	3.21966 4.66359,
	3.22535 4.66359,
	3.23675 4.65932,
	3.24814 4.65932,
	3.25953 4.66359,
	3.26807 4.67356,
	3.27235 4.67926,
	3.29513 4.68638,
	3.31791 4.68922,
	3.32931 4.69207,
	3.335 4.6935,
	3.35779 4.70916,
	3.38057 4.72767,
	3.40335 4.74191,
	3.40905 4.74334,
	3.45462 4.77894,
	3.49734 4.82308,
	3.50019 4.82878,
	3.51158 4.8359,
	3.55715 4.85156,
	3.56854 4.85868,
	3.61411 4.89713,
	3.63689 4.91422,
	3.64828 4.92134,
	3.65967 4.9313,
	3.68388 4.97687,
	3.70097 4.99966,
	3.70382 5.00535,
	3.69955 5.02813,
	3.69243 5.03953,
	3.68815 5.05092,
	3.68531 5.05661,
	3.68531 5.06801,
	3.68673 5.0737,
	3.70951 5.08937,
	3.72091 5.09364,
	3.74369 5.09791,
	3.75508 5.09933,
	3.77787 5.10788,
	3.78926 5.115,
	3.79923 5.12639,
	3.80635 5.13778,
	3.81631 5.16057,
	3.82059 5.16626,
	3.82201 5.16911,
	3.81916 5.17196,
	3.79638 5.17623,
	3.77359 5.1862,
	3.7679 5.18762,
	3.75793 5.19617,
	3.74369 5.21895,
	3.70239 5.26025,
	3.691 5.26737,
	3.66822 5.27449,
	3.65683 5.28161,
	3.63404 5.30154,
	3.61126 5.32433,
	3.56996 5.36562,
	3.55999 5.37701,
	3.5543 5.37986,
	3.5486 5.38556,
	3.52582 5.39268,
	3.50303 5.3941,
	3.45747 5.40265,
	3.43468 5.40977,
	3.4119 5.41119,
	3.4062 5.41119,
	3.40051 5.41404,
	3.37772 5.41831,
	3.35494 5.42685,
	3.30937 5.45249,
	3.28659 5.46673,
	3.27519 5.47385,
	3.25241 5.48097,
	3.22963 5.49093,
	3.13849 5.51229,
	3.11571 5.51941,
	3.09292 5.52938,
	3.08723 5.53365,
	3.08438 5.5365,
	3.06159 5.54077,
	3.03881 5.55074,
	3.02742 5.55644,
	2.98185 5.57068,
	2.95907 5.57637,
	2.93628 5.57922,
	2.89071 5.57922,
	2.87932 5.57637,
	2.86793 5.56925,
	2.86223 5.56498,
	2.85084 5.56213,
	2.82806 5.56641,
	2.81667 5.56783,
	2.80527 5.56641,
	2.79388 5.56213,
	2.78249 5.55359,
	2.7711 5.5422,
	2.75971 5.53365,
	2.74832 5.52938,
	2.72553 5.52938,
	2.71414 5.52511,
	2.7056 5.51514,
	2.69563 5.49236,
	2.69136 5.48097,
	2.67569 5.45818,
	2.63724 5.41261,
	2.59168 5.36989,
	2.56889 5.35138,
	2.54611 5.33572,
	2.53472 5.32717,
	2.52475 5.31578,
	2.51763 5.30439,
	2.51336 5.293,
	2.51336 5.28161,
	2.51763 5.25882,
	2.51905 5.23604,
	2.52902 5.19047,
	2.53756 5.16769,
	2.5518 5.1449,
	2.55608 5.13351,
	2.55608 5.11073,
	2.55323 5.09933,
	2.54611 5.08794,
	2.5276 5.06658,
	2.51478 5.0438,
	2.51193 5.02101,
	2.51193 5.00962,
	2.51193 5.00393,
	2.51193 5.0025,
	"/>
</Transform>

<Transform dim="0"
 xcoef=" 0 1 0 0 0 0"
 ycoef=" 0 0 1 0 0 0">
<Contour name="d03" hidden="false" closed="true" simplified="true" border="1 0 0.5" fill="1 0 0.5" mode="-11"
 points="3.1271 5.81845,
	3.13422 5.80706,
	3.14419 5.79709,
	3.14846 5.7914,
	3.15415 5.78855,
	3.17694 5.7914,
	3.19972 5.79852,
	3.21111 5.80849,
	3.22393 5.83127,
	3.22535 5.83697,
	3.2282 5.83981,
	3.2282 5.84551,
	3.20542 5.85548,
	3.18263 5.8626,
	3.17124 5.86545,
	3.14846 5.86402,
	3.13707 5.85405,
	3.12995 5.84266,
	3.1271 5.83127,
	3.1271 5.81988,
	"/>
</Transform>

<Transform dim="0"
 xcoef=" 0 1 0 0 0 0"
 ycoef=" 0 0 1 0 0 0">
<Contour name="d06" hidden="false" closed="true" simplified="true" border="0 0 1" fill="0 0 1" mode="-11"
 points="3.04589 0.19842,
	3.05033 0.186574,
	3.05181 0.180651,
	3.05478 0.177689,
	3.24431 0.17917,
	3.33908 0.180651,
	3.345 0.180651,
	3.34796 0.182132,
	3.3524 0.205823,
	3.3524 0.229515,
	3.34944 0.253207,
	3.34204 0.276899,
	3.34056 0.282822,
	3.32131 0.306514,
	3.2991 0.328725,
	3.25171 0.359821,
	3.22802 0.376109,
	3.20433 0.386474,
	3.18064 0.387955,
	3.16879 0.387955,
	3.16287 0.386474,
	3.15102 0.37759,
	3.14214 0.370186,
	3.10216 0.324283,
	3.09179 0.313918,
	3.08883 0.309476,
	3.0681 0.285784,
	3.05181 0.262092,
	3.04589 0.2384,
	3.04589 0.214708,
	3.04589 0.202862,
	3.04589 0.1999,
	"/>
</Transform>

<Transform dim="0"
 xcoef=" 0 1 0 0 0 0"
 ycoef=" 0 0 1 0 0 0">
<Contour name="d06" hidden="false" closed="true" simplified="true" border="0 0 1" fill="0 0 1" mode="-11"
 points="2.86499 1.13687,
	2.87388 1.11318,
	2.87684 1.10726,
	2.8872 1.09541,
	2.89757 1.07172,
	2.90645 1.05987,
	2.9183 1.05099,
	2.92274 1.04507,
	2.92718 1.03322,
	2.94199 1.00953,
	2.95384 1.00064,
	2.97753 0.996202,
	3.00122 0.997683,
	3.01307 1.00509,
	3.03676 1.02582,
	3.0486 1.03618,
	3.05453 1.04211,
	3.07822 1.05247,
	3.09007 1.05395,
	3.10191 1.05247,
	3.11376 1.04803,
	3.13301 1.02434,
	3.14337 1.01249,
	3.15078 1.00064,
	3.17151 0.976952,
	3.18187 0.966587,
	3.18779 0.960664,
	3.21149 0.947337,
	3.23518 0.936972,
	3.28256 0.931049,
	3.30625 0.928088,
	3.32995 0.928088,
	3.33587 0.929568,
	3.35956 0.95178,
	3.38325 0.969549,
	3.38918 0.973991,
	3.41287 0.979914,
	3.43656 0.979914,
	3.46025 0.982875,
	3.48394 0.988798,
	3.53133 1.00805,
	3.55502 1.01841,
	3.57871 1.03322,
	3.6024 1.05099,
	3.60833 1.05247,
	3.62017 1.06135,
	3.6335 1.08505,
	3.64386 1.10874,
	3.65275 1.12058,
	3.67644 1.13835,
	3.68236 1.14131,
	3.68829 1.14724,
	3.71198 1.16056,
	3.73567 1.17685,
	3.74752 1.18722,
	3.7949 1.21831,
	3.80675 1.2272,
	3.82896 1.25089,
	3.83932 1.26274,
	3.84376 1.27458,
	3.84376 1.2805,
	3.84673 1.28643,
	3.84821 1.31012,
	3.84673 1.31604,
	3.82896 1.33973,
	3.826 1.35158,
	3.82896 1.36343,
	3.83636 1.37527,
	3.83636 1.3812,
	3.826 1.39304,
	3.82155 1.39896,
	3.82007 1.42266,
	3.81859 1.4345,
	3.80675 1.45819,
	3.8023 1.46412,
	3.79934 1.47596,
	3.80082 1.48781,
	3.79934 1.49965,
	3.77565 1.51742,
	3.7638 1.52631,
	3.749 1.55,
	3.74307 1.56185,
	3.73863 1.56777,
	3.73715 1.57962,
	3.73863 1.59146,
	3.73567 1.60331,
	3.72827 1.61515,
	3.71642 1.62552,
	3.69273 1.64181,
	3.66904 1.66402,
	3.66311 1.66846,
	3.63942 1.67142,
	3.62758 1.66994,
	3.60388 1.67438,
	3.59796 1.67586,
	3.55058 1.67142,
	3.53873 1.66846,
	3.51504 1.66846,
	3.50319 1.67142,
	3.49727 1.6729,
	3.47358 1.6655,
	3.44989 1.65513,
	3.35512 1.62404,
	3.34327 1.6196,
	3.33735 1.61811,
	3.31366 1.60035,
	3.3107 1.59738,
	3.3107 1.59442,
	3.30625 1.5885,
	3.30329 1.57665,
	3.30181 1.57073,
	3.29293 1.55888,
	3.26924 1.54408,
	3.25739 1.53964,
	3.2337 1.5189,
	3.22185 1.50706,
	3.21593 1.49521,
	3.21297 1.48929,
	3.21297 1.4656,
	3.20853 1.44191,
	3.2026 1.43006,
	3.19668 1.42414,
	3.18483 1.41821,
	3.16114 1.396,
	3.1493 1.38564,
	3.1256 1.37527,
	3.10191 1.36787,
	3.09007 1.36343,
	3.0723 1.33973,
	3.06637 1.33381,
	3.01899 1.319,
	3.00714 1.31456,
	2.98345 1.3116,
	2.97161 1.30716,
	2.96568 1.30568,
	2.96272 1.30568,
	2.95976 1.29975,
	2.95384 1.29679,
	2.94199 1.28643,
	2.9183 1.27162,
	2.89461 1.24941,
	2.88424 1.23904,
	2.88276 1.2272,
	2.88424 1.21535,
	2.8798 1.19166,
	2.88128 1.16797,
	2.87388 1.1576,
	2.86943 1.15316,
	2.86795 1.15168,
	2.86499 1.14576,
	2.86499 1.13983,
	2.86499 1.13835,
	"/>
</Transform>

<Transform dim="0"
 xcoef=" 0 1 0 0 0 0"
 ycoef=" 0 0 1 0 0 0">
<Contour name="d06" hidden="false" closed="true" simplified="true" border="0 0 1" fill="0 0 1" mode="-11"
 points="3.03701 2.46248,
	3.04589 2.43879,
	3.05181 2.42694,
	3.07106 2.40325,
	3.08291 2.40029,
	3.09179 2.38844,
	3.09772 2.38252,
	3.10956 2.37659,
	3.13325 2.37511,
	3.18064 2.37808,
	3.22802 2.37067,
	3.23987 2.36623,
	3.26356 2.36327,
	3.28725 2.36327,
	3.31094 2.36771,
	3.35833 2.36919,
	3.36425 2.36919,
	3.3761 2.37363,
	3.38202 2.37511,
	3.39387 2.38252,
	3.4146 2.40621,
	3.41756 2.41213,
	3.41904 2.43582,
	3.4146 2.45952,
	3.38942 2.5069,
	3.38202 2.53059,
	3.38054 2.57798,
	3.37906 2.58982,
	3.37906 2.59574,
	3.36869 2.60759,
	3.345 2.62388,
	3.33908 2.62684,
	3.33612 2.62684,
	3.33019 2.63128,
	3.31835 2.63424,
	3.3065 2.6298,
	3.30354 2.62832,
	3.27985 2.63572,
	3.25616 2.64757,
	3.23246 2.64905,
	3.18508 2.64461,
	3.16139 2.63572,
	3.15547 2.63128,
	3.1525 2.63128,
	3.10512 2.59426,
	3.08735 2.57057,
	3.06514 2.55428,
	3.05329 2.54392,
	3.03997 2.52023,
	3.03701 2.50838,
	3.03701 2.48469,
	3.03701 2.47284,
	3.03701 2.46692,
	3.03701 2.46396,
	"/>
</Transform>

<Transform dim="0"
 xcoef=" 0 1 0 0 0 0"
 ycoef=" 0 0 1 0 0 0">
<Contour name="d06" hidden="false" closed="true" simplified="true" border="0 0 1" fill="0 0 1" mode="-11"
 points="2.83711 1.7606,
	2.84007 1.74876,
	2.84155 1.74284,
	2.84451 1.73987,
	2.84599 1.73395,
	2.85487 1.72211,
	2.8608 1.71766,
	2.88449 1.71618,
	2.90818 1.72062,
	2.93187 1.72803,
	2.94372 1.73099,
	2.96741 1.74432,
	2.97926 1.75024,
	2.9911 1.76209,
	2.99703 1.77393,
	2.99851 1.78578,
	3.00295 1.7917,
	3.00591 1.80355,
	3.00591 1.82724,
	3.00443 1.83316,
	2.97185 1.88055,
	2.96297 1.89239,
	2.95705 1.89535,
	2.9452 1.89387,
	2.93335 1.88647,
	2.92151 1.88499,
	2.90966 1.88647,
	2.89782 1.89091,
	2.89189 1.89239,
	2.88005 1.90276,
	2.8682 1.91016,
	2.85636 1.90868,
	2.84895 1.89831,
	2.84451 1.89239,
	2.83859 1.8687,
	2.84007 1.84501,
	2.84303 1.83316,
	2.84451 1.82724,
	2.83859 1.80355,
	2.83711 1.77985,
	2.83711 1.76801,
	2.83711 1.76209,
	"/>
</Transform>

<Transform dim="0"
 xcoef=" 0 1 0 0 0 0"
 ycoef=" 0 0 1 0 0 0">
<Contour name="Ax01" hidden="false" closed="true" simplified="true" border="1 0.501961 0" fill="1 0 0" mode="-11"
 points="5.30277 6.8087,
	5.31879 6.78307,
	5.34122 6.75743,
	5.36686 6.74462,
	5.39249 6.73821,
	5.40531 6.73821,
	5.42773 6.75423,
	5.44055 6.77986,
	5.46618 6.80229,
	5.48541 6.82792,
	5.49502 6.85356,
	5.49502 6.87919,
	5.50463 6.90482,
	5.50784 6.91764,
	5.50463 6.93045,
	5.49502 6.94327,
	5.47259 6.95929,
	5.45978 6.9657,
	5.43414 6.96249,
	5.40851 6.94327,
	5.38608 6.91764,
	5.36365 6.91123,
	5.35084 6.90803,
	5.32841 6.88239,
	5.31239 6.85676,
	5.30277 6.83113,
	5.30277 6.81831,
	5.30277 6.8119,
	"/>
</Transform>

<Transform dim="0"
 xcoef=" 0 1 0 0 0 0"
 ycoef=" 0 0 1 0 0 0">
<Contour name="Ax02" hidden="false" closed="true" simplified="true" border="0.501961 0 1" fill="0.5 0 1" mode="11"
 points="3.28876 2.71011,
	3.29608 2.69546,
	3.31073 2.68448,
	3.32538 2.68081,
	3.44258 2.6918,
	3.47187 2.68448,
	3.50117 2.68814,
	3.53047 2.70645,
	3.58907 2.72842,
	3.64767 2.76139,
	3.67696 2.79068,
	3.7026 2.81266,
	3.74655 2.86759,
	3.76852 2.89689,
	3.78317 2.92619,
	3.78683 2.94084,
	3.77951 2.97014,
	3.77951 3.02873,
	3.77585 3.05803,
	3.77585 3.06536,
	3.75021 3.08733,
	3.74289 3.09466,
	3.68429 3.07634,
	3.67696 3.06902,
	3.61837 3.04338,
	3.58907 3.0324,
	3.53047 2.99577,
	3.51582 2.98479,
	3.50117 2.98112,
	3.47187 2.95915,
	3.46455 2.95915,
	3.43525 2.93718,
	3.42426 2.92985,
	3.40229 2.90422,
	3.3913 2.89689,
	3.36567 2.86759,
	3.31439 2.81998,
	3.29975 2.79068,
	3.29242 2.77603,
	3.28876 2.71744,
	3.28876 2.71378,
	"/>
</Transform>

<Transform dim="0"
 xcoef=" 0 1 0 0 0 0"
 ycoef=" 0 0 1 0 0 0">
<Contour name="Ax08" hidden="false" closed="true" simplified="true" border="1 0 0" fill="1 0 0" mode="-11"
 points="0.827824 5.39962,
	0.832826 5.38961,
	0.852834 5.37711,
	0.872842 5.3696,
	0.912858 5.37211,
	0.952874 5.3671,
	0.972881 5.3646,
	1.0129 5.37211,
	1.0329 5.37461,
	1.03541 5.37711,
	1.0329 5.37961,
	1.05291 5.37961,
	1.06292 5.38461,
	1.08042 5.40212,
	1.10043 5.40962,
	1.11044 5.41712,
	1.12044 5.43713,
	1.12794 5.47715,
	1.12794 5.49715,
	1.12294 5.51716,
	1.11044 5.53717,
	1.09043 5.54467,
	1.07042 5.54467,
	1.05041 5.53717,
	1.0304 5.53467,
	1.0204 5.53217,
	1.0154 5.52717,
	1.0104 5.52717,
	1.00539 5.52216,
	1.00039 5.52216,
	0.982885 5.50716,
	0.972881 5.49715,
	0.952874 5.48965,
	0.912858 5.48715,
	0.902854 5.48715,
	0.862838 5.47215,
	0.845331 5.45714,
	0.832826 5.43713,
	0.827824 5.41712,
	0.827824 5.40712,
	0.827824 5.40212,
	"/>
</Transform>

<Transform dim="0"
 xcoef=" 0 1 0 0 0 0"
 ycoef=" 0 0 1 0 0 0">
<Contour name="d09ax07ssvr" hidden="false" closed="true" simplified="false" border="0.5 0 1" fill="0.5 0 1" mode="-9"
 points="2.40961 2.60784,
	2.40265 2.60552,
	2.40961 2.6032,
	2.40497 2.59625,
	2.41193 2.60088,
	2.41425 2.59393,
	2.41657 2.60088,
	2.42353 2.59625,
	2.41889 2.6032,
	2.42585 2.60552,
	2.41889 2.60784,
	2.42353 2.6148,
	2.41657 2.61016,
	2.41425 2.61712,
	2.41193 2.61016,
	2.40497 2.6148,
	"/>
<Contour name="d09ax07ssvr" hidden="false" closed="true" simplified="false" border="0.5 0 1" fill="0.5 0 1" mode="-9"
 points="2.46759 2.58233,
	2.46063 2.58001,
	2.46759 2.57769,
	2.46295 2.57073,
	2.46991 2.57537,
	2.47223 2.56842,
	2.47455 2.57537,
	2.48151 2.57073,
	2.47687 2.57769,
	2.48383 2.58001,
	2.47687 2.58233,
	2.48151 2.58929,
	2.47455 2.58465,
	2.47223 2.59161,
	2.46991 2.58465,
	2.46295 2.58929,
	"/>
<Contour name="d09ax07ssvr" hidden="false" closed="true" simplified="false" border="0.5 0 1" fill="0.5 0 1" mode="-9"
 points="2.52789 2.68206,
	2.52093 2.67974,
	2.52789 2.67742,
	2.52325 2.67046,
	2.53021 2.6751,
	2.53253 2.66814,
	2.53485 2.6751,
	2.54181 2.67046,
	2.53717 2.67742,
	2.54413 2.67974,
	2.53717 2.68206,
	2.54181 2.68901,
	2.53485 2.68438,
	2.53253 2.69133,
	2.53021 2.68438,
	2.52325 2.68901,
	"/>
</Transform>

<Transform dim="0"
 xcoef=" 0 1 0 0 0 0"
 ycoef=" 0 0 1 0 0 0">
<Contour name="Ax09" hidden="false" closed="true" simplified="true" border="0 1 0" fill="0 1 0" mode="-11"
 points="1.0154 0.834172,
	1.03672 0.791531,
	1.05004 0.772875,
	1.09269 0.748889,
	1.10068 0.738229,
	1.09802 0.716908,
	1.10601 0.695588,
	1.12467 0.674267,
	1.13533 0.652946,
	1.12733 0.631626,
	1.11934 0.62363,
	1.11134 0.580989,
	1.11134 0.570329,
	1.14066 0.527687,
	1.16198 0.511697,
	1.1833 0.503701,
	1.22594 0.498371,
	1.26858 0.506366,
	1.27924 0.511697,
	1.28724 0.533017,
	1.28724 0.543678,
	1.28724 0.549008,
	1.28191 0.554338,
	1.27924 0.564998,
	1.26325 0.586319,
	1.23927 0.626295,
	1.19929 0.666272,
	1.18863 0.676932,
	1.18596 0.698253,
	1.21261 0.740894,
	1.22594 0.762215,
	1.23394 0.783535,
	1.23127 0.794196,
	1.23127 0.799526,
	1.20995 0.818182,
	1.19929 0.823512,
	1.18863 0.834172,
	1.18063 0.855493,
	1.1753 0.860823,
	1.1753 0.866153,
	1.15398 0.879479,
	1.13266 0.887474,
	1.04738 0.884809,
	1.02606 0.871483,
	1.01806 0.860823,
	1.0154 0.839502,
	1.0154 0.836837,
	"/>
</Transform>

<Transform dim="1"
 xcoef=" 0.03 1 0 0 0 0"
 ycoef=" 0.129999999999999 0 1 0 0 0">
<Contour name="Brick Analysis" hidden="false" closed="false" simplified="true" border="1 0 0" fill="1 0 1" mode="9"
 points="2.44533 8.41885,
	2.44533 6.66885,
	2.44533 3.16885,
	5.94533 3.16885,
	5.94533 1.41885,
	"/>
<Contour name="Brick Analysis" hidden="false" closed="false" simplified="true" border="0 1 0" fill="1 0 1" mode="9"
 points="2.44533 6.66885,
	5.94533 6.66885,
	5.94533 3.16885,
	"/>
</Transform>

<Transform dim="0"
 xcoef=" 0 1 0 0 0 0"
 ycoef=" 0 0 1 0 0 0">
<Contour name="Brax36" hidden="false" closed="true" simplified="false" border="0 0 1" fill="0 0 1" mode="-9"
 points="4.31932 4.73361,
	4.28845 4.70274,
	4.31932 4.67187,
	4.3502 4.70274,
	"/>
</Transform>

<Transform dim="0"
 xcoef=" 0 1 0 0 0 0"
 ycoef=" 0 0 1 0 0 0">
<Contour name="Brax39" hidden="false" closed="true" simplified="false" border="0 1 0" fill="0 1 0" mode="-9"
 points="4.51779 4.90562,
	4.51779 4.87034,
	4.55307 4.87034,
	4.55307 4.83505,
	4.58836 4.83505,
	4.58836 4.87034,
	4.62364 4.87034,
	4.62364 4.90562,
	4.58836 4.90562,
	4.58836 4.9409,
	4.55307 4.9409,
	4.55307 4.90562,
	"/>
</Transform>

<Transform dim="0"
 xcoef=" 0 1 0 0 0 0"
 ycoef=" 0 0 1 0 0 0">
<Contour name="Brax43" hidden="false" closed="true" simplified="false" border="1 0 0.502" fill="1 0 0.5" mode="-9"
 points="4.93678 3.80303,
	4.9897 3.80303,
	4.96324 3.85155,
	"/>
</Transform>

<Transform dim="0"
 xcoef=" 0 1 0 0 0 0"
 ycoef=" 0 0 1 0 0 0">
<Contour name="Brax45" hidden="false" closed="true" simplified="false" border="1 1 0" fill="1 1 0" mode="-11"
 points="3.83419 4.44254,
	3.83419 4.37197,
	3.76362 4.37197,
	3.76362 4.43372,
	3.7548 4.44254,
	3.7548 4.36315,
	3.84301 4.36315,
	3.84301 4.45136,
	3.7548 4.45136,
	3.76362 4.44254,
	"/>
</Transform>

<Transform dim="0"
 xcoef=" 0 1 0 0 0 0"
 ycoef=" 0 0 1 0 0 0">
<Contour name="Brax46" hidden="false" closed="true" simplified="false" border="0 0 1" fill="0 0 1" mode="-9"
 points="4.34579 3.39728,
	4.31492 3.36641,
	4.34579 3.33554,
	4.37666 3.36641,
	"/>
</Transform>

<Transform dim="0"
 xcoef=" 0 1 0 0 0 0"
 ycoef=" 0 0 1 0 0 0">
<Contour name="Brax48" hidden="false" closed="true" simplified="false" border="1 0 0" fill="1 0 0" mode="-9"
 points="4.84857 6.18022,
	4.82211 6.18022,
	4.82211 6.19345,
	4.83534 6.20668,
	4.87503 6.21991,
	4.84857 6.23314,
	4.83534 6.2596,
	4.80888 6.23314,
	4.79564 6.20668,
	4.79564 6.18022,
	4.76918 6.18022,
	4.80888 6.15376,
	"/>
</Transform>

<Transform dim="0"
 xcoef=" 0 1 0 0 0 0"
 ycoef=" 0 0 1 0 0 0">
<Contour name="Brax49" hidden="false" closed="true" simplified="false" border="0 1 0" fill="0 1 0" mode="-9"
 points="5.72182 3.58693,
	5.72182 3.55164,
	5.7571 3.55164,
	5.7571 3.51636,
	5.79239 3.51636,
	5.79239 3.55164,
	5.82767 3.55164,
	5.82767 3.58693,
	5.79239 3.58693,
	5.79239 3.62221,
	5.7571 3.62221,
	5.7571 3.58693,
	"/>
</Transform>

<Transform dim="0"
 xcoef=" 0 1 0 0 0 0"
 ycoef=" 0 0 1 0 0 0">
<Contour name="Brax51" hidden="false" closed="true" simplified="false" border="0 1 0.251" fill="0 1 0" mode="-9"
 points="4.34579 5.50102,
	4.34579 5.4922,
	4.35461 5.48338,
	4.36343 5.48338,
	4.37225 5.4922,
	4.37225 5.50102,
	4.36343 5.50984,
	4.35461 5.50984,
	"/>
</Transform>

<Transform dim="0"
 xcoef=" 0 1 0 0 0 0"
 ycoef=" 0 0 1 0 0 0">
<Contour name="Brax52" hidden="false" closed="true" simplified="false" border="0.5 0 1" fill="0.5 0 1" mode="-9"
 points="3.47254 5.56718,
	3.45931 5.56277,
	3.47254 5.55836,
	3.46372 5.54513,
	3.47695 5.55395,
	3.48136 5.54072,
	3.48577 5.55395,
	3.499 5.54513,
	3.49018 5.55836,
	3.50341 5.56277,
	3.49018 5.56718,
	3.499 5.58041,
	3.48577 5.57159,
	3.48136 5.58482,
	3.47695 5.57159,
	3.46372 5.58041,
	"/>
</Transform>

<Transform dim="0"
 xcoef=" 0 1 0 0 0 0"
 ycoef=" 0 0 1 0 0 0">
<Contour name="Brax52" hidden="false" closed="true" simplified="false" border="0.5 0 1" fill="0.5 0 1" mode="-9"
 points="4.19142 5.14378,
	4.17819 5.13937,
	4.19142 5.13496,
	4.1826 5.12173,
	4.19584 5.13055,
	4.20025 5.11732,
	4.20466 5.13055,
	4.21789 5.12173,
	4.20907 5.13496,
	4.2223 5.13937,
	4.20907 5.14378,
	4.21789 5.15701,
	4.20466 5.14819,
	4.20025 5.16142,
	4.19584 5.14819,
	4.1826 5.15701,
	"/>
</Transform>

<Transform dim="0"
 xcoef=" 0 1 0 0 0 0"
 ycoef=" 0 0 1 0 0 0">
<Contour name="Brax54" hidden="false" closed="true" simplified="false" border="1 0 0" fill="1 0 0" mode="-13"
 points="4.16055 5.93324,
	4.1826 5.90237,
	4.16055 5.87149,
	4.17378 5.87149,
	4.19142 5.89795,
	4.20907 5.87149,
	4.2223 5.87149,
	4.20025 5.90237,
	4.2223 5.93324,
	4.20907 5.93324,
	4.19142 5.90678,
	4.17378 5.93324,
	"/>
</Transform>

<Transform dim="0"
 xcoef=" 0 1 0 0 0 0"
 ycoef=" 0 0 1 0 0 0">
<Contour name="Brax55" hidden="false" closed="true" simplified="false" border="1 1 0" fill="1 1 0" mode="-13"
 points="6.44071 4.86593,
	6.44071 4.79536,
	6.37014 4.79536,
	6.37014 4.85711,
	6.36132 4.86593,
	6.36132 4.78654,
	6.44953 4.78654,
	6.44953 4.87475,
	6.36132 4.87475,
	6.37014 4.86593,
	"/>
</Transform>

<Transform dim="0"
 xcoef=" 0 1 0 0 0 0"
 ycoef=" 0 0 1 0 0 0">
<Contour name="Brax56" hidden="false" closed="true" simplified="false" border="0 0 1" fill="0 0 1" mode="-9"
 points="5.43074 4.02355,
	5.39986 3.99268,
	5.43074 3.96181,
	5.46161 3.99268,
	"/>
</Transform>

<Transform dim="0"
 xcoef=" 0 1 0 0 0 0"
 ycoef=" 0 0 1 0 0 0">
<Contour name="Brax58" hidden="false" closed="true" simplified="false" border="1 0 0" fill="1 0 0" mode="-9"
 points="3.05355 5.90237,
	3.02709 5.90237,
	3.02709 5.9156,
	3.04032 5.92883,
	3.08001 5.94206,
	3.05355 5.95529,
	3.04032 5.98175,
	3.01386 5.95529,
	3.00063 5.92883,
	3.00063 5.90237,
	2.97417 5.90237,
	3.01386 5.8759,
	"/>
</Transform>

<Transform dim="0"
 xcoef=" 0 1 0 0 0 0"
 ycoef=" 0 0 1 0 0 0">
<Contour name="Brax59" hidden="false" closed="true" simplified="false" border="0 1 0" fill="0 1 0" mode="-9"
 points="5.26755 6.30812,
	5.26755 6.27284,
	5.30284 6.27284,
	5.30284 6.23755,
	5.33812 6.23755,
	5.33812 6.27284,
	5.3734 6.27284,
	5.3734 6.30812,
	5.33812 6.30812,
	5.33812 6.3434,
	5.30284 6.3434,
	5.30284 6.30812,
	"/>
</Transform>

<Transform dim="0"
 xcoef=" 0 1 0 0 0 0"
 ycoef=" 0 0 1 0 0 0">
<Contour name="Brax61" hidden="false" closed="true" simplified="false" border="1 0.502 0" fill="1 0.502 0" mode="-9"
 points="4.93237 4.83506,
	4.93237 4.82624,
	4.94119 4.81742,
	4.95001 4.81742,
	4.95883 4.82624,
	4.95883 4.83506,
	4.95001 4.84388,
	4.94119 4.84388,
	"/>
</Transform>

<Transform dim="0"
 xcoef=" 0 1 0 0 0 0"
 ycoef=" 0 0 1 0 0 0">
<Contour name="Brax62" hidden="false" closed="true" simplified="false" border="0.502 0 1" fill="0.5 0 1" mode="-9"
 points="5.58951 3.82068,
	5.57628 3.81627,
	5.58951 3.81185,
	5.58069 3.79862,
	5.59392 3.80744,
	5.59833 3.79421,
	5.60274 3.80744,
	5.61597 3.79862,
	5.60715 3.81185,
	5.62038 3.81627,
	5.60715 3.82068,
	5.61597 3.83391,
	5.60274 3.82509,
	5.59833 3.83832,
	5.59392 3.82509,
	5.58069 3.83391,
	"/>
</Transform>

<Transform dim="0"
 xcoef=" 0 1 0 0 0 0"
 ycoef=" 0 0 1 0 0 0">
<Contour name="d09" hidden="false" closed="true" simplified="true" border="0 1 0" fill="0 1 0" mode="11"
 points="1.81275 3.56436,
	1.81745 3.55966,
	1.8198 3.55025,
	1.83155 3.53144,
	1.84801 3.51499,
	1.85036 3.51028,
	1.85507 3.51028,
	1.86682 3.49618,
	1.87858 3.47737,
	1.88563 3.46796,
	1.90209 3.43034,
	1.90209 3.42564,
	1.95381 3.35511,
	1.95852 3.34805,
	1.95852 3.34335,
	1.98908 3.30808,
	2.00789 3.29633,
	2.04551 3.28457,
	2.12075 3.27752,
	2.13015 3.27752,
	2.13485 3.27282,
	2.15366 3.26811,
	2.16307 3.26576,
	2.16777 3.26106,
	2.24301 3.25636,
	2.28063 3.2446,
	2.35351 3.21404,
	2.35821 3.20933,
	2.36292 3.20933,
	2.38173 3.19523,
	2.39113 3.19053,
	2.39583 3.19053,
	2.41229 3.17877,
	2.41934 3.17172,
	2.42875 3.16937,
	2.43345 3.16937,
	2.43815 3.16466,
	2.51339 3.16701,
	2.55101 3.16937,
	2.58863 3.16701,
	2.60744 3.16466,
	2.62625 3.16701,
	2.64506 3.17642,
	2.66151 3.19053,
	2.66622 3.19053,
	2.68267 3.20463,
	2.69208 3.21169,
	2.69678 3.21169,
	2.7297 3.2352,
	2.76732 3.25166,
	2.77672 3.25636,
	2.81434 3.25401,
	2.85196 3.25636,
	2.87077 3.26341,
	2.87782 3.27047,
	2.88252 3.27047,
	2.89193 3.27752,
	2.90133 3.27987,
	2.90604 3.27987,
	2.91074 3.28457,
	2.91544 3.28457,
	2.93425 3.29633,
	2.94365 3.30338,
	2.95541 3.341,
	2.98833 3.37627,
	3.00478 3.39037,
	3.01654 3.40918,
	3.02359 3.41859,
	3.02594 3.42799,
	3.02594 3.4327,
	3.03065 3.43505,
	3.03535 3.45386,
	3.04005 3.45856,
	3.0424 3.46796,
	3.06356 3.50558,
	3.07532 3.54085,
	3.08002 3.55966,
	3.08002 3.57847,
	3.07532 3.59728,
	3.06356 3.61609,
	3.04946 3.62784,
	3.0377 3.64665,
	3.03065 3.65606,
	3.01889 3.73129,
	3.01184 3.7501,
	2.99773 3.76656,
	2.97892 3.78067,
	2.96246 3.79007,
	2.94836 3.80418,
	2.946 3.82299,
	2.946 3.83239,
	2.95306 3.8512,
	2.95541 3.88882,
	2.95306 3.90763,
	2.94836 3.91703,
	2.9319 3.93114,
	2.9272 3.93114,
	2.91074 3.9429,
	2.89193 3.94995,
	2.85431 3.9523,
	2.8449 3.9523,
	2.80729 3.93819,
	2.76967 3.93349,
	2.75086 3.93819,
	2.73205 3.94995,
	2.71324 3.957,
	2.67562 3.95465,
	2.66622 3.9523,
	2.66151 3.9523,
	2.65681 3.9476,
	2.638 3.94525,
	2.61919 3.93819,
	2.58157 3.93584,
	2.57217 3.93584,
	2.55336 3.92879,
	2.54396 3.92174,
	2.52515 3.91468,
	2.50634 3.91233,
	2.48753 3.91468,
	2.44991 3.92644,
	2.4311 3.92644,
	2.39348 3.91468,
	2.38408 3.90998,
	2.37937 3.90998,
	2.37467 3.90528,
	2.35821 3.89823,
	2.33941 3.88647,
	2.3253 3.86766,
	2.30649 3.83004,
	2.29003 3.81593,
	2.27122 3.81123,
	2.26652 3.80653,
	2.26182 3.80653,
	2.2242 3.78537,
	2.21479 3.78067,
	2.21009 3.78067,
	2.20774 3.77596,
	2.1325 3.75245,
	2.11369 3.7501,
	2.09488 3.74305,
	2.022 3.69603,
	2.00554 3.68427,
	1.99614 3.67957,
	1.99143 3.67957,
	1.98908 3.67486,
	1.97027 3.66781,
	1.96087 3.66311,
	1.95617 3.65841,
	1.94676 3.65606,
	1.92795 3.64195,
	1.89033 3.6396,
	1.87152 3.6396,
	1.86212 3.6396,
	1.85507 3.63254,
	1.84566 3.63019,
	1.82685 3.61609,
	1.81745 3.60668,
	1.81275 3.59728,
	1.81275 3.57847,
	1.81275 3.56906,
	1.81275 3.56671,
	"/>
</Transform>

<Transform dim="0"
 xcoef=" 0 1 0 0 0 0"
 ycoef=" 0 0 1 0 0 0">
<Contour name="d09" hidden="false" closed="true" simplified="true" border="0 1 0" fill="0 1 0" mode="11"
 points="1.13796 3.72894,
	1.14972 3.71013,
	1.18263 3.68427,
	1.20144 3.67016,
	1.20615 3.66546,
	1.20615 3.66076,
	1.23436 3.62784,
	1.24141 3.61844,
	1.25082 3.61373,
	1.25552 3.60903,
	1.27433 3.60433,
	1.31195 3.60668,
	1.33076 3.60903,
	1.34957 3.61609,
	1.35427 3.61609,
	1.39189 3.63725,
	1.40129 3.6396,
	1.41775 3.65135,
	1.43656 3.65841,
	1.44596 3.65841,
	1.45537 3.66311,
	1.45772 3.66781,
	1.46242 3.66781,
	1.47418 3.68427,
	1.48123 3.69132,
	1.48358 3.70073,
	1.5165 3.73599,
	1.51885 3.7454,
	1.5165 3.7548,
	1.50004 3.77126,
	1.48123 3.78067,
	1.47653 3.78067,
	1.47183 3.78537,
	1.45302 3.78772,
	1.43421 3.78537,
	1.4248 3.78302,
	1.4201 3.77832,
	1.38248 3.77126,
	1.37308 3.77361,
	1.36838 3.77361,
	1.35192 3.78537,
	1.34016 3.80418,
	1.34016 3.82299,
	1.33546 3.8418,
	1.3237 3.85826,
	1.30725 3.87001,
	1.28844 3.87001,
	1.27903 3.86531,
	1.26963 3.86531,
	1.26492 3.86061,
	1.25552 3.85826,
	1.23671 3.8465,
	1.22731 3.83945,
	1.2179 3.83709,
	1.2132 3.83239,
	1.2085 3.83239,
	1.19204 3.82064,
	1.18263 3.81593,
	1.17793 3.81123,
	1.15912 3.80653,
	1.14972 3.80418,
	1.14031 3.79713,
	1.13796 3.78772,
	1.14031 3.76891,
	1.13796 3.73129,
	"/>
</Transform>

<Transform dim="0"
 xcoef=" 0 1 0 0 0 0"
 ycoef=" 0 0 1 0 0 0">
<Contour name="d09cfa05" hidden="false" closed="false" simplified="false" border="0 1 1" fill="0 1 1" mode="-9"
 points="1.14833 3.70944,
	1.18446 3.68084,
	1.22059 3.64321,
	1.2507 3.61009,
	"/>
</Transform>

<Transform dim="0"
 xcoef=" 0 1 0 0 0 0"
 ycoef=" 0 0 1 0 0 0">
<Contour name="d09" hidden="false" closed="true" simplified="true" border="0 1 0" fill="0 1 0" mode="11"
 points="2.08783 2.62625,
	2.09724 2.58863,
	2.11369 2.55101,
	2.11604 2.5322,
	2.13956 2.49693,
	2.14661 2.47812,
	2.15131 2.46872,
	2.18658 2.44756,
	2.20539 2.44286,
	2.24301 2.44051,
	2.26182 2.43815,
	2.26887 2.4358,
	2.27828 2.44051,
	2.28533 2.44991,
	2.29944 2.48753,
	2.30884 2.52515,
	2.31589 2.54396,
	2.31824 2.58157,
	2.31589 2.61919,
	2.31354 2.638,
	2.30884 2.64271,
	2.29473 2.68032,
	2.27592 2.69443,
	2.27122 2.69443,
	2.26652 2.69913,
	2.19128 2.70148,
	2.15366 2.70384,
	2.13485 2.69913,
	2.12545 2.69678,
	2.10899 2.68503,
	2.09488 2.66622,
	2.08783 2.64741,
	2.08783 2.6286,
	"/>
</Transform>

<Transform dim="0"
 xcoef=" 0 1 0 0 0 0"
 ycoef=" 0 0 1 0 0 0">
<Contour name="d09cfa07" hidden="false" closed="false" simplified="false" border="0 1 1" fill="0 1 1" mode="9"
 points="2.30133 2.68742,
	2.31061 2.66654,
	2.3338 2.61088,
	2.31989 2.54595,
	2.28742 2.4926,
	"/>
</Transform>

<Transform dim="6"
 xcoef=" 0.143312504769397 0.995819336033642 -0.028921312841668 0 0 0"
 ycoef=" -0.149862939517435 -0.00849524668485023 1.00252200118188 0 0 0">
<Image mag="0.0021709" contrast="0.922" brightness="0.03" red="true" green="true" blue="true"
 src="JPTZX.126.jpg" />
<Contour name="domain1" hidden="false" closed="true" simplified="false" border="1 0 1" fill="1 0 1" mode="11"
 points="0 0,
	4083 0,
	4083 4083,
	0 4083,
	"/>
</Transform>

<Transform dim="0"
 xcoef=" 0 1 0 0 0 0"
 ycoef=" 0 0 1 0 0 0">
<Contour name="d01ax18" hidden="false" closed="true" simplified="true" border="0 1 1" fill="0 1 1" mode="-11"
 points="5.34422 3.7334,
	5.34765 3.72424,
	5.36483 3.71393,
	5.4381 3.71508,
	5.47473 3.71164,
	5.51137 3.71164,
	5.548 3.71622,
	5.58464 3.73111,
	5.60296 3.73683,
	5.61212 3.73912,
	5.63043 3.73912,
	5.64875 3.74141,
	5.68539 3.75057,
	5.70371 3.75629,
	5.72202 3.75744,
	5.75866 3.76431,
	5.76324 3.7666,
	5.77125 3.77576,
	5.78041 3.79407,
	5.79529 3.8101,
	5.81247 3.8227,
	5.81705 3.82384,
	5.82163 3.82728,
	5.82621 3.82842,
	5.83078 3.83185,
	5.83994 3.83414,
	5.85826 3.8433,
	5.87658 3.85017,
	5.88574 3.85475,
	5.90406 3.86849,
	5.91093 3.8765,
	5.91436 3.88566,
	5.91321 3.90398,
	5.90749 3.9223,
	5.89948 3.93031,
	5.89032 3.93375,
	5.88574 3.93604,
	5.88345 3.93604,
	5.88116 3.93833,
	5.84452 3.94863,
	5.82621 3.95092,
	5.81705 3.95092,
	5.80789 3.95321,
	5.73462 3.95893,
	5.7163 3.95893,
	5.69798 3.95664,
	5.68882 3.95436,
	5.6705 3.94405,
	5.63387 3.92001,
	5.61555 3.91428,
	5.60639 3.90971,
	5.60181 3.90856,
	5.59952 3.90627,
	5.5812 3.8994,
	5.57205 3.89368,
	5.56747 3.89024,
	5.56518 3.89024,
	5.54686 3.8765,
	5.53198 3.86391,
	5.5148 3.85361,
	5.51022 3.85017,
	5.47359 3.83643,
	5.43695 3.81926,
	5.40032 3.79865,
	5.39116 3.79407,
	5.37398 3.77919,
	5.36597 3.77232,
	5.35452 3.754,
	5.35109 3.75057,
	5.34765 3.74141,
	5.34536 3.73683,
	5.34422 3.73454,
	"/>
</Transform>

<Transform dim="0"
 xcoef=" 0 1 0 0 0 0"
 ycoef=" 0 0 1 0 0 0">
<Contour name="d01ax18" hidden="false" closed="true" simplified="true" border="0 1 1" fill="0 1 1" mode="-11"
 points="4.79697 3.7437,
	4.81186 3.72538,
	4.81987 3.71622,
	4.82216 3.71164,
	4.83132 3.70478,
	4.84048 3.7002,
	4.84277 3.7002,
	4.84506 3.69791,
	4.86338 3.69218,
	4.88169 3.68417,
	4.88627 3.68188,
	4.88856 3.68188,
	4.89314 3.67844,
	4.89772 3.6773,
	4.90688 3.67157,
	4.90917 3.67157,
	4.91146 3.66928,
	4.92062 3.66699,
	4.9252 3.66356,
	4.92978 3.66242,
	4.93092 3.66013,
	4.9355 3.65898,
	4.95382 3.64868,
	4.95611 3.64868,
	4.9584 3.64639,
	4.97672 3.64295,
	5.04999 3.64295,
	5.05915 3.64295,
	5.06831 3.64524,
	5.07747 3.65097,
	5.08204 3.6544,
	5.08433 3.65669,
	5.08433 3.66585,
	5.09578 3.70249,
	5.09578 3.71164,
	5.1038 3.72996,
	5.12784 3.7666,
	5.14043 3.78492,
	5.1473 3.79407,
	5.16333 3.80667,
	5.17249 3.81239,
	5.18852 3.82728,
	5.19424 3.83529,
	5.19768 3.83987,
	5.19997 3.84216,
	5.19997 3.84445,
	5.20226 3.84674,
	5.20226 3.86506,
	5.19653 3.88337,
	5.19195 3.88795,
	5.17363 3.90055,
	5.15532 3.90742,
	5.137 3.91085,
	5.12784 3.91314,
	5.0912 3.912,
	5.07289 3.90971,
	5.06373 3.90742,
	5.05915 3.90627,
	5.05686 3.90398,
	5.0477 3.90055,
	5.02938 3.8891,
	5.02022 3.88337,
	5.01564 3.88223,
	5.01335 3.87994,
	4.99504 3.87307,
	4.98588 3.86964,
	4.9813 3.8662,
	4.94581 3.84903,
	4.94123 3.84788,
	4.93665 3.84445,
	4.92749 3.84216,
	4.91833 3.83758,
	4.90001 3.833,
	4.88169 3.82384,
	4.87368 3.81697,
	4.84964 3.78148,
	4.83475 3.76316,
	4.8256 3.75629,
	4.80728 3.74828,
	4.79812 3.74599,
	4.79697 3.74485,
	"/>
</Transform>

<Transform dim="0"
 xcoef=" 0 1 0 0 0 0"
 ycoef=" 0 0 1 0 0 0">
<Contour name="d02ax31" hidden="false" closed="true" simplified="true" border="0 1 1" fill="0 1 1" mode="-11"
 points="3.89415 4.18249,
	3.90524 4.17299,
	3.91 4.16665,
	3.92109 4.15873,
	3.92742 4.15397,
	3.93376 4.15239,
	3.9401 4.14764,
	3.94643 4.14605,
	3.9496 4.14288,
	4.0003 4.13338,
	4.051 4.13338,
	4.07634 4.12704,
	4.12704 4.12229,
	4.17774 4.12229,
	4.20309 4.12546,
	4.21576 4.12704,
	4.26646 4.14447,
	4.27913 4.14922,
	4.28705 4.1619,
	4.28864 4.17457,
	4.28705 4.18091,
	4.28705 4.18408,
	4.26329 4.20467,
	4.25062 4.21259,
	4.23953 4.22527,
	4.21418 4.23794,
	4.2015 4.24269,
	4.18883 4.25062,
	4.18566 4.25062,
	4.17299 4.25854,
	4.12229 4.27913,
	4.10961 4.28388,
	4.05892 4.28547,
	4.03357 4.2823,
	4.02089 4.27596,
	4.01931 4.27279,
	4.01614 4.27279,
	4.00347 4.26329,
	3.99713 4.26012,
	3.99555 4.25695,
	3.99238 4.25695,
	3.9797 4.24903,
	3.97337 4.24428,
	3.96703 4.24269,
	3.96069 4.23794,
	3.94802 4.23477,
	3.93693 4.22527,
	3.92425 4.22051,
	3.92109 4.21735,
	3.90841 4.21418,
	3.90207 4.21259,
	3.89574 4.20784,
	3.89415 4.18408,
	"/>
</Transform>

<Transform dim="0"
 xcoef=" 0 1 0 0 0 0"
 ycoef=" 0 0 1 0 0 0">
<Contour name="d02ax12" hidden="false" closed="true" simplified="true" border="0 1 1" fill="0 1 1" mode="-11"
 points="3.75594 6.87448,
	3.77117 6.84404,
	3.79019 6.81359,
	3.81683 6.78315,
	3.87772 6.72988,
	3.9367 6.68041,
	3.95192 6.66899,
	3.95953 6.66138,
	3.96334 6.65757,
	3.97095 6.65567,
	3.98617 6.64425,
	4.01662 6.63284,
	4.03184 6.62523,
	4.09272 6.61001,
	4.15361 6.61001,
	4.18405 6.61762,
	4.19166 6.61952,
	4.19547 6.61952,
	4.20308 6.62523,
	4.20689 6.62523,
	4.22211 6.63474,
	4.25255 6.64616,
	4.26777 6.65186,
	4.27538 6.65377,
	4.2906 6.66328,
	4.32105 6.68992,
	4.33627 6.70324,
	4.34388 6.70704,
	4.34769 6.70704,
	4.35149 6.71085,
	4.3591 6.71085,
	4.38955 6.72226,
	4.39716 6.72417,
	4.45804 6.76603,
	4.48658 6.79267,
	4.4961 6.80789,
	4.50561 6.83833,
	4.51132 6.85355,
	4.51512 6.86116,
	4.52844 6.87638,
	4.58933 6.92395,
	4.61977 6.94678,
	4.65022 6.9601,
	4.66544 6.96391,
	4.72632 6.9582,
	4.75677 6.9544,
	4.81765 6.92966,
	4.8481 6.92395,
	4.87854 6.91444,
	4.93943 6.91634,
	4.96987 6.92585,
	4.98509 6.92966,
	5.01554 6.92966,
	5.04598 6.93347,
	5.05359 6.93537,
	5.0612 6.93347,
	5.07642 6.92205,
	5.09164 6.91444,
	5.12209 6.91634,
	5.1297 6.91824,
	5.14492 6.93156,
	5.15443 6.94678,
	5.16585 6.97723,
	5.17536 6.99245,
	5.18107 7.00767,
	5.18297 7.02289,
	5.18107 7.03811,
	5.17156 7.05334,
	5.15634 7.06475,
	5.14873 7.07046,
	5.11828 7.06856,
	5.0574 7.09139,
	5.02695 7.099,
	5.01934 7.10281,
	5.01173 7.10281,
	5.00412 7.10851,
	4.94323 7.12564,
	4.88235 7.13896,
	4.8519 7.14086,
	4.82146 7.14847,
	4.76057 7.17511,
	4.73013 7.19223,
	4.72252 7.19794,
	4.71871 7.19794,
	4.7111 7.20365,
	4.70349 7.20555,
	4.69588 7.21126,
	4.63499 7.23029,
	4.57411 7.25883,
	4.54367 7.26834,
	4.51322 7.27405,
	4.48278 7.27215,
	4.46756 7.27215,
	4.40667 7.25122,
	4.37623 7.24931,
	4.36101 7.24931,
	4.30012 7.26834,
	4.2849 7.27215,
	4.25445 7.27215,
	4.22401 7.26644,
	4.20879 7.26263,
	4.17835 7.24931,
	4.16312 7.2398,
	4.15742 7.23219,
	4.15551 7.22458,
	4.13078 7.19604,
	4.10033 7.18462,
	4.03945 7.17511,
	4.03184 7.17511,
	4.00139 7.16179,
	3.97095 7.14467,
	3.94051 7.13706,
	3.9329 7.13706,
	3.90245 7.12564,
	3.88723 7.12183,
	3.87201 7.11422,
	3.84347 7.08949,
	3.83586 7.08188,
	3.81493 7.02099,
	3.80161 6.9601,
	3.78448 6.92966,
	3.78068 6.92205,
	3.76736 6.90683,
	3.75785 6.89161,
	3.75594 6.87638,
	"/>
</Transform>

<Transform dim="0"
 xcoef=" 0 1 0 0 0 0"
 ycoef=" 0 0 1 0 0 0">
<Contour name="d02ax14" hidden="false" closed="true" simplified="true" border="0 1 1" fill="0 1 1" mode="-11"
 points="5.80419 6.05743,
	5.81367 6.04795,
	5.83398 6.03712,
	5.8394 6.03576,
	5.84211 6.03306,
	5.85294 6.03035,
	5.93961 6.02628,
	5.96128 6.02222,
	5.97212 6.01951,
	5.97482 6.0168,
	5.98566 6.0141,
	5.98837 6.01139,
	6.01003 6.00732,
	6.0967 6.00597,
	6.11837 6.00597,
	6.1292 6.00732,
	6.13462 6.00732,
	6.14546 6.01139,
	6.15629 6.01816,
	6.16035 6.02087,
	6.16983 6.0317,
	6.17254 6.03441,
	6.17254 6.04524,
	6.16577 6.06691,
	6.15494 6.07639,
	6.1441 6.08316,
	6.13868 6.08587,
	6.09535 6.09264,
	6.07368 6.0967,
	6.05201 6.0967,
	6.03035 6.09941,
	6.01951 6.09941,
	5.99785 6.10483,
	5.99514 6.10483,
	5.99243 6.10754,
	5.97076 6.11431,
	5.96534 6.11837,
	5.95993 6.11973,
	5.95451 6.12379,
	5.93284 6.13056,
	5.88951 6.13191,
	5.86784 6.12785,
	5.86513 6.12785,
	5.84346 6.11431,
	5.82315 6.09535,
	5.81367 6.08587,
	5.80419 6.0642,
	5.80419 6.05879,
	"/>
</Transform>

<Transform dim="0"
 xcoef=" 0 1 0 0 0 0"
 ycoef=" 0 0 1 0 0 0">
<Contour name="d02ax15" hidden="false" closed="true" simplified="true" border="0 1 1" fill="0 1 1" mode="-11"
 points="4.93362 6.38337,
	4.94569 6.35579,
	4.95775 6.34544,
	5.00947 6.292,
	5.03188 6.26442,
	5.05774 6.23684,
	5.07153 6.22822,
	5.12669 6.21271,
	5.15427 6.20409,
	5.16806 6.19719,
	5.17323 6.1834,
	5.17496 6.17651,
	5.18358 6.16444,
	5.1853 6.15754,
	5.19564 6.14375,
	5.19909 6.13686,
	5.22667 6.11272,
	5.25425 6.09893,
	5.28184 6.09721,
	5.337 6.10583,
	5.34389 6.10411,
	5.35079 6.09893,
	5.37837 6.08859,
	5.39216 6.08342,
	5.39906 6.07825,
	5.42664 6.07308,
	5.45422 6.07308,
	5.46801 6.07308,
	5.49559 6.07997,
	5.49904 6.07997,
	5.50593 6.08514,
	5.53352 6.09376,
	5.5611 6.10755,
	5.56799 6.11272,
	5.57489 6.11445,
	5.60247 6.13341,
	5.63005 6.15754,
	5.68521 6.20064,
	5.699 6.21271,
	5.71797 6.24029,
	5.71969 6.26787,
	5.71969 6.28166,
	5.70418 6.33682,
	5.69383 6.34889,
	5.66625 6.36785,
	5.63867 6.38164,
	5.58351 6.39543,
	5.56972 6.40578,
	5.56282 6.4075,
	5.54903 6.41612,
	5.54213 6.42129,
	5.51455 6.42646,
	5.50076 6.42646,
	5.48697 6.43163,
	5.47318 6.44025,
	5.45939 6.44543,
	5.43181 6.44715,
	5.41802 6.44715,
	5.40423 6.45232,
	5.39733 6.45404,
	5.39388 6.45749,
	5.38699 6.45922,
	5.35941 6.47818,
	5.34562 6.48335,
	5.34217 6.48335,
	5.33872 6.4868,
	5.28356 6.49025,
	5.27666 6.49369,
	5.26977 6.50059,
	5.26115 6.51438,
	5.24736 6.523,
	5.21978 6.52817,
	5.1922 6.52817,
	5.17841 6.52817,
	5.17151 6.52645,
	5.16806 6.52645,
	5.16461 6.523,
	5.15082 6.51955,
	5.12324 6.50059,
	5.10945 6.49886,
	5.10256 6.49714,
	5.07498 6.50231,
	5.04739 6.50404,
	5.01981 6.49542,
	4.99223 6.4799,
	4.96465 6.45749,
	4.95086 6.4437,
	4.94052 6.42991,
	4.93534 6.41612,
	4.93362 6.38854,
	4.93362 6.38509,
	"/>
</Transform>

<Transform dim="0"
 xcoef=" 0 1 0 0 0 0"
 ycoef=" 0 0 1 0 0 0">
<Contour name="d03ax11" hidden="false" closed="true" simplified="true" border="0 1 1" fill="0 1 1" mode="-11"
 points="0.765258 4.60802,
	0.77075 4.59338,
	0.789058 4.56409,
	0.801873 4.5531,
	0.809196 4.54944,
	0.812858 4.54578,
	0.84215 4.53479,
	0.871442 4.53296,
	0.886088 4.53296,
	0.91538 4.54029,
	0.922703 4.54395,
	0.933688 4.55859,
	0.937349 4.57324,
	0.937349 4.58789,
	0.933688 4.59521,
	0.933688 4.60253,
	0.926365 4.61718,
	0.922703 4.6245,
	0.919042 4.62816,
	0.917211 4.65746,
	0.919042 4.6721,
	0.919042 4.67942,
	0.926365 4.69407,
	0.941011 4.70872,
	0.970303 4.7197,
	0.984949 4.72153,
	0.992272 4.72336,
	0.995934 4.72336,
	1.01058 4.73618,
	1.02156 4.75082,
	1.0234 4.75815,
	1.04353 4.78744,
	1.06733 4.81673,
	1.08747 4.84602,
	1.10761 4.87165,
	1.11676 4.8863,
	1.12592 4.91559,
	1.12409 4.97418,
	1.12043 4.98882,
	1.10395 5.01812,
	1.08381 5.04741,
	1.07283 5.06022,
	1.0655 5.06571,
	1.06184 5.06938,
	1.0472 5.06938,
	1.04353 5.06938,
	1.03438 5.05473,
	1.02889 5.04741,
	1.02156 5.01812,
	1.02156 5.00347,
	1.0179 4.99615,
	1.01607 4.9815,
	1.00875 4.96685,
	0.995934 4.95587,
	0.966642 4.94672,
	0.951996 4.93756,
	0.944673 4.92292,
	0.944673 4.90827,
	0.950165 4.89362,
	0.953826 4.8863,
	0.951996 4.87898,
	0.951996 4.87532,
	0.944673 4.86799,
	0.935519 4.85335,
	0.922703 4.84053,
	0.897073 4.82222,
	0.869611 4.79842,
	0.84215 4.78378,
	0.827504 4.77279,
	0.816519 4.75815,
	0.814689 4.75082,
	0.789058 4.73069,
	0.781735 4.72702,
	0.778073 4.69773,
	0.776243 4.68309,
	0.77075 4.67576,
	0.765258 4.64647,
	0.765258 4.61718,
	0.765258 4.60986,
	"/>
</Transform>

<Transform dim="0"
 xcoef=" 0 1 0 0 0 0"
 ycoef=" 0 0 1 0 0 0">
<Contour name="d06ax07" hidden="false" closed="true" simplified="true" border="0 1 1" fill="0 1 1" mode="-11"
 points="2.59223 0.182936,
	2.69148 0.175181,
	2.79074 0.17363,
	2.80315 0.176732,
	2.85278 0.176732,
	2.8776 0.176732,
	2.92723 0.184487,
	2.95204 0.192242,
	2.96445 0.199996,
	2.98926 0.224811,
	2.99392 0.237218,
	2.99547 0.262033,
	2.99547 0.274441,
	3.01873 0.32407,
	3.02648 0.348885,
	3.03269 0.398515,
	3.03579 0.42333,
	3.04355 0.448145,
	3.0451 0.460552,
	3.05285 0.485367,
	3.05285 0.49157,
	3.09162 0.59083,
	3.09783 0.615645,
	3.09628 0.628052,
	3.08232 0.652867,
	3.07611 0.665274,
	3.07301 0.677682,
	3.07146 0.679233,
	3.06526 0.69164,
	3.06061 0.697844,
	3.05285 0.705598,
	3.03579 0.730413,
	3.02183 0.755228,
	3.01408 0.767635,
	3.01098 0.773839,
	2.98616 0.797103,
	2.97996 0.803307,
	2.95514 0.815714,
	2.90551 0.814163,
	2.8807 0.804858,
	2.86984 0.79245,
	2.86364 0.780043,
	2.86364 0.755228,
	2.86519 0.742821,
	2.8776 0.718006,
	2.88535 0.705598,
	2.90551 0.680784,
	2.92102 0.655969,
	2.92878 0.631154,
	2.93188 0.618746,
	2.95049 0.593932,
	2.95824 0.581524,
	2.95979 0.569117,
	2.95824 0.556709,
	2.95669 0.550506,
	2.95204 0.544302,
	2.95049 0.538098,
	2.94584 0.531895,
	2.94429 0.525691,
	2.92257 0.500876,
	2.91327 0.488469,
	2.90706 0.476061,
	2.89311 0.426432,
	2.88845 0.401617,
	2.8838 0.389209,
	2.87604 0.376802,
	2.85433 0.351987,
	2.82952 0.338029,
	2.81711 0.333376,
	2.8047 0.331825,
	2.79229 0.327172,
	2.78609 0.327172,
	2.68683 0.282195,
	2.66202 0.268237,
	2.64961 0.25738,
	2.62479 0.25583,
	2.61239 0.243422,
	2.59843 0.218607,
	2.59378 0.2062,
	2.59223 0.193792,
	2.59223 0.187589,
	2.59223 0.184487,
	"/>
</Transform>

<Transform dim="0"
 xcoef=" 0 1 0 0 0 0"
 ycoef=" 0 0 1 0 0 0">
<Contour name="d02ax15ssvr" hidden="false" closed="true" simplified="false" border="0 1 0" fill="0 1 0" mode="11"
 points="5.27933 6.2015,
	5.26834 6.19051,
	5.27933 6.17952,
	5.29031 6.19051,
	"/>
<Contour name="d02ax15ssvr" hidden="false" closed="true" simplified="false" border="0 1 0" fill="0 1 0" mode="11"
 points="5.28717 6.2533,
	5.27619 6.24231,
	5.28717 6.23133,
	5.29816 6.24231,
	"/>
<Contour name="d02ax15ssvr" hidden="false" closed="true" simplified="false" border="0 1 0" fill="0 1 0" mode="11"
 points="5.22595 6.27371,
	5.21496 6.26272,
	5.22595 6.25173,
	5.23694 6.26272,
	"/>
<Contour name="d02ax15ssvr" hidden="false" closed="true" simplified="false" border="0 1 0" fill="0 1 0" mode="11"
 points="5.3688 6.1858,
	5.35782 6.17481,
	5.3688 6.16382,
	5.37979 6.17481,
	"/>
<Contour name="d02ax15ssvr" hidden="false" closed="true" simplified="false" border="0 1 0" fill="0 1 0" mode="11"
 points="5.39392 6.23133,
	5.38293 6.22034,
	5.39392 6.20935,
	5.40491 6.22034,
	"/>
<Contour name="d02ax15ssvr" hidden="false" closed="true" simplified="false" border="0 1 0" fill="0 1 0" mode="11"
 points="5.42689 6.18109,
	5.4159 6.1701,
	5.42689 6.15911,
	5.43788 6.1701,
	"/>
</Transform>

<Transform dim="0"
 xcoef=" 0 1 0 0 0 0"
 ycoef=" 0 0 1 0 0 0">
<Contour name="d02ax11" hidden="false" closed="true" simplified="true" border="0 1 1" fill="0 1 1" mode="-11"
 points="6.17726 6.51132,
	6.18649 6.48179,
	6.19572 6.46702,
	6.20864 6.45226,
	6.23817 6.4338,
	6.2677 6.42273,
	6.32676 6.4135,
	6.38582 6.40981,
	6.44488 6.39874,
	6.563 6.36552,
	6.62206 6.36367,
	6.63682 6.36183,
	6.66635 6.34891,
	6.67373 6.34521,
	6.73279 6.33599,
	6.74756 6.33414,
	6.77709 6.32491,
	6.78447 6.32122,
	6.814 6.31938,
	6.82876 6.31938,
	6.83615 6.31938,
	6.86568 6.3323,
	6.8786 6.34521,
	6.88229 6.3526,
	6.88044 6.38213,
	6.8786 6.39689,
	6.86568 6.41166,
	6.83615 6.42827,
	6.82138 6.4338,
	6.79185 6.43934,
	6.77709 6.44488,
	6.76971 6.44488,
	6.75494 6.45041,
	6.72541 6.45226,
	6.71803 6.45226,
	6.70326 6.44672,
	6.67373 6.44672,
	6.65897 6.44857,
	6.62944 6.4578,
	6.61467 6.46887,
	6.6036 6.48179,
	6.57407 6.50025,
	6.55931 6.50763,
	6.55192 6.51132,
	6.54823 6.51501,
	6.54454 6.51501,
	6.52978 6.52424,
	6.52608 6.52424,
	6.5187 6.52978,
	6.51132 6.53162,
	6.49655 6.54085,
	6.46702 6.55008,
	6.45226 6.55561,
	6.4375 6.55561,
	6.40797 6.56853,
	6.40058 6.57038,
	6.38582 6.58145,
	6.37105 6.58884,
	6.36736 6.59253,
	6.36367 6.59253,
	6.34891 6.60175,
	6.31938 6.61283,
	6.30461 6.61837,
	6.28985 6.62021,
	6.26032 6.61837,
	6.24555 6.61837,
	6.21602 6.61098,
	6.20126 6.60175,
	6.18834 6.58699,
	6.17911 6.57222,
	6.17726 6.51317,
	"/>
</Transform>

<Transform dim="0"
 xcoef=" 0 1 0 0 0 0"
 ycoef=" 0 0 1 0 0 0">
<Contour name="d02ax11" hidden="false" closed="true" simplified="true" border="0 1 1" fill="0 1 1" mode="-11"
 points="8.13336 6.47855,
	8.14615 6.45809,
	8.16661 6.44274,
	8.20753 6.42484,
	8.22799 6.41973,
	8.30984 6.42228,
	8.35076 6.43507,
	8.37122 6.44019,
	8.45306 6.47855,
	8.49399 6.49901,
	8.53491 6.51436,
	8.57583 6.53482,
	8.59629 6.54249,
	8.60652 6.55017,
	8.61164 6.55017,
	8.62954 6.56551,
	8.63466 6.57574,
	8.65512 6.59109,
	8.66023 6.59109,
	8.66535 6.5962,
	8.67047 6.5962,
	8.6807 6.60388,
	8.68581 6.60388,
	8.72673 6.63201,
	8.7472 6.64224,
	8.76766 6.64736,
	8.77789 6.65247,
	8.79068 6.67293,
	8.79323 6.68316,
	8.80602 6.70107,
	8.81369 6.7113,
	8.81369 6.75222,
	8.81114 6.77268,
	8.81369 6.8136,
	8.83671 6.85453,
	8.83671 6.87499,
	8.8316 6.89545,
	8.8316 6.90057,
	8.81114 6.91591,
	8.80091 6.92103,
	8.75998 6.92103,
	8.73952 6.92103,
	8.72929 6.92103,
	8.5656 6.85453,
	8.52468 6.84174,
	8.48376 6.82384,
	8.44283 6.7957,
	8.40191 6.75989,
	8.38145 6.74455,
	8.34053 6.72153,
	8.2996 6.70363,
	8.27914 6.69084,
	8.26124 6.67038,
	8.24845 6.64991,
	8.22799 6.62945,
	8.21009 6.61666,
	8.17172 6.58086,
	8.15382 6.5604,
	8.1487 6.55017,
	8.14359 6.54505,
	8.13591 6.52459,
	8.13336 6.48367,
	8.13336 6.48111,
	"/>
</Transform>

<Transform dim="0"
 xcoef=" 0 1 0 0 0 0"
 ycoef=" 0 0 1 0 0 0">
<Contour name="d02ax09" hidden="false" closed="true" simplified="true" border="0 1 1" fill="0 1 1" mode="-11"
 points="3.39118 4.41807,
	3.39648 4.40395,
	3.42471 4.37748,
	3.44764 4.35455,
	3.45823 4.3422,
	3.46529 4.32808,
	3.4794 4.31397,
	3.49352 4.30691,
	3.50587 4.29632,
	3.5094 4.29279,
	3.51469 4.27868,
	3.5341 4.25045,
	3.5588 4.23104,
	3.57115 4.21869,
	3.57645 4.21516,
	3.60468 4.19222,
	3.61879 4.1834,
	3.67525 4.16576,
	3.73171 4.16223,
	3.78817 4.16223,
	3.8164 4.16752,
	3.84463 4.17634,
	3.85169 4.17987,
	3.85522 4.17987,
	3.85875 4.1834,
	3.87286 4.18869,
	3.92933 4.22045,
	3.93638 4.22222,
	3.9505 4.23104,
	3.95756 4.2328,
	3.96109 4.23633,
	3.9752 4.24163,
	4.00343 4.25927,
	4.03166 4.27162,
	4.05989 4.27691,
	4.11635 4.27868,
	4.13047 4.28044,
	4.14458 4.28926,
	4.15693 4.30338,
	4.16223 4.31044,
	4.16399 4.33867,
	4.16399 4.35278,
	4.15341 4.38101,
	4.15341 4.39513,
	4.14988 4.39866,
	4.14811 4.45512,
	4.14988 4.51158,
	4.15517 4.52569,
	4.1587 4.53275,
	4.1587 4.53628,
	4.16752 4.5504,
	4.17987 4.56275,
	4.18869 4.5751,
	4.19399 4.58921,
	4.19399 4.60333,
	4.18869 4.61744,
	4.18164 4.6245,
	4.17811 4.63156,
	4.16399 4.64214,
	4.13576 4.6545,
	4.10753 4.66155,
	4.05107 4.66685,
	4.02284 4.66685,
	3.99461 4.66332,
	3.96638 4.65626,
	3.95226 4.65097,
	3.93815 4.6492,
	3.93109 4.6492,
	3.92403 4.64567,
	3.90992 4.64567,
	3.88169 4.63862,
	3.85346 4.63509,
	3.82523 4.63509,
	3.76877 4.62627,
	3.76171 4.62627,
	3.70525 4.60862,
	3.69113 4.60686,
	3.67702 4.60156,
	3.6629 4.5998,
	3.60644 4.5751,
	3.54998 4.55569,
	3.49352 4.54334,
	3.4794 4.53804,
	3.45294 4.5204,
	3.43882 4.50805,
	3.43176 4.50452,
	3.41941 4.49041,
	3.40353 4.46218,
	3.39118 4.43395,
	3.39118 4.41983,
	"/>
</Transform>

<Transform dim="0"
 xcoef=" 0 1 0 0 0 0"
 ycoef=" 0 0 1 0 0 0">
<Contour name="d09ax05" hidden="false" closed="true" simplified="true" border="0 1 1" fill="0 1 1" mode="-11"
 points="0.587242 3.55313,
	0.599737 3.5422,
	0.605984 3.53907,
	0.630973 3.51565,
	0.63722 3.5094,
	0.64503 3.4969,
	0.646591 3.49066,
	0.660648 3.46567,
	0.707502 3.41881,
	0.732491 3.40788,
	0.780907 3.36415,
	0.787155 3.36259,
	0.799649 3.35322,
	0.812144 3.34697,
	0.837133 3.34541,
	0.849627 3.35009,
	0.855875 3.35165,
	0.879302 3.3704,
	0.891796 3.38133,
	0.898044 3.38601,
	0.910538 3.3907,
	0.935527 3.39382,
	0.948022 3.39695,
	0.954269 3.40007,
	0.976134 3.42506,
	0.982382 3.42818,
	1.03236 3.42975,
	1.05735 3.44068,
	1.06984 3.45161,
	1.07297 3.45473,
	1.07609 3.45473,
	1.10108 3.47035,
	1.11357 3.4766,
	1.13856 3.49534,
	1.14481 3.50159,
	1.15887 3.52658,
	1.17136 3.53595,
	1.18386 3.5422,
	1.1901 3.54532,
	1.2026 3.54532,
	1.21509 3.54844,
	1.22759 3.55469,
	1.24008 3.56562,
	1.24477 3.57187,
	1.24945 3.59686,
	1.24945 3.60935,
	1.24164 3.63434,
	1.23071 3.64684,
	1.20572 3.66089,
	1.19323 3.66558,
	1.18698 3.66714,
	1.17448 3.67495,
	1.15106 3.69525,
	1.14012 3.70619,
	1.13388 3.71087,
	1.13075 3.71087,
	1.12763 3.714,
	1.10264 3.71556,
	1.07765 3.70931,
	1.06516 3.70462,
	1.06203 3.7015,
	1.04954 3.69682,
	1.04329 3.69369,
	1.04017 3.69057,
	1.02767 3.68588,
	1.00269 3.6687,
	0.977696 3.65465,
	0.965202 3.64684,
	0.952707 3.64215,
	0.927718 3.63903,
	0.921471 3.63903,
	0.896482 3.6281,
	0.893358 3.6281,
	0.880864 3.62029,
	0.874616 3.6156,
	0.871493 3.61248,
	0.868369 3.61248,
	0.862122 3.60779,
	0.849627 3.60467,
	0.824638 3.60467,
	0.799649 3.60155,
	0.77466 3.59217,
	0.749671 3.59061,
	0.699693 3.59686,
	0.674704 3.60311,
	0.649715 3.60467,
	0.63722 3.60311,
	0.612231 3.5953,
	0.599737 3.58905,
	0.588804 3.57812,
	0.587242 3.55469,
	"/>
</Transform>

<Transform dim="0"
 xcoef=" 0 1 0 0 0 0"
 ycoef=" 0 0 1 0 0 0">
<Contour name="d02ax09ssvr" hidden="false" closed="true" simplified="false" border="0 1 0" fill="0 1 0" mode="11"
 points="3.83142 4.25701,
	3.82055 4.24615,
	3.83142 4.23529,
	3.84228 4.24615,
	"/>
<Contour name="d02ax09ssvr" hidden="false" closed="true" simplified="false" border="0 1 0" fill="0 1 0" mode="11"
 points="3.77866 4.23529,
	3.76779 4.22443,
	3.77866 4.21356,
	3.78952 4.22443,
	"/>
<Contour name="d02ax09ssvr" hidden="false" closed="true" simplified="false" border="0 1 0" fill="0 1 0" mode="11"
 points="3.78331 4.28339,
	3.77245 4.27253,
	3.78331 4.26167,
	3.79417 4.27253,
	"/>
<Contour name="d02ax09ssvr" hidden="false" closed="true" simplified="false" border="0 1 0" fill="0 1 0" mode="11"
 points="3.8159 4.30357,
	3.80504 4.2927,
	3.8159 4.28184,
	3.82676 4.2927,
	"/>
<Contour name="d02ax09ssvr" hidden="false" closed="true" simplified="false" border="0 1 0" fill="0 1 0" mode="11"
 points="3.73831 4.27874,
	3.72745 4.26788,
	3.73831 4.25701,
	3.74917 4.26788,
	"/>
<Contour name="d02ax09ssvr" hidden="false" closed="true" simplified="false" border="0 1 0" fill="0 1 0" mode="11"
 points="3.72279 4.21822,
	3.71193 4.20736,
	3.72279 4.19649,
	3.73366 4.20736,
	"/>
<Contour name="d02ax09ssvr" hidden="false" closed="true" simplified="false" border="0 1 0" fill="0 1 0" mode="11"
 points="3.67003 4.22598,
	3.65917 4.21512,
	3.67003 4.20425,
	3.6809 4.21512,
	"/>
<Contour name="d02ax09ssvr" hidden="false" closed="true" simplified="false" border="0 1 0" fill="0 1 0" mode="11"
 points="3.68865 4.27563,
	3.67779 4.26477,
	3.68865 4.25391,
	3.69952 4.26477,
	"/>
<Contour name="d02ax09ssvr" hidden="false" closed="true" simplified="false" border="0 1 0" fill="0 1 0" mode="11"
 points="3.70572 4.31753,
	3.69486 4.30667,
	3.70572 4.29581,
	3.71659 4.30667,
	"/>
<Contour name="d02ax09ssvr" hidden="false" closed="true" simplified="false" border="0 1 0" fill="0 1 0" mode="11"
 points="3.64676 4.30667,
	3.63589 4.29581,
	3.64676 4.28495,
	3.65762 4.29581,
	"/>
<Contour name="d02ax09ssvr" hidden="false" closed="true" simplified="false" border="0 1 0" fill="0 1 0" mode="11"
 points="3.61107 4.25857,
	3.6002 4.2477,
	3.61107 4.23684,
	3.62193 4.2477,
	"/>
<Contour name="d02ax09ssvr" hidden="false" closed="true" simplified="false" border="0 1 0" fill="0 1 0" mode="11"
 points="3.5971 4.31133,
	3.58624 4.30046,
	3.5971 4.2896,
	3.60796 4.30046,
	"/>
<Contour name="d02ax09ssvr" hidden="false" closed="true" simplified="false" border="0 1 0" fill="0 1 0" mode="11"
 points="3.54744 4.32529,
	3.53658 4.31443,
	3.54744 4.30357,
	3.55831 4.31443,
	"/>
<Contour name="d02ax09ssvr" hidden="false" closed="true" simplified="false" border="0 1 0" fill="0 1 0" mode="11"
 points="3.58158 4.36564,
	3.57072 4.35478,
	3.58158 4.34391,
	3.59245 4.35478,
	"/>
<Contour name="d02ax09ssvr" hidden="false" closed="true" simplified="false" border="0 1 0" fill="0 1 0" mode="11"
 points="3.63279 4.34391,
	3.62193 4.33305,
	3.63279 4.32219,
	3.64365 4.33305,
	"/>
<Contour name="d02ax09ssvr" hidden="false" closed="true" simplified="false" border="0 1 0" fill="0 1 0" mode="11"
 points="3.66848 4.35167,
	3.65762 4.34081,
	3.66848 4.32995,
	3.67934 4.34081,
	"/>
<Contour name="d02ax09ssvr" hidden="false" closed="true" simplified="false" border="0 1 0" fill="0 1 0" mode="11"
 points="3.64521 4.38891,
	3.63434 4.37805,
	3.64521 4.36719,
	3.65607 4.37805,
	"/>
<Contour name="d02ax09ssvr" hidden="false" closed="true" simplified="false" border="0 1 0" fill="0 1 0" mode="11"
 points="3.60331 4.41529,
	3.59245 4.40443,
	3.60331 4.39357,
	3.61417 4.40443,
	"/>
<Contour name="d02ax09ssvr" hidden="false" closed="true" simplified="false" border="0 1 0" fill="0 1 0" mode="11"
 points="3.549 4.41529,
	3.53813 4.40443,
	3.549 4.39357,
	3.55986 4.40443,
	"/>
<Contour name="d02ax09ssvr" hidden="false" closed="true" simplified="false" border="0 1 0" fill="0 1 0" mode="11"
 points="3.58003 4.46185,
	3.56917 4.45098,
	3.58003 4.44012,
	3.59089 4.45098,
	"/>
<Contour name="d02ax09ssvr" hidden="false" closed="true" simplified="false" border="0 1 0" fill="0 1 0" mode="11"
 points="3.47917 4.41995,
	3.4683 4.40909,
	3.47917 4.39822,
	3.49003 4.40909,
	"/>
<Contour name="d02ax09ssvr" hidden="false" closed="true" simplified="false" border="0 1 0" fill="0 1 0" mode="11"
 points="3.49468 4.38426,
	3.48382 4.3734,
	3.49468 4.36253,
	3.50555 4.3734,
	"/>
<Contour name="d02ax09ssvr" hidden="false" closed="true" simplified="false" border="0 1 0" fill="0 1 0" mode="11"
 points="3.6002 4.5053,
	3.58934 4.49443,
	3.6002 4.48357,
	3.61107 4.49443,
	"/>
<Contour name="d02ax09ssvr" hidden="false" closed="true" simplified="false" border="0 1 0" fill="0 1 0" mode="11"
 points="3.639 4.46961,
	3.62814 4.45874,
	3.639 4.44788,
	3.64986 4.45874,
	"/>
<Contour name="d02ax09ssvr" hidden="false" closed="true" simplified="false" border="0 1 0" fill="0 1 0" mode="11"
 points="3.66848 4.43081,
	3.65762 4.41995,
	3.66848 4.40909,
	3.67934 4.41995,
	"/>
<Contour name="d02ax09ssvr" hidden="false" closed="true" simplified="false" border="0 1 0" fill="0 1 0" mode="11"
 points="3.69021 4.47426,
	3.67934 4.4634,
	3.69021 4.45254,
	3.70107 4.4634,
	"/>
<Contour name="d02ax09ssvr" hidden="false" closed="true" simplified="false" border="0 1 0" fill="0 1 0" mode="11"
 points="3.7321 4.44478,
	3.72124 4.43392,
	3.7321 4.42305,
	3.74297 4.43392,
	"/>
<Contour name="d02ax09ssvr" hidden="false" closed="true" simplified="false" border="0 1 0" fill="0 1 0" mode="11"
 points="3.71969 4.39202,
	3.70883 4.38116,
	3.71969 4.37029,
	3.73055 4.38116,
	"/>
<Contour name="d02ax09ssvr" hidden="false" closed="true" simplified="false" border="0 1 0" fill="0 1 0" mode="11"
 points="3.76779 4.36409,
	3.75693 4.35322,
	3.76779 4.34236,
	3.77866 4.35322,
	"/>
<Contour name="d02ax09ssvr" hidden="false" closed="true" simplified="false" border="0 1 0" fill="0 1 0" mode="11"
 points="3.75383 4.31908,
	3.74297 4.30822,
	3.75383 4.29736,
	3.76469 4.30822,
	"/>
<Contour name="d02ax09ssvr" hidden="false" closed="true" simplified="false" border="0 1 0" fill="0 1 0" mode="11"
 points="3.78642 4.32374,
	3.77555 4.31288,
	3.78642 4.30202,
	3.79728 4.31288,
	"/>
<Contour name="d02ax09ssvr" hidden="false" closed="true" simplified="false" border="0 1 0" fill="0 1 0" mode="11"
 points="3.81435 4.38736,
	3.80349 4.3765,
	3.81435 4.36564,
	3.82521 4.3765,
	"/>
<Contour name="d02ax09ssvr" hidden="false" closed="true" simplified="false" border="0 1 0" fill="0 1 0" mode="11"
 points="3.8578 4.38116,
	3.84693 4.37029,
	3.8578 4.35943,
	3.86866 4.37029,
	"/>
<Contour name="d02ax09ssvr" hidden="false" closed="true" simplified="false" border="0 1 0" fill="0 1 0" mode="11"
 points="3.84073 4.44478,
	3.82987 4.43392,
	3.84073 4.42305,
	3.85159 4.43392,
	"/>
<Contour name="d02ax09ssvr" hidden="false" closed="true" simplified="false" border="0 1 0" fill="0 1 0" mode="11"
 points="3.87952 4.45564,
	3.86866 4.44478,
	3.87952 4.43392,
	3.89038 4.44478,
	"/>
<Contour name="d02ax09ssvr" hidden="false" closed="true" simplified="false" border="0 1 0" fill="0 1 0" mode="11"
 points="3.92607 4.45874,
	3.91521 4.44788,
	3.92607 4.43702,
	3.93694 4.44788,
	"/>
<Contour name="d02ax09ssvr" hidden="false" closed="true" simplified="false" border="0 1 0" fill="0 1 0" mode="11"
 points="3.99435 4.49443,
	3.98349 4.48357,
	3.99435 4.47271,
	4.00521 4.48357,
	"/>
<Contour name="d02ax09ssvr" hidden="false" closed="true" simplified="false" border="0 1 0" fill="0 1 0" mode="11"
 points="3.9028 4.53012,
	3.89194 4.51926,
	3.9028 4.5084,
	3.91366 4.51926,
	"/>
<Contour name="d02ax09ssvr" hidden="false" closed="true" simplified="false" border="0 1 0" fill="0 1 0" mode="11"
 points="3.85625 4.50685,
	3.84538 4.49599,
	3.85625 4.48512,
	3.86711 4.49599,
	"/>
<Contour name="d02ax09ssvr" hidden="false" closed="true" simplified="false" border="0 1 0" fill="0 1 0" mode="11"
 points="3.84538 4.5534,
	3.83452 4.54254,
	3.84538 4.53168,
	3.85625 4.54254,
	"/>
<Contour name="d02ax09ssvr" hidden="false" closed="true" simplified="false" border="0 1 0" fill="0 1 0" mode="11"
 points="3.90435 4.57978,
	3.89349 4.56892,
	3.90435 4.55806,
	3.91521 4.56892,
	"/>
<Contour name="d02ax09ssvr" hidden="false" closed="true" simplified="false" border="0 1 0" fill="0 1 0" mode="11"
 points="3.94935 4.59064,
	3.93849 4.57978,
	3.94935 4.56892,
	3.96021 4.57978,
	"/>
<Contour name="d02ax09ssvr" hidden="false" closed="true" simplified="false" border="0 1 0" fill="0 1 0" mode="11"
 points="3.98039 4.56271,
	3.96952 4.55185,
	3.98039 4.54099,
	3.99125 4.55185,
	"/>
<Contour name="d02ax09ssvr" hidden="false" closed="true" simplified="false" border="0 1 0" fill="0 1 0" mode="11"
 points="3.80969 4.51461,
	3.79883 4.50374,
	3.80969 4.49288,
	3.82055 4.50374,
	"/>
<Contour name="d02ax09ssvr" hidden="false" closed="true" simplified="false" border="0 1 0" fill="0 1 0" mode="11"
 points="3.78176 4.46805,
	3.7709 4.45719,
	3.78176 4.44633,
	3.79262 4.45719,
	"/>
<Contour name="d02ax09ssvr" hidden="false" closed="true" simplified="false" border="0 1 0" fill="0 1 0" mode="11"
 points="3.74607 4.49133,
	3.73521 4.48047,
	3.74607 4.46961,
	3.75693 4.48047,
	"/>
<Contour name="d02ax09ssvr" hidden="false" closed="true" simplified="false" border="0 1 0" fill="0 1 0" mode="11"
 points="3.65607 4.52547,
	3.64521 4.51461,
	3.65607 4.50374,
	3.66693 4.51461,
	"/>
<Contour name="d02ax09ssvr" hidden="false" closed="true" simplified="false" border="0 1 0" fill="0 1 0" mode="11"
 points="3.68555 4.56426,
	3.67469 4.5534,
	3.68555 4.54254,
	3.69641 4.5534,
	"/>
<Contour name="d02ax09ssvr" hidden="false" closed="true" simplified="false" border="0 1 0" fill="0 1 0" mode="11"
 points="3.72435 4.54409,
	3.71348 4.53323,
	3.72435 4.52237,
	3.73521 4.53323,
	"/>
<Contour name="d02ax09ssvr" hidden="false" closed="true" simplified="false" border="0 1 0" fill="0 1 0" mode="11"
 points="3.79883 4.54409,
	3.78797 4.53323,
	3.79883 4.52237,
	3.80969 4.53323,
	"/>
<Contour name="d02ax09ssvr" hidden="false" closed="true" simplified="false" border="0 1 0" fill="0 1 0" mode="11"
 points="3.95245 4.55185,
	3.94159 4.54099,
	3.95245 4.53012,
	3.96332 4.54099,
	"/>
<Contour name="d02ax09ssvr" hidden="false" closed="true" simplified="false" border="0 1 0" fill="0 1 0" mode="11"
 points="4.00366 4.43081,
	3.9928 4.41995,
	4.00366 4.40909,
	4.01453 4.41995,
	"/>
<Contour name="d02ax09ssvr" hidden="false" closed="true" simplified="false" border="0 1 0" fill="0 1 0" mode="11"
 points="3.77555 4.40909,
	3.76469 4.39822,
	3.77555 4.38736,
	3.78642 4.39822,
	"/>
<Contour name="d02ax09ssvr" hidden="false" closed="true" simplified="false" border="0 1 0" fill="0 1 0" mode="11"
 points="3.74607 4.40288,
	3.73521 4.39202,
	3.74607 4.38116,
	3.75693 4.39202,
	"/>
<Contour name="d02ax09ssvr" hidden="false" closed="true" simplified="false" border="0 1 0" fill="0 1 0" mode="11"
 points="3.79883 4.42616,
	3.78797 4.41529,
	3.79883 4.40443,
	3.80969 4.41529,
	"/>
</Transform>

<Transform dim="0"
 xcoef=" 0 1 0 0 0 0"
 ycoef=" 0 0 1 0 0 0">
<Contour name="d03ax06" hidden="false" closed="true" simplified="true" border="0 1 1" fill="0 1 1" mode="-11"
 points="3.97213 5.70268,
	3.97765 5.69164,
	3.98042 5.68611,
	4.00251 5.66677,
	4.00528 5.66401,
	4.00804 5.65296,
	4.00804 5.60877,
	4.00942 5.60324,
	4.00942 5.60048,
	4.01356 5.59496,
	4.01494 5.58943,
	4.02876 5.56733,
	4.0329 5.56181,
	4.0329 5.55905,
	4.03704 5.55352,
	4.04257 5.53142,
	4.04257 5.52037,
	4.04119 5.51485,
	4.04671 5.49275,
	4.04947 5.4817,
	4.07848 5.43751,
	4.08538 5.42646,
	4.09643 5.41541,
	4.11439 5.39607,
	4.12405 5.38641,
	4.14615 5.37259,
	4.16825 5.35188,
	4.17792 5.34083,
	4.18758 5.31873,
	4.20554 5.29801,
	4.22764 5.27868,
	4.24974 5.2621,
	4.27183 5.24829,
	4.28288 5.24001,
	4.30498 5.22896,
	4.31327 5.21929,
	4.32432 5.20824,
	4.33951 5.18614,
	4.35884 5.16542,
	4.38094 5.14747,
	4.40166 5.13366,
	4.42376 5.11156,
	4.44171 5.08946,
	4.46381 5.08118,
	4.50801 5.08256,
	4.53011 5.0867,
	4.5522 5.08808,
	4.55773 5.08808,
	4.56878 5.09222,
	4.57154 5.09222,
	4.58259 5.10051,
	4.6033 5.12261,
	4.61297 5.14471,
	4.61297 5.15576,
	4.61712 5.17785,
	4.61988 5.1889,
	4.61988 5.19167,
	4.62402 5.19719,
	4.62817 5.20824,
	4.63093 5.211,
	4.63507 5.2331,
	4.63783 5.32149,
	4.63783 5.32702,
	4.65026 5.37121,
	4.65441 5.39331,
	4.65579 5.43751,
	4.65164 5.45961,
	4.64474 5.4817,
	4.6406 5.5038,
	4.6406 5.51485,
	4.65579 5.55905,
	4.65993 5.58114,
	4.65855 5.60324,
	4.64888 5.62534,
	4.64198 5.63639,
	4.63921 5.64191,
	4.63369 5.64744,
	4.61988 5.66954,
	4.59916 5.69164,
	4.58811 5.7013,
	4.56601 5.71373,
	4.5453 5.73169,
	4.53425 5.74274,
	4.51353 5.75655,
	4.50248 5.76345,
	4.45829 5.77588,
	4.41409 5.78141,
	4.36989 5.78141,
	4.3478 5.78003,
	4.3257 5.77588,
	4.2815 5.76069,
	4.23731 5.75102,
	4.21521 5.74826,
	4.17101 5.74964,
	4.14891 5.74964,
	4.12682 5.74688,
	4.11577 5.74412,
	4.09367 5.73307,
	4.07157 5.72616,
	4.06052 5.72478,
	4.04947 5.72616,
	4.02737 5.73307,
	4.00528 5.73307,
	3.99423 5.73169,
	3.9887 5.73031,
	3.97765 5.72202,
	3.97213 5.7165,
	3.97213 5.70545,
	3.97213 5.70407,
	"/>
</Transform>

<Transform dim="0"
 xcoef=" 0 1 0 0 0 0"
 ycoef=" 0 0 1 0 0 0">
<Contour name="d03ax06ssvr" hidden="false" closed="true" simplified="false" border="0 1 0" fill="0 1 0" mode="11"
 points="4.38738 5.64775,
	4.37614 5.63651,
	4.38738 5.62527,
	4.39862 5.63651,
	"/>
<Contour name="d03ax06ssvr" hidden="false" closed="true" simplified="false" border="0 1 0" fill="0 1 0" mode="11"
 points="4.37132 5.69754,
	4.36008 5.68629,
	4.37132 5.67505,
	4.38256 5.68629,
	"/>
<Contour name="d03ax06ssvr" hidden="false" closed="true" simplified="false" border="0 1 0" fill="0 1 0" mode="11"
 points="4.34241 5.73608,
	4.33117 5.72484,
	4.34241 5.7136,
	4.35366 5.72484,
	"/>
<Contour name="d03ax06ssvr" hidden="false" closed="true" simplified="false" border="0 1 0" fill="0 1 0" mode="11"
 points="4.29423 5.69754,
	4.28299 5.68629,
	4.29423 5.67505,
	4.30548 5.68629,
	"/>
<Contour name="d03ax06ssvr" hidden="false" closed="true" simplified="false" border="0 1 0" fill="0 1 0" mode="11"
 points="4.32957 5.67826,
	4.31832 5.66702,
	4.32957 5.65578,
	4.34081 5.66702,
	"/>
<Contour name="d03ax06ssvr" hidden="false" closed="true" simplified="false" border="0 1 0" fill="0 1 0" mode="11"
 points="4.38417 5.54336,
	4.37293 5.53212,
	4.38417 5.52088,
	4.39541 5.53212,
	"/>
<Contour name="d03ax06ssvr" hidden="false" closed="true" simplified="false" border="0 1 0" fill="0 1 0" mode="11"
 points="4.41629 5.60278,
	4.40505 5.59154,
	4.41629 5.5803,
	4.42753 5.59154,
	"/>
<Contour name="d03ax06ssvr" hidden="false" closed="true" simplified="false" border="0 1 0" fill="0 1 0" mode="11"
 points="4.48856 5.54658,
	4.47731 5.53533,
	4.48856 5.52409,
	4.4998 5.53533,
	"/>
<Contour name="d03ax06ssvr" hidden="false" closed="true" simplified="false" border="0 1 0" fill="0 1 0" mode="11"
 points="4.45162 5.48715,
	4.44038 5.47591,
	4.45162 5.46467,
	4.46286 5.47591,
	"/>
<Contour name="d03ax06ssvr" hidden="false" closed="true" simplified="false" border="0 1 0" fill="0 1 0" mode="11"
 points="4.51746 5.46788,
	4.50622 5.45664,
	4.51746 5.4454,
	4.52871 5.45664,
	"/>
</Transform>

<Transform dim="0"
 xcoef=" 0 1 0 0 0 0"
 ycoef=" 0 0 1 0 0 0">
<Contour name="d09ax05ssvr" hidden="false" closed="true" simplified="false" border="0 1 0" fill="0 1 0" mode="11"
 points="0.762456 3.52538,
	0.752703 3.51562,
	0.762456 3.50587,
	0.772209 3.51562,
	"/>
<Contour name="d09ax05ssvr" hidden="false" closed="true" simplified="false" border="0 1 0" fill="0 1 0" mode="11"
 points="0.815401 3.40695,
	0.805648 3.39719,
	0.815401 3.38744,
	0.825154 3.39719,
	"/>
<Contour name="d09ax05ssvr" hidden="false" closed="true" simplified="false" border="0 1 0" fill="0 1 0" mode="11"
 points="0.883672 3.46407,
	0.873919 3.45432,
	0.883672 3.44457,
	0.893425 3.45432,
	"/>
<Contour name="d09ax05ssvr" hidden="false" closed="true" simplified="false" border="0 1 0" fill="0 1 0" mode="11"
 points="0.84884 3.50448,
	0.839087 3.49472,
	0.84884 3.48497,
	0.858593 3.49472,
	"/>
<Contour name="d09ax05ssvr" hidden="false" closed="true" simplified="false" border="0 1 0" fill="0 1 0" mode="11"
 points="0.897604 3.53652,
	0.887851 3.52677,
	0.897604 3.51702,
	0.907357 3.52677,
	"/>
<Contour name="d09ax05ssvr" hidden="false" closed="true" simplified="false" border="0 1 0" fill="0 1 0" mode="11"
 points="0.880885 3.58668,
	0.871132 3.57693,
	0.880885 3.56717,
	0.890638 3.57693,
	"/>
<Contour name="d09ax05ssvr" hidden="false" closed="true" simplified="false" border="0 1 0" fill="0 1 0" mode="11"
 points="0.960302 3.55603,
	0.950549 3.54628,
	0.960302 3.53652,
	0.970055 3.54628,
	"/>
<Contour name="d09ax05ssvr" hidden="false" closed="true" simplified="false" border="0 1 0" fill="0 1 0" mode="11"
 points="0.936616 3.55185,
	0.926863 3.5421,
	0.936616 3.53234,
	0.946369 3.5421,
	"/>
<Contour name="d09ax05ssvr" hidden="false" closed="true" simplified="false" border="0 1 0" fill="0 1 0" mode="11"
 points="0.993741 3.55324,
	0.983988 3.54349,
	0.993741 3.53374,
	1.00349 3.54349,
	"/>
<Contour name="d09ax05ssvr" hidden="false" closed="true" simplified="false" border="0 1 0" fill="0 1 0" mode="11"
 points="0.981201 3.51423,
	0.971448 3.50448,
	0.981201 3.49472,
	0.990954 3.50448,
	"/>
<Contour name="d09ax05ssvr" hidden="false" closed="true" simplified="false" border="0 1 0" fill="0 1 0" mode="11"
 points="1.04669 3.52956,
	1.03693 3.5198,
	1.04669 3.51005,
	1.05644 3.5198,
	"/>
<Contour name="d09ax05ssvr" hidden="false" closed="true" simplified="false" border="0 1 0" fill="0 1 0" mode="11"
 points="1.01464 3.53652,
	1.00489 3.52677,
	1.01464 3.51702,
	1.02439 3.52677,
	"/>
<Contour name="d09ax05ssvr" hidden="false" closed="true" simplified="false" border="0 1 0" fill="0 1 0" mode="11"
 points="1.02857 3.57693,
	1.01882 3.56717,
	1.02857 3.55742,
	1.03833 3.56717,
	"/>
<Contour name="d09ax05ssvr" hidden="false" closed="true" simplified="false" border="0 1 0" fill="0 1 0" mode="11"
 points="0.995134 3.61594,
	0.985381 3.60619,
	0.995134 3.59643,
	1.00489 3.60619,
	"/>
<Contour name="d09ax05ssvr" hidden="false" closed="true" simplified="false" border="0 1 0" fill="0 1 0" mode="11"
 points="1.04111 3.65077,
	1.03136 3.64102,
	1.04111 3.63127,
	1.05087 3.64102,
	"/>
<Contour name="d09ax05ssvr" hidden="false" closed="true" simplified="false" border="0 1 0" fill="0 1 0" mode="11"
 points="1.09545 3.63962,
	1.0857 3.62987,
	1.09545 3.62012,
	1.1052 3.62987,
	"/>
<Contour name="d09ax05ssvr" hidden="false" closed="true" simplified="false" border="0 1 0" fill="0 1 0" mode="11"
 points="1.13725 3.61873,
	1.1275 3.60897,
	1.13725 3.59922,
	1.147 3.60897,
	"/>
</Transform>

<Transform dim="0"
 xcoef=" 0 1 0 0 0 0"
 ycoef=" 0 0 1 0 0 0">
<Contour name="d02ax15" hidden="false" closed="true" simplified="true" border="0 1 1" fill="0 1 1" mode="-11"
 points="3.27326 6.68228,
	3.28256 6.65252,
	3.29371 6.63764,
	3.30115 6.63021,
	3.33091 6.61719,
	3.34579 6.61347,
	3.37555 6.59301,
	3.39042 6.58743,
	3.4053 6.57813,
	3.43506 6.57069,
	3.44994 6.56697,
	3.50945 6.56511,
	3.53921 6.56697,
	3.55409 6.57069,
	3.56153 6.57255,
	3.56525 6.57255,
	3.59314 6.60231,
	3.60616 6.61719,
	3.60802 6.63207,
	3.60244 6.66182,
	3.59872 6.66926,
	3.5857 6.68414,
	3.57269 6.69344,
	3.55781 6.70646,
	3.52805 6.72506,
	3.49829 6.73249,
	3.48342 6.73621,
	3.45366 6.73807,
	3.39414 6.75109,
	3.36439 6.75481,
	3.33463 6.75481,
	3.30487 6.74551,
	3.29743 6.74365,
	3.28256 6.73063,
	3.27698 6.7232,
	3.27698 6.71948,
	3.27326 6.71576,
	3.27326 6.686,
	3.27326 6.68414,
	"/>
</Transform>

<Transform dim="0"
 xcoef=" 0 1 0 0 0 0"
 ycoef=" 0 0 1 0 0 0">
<Contour name="d09ax07" hidden="false" closed="true" simplified="true" border="1 0 0" fill="1 0 0" mode="-11"
 points="2.29063 2.49015,
	2.29581 2.47979,
	2.31654 2.46424,
	2.32691 2.46165,
	2.33727 2.45388,
	2.34245 2.45388,
	2.36318 2.44092,
	2.37355 2.43833,
	2.37873 2.43574,
	2.3891 2.43833,
	2.39946 2.4461,
	2.44092 2.45906,
	2.46165 2.45906,
	2.47202 2.45906,
	2.48238 2.46424,
	2.50311 2.48238,
	2.54198 2.50829,
	2.55753 2.52643,
	2.57048 2.60935,
	2.57825 2.69227,
	2.58603 2.73373,
	2.58603 2.74409,
	2.57307 2.76482,
	2.56271 2.7726,
	2.52125 2.77778,
	2.51088 2.78037,
	2.5057 2.78814,
	2.50311 2.8296,
	2.50052 2.83997,
	2.49274 2.84774,
	2.48238 2.85033,
	2.47202 2.84515,
	2.46683 2.84515,
	2.46165 2.83997,
	2.45647 2.83997,
	2.43574 2.82442,
	2.42537 2.81924,
	2.40983 2.8011,
	2.3295 2.74409,
	2.31136 2.72595,
	2.2984 2.70522,
	2.2984 2.68449,
	2.301 2.67413,
	2.31395 2.6534,
	2.32172 2.61194,
	2.32691 2.59121,
	2.32432 2.57048,
	2.30877 2.53161,
	2.29581 2.51088,
	2.29063 2.50052,
	2.29063 2.49274,
	"/>
</Transform>

<Transform dim="0"
 xcoef=" 0 1 0 0 0 0"
 ycoef=" 0 0 1 0 0 0">
<Contour name="d02c09" hidden="false" closed="true" simplified="true" border="1 0 0" fill="1 0 0" mode="-11"
 points="3.61831 4.75909,
	3.6603 4.56002,
	3.67041 4.51025,
	3.67585 4.48536,
	3.67741 4.47914,
	3.67819 4.47759,
	3.87726 4.48692,
	3.97679 4.49159,
	4.02656 4.49392,
	4.03278 4.49392,
	4.03434 4.49392,
	4.03512 4.50014,
	4.02112 4.69921,
	4.01568 4.79875,
	4.0149 4.81119,
	4.01412 4.81741,
	4.01334 4.81897,
	3.81427 4.79019,
	3.71473 4.77542,
	3.66497 4.76842,
	3.64008 4.76453,
	3.62764 4.76298,
	3.62142 4.76142,
	3.61831 4.76064,
	3.61831 4.75987,
	"/>
</Transform>

<Transform dim="0"
 xcoef=" 0 1 0 0 0 0"
 ycoef=" 0 0 1 0 0 0">
<Contour name="d09c05" hidden="false" closed="true" simplified="true" border="0 1 0" fill="0 1 0" mode="-9"
 points="1.06787 3.65607,
	1.13762 3.57706,
	1.15552 3.5573,
	1.15984 3.55236,
	1.16169 3.5499,
	1.16293 3.54866,
	1.24194 3.60298,
	1.28144 3.63014,
	1.29132 3.63693,
	1.29626 3.64063,
	1.29688 3.64125,
	1.22404 3.72026,
	1.20552 3.74001,
	1.2012 3.74495,
	1.19935 3.7468,
	1.15984 3.71841,
	1.08083 3.66532,
	1.07096 3.65853,
	1.06849 3.65668,
	"/>
</Transform>

<Transform dim="0"
 xcoef=" 0 1 0 0 0 0"
 ycoef=" 0 0 1 0 0 0">
<Contour name="Ax08B05c01" hidden="false" closed="true" simplified="true" border="0 1 0" fill="0 1 0" mode="11"
 points="2.26586 2.50242,
	2.27746 2.48619,
	2.28442 2.48155,
	2.30297 2.48851,
	2.32152 2.50474,
	2.33544 2.52097,
	2.34472 2.55808,
	2.3424 2.59519,
	2.34008 2.61374,
	2.34008 2.62302,
	2.33312 2.64157,
	2.3308 2.65085,
	2.32384 2.66013,
	2.32152 2.6694,
	2.31457 2.67868,
	2.30529 2.68332,
	2.28674 2.681,
	2.27978 2.67404,
	2.27746 2.65549,
	2.28442 2.61838,
	2.28442 2.59983,
	2.28905 2.58127,
	2.28674 2.56272,
	2.2705 2.52561,
	2.26586 2.51634,
	2.26586 2.50706,
	2.26586 2.50474,
	"/>
<Contour name="Ax08B05cfa01" hidden="false" closed="false" simplified="false" border="0 1 1" fill="0 1 1" mode="9"
 points="2.29133 2.67742,
	2.30061 2.65654,
	2.3238 2.60088,
	2.30989 2.53595,
	2.27742 2.4826,
	"/>
</Transform>

<Transform dim="0"
 xcoef=" 0 1 0 0 0 0"
 ycoef=" 0 0 1 0 0 0">
<Contour name="d09c07" hidden="false" closed="true" simplified="true" border="0 1 0" fill="0 1 0" mode="11"
 points="2.22859 2.65457,
	2.22946 2.5433,
	2.22989 2.51548,
	2.22989 2.50157,
	2.22989 2.49461,
	2.22989 2.49287,
	2.34117 2.49244,
	2.39681 2.49331,
	2.41072 2.49374,
	2.40768 2.60502,
	2.40637 2.66066,
	2.4055 2.68848,
	2.40507 2.68935,
	2.29379 2.68804,
	2.23815 2.68717,
	2.2312 2.68717,
	2.22946 2.68717,
	2.22859 2.68674,
	2.22859 2.65892,
	2.22859 2.65544,
	2.22859 2.65501,
	"/>
</Transform>

</Section>