<?xml version="1.0"?>
<!DOCTYPE Section SYSTEM "section.dtd">

<Section index="31" thickness="0.038" alignLocked="true">
<Transform dim="0"
 xcoef=" 0 1 0 0 0 0"
 ycoef=" 0 0 1 0 0 0">
<Contour name="d01" hidden="false" closed="true" simplified="true" border="1 0.5 0" fill="1 0.5 0" mode="11"
 points="5.58592 5.67715,
	5.59504 5.66802,
	5.60721 5.66802,
	5.61329 5.6665,
	5.63762 5.65282,
	5.64826 5.6437,
	5.65282 5.64066,
	5.6513 5.62849,
	5.64826 5.62241,
	5.64674 5.57376,
	5.64826 5.54943,
	5.6513 5.53727,
	5.6589 5.52511,
	5.67106 5.51598,
	5.67715 5.51142,
	5.68019 5.50534,
	5.68019 5.49318,
	5.67715 5.48102,
	5.67715 5.46885,
	5.67867 5.46277,
	5.68931 5.45213,
	5.70147 5.44605,
	5.71059 5.4354,
	5.71668 5.43084,
	5.741 5.42932,
	5.75317 5.4278,
	5.75621 5.4278,
	5.76229 5.42324,
	5.76989 5.41108,
	5.77445 5.405,
	5.78661 5.40195,
	5.79726 5.39435,
	5.81246 5.37003,
	5.81854 5.36394,
	5.83071 5.35938,
	5.83679 5.35938,
	5.84743 5.35178,
	5.86415 5.32746,
	5.87632 5.31833,
	5.88848 5.31985,
	5.91281 5.33506,
	5.92345 5.34722,
	5.93561 5.3533,
	5.95994 5.35938,
	5.9721 5.36242,
	5.97818 5.36547,
	6.00251 5.36242,
	6.00859 5.36242,
	6.01315 5.36851,
	6.01619 5.38067,
	6.01619 5.38371,
	6.02684 5.39131,
	6.05116 5.39131,
	6.06333 5.39131,
	6.06941 5.39283,
	6.07245 5.39587,
	6.1211 5.40956,
	6.16975 5.41108,
	6.19408 5.4126,
	6.20624 5.4126,
	6.23057 5.4202,
	6.23665 5.42324,
	6.24273 5.42932,
	6.24577 5.45365,
	6.24729 5.45973,
	6.2701 5.47645,
	6.29443 5.48558,
	6.30051 5.48102,
	6.30659 5.48102,
	6.31875 5.48862,
	6.32179 5.49166,
	6.32635 5.5023,
	6.33852 5.5099,
	6.3446 5.51598,
	6.34764 5.52207,
	6.35068 5.52511,
	6.34916 5.53727,
	6.34612 5.54183,
	6.33548 5.55399,
	6.32331 5.56008,
	6.27466 5.55856,
	6.26858 5.55551,
	6.24425 5.55551,
	6.23209 5.55856,
	6.22601 5.55856,
	6.21993 5.5616,
	6.1956 5.56312,
	6.18344 5.56464,
	6.13478 5.58288,
	6.11046 5.592,
	6.09829 5.59504,
	6.07397 5.60569,
	6.04964 5.61329,
	6.04356 5.61481,
	6.04052 5.61785,
	5.99187 5.63457,
	5.9797 5.63914,
	5.93105 5.63914,
	5.90673 5.63914,
	5.89456 5.63914,
	5.87024 5.64674,
	5.85807 5.6513,
	5.85199 5.65586,
	5.83983 5.6589,
	5.8155 5.66954,
	5.76837 5.70147,
	5.74404 5.71211,
	5.73188 5.71668,
	5.70755 5.7182,
	5.68323 5.72276,
	5.6589 5.7182,
	5.63457 5.70907,
	5.62241 5.70451,
	5.59809 5.70147,
	5.58896 5.69235,
	5.58592 5.68627,
	5.58592 5.68019,
	5.58592 5.67867,
	"/>
</Transform>

<Transform dim="0"
 xcoef=" 0 1 0 0 0 0"
 ycoef=" 0 0 1 0 0 0">
<Contour name="d01" hidden="false" closed="true" simplified="true" border="1 0.5 0" fill="1 0.5 0" mode="11"
 points="7.59846 3.94521,
	7.60736 3.93097,
	7.66433 3.92563,
	7.67857 3.92563,
	7.68569 3.92741,
	7.69815 3.93987,
	7.69993 3.95412,
	7.69459 3.9826,
	7.69103 3.99684,
	7.68747 4.00041,
	7.67857 4.02889,
	7.67679 4.04313,
	7.67145 4.05738,
	7.67145 4.06094,
	7.65721 4.06984,
	7.65008 4.0734,
	7.63584 4.07162,
	7.62338 4.06094,
	7.61982 4.05738,
	7.61982 4.04313,
	7.6305 4.01465,
	7.6305 4.00753,
	7.62694 4.00219,
	7.6127 3.98972,
	7.60202 3.97548,
	7.59846 3.96124,
	7.59846 3.947,
	"/>
<Contour name="d01" hidden="false" closed="true" simplified="true" border="1 0.5 0" fill="1 0.5 0" mode="11"
 points="6.16351 4.54163,
	6.17241 4.52738,
	6.2009 4.50424,
	6.22938 4.49534,
	6.24362 4.49178,
	6.25074 4.48644,
	6.26499 4.48288,
	6.27923 4.47575,
	6.29347 4.46329,
	6.30059 4.45795,
	6.30415 4.45439,
	6.30771 4.45439,
	6.3362 4.43125,
	6.35044 4.42056,
	6.354 4.417,
	6.36112 4.417,
	6.36469 4.417,
	6.39317 4.3903,
	6.40741 4.38852,
	6.42166 4.3903,
	6.4359 4.38674,
	6.44302 4.38674,
	6.47151 4.37249,
	6.48575 4.37249,
	6.49999 4.37606,
	6.51423 4.36893,
	6.52848 4.35825,
	6.5356 4.35113,
	6.59257 4.3173,
	6.60681 4.3084,
	6.61393 4.30484,
	6.62817 4.29238,
	6.6353 4.28704,
	6.64242 4.2728,
	6.64954 4.26745,
	6.66378 4.26211,
	6.69227 4.26033,
	6.70651 4.26033,
	6.71363 4.26033,
	6.72075 4.25321,
	6.7528 4.19624,
	6.75992 4.182,
	6.7617 4.17488,
	6.77416 4.16064,
	6.78128 4.15529,
	6.78484 4.15529,
	6.7884 4.15173,
	6.81689 4.14461,
	6.87386 4.13749,
	6.90235 4.13927,
	6.95932 4.14995,
	6.9878 4.15173,
	7.01629 4.15707,
	7.01985 4.16064,
	7.02341 4.16064,
	7.03053 4.16598,
	7.04477 4.16598,
	7.07326 4.15707,
	7.0875 4.15173,
	7.14447 4.15351,
	7.17296 4.1642,
	7.20144 4.18378,
	7.22993 4.20692,
	7.24417 4.21404,
	7.25129 4.21583,
	7.25841 4.22117,
	7.27265 4.22473,
	7.30114 4.24075,
	7.32963 4.26211,
	7.34387 4.26924,
	7.40084 4.27636,
	7.42932 4.28704,
	7.44357 4.29416,
	7.45781 4.29772,
	7.47205 4.30484,
	7.52902 4.2995,
	7.54327 4.2995,
	7.55751 4.30306,
	7.56997 4.31196,
	7.58243 4.32443,
	7.58955 4.31908,
	7.59668 4.3173,
	7.61092 4.30484,
	7.6216 4.2906,
	7.65008 4.27102,
	7.65365 4.26745,
	7.65365 4.26033,
	7.65365 4.25677,
	7.65008 4.25321,
	7.65008 4.24965,
	7.6216 4.22295,
	7.61626 4.21583,
	7.61626 4.2087,
	7.62338 4.20336,
	7.65187 4.2087,
	7.66611 4.21404,
	7.67323 4.21583,
	7.68747 4.21048,
	7.68925 4.2087,
	7.70349 4.21226,
	7.71062 4.21226,
	7.72486 4.21939,
	7.7391 4.23007,
	7.74622 4.23541,
	7.77471 4.24609,
	7.80319 4.24965,
	7.81744 4.25321,
	7.83168 4.26211,
	7.8388 4.26745,
	7.84592 4.2817,
	7.84592 4.29594,
	7.83346 4.32443,
	7.83346 4.33155,
	7.84236 4.36003,
	7.8388 4.37427,
	7.82634 4.38674,
	7.79785 4.38852,
	7.76937 4.40454,
	7.7124 4.41166,
	7.68391 4.41166,
	7.66967 4.41166,
	7.66255 4.41166,
	7.65008 4.4259,
	7.6216 4.43481,
	7.59311 4.44015,
	7.57887 4.44193,
	7.55039 4.45083,
	7.5219 4.46507,
	7.50766 4.47575,
	7.50232 4.48288,
	7.50054 4.49,
	7.4952 4.49712,
	7.48451 4.5256,
	7.47917 4.53985,
	7.47739 4.59682,
	7.47205 4.6253,
	7.47027 4.65379,
	7.47027 4.65735,
	7.46493 4.66447,
	7.45781 4.69295,
	7.45425 4.7072,
	7.45603 4.71432,
	7.46849 4.72678,
	7.48273 4.7339,
	7.48986 4.73746,
	7.5041 4.75171,
	7.53258 4.76595,
	7.5397 4.76951,
	7.59668 4.76773,
	7.62516 4.75705,
	7.6394 4.75171,
	7.65365 4.7428,
	7.66789 4.72856,
	7.67679 4.71432,
	7.68035 4.7072,
	7.69459 4.69473,
	7.72308 4.68405,
	7.73732 4.67871,
	7.75156 4.67693,
	7.78005 4.68227,
	7.78717 4.68583,
	7.78539 4.70008,
	7.78361 4.7072,
	7.77293 4.72144,
	7.75869 4.73212,
	7.7302 4.73746,
	7.70171 4.74814,
	7.68925 4.76061,
	7.68035 4.77485,
	7.67679 4.80333,
	7.67501 4.81046,
	7.66255 4.8247,
	7.65543 4.83182,
	7.62694 4.84784,
	7.61804 4.86209,
	7.59133 4.88167,
	7.57709 4.88523,
	7.54861 4.88345,
	7.52012 4.87811,
	7.49164 4.86921,
	7.48451 4.86743,
	7.47027 4.87099,
	7.46315 4.87277,
	7.45603 4.87811,
	7.44179 4.88167,
	7.4133 4.87989,
	7.38482 4.87099,
	7.35633 4.87099,
	7.34209 4.87811,
	7.32963 4.89235,
	7.31538 4.90303,
	7.2869 4.91906,
	7.25841 4.92974,
	7.24417 4.9333,
	7.21568 4.9333,
	7.1872 4.92796,
	7.17296 4.9244,
	7.16583 4.91906,
	7.10886 4.90837,
	7.09462 4.90659,
	7.08038 4.89947,
	7.06614 4.88879,
	7.05189 4.88523,
	7.02341 4.88523,
	6.99492 4.88167,
	6.98068 4.87277,
	6.97356 4.86743,
	6.96466 4.85318,
	6.95041 4.83894,
	6.92193 4.82648,
	6.89344 4.81936,
	6.8792 4.81758,
	6.82223 4.79265,
	6.80799 4.78909,
	6.80087 4.78553,
	6.77238 4.78731,
	6.75814 4.78909,
	6.7439 4.79799,
	6.71897 4.8247,
	6.70473 4.8336,
	6.67624 4.83538,
	6.662 4.83004,
	6.60503 4.82114,
	6.57655 4.81224,
	6.54806 4.79977,
	6.51957 4.79087,
	6.49109 4.77485,
	6.47685 4.76951,
	6.36291 4.77307,
	6.33442 4.76951,
	6.32018 4.76061,
	6.26321 4.7428,
	6.25965 4.73924,
	6.2454 4.73568,
	6.23116 4.73568,
	6.2276 4.73568,
	6.22404 4.73212,
	6.2098 4.72856,
	6.19555 4.71966,
	6.19021 4.71254,
	6.17953 4.68405,
	6.17419 4.65557,
	6.17241 4.5986,
	6.17241 4.57011,
	6.17241 4.56655,
	6.16529 4.55943,
	6.16351 4.54519,
	6.16351 4.54341,
	"/>
</Transform>

<Transform dim="0"
 xcoef=" 0 1 0 0 0 0"
 ycoef=" 0 0 1 0 0 0">
<Contour name="d01" hidden="false" closed="true" simplified="true" border="1 0.5 0" fill="1 0.5 0" mode="11"
 points="6.0015 4.8336,
	6.00684 4.82648,
	6.0104 4.82292,
	6.01396 4.82292,
	6.01752 4.81936,
	6.04601 4.81936,
	6.06025 4.82114,
	6.06737 4.82114,
	6.08161 4.82826,
	6.08873 4.83538,
	6.08873 4.84962,
	6.08517 4.85674,
	6.07093 4.86387,
	6.04245 4.86387,
	6.0282 4.86209,
	6.02108 4.86209,
	6.00684 4.8514,
	6.0015 4.84428,
	6.0015 4.83716,
	6.0015 4.83538,
	"/>
</Transform>

<Transform dim="0"
 xcoef=" 0 1 0 0 0 0"
 ycoef=" 0 0 1 0 0 0">
<Contour name="d01" hidden="false" closed="true" simplified="true" border="1 0.5 0" fill="1 0.5 0" mode="11"
 points="6.2188 3.68114,
	6.23142 3.66671,
	6.24585 3.65769,
	6.27471 3.65228,
	6.28914 3.65048,
	6.30357 3.64146,
	6.32882 3.61801,
	6.33242 3.61441,
	6.33603 3.61441,
	6.33964 3.6108,
	6.3685 3.6126,
	6.38292 3.61621,
	6.39555 3.62883,
	6.40096 3.63605,
	6.40276 3.66491,
	6.39916 3.67933,
	6.39735 3.68655,
	6.39194 3.69376,
	6.37751 3.70098,
	6.34866 3.70639,
	6.33423 3.70819,
	6.30537 3.72082,
	6.29094 3.72803,
	6.26208 3.72984,
	6.23323 3.72082,
	6.2206 3.70639,
	6.2188 3.69196,
	6.2188 3.68475,
	6.2188 3.68294,
	"/>
</Transform>

<Transform dim="0"
 xcoef=" 0 1 0 0 0 0"
 ycoef=" 0 0 1 0 0 0">
<Contour name="d01ser" hidden="false" closed="true" simplified="true" border="0 0.502 0" fill="1 0.5 0" mode="11"
 points="7.03545 4.84581,
	7.04123 4.84148,
	7.06434 4.84003,
	7.0759 4.84437,
	7.08745 4.85448,
	7.09901 4.85737,
	7.10478 4.86026,
	7.10623 4.86603,
	7.10478 4.87181,
	7.10045 4.87614,
	7.07734 4.8747,
	7.05423 4.86748,
	7.04845 4.86459,
	7.04556 4.86459,
	7.03545 4.85448,
	7.03545 4.8487,
	7.03545 4.84726,
	"/>
<Contour name="d01ser" hidden="false" closed="true" simplified="true" border="0 0.502 0" fill="1 0.5 0" mode="11"
 points="7.28388 4.82415,
	7.28966 4.81259,
	7.30844 4.79093,
	7.31855 4.78226,
	7.3301 4.77648,
	7.35321 4.77359,
	7.35899 4.77071,
	7.3691 4.75915,
	7.3821 4.73604,
	7.38788 4.73026,
	7.39365 4.72737,
	7.41676 4.72882,
	7.4211 4.7346,
	7.42254 4.74615,
	7.41099 4.76926,
	7.4081 4.77215,
	7.38499 4.77648,
	7.37343 4.78226,
	7.36188 4.79093,
	7.35032 4.80248,
	7.34166 4.81404,
	7.33588 4.82559,
	7.32866 4.8487,
	7.3171 4.85592,
	7.30555 4.85737,
	7.29399 4.85159,
	7.28533 4.84003,
	7.28388 4.82848,
	7.28388 4.82559,
	"/>
</Transform>

<Transform dim="0"
 xcoef=" 0 1 0 0 0 0"
 ycoef=" 0 0 1 0 0 0">
<Contour name="d01mito01" hidden="false" closed="true" simplified="true" border="0 0.25098 0.501961" fill="0.5 0 1" mode="-11"
 points="6.90475 4.36734,
	6.90842 4.35755,
	6.91087 4.35265,
	6.92678 4.33307,
	6.93535 4.32327,
	6.95494 4.30981,
	6.97452 4.30124,
	6.99411 4.29634,
	7.03328 4.28288,
	7.07244 4.28166,
	7.11161 4.28288,
	7.14956 4.29879,
	7.16914 4.30981,
	7.18873 4.3245,
	7.1973 4.33429,
	7.20831 4.35387,
	7.21566 4.37346,
	7.22055 4.38325,
	7.22178 4.40284,
	7.22055 4.41263,
	7.21443 4.43221,
	7.21198 4.4518,
	7.20586 4.46159,
	7.20097 4.46648,
	7.19118 4.47138,
	7.18628 4.47261,
	7.18138 4.47628,
	7.1618 4.4824,
	7.14221 4.48485,
	7.10305 4.49831,
	7.06388 4.50076,
	7.04429 4.50076,
	7.02471 4.49709,
	7.01981 4.49464,
	7.01736 4.49464,
	7.01492 4.49219,
	7.01247 4.49219,
	7.00757 4.48852,
	6.9684 4.47505,
	6.95861 4.46893,
	6.95004 4.45914,
	6.94392 4.43956,
	6.93903 4.42976,
	6.93658 4.42487,
	6.92678 4.41752,
	6.92189 4.41263,
	6.90965 4.39304,
	6.90475 4.38325,
	6.90475 4.37346,
	6.90475 4.36856,
	"/>
</Transform>

<Transform dim="0"
 xcoef=" 0 1 0 0 0 0"
 ycoef=" 0 0 1 0 0 0">
<Contour name="d01ser" hidden="false" closed="true" simplified="true" border="0 0.502 0" fill="1 0.5 0" mode="11"
 points="7.31397 4.7031,
	7.32998 4.67749,
	7.33478 4.67108,
	7.33799 4.66788,
	7.35079 4.66628,
	7.3732 4.68709,
	7.3748 4.6999,
	7.3636 4.7079,
	7.3636 4.7143,
	7.3636 4.71751,
	7.33799 4.72551,
	7.32518 4.72551,
	7.31878 4.72551,
	7.31557 4.72231,
	7.31397 4.7095,
	7.31397 4.7047,
	"/>
</Transform>

<Transform dim="0"
 xcoef=" 0 1 0 0 0 0"
 ycoef=" 0 0 1 0 0 0">
<Contour name="d01ser" hidden="false" closed="true" simplified="true" border="0 0.502 0" fill="1 0.5 0" mode="11"
 points="6.82253 4.30771,
	6.83054 4.2949,
	6.83694 4.2885,
	6.84014 4.28529,
	6.85295 4.28529,
	6.85935 4.28689,
	6.86255 4.28689,
	6.86415 4.2997,
	6.86255 4.31251,
	6.85935 4.31891,
	6.84655 4.32852,
	6.83374 4.33012,
	6.82734 4.33012,
	6.82253 4.32531,
	6.82253 4.31251,
	6.82253 4.30931,
	"/>
<Contour name="d01ser" hidden="false" closed="true" simplified="true" border="0 0.502 0" fill="1 0.5 0" mode="11"
 points="6.72489 4.2933,
	6.73289 4.28049,
	6.7569 4.25488,
	6.76971 4.24688,
	6.78251 4.24367,
	6.80813 4.24527,
	6.80973 4.25808,
	6.79692 4.26929,
	6.78412 4.27409,
	6.77771 4.27889,
	6.77291 4.28049,
	6.77291 4.28369,
	6.76491 4.2965,
	6.76491 4.30931,
	6.76491 4.31571,
	6.7537 4.32371,
	6.74089 4.32531,
	6.72809 4.32371,
	6.72489 4.31731,
	6.72489 4.3045,
	6.72489 4.2981,
	6.72489 4.2949,
	"/>
</Transform>

<Transform dim="0"
 xcoef=" 0 1 0 0 0 0"
 ycoef=" 0 0 1 0 0 0">
<Contour name="d01ser" hidden="false" closed="true" simplified="true" border="0 0.502 0" fill="1 0.5 0" mode="11"
 points="7.52368 4.4164,
	7.54122 4.40983,
	7.55876 4.40763,
	7.57631 4.39886,
	7.58508 4.39228,
	7.62016 4.3857,
	7.65525 4.38351,
	7.6684 4.36816,
	7.67718 4.36158,
	7.68156 4.3572,
	7.6991 4.35939,
	7.69691 4.36816,
	7.6684 4.40325,
	7.65963 4.40763,
	7.64209 4.40983,
	7.62455 4.40544,
	7.58946 4.40544,
	7.55438 4.4186,
	7.53683 4.42518,
	7.52806 4.42518,
	7.52368 4.42298,
	7.52368 4.4186,
	"/>
</Transform>

<Transform dim="0"
 xcoef=" 0 1 0 0 0 0"
 ycoef=" 0 0 1 0 0 0">
<Contour name="d01ser" hidden="false" closed="true" simplified="true" border="0 0.502 0" fill="1 0.5 0" mode="11"
 points="7.36241 4.28813,
	7.3765 4.28637,
	7.38003 4.28813,
	7.38003 4.29518,
	7.38003 4.2987,
	7.37298 4.30223,
	7.36593 4.30223,
	7.36241 4.29518,
	7.36241 4.28989,
	"/>
</Transform>

<Transform dim="0"
 xcoef=" 0 1 0 0 0 0"
 ycoef=" 0 0 1 0 0 0">
<Contour name="d02" hidden="false" closed="true" simplified="true" border="0.251 0 0.502" fill="1 0.5 0" mode="11"
 points="4.83943 4.7806,
	4.84455 4.76014,
	4.85478 4.73968,
	4.87524 4.72177,
	4.90338 4.68085,
	4.91105 4.66038,
	4.92384 4.63992,
	4.96477 4.60155,
	4.975 4.59132,
	4.99546 4.59388,
	5.00569 4.59644,
	5.02616 4.6169,
	5.04662 4.62969,
	5.06708 4.63481,
	5.08754 4.65015,
	5.09778 4.65527,
	5.11568 4.67573,
	5.12847 4.69619,
	5.16684 4.72945,
	5.17707 4.73712,
	5.18218 4.74479,
	5.1873 4.74479,
	5.20776 4.7627,
	5.21799 4.76526,
	5.2538 4.80362,
	5.26404 4.81386,
	5.27427 4.81897,
	5.34844 4.89826,
	5.35868 4.9085,
	5.37146 4.92896,
	5.37146 4.94942,
	5.36891 4.95965,
	5.35868 4.96988,
	5.34844 4.96988,
	5.34333 4.96988,
	5.33565 4.98011,
	5.32542 4.98523,
	5.30496 4.98779,
	5.2845 5.00058,
	5.27427 5.01081,
	5.2538 5.0236,
	5.23334 5.02871,
	5.21544 5.0415,
	5.20776 5.05173,
	5.20265 5.05685,
	5.16172 5.05685,
	5.14126 5.05685,
	5.1208 5.04662,
	5.11568 5.0415,
	5.09522 5.03383,
	5.07475 5.03383,
	5.06452 5.03127,
	5.04406 5.01592,
	5.03383 5.00825,
	5.01337 5.00825,
	5.00314 5.01081,
	4.99802 5.01592,
	4.97756 5.01592,
	4.96733 5.00825,
	4.94175 4.96733,
	4.91873 4.88547,
	4.91105 4.86501,
	4.90594 4.85478,
	4.88803 4.83432,
	4.88036 4.82409,
	4.87524 4.81897,
	4.85478 4.81897,
	4.84455 4.81897,
	4.83943 4.81641,
	4.83943 4.79595,
	4.83943 4.78572,
	4.83943 4.78316,
	"/>
</Transform>

<Transform dim="0"
 xcoef=" 0 1 0 0 0 0"
 ycoef=" 0 0 1 0 0 0">
<Contour name="d02" hidden="false" closed="true" simplified="true" border="0.251 0 0.502" fill="1 0.5 0" mode="11"
 points="4.35995 5.52959,
	4.36461 5.51098,
	4.37623 5.49238,
	4.39251 5.4761,
	4.40181 5.46913,
	4.43902 5.4575,
	4.47622 5.45052,
	4.49482 5.45052,
	4.53203 5.4296,
	4.55063 5.41099,
	4.57853 5.37379,
	4.59016 5.35519,
	4.60411 5.31798,
	4.61341 5.30868,
	4.65062 5.30171,
	4.72503 5.29938,
	4.76223 5.29938,
	4.78084 5.30403,
	4.81804 5.32031,
	4.85525 5.32031,
	4.87385 5.32031,
	4.91105 5.30868,
	4.92966 5.30171,
	4.94826 5.28775,
	4.96686 5.28543,
	4.98546 5.28775,
	5.02267 5.31333,
	5.04127 5.32961,
	5.07848 5.33193,
	5.09708 5.33193,
	5.10638 5.33193,
	5.12266 5.34356,
	5.14126 5.34821,
	5.15056 5.34821,
	5.16916 5.35519,
	5.17381 5.35519,
	5.18311 5.36216,
	5.18777 5.36681,
	5.19009 5.38542,
	5.19707 5.39472,
	5.21567 5.40634,
	5.23427 5.42495,
	5.25985 5.46215,
	5.26915 5.47145,
	5.28543 5.50866,
	5.28775 5.52493,
	5.2924 5.52959,
	5.2924 5.54819,
	5.29938 5.56679,
	5.31798 5.57842,
	5.33658 5.58307,
	5.33891 5.58772,
	5.32728 5.604,
	5.32728 5.6133,
	5.33193 5.6226,
	5.34124 5.6319,
	5.33658 5.6691,
	5.33891 5.67841,
	5.34821 5.68538,
	5.34589 5.72259,
	5.34589 5.73189,
	5.35054 5.74119,
	5.35984 5.75049,
	5.37844 5.76212,
	5.38774 5.77142,
	5.39239 5.78072,
	5.39007 5.81792,
	5.38077 5.83653,
	5.36216 5.8528,
	5.35054 5.86443,
	5.35054 5.87373,
	5.32961 5.91094,
	5.32728 5.92024,
	5.29008 5.95047,
	5.25287 5.96674,
	5.24357 5.97604,
	5.2366 5.99465,
	5.23427 6.00395,
	5.22032 6.02255,
	5.20172 6.03418,
	5.16451 6.04348,
	5.15521 6.04348,
	5.14591 6.04813,
	5.12963 6.06673,
	5.12033 6.07371,
	5.08313 6.07603,
	5.06452 6.08533,
	5.05522 6.08999,
	5.01802 6.08766,
	5.00872 6.09231,
	4.99941 6.10161,
	4.98081 6.13882,
	4.97616 6.15742,
	4.95988 6.1737,
	4.92268 6.17137,
	4.88547 6.15277,
	4.84827 6.14114,
	4.81106 6.12486,
	4.77386 6.10161,
	4.76456 6.09696,
	4.74596 6.09696,
	4.70875 6.08533,
	4.69945 6.08068,
	4.6948 6.08068,
	4.65759 6.05511,
	4.64597 6.0365,
	4.64364 6.0272,
	4.63667 6.0179,
	4.63202 6.01325,
	4.61341 6.0086,
	4.59481 5.99,
	4.55761 5.96442,
	4.54598 5.94814,
	4.54598 5.93884,
	4.53668 5.92024,
	4.52273 5.90163,
	4.51343 5.88303,
	4.5111 5.84583,
	4.49482 5.82723,
	4.47622 5.81327,
	4.45762 5.80397,
	4.43902 5.80165,
	4.42041 5.78537,
	4.40879 5.76677,
	4.37158 5.74119,
	4.36228 5.73421,
	4.35995 5.69701,
	4.36228 5.6598,
	4.36926 5.6226,
	4.36693 5.58539,
	4.35995 5.54819,
	4.35995 5.53191,
	"/>
</Transform>

<Transform dim="0"
 xcoef=" 0 1 0 0 0 0"
 ycoef=" 0 0 1 0 0 0">
<Contour name="d01c03" hidden="false" closed="true" simplified="true" border="0 1 0" fill="0 1 0" mode="11"
 points="5.74527 5.70224,
	5.75114 5.69441,
	5.75114 5.6905,
	5.76484 5.68072,
	5.77266 5.67681,
	5.77657 5.67485,
	5.77853 5.66703,
	5.78244 5.66703,
	5.79027 5.66116,
	5.82156 5.65138,
	5.83721 5.64942,
	5.84504 5.64747,
	5.84895 5.64355,
	5.85678 5.6416,
	5.8646 5.63573,
	5.8959 5.6279,
	5.9585 5.6279,
	6.02109 5.60639,
	6.05239 5.59465,
	6.06804 5.58878,
	6.07587 5.58878,
	6.07978 5.58487,
	6.09543 5.58096,
	6.10325 5.579,
	6.10717 5.57509,
	6.13846 5.57118,
	6.14629 5.56726,
	6.1502 5.56726,
	6.15216 5.56335,
	6.15998 5.56335,
	6.19128 5.54966,
	6.20693 5.5477,
	6.21084 5.54379,
	6.21867 5.54379,
	6.22258 5.53988,
	6.23823 5.53596,
	6.25388 5.53792,
	6.2617 5.53792,
	6.26953 5.54574,
	6.27148 5.55357,
	6.26757 5.56922,
	6.26366 5.57313,
	6.26366 5.57704,
	6.25583 5.58487,
	6.24801 5.58878,
	6.23236 5.58878,
	6.20106 5.59661,
	6.16976 5.6103,
	6.10717 5.63182,
	6.09152 5.63573,
	6.08369 5.63573,
	6.05239 5.64942,
	5.9898 5.65529,
	5.9272 5.66507,
	5.8959 5.67094,
	5.8646 5.68463,
	5.84895 5.69246,
	5.81765 5.70224,
	5.78635 5.71789,
	5.7707 5.71984,
	5.75506 5.71789,
	5.75114 5.71789,
	5.74527 5.71006,
	5.74527 5.70419,
	"/>
<Contour name="d01cfa03" hidden="false" closed="false" simplified="false" border="0 1 1" fill="0 1 1" mode="9"
 points="6.27069 5.55467,
	6.23744 5.55663,
	6.20418 5.5625,
	6.16701 5.57423,
	6.11811 5.58988,
	6.06725 5.60749,
	6.01248 5.62901,
	5.97726 5.63879,
	5.95966 5.63879,
	5.90489 5.63879,
	5.86772 5.64661,
	5.79925 5.68182,
	5.74644 5.71116,
	"/>
</Transform>

<Transform dim="0"
 xcoef=" 0 1 0 0 0 0"
 ycoef=" 0 0 1 0 0 0">
<Contour name="d02" hidden="false" closed="true" simplified="true" border="0 0.251 0.502" fill="0.5 0 1" mode="11"
 points="4.96044 6.26044,
	4.98197 6.2416,
	5.00351 6.24429,
	5.02235 6.26313,
	5.02773 6.30619,
	5.02773 6.31696,
	5.01696 6.32503,
	4.99543 6.32773,
	4.9739 6.31427,
	4.96313 6.29274,
	4.96044 6.2712,
	4.96044 6.26313,
	"/>
</Transform>

<Transform dim="0"
 xcoef=" 0 1 0 0 0 0"
 ycoef=" 0 0 1 0 0 0">
<Contour name="d02c02" hidden="false" closed="true" simplified="true" border="1 0 0" fill="1 0 0" mode="-11"
 points="5.09142 4.68982,
	5.10704 4.6742,
	5.12489 4.66974,
	5.14274 4.66974,
	5.16058 4.67643,
	5.16951 4.68089,
	5.18513 4.69874,
	5.20744 4.73444,
	5.23644 4.76791,
	5.30561 4.83261,
	5.33907 4.86608,
	5.35692 4.88393,
	5.37031 4.90177,
	5.37477 4.90624,
	5.37254 4.92409,
	5.36808 4.92855,
	5.35915 4.93078,
	5.35246 4.93747,
	5.33461 4.92632,
	5.31676 4.91962,
	5.28107 4.89508,
	5.27214 4.88616,
	5.25206 4.85046,
	5.23867 4.83261,
	5.22083 4.81476,
	5.18513 4.78799,
	5.14943 4.76791,
	5.11373 4.74337,
	5.10034 4.72775,
	5.09365 4.71882,
	5.09142 4.70097,
	5.09142 4.69205,
	"/>
</Transform>

<Transform dim="0"
 xcoef=" 0 1 0 0 0 0"
 ycoef=" 0 0 1 0 0 0">
<Contour name="d02cfa02" hidden="false" closed="false" simplified="false" border="0 1 0.25098" fill="0 1 0" mode="11"
 points="5.35286 4.93212,
	5.3484 4.91651,
	5.31047 4.87635,
	5.25023 4.81164,
	5.18553 4.75587,
	5.10967 4.67778,
	"/>
</Transform>

<Transform dim="0"
 xcoef=" 0 1 0 0 0 0"
 ycoef=" 0 0 1 0 0 0">
<Contour name="d03" hidden="false" closed="true" simplified="true" border="1 0 0.5" fill="1 0 0.5" mode="-11"
 points="3.09116 3.32587,
	3.10019 3.30652,
	3.10793 3.2975,
	3.12856 3.28976,
	3.13372 3.28718,
	3.14403 3.28589,
	3.14532 3.28073,
	3.14532 3.27815,
	3.15564 3.27428,
	3.1608 3.27041,
	3.16338 3.27041,
	3.17241 3.26268,
	3.17627 3.2601,
	3.17885 3.25494,
	3.18143 3.25494,
	3.18788 3.24849,
	3.1982 3.24591,
	3.23946 3.24591,
	3.2601 3.24462,
	3.28073 3.24075,
	3.30137 3.23946,
	3.322 3.24075,
	3.32716 3.24075,
	3.32974 3.24075,
	3.33103 3.24333,
	3.35166 3.24333,
	3.39293 3.25236,
	3.41356 3.26139,
	3.4213 3.2717,
	3.42646 3.28202,
	3.42904 3.28718,
	3.42904 3.2975,
	3.42904 3.30008,
	3.41098 3.31684,
	3.40453 3.32458,
	3.3968 3.34392,
	3.39422 3.38519,
	3.39293 3.39035,
	3.3839 3.39937,
	3.3839 3.40195,
	3.37229 3.4213,
	3.36713 3.42646,
	3.3465 3.43548,
	3.30523 3.43935,
	3.2846 3.44322,
	3.27428 3.4458,
	3.26397 3.4458,
	3.26139 3.44967,
	3.25107 3.45096,
	3.24591 3.45612,
	3.24075 3.4587,
	3.23044 3.4587,
	3.22528 3.45741,
	3.22399 3.45225,
	3.21883 3.45096,
	3.21496 3.44709,
	3.20465 3.44322,
	3.19949 3.43935,
	3.19433 3.43806,
	3.19046 3.43419,
	3.18788 3.43419,
	3.17756 3.42646,
	3.16983 3.42259,
	3.16725 3.42259,
	3.16338 3.41872,
	3.15822 3.41743,
	3.15564 3.41227,
	3.15048 3.40969,
	3.14661 3.40453,
	3.14403 3.40324,
	3.14403 3.40066,
	3.13888 3.39808,
	3.13501 3.39293,
	3.12598 3.38648,
	3.12082 3.37616,
	3.11566 3.37487,
	3.11179 3.36456,
	3.10148 3.36069,
	3.09245 3.35166,
	3.09116 3.33103,
	3.09116 3.32716,
	"/>
</Transform>

<Transform dim="0"
 xcoef=" 0 1 0 0 0 0"
 ycoef=" 0 0 1 0 0 0">
<Contour name="d03" hidden="false" closed="true" simplified="true" border="1 0 0.5" fill="1 0 0.5" mode="-11"
 points="3.17634 5.43794,
	3.18195 5.42672,
	3.19177 5.4155,
	3.203 5.40988,
	3.20861 5.40708,
	3.21422 5.40708,
	3.22545 5.40006,
	3.23106 5.39585,
	3.23667 5.38463,
	3.24088 5.36218,
	3.24789 5.33973,
	3.2521 5.32851,
	3.25351 5.3229,
	3.26052 5.31167,
	3.26333 5.30045,
	3.25491 5.278,
	3.26052 5.25556,
	3.26333 5.24433,
	3.25491 5.19944,
	3.23948 5.15454,
	3.23667 5.13209,
	3.23948 5.0872,
	3.24649 5.06475,
	3.2507 5.05914,
	3.2507 5.05633,
	3.26192 5.04511,
	3.28437 5.02968,
	3.32927 5.00302,
	3.37416 4.99039,
	3.41906 4.98478,
	3.43028 4.98197,
	3.4401 4.97075,
	3.45834 4.92586,
	3.47097 4.90481,
	3.48219 4.8992,
	3.4878 4.89639,
	3.49342 4.8978,
	3.50464 4.89078,
	3.52709 4.88657,
	3.57198 4.88377,
	3.59443 4.88377,
	3.63932 4.89639,
	3.65055 4.8978,
	3.69544 4.88236,
	3.71789 4.87535,
	3.74034 4.86412,
	3.76279 4.84869,
	3.78523 4.83747,
	3.80768 4.83326,
	3.81891 4.83326,
	3.82452 4.83186,
	3.84135 4.80941,
	3.85398 4.78696,
	3.8652 4.78135,
	3.87783 4.7589,
	3.88765 4.75189,
	3.93255 4.74347,
	3.95499 4.73645,
	3.96622 4.73365,
	3.97744 4.72663,
	3.98867 4.72242,
	4.01111 4.72102,
	4.03356 4.71681,
	4.07846 4.69857,
	4.1009 4.68875,
	4.12335 4.68875,
	4.1458 4.69296,
	4.15702 4.69296,
	4.17947 4.69998,
	4.22437 4.72242,
	4.22998 4.72663,
	4.27487 4.73645,
	4.2861 4.74066,
	4.29171 4.74207,
	4.29872 4.75189,
	4.30855 4.7589,
	4.33099 4.7603,
	4.34222 4.7575,
	4.34783 4.7561,
	4.35344 4.75189,
	4.36466 4.70699,
	4.36607 4.70138,
	4.38431 4.67893,
	4.40675 4.6663,
	4.41798 4.6649,
	4.42078 4.6663,
	4.43201 4.66069,
	4.43902 4.65087,
	4.45025 4.64245,
	4.49514 4.62001,
	4.50637 4.6158,
	4.51759 4.60878,
	4.52881 4.59896,
	4.54986 4.58493,
	4.55828 4.57371,
	4.56108 4.5681,
	4.58353 4.55547,
	4.62842 4.53583,
	4.67332 4.51338,
	4.69577 4.49795,
	4.70559 4.48813,
	4.70699 4.48532,
	4.7126 4.48392,
	4.72383 4.4755,
	4.74627 4.46428,
	4.76872 4.45726,
	4.79117 4.45866,
	4.81362 4.46568,
	4.81923 4.46708,
	4.82484 4.47129,
	4.82765 4.47129,
	4.83186 4.4769,
	4.83045 4.48813,
	4.80801 4.50637,
	4.79818 4.51478,
	4.79538 4.5204,
	4.77293 4.53583,
	4.7589 4.55687,
	4.7589 4.5681,
	4.76311 4.57932,
	4.7603 4.58353,
	4.73786 4.59475,
	4.71541 4.60878,
	4.70419 4.6186,
	4.70138 4.62422,
	4.69016 4.62983,
	4.67893 4.63123,
	4.63404 4.65508,
	4.62422 4.6663,
	4.60177 4.68174,
	4.59616 4.68595,
	4.59475 4.69156,
	4.58353 4.69857,
	4.56108 4.72102,
	4.55547 4.72242,
	4.54425 4.72944,
	4.53863 4.73505,
	4.53583 4.73505,
	4.53022 4.74066,
	4.5246 4.74066,
	4.50356 4.76311,
	4.50075 4.76592,
	4.48953 4.76592,
	4.46708 4.77995,
	4.45586 4.78415,
	4.43341 4.78696,
	4.42219 4.79257,
	4.41237 4.8038,
	4.40675 4.81502,
	4.39553 4.82484,
	4.38992 4.82905,
	4.34502 4.84308,
	4.3338 4.84869,
	4.33099 4.8529,
	4.3338 4.85571,
	4.34502 4.85571,
	4.35625 4.86132,
	4.36186 4.86412,
	4.3801 4.90902,
	4.38431 4.92024,
	4.38711 4.92305,
	4.39132 4.96795,
	4.39413 4.99039,
	4.39553 5.00162,
	4.38852 5.02406,
	4.3829 5.03529,
	4.3815 5.04651,
	4.3801 5.05212,
	4.39553 5.09702,
	4.40395 5.11947,
	4.40816 5.14191,
	4.40816 5.15314,
	4.41237 5.16436,
	4.41657 5.16997,
	4.41938 5.16997,
	4.4306 5.17979,
	4.4755 5.19663,
	4.49795 5.20645,
	4.51899 5.22469,
	4.5232 5.24714,
	4.5246 5.25275,
	4.51057 5.29764,
	4.50777 5.30887,
	4.50496 5.31448,
	4.49935 5.32009,
	4.45446 5.3229,
	4.43201 5.31869,
	4.42078 5.31448,
	4.39834 5.29624,
	4.37589 5.28081,
	4.37028 5.278,
	4.32538 5.27941,
	4.30293 5.27941,
	4.28049 5.28782,
	4.25804 5.29063,
	4.24681 5.29203,
	4.2412 5.29203,
	4.21875 5.30185,
	4.19631 5.31729,
	4.1935 5.32009,
	4.1921 5.33132,
	4.1949 5.34254,
	4.21735 5.36358,
	4.22016 5.3692,
	4.21595 5.39164,
	4.20753 5.40287,
	4.20192 5.40567,
	4.17947 5.40567,
	4.15702 5.40287,
	4.13458 5.40287,
	4.11213 5.40567,
	4.10652 5.40988,
	4.10231 5.42111,
	4.0995 5.42672,
	4.0967 5.42952,
	4.0967 5.43233,
	4.09108 5.43654,
	4.08547 5.43794,
	4.08267 5.44075,
	4.06022 5.44215,
	4.04899 5.44355,
	4.03777 5.44776,
	4.03216 5.44917,
	4.02655 5.45338,
	3.98165 5.45478,
	3.97604 5.45618,
	3.96482 5.4632,
	3.95359 5.4646,
	3.93114 5.47302,
	3.88625 5.48003,
	3.87503 5.48003,
	3.85258 5.48985,
	3.83013 5.49406,
	3.81891 5.49967,
	3.79646 5.52072,
	3.78523 5.52914,
	3.74735 5.57403,
	3.74174 5.58526,
	3.73473 5.63015,
	3.73332 5.6526,
	3.73473 5.66382,
	3.74034 5.67505,
	3.74174 5.68066,
	3.74174 5.68346,
	3.75156 5.69469,
	3.75437 5.69749,
	3.75998 5.6989,
	3.7712 5.70591,
	3.77682 5.70872,
	3.77682 5.71152,
	3.78804 5.71994,
	3.79365 5.72555,
	3.80628 5.748,
	3.81329 5.75922,
	3.82312 5.77045,
	3.82873 5.77466,
	3.83153 5.79711,
	3.83153 5.81955,
	3.83013 5.83078,
	3.82873 5.83639,
	3.81189 5.85743,
	3.80067 5.86024,
	3.75577 5.85603,
	3.74455 5.85322,
	3.7221 5.842,
	3.71228 5.83499,
	3.70386 5.82376,
	3.69544 5.80131,
	3.69264 5.79009,
	3.68562 5.78027,
	3.6744 5.77606,
	3.66177 5.75502,
	3.65756 5.73257,
	3.65616 5.71012,
	3.65616 5.6989,
	3.65476 5.69328,
	3.64915 5.68908,
	3.63932 5.68627,
	3.63371 5.67505,
	3.61267 5.6526,
	3.60144 5.64137,
	3.59443 5.63015,
	3.58461 5.61893,
	3.57759 5.6077,
	3.55515 5.58946,
	3.5341 5.57543,
	3.52428 5.56561,
	3.47939 5.54457,
	3.43449 5.52072,
	3.41204 5.5123,
	3.40222 5.50949,
	3.39661 5.51511,
	3.38539 5.5123,
	3.37416 5.50529,
	3.37276 5.49967,
	3.37276 5.49687,
	3.36715 5.49266,
	3.3447 5.48424,
	3.33348 5.48284,
	3.31103 5.47302,
	3.2998 5.466,
	3.25491 5.46741,
	3.23246 5.47582,
	3.22124 5.48003,
	3.19879 5.47863,
	3.19318 5.47723,
	3.18195 5.46881,
	3.18055 5.4632,
	3.17634 5.45758,
	3.17634 5.44636,
	3.17634 5.44075,
	3.17634 5.43935,
	"/>
</Transform>

<Transform dim="0"
 xcoef=" 0 1 0 0 0 0"
 ycoef=" 0 0 1 0 0 0">
<Contour name="d03" hidden="false" closed="true" simplified="true" border="1 0 0.5" fill="1 0 0.5" mode="-11"
 points="2.92788 5.79229,
	2.93623 5.7806,
	2.96129 5.76557,
	2.98133 5.74386,
	2.98634 5.73718,
	2.98634 5.72382,
	2.99302 5.71714,
	3.00638 5.71379,
	3.01974 5.71379,
	3.0331 5.70878,
	3.03812 5.7021,
	3.04981 5.69375,
	3.07653 5.67204,
	3.08321 5.66703,
	3.08655 5.66536,
	3.09824 5.67538,
	3.10659 5.68874,
	3.11829 5.7021,
	3.13165 5.70878,
	3.13833 5.71379,
	3.14 5.72048,
	3.16672 5.73718,
	3.19177 5.76223,
	3.2018 5.77392,
	3.20514 5.78728,
	3.20514 5.80065,
	3.19846 5.82737,
	3.19345 5.84073,
	3.19177 5.84741,
	3.18843 5.85075,
	3.18676 5.85743,
	3.15169 5.91088,
	3.13332 5.93593,
	3.12664 5.94929,
	3.11495 5.96099,
	3.10826 5.966,
	3.0949 5.96767,
	3.08989 5.97268,
	3.08321 5.97435,
	3.08154 5.97769,
	3.06818 5.97936,
	3.0615 5.97936,
	3.03478 5.96433,
	3.00805 5.94094,
	2.9997 5.93259,
	2.9997 5.92925,
	2.98801 5.91756,
	2.98801 5.91422,
	2.97799 5.9042,
	2.97298 5.89752,
	2.96296 5.88917,
	2.9546 5.87581,
	2.9546 5.87247,
	2.9379 5.84741,
	2.93289 5.83405,
	2.93122 5.82069,
	2.92788 5.81401,
	2.92788 5.80065,
	2.92788 5.79397,
	"/>
</Transform>

<Transform dim="0"
 xcoef=" 0 1 0 0 0 0"
 ycoef=" 0 0 1 0 0 0">
<Contour name="d03" hidden="false" closed="true" simplified="true" border="1 0 0.5" fill="1 0 0.5" mode="-11"
 points="2.43517 4.58807,
	2.44185 4.58306,
	2.44519 4.58306,
	2.45354 4.57471,
	2.46022 4.57304,
	2.4669 4.56803,
	2.49363 4.55968,
	2.50699 4.55133,
	2.52035 4.54799,
	2.5738 4.54966,
	2.60052 4.55801,
	2.60386 4.55801,
	2.60553 4.56135,
	2.63225 4.56803,
	2.65898 4.57805,
	2.67234 4.58473,
	2.67902 4.58807,
	2.68403 4.59976,
	2.70908 4.61647,
	2.71075 4.62315,
	2.72245 4.63651,
	2.72579 4.63985,
	2.72746 4.64653,
	2.7308 4.64987,
	2.73414 4.66323,
	2.73748 4.6649,
	2.74249 4.69163,
	2.74583 4.70499,
	2.74917 4.71167,
	2.75251 4.71501,
	2.75251 4.71835,
	2.75585 4.72002,
	2.75585 4.72336,
	2.76086 4.73004,
	2.77255 4.75509,
	2.77589 4.75843,
	2.77589 4.76177,
	2.78758 4.7718,
	2.79092 4.7718,
	2.80429 4.78349,
	2.81097 4.78516,
	2.83602 4.80353,
	2.84938 4.81188,
	2.86274 4.82357,
	2.87109 4.82858,
	2.87109 4.83192,
	2.87945 4.84194,
	2.88446 4.85531,
	2.88613 4.86867,
	2.88613 4.87535,
	2.87945 4.88203,
	2.87276 4.88537,
	2.8594 4.88537,
	2.85272 4.88537,
	2.84938 4.88537,
	2.84771 4.88203,
	2.79593 4.86366,
	2.78257 4.85865,
	2.76921 4.8503,
	2.76253 4.84361,
	2.75585 4.83192,
	2.74249 4.82023,
	2.71576 4.80854,
	2.7024 4.80687,
	2.68904 4.80186,
	2.67568 4.79351,
	2.669 4.79017,
	2.65564 4.77681,
	2.64896 4.77013,
	2.64729 4.76344,
	2.64228 4.75843,
	2.63893 4.74507,
	2.63893 4.73839,
	2.63225 4.72503,
	2.62557 4.72002,
	2.61889 4.72002,
	2.61722 4.71668,
	2.56378 4.71,
	2.53705 4.71,
	2.52369 4.70833,
	2.51033 4.71167,
	2.49864 4.71835,
	2.48528 4.71835,
	2.47859 4.71501,
	2.46857 4.68828,
	2.46523 4.67492,
	2.45855 4.66323,
	2.45354 4.65822,
	2.45354 4.65488,
	2.4502 4.65321,
	2.44185 4.62649,
	2.43684 4.59976,
	2.43684 4.59308,
	2.43517 4.58974,
	"/>
</Transform>

<Transform dim="0"
 xcoef=" 0 1 0 0 0 0"
 ycoef=" 0 0 1 0 0 0">
<Contour name="d03" hidden="false" closed="true" simplified="true" border="1 0 0.5" fill="1 0 0.5" mode="-11"
 points="3.529 6.24667,
	3.53765 6.23283,
	3.54976 6.21899,
	3.55495 6.21208,
	3.55841 6.20862,
	3.57225 6.21208,
	3.57917 6.21208,
	3.60684 6.22937,
	3.62068 6.23802,
	3.6276 6.24321,
	3.62933 6.25013,
	3.6276 6.25705,
	3.62068 6.26224,
	3.61722 6.26224,
	3.61549 6.2657,
	3.60857 6.26743,
	3.59646 6.27954,
	3.58955 6.28646,
	3.57398 6.31414,
	3.56706 6.31933,
	3.56533 6.32279,
	3.55841 6.32279,
	3.55149 6.3176,
	3.53765 6.29165,
	3.53592 6.28473,
	3.53246 6.283,
	3.529 6.26916,
	3.529 6.25532,
	3.529 6.2484,
	"/>
</Transform>

<Transform dim="0"
 xcoef=" 0 1 0 0 0 0"
 ycoef=" 0 0 1 0 0 0">
<Contour name="d03p02" hidden="false" closed="true" simplified="false" border="0 0.251 0.502" fill="0.5 0 1" mode="11"
 points="3.62521 5.54924,
	3.61348 5.54533,
	3.62521 5.54142,
	3.61739 5.52969,
	3.62912 5.53751,
	3.63303 5.52578,
	3.63694 5.53751,
	3.64867 5.52969,
	3.64085 5.54142,
	3.65259 5.54533,
	3.64085 5.54924,
	3.64867 5.56097,
	3.63694 5.55315,
	3.63303 5.56489,
	3.62912 5.55315,
	3.61739 5.56097,
	"/>
</Transform>

<Transform dim="0"
 xcoef=" 0 1 0 0 0 0"
 ycoef=" 0 0 1 0 0 0">
<Contour name="d03p03" hidden="false" closed="true" simplified="false" border="0 0.251 0.502" fill="1 0 0.5" mode="-9"
 points="3.26543 5.37717,
	3.31236 5.37717,
	3.28889 5.42019,
	"/>
</Transform>

<Transform dim="0"
 xcoef=" 0 1 0 0 0 0"
 ycoef=" 0 0 1 0 0 0">
<Contour name="d03p30" hidden="false" closed="true" simplified="false" border="0 1 1" fill="0 1 1" mode="-9"
 points="4.2431 4.87661,
	4.25874 4.86096,
	4.19617 4.79839,
	4.21181 4.78275,
	4.27438 4.84532,
	4.29003 4.82968,
	4.29003 4.87661,
	"/>
</Transform>

<Transform dim="0"
 xcoef=" 0 1 0 0 0 0"
 ycoef=" 0 0 1 0 0 0">
<Contour name="d03c01a" hidden="false" closed="true" simplified="true" border="1 0 0" fill="1 0 0" mode="-11"
 points="3.23438 3.23562,
	3.2381 3.23067,
	3.24305 3.22819,
	3.25295 3.22819,
	3.29256 3.23438,
	3.31236 3.23191,
	3.32227 3.22943,
	3.34207 3.23067,
	3.35197 3.23191,
	3.36188 3.23562,
	3.36559 3.23933,
	3.36559 3.24429,
	3.35693 3.25419,
	3.33712 3.25914,
	3.29751 3.26285,
	3.27771 3.26657,
	3.2579 3.26285,
	3.248 3.25914,
	3.23933 3.25295,
	3.23686 3.24305,
	3.23562 3.2381,
	3.23438 3.23686,
	"/>
</Transform>

<Transform dim="0"
 xcoef=" 0 1 0 0 0 0"
 ycoef=" 0 0 1 0 0 0">
<Contour name="d03cfa01a" hidden="false" closed="false" simplified="false" border="0 1 0.251" fill="0 1 0" mode="11"
 points="3.36417 3.24535,
	3.35936 3.24467,
	3.34631 3.24467,
	3.33395 3.24398,
	3.3209 3.23986,
	3.30647 3.24055,
	3.28999 3.24055,
	3.27625 3.24261,
	3.25976 3.24604,
	3.23778 3.24742,
	"/>
</Transform>

<Transform dim="0"
 xcoef=" 0 1 0 0 0 0"
 ycoef=" 0 0 1 0 0 0">
<Contour name="d03c03" hidden="false" closed="true" simplified="true" border="1 0 0" fill="1 0 0" mode="-11"
 points="2.90337 5.82205,
	2.91018 5.81695,
	2.92379 5.81014,
	2.9272 5.80844,
	2.93401 5.80758,
	2.94082 5.80844,
	2.94422 5.81014,
	2.94763 5.81354,
	2.95188 5.82716,
	2.95444 5.84078,
	2.95869 5.8544,
	2.96295 5.86121,
	2.96891 5.86717,
	2.98253 5.87568,
	2.98934 5.88079,
	2.99615 5.8876,
	3.0004 5.8944,
	3.0021 5.89781,
	3.00125 5.90121,
	2.99189 5.91483,
	2.98593 5.92845,
	2.98338 5.93101,
	2.98168 5.93186,
	2.96806 5.9276,
	2.96125 5.92334,
	2.95444 5.91654,
	2.94933 5.90973,
	2.93401 5.88249,
	2.92635 5.86887,
	2.92209 5.86206,
	2.92209 5.86036,
	2.91954 5.85695,
	2.91699 5.85014,
	2.91613 5.84674,
	2.90762 5.83312,
	2.90507 5.82631,
	2.90337 5.82291,
	"/>
</Transform>

<Transform dim="0"
 xcoef=" 0 1 0 0 0 0"
 ycoef=" 0 0 1 0 0 0">
<Contour name="d03cfa03" hidden="false" closed="false" simplified="false" border="0 1 0.251" fill="0 1 0" mode="11"
 points="2.98827 5.9181,
	2.98401 5.91215,
	2.97295 5.90023,
	2.96614 5.89257,
	2.96018 5.88321,
	2.95167 5.87129,
	2.94231 5.85767,
	2.9338 5.84065,
	2.92869 5.82533,
	2.92699 5.80915,
	"/>
</Transform>

<Transform dim="0"
 xcoef=" 0 1 0 0 0 0"
 ycoef=" 0 0 1 0 0 0">
<Contour name="d06" hidden="false" closed="true" simplified="true" border="0 0 1" fill="0 0 1" mode="-11"
 points="2.6013 0.443579,
	2.6055 0.432385,
	2.6139 0.42119,
	2.62229 0.414194,
	2.62789 0.408597,
	2.63489 0.397402,
	2.63629 0.391805,
	2.63909 0.389006,
	2.64328 0.377812,
	2.64748 0.373614,
	2.66987 0.376413,
	2.67547 0.376413,
	2.68106 0.379211,
	2.69086 0.389006,
	2.71325 0.393204,
	2.72444 0.394604,
	2.73564 0.398801,
	2.74683 0.408597,
	2.75523 0.419791,
	2.75523 0.44218,
	2.75383 0.453374,
	2.74963 0.464569,
	2.74263 0.475763,
	2.73144 0.484159,
	2.70905 0.493954,
	2.69786 0.498152,
	2.68666 0.499551,
	2.67547 0.503749,
	2.67407 0.505148,
	2.66567 0.493954,
	2.66147 0.48276,
	2.66008 0.477162,
	2.65028 0.467367,
	2.64468 0.464569,
	2.62229 0.465968,
	2.6111 0.467367,
	2.6055 0.465968,
	2.6013 0.460371,
	2.6013 0.449176,
	2.6013 0.444978,
	"/>
</Transform>

<Transform dim="0"
 xcoef=" 0 1 0 0 0 0"
 ycoef=" 0 0 1 0 0 0">
<Contour name="d06" hidden="false" closed="true" simplified="true" border="0 0 1" fill="0 0 1" mode="-11"
 points="2.71124 1.32675,
	2.71717 1.3149,
	2.71717 1.30898,
	2.73938 1.29121,
	2.76307 1.2764,
	2.78676 1.269,
	2.81045 1.27048,
	2.83414 1.26456,
	2.83711 1.26456,
	2.84895 1.25419,
	2.8608 1.24827,
	2.90818 1.23642,
	2.9141 1.23494,
	2.91707 1.23494,
	2.92003 1.23198,
	2.93187 1.22754,
	2.94372 1.22606,
	2.96741 1.23494,
	2.97926 1.24234,
	2.9911 1.24234,
	3.0148 1.23494,
	3.03849 1.22161,
	3.06218 1.21421,
	3.0681 1.21125,
	3.09179 1.20829,
	3.11549 1.20829,
	3.12733 1.20977,
	3.13918 1.20829,
	3.1451 1.20681,
	3.16879 1.18756,
	3.21618 1.16831,
	3.2221 1.16535,
	3.26948 1.16238,
	3.29318 1.15794,
	3.31687 1.15646,
	3.36425 1.1609,
	3.38794 1.16683,
	3.39979 1.17127,
	3.41163 1.17867,
	3.4146 1.18163,
	3.42052 1.18311,
	3.42052 1.18608,
	3.42496 1.192,
	3.42644 1.21569,
	3.422 1.26307,
	3.41608 1.27492,
	3.41312 1.28677,
	3.41015 1.29269,
	3.41163 1.29861,
	3.43385 1.31786,
	3.45754 1.32823,
	3.50492 1.34155,
	3.51677 1.34452,
	3.52269 1.34748,
	3.53157 1.35932,
	3.5375 1.37117,
	3.54786 1.37857,
	3.55971 1.37709,
	3.57007 1.36969,
	3.57748 1.35784,
	3.58044 1.346,
	3.58784 1.33415,
	3.59229 1.32823,
	3.59673 1.32527,
	3.60857 1.3149,
	3.62042 1.3075,
	3.62634 1.30602,
	3.63227 1.30157,
	3.63819 1.30009,
	3.64411 1.29565,
	3.6678 1.28825,
	3.67965 1.28825,
	3.6915 1.29121,
	3.7374 1.31934,
	3.74924 1.32823,
	3.79663 1.34748,
	3.80847 1.35192,
	3.81884 1.36228,
	3.8218 1.37413,
	3.82624 1.38005,
	3.82624 1.3919,
	3.8292 1.40375,
	3.84105 1.41411,
	3.84549 1.42596,
	3.84401 1.44965,
	3.83809 1.46149,
	3.83957 1.48519,
	3.84401 1.49703,
	3.8603 1.52072,
	3.8677 1.53257,
	3.87215 1.54442,
	3.87955 1.55626,
	3.90176 1.57995,
	3.90916 1.5918,
	3.91065 1.59772,
	3.91953 1.60661,
	3.93582 1.6303,
	3.94914 1.65399,
	3.95359 1.65991,
	3.96247 1.68361,
	3.97136 1.73099,
	3.97432 1.73691,
	3.97432 1.73987,
	3.98172 1.75172,
	3.99653 1.7991,
	4.00689 1.8228,
	4.01282 1.84649,
	4.0217 1.87018,
	4.02318 1.8761,
	4.02022 1.88795,
	4.00986 1.89979,
	3.99801 1.9072,
	3.99209 1.90868,
	3.98024 1.91756,
	3.95655 1.92793,
	3.9447 1.93237,
	3.93434 1.93385,
	3.91065 1.95458,
	3.8988 1.96495,
	3.87511 1.97827,
	3.86326 1.98124,
	3.85142 1.98124,
	3.84549 1.98124,
	3.83957 1.97827,
	3.81588 1.97827,
	3.79219 1.98864,
	3.78034 1.99604,
	3.75665 2.00345,
	3.75072 2.00641,
	3.73888 2.00641,
	3.71519 2.00197,
	3.70926 2.00049,
	3.7063 1.99752,
	3.70334 1.99752,
	3.6915 1.98716,
	3.6678 1.97679,
	3.64411 1.97087,
	3.63819 1.97087,
	3.63227 1.96791,
	3.58488 1.97235,
	3.57304 1.97679,
	3.56119 1.97827,
	3.54934 1.97679,
	3.52565 1.96347,
	3.50196 1.95458,
	3.49011 1.9531,
	3.44273 1.95754,
	3.43088 1.95754,
	3.3835 1.94126,
	3.37165 1.93681,
	3.36573 1.93533,
	3.36277 1.93237,
	3.33908 1.92349,
	3.32723 1.92053,
	3.32427 1.91756,
	3.31242 1.9146,
	3.3065 1.91164,
	3.25912 1.90128,
	3.24727 1.89683,
	3.24431 1.89387,
	3.22062 1.88647,
	3.17323 1.87906,
	3.14954 1.87166,
	3.12585 1.86722,
	3.10216 1.86722,
	3.09031 1.87166,
	3.07995 1.88203,
	3.07402 1.88647,
	3.06218 1.88499,
	3.03849 1.87462,
	3.0148 1.87462,
	3.00887 1.87166,
	3.00591 1.8687,
	3.00295 1.8687,
	2.99999 1.86574,
	2.9763 1.86574,
	2.96445 1.86574,
	2.9526 1.8613,
	2.93187 1.84353,
	2.92595 1.84056,
	2.9141 1.83908,
	2.90226 1.83168,
	2.89485 1.81983,
	2.88449 1.80947,
	2.87264 1.80651,
	2.8608 1.79614,
	2.84895 1.77245,
	2.83118 1.74876,
	2.82674 1.73691,
	2.82526 1.71322,
	2.8223 1.70138,
	2.81638 1.68953,
	2.81489 1.67768,
	2.81193 1.67176,
	2.81193 1.6688,
	2.80157 1.65843,
	2.79564 1.65251,
	2.77195 1.63622,
	2.76159 1.62586,
	2.74826 1.60217,
	2.74086 1.59032,
	2.73642 1.57847,
	2.73493 1.56663,
	2.7379 1.55478,
	2.74826 1.53257,
	2.74826 1.50888,
	2.74678 1.49703,
	2.72753 1.44965,
	2.72457 1.4378,
	2.71865 1.42596,
	2.71717 1.41411,
	2.71865 1.40226,
	2.72605 1.39042,
	2.73049 1.37857,
	2.73049 1.36673,
	2.7142 1.34452,
	2.71124 1.33859,
	2.71124 1.32823,
	"/>
</Transform>

<Transform dim="0"
 xcoef=" 0 1 0 0 0 0"
 ycoef=" 0 0 1 0 0 0">
<Contour name="Ax01" hidden="false" closed="true" simplified="true" border="1 0.501961 0" fill="1 0 0" mode="-11"
 points="5.54629 7.71866,
	5.54949 7.70584,
	5.5591 7.69303,
	5.57192 7.68662,
	5.57833 7.68021,
	5.60396 7.6706,
	5.61678 7.66419,
	5.62318 7.66419,
	5.636 7.65458,
	5.65843 7.64497,
	5.67125 7.63856,
	5.67765 7.63856,
	5.72892 7.60011,
	5.78018 7.57127,
	5.78659 7.57127,
	5.81223 7.55525,
	5.86349 7.53923,
	5.91476 7.53923,
	5.96602 7.55525,
	5.99165 7.56807,
	6.00127 7.57768,
	6.00447 7.5905,
	5.99806 7.61613,
	6.00768 7.64176,
	6.0237 7.6674,
	6.0301 7.69303,
	6.0269 7.74429,
	6.0269 7.7507,
	6.00768 7.77633,
	5.99486 7.78595,
	5.99165 7.79236,
	5.94039 7.80197,
	5.88912 7.82119,
	5.88272 7.82119,
	5.87951 7.8276,
	5.86669 7.8308,
	5.84106 7.84682,
	5.82825 7.85644,
	5.80261 7.86285,
	5.75135 7.85964,
	5.72571 7.84682,
	5.70008 7.8276,
	5.67445 7.81799,
	5.64882 7.81799,
	5.636 7.81478,
	5.62959 7.81478,
	5.58153 7.77954,
	5.5591 7.76672,
	5.54629 7.74109,
	5.54629 7.72827,
	5.54629 7.72186,
	"/>
</Transform>

<Transform dim="0"
 xcoef=" 0 1 0 0 0 0"
 ycoef=" 0 0 1 0 0 0">
<Contour name="Ax01B02ssvr75" hidden="false" closed="true" simplified="false" border="0.5 0 1" fill="0.5 0 1" mode="-9"
 points="5.92146 7.58951,
	5.91185 7.5863,
	5.92146 7.5831,
	5.91505 7.57349,
	5.92466 7.57989,
	5.92787 7.57028,
	5.93107 7.57989,
	5.94069 7.57349,
	5.93428 7.5831,
	5.94389 7.5863,
	5.93428 7.58951,
	5.94069 7.59912,
	5.93107 7.59271,
	5.92787 7.60232,
	5.92466 7.59271,
	5.91505 7.59912,
	"/>
<Contour name="Ax01B02ssvr76" hidden="false" closed="true" simplified="false" border="0.5 0 1" fill="0.5 0 1" mode="-9"
 points="5.91185 7.64398,
	5.90224 7.64077,
	5.91185 7.63757,
	5.90544 7.62795,
	5.91505 7.63436,
	5.91826 7.62475,
	5.92146 7.63436,
	5.93107 7.62795,
	5.92466 7.63757,
	5.93428 7.64077,
	5.92466 7.64398,
	5.93107 7.65359,
	5.92146 7.64718,
	5.91826 7.65679,
	5.91505 7.64718,
	5.90544 7.65359,
	"/>
<Contour name="Ax01B02ssvr77" hidden="false" closed="true" simplified="false" border="0.5 0 1" fill="0.5 0 1" mode="-9"
 points="5.90224 7.68883,
	5.89262 7.68563,
	5.90224 7.68242,
	5.89583 7.67281,
	5.90544 7.67922,
	5.90864 7.66961,
	5.91185 7.67922,
	5.92146 7.67281,
	5.91505 7.68242,
	5.92466 7.68563,
	5.91505 7.68883,
	5.92146 7.69844,
	5.91185 7.69204,
	5.90864 7.70165,
	5.90544 7.69204,
	5.89583 7.69844,
	"/>
<Contour name="Ax01B02ssvr78" hidden="false" closed="true" simplified="false" border="0.5 0 1" fill="0.5 0 1" mode="-9"
 points="5.8702 7.77214,
	5.86058 7.76894,
	5.8702 7.76573,
	5.86379 7.75612,
	5.8734 7.76253,
	5.8766 7.75291,
	5.87981 7.76253,
	5.88942 7.75612,
	5.88301 7.76573,
	5.89262 7.76894,
	5.88301 7.77214,
	5.88942 7.78175,
	5.87981 7.77534,
	5.8766 7.78496,
	5.8734 7.77534,
	5.86379 7.78175,
	"/>
<Contour name="Ax01B02ssvr79" hidden="false" closed="true" simplified="false" border="0.5 0 1" fill="0.5 0 1" mode="-9"
 points="5.8702 7.72728,
	5.86058 7.72408,
	5.8702 7.72087,
	5.86379 7.71126,
	5.8734 7.71767,
	5.8766 7.70806,
	5.87981 7.71767,
	5.88942 7.71126,
	5.88301 7.72087,
	5.89262 7.72408,
	5.88301 7.72728,
	5.88942 7.73689,
	5.87981 7.73049,
	5.8766 7.7401,
	5.8734 7.73049,
	5.86379 7.73689,
	"/>
<Contour name="Ax01B02ssvr80" hidden="false" closed="true" simplified="false" border="0.5 0 1" fill="0.5 0 1" mode="-9"
 points="5.86379 7.66961,
	5.85417 7.6664,
	5.86379 7.6632,
	5.85738 7.65359,
	5.86699 7.66,
	5.8702 7.65038,
	5.8734 7.66,
	5.88301 7.65359,
	5.8766 7.6632,
	5.88622 7.6664,
	5.8766 7.66961,
	5.88301 7.67922,
	5.8734 7.67281,
	5.8702 7.68242,
	5.86699 7.67281,
	5.85738 7.67922,
	"/>
<Contour name="Ax01B02ssvr81" hidden="false" closed="true" simplified="false" border="0.5 0 1" fill="0.5 0 1" mode="-9"
 points="5.85738 7.59271,
	5.84777 7.58951,
	5.85738 7.5863,
	5.85097 7.57669,
	5.86058 7.5831,
	5.86379 7.57349,
	5.86699 7.5831,
	5.8766 7.57669,
	5.8702 7.5863,
	5.87981 7.58951,
	5.8702 7.59271,
	5.8766 7.60232,
	5.86699 7.59591,
	5.86379 7.60553,
	5.86058 7.59591,
	5.85097 7.60232,
	"/>
<Contour name="Ax01B02ssvr82" hidden="false" closed="true" simplified="false" border="0.5 0 1" fill="0.5 0 1" mode="-9"
 points="5.79971 7.60873,
	5.79009 7.60553,
	5.79971 7.60232,
	5.7933 7.59271,
	5.80291 7.59912,
	5.80611 7.58951,
	5.80932 7.59912,
	5.81893 7.59271,
	5.81252 7.60232,
	5.82213 7.60553,
	5.81252 7.60873,
	5.81893 7.61834,
	5.80932 7.61193,
	5.80611 7.62155,
	5.80291 7.61193,
	5.7933 7.61834,
	"/>
<Contour name="Ax01B02ssvr83" hidden="false" closed="true" simplified="false" border="0.5 0 1" fill="0.5 0 1" mode="-9"
 points="5.75164 7.64077,
	5.74203 7.63757,
	5.75164 7.63436,
	5.74524 7.62475,
	5.75485 7.63116,
	5.75805 7.62155,
	5.76126 7.63116,
	5.77087 7.62475,
	5.76446 7.63436,
	5.77407 7.63757,
	5.76446 7.64077,
	5.77087 7.65038,
	5.76126 7.64398,
	5.75805 7.65359,
	5.75485 7.64398,
	5.74524 7.65038,
	"/>
<Contour name="Ax01B02ssvr84" hidden="false" closed="true" simplified="false" border="0.5 0 1" fill="0.5 0 1" mode="-9"
 points="5.69077 7.67281,
	5.68115 7.66961,
	5.69077 7.6664,
	5.68436 7.65679,
	5.69397 7.6632,
	5.69717 7.65359,
	5.70038 7.6632,
	5.70999 7.65679,
	5.70358 7.6664,
	5.71319 7.66961,
	5.70358 7.67281,
	5.70999 7.68242,
	5.70038 7.67602,
	5.69717 7.68563,
	5.69397 7.67602,
	5.68436 7.68242,
	"/>
<Contour name="Ax01B02ssvr85" hidden="false" closed="true" simplified="false" border="0.5 0 1" fill="0.5 0 1" mode="-9"
 points="5.73242 7.75932,
	5.72281 7.75612,
	5.73242 7.75291,
	5.72601 7.7433,
	5.73562 7.74971,
	5.73883 7.7401,
	5.74203 7.74971,
	5.75164 7.7433,
	5.74524 7.75291,
	5.75485 7.75612,
	5.74524 7.75932,
	5.75164 7.76894,
	5.74203 7.76253,
	5.73883 7.77214,
	5.73562 7.76253,
	5.72601 7.76894,
	"/>
<Contour name="Ax01B02ssvr86" hidden="false" closed="true" simplified="false" border="0.5 0 1" fill="0.5 0 1" mode="-9"
 points="5.75164 7.71767,
	5.74203 7.71447,
	5.75164 7.71126,
	5.74524 7.70165,
	5.75485 7.70806,
	5.75805 7.69844,
	5.76126 7.70806,
	5.77087 7.70165,
	5.76446 7.71126,
	5.77407 7.71447,
	5.76446 7.71767,
	5.77087 7.72728,
	5.76126 7.72087,
	5.75805 7.73049,
	5.75485 7.72087,
	5.74524 7.72728,
	"/>
<Contour name="Ax01B02ssvr87" hidden="false" closed="true" simplified="false" border="0.5 0 1" fill="0.5 0 1" mode="-9"
 points="5.77728 7.75932,
	5.76766 7.75612,
	5.77728 7.75291,
	5.77087 7.7433,
	5.78048 7.74971,
	5.78368 7.7401,
	5.78689 7.74971,
	5.7965 7.7433,
	5.79009 7.75291,
	5.79971 7.75612,
	5.79009 7.75932,
	5.7965 7.76894,
	5.78689 7.76253,
	5.78368 7.77214,
	5.78048 7.76253,
	5.77087 7.76894,
	"/>
<Contour name="Ax01B02ssvr88" hidden="false" closed="true" simplified="false" border="0.5 0 1" fill="0.5 0 1" mode="-9"
 points="5.79971 7.72087,
	5.79009 7.71767,
	5.79971 7.71447,
	5.7933 7.70485,
	5.80291 7.71126,
	5.80611 7.70165,
	5.80932 7.71126,
	5.81893 7.70485,
	5.81252 7.71447,
	5.82213 7.71767,
	5.81252 7.72087,
	5.81893 7.73049,
	5.80932 7.72408,
	5.80611 7.73369,
	5.80291 7.72408,
	5.7933 7.73049,
	"/>
<Contour name="Ax01B02ssvr89" hidden="false" closed="true" simplified="false" border="0.5 0 1" fill="0.5 0 1" mode="-9"
 points="5.81573 7.66,
	5.80611 7.65679,
	5.81573 7.65359,
	5.80932 7.64398,
	5.81893 7.65038,
	5.82213 7.64077,
	5.82534 7.65038,
	5.83495 7.64398,
	5.82854 7.65359,
	5.83815 7.65679,
	5.82854 7.66,
	5.83495 7.66961,
	5.82534 7.6632,
	5.82213 7.67281,
	5.81893 7.6632,
	5.80932 7.66961,
	"/>
</Transform>

<Transform dim="0"
 xcoef=" 0 1 0 0 0 0"
 ycoef=" 0 0 1 0 0 0">
<Contour name="Ax08" hidden="false" closed="true" simplified="true" border="1 0 0" fill="1 0 0" mode="-11"
 points="0.960376 4.90192,
	0.967879 4.88191,
	0.97038 4.8419,
	0.97038 4.83189,
	0.99539 4.79438,
	1.0229 4.76187,
	1.03791 4.74436,
	1.07792 4.75436,
	1.08793 4.75937,
	1.10793 4.75937,
	1.11794 4.75937,
	1.13795 4.74686,
	1.15795 4.74936,
	1.17796 4.75686,
	1.18797 4.76187,
	1.22798 4.76437,
	1.24799 4.76937,
	1.268 4.76437,
	1.278 4.76187,
	1.283 4.75686,
	1.30301 4.74936,
	1.32302 4.74936,
	1.33302 4.75436,
	1.35303 4.75186,
	1.36303 4.74936,
	1.37304 4.74186,
	1.38054 4.70184,
	1.38554 4.69184,
	1.39555 4.68434,
	1.39805 4.67433,
	1.40555 4.66433,
	1.42556 4.65182,
	1.43306 4.64432,
	1.47308 4.62931,
	1.48308 4.62931,
	1.5231 4.61681,
	1.5431 4.61181,
	1.56311 4.6018,
	1.56811 4.6018,
	1.57312 4.5968,
	1.58312 4.5943,
	1.60313 4.5793,
	1.61313 4.57179,
	1.63314 4.56929,
	1.65315 4.56179,
	1.66315 4.55929,
	1.70317 4.53178,
	1.71317 4.52427,
	1.72318 4.52177,
	1.75319 4.49176,
	1.75819 4.48176,
	1.75819 4.47675,
	1.76319 4.47175,
	1.75569 4.45175,
	1.75569 4.44174,
	1.76569 4.42173,
	1.80321 4.38672,
	1.81571 4.36921,
	1.82321 4.35921,
	1.83072 4.3392,
	1.83322 4.31919,
	1.83072 4.27918,
	1.83572 4.23916,
	1.84322 4.21915,
	1.84822 4.20915,
	1.85823 4.19915,
	1.86323 4.19164,
	1.90075 4.15663,
	1.90575 4.15413,
	1.90575 4.14913,
	1.92575 4.13412,
	1.94576 4.12662,
	1.96577 4.12412,
	2.0458 4.0691,
	2.05581 4.06659,
	2.09582 4.04158,
	2.11583 4.03158,
	2.12583 4.02408,
	2.14584 4.02408,
	2.16585 4.03658,
	2.20586 4.03908,
	2.22587 4.03908,
	2.23588 4.03908,
	2.25588 4.05159,
	2.26339 4.05909,
	2.26339 4.06409,
	2.27339 4.0741,
	2.2909 4.0841,
	2.3034 4.09661,
	2.3009 4.10661,
	2.3009 4.11161,
	2.2959 4.11661,
	2.2959 4.12162,
	2.27839 4.13662,
	2.26839 4.14162,
	2.26339 4.14663,
	2.25839 4.14663,
	2.22337 4.17414,
	2.19086 4.21165,
	2.18586 4.22165,
	2.18085 4.22666,
	2.18085 4.23166,
	2.17585 4.23416,
	2.15334 4.31419,
	2.12083 4.39422,
	2.11083 4.41423,
	2.11083 4.41923,
	2.10583 4.42423,
	2.10332 4.43424,
	2.09582 4.44424,
	2.09332 4.45425,
	2.06581 4.49426,
	2.0483 4.51177,
	2.01329 4.53678,
	1.99828 4.55679,
	1.99078 4.57679,
	1.98828 4.5868,
	1.95327 4.62431,
	1.95076 4.63432,
	1.93326 4.65432,
	1.90825 4.69184,
	1.89574 4.71185,
	1.85823 4.74186,
	1.84072 4.75186,
	1.82822 4.76437,
	1.82822 4.76937,
	1.82071 4.77937,
	1.80071 4.79188,
	1.7807 4.79688,
	1.74068 4.79938,
	1.70067 4.80939,
	1.66065 4.80939,
	1.64064 4.79938,
	1.63314 4.79438,
	1.59312 4.80188,
	1.58312 4.80939,
	1.5431 4.82439,
	1.5231 4.82689,
	1.51309 4.83189,
	1.49309 4.83189,
	1.48308 4.82939,
	1.47308 4.8369,
	1.43306 4.8419,
	1.42806 4.8469,
	1.41806 4.8494,
	1.40805 4.8569,
	1.39555 4.87691,
	1.38554 4.88191,
	1.38054 4.88191,
	1.37554 4.88692,
	1.33552 4.89192,
	1.31552 4.89442,
	1.29551 4.88942,
	1.29051 4.88942,
	1.2855 4.88441,
	1.24549 4.89192,
	1.22548 4.90192,
	1.22048 4.90192,
	1.20047 4.91443,
	1.18046 4.92193,
	1.17046 4.92443,
	1.16546 4.92443,
	1.16045 4.92943,
	1.15045 4.93193,
	1.13294 4.94694,
	1.11294 4.95444,
	1.10293 4.95944,
	1.0229 4.96695,
	1.0129 4.96695,
	1.0079 4.96695,
	1.00539 4.96195,
	0.99539 4.95944,
	0.977883 4.94694,
	0.972881 4.93694,
	0.967879 4.93443,
	0.960376 4.91443,
	0.960376 4.90442,
	"/>
</Transform>

<Transform dim="0"
 xcoef=" 0 1 0 0 0 0"
 ycoef=" 0 0 1 0 0 0">
<Contour name="Ax08B04ssvr34" hidden="false" closed="true" simplified="false" border="0.5 0 1" fill="0.5 0 1" mode="-9"
 points="2.15634 4.1122,
	2.14946 4.10991,
	2.15634 4.10762,
	2.15175 4.10074,
	2.15863 4.10533,
	2.16092 4.09845,
	2.16321 4.10533,
	2.17008 4.10074,
	2.1655 4.10762,
	2.17237 4.10991,
	2.1655 4.1122,
	2.17008 4.11907,
	2.16321 4.11449,
	2.16092 4.12136,
	2.15863 4.11449,
	2.15175 4.11907,
	"/>
<Contour name="Ax08B04ssvr35" hidden="false" closed="true" simplified="false" border="0.5 0 1" fill="0.5 0 1" mode="-9"
 points="2.11052 4.09158,
	2.10364 4.08929,
	2.11052 4.087,
	2.10593 4.08013,
	2.11281 4.08471,
	2.1151 4.07783,
	2.11739 4.08471,
	2.12426 4.08013,
	2.11968 4.087,
	2.12655 4.08929,
	2.11968 4.09158,
	2.12426 4.09845,
	2.11739 4.09387,
	2.1151 4.10074,
	2.11281 4.09387,
	2.10593 4.09845,
	"/>
<Contour name="Ax08B04ssvr36" hidden="false" closed="true" simplified="false" border="0.5 0 1" fill="0.5 0 1" mode="-9"
 points="2.1655 4.17406,
	2.15863 4.17177,
	2.1655 4.16947,
	2.16092 4.1626,
	2.16779 4.16718,
	2.17008 4.16031,
	2.17237 4.16718,
	2.17925 4.1626,
	2.17466 4.16947,
	2.18154 4.17177,
	2.17466 4.17406,
	2.17925 4.18093,
	2.17237 4.17635,
	2.17008 4.18322,
	2.16779 4.17635,
	2.16092 4.18093,
	"/>
<Contour name="Ax08B04ssvr37" hidden="false" closed="true" simplified="false" border="0.5 0 1" fill="0.5 0 1" mode="-9"
 points="2.11968 4.19009,
	2.11281 4.1878,
	2.11968 4.18551,
	2.1151 4.17864,
	2.12197 4.18322,
	2.12426 4.17635,
	2.12655 4.18322,
	2.13343 4.17864,
	2.12884 4.18551,
	2.13572 4.1878,
	2.12884 4.19009,
	2.13343 4.19697,
	2.12655 4.19238,
	2.12426 4.19926,
	2.12197 4.19238,
	2.1151 4.19697,
	"/>
<Contour name="Ax08B04ssvr38" hidden="false" closed="true" simplified="false" border="0.5 0 1" fill="0.5 0 1" mode="-9"
 points="2.08302 4.19009,
	2.07615 4.1878,
	2.08302 4.18551,
	2.07844 4.17864,
	2.08531 4.18322,
	2.08761 4.17635,
	2.0899 4.18322,
	2.09677 4.17864,
	2.09219 4.18551,
	2.09906 4.1878,
	2.09219 4.19009,
	2.09677 4.19697,
	2.0899 4.19238,
	2.08761 4.19926,
	2.08531 4.19238,
	2.07844 4.19697,
	"/>
<Contour name="Ax08B04ssvr39" hidden="false" closed="true" simplified="false" border="0.5 0 1" fill="0.5 0 1" mode="-9"
 points="2.04637 4.16031,
	2.03949 4.15802,
	2.04637 4.15573,
	2.04179 4.14886,
	2.04866 4.15344,
	2.05095 4.14656,
	2.05324 4.15344,
	2.06011 4.14886,
	2.05553 4.15573,
	2.0624 4.15802,
	2.05553 4.16031,
	2.06011 4.16718,
	2.05324 4.1626,
	2.05095 4.16947,
	2.04866 4.1626,
	2.04179 4.16718,
	"/>
<Contour name="Ax08B04ssvr40" hidden="false" closed="true" simplified="false" border="0.5 0 1" fill="0.5 0 1" mode="-9"
 points="2.012 4.19009,
	2.00513 4.1878,
	2.012 4.18551,
	2.00742 4.17864,
	2.01429 4.18322,
	2.01658 4.17635,
	2.01888 4.18322,
	2.02575 4.17864,
	2.02117 4.18551,
	2.02804 4.1878,
	2.02117 4.19009,
	2.02575 4.19697,
	2.01888 4.19238,
	2.01658 4.19926,
	2.01429 4.19238,
	2.00742 4.19697,
	"/>
<Contour name="Ax08B04ssvr41" hidden="false" closed="true" simplified="false" border="0.5 0 1" fill="0.5 0 1" mode="-9"
 points="1.97306 4.22904,
	1.96618 4.22675,
	1.97306 4.22446,
	1.96847 4.21759,
	1.97535 4.22217,
	1.97764 4.21529,
	1.97993 4.22217,
	1.9868 4.21759,
	1.98222 4.22446,
	1.98909 4.22675,
	1.98222 4.22904,
	1.9868 4.23591,
	1.97993 4.23133,
	1.97764 4.2382,
	1.97535 4.23133,
	1.96847 4.23591,
	"/>
<Contour name="Ax08B04ssvr42" hidden="false" closed="true" simplified="false" border="0.5 0 1" fill="0.5 0 1" mode="-9"
 points="1.9364 4.19697,
	1.92953 4.19468,
	1.9364 4.19238,
	1.93182 4.18551,
	1.93869 4.19009,
	1.94098 4.18322,
	1.94327 4.19009,
	1.95015 4.18551,
	1.94556 4.19238,
	1.95244 4.19468,
	1.94556 4.19697,
	1.95015 4.20384,
	1.94327 4.19926,
	1.94098 4.20613,
	1.93869 4.19926,
	1.93182 4.20384,
	"/>
<Contour name="Ax08B04ssvr43" hidden="false" closed="true" simplified="false" border="0.5 0 1" fill="0.5 0 1" mode="-9"
 points="1.90433 4.25195,
	1.89745 4.24966,
	1.90433 4.24737,
	1.89974 4.2405,
	1.90662 4.24508,
	1.90891 4.2382,
	1.9112 4.24508,
	1.91807 4.2405,
	1.91349 4.24737,
	1.92036 4.24966,
	1.91349 4.25195,
	1.91807 4.25882,
	1.9112 4.25424,
	1.90891 4.26111,
	1.90662 4.25424,
	1.89974 4.25882,
	"/>
<Contour name="Ax08B04ssvr44" hidden="false" closed="true" simplified="false" border="0.5 0 1" fill="0.5 0 1" mode="-9"
 points="1.92036 4.29548,
	1.91349 4.29319,
	1.92036 4.2909,
	1.91578 4.28402,
	1.92265 4.28861,
	1.92494 4.28173,
	1.92724 4.28861,
	1.93411 4.28402,
	1.92953 4.2909,
	1.9364 4.29319,
	1.92953 4.29548,
	1.93411 4.30235,
	1.92724 4.29777,
	1.92494 4.30464,
	1.92265 4.29777,
	1.91578 4.30235,
	"/>
<Contour name="Ax08B04ssvr45" hidden="false" closed="true" simplified="false" border="0.5 0 1" fill="0.5 0 1" mode="-9"
 points="2.00513 4.28402,
	1.99826 4.28173,
	2.00513 4.27944,
	2.00055 4.27257,
	2.00742 4.27715,
	2.00971 4.27028,
	2.012 4.27715,
	2.01888 4.27257,
	2.01429 4.27944,
	2.02117 4.28173,
	2.01429 4.28402,
	2.01888 4.2909,
	2.012 4.28632,
	2.00971 4.29319,
	2.00742 4.28632,
	2.00055 4.2909,
	"/>
<Contour name="Ax08B04ssvr46" hidden="false" closed="true" simplified="false" border="0.5 0 1" fill="0.5 0 1" mode="-9"
 points="2.10135 4.27944,
	2.09448 4.27715,
	2.10135 4.27486,
	2.09677 4.26799,
	2.10364 4.27257,
	2.10593 4.2657,
	2.10822 4.27257,
	2.1151 4.26799,
	2.11052 4.27486,
	2.11739 4.27715,
	2.11052 4.27944,
	2.1151 4.28632,
	2.10822 4.28173,
	2.10593 4.28861,
	2.10364 4.28173,
	2.09677 4.28632,
	"/>
<Contour name="Ax08B04ssvr47" hidden="false" closed="true" simplified="false" border="0.5 0 1" fill="0.5 0 1" mode="-9"
 points="2.06699 4.39399,
	2.06011 4.3917,
	2.06699 4.38941,
	2.0624 4.38254,
	2.06928 4.38712,
	2.07157 4.38025,
	2.07386 4.38712,
	2.08073 4.38254,
	2.07615 4.38941,
	2.08302 4.3917,
	2.07615 4.39399,
	2.08073 4.40087,
	2.07386 4.39628,
	2.07157 4.40316,
	2.06928 4.39628,
	2.0624 4.40087,
	"/>
<Contour name="Ax08B04ssvr48" hidden="false" closed="true" simplified="false" border="0.5 0 1" fill="0.5 0 1" mode="-9"
 points="2.01658 4.43981,
	2.00971 4.43752,
	2.01658 4.43523,
	2.012 4.42836,
	2.01888 4.43294,
	2.02117 4.42607,
	2.02346 4.43294,
	2.03033 4.42836,
	2.02575 4.43523,
	2.03262 4.43752,
	2.02575 4.43981,
	2.03033 4.44669,
	2.02346 4.4421,
	2.02117 4.44898,
	2.01888 4.4421,
	2.012 4.44669,
	"/>
<Contour name="Ax08B04ssvr49" hidden="false" closed="true" simplified="false" border="0.5 0 1" fill="0.5 0 1" mode="-9"
 points="1.99138 4.32297,
	1.98451 4.32068,
	1.99138 4.31839,
	1.9868 4.31152,
	1.99367 4.3161,
	1.99597 4.30923,
	1.99826 4.3161,
	2.00513 4.31152,
	2.00055 4.31839,
	2.00742 4.32068,
	2.00055 4.32297,
	2.00513 4.32984,
	1.99826 4.32526,
	1.99597 4.33214,
	1.99367 4.32526,
	1.9868 4.32984,
	"/>
<Contour name="Ax08B04ssvr50" hidden="false" closed="true" simplified="false" border="0.5 0 1" fill="0.5 0 1" mode="-9"
 points="1.93182 4.37796,
	1.92494 4.37566,
	1.93182 4.37337,
	1.92724 4.3665,
	1.93411 4.37108,
	1.9364 4.36421,
	1.93869 4.37108,
	1.94556 4.3665,
	1.94098 4.37337,
	1.94785 4.37566,
	1.94098 4.37796,
	1.94556 4.38483,
	1.93869 4.38025,
	1.9364 4.38712,
	1.93411 4.38025,
	1.92724 4.38483,
	"/>
<Contour name="Ax08B04ssvr51" hidden="false" closed="true" simplified="false" border="0.5 0 1" fill="0.5 0 1" mode="-9"
 points="1.93411 4.4421,
	1.92724 4.43981,
	1.93411 4.43752,
	1.92953 4.43065,
	1.9364 4.43523,
	1.93869 4.42836,
	1.94098 4.43523,
	1.94785 4.43065,
	1.94327 4.43752,
	1.95015 4.43981,
	1.94327 4.4421,
	1.94785 4.44898,
	1.94098 4.44439,
	1.93869 4.45127,
	1.9364 4.44439,
	1.92953 4.44898,
	"/>
<Contour name="Ax08B04ssvr52" hidden="false" closed="true" simplified="false" border="0.5 0 1" fill="0.5 0 1" mode="-9"
 points="1.89058 4.46272,
	1.88371 4.46043,
	1.89058 4.45814,
	1.886 4.45127,
	1.89287 4.45585,
	1.89516 4.44898,
	1.89745 4.45585,
	1.90433 4.45127,
	1.89974 4.45814,
	1.90662 4.46043,
	1.89974 4.46272,
	1.90433 4.4696,
	1.89745 4.46501,
	1.89516 4.47189,
	1.89287 4.46501,
	1.886 4.4696,
	"/>
<Contour name="Ax08B04ssvr53" hidden="false" closed="true" simplified="false" border="0.5 0 1" fill="0.5 0 1" mode="-9"
 points="1.87225 4.4169,
	1.86538 4.41461,
	1.87225 4.41232,
	1.86767 4.40545,
	1.87454 4.41003,
	1.87683 4.40316,
	1.87912 4.41003,
	1.886 4.40545,
	1.88142 4.41232,
	1.88829 4.41461,
	1.88142 4.4169,
	1.886 4.42378,
	1.87912 4.41919,
	1.87683 4.42607,
	1.87454 4.41919,
	1.86767 4.42378,
	"/>
<Contour name="Ax08B04ssvr54" hidden="false" closed="true" simplified="false" border="0.5 0 1" fill="0.5 0 1" mode="-9"
 points="1.80352 4.4421,
	1.79665 4.43981,
	1.80352 4.43752,
	1.79894 4.43065,
	1.80581 4.43523,
	1.8081 4.42836,
	1.81039 4.43523,
	1.81727 4.43065,
	1.81269 4.43752,
	1.81956 4.43981,
	1.81269 4.4421,
	1.81727 4.44898,
	1.81039 4.44439,
	1.8081 4.45127,
	1.80581 4.44439,
	1.79894 4.44898,
	"/>
<Contour name="Ax08B04ssvr55" hidden="false" closed="true" simplified="false" border="0.5 0 1" fill="0.5 0 1" mode="-9"
 points="1.82185 4.51083,
	1.81498 4.50854,
	1.82185 4.50625,
	1.81727 4.49938,
	1.82414 4.50396,
	1.82643 4.49709,
	1.82872 4.50396,
	1.8356 4.49938,
	1.83101 4.50625,
	1.83789 4.50854,
	1.83101 4.51083,
	1.8356 4.51771,
	1.82872 4.51312,
	1.82643 4.52,
	1.82414 4.51312,
	1.81727 4.51771,
	"/>
<Contour name="Ax08B04ssvr56" hidden="false" closed="true" simplified="false" border="0.5 0 1" fill="0.5 0 1" mode="-9"
 points="1.81498 4.57498,
	1.8081 4.57269,
	1.81498 4.5704,
	1.81039 4.56353,
	1.81727 4.56811,
	1.81956 4.56124,
	1.82185 4.56811,
	1.82872 4.56353,
	1.82414 4.5704,
	1.83101 4.57269,
	1.82414 4.57498,
	1.82872 4.58185,
	1.82185 4.57727,
	1.81956 4.58415,
	1.81727 4.57727,
	1.81039 4.58185,
	"/>
<Contour name="Ax08B04ssvr57" hidden="false" closed="true" simplified="false" border="0.5 0 1" fill="0.5 0 1" mode="-9"
 points="1.45529 4.68724,
	1.44842 4.68495,
	1.45529 4.68266,
	1.45071 4.67579,
	1.45758 4.68037,
	1.45987 4.67349,
	1.46216 4.68037,
	1.46903 4.67579,
	1.46445 4.68266,
	1.47133 4.68495,
	1.46445 4.68724,
	1.46903 4.69411,
	1.46216 4.68953,
	1.45987 4.6964,
	1.45758 4.68953,
	1.45071 4.69411,
	"/>
<Contour name="Ax08B04ssvr58" hidden="false" closed="true" simplified="false" border="0.5 0 1" fill="0.5 0 1" mode="-9"
 points="1.4026 4.77201,
	1.39572 4.76972,
	1.4026 4.76743,
	1.39801 4.76055,
	1.40489 4.76513,
	1.40718 4.75826,
	1.40947 4.76513,
	1.41634 4.76055,
	1.41176 4.76743,
	1.41863 4.76972,
	1.41176 4.77201,
	1.41634 4.77888,
	1.40947 4.7743,
	1.40718 4.78117,
	1.40489 4.7743,
	1.39801 4.77888,
	"/>
<Contour name="Ax08B04ssvr59" hidden="false" closed="true" simplified="false" border="0.5 0 1" fill="0.5 0 1" mode="-9"
 points="1.32012 4.78804,
	1.31325 4.78575,
	1.32012 4.78346,
	1.31554 4.77659,
	1.32241 4.78117,
	1.3247 4.7743,
	1.32699 4.78117,
	1.33387 4.77659,
	1.32928 4.78346,
	1.33616 4.78575,
	1.32928 4.78804,
	1.33387 4.79492,
	1.32699 4.79034,
	1.3247 4.79721,
	1.32241 4.79034,
	1.31554 4.79492,
	"/>
</Transform>

<Transform dim="1"
 xcoef=" 0.03 1 0 0 0 0"
 ycoef=" 0.129999999999999 0 1 0 0 0">
<Contour name="Brick Analysis" hidden="false" closed="false" simplified="true" border="1 0 0" fill="1 0 1" mode="9"
 points="2.44533 8.41885,
	2.44533 6.66885,
	2.44533 3.16885,
	5.94533 3.16885,
	5.94533 1.41885,
	"/>
<Contour name="Brick Analysis" hidden="false" closed="false" simplified="true" border="0 1 0" fill="1 0 1" mode="9"
 points="2.44533 6.66885,
	5.94533 6.66885,
	5.94533 3.16885,
	"/>
</Transform>

<Transform dim="0"
 xcoef=" 0 1 0 0 0 0"
 ycoef=" 0 0 1 0 0 0">
<Contour name="Brax01" hidden="false" closed="true" simplified="true" border="1 0.502 0" fill="1 0.501961 0" mode="-9"
 points="4.0877 4.25114,
	4.0877 4.24244,
	4.09639 4.23375,
	4.10508 4.23375,
	4.11378 4.24244,
	4.11378 4.25114,
	4.10508 4.25983,
	4.09639 4.25983,
	"/>
</Transform>

<Transform dim="0"
 xcoef=" 0 1 0 0 0 0"
 ycoef=" 0 0 1 0 0 0">
<Contour name="Brax02" hidden="false" closed="true" simplified="false" border="0.502 0 1" fill="0.5 0 1" mode="-9"
 points="5.45674 4.64663,
	5.4437 4.64229,
	5.45674 4.63794,
	5.44804 4.6249,
	5.46108 4.6336,
	5.46543 4.62056,
	5.46977 4.6336,
	5.48281 4.6249,
	5.47412 4.63794,
	5.48716 4.64229,
	5.47412 4.64663,
	5.48281 4.65967,
	5.46977 4.65098,
	5.46543 4.66402,
	5.46108 4.65098,
	5.44804 4.65967,
	"/>
</Transform>

<Transform dim="0"
 xcoef=" 0 1 0 0 0 0"
 ycoef=" 0 0 1 0 0 0">
<Contour name="Brax05" hidden="false" closed="true" simplified="false" border="1 1 0" fill="1 1 0" mode="-11"
 points="5.24472 3.71268,
	5.24472 3.65189,
	5.18393 3.65189,
	5.18393 3.70508,
	5.17633 3.71268,
	5.17633 3.64429,
	5.25232 3.64429,
	5.25232 3.72028,
	5.17633 3.72028,
	5.18393 3.71268,
	"/>
</Transform>

<Transform dim="0"
 xcoef=" 0 1 0 0 0 0"
 ycoef=" 0 0 1 0 0 0">
<Contour name="Brax06" hidden="false" closed="true" simplified="false" border="0 0 1" fill="0 0 1" mode="-9"
 points="4.01375 5.65031,
	3.98716 5.62372,
	4.01375 5.59712,
	4.04035 5.62372,
	"/>
</Transform>

<Transform dim="0"
 xcoef=" 0 1 0 0 0 0"
 ycoef=" 0 0 1 0 0 0">
<Contour name="Brax09" hidden="false" closed="true" simplified="false" border="0 1 0" fill="0 1 0" mode="-9"
 points="5.94379 5.88967,
	5.94379 5.85927,
	5.97418 5.85927,
	5.97418 5.82888,
	6.00458 5.82888,
	6.00458 5.85927,
	6.03497 5.85927,
	6.03497 5.88967,
	6.00458 5.88967,
	6.00458 5.92006,
	5.97418 5.92006,
	5.97418 5.88967,
	"/>
</Transform>

<Transform dim="0"
 xcoef=" 0 1 0 0 0 0"
 ycoef=" 0 0 1 0 0 0">
<Contour name="Brax11" hidden="false" closed="true" simplified="false" border="0 1 0.251" fill="0 1 0" mode="-9"
 points="5.3435 6.2468,
	5.3435 6.2392,
	5.3511 6.2316,
	5.3587 6.2316,
	5.3663 6.2392,
	5.3663 6.2468,
	5.3587 6.2544,
	5.3511 6.2544,
	"/>
</Transform>

<Transform dim="0"
 xcoef=" 0 1 0 0 0 0"
 ycoef=" 0 0 1 0 0 0">
<Contour name="Brax13" hidden="false" closed="true" simplified="false" border="1 0 0.5" fill="1 0 0.5" mode="-9"
 points="3.34128 6.17841,
	3.38687 6.17841,
	3.36408 6.22021,
	"/>
</Transform>

<Transform dim="0"
 xcoef=" 0 1 0 0 0 0"
 ycoef=" 0 0 1 0 0 0">
<Contour name="Brax15" hidden="false" closed="true" simplified="false" border="1 1 0" fill="1 1 0" mode="-13"
 points="4.40508 5.98085,
	4.40508 5.92006,
	4.34429 5.92006,
	4.34429 5.97325,
	4.33669 5.98085,
	4.33669 5.91246,
	4.41268 5.91246,
	4.41268 5.98845,
	4.33669 5.98845,
	4.34429 5.98085,
	"/>
</Transform>

<Transform dim="0"
 xcoef=" 0 1 0 0 0 0"
 ycoef=" 0 0 1 0 0 0">
<Contour name="Brax16" hidden="false" closed="true" simplified="false" border="0 0 1" fill="0 0 1" mode="-9"
 points="5.39289 5.43375,
	5.3663 5.40716,
	5.39289 5.38056,
	5.41949 5.40716,
	"/>
</Transform>

<Transform dim="0"
 xcoef=" 0 1 0 0 0 0"
 ycoef=" 0 0 1 0 0 0">
<Contour name="Brax17" hidden="false" closed="true" simplified="false" border="1 0 1" fill="1 0 1" mode="-9"
 points="3.64142 6.12522,
	3.64142 6.11003,
	3.65662 6.09483,
	3.67182 6.09483,
	3.68702 6.11003,
	3.68702 6.12522,
	3.67182 6.14042,
	3.65662 6.14042,
	"/>
</Transform>

<Transform dim="0"
 xcoef=" 0 1 0 0 0 0"
 ycoef=" 0 0 1 0 0 0">
<Contour name="Brax18" hidden="false" closed="true" simplified="false" border="1 0 0" fill="1 0 0" mode="-9"
 points="4.60264 4.91705,
	4.57985 4.91705,
	4.57985 4.92845,
	4.59124 4.93985,
	4.62544 4.95125,
	4.60264 4.96264,
	4.59124 4.98544,
	4.56845 4.96264,
	4.55705 4.93985,
	4.55705 4.91705,
	4.53425 4.91705,
	4.56845 4.89426,
	"/>
</Transform>

<Transform dim="0"
 xcoef=" 0 1 0 0 0 0"
 ycoef=" 0 0 1 0 0 0">
<Contour name="Brax19" hidden="false" closed="true" simplified="false" border="0 1 0" fill="0 1 0" mode="-9"
 points="5.04716 6.83189,
	5.04716 6.80149,
	5.07755 6.80149,
	5.07755 6.7711,
	5.10795 6.7711,
	5.10795 6.80149,
	5.13834 6.80149,
	5.13834 6.83189,
	5.10795 6.83189,
	5.10795 6.86228,
	5.07755 6.86228,
	5.07755 6.83189,
	"/>
</Transform>

<Transform dim="0"
 xcoef=" 0 1 0 0 0 0"
 ycoef=" 0 0 1 0 0 0">
<Contour name="Brax20" hidden="false" closed="true" simplified="false" border="0 1 1" fill="0 1 1" mode="-9"
 points="3.07913 6.35318,
	3.09433 6.33798,
	3.03354 6.27719,
	3.04874 6.262,
	3.10953 6.32279,
	3.12472 6.30759,
	3.12472 6.35318,
	"/>
</Transform>

<Transform dim="0"
 xcoef=" 0 1 0 0 0 0"
 ycoef=" 0 0 1 0 0 0">
<Contour name="Brax21" hidden="false" closed="true" simplified="false" border="1 0.502 0" fill="1 0.502 0" mode="-9"
 points="3.76917 3.3579,
	3.76917 3.35072,
	3.77635 3.34354,
	3.78352 3.34354,
	3.7907 3.35072,
	3.7907 3.3579,
	3.78352 3.36508,
	3.77635 3.36508,
	"/>
</Transform>

<Transform dim="0"
 xcoef=" 0 1 0 0 0 0"
 ycoef=" 0 0 1 0 0 0">
<Contour name="Brax22" hidden="false" closed="true" simplified="false" border="0.502 0 1" fill="0.5 0 1" mode="-9"
 points="6.29781 6.58152,
	6.28623 6.57766,
	6.29781 6.57381,
	6.29009 6.56223,
	6.30167 6.56995,
	6.30552 6.55837,
	6.30938 6.56995,
	6.32096 6.56223,
	6.31324 6.57381,
	6.32482 6.57766,
	6.31324 6.58152,
	6.32096 6.5931,
	6.30938 6.58538,
	6.30552 6.59696,
	6.30167 6.58538,
	6.29009 6.5931,
	"/>
</Transform>

<Transform dim="0"
 xcoef=" 0 1 0 0 0 0"
 ycoef=" 0 0 1 0 0 0">
<Contour name="Brax23" hidden="false" closed="true" simplified="false" border="1 0 0.502" fill="1 0 0.5" mode="-9"
 points="6.17817 4.25448,
	6.22448 4.25448,
	6.20133 4.29693,
	"/>
</Transform>

<Transform dim="0"
 xcoef=" 0 1 0 0 0 0"
 ycoef=" 0 0 1 0 0 0">
<Contour name="Brax24" hidden="false" closed="true" simplified="false" border="1 0 0" fill="1 0 0" mode="-9"
 points="4.61138 4.10784,
	4.63067 4.08082,
	4.61138 4.05381,
	4.62296 4.05381,
	4.63839 4.07697,
	4.65383 4.05381,
	4.66541 4.05381,
	4.64611 4.08082,
	4.66541 4.10784,
	4.65383 4.10784,
	4.63839 4.08468,
	4.62296 4.10784,
	"/>
</Transform>

<Transform dim="0"
 xcoef=" 0 1 0 0 0 0"
 ycoef=" 0 0 1 0 0 0">
<Contour name="Brax26" hidden="false" closed="true" simplified="false" border="0 0 1" fill="0 0 1" mode="-9"
 points="3.42663 6.81693,
	3.39962 6.78992,
	3.42663 6.7629,
	3.45365 6.78992,
	"/>
</Transform>

<Transform dim="0"
 xcoef=" 0 1 0 0 0 0"
 ycoef=" 0 0 1 0 0 0">
<Contour name="Brax27" hidden="false" closed="true" simplified="false" border="1 0 1" fill="1 0 1" mode="-9"
 points="3.07119 5.09094,
	3.07119 5.07924,
	3.08289 5.06754,
	3.09459 5.06754,
	3.10629 5.07924,
	3.10629 5.09094,
	3.09459 5.10264,
	3.08289 5.10264,
	"/>
</Transform>

<Transform dim="0"
 xcoef=" 0 1 0 0 0 0"
 ycoef=" 0 0 1 0 0 0">
<Contour name="Brax28" hidden="false" closed="true" simplified="false" border="1 0 0" fill="1 0 0" mode="-9"
 points="3.32567 4.56442,
	3.30812 4.56442,
	3.30812 4.5732,
	3.3169 4.58197,
	3.34322 4.59075,
	3.32567 4.59952,
	3.3169 4.61707,
	3.29935 4.59952,
	3.29057 4.58197,
	3.29057 4.56442,
	3.27302 4.56442,
	3.29935 4.54687,
	"/>
</Transform>

<Transform dim="0"
 xcoef=" 0 1 0 0 0 0"
 ycoef=" 0 0 1 0 0 0">
<Contour name="Brax29" hidden="false" closed="true" simplified="false" border="0 1 0" fill="0 1 0" mode="-9"
 points="6.07947 5.23775,
	6.07947 5.20126,
	6.11596 5.20126,
	6.11596 5.16477,
	6.15245 5.16477,
	6.15245 5.20126,
	6.18894 5.20126,
	6.18894 5.23775,
	6.15245 5.23775,
	6.15245 5.27424,
	6.11596 5.27424,
	6.11596 5.23775,
	"/>
</Transform>

<Transform dim="0"
 xcoef=" 0 1 0 0 0 0"
 ycoef=" 0 0 1 0 0 0">
<Contour name="Brax30" hidden="false" closed="true" simplified="false" border="0 1 1" fill="0 1 1" mode="-9"
 points="2.80463 5.97539,
	2.81945 5.96058,
	2.76017 5.9013,
	2.77499 5.88648,
	2.83427 5.94576,
	2.84909 5.93094,
	2.84909 5.97539,
	"/>
</Transform>

<Transform dim="0"
 xcoef=" 0 1 0 0 0 0"
 ycoef=" 0 0 1 0 0 0">
<Contour name="Brax34" hidden="false" closed="true" simplified="false" border="1 0 0" fill="1 0 0" mode="-13"
 points="5.6733 6.48894,
	5.69536 6.45806,
	5.6733 6.42719,
	5.68654 6.42719,
	5.70418 6.45365,
	5.72182 6.42719,
	5.73505 6.42719,
	5.713 6.45806,
	5.73505 6.48894,
	5.72182 6.48894,
	5.70418 6.46247,
	5.68654 6.48894,
	"/>
</Transform>

<Transform dim="0"
 xcoef=" 0 1 0 0 0 0"
 ycoef=" 0 0 1 0 0 0">
<Contour name="Brax40" hidden="false" closed="true" simplified="false" border="0 1 1" fill="0 1 1" mode="-9"
 points="6.63035 5.43045,
	6.64799 5.41281,
	6.57743 5.34224,
	6.59507 5.3246,
	6.66563 5.39517,
	6.68328 5.37753,
	6.68328 5.43045,
	"/>
</Transform>

<Transform dim="0"
 xcoef=" 0 1 0 0 0 0"
 ycoef=" 0 0 1 0 0 0">
<Contour name="d06p03" hidden="false" closed="true" simplified="false" border="1 0 0.502" fill="1 0 0.5" mode="-9"
 points="3.80144 1.65282,
	3.84006 1.65282,
	3.82075 1.68822,
	"/>
</Transform>

<Transform dim="0"
 xcoef=" 0 1 0 0 0 0"
 ycoef=" 0 0 1 0 0 0">
<Contour name="d06c03" hidden="false" closed="true" simplified="true" border="0 1 0" fill="0 1 0" mode="-9"
 points="3.81957 1.4439,
	3.8338 1.43501,
	3.84091 1.43323,
	3.84447 1.43323,
	3.85514 1.46168,
	3.86047 1.46524,
	3.86047 1.46879,
	3.86403 1.47235,
	3.86936 1.48658,
	3.90315 1.5417,
	3.94405 1.59682,
	3.94938 1.60394,
	3.95116 1.61105,
	3.97072 1.63772,
	3.97605 1.65195,
	3.97961 1.65906,
	3.98317 1.66262,
	4.00451 1.71952,
	4.01695 1.74797,
	4.01873 1.7622,
	4.02762 1.79065,
	4.0294 1.8191,
	4.02584 1.83332,
	4.02407 1.84044,
	4.02051 1.84221,
	4.01695 1.85644,
	4.01162 1.86178,
	4.00451 1.86178,
	3.99028 1.85288,
	3.97961 1.84044,
	3.97428 1.81199,
	3.96539 1.78353,
	3.96183 1.76931,
	3.96183 1.7622,
	3.95827 1.75508,
	3.95827 1.74797,
	3.95116 1.73908,
	3.94049 1.71063,
	3.93516 1.70352,
	3.92982 1.67506,
	3.92627 1.66084,
	3.92449 1.65373,
	3.91915 1.64661,
	3.91737 1.63239,
	3.91204 1.62527,
	3.91026 1.61816,
	3.86936 1.56659,
	3.8498 1.53992,
	3.84091 1.5257,
	3.83913 1.51147,
	3.83736 1.50436,
	3.8338 1.5008,
	3.83202 1.49369,
	3.82669 1.48658,
	3.82669 1.48302,
	3.82135 1.47591,
	3.81957 1.44745,
	3.81957 1.44568,
	"/>
<Contour name="d06cfa03" hidden="false" closed="false" simplified="false" border="0 1 1" fill="0 1 1" mode="-9"
 points="4.01171 1.8569,
	3.98504 1.77155,
	3.95836 1.68086,
	3.91569 1.59551,
	3.86234 1.51549,
	3.83922 1.43725,
	"/>
</Transform>

<Transform dim="0"
 xcoef=" 0 1 0 0 0 0"
 ycoef=" 0 0 1 0 0 0">
<Contour name="d09" hidden="false" closed="true" simplified="true" border="0 1 0" fill="0 1 0" mode="11"
 points="2.16013 4.36733,
	2.16954 4.30707,
	2.17519 4.292,
	2.17519 4.28447,
	2.18649 4.25434,
	2.19214 4.23927,
	2.19779 4.23362,
	2.19779 4.22985,
	2.21097 4.21667,
	2.21474 4.21102,
	2.22227 4.20349,
	2.22604 4.19784,
	2.25617 4.17335,
	2.28631 4.16959,
	2.31644 4.16959,
	2.3315 4.17147,
	2.35975 4.18465,
	2.36729 4.18654,
	2.37105 4.18654,
	2.37859 4.19219,
	2.38612 4.19407,
	2.38989 4.19407,
	2.39365 4.19784,
	2.40119 4.19972,
	2.4106 4.2129,
	2.42378 4.22609,
	2.42943 4.22985,
	2.44262 4.24492,
	2.4558 4.27317,
	2.46333 4.28635,
	2.46333 4.29012,
	2.48217 4.31648,
	2.48782 4.32402,
	2.48593 4.35415,
	2.48593 4.36922,
	2.48217 4.37675,
	2.45203 4.38993,
	2.4219 4.39935,
	2.40684 4.405,
	2.40307 4.405,
	2.3993 4.40876,
	2.38424 4.41253,
	2.38235 4.4163,
	2.36729 4.42195,
	2.33715 4.42383,
	2.32209 4.42383,
	2.3089 4.43513,
	2.30137 4.4502,
	2.28631 4.45961,
	2.25617 4.4615,
	2.24111 4.45208,
	2.23357 4.44831,
	2.20344 4.44266,
	2.19591 4.44078,
	2.19026 4.43513,
	2.18272 4.43325,
	2.16201 4.40876,
	2.16013 4.37863,
	2.16013 4.3711,
	2.16013 4.36922,
	"/>
<Contour name="d09" hidden="false" closed="true" simplified="true" border="0 1 0" fill="0 1 0" mode="11"
 points="2.57445 4.14887,
	2.57633 4.14134,
	2.57633 4.13757,
	2.5801 4.13381,
	2.58386 4.11874,
	2.58386 4.08861,
	2.58575 4.08107,
	2.59705 4.06789,
	2.6253 4.04717,
	2.63283 4.04152,
	2.64036 4.03964,
	2.64413 4.03587,
	2.6592 4.03587,
	2.68933 4.04341,
	2.69686 4.04529,
	2.70063 4.04529,
	2.70439 4.04906,
	2.73453 4.05471,
	2.74959 4.05659,
	2.75713 4.05847,
	2.76089 4.06224,
	2.76843 4.06412,
	2.78349 4.07731,
	2.79856 4.07919,
	2.80232 4.07542,
	2.83057 4.06412,
	2.86071 4.06036,
	2.89084 4.06036,
	2.90591 4.06036,
	2.92097 4.05659,
	2.9511 4.04152,
	2.96617 4.03587,
	2.9737 4.03587,
	2.98877 4.04529,
	3.0189 4.05094,
	3.02644 4.05659,
	3.05657 4.06789,
	3.06975 4.07919,
	3.08293 4.09426,
	3.09612 4.12439,
	3.1093 4.13757,
	3.11683 4.14511,
	3.1206 4.14887,
	3.1206 4.16394,
	3.11872 4.17147,
	3.11872 4.17524,
	3.10742 4.1903,
	3.10177 4.20537,
	3.10177 4.2129,
	3.1319 4.2242,
	3.19216 4.22985,
	3.20723 4.23362,
	3.2223 4.24304,
	3.2336 4.25434,
	3.24678 4.28258,
	3.25243 4.29765,
	3.25243 4.30518,
	3.2562 4.30895,
	3.2562 4.36922,
	3.25431 4.38428,
	3.24866 4.39935,
	3.24678 4.40688,
	3.24113 4.41441,
	3.22606 4.42383,
	3.19593 4.43701,
	3.18275 4.44643,
	3.1771 4.4502,
	3.16203 4.46338,
	3.15262 4.47845,
	3.12813 4.49916,
	3.11307 4.5067,
	3.10553 4.5067,
	3.09047 4.51423,
	3.0754 4.52553,
	3.04527 4.53118,
	3.0302 4.53306,
	3.02644 4.53683,
	3.0189 4.53871,
	3.00572 4.54813,
	2.97559 4.54624,
	2.96052 4.54059,
	2.93039 4.53871,
	2.91532 4.53494,
	2.90779 4.53306,
	2.89461 4.52364,
	2.88519 4.51046,
	2.87954 4.50481,
	2.87766 4.49728,
	2.87389 4.4954,
	2.86824 4.48033,
	2.85506 4.46526,
	2.84564 4.45208,
	2.83811 4.44831,
	2.83434 4.44831,
	2.81927 4.43513,
	2.81362 4.42948,
	2.80986 4.42948,
	2.78161 4.40876,
	2.76654 4.39935,
	2.75901 4.39746,
	2.73264 4.3711,
	2.71946 4.34285,
	2.71193 4.31272,
	2.69874 4.28447,
	2.69498 4.2807,
	2.69498 4.27693,
	2.66484 4.2581,
	2.65731 4.25622,
	2.6366 4.22797,
	2.62341 4.2129,
	2.59516 4.1903,
	2.58763 4.18842,
	2.57445 4.17524,
	2.57445 4.16017,
	2.57445 4.15264,
	2.57445 4.15075,
	"/>
</Transform>

<Transform dim="0"
 xcoef=" 0 1 0 0 0 0"
 ycoef=" 0 0 1 0 0 0">
<Contour name="d09" hidden="false" closed="true" simplified="true" border="0 1 0" fill="0 1 0" mode="11"
 points="2.33715 4.69314,
	2.34657 4.66301,
	2.35599 4.64982,
	2.35787 4.64229,
	2.36917 4.62911,
	2.37294 4.62911,
	2.38612 4.61969,
	2.40119 4.61404,
	2.40872 4.61216,
	2.41249 4.61028,
	2.42567 4.62346,
	2.4332 4.63853,
	2.4558 4.66677,
	2.46333 4.68184,
	2.46333 4.71197,
	2.46145 4.71951,
	2.43508 4.74399,
	2.42378 4.75529,
	2.40872 4.76471,
	2.40495 4.76847,
	2.38989 4.76847,
	2.37482 4.76094,
	2.36917 4.75529,
	2.3654 4.75529,
	2.3428 4.72704,
	2.3428 4.72327,
	2.33904 4.72139,
	2.33715 4.70632,
	2.33715 4.69879,
	2.33715 4.69502,
	"/>
</Transform>

<Transform dim="0"
 xcoef=" 0 1 0 0 0 0"
 ycoef=" 0 0 1 0 0 0">
<Contour name="d09c01b" hidden="false" closed="true" simplified="true" border="0 1 0" fill="0 1 0" mode="-9"
 points="2.1433 4.34001,
	2.14998 4.31865,
	2.15265 4.3133,
	2.15398 4.30262,
	2.15665 4.30129,
	2.166 4.27992,
	2.17268 4.25855,
	2.17535 4.25588,
	2.17935 4.2452,
	2.18202 4.23986,
	2.18202 4.23719,
	2.1847 4.23585,
	2.1887 4.22517,
	2.20339 4.20647,
	2.2074 4.20247,
	2.21007 4.20247,
	2.21808 4.19312,
	2.22342 4.18778,
	2.24345 4.17442,
	2.2528 4.16775,
	2.25814 4.16508,
	2.26348 4.16508,
	2.26882 4.17042,
	2.26882 4.17309,
	2.27283 4.17843,
	2.27417 4.18377,
	2.26615 4.19446,
	2.26081 4.19846,
	2.25814 4.19846,
	2.24879 4.20781,
	2.24345 4.21182,
	2.24078 4.21582,
	2.23544 4.21983,
	2.22876 4.23051,
	2.22609 4.23318,
	2.22609 4.23585,
	2.22209 4.24119,
	2.22075 4.24654,
	2.21674 4.25188,
	2.21541 4.25722,
	2.20873 4.2679,
	2.19137 4.31063,
	2.18737 4.32132,
	2.18603 4.332,
	2.18603 4.33734,
	2.18336 4.34001,
	2.18336 4.34535,
	2.17935 4.35604,
	2.17268 4.36672,
	2.16199 4.37473,
	2.15131 4.37473,
	2.14864 4.37473,
	2.14463 4.36939,
	2.1433 4.34802,
	2.1433 4.34268,
	2.1433 4.34135,
	"/>
<Contour name="d09cfa01b" hidden="false" closed="false" simplified="false" border="0 1 1" fill="0 1 1" mode="-9"
 points="2.15549 4.36981,
	2.16884 4.30438,
	2.19288 4.25096,
	2.22493 4.20289,
	2.26499 4.17084,
	"/>
</Transform>

<Transform dim="6"
 xcoef=" 0.258786763171611 0.996959146353569 -0.00757035115169609 0 0 0"
 ycoef=" -0.433822549413424 0.0159260415257025 1.04834510568625 0 0 0">
<Image mag="0.0021709" contrast="0.922" brightness="0.03" red="true" green="true" blue="true"
 src="JPTZX.91.jpg" />
<Contour name="domain1" hidden="false" closed="true" simplified="false" border="1 0 1" fill="1 0 1" mode="11"
 points="0 0,
	4083 0,
	4083 4083,
	0 4083,
	"/>
</Transform>

<Transform dim="0"
 xcoef=" 0 1 0 0 0 0"
 ycoef=" 0 0 1 0 0 0">
<Contour name="d06ax07" hidden="false" closed="true" simplified="true" border="0 1 1" fill="0 1 1" mode="-11"
 points="2.06528 3.92907,
	2.06948 3.92068,
	2.06948 3.91648,
	2.07368 3.91438,
	2.07368 3.91018,
	2.07997 3.90179,
	2.08417 3.89969,
	2.08627 3.8829,
	2.08627 3.8787,
	2.09047 3.8745,
	2.09047 3.8703,
	2.10726 3.85561,
	2.12195 3.84512,
	2.13874 3.83882,
	2.15553 3.83882,
	2.16393 3.83882,
	2.19121 3.80944,
	2.2248 3.79475,
	2.22899 3.79475,
	2.23319 3.79055,
	2.26677 3.78845,
	2.28356 3.78845,
	2.30035 3.79894,
	2.31085 3.81364,
	2.31295 3.84722,
	2.32344 3.8808,
	2.32554 3.89759,
	2.33184 3.91438,
	2.33394 3.92278,
	2.34023 3.93117,
	2.34023 3.94796,
	2.34023 3.95636,
	2.33184 3.97315,
	2.31924 3.98784,
	2.31085 3.99414,
	2.30665 3.99834,
	2.30245 3.99834,
	2.29616 4.00673,
	2.29406 4.01513,
	2.28776 4.02142,
	2.25418 4.02352,
	2.23739 4.02982,
	2.2227 4.04031,
	2.2185 4.04451,
	2.18492 4.04451,
	2.16813 4.04031,
	2.13664 4.01513,
	2.12825 4.00883,
	2.11985 4.00673,
	2.10306 3.99624,
	2.07997 3.96475,
	2.07158 3.95636,
	2.06528 3.94167,
	2.06528 3.93327,
	2.06528 3.93117,
	"/>
</Transform>

<Transform dim="0"
 xcoef=" 0 1 0 0 0 0"
 ycoef=" 0 0 1 0 0 0">
<Contour name="d06ax07" hidden="false" closed="true" simplified="true" border="0 1 1" fill="0 1 1" mode="-11"
 points="2.66365 2.70752,
	2.67414 2.69073,
	2.69093 2.67393,
	2.70772 2.66344,
	2.74131 2.65505,
	2.7581 2.65295,
	2.76649 2.65085,
	2.77069 2.64875,
	2.78328 2.65085,
	2.81477 2.66554,
	2.82106 2.68023,
	2.82106 2.71381,
	2.82106 2.7306,
	2.81687 2.739,
	2.78328 2.77048,
	2.76649 2.77888,
	2.73291 2.78098,
	2.71612 2.77888,
	2.69933 2.77258,
	2.68254 2.76209,
	2.66365 2.7306,
	2.66365 2.71381,
	2.66365 2.70962,
	"/>
</Transform>

<Transform dim="0"
 xcoef=" 0 1 0 0 0 0"
 ycoef=" 0 0 1 0 0 0">
<Contour name="d06ax07" hidden="false" closed="true" simplified="true" border="0 1 1" fill="0 1 1" mode="-11"
 points="2.13874 2.208,
	2.14504 2.19121,
	2.15553 2.17442,
	2.17022 2.15973,
	2.18492 2.14924,
	2.19331 2.14294,
	2.26048 2.13035,
	2.29406 2.12405,
	2.30245 2.12405,
	2.33604 2.10936,
	2.34443 2.10516,
	2.35283 2.10516,
	2.38641 2.09257,
	2.45357 2.09257,
	2.48715 2.09467,
	2.50394 2.09886,
	2.53753 2.09886,
	2.55432 2.09676,
	2.5879 2.08627,
	2.60469 2.07997,
	2.67185 2.08207,
	2.70544 2.08417,
	2.72223 2.08207,
	2.73062 2.07997,
	2.7621 2.05689,
	2.7705 2.05269,
	2.7726 2.04849,
	2.7768 2.04849,
	2.79359 2.038,
	2.80198 2.0359,
	2.80618 2.0317,
	2.83976 2.02121,
	2.84816 2.02121,
	2.86495 2.01071,
	2.88804 1.98343,
	2.90273 1.96664,
	2.93421 1.94145,
	2.9489 1.92886,
	2.9573 1.92466,
	2.97409 1.90997,
	3.00767 1.90157,
	3.04125 1.89737,
	3.10842 1.88268,
	3.17558 1.88268,
	3.20916 1.88688,
	3.21756 1.89108,
	3.25114 1.89737,
	3.28472 1.90787,
	3.29312 1.91206,
	3.29731 1.91206,
	3.31411 1.92256,
	3.3225 1.92886,
	3.35608 1.93725,
	3.37287 1.94355,
	3.38966 1.94565,
	3.39806 1.94565,
	3.40646 1.94984,
	3.44004 1.95404,
	3.45683 1.95614,
	3.46103 1.96034,
	3.46942 1.96244,
	3.47782 1.96873,
	3.48201 1.96873,
	3.48621 1.97293,
	3.49041 1.97293,
	3.49251 1.97713,
	3.5093 1.98133,
	3.52609 1.99182,
	3.53449 1.99602,
	3.53659 2.0296,
	3.53239 2.04639,
	3.52609 2.05479,
	3.5093 2.06318,
	3.5051 2.06738,
	3.47152 2.07158,
	3.43794 2.07158,
	3.40436 2.07787,
	3.38757 2.07997,
	3.38337 2.08417,
	3.36658 2.08837,
	3.35818 2.09467,
	3.34979 2.09676,
	3.28262 2.13664,
	3.27842 2.14084,
	3.27423 2.14084,
	3.27003 2.14504,
	3.23645 2.15553,
	3.20287 2.15973,
	3.16928 2.15973,
	3.10212 2.17022,
	3.06854 2.18702,
	3.05175 2.19331,
	3.04755 2.19331,
	3.04335 2.19751,
	3.00977 2.19541,
	3.00557 2.19121,
	2.97199 2.18492,
	2.93841 2.19541,
	2.92582 2.2101,
	2.89433 2.23109,
	2.86075 2.24788,
	2.82717 2.26048,
	2.79359 2.26677,
	2.7768 2.26887,
	2.76001 2.27517,
	2.72642 2.29406,
	2.70963 2.30245,
	2.67605 2.31085,
	2.64247 2.32764,
	2.62568 2.33604,
	2.60889 2.34023,
	2.60469 2.34443,
	2.59629 2.34653,
	2.5879 2.35283,
	2.5837 2.35702,
	2.5795 2.35702,
	2.56271 2.36752,
	2.55851 2.37172,
	2.55432 2.37172,
	2.55012 2.37591,
	2.54592 2.37591,
	2.54172 2.38011,
	2.50814 2.38641,
	2.44098 2.38851,
	2.4074 2.38221,
	2.37381 2.37172,
	2.34023 2.36752,
	2.30665 2.37591,
	2.28986 2.38011,
	2.25628 2.38011,
	2.23949 2.38011,
	2.23109 2.37591,
	2.22689 2.37172,
	2.2185 2.36962,
	2.20171 2.35912,
	2.19121 2.35073,
	2.18702 2.35073,
	2.15763 2.32554,
	2.15134 2.31715,
	2.14714 2.31295,
	2.13874 2.24578,
	2.13874 2.2122,
	2.13874 2.2101,
	"/>
</Transform>

<Transform dim="0"
 xcoef=" 0 1 0 0 0 0"
 ycoef=" 0 0 1 0 0 0">
<Contour name="d06ax04" hidden="false" closed="true" simplified="true" border="0 1 1" fill="0 1 1" mode="-11"
 points="2.33379 0.736916,
	2.33785 0.726099,
	2.34326 0.722043,
	2.36489 0.71393,
	2.38653 0.708521,
	2.40816 0.705817,
	2.45143 0.705817,
	2.47306 0.705817,
	2.48388 0.708521,
	2.48929 0.708521,
	2.51092 0.717986,
	2.52174 0.727451,
	2.52715 0.738268,
	2.52985 0.743677,
	2.52985 0.746381,
	2.53661 0.757198,
	2.54473 0.778833,
	2.55284 0.822101,
	2.55419 0.832918,
	2.57312 0.876187,
	2.58259 0.897821,
	2.58935 0.919455,
	2.59205 0.930272,
	2.59205 0.941089,
	2.588 0.951907,
	2.57853 0.958667,
	2.57312 0.961371,
	2.55149 0.960019,
	2.54067 0.957315,
	2.51904 0.945146,
	2.4974 0.926216,
	2.48659 0.916751,
	2.47577 0.90999,
	2.47036 0.904582,
	2.45954 0.897821,
	2.43791 0.880243,
	2.41627 0.858609,
	2.40816 0.847792,
	2.39464 0.804523,
	2.38788 0.793706,
	2.34596 0.763959,
	2.3365 0.754494,
	2.33379 0.749086,
	2.33379 0.738268,
	"/>
<Contour name="d06ax04" hidden="false" closed="true" simplified="true" border="0 1 1" fill="0 1 1" mode="-11"
 points="2.80028 1.05737,
	2.80975 1.04656,
	2.8138 1.04115,
	2.82462 1.03574,
	2.84625 1.03033,
	2.88952 1.02763,
	2.89493 1.02763,
	2.90575 1.02222,
	2.92603 1.00194,
	2.93685 0.991119,
	2.94631 0.983006,
	2.94902 0.980301,
	2.95983 0.976245,
	2.98147 0.974893,
	3.02474 0.983006,
	3.06801 0.995175,
	3.07882 0.995175,
	3.10046 1.00194,
	3.11127 1.00599,
	3.12209 1.0141,
	3.1275 1.01816,
	3.13291 1.02898,
	3.13291 1.0398,
	3.13291 1.0452,
	3.1302 1.05061,
	3.11939 1.05873,
	3.07612 1.06684,
	3.03285 1.08712,
	3.02744 1.09118,
	3.00581 1.10064,
	2.96254 1.11281,
	2.9409 1.11416,
	2.85437 1.09929,
	2.83273 1.09523,
	2.8111 1.08577,
	2.80569 1.08036,
	2.80299 1.07495,
	2.80028 1.07225,
	2.80028 1.06143,
	2.80028 1.05873,
	"/>
</Transform>

<Transform dim="0"
 xcoef=" 0 1 0 0 0 0"
 ycoef=" 0 0 1 0 0 0">
<Contour name="d09cfa02" hidden="false" closed="false" simplified="false" border="0 1 1" fill="0 1 1" mode="-9"
 points="2.34602 4.73187,
	2.3405 4.70705,
	2.3405 4.68637,
	2.34877 4.6588,
	"/>
<Contour name="d09ax02" hidden="false" closed="true" simplified="true" border="0 1 1" fill="0 1 1" mode="-11"
 points="1.78923 4.83076,
	1.7926 4.81729,
	1.8027 4.80383,
	1.82963 4.77858,
	1.85656 4.75838,
	1.87003 4.74997,
	1.89527 4.7264,
	1.91379 4.69947,
	1.92052 4.68601,
	1.9222 4.67927,
	1.93062 4.66581,
	1.94072 4.63888,
	1.94914 4.62541,
	1.96092 4.61194,
	1.97438 4.60185,
	2.02825 4.57828,
	2.08211 4.55977,
	2.09557 4.55472,
	2.10231 4.55303,
	2.10904 4.54798,
	2.11577 4.5463,
	2.12924 4.53788,
	2.1831 4.51937,
	2.21003 4.51432,
	2.26389 4.51264,
	2.27736 4.51432,
	2.30429 4.52442,
	2.31775 4.53283,
	2.34469 4.55472,
	2.35647 4.56482,
	2.3632 4.57155,
	2.36993 4.58501,
	2.37162 4.59848,
	2.37162 4.60521,
	2.36657 4.61868,
	2.36152 4.64561,
	2.35983 4.69947,
	2.35479 4.75333,
	2.35142 4.7668,
	2.34974 4.79373,
	2.34974 4.7971,
	2.34469 4.80383,
	2.34132 4.81729,
	2.3329 4.83076,
	2.32785 4.84423,
	2.31271 4.87116,
	2.30429 4.89809,
	2.30092 4.91155,
	2.29756 4.91829,
	2.28914 4.97215,
	2.28577 4.99908,
	2.28577 5.02601,
	2.28914 5.05294,
	2.28914 5.07987,
	2.28577 5.1068,
	2.28241 5.12027,
	2.28072 5.127,
	2.27231 5.14047,
	2.27231 5.14383,
	2.24706 5.1674,
	2.22013 5.18255,
	2.1932 5.19096,
	2.16627 5.19433,
	2.13934 5.19433,
	2.11241 5.18928,
	2.09894 5.18423,
	2.08547 5.17581,
	2.06023 5.15225,
	2.04171 5.12532,
	2.01983 5.07146,
	2.01141 5.05799,
	1.98785 5.03443,
	1.96092 5.01086,
	1.95082 5.00076,
	1.94072 4.9873,
	1.93399 4.96037,
	1.92894 4.9469,
	1.91547 4.93512,
	1.90874 4.92838,
	1.88181 4.91492,
	1.85488 4.90819,
	1.84141 4.90482,
	1.83468 4.90145,
	1.81111 4.87621,
	1.80775 4.86947,
	1.79597 4.85601,
	1.79092 4.84927,
	1.78923 4.83581,
	1.78923 4.83244,
	"/>
</Transform>

<Transform dim="0"
 xcoef=" 0 1 0 0 0 0"
 ycoef=" 0 0 1 0 0 0">
<Contour name="d09ax02ssvr" hidden="false" closed="true" simplified="false" border="0 1 0" fill="0 1 0" mode="11"
 points="2.17237 4.6693,
	2.16206 4.65899,
	2.17237 4.64868,
	2.18268 4.65899,
	"/>
<Contour name="d09ax02ssvr" hidden="false" closed="true" simplified="false" border="0 1 0" fill="0 1 0" mode="11"
 points="2.13114 4.6369,
	2.12084 4.6266,
	2.13114 4.61629,
	2.14145 4.6266,
	"/>
<Contour name="d09ax02ssvr" hidden="false" closed="true" simplified="false" border="0 1 0" fill="0 1 0" mode="11"
 points="2.11642 4.68549,
	2.10611 4.67519,
	2.11642 4.66488,
	2.12673 4.67519,
	"/>
<Contour name="d09ax02ssvr" hidden="false" closed="true" simplified="false" border="0 1 0" fill="0 1 0" mode="11"
 points="2.06047 4.66635,
	2.05016 4.65604,
	2.06047 4.64574,
	2.07078 4.65604,
	"/>
<Contour name="d09ax02ssvr" hidden="false" closed="true" simplified="false" border="0 1 0" fill="0 1 0" mode="11"
 points="2.04133 4.70611,
	2.03102 4.6958,
	2.04133 4.68549,
	2.05164 4.6958,
	"/>
<Contour name="d09ax02ssvr" hidden="false" closed="true" simplified="false" border="0 1 0" fill="0 1 0" mode="11"
 points="2.00157 4.6796,
	1.99127 4.6693,
	2.00157 4.65899,
	2.01188 4.6693,
	"/>
<Contour name="d09ax02ssvr" hidden="false" closed="true" simplified="false" border="0 1 0" fill="0 1 0" mode="11"
 points="1.95593 4.70611,
	1.94562 4.6958,
	1.95593 4.68549,
	1.96624 4.6958,
	"/>
<Contour name="d09ax02ssvr" hidden="false" closed="true" simplified="false" border="0 1 0" fill="0 1 0" mode="11"
 points="1.99274 4.73114,
	1.98243 4.72083,
	1.99274 4.71052,
	2.00305 4.72083,
	"/>
<Contour name="d09ax02ssvr" hidden="false" closed="true" simplified="false" border="0 1 0" fill="0 1 0" mode="11"
 points="2.00599 4.77825,
	1.99569 4.76794,
	2.00599 4.75764,
	2.0163 4.76794,
	"/>
<Contour name="d09ax02ssvr" hidden="false" closed="true" simplified="false" border="0 1 0" fill="0 1 0" mode="11"
 points="2.059 4.79298,
	2.04869 4.78267,
	2.059 4.77236,
	2.0693 4.78267,
	"/>
<Contour name="d09ax02ssvr" hidden="false" closed="true" simplified="false" border="0 1 0" fill="0 1 0" mode="11"
 points="2.07225 4.73261,
	2.06194 4.7223,
	2.07225 4.71199,
	2.08256 4.7223,
	"/>
<Contour name="d09ax02ssvr" hidden="false" closed="true" simplified="false" border="0 1 0" fill="0 1 0" mode="11"
 points="2.12231 4.80181,
	2.112 4.7915,
	2.12231 4.7812,
	2.13262 4.7915,
	"/>
<Contour name="d09ax02ssvr" hidden="false" closed="true" simplified="false" border="0 1 0" fill="0 1 0" mode="11"
 points="2.10464 4.77383,
	2.09433 4.76353,
	2.10464 4.75322,
	2.11495 4.76353,
	"/>
<Contour name="d09ax02ssvr" hidden="false" closed="true" simplified="false" border="0 1 0" fill="0 1 0" mode="11"
 points="2.13262 4.72672,
	2.12231 4.71641,
	2.13262 4.70611,
	2.14292 4.71641,
	"/>
<Contour name="d09ax02ssvr" hidden="false" closed="true" simplified="false" border="0 1 0" fill="0 1 0" mode="11"
 points="2.16501 4.77236,
	2.1547 4.76206,
	2.16501 4.75175,
	2.17532 4.76206,
	"/>
<Contour name="d09ax02ssvr" hidden="false" closed="true" simplified="false" border="0 1 0" fill="0 1 0" mode="11"
 points="2.20476 4.78414,
	2.19446 4.77383,
	2.20476 4.76353,
	2.21507 4.77383,
	"/>
<Contour name="d09ax02ssvr" hidden="false" closed="true" simplified="false" border="0 1 0" fill="0 1 0" mode="11"
 points="2.18268 4.75322,
	2.17237 4.74291,
	2.18268 4.73261,
	2.19298 4.74291,
	"/>
<Contour name="d09ax02ssvr" hidden="false" closed="true" simplified="false" border="0 1 0" fill="0 1 0" mode="11"
 points="2.16501 4.71494,
	2.1547 4.70463,
	2.16501 4.69433,
	2.17532 4.70463,
	"/>
<Contour name="d09ax02ssvr" hidden="false" closed="true" simplified="false" border="0 1 0" fill="0 1 0" mode="11"
 points="2.21065 4.72377,
	2.20035 4.71347,
	2.21065 4.70316,
	2.22096 4.71347,
	"/>
<Contour name="d09ax02ssvr" hidden="false" closed="true" simplified="false" border="0 1 0" fill="0 1 0" mode="11"
 points="2.22832 4.75028,
	2.21801 4.73997,
	2.22832 4.72966,
	2.23863 4.73997,
	"/>
<Contour name="d09ax02ssvr" hidden="false" closed="true" simplified="false" border="0 1 0" fill="0 1 0" mode="11"
 points="2.27691 4.75911,
	2.2666 4.7488,
	2.27691 4.7385,
	2.28722 4.7488,
	"/>
<Contour name="d09ax02ssvr" hidden="false" closed="true" simplified="false" border="0 1 0" fill="0 1 0" mode="11"
 points="2.26219 4.79886,
	2.25188 4.78856,
	2.26219 4.77825,
	2.27249 4.78856,
	"/>
<Contour name="d09ax02ssvr" hidden="false" closed="true" simplified="false" border="0 1 0" fill="0 1 0" mode="11"
 points="2.24157 4.71052,
	2.23127 4.70022,
	2.24157 4.68991,
	2.25188 4.70022,
	"/>
<Contour name="d09ax02ssvr" hidden="false" closed="true" simplified="false" border="0 1 0" fill="0 1 0" mode="11"
 points="2.28427 4.69285,
	2.27396 4.68255,
	2.28427 4.67224,
	2.29458 4.68255,
	"/>
<Contour name="d09ax02ssvr" hidden="false" closed="true" simplified="false" border="0 1 0" fill="0 1 0" mode="11"
 points="2.29605 4.72083,
	2.28574 4.71052,
	2.29605 4.70022,
	2.30636 4.71052,
	"/>
<Contour name="d09ax02ssvr" hidden="false" closed="true" simplified="false" border="0 1 0" fill="0 1 0" mode="11"
 points="2.23568 4.64574,
	2.22538 4.63543,
	2.23568 4.62512,
	2.24599 4.63543,
	"/>
<Contour name="d09ax02ssvr" hidden="false" closed="true" simplified="false" border="0 1 0" fill="0 1 0" mode="11"
 points="2.22538 4.67519,
	2.21507 4.66488,
	2.22538 4.65457,
	2.23568 4.66488,
	"/>
<Contour name="d09ax02ssvr" hidden="false" closed="true" simplified="false" border="0 1 0" fill="0 1 0" mode="11"
 points="2.21507 4.62512,
	2.20476 4.61482,
	2.21507 4.60451,
	2.22538 4.61482,
	"/>
<Contour name="d09ax02ssvr" hidden="false" closed="true" simplified="false" border="0 1 0" fill="0 1 0" mode="11"
 points="2.23568 4.58243,
	2.22538 4.57212,
	2.23568 4.56181,
	2.24599 4.57212,
	"/>
<Contour name="d09ax02ssvr" hidden="false" closed="true" simplified="false" border="0 1 0" fill="0 1 0" mode="11"
 points="2.31077 4.63249,
	2.30047 4.62218,
	2.31077 4.61187,
	2.32108 4.62218,
	"/>
<Contour name="d09ax02ssvr" hidden="false" closed="true" simplified="false" border="0 1 0" fill="0 1 0" mode="11"
 points="2.18268 4.81948,
	2.17237 4.80917,
	2.18268 4.79886,
	2.19298 4.80917,
	"/>
<Contour name="d09ax02ssvr" hidden="false" closed="true" simplified="false" border="0 1 0" fill="0 1 0" mode="11"
 points="2.20771 4.83862,
	2.1974 4.82831,
	2.20771 4.81801,
	2.21801 4.82831,
	"/>
<Contour name="d09ax02ssvr" hidden="false" closed="true" simplified="false" border="0 1 0" fill="0 1 0" mode="11"
 points="2.24157 4.85334,
	2.23127 4.84304,
	2.24157 4.83273,
	2.25188 4.84304,
	"/>
<Contour name="d09ax02ssvr" hidden="false" closed="true" simplified="false" border="0 1 0" fill="0 1 0" mode="11"
 points="2.20035 4.88574,
	2.19004 4.87543,
	2.20035 4.86512,
	2.21065 4.87543,
	"/>
<Contour name="d09ax02ssvr" hidden="false" closed="true" simplified="false" border="0 1 0" fill="0 1 0" mode="11"
 points="2.1547 4.88868,
	2.1444 4.87837,
	2.1547 4.86807,
	2.16501 4.87837,
	"/>
<Contour name="d09ax02ssvr" hidden="false" closed="true" simplified="false" border="0 1 0" fill="0 1 0" mode="11"
 points="2.13114 4.83862,
	2.12084 4.82831,
	2.13114 4.81801,
	2.14145 4.82831,
	"/>
<Contour name="d09ax02ssvr" hidden="false" closed="true" simplified="false" border="0 1 0" fill="0 1 0" mode="11"
 points="2.09875 4.87543,
	2.08845 4.86512,
	2.09875 4.85482,
	2.10906 4.86512,
	"/>
<Contour name="d09ax02ssvr" hidden="false" closed="true" simplified="false" border="0 1 0" fill="0 1 0" mode="11"
 points="2.0693 4.84009,
	2.059 4.82978,
	2.0693 4.81948,
	2.07961 4.82978,
	"/>
<Contour name="d09ax02ssvr" hidden="false" closed="true" simplified="false" border="0 1 0" fill="0 1 0" mode="11"
 points="1.99274 4.86659,
	1.98243 4.85629,
	1.99274 4.84598,
	2.00305 4.85629,
	"/>
<Contour name="d09ax02ssvr" hidden="false" closed="true" simplified="false" border="0 1 0" fill="0 1 0" mode="11"
 points="1.98243 4.90782,
	1.97213 4.89751,
	1.98243 4.88721,
	1.99274 4.89751,
	"/>
<Contour name="d09ax02ssvr" hidden="false" closed="true" simplified="false" border="0 1 0" fill="0 1 0" mode="11"
 points="1.93385 4.86807,
	1.92354 4.85776,
	1.93385 4.84745,
	1.94415 4.85776,
	"/>
<Contour name="d09ax02ssvr" hidden="false" closed="true" simplified="false" border="0 1 0" fill="0 1 0" mode="11"
 points="2.03544 4.92107,
	2.02513 4.91077,
	2.03544 4.90046,
	2.04575 4.91077,
	"/>
</Transform>

<Transform dim="0"
 xcoef=" 0 1 0 0 0 0"
 ycoef=" 0 0 1 0 0 0">
<Contour name="d09c02" hidden="false" closed="true" simplified="true" border="0 1 0" fill="0 1 0" mode="-9"
 points="2.26645 4.66383,
	2.35607 4.65753,
	2.36727 4.65893,
	2.37288 4.65963,
	2.37498 4.68204,
	2.37708 4.72685,
	2.37708 4.72965,
	2.37708 4.73105,
	2.28746 4.73315,
	2.27625 4.73315,
	2.27065 4.73315,
	2.26785 4.73245,
	2.26715 4.68764,
	2.26645 4.66523,
	2.26645 4.66453,
	"/>
</Transform>

</Section>