<?xml version="1.0"?>
<!DOCTYPE Section SYSTEM "section.dtd">

<Section index="24" thickness="0.038" alignLocked="true">
<Transform dim="0"
 xcoef=" 0 1 0 0 0 0"
 ycoef=" 0 0 1 0 0 0">
<Contour name="d01" hidden="false" closed="true" simplified="true" border="1 0.5 0" fill="1 0.5 0" mode="11"
 points="5.54943 5.57984,
	5.55703 5.55551,
	5.55856 5.54943,
	5.56616 5.53727,
	5.57072 5.53119,
	5.57376 5.51902,
	5.57832 5.51294,
	5.57984 5.50686,
	5.58896 5.49622,
	5.59504 5.48406,
	5.60113 5.47797,
	5.61785 5.45365,
	5.62393 5.44148,
	5.62393 5.43844,
	5.63305 5.42628,
	5.63914 5.4202,
	5.6437 5.39587,
	5.6513 5.37155,
	5.6513 5.35938,
	5.6513 5.3533,
	5.6513 5.35026,
	5.66194 5.33962,
	5.66954 5.32898,
	5.67106 5.32289,
	5.68323 5.31529,
	5.69387 5.30465,
	5.69843 5.30009,
	5.70147 5.30009,
	5.71364 5.29097,
	5.7182 5.2864,
	5.71972 5.27424,
	5.71972 5.2712,
	5.73492 5.2484,
	5.74252 5.23775,
	5.75469 5.23015,
	5.77901 5.23015,
	5.80334 5.22559,
	5.80942 5.22407,
	5.81854 5.21343,
	5.82919 5.1891,
	5.83831 5.17694,
	5.84287 5.17086,
	5.84439 5.16477,
	5.85351 5.15413,
	5.87632 5.14349,
	5.90064 5.13589,
	5.91281 5.13437,
	5.91889 5.13437,
	5.92497 5.13132,
	5.93713 5.1298,
	5.9493 5.12524,
	5.95538 5.1222,
	5.95842 5.11916,
	5.96146 5.11916,
	5.97362 5.11156,
	5.9797 5.107,
	6.00403 5.09788,
	6.01011 5.09636,
	6.03444 5.07811,
	6.04508 5.06747,
	6.05268 5.05531,
	6.06485 5.04618,
	6.07701 5.04466,
	6.08917 5.0477,
	6.10438 5.07051,
	6.10894 5.07507,
	6.1211 5.07659,
	6.14543 5.06899,
	6.16975 5.06747,
	6.18192 5.06747,
	6.18648 5.07203,
	6.2108 5.07811,
	6.22297 5.08723,
	6.23513 5.0994,
	6.23817 5.10548,
	6.25033 5.11764,
	6.25946 5.12676,
	6.26402 5.13132,
	6.26554 5.14349,
	6.2625 5.14653,
	6.25033 5.14653,
	6.24425 5.14501,
	6.24121 5.14197,
	6.21689 5.14197,
	6.2108 5.14197,
	6.20472 5.14501,
	6.20168 5.14501,
	6.18952 5.15565,
	6.18192 5.16781,
	6.1804 5.17998,
	6.18496 5.19214,
	6.18496 5.24079,
	6.18648 5.25296,
	6.18648 5.256,
	6.20624 5.27576,
	6.2108 5.28032,
	6.2108 5.29249,
	6.21232 5.29857,
	6.23665 5.30769,
	6.26098 5.32289,
	6.27162 5.3305,
	6.28378 5.34114,
	6.29595 5.34874,
	6.30811 5.3533,
	6.31115 5.35938,
	6.31115 5.36242,
	6.31723 5.36851,
	6.34156 5.37915,
	6.35372 5.38675,
	6.35676 5.38979,
	6.3598 5.38979,
	6.36132 5.39283,
	6.37349 5.39739,
	6.38413 5.405,
	6.39021 5.40956,
	6.39021 5.42172,
	6.38869 5.4278,
	6.36588 5.44148,
	6.35372 5.44757,
	6.34764 5.44909,
	6.29899 5.47949,
	6.28682 5.4871,
	6.28378 5.4871,
	6.28074 5.49014,
	6.26858 5.49318,
	6.25642 5.49926,
	6.25033 5.50382,
	6.24425 5.50534,
	6.24121 5.50838,
	6.19256 5.5175,
	6.1804 5.51902,
	6.17431 5.51902,
	6.16215 5.52663,
	6.15607 5.52967,
	6.15455 5.53271,
	6.15151 5.53271,
	6.13935 5.54183,
	6.12718 5.54791,
	6.1059 5.5692,
	6.09373 5.57376,
	6.04508 5.57224,
	5.94778 5.57376,
	5.92345 5.57528,
	5.89912 5.57984,
	5.8748 5.58744,
	5.86263 5.59048,
	5.85959 5.59352,
	5.85351 5.59504,
	5.8079 5.62545,
	5.78509 5.64218,
	5.76077 5.66498,
	5.73948 5.68779,
	5.71516 5.70603,
	5.70299 5.71364,
	5.69691 5.71516,
	5.69387 5.71516,
	5.69083 5.7182,
	5.6665 5.72276,
	5.64218 5.72428,
	5.61785 5.72884,
	5.60569 5.72884,
	5.59504 5.7182,
	5.58744 5.70755,
	5.58288 5.69539,
	5.58136 5.68323,
	5.56616 5.6589,
	5.55856 5.64674,
	5.55703 5.64066,
	5.55703 5.63762,
	5.55399 5.63457,
	5.54943 5.61025,
	5.54943 5.58592,
	5.54943 5.58136,
	"/>
</Transform>

<Transform dim="0"
 xcoef=" 0 1 0 0 0 0"
 ycoef=" 0 0 1 0 0 0">
<Contour name="d01" hidden="false" closed="true" simplified="true" border="1 0.5 0" fill="1 0.5 0" mode="11"
 points="6.26855 4.6342,
	6.27389 4.61996,
	6.27567 4.61284,
	6.28101 4.60572,
	6.28635 4.60216,
	6.30059 4.60394,
	6.30771 4.60394,
	6.31128 4.60394,
	6.3184 4.58969,
	6.33086 4.57723,
	6.35934 4.55765,
	6.36647 4.55409,
	6.37181 4.54697,
	6.37181 4.54341,
	6.37537 4.53985,
	6.37359 4.53272,
	6.36825 4.52738,
	6.36469 4.5256,
	6.36647 4.49712,
	6.37537 4.48288,
	6.38605 4.47219,
	6.39673 4.44371,
	6.40385 4.41522,
	6.40385 4.4081,
	6.41097 4.39386,
	6.41632 4.38674,
	6.42878 4.35825,
	6.44302 4.34579,
	6.47151 4.34045,
	6.52848 4.34045,
	6.54272 4.33511,
	6.55162 4.32086,
	6.55518 4.31908,
	6.55518 4.31552,
	6.55874 4.31196,
	6.55874 4.3084,
	6.5623 4.30484,
	6.5623 4.2906,
	6.55518 4.27636,
	6.5534 4.24787,
	6.56408 4.23363,
	6.57833 4.22117,
	6.60681 4.20336,
	6.62105 4.1998,
	6.64954 4.1998,
	6.66378 4.19802,
	6.69227 4.1998,
	6.70651 4.1998,
	6.71363 4.19802,
	6.71719 4.19446,
	6.73143 4.19446,
	6.73856 4.19624,
	6.7528 4.19446,
	6.76526 4.18734,
	6.7795 4.18556,
	6.78306 4.18556,
	6.79553 4.19624,
	6.79731 4.20336,
	6.80443 4.20692,
	6.83291 4.21226,
	6.83825 4.21761,
	6.86674 4.22295,
	6.89522 4.22117,
	6.90947 4.22117,
	6.91659 4.21939,
	6.94151 4.1998,
	6.95576 4.18912,
	6.97 4.18912,
	6.98424 4.18378,
	6.99848 4.18378,
	7.01273 4.18734,
	7.04121 4.18556,
	7.05545 4.18556,
	7.0697 4.182,
	7.07326 4.182,
	7.07682 4.17844,
	7.1053 4.17844,
	7.11777 4.18734,
	7.11955 4.1909,
	7.12311 4.1909,
	7.13201 4.17666,
	7.14625 4.17132,
	7.17474 4.1731,
	7.18898 4.1731,
	7.1961 4.1731,
	7.21034 4.16776,
	7.23883 4.16954,
	7.25307 4.16776,
	7.25663 4.16776,
	7.26375 4.16242,
	7.26731 4.15885,
	7.32428 4.13749,
	7.38125 4.13571,
	7.3955 4.13393,
	7.39906 4.13393,
	7.41152 4.12325,
	7.41686 4.11613,
	7.4311 4.11791,
	7.45781 4.13393,
	7.46493 4.13393,
	7.49342 4.11791,
	7.5219 4.10723,
	7.53614 4.1001,
	7.54327 4.09654,
	7.54683 4.09298,
	7.56107 4.08764,
	7.58955 4.07162,
	7.6038 4.06806,
	7.61092 4.0645,
	7.62516 4.06628,
	7.62872 4.06628,
	7.63406 4.08052,
	7.63762 4.08764,
	7.63762 4.11613,
	7.64296 4.13037,
	7.64652 4.15885,
	7.65187 4.17132,
	7.65543 4.17844,
	7.66255 4.18556,
	7.67679 4.19268,
	7.69103 4.19624,
	7.69459 4.1998,
	7.70171 4.20158,
	7.71596 4.21226,
	7.7213 4.22651,
	7.7213 4.24075,
	7.7213 4.24787,
	7.73198 4.26211,
	7.73732 4.27636,
	7.7391 4.2906,
	7.7391 4.29772,
	7.74444 4.30484,
	7.7569 4.31196,
	7.76403 4.31374,
	7.76759 4.31374,
	7.77471 4.32086,
	7.77471 4.33511,
	7.77471 4.34223,
	7.78005 4.35647,
	7.79251 4.36893,
	7.80675 4.37784,
	7.81922 4.39208,
	7.82278 4.39564,
	7.82634 4.40988,
	7.82634 4.42412,
	7.82634 4.43125,
	7.8299 4.43837,
	7.8299 4.44193,
	7.84414 4.45617,
	7.84236 4.47041,
	7.83702 4.48466,
	7.83524 4.4989,
	7.8388 4.50602,
	7.8388 4.50958,
	7.86551 4.53628,
	7.86551 4.53985,
	7.87085 4.54697,
	7.87797 4.54875,
	7.89043 4.55943,
	7.89577 4.58791,
	7.91535 4.61284,
	7.91892 4.6164,
	7.91713 4.63064,
	7.90823 4.64489,
	7.90289 4.65201,
	7.88865 4.65735,
	7.87441 4.65735,
	7.86016 4.66091,
	7.85304 4.66269,
	7.84948 4.66625,
	7.83524 4.66981,
	7.83168 4.67337,
	7.80319 4.68227,
	7.77471 4.68583,
	7.74622 4.68583,
	7.73376 4.68761,
	7.72664 4.69295,
	7.69815 4.6983,
	7.69103 4.70186,
	7.68747 4.70542,
	7.68391 4.70542,
	7.66077 4.73034,
	7.65365 4.7428,
	7.64296 4.75527,
	7.63584 4.76773,
	7.61448 4.79087,
	7.60914 4.79799,
	7.59846 4.82648,
	7.59311 4.84072,
	7.59133 4.85496,
	7.57175 4.88345,
	7.56285 4.89591,
	7.56107 4.9244,
	7.56107 4.93152,
	7.56463 4.93864,
	7.56285 4.96713,
	7.56107 4.98137,
	7.55929 4.98849,
	7.55573 4.99205,
	7.55573 4.99561,
	7.54861 5.00095,
	7.52012 4.99917,
	7.49164 4.99383,
	7.43466 4.97425,
	7.37769 4.95822,
	7.32072 4.93864,
	7.29224 4.91906,
	7.26375 4.91015,
	7.25663 4.90837,
	7.25307 4.90837,
	7.24951 4.90481,
	7.22103 4.89769,
	7.16405 4.89769,
	7.13557 4.90303,
	7.12133 4.90659,
	7.10708 4.91372,
	7.10352 4.91728,
	7.0964 4.91728,
	7.09284 4.91728,
	7.08038 4.90481,
	7.07504 4.89769,
	7.06258 4.88879,
	7.03409 4.87811,
	7.01985 4.87277,
	7.01095 4.85853,
	7.00739 4.85496,
	6.99314 4.85496,
	6.9789 4.85853,
	6.95041 4.85674,
	6.93617 4.8514,
	6.92193 4.84962,
	6.90769 4.85318,
	6.90057 4.85496,
	6.89344 4.86031,
	6.8792 4.86387,
	6.85072 4.86387,
	6.82223 4.85674,
	6.79375 4.86031,
	6.7795 4.86031,
	6.77238 4.86031,
	6.75814 4.85318,
	6.74924 4.84072,
	6.74746 4.81224,
	6.74212 4.79799,
	6.72787 4.78553,
	6.69939 4.77307,
	6.69227 4.77129,
	6.68871 4.76773,
	6.67446 4.76417,
	6.66022 4.76417,
	6.64598 4.75883,
	6.63886 4.75527,
	6.62461 4.74102,
	6.61571 4.73212,
	6.58723 4.72322,
	6.57298 4.72144,
	6.56586 4.71788,
	6.53738 4.71788,
	6.50889 4.72678,
	6.48041 4.72678,
	6.46616 4.72322,
	6.4626 4.71966,
	6.45548 4.71788,
	6.44124 4.70898,
	6.41275 4.6983,
	6.38427 4.69117,
	6.37003 4.68939,
	6.36647 4.68583,
	6.35222 4.68227,
	6.32552 4.66447,
	6.31128 4.65913,
	6.28279 4.65735,
	6.27033 4.64845,
	6.26855 4.63598,
	"/>
</Transform>

<Transform dim="0"
 xcoef=" 0 1 0 0 0 0"
 ycoef=" 0 0 1 0 0 0">
<Contour name="d01" hidden="false" closed="true" simplified="true" border="1 0.5 0" fill="1 0.5 0" mode="11"
 points="5.7932 4.60216,
	5.79854 4.58791,
	5.811 4.57545,
	5.81812 4.57011,
	5.82525 4.56833,
	5.82881 4.56477,
	5.88578 4.56477,
	5.90002 4.56655,
	5.9285 4.57901,
	5.94275 4.58791,
	5.94809 4.59504,
	5.97301 4.61462,
	5.97479 4.62174,
	5.98369 4.6342,
	5.98904 4.64132,
	5.99082 4.64845,
	6.0015 4.65913,
	6.00862 4.66269,
	6.01218 4.66625,
	6.01574 4.66625,
	6.02108 4.67337,
	6.02464 4.67693,
	6.02642 4.70542,
	6.0282 4.71254,
	6.03354 4.71966,
	6.03532 4.7339,
	6.0371 4.74102,
	6.04601 4.75349,
	6.04601 4.76061,
	6.0371 4.77485,
	6.02286 4.78019,
	6.00862 4.77841,
	5.95521 4.74458,
	5.95165 4.74458,
	5.94453 4.73924,
	5.93919 4.725,
	5.9107 4.70364,
	5.89824 4.69473,
	5.884 4.68939,
	5.87687 4.68405,
	5.86263 4.68049,
	5.84839 4.67337,
	5.83415 4.66981,
	5.82703 4.66803,
	5.8199 4.66091,
	5.81456 4.64667,
	5.811 4.63954,
	5.79676 4.62708,
	5.7932 4.61996,
	5.7932 4.60572,
	5.7932 4.60394,
	"/>
</Transform>

<Transform dim="0"
 xcoef=" 0 1 0 0 0 0"
 ycoef=" 0 0 1 0 0 0">
<Contour name="d01ser" hidden="false" closed="true" simplified="true" border="0 0.501961 0" fill="1 0.5 0" mode="11"
 points="7.24396 4.18345,
	7.2472 4.17912,
	7.25586 4.17804,
	7.26018 4.17804,
	7.26884 4.18237,
	7.27857 4.18886,
	7.27749 4.18994,
	7.28182 4.18994,
	7.29048 4.18453,
	7.29913 4.18129,
	7.30778 4.18237,
	7.31211 4.18453,
	7.31428 4.1867,
	7.31428 4.19102,
	7.30887 4.19968,
	7.30454 4.20292,
	7.26992 4.204,
	7.25261 4.20076,
	7.24396 4.19535,
	7.24396 4.1867,
	7.24396 4.18453,
	"/>
</Transform>

<Transform dim="0"
 xcoef=" 0 1 0 0 0 0"
 ycoef=" 0 0 1 0 0 0">
<Contour name="d01ser" hidden="false" closed="true" simplified="true" border="0 0.502 0" fill="1 0.5 0" mode="11"
 points="7.0499 4.82992,
	7.06145 4.82559,
	7.08456 4.82704,
	7.09034 4.82992,
	7.09323 4.83137,
	7.09178 4.83715,
	7.08023 4.84148,
	7.05712 4.84148,
	7.05423 4.84148,
	7.0499 4.8357,
	7.0499 4.83137,
	"/>
<Contour name="d01ser" hidden="false" closed="true" simplified="true" border="0 0.502 0" fill="1 0.5 0" mode="11"
 points="7.41965 4.86892,
	7.42832 4.85737,
	7.43121 4.84581,
	7.44276 4.83426,
	7.44854 4.83137,
	7.46009 4.83426,
	7.46443 4.84003,
	7.46443 4.85159,
	7.46587 4.85737,
	7.47598 4.86459,
	7.47743 4.87614,
	7.47021 4.88625,
	7.46443 4.89059,
	7.45287 4.89348,
	7.4471 4.89492,
	7.43554 4.89059,
	7.42399 4.88192,
	7.41965 4.87614,
	7.41965 4.87037,
	"/>
</Transform>

<Transform dim="0"
 xcoef=" 0 1 0 0 0 0"
 ycoef=" 0 0 1 0 0 0">
<Contour name="d01mito01" hidden="false" closed="true" simplified="true" border="0 0.25098 0.501961" fill="0.5 0 1" mode="-11"
 points="7.03205 4.34041,
	7.03817 4.32083,
	7.04674 4.31103,
	7.05164 4.30614,
	7.07122 4.2939,
	7.08101 4.29145,
	7.1006 4.28043,
	7.11039 4.27676,
	7.14956 4.27554,
	7.18873 4.27186,
	7.19852 4.26942,
	7.20831 4.26452,
	7.2181 4.2633,
	7.2279 4.26452,
	7.24748 4.27186,
	7.26707 4.2841,
	7.27686 4.29145,
	7.28665 4.30124,
	7.30991 4.34041,
	7.32337 4.35999,
	7.32582 4.36489,
	7.32582 4.36734,
	7.32827 4.36979,
	7.32704 4.38937,
	7.32337 4.39916,
	7.32215 4.41875,
	7.3197 4.42854,
	7.31358 4.43833,
	7.30501 4.44812,
	7.29522 4.45547,
	7.27563 4.47505,
	7.25605 4.48852,
	7.23646 4.49709,
	7.21688 4.49709,
	7.1973 4.49341,
	7.15813 4.49219,
	7.13854 4.48852,
	7.09937 4.47628,
	7.07979 4.46771,
	7.07 4.46159,
	7.0602 4.45302,
	7.05286 4.44323,
	7.04429 4.42364,
	7.03205 4.38447,
	7.03205 4.34531,
	7.03205 4.34163,
	"/>
</Transform>

<Transform dim="0"
 xcoef=" 0 1 0 0 0 0"
 ycoef=" 0 0 1 0 0 0">
<Contour name="d01ser" hidden="false" closed="true" simplified="true" border="0 0.502 0" fill="1 0.5 0" mode="11"
 points="6.89617 4.27409,
	6.90898 4.26448,
	6.93459 4.25168,
	6.9474 4.24688,
	6.9602 4.24527,
	6.9666 4.24688,
	6.9666 4.25328,
	6.9666 4.25648,
	6.9554 4.26929,
	6.9538 4.27569,
	6.9554 4.28049,
	6.9474 4.2933,
	6.94259 4.2997,
	6.92979 4.3045,
	6.91698 4.3045,
	6.91058 4.3045,
	6.90577 4.2997,
	6.90577 4.28689,
	6.89617 4.27729,
	6.89617 4.27569,
	"/>
</Transform>

<Transform dim="0"
 xcoef=" 0 1 0 0 0 0"
 ycoef=" 0 0 1 0 0 0">
<Contour name="d01ser" hidden="false" closed="true" simplified="true" border="0 0.502 0" fill="1 0.5 0" mode="11"
 points="7.53245 4.63569,
	7.54122 4.62692,
	7.57631 4.61815,
	7.61139 4.61595,
	7.62893 4.61595,
	7.63332 4.62034,
	7.63113 4.63788,
	7.62235 4.64446,
	7.60481 4.64885,
	7.58727 4.64885,
	7.55218 4.65981,
	7.54341 4.662,
	7.53464 4.65981,
	7.53245 4.64227,
	7.53245 4.63788,
	"/>
</Transform>

<Transform dim="0"
 xcoef=" 0 1 0 0 0 0"
 ycoef=" 0 0 1 0 0 0">
<Contour name="d01ser" hidden="false" closed="true" simplified="true" border="0 0.502 0" fill="1 0.5 0" mode="11"
 points="7.42583 4.58058,
	7.43816 4.56825,
	7.45226 4.56473,
	7.46283 4.5524,
	7.46459 4.54887,
	7.49278 4.55063,
	7.49983 4.55416,
	7.49983 4.5612,
	7.49983 4.56473,
	7.49278 4.56825,
	7.48925 4.56825,
	7.47692 4.58058,
	7.46283 4.58939,
	7.43464 4.59115,
	7.42759 4.58939,
	7.42583 4.58235,
	"/>
</Transform>

<Transform dim="0"
 xcoef=" 0 1 0 0 0 0"
 ycoef=" 0 0 1 0 0 0">
<Contour name="d02" hidden="false" closed="true" simplified="true" border="0.25098 0 0.501961" fill="1 0.5 0" mode="11"
 points="4.77756 4.79425,
	4.78363 4.76997,
	4.78515 4.75784,
	4.79122 4.7457,
	4.80335 4.73508,
	4.82763 4.72446,
	4.8519 4.72446,
	4.85797 4.72446,
	4.87011 4.71839,
	4.89438 4.71687,
	4.90652 4.71536,
	4.93079 4.69867,
	4.94293 4.68805,
	4.96721 4.67136,
	4.97934 4.66226,
	4.98238 4.65922,
	4.99452 4.65922,
	5.00058 4.66074,
	5.00665 4.67288,
	5.0112 4.69715,
	5.01576 4.70929,
	5.02638 4.72143,
	5.07493 4.7548,
	5.08706 4.76087,
	5.09313 4.76542,
	5.0992 4.76694,
	5.10527 4.77149,
	5.12954 4.77908,
	5.17809 4.81549,
	5.19023 4.82611,
	5.20237 4.83066,
	5.22664 4.83066,
	5.25092 4.83521,
	5.27519 4.83673,
	5.28126 4.83825,
	5.2934 4.84735,
	5.3025 4.85949,
	5.31312 4.86707,
	5.31919 4.87163,
	5.32526 4.87314,
	5.34953 4.88983,
	5.35408 4.89438,
	5.3556 4.91866,
	5.3556 4.92473,
	5.35864 4.93079,
	5.38291 4.94597,
	5.38443 4.9581,
	5.38594 4.96417,
	5.39201 4.96872,
	5.41629 4.97631,
	5.41477 4.97934,
	5.42084 4.9839,
	5.42236 4.98996,
	5.41932 5.0021,
	5.41022 5.01424,
	5.38594 5.02486,
	5.36167 5.03244,
	5.31312 5.03396,
	5.28885 5.02941,
	5.26457 5.03093,
	5.25243 5.03548,
	5.24637 5.03851,
	5.24333 5.03851,
	5.21906 5.05369,
	5.19478 5.06431,
	5.17051 5.07189,
	5.15837 5.07644,
	5.14623 5.08403,
	5.14016 5.08858,
	5.11589 5.09617,
	5.10375 5.0992,
	5.07948 5.0992,
	5.06734 5.0992,
	5.0552 5.09465,
	5.00665 5.08555,
	4.9581 5.06734,
	4.93383 5.05369,
	4.88983 5.00969,
	4.86707 4.98693,
	4.86252 4.98086,
	4.86252 4.97783,
	4.85949 4.97479,
	4.85038 4.95052,
	4.84432 4.92624,
	4.8428 4.92017,
	4.83218 4.90955,
	4.82611 4.90349,
	4.81701 4.87921,
	4.79728 4.85494,
	4.79425 4.83066,
	4.77908 4.80639,
	4.77756 4.79577,
	"/>
<Contour name="d02" hidden="false" closed="true" simplified="true" border="0.25098 0 0.501961" fill="1 0.5 0" mode="11"
 points="4.09028 5.74248,
	4.09332 5.73641,
	4.10546 5.72731,
	4.11759 5.72276,
	4.21469 5.7182,
	4.23897 5.7182,
	4.24503 5.7182,
	4.25717 5.71365,
	4.26931 5.70607,
	4.29358 5.68331,
	4.31482 5.66055,
	4.34213 5.612,
	4.34972 5.59987,
	4.37248 5.57559,
	4.37855 5.56952,
	4.39068 5.56345,
	4.41496 5.55738,
	4.43923 5.54373,
	4.45137 5.53614,
	4.46351 5.52552,
	4.47261 5.51339,
	4.48475 5.50125,
	4.5333 5.46635,
	4.54543 5.45573,
	4.59398 5.42691,
	4.6046 5.41477,
	4.61067 5.41174,
	4.62281 5.40112,
	4.64708 5.38746,
	4.65922 5.37684,
	4.67591 5.35257,
	4.70019 5.33284,
	4.70929 5.30857,
	4.71232 5.3025,
	4.72446 5.29036,
	4.7366 5.28429,
	4.76087 5.28278,
	4.78515 5.28429,
	4.79728 5.28885,
	4.80032 5.28885,
	4.80639 5.2934,
	4.81852 5.29795,
	4.82914 5.30554,
	4.83521 5.31009,
	4.83825 5.31312,
	4.85038 5.3116,
	4.86252 5.31312,
	4.86859 5.31464,
	4.89287 5.33284,
	4.905 5.34195,
	4.91714 5.3465,
	4.92928 5.35408,
	4.95355 5.36167,
	5.05065 5.36319,
	5.06279 5.36319,
	5.11134 5.37381,
	5.15989 5.38898,
	5.17202 5.39353,
	5.1963 5.41325,
	5.20844 5.43601,
	5.21299 5.44056,
	5.21754 5.4527,
	5.22816 5.46332,
	5.25243 5.47394,
	5.26457 5.47849,
	5.27671 5.48608,
	5.28278 5.49822,
	5.28581 5.51035,
	5.28885 5.51642,
	5.31312 5.53463,
	5.31464 5.5407,
	5.31009 5.55283,
	5.30705 5.5589,
	5.29643 5.57104,
	5.29188 5.57711,
	5.2934 5.60138,
	5.30705 5.62566,
	5.31464 5.63779,
	5.31464 5.68634,
	5.31464 5.69848,
	5.31767 5.71062,
	5.32526 5.72276,
	5.33133 5.72579,
	5.33436 5.72579,
	5.3465 5.73641,
	5.35257 5.74248,
	5.35257 5.76675,
	5.35257 5.77282,
	5.3465 5.78496,
	5.3374 5.7971,
	5.33588 5.80317,
	5.34043 5.8153,
	5.33891 5.82744,
	5.33436 5.83351,
	5.32981 5.84565,
	5.31616 5.86992,
	5.29491 5.89116,
	5.28429 5.90178,
	5.27216 5.90937,
	5.26609 5.9124,
	5.25395 5.92302,
	5.24788 5.92909,
	5.2403 5.94123,
	5.22816 5.95185,
	5.21602 5.95943,
	5.21299 5.96247,
	5.20085 5.96095,
	5.18871 5.9564,
	5.18264 5.95488,
	5.17051 5.95792,
	5.14775 5.97916,
	5.14016 5.99129,
	5.12803 5.99888,
	5.10375 6.00647,
	5.09768 6.0095,
	5.08706 6.02164,
	5.06279 6.03681,
	5.03851 6.04743,
	5.02638 6.05805,
	5.01424 6.06564,
	4.96569 6.06715,
	4.95355 6.06867,
	4.905 6.08991,
	4.89287 6.09446,
	4.88073 6.09446,
	4.86859 6.09143,
	4.82004 6.09295,
	4.77149 6.0975,
	4.67439 6.11722,
	4.65012 6.12632,
	4.62584 6.14149,
	4.61371 6.14301,
	4.58943 6.13239,
	4.56516 6.12481,
	4.55302 6.12177,
	4.54695 6.11874,
	4.5424 6.11267,
	4.53937 6.10963,
	4.53633 6.08536,
	4.52571 6.06108,
	4.50599 6.03833,
	4.4984 6.02619,
	4.49233 6.00191,
	4.48171 5.97764,
	4.46806 5.95337,
	4.45744 5.92909,
	4.4544 5.91695,
	4.45137 5.91088,
	4.44834 5.88661,
	4.44227 5.87447,
	4.42254 5.8502,
	4.40737 5.82592,
	4.38461 5.80165,
	4.36034 5.79103,
	4.33606 5.78344,
	4.33 5.78041,
	4.28145 5.76979,
	4.26931 5.76675,
	4.26324 5.76372,
	4.21469 5.76372,
	4.19042 5.76827,
	4.14187 5.76979,
	4.11759 5.76979,
	4.10546 5.76827,
	4.09332 5.7622,
	4.09028 5.76069,
	4.09028 5.74855,
	4.09028 5.744,
	"/>
</Transform>

<Transform dim="0"
 xcoef=" 0 1 0 0 0 0"
 ycoef=" 0 0 1 0 0 0">
<Contour name="d01c03" hidden="false" closed="true" simplified="true" border="0 1 0" fill="0 1 0" mode="11"
 points="5.72962 5.68463,
	5.74919 5.65529,
	5.75506 5.64747,
	5.75897 5.64747,
	5.77462 5.63377,
	5.77853 5.62986,
	5.78244 5.63182,
	5.79613 5.61812,
	5.82743 5.59661,
	5.83135 5.59269,
	5.83917 5.59074,
	5.84308 5.58682,
	5.847 5.58682,
	5.85091 5.58291,
	5.88221 5.57509,
	5.89003 5.57313,
	5.89394 5.56922,
	6.01914 5.55553,
	6.03479 5.55748,
	6.04261 5.56139,
	6.04848 5.56922,
	6.04848 5.57704,
	6.0387 5.59074,
	6.03479 5.59465,
	5.97219 5.59661,
	5.94089 5.60247,
	5.92524 5.60443,
	5.89394 5.61421,
	5.87829 5.62008,
	5.847 5.6416,
	5.81765 5.6592,
	5.80396 5.66898,
	5.79613 5.67681,
	5.76484 5.69637,
	5.74919 5.70224,
	5.73354 5.70028,
	5.72962 5.69246,
	5.72962 5.68659,
	"/>
<Contour name="d01c03" hidden="false" closed="true" simplified="true" border="0 1 0" fill="0 1 0" mode="11"
 points="6.09739 5.56726,
	6.10521 5.55161,
	6.11303 5.54574,
	6.11695 5.54183,
	6.11499 5.53792,
	6.14629 5.51836,
	6.20889 5.4988,
	6.22454 5.4988,
	6.23236 5.50271,
	6.23823 5.51053,
	6.23823 5.51445,
	6.22454 5.5301,
	6.20889 5.54183,
	6.17759 5.55357,
	6.16194 5.56335,
	6.15411 5.56531,
	6.14629 5.57118,
	6.13846 5.57313,
	6.13455 5.57704,
	6.10325 5.58291,
	6.09934 5.58291,
	6.09739 5.56922,
	"/>
<Contour name="d01cfa03" hidden="false" closed="false" simplified="false" border="0 1 1" fill="0 1 1" mode="9"
 points="6.04964 5.57032,
	6.02421 5.57032,
	5.95575 5.57032,
	5.88141 5.58597,
	5.81686 5.62314,
	5.76991 5.65835,
	5.72883 5.69747,
	"/>
<Contour name="d01cfa03" hidden="false" closed="false" simplified="false" border="0 1 1" fill="0 1 1" mode="9"
 points="6.23744 5.50381,
	6.19049 5.51359,
	6.17093 5.52533,
	6.13963 5.54098,
	6.10442 5.57619,
	"/>
</Transform>

<Transform dim="0"
 xcoef=" 0 1 0 0 0 0"
 ycoef=" 0 0 1 0 0 0">
<Contour name="d02p04" hidden="false" closed="true" simplified="false" border="0 0.251 0.502" fill="1 0 0" mode="-9"
 points="4.37514 5.75587,
	4.38859 5.73703,
	4.37514 5.71819,
	4.38321 5.71819,
	4.39398 5.73434,
	4.40474 5.71819,
	4.41282 5.71819,
	4.39936 5.73703,
	4.41282 5.75587,
	4.40474 5.75587,
	4.39398 5.73972,
	4.38321 5.75587,
	"/>
</Transform>

<Transform dim="0"
 xcoef=" 0 1 0 0 0 0"
 ycoef=" 0 0 1 0 0 0">
<Contour name="d02" hidden="false" closed="true" simplified="true" border="0 0.251 0.502" fill="0.5 0 1" mode="11"
 points="4.77473 6.32773,
	4.80164 6.28466,
	4.8151 6.26313,
	4.85547 6.22545,
	4.877 6.21199,
	4.92007 6.19584,
	4.9416 6.19853,
	4.95237 6.20122,
	4.9739 6.22007,
	4.99005 6.2416,
	4.99005 6.28466,
	4.99005 6.30619,
	4.98197 6.32773,
	4.9739 6.33849,
	4.93084 6.3681,
	4.9093 6.38425,
	4.86624 6.40309,
	4.82317 6.41116,
	4.80164 6.40847,
	4.7828 6.38963,
	4.77473 6.3681,
	4.77473 6.34657,
	4.77473 6.3358,
	4.77473 6.33042,
	"/>
</Transform>

<Transform dim="0"
 xcoef=" 0 1 0 0 0 0"
 ycoef=" 0 0 1 0 0 0">
<Contour name="d02c02" hidden="false" closed="true" simplified="true" border="1 0 0" fill="1 0 0" mode="-11"
 points="5.01779 4.70767,
	5.03564 4.70544,
	5.04457 4.70544,
	5.06242 4.71436,
	5.09811 4.7389,
	5.13381 4.75898,
	5.16951 4.78576,
	5.20521 4.80584,
	5.2766 4.83261,
	5.3123 4.85269,
	5.348 4.88393,
	5.36808 4.91962,
	5.36585 4.93747,
	5.35692 4.9397,
	5.33907 4.93524,
	5.32123 4.92185,
	5.30561 4.90401,
	5.26991 4.87723,
	5.23421 4.85492,
	5.21636 4.85492,
	5.18066 4.846,
	5.17174 4.84377,
	5.16728 4.8393,
	5.15835 4.83707,
	5.08696 4.79022,
	5.06911 4.77906,
	5.06465 4.77906,
	5.02895 4.75452,
	5.02002 4.7456,
	5.01779 4.7099,
	"/>
</Transform>

<Transform dim="0"
 xcoef=" 0 1 0 0 0 0"
 ycoef=" 0 0 1 0 0 0">
<Contour name="d02cfa02" hidden="false" closed="false" simplified="false" border="0 1 0.25098" fill="0 1 0" mode="11"
 points="5.36179 4.93659,
	5.32832 4.88304,
	5.26585 4.83619,
	5.19891 4.83619,
	5.16545 4.80718,
	5.08959 4.76479,
	5.01819 4.71571,
	"/>
</Transform>

<Transform dim="0"
 xcoef=" 0 1 0 0 0 0"
 ycoef=" 0 0 1 0 0 0">
<Contour name="d03" hidden="false" closed="true" simplified="true" border="1 0 0.5" fill="1 0 0.5" mode="-11"
 points="3.3658 5.10864,
	3.36849 5.10325,
	3.36849 5.10055,
	3.37253 5.09517,
	3.37388 5.08978,
	3.38196 5.079,
	3.386 5.07362,
	3.3887 5.07227,
	3.3887 5.06958,
	3.39812 5.0588,
	3.4089 5.05072,
	3.41833 5.04533,
	3.42372 5.04129,
	3.4291 5.04129,
	3.43988 5.03591,
	3.44257 5.03591,
	3.45335 5.02648,
	3.45873 5.02378,
	3.4749 5.00358,
	3.47759 4.98203,
	3.48028 4.97664,
	3.48163 4.97395,
	3.48702 4.9726,
	3.49106 4.96722,
	3.50183 4.96452,
	3.50722 4.96183,
	3.50991 4.96183,
	3.51934 4.9524,
	3.52473 4.95105,
	3.53012 4.94701,
	3.5355 4.94701,
	3.55705 4.93624,
	3.57726 4.9295,
	3.58264 4.92546,
	3.58534 4.92546,
	3.60689 4.91334,
	3.62844 4.91199,
	3.63383 4.91334,
	3.63921 4.91738,
	3.66076 4.91873,
	3.66615 4.91738,
	3.6877 4.89987,
	3.69847 4.89044,
	3.70386 4.88506,
	3.70925 4.88236,
	3.72137 4.86081,
	3.72406 4.85004,
	3.73349 4.82849,
	3.74966 4.80694,
	3.75908 4.79616,
	3.76312 4.79078,
	3.7739 4.78674,
	3.79545 4.78404,
	3.80622 4.7827,
	3.81161 4.78135,
	3.82104 4.77461,
	3.83181 4.77057,
	3.85336 4.76788,
	3.87491 4.76115,
	3.91801 4.7396,
	3.92879 4.73421,
	3.93956 4.73152,
	3.94495 4.73152,
	3.94764 4.73152,
	3.96919 4.71939,
	3.97458 4.71535,
	3.97727 4.71535,
	3.99882 4.70323,
	4.02037 4.69515,
	4.02576 4.69246,
	4.0298 4.68707,
	4.05135 4.68438,
	4.06213 4.68033,
	4.06751 4.68033,
	4.07829 4.6736,
	4.08368 4.67495,
	4.08637 4.67629,
	4.09176 4.67225,
	4.11331 4.66821,
	4.12408 4.66552,
	4.14563 4.66552,
	4.16718 4.66956,
	4.18873 4.66956,
	4.19412 4.66687,
	4.19951 4.66148,
	4.21028 4.66013,
	4.22106 4.66552,
	4.24261 4.66552,
	4.25338 4.66552,
	4.25877 4.66687,
	4.26954 4.67495,
	4.27493 4.67899,
	4.2857 4.68303,
	4.30725 4.70054,
	4.30995 4.70592,
	4.32072 4.71535,
	4.34227 4.72343,
	4.35305 4.72882,
	4.36382 4.7396,
	4.3719 4.75037,
	4.37729 4.75576,
	4.37864 4.76115,
	4.38807 4.76788,
	4.40827 4.78808,
	4.41366 4.79347,
	4.42443 4.80021,
	4.43386 4.81098,
	4.44059 4.83253,
	4.45002 4.87563,
	4.45541 4.8864,
	4.46349 4.89718,
	4.48504 4.91334,
	4.48908 4.91738,
	4.48908 4.92008,
	4.49851 4.9295,
	4.50524 4.94028,
	4.50794 4.94567,
	4.50794 4.98877,
	4.50659 5.01032,
	4.49986 5.03186,
	4.49986 5.04264,
	4.5012 5.04803,
	4.5012 5.05072,
	4.5039 5.05341,
	4.50794 5.07496,
	4.5039 5.08574,
	4.49312 5.09517,
	4.47157 5.10729,
	4.46618 5.11133,
	4.45945 5.1221,
	4.45541 5.13288,
	4.45406 5.14365,
	4.45406 5.14904,
	4.46753 5.17059,
	4.47831 5.18137,
	4.48504 5.19214,
	4.48773 5.19483,
	4.48773 5.20022,
	4.48908 5.20292,
	4.48639 5.20426,
	4.48908 5.22581,
	4.481 5.24736,
	4.481 5.25814,
	4.47696 5.26891,
	4.46753 5.27969,
	4.44598 5.29316,
	4.43521 5.29989,
	4.41366 5.30124,
	4.39211 5.29989,
	4.38133 5.29989,
	4.37594 5.29854,
	4.3746 5.29585,
	4.36382 5.29585,
	4.34227 5.30258,
	4.3315 5.30662,
	4.32072 5.31471,
	4.31803 5.31605,
	4.31668 5.32683,
	4.30725 5.34838,
	4.30456 5.35915,
	4.30456 5.36185,
	4.29513 5.37262,
	4.29244 5.37262,
	4.29109 5.36993,
	4.2857 5.37127,
	4.27628 5.3807,
	4.25473 5.39148,
	4.24395 5.39417,
	4.23856 5.39686,
	4.21702 5.39956,
	4.20624 5.40225,
	4.18469 5.40225,
	4.17392 5.39821,
	4.16314 5.39686,
	4.12004 5.37666,
	4.10927 5.37531,
	4.09849 5.37666,
	4.08772 5.38205,
	4.08233 5.38609,
	4.07155 5.38878,
	4.06751 5.39282,
	4.04596 5.39282,
	4.03519 5.39552,
	4.02441 5.40225,
	4.01364 5.40629,
	4.00825 5.40629,
	4.00691 5.4009,
	4.00556 5.39821,
	3.99478 5.40494,
	3.95168 5.40764,
	3.90858 5.40764,
	3.89781 5.40764,
	3.89242 5.4036,
	3.88165 5.40494,
	3.87087 5.40225,
	3.86548 5.4009,
	3.85471 5.4036,
	3.84394 5.40225,
	3.82239 5.39417,
	3.80084 5.39148,
	3.77929 5.38609,
	3.76851 5.3807,
	3.74696 5.37531,
	3.73619 5.37397,
	3.73215 5.36993,
	3.7106 5.37127,
	3.69982 5.36993,
	3.69443 5.36858,
	3.68501 5.35915,
	3.66346 5.34568,
	3.65268 5.3376,
	3.64191 5.33221,
	3.63652 5.32817,
	3.62574 5.32548,
	3.60419 5.31471,
	3.58264 5.30662,
	3.57187 5.30528,
	3.56109 5.30124,
	3.55032 5.2945,
	3.53955 5.29316,
	3.52877 5.28373,
	3.52069 5.27295,
	3.51665 5.26757,
	3.50587 5.26083,
	3.4951 5.2514,
	3.48702 5.24467,
	3.47624 5.24197,
	3.47624 5.23928,
	3.47086 5.23524,
	3.46816 5.23255,
	3.46816 5.22985,
	3.46547 5.22716,
	3.46547 5.22447,
	3.46008 5.21908,
	3.452 5.19753,
	3.44661 5.17598,
	3.43988 5.1652,
	3.43045 5.15847,
	3.4089 5.15712,
	3.39812 5.15712,
	3.3887 5.15039,
	3.37927 5.13961,
	3.36849 5.13288,
	3.3658 5.11133,
	3.3658 5.10998,
	"/>
</Transform>

<Transform dim="0"
 xcoef=" 0 1 0 0 0 0"
 ycoef=" 0 0 1 0 0 0">
<Contour name="d03" hidden="false" closed="true" simplified="true" border="1 0 0.5" fill="1 0 0.5" mode="-11"
 points="3.58461 5.91496,
	3.59303 5.90373,
	3.59864 5.89812,
	3.60425 5.89812,
	3.61547 5.89251,
	3.62109 5.8869,
	3.62389 5.8869,
	3.63371 5.87567,
	3.64073 5.86445,
	3.64073 5.86164,
	3.65055 5.85042,
	3.65335 5.85042,
	3.65476 5.84761,
	3.66037 5.84621,
	3.66318 5.8434,
	3.66879 5.842,
	3.6744 5.83639,
	3.67721 5.83358,
	3.68282 5.83218,
	3.70526 5.81394,
	3.71649 5.80693,
	3.76138 5.80272,
	3.78383 5.79991,
	3.79506 5.7929,
	3.8175 5.78448,
	3.83995 5.78027,
	3.8624 5.78027,
	3.87362 5.78027,
	3.88344 5.78728,
	3.89467 5.79009,
	3.91711 5.80131,
	3.92834 5.80833,
	3.93816 5.81815,
	3.94237 5.82376,
	3.94517 5.83499,
	3.94517 5.84621,
	3.95219 5.86866,
	3.95359 5.87988,
	3.95219 5.88549,
	3.95079 5.8883,
	3.96061 5.91075,
	3.96482 5.92197,
	3.96341 5.93319,
	3.9592 5.93881,
	3.9564 5.94021,
	3.9564 5.94582,
	3.95359 5.95143,
	3.93114 5.96967,
	3.92553 5.97528,
	3.92273 5.97809,
	3.9115 5.97809,
	3.90028 5.98791,
	3.87783 5.98931,
	3.83294 5.98651,
	3.81049 5.9851,
	3.79926 5.9851,
	3.75437 5.96967,
	3.74315 5.97248,
	3.69825 5.96406,
	3.6758 5.95564,
	3.66458 5.94863,
	3.64213 5.94582,
	3.63652 5.94722,
	3.6253 5.94442,
	3.60285 5.93179,
	3.59162 5.92758,
	3.58601 5.92478,
	3.58461 5.91916,
	3.58461 5.91636,
	"/>
</Transform>

<Transform dim="0"
 xcoef=" 0 1 0 0 0 0"
 ycoef=" 0 0 1 0 0 0">
<Contour name="d03" hidden="false" closed="true" simplified="true" border="1 0 0.5" fill="1 0 0.5" mode="-11"
 points="4.82204 4.35063,
	4.82765 4.33941,
	4.83747 4.3324,
	4.84308 4.33099,
	4.8543 4.3352,
	4.85851 4.34081,
	4.85992 4.34643,
	4.85992 4.34923,
	4.84869 4.35625,
	4.84308 4.35905,
	4.83186 4.35905,
	4.82204 4.35204,
	"/>
<Contour name="d03" hidden="false" closed="true" simplified="true" border="1 0 0.5" fill="1 0 0.5" mode="-11"
 points="4.81081 4.12476,
	4.81642 4.11353,
	4.82624 4.10511,
	4.83045 4.0995,
	4.8529 4.08687,
	4.87535 4.07986,
	4.88657 4.07565,
	4.89639 4.06864,
	4.90762 4.06583,
	4.90902 4.06302,
	4.93147 4.05882,
	4.97636 4.05741,
	4.98197 4.05741,
	4.9932 4.06583,
	4.99741 4.06864,
	5.00723 4.07986,
	5.01284 4.08267,
	5.02266 4.09249,
	5.02827 4.09529,
	5.03108 4.0981,
	5.03389 4.0981,
	5.0423 4.10932,
	5.05212 4.13177,
	5.05633 4.14299,
	5.06054 4.18789,
	5.05774 4.21034,
	5.05072 4.22016,
	5.04511 4.22296,
	5.03389 4.23419,
	5.02687 4.24541,
	5.01705 4.25523,
	4.9946 4.26505,
	4.98338 4.27207,
	4.96093 4.27908,
	4.93848 4.27908,
	4.91603 4.27628,
	4.89359 4.26926,
	4.87114 4.25944,
	4.85992 4.25243,
	4.84869 4.24261,
	4.84308 4.23699,
	4.83607 4.22577,
	4.83326 4.22296,
	4.83326 4.21735,
	4.83045 4.21174,
	4.83045 4.18929,
	4.82624 4.18368,
	4.82624 4.18087,
	4.82063 4.17667,
	4.81081 4.15562,
	4.81081 4.13317,
	4.81081 4.12756,
	4.81081 4.12616,
	"/>
</Transform>

<Transform dim="0"
 xcoef=" 0 1 0 0 0 0"
 ycoef=" 0 0 1 0 0 0">
<Contour name="d03" hidden="false" closed="true" simplified="true" border="1 0 0.5" fill="1 0 0.5" mode="-11"
 points="2.44577 4.75114,
	2.45289 4.74707,
	2.45696 4.74605,
	2.45798 4.74402,
	2.47425 4.743,
	2.49053 4.73995,
	2.49867 4.73689,
	2.50274 4.73588,
	2.50376 4.73181,
	2.50579 4.72977,
	2.51393 4.72977,
	2.52105 4.72367,
	2.52512 4.72062,
	2.52716 4.72062,
	2.52716 4.71858,
	2.52919 4.71655,
	2.53326 4.71553,
	2.54038 4.70943,
	2.54344 4.70637,
	2.54547 4.70637,
	2.54751 4.70434,
	2.54751 4.7023,
	2.55361 4.69518,
	2.55564 4.69416,
	2.55564 4.69213,
	2.56378 4.68501,
	2.56887 4.67687,
	2.57294 4.6728,
	2.57904 4.66771,
	2.58617 4.66568,
	2.59125 4.66161,
	2.59939 4.66161,
	2.60346 4.65754,
	2.60651 4.6555,
	2.60651 4.65347,
	2.60855 4.65144,
	2.61262 4.65144,
	2.61567 4.64737,
	2.62279 4.63109,
	2.62483 4.62905,
	2.62584 4.62498,
	2.63296 4.61786,
	2.64212 4.60158,
	2.64619 4.59344,
	2.64823 4.58938,
	2.64823 4.58531,
	2.65026 4.58124,
	2.65128 4.5792,
	2.65535 4.5792,
	2.66247 4.56292,
	2.66247 4.55885,
	2.66756 4.55072,
	2.67468 4.54461,
	2.67671 4.54258,
	2.68078 4.54156,
	2.68078 4.53342,
	2.68383 4.53037,
	2.68383 4.52833,
	2.68587 4.5263,
	2.70215 4.52528,
	2.71029 4.5263,
	2.71842 4.53037,
	2.7347 4.53545,
	2.74284 4.53952,
	2.74488 4.54054,
	2.74488 4.54258,
	2.74691 4.54258,
	2.74793 4.54461,
	2.75607 4.54766,
	2.76929 4.56089,
	2.77641 4.57717,
	2.77947 4.58022,
	2.78048 4.58429,
	2.78252 4.58531,
	2.78354 4.58938,
	2.78557 4.59039,
	2.78964 4.60667,
	2.78964 4.61481,
	2.78964 4.61888,
	2.78455 4.62702,
	2.77743 4.63414,
	2.7754 4.63719,
	2.77133 4.64024,
	2.77031 4.64737,
	2.76828 4.65042,
	2.76421 4.65449,
	2.73572 4.67178,
	2.7286 4.67687,
	2.72249 4.68501,
	2.71537 4.70129,
	2.71232 4.70943,
	2.70927 4.71349,
	2.70723 4.71451,
	2.70622 4.72265,
	2.70622 4.72469,
	2.69909 4.73181,
	2.69095 4.73283,
	2.68689 4.73486,
	2.68282 4.73486,
	2.6818 4.73384,
	2.68282 4.73283,
	2.66654 4.73689,
	2.6584 4.73791,
	2.65738 4.73995,
	2.64924 4.743,
	2.64314 4.74707,
	2.62686 4.75826,
	2.62279 4.76436,
	2.61872 4.76742,
	2.61872 4.76945,
	2.6116 4.77759,
	2.60956 4.78064,
	2.6055 4.78369,
	2.6055 4.78573,
	2.60346 4.78675,
	2.60244 4.79082,
	2.59634 4.79794,
	2.59532 4.80201,
	2.59023 4.80913,
	2.58617 4.81116,
	2.56989 4.81116,
	2.53733 4.80404,
	2.52105 4.79997,
	2.51291 4.79895,
	2.50478 4.7959,
	2.50478 4.79387,
	2.47222 4.78268,
	2.45594 4.77555,
	2.45289 4.7725,
	2.45085 4.7725,
	2.44984 4.76436,
	2.44577 4.75724,
	2.44577 4.75317,
	2.44577 4.75216,
	"/>
</Transform>

<Transform dim="0"
 xcoef=" 0 1 0 0 0 0"
 ycoef=" 0 0 1 0 0 0">
<Contour name="d03" hidden="false" closed="true" simplified="true" border="1 0 0.5" fill="1 0 0.5" mode="-11"
 points="3.41828 6.42831,
	3.42693 6.4162,
	3.44077 6.40582,
	3.49267 6.38161,
	3.50305 6.37469,
	3.50651 6.37123,
	3.50997 6.37123,
	3.51516 6.36431,
	3.51862 6.36085,
	3.52208 6.36085,
	3.52727 6.35393,
	3.55495 6.34355,
	3.58263 6.34528,
	3.59646 6.34874,
	3.62414 6.34874,
	3.63798 6.34528,
	3.6449 6.34355,
	3.67085 6.32798,
	3.67777 6.33317,
	3.67777 6.36085,
	3.67085 6.37469,
	3.65182 6.40236,
	3.63625 6.42831,
	3.63452 6.43523,
	3.63106 6.43523,
	3.62587 6.46291,
	3.62241 6.46464,
	3.62068 6.47848,
	3.61376 6.49232,
	3.60857 6.49924,
	3.60338 6.5027,
	3.593 6.51481,
	3.5809 6.52346,
	3.55495 6.53384,
	3.52727 6.54076,
	3.51343 6.54422,
	3.49959 6.54422,
	3.49267 6.54249,
	3.48921 6.53903,
	3.48229 6.5373,
	3.47537 6.53038,
	3.47364 6.52346,
	3.46499 6.51135,
	3.46499 6.50789,
	3.45634 6.49751,
	3.45115 6.49232,
	3.44942 6.4854,
	3.43904 6.47502,
	3.43039 6.46118,
	3.42693 6.45945,
	3.42693 6.45599,
	3.42347 6.45426,
	3.42347 6.4508,
	3.42001 6.44907,
	3.41828 6.43523,
	3.41828 6.43004,
	"/>
</Transform>

<Transform dim="0"
 xcoef=" 0 1 0 0 0 0"
 ycoef=" 0 0 1 0 0 0">
<Contour name="d03" hidden="false" closed="true" simplified="true" border="1 0 0.5" fill="1 0 0.5" mode="-11"
 points="3.05388 3.47453,
	3.06907 3.45023,
	3.08881 3.43049,
	3.11311 3.4229,
	3.1617 3.41834,
	3.186 3.41682,
	3.2103 3.40771,
	3.22244 3.40164,
	3.22852 3.3986,
	3.23156 3.39556,
	3.23459 3.39556,
	3.24067 3.39101,
	3.28926 3.37886,
	3.31356 3.37127,
	3.32571 3.36671,
	3.33178 3.36519,
	3.34393 3.3576,
	3.35001 3.35608,
	3.3986 3.33026,
	3.41075 3.32115,
	3.41379 3.32115,
	3.43808 3.29989,
	3.46238 3.28774,
	3.51098 3.27104,
	3.53527 3.27256,
	3.55957 3.28471,
	3.57172 3.29382,
	3.57324 3.30597,
	3.5702 3.31812,
	3.56261 3.33026,
	3.54287 3.35456,
	3.54135 3.36064,
	3.52464 3.38493,
	3.51857 3.39708,
	3.51705 3.40164,
	3.51857 3.40771,
	3.50642 3.45631,
	3.50338 3.46846,
	3.50338 3.49275,
	3.50642 3.5049,
	3.50642 3.51705,
	3.50338 3.5292,
	3.49731 3.54135,
	3.48668 3.55198,
	3.46238 3.56109,
	3.41379 3.57172,
	3.40164 3.57476,
	3.39556 3.57779,
	3.29837 3.5945,
	3.27408 3.60057,
	3.26193 3.60361,
	3.21333 3.60513,
	3.20726 3.60513,
	3.19511 3.60057,
	3.19207 3.59754,
	3.16777 3.58842,
	3.15563 3.58083,
	3.13133 3.57931,
	3.10703 3.56716,
	3.0964 3.55805,
	3.09033 3.55501,
	3.08729 3.55501,
	3.06451 3.53224,
	3.05692 3.50794,
	3.05388 3.49579,
	3.05388 3.48364,
	3.05388 3.47757,
	3.05388 3.47605,
	"/>
</Transform>

<Transform dim="0"
 xcoef=" 0 1 0 0 0 0"
 ycoef=" 0 0 1 0 0 0">
<Contour name="d03c01a" hidden="false" closed="true" simplified="true" border="1 0 0" fill="1 0 0" mode="-11"
 points="3.14774 3.42129,
	3.15021 3.41139,
	3.15145 3.40644,
	3.16135 3.39777,
	3.18116 3.38911,
	3.26038 3.36683,
	3.29999 3.35197,
	3.31979 3.34331,
	3.3594 3.33217,
	3.39901 3.31855,
	3.40891 3.31608,
	3.41386 3.31608,
	3.41634 3.31855,
	3.41634 3.32846,
	3.41015 3.33836,
	3.40025 3.34702,
	3.39035 3.35321,
	3.3854 3.35693,
	3.37549 3.3594,
	3.37054 3.36188,
	3.35074 3.36559,
	3.31113 3.37921,
	3.27152 3.39654,
	3.25171 3.40644,
	3.23191 3.41882,
	3.2121 3.42624,
	3.17249 3.42501,
	3.15269 3.42501,
	3.14774 3.42377,
	3.14774 3.42253,
	"/>
</Transform>

<Transform dim="0"
 xcoef=" 0 1 0 0 0 0"
 ycoef=" 0 0 1 0 0 0">
<Contour name="d03cfa01a" hidden="false" closed="false" simplified="false" border="0 1 0.251" fill="0 1 0" mode="11"
 points="3.41294 3.32091,
	3.4047 3.32641,
	3.39027 3.33465,
	3.37104 3.34358,
	3.35043 3.35251,
	3.33258 3.36144,
	3.30853 3.37106,
	3.27419 3.38205,
	3.25564 3.38686,
	3.22748 3.39716,
	3.20206 3.40746,
	3.18283 3.41433,
	3.14917 3.41845,
	"/>
</Transform>

<Transform dim="0"
 xcoef=" 0 1 0 0 0 0"
 ycoef=" 0 0 1 0 0 0">
<Contour name="d03c30" hidden="false" closed="true" simplified="true" border="1 0 0" fill="1 0 0" mode="-11"
 points="5.0123 4.08907,
	5.02001 4.08247,
	5.02881 4.08357,
	5.03321 4.08467,
	5.04091 4.09347,
	5.04311 4.09567,
	5.04311 4.09787,
	5.06622 4.13199,
	5.06842 4.13639,
	5.06732 4.15399,
	5.06512 4.1628,
	5.06292 4.1672,
	5.05412 4.1683,
	5.04532 4.165,
	5.03761 4.1573,
	5.03211 4.13969,
	5.02991 4.13089,
	5.02551 4.12208,
	5.02331 4.11768,
	5.02331 4.11548,
	5.01781 4.10668,
	5.0156 4.10448,
	5.0123 4.09567,
	5.0123 4.09127,
	5.0123 4.09017,
	"/>
</Transform>

<Transform dim="0"
 xcoef=" 0 1 0 0 0 0"
 ycoef=" 0 0 1 0 0 0">
<Contour name="d03cfa30" hidden="false" closed="false" simplified="false" border="0 1 0.251" fill="0 1 0" mode="11"
 points="5.05555 4.16745,
	5.05445 4.14434,
	5.05225 4.12564,
	5.03465 4.10143,
	5.01484 4.08382,
	"/>
</Transform>

<Transform dim="0"
 xcoef=" 0 1 0 0 0 0"
 ycoef=" 0 0 1 0 0 0">
<Contour name="d03c02" hidden="false" closed="true" simplified="true" border="1 0 0" fill="1 0 0" mode="-11"
 points="3.63139 5.95764,
	3.63325 5.9539,
	3.63512 5.95204,
	3.63699 5.94456,
	3.6426 5.93896,
	3.64447 5.93522,
	3.6482 5.93242,
	3.65568 5.93055,
	3.67062 5.93055,
	3.6781 5.93242,
	3.69305 5.93896,
	3.69678 5.94082,
	3.69865 5.94269,
	3.70613 5.94456,
	3.72107 5.94456,
	3.73602 5.94176,
	3.75097 5.94176,
	3.75844 5.94269,
	3.77339 5.9511,
	3.78086 5.9539,
	3.81076 5.95297,
	3.82571 5.9539,
	3.83318 5.95671,
	3.84066 5.96138,
	3.84159 5.96885,
	3.83785 5.9838,
	3.83785 5.99875,
	3.83505 6.00248,
	3.80515 5.99968,
	3.68557 5.98193,
	3.65568 5.97352,
	3.64073 5.96885,
	3.63325 5.96605,
	3.63139 5.96231,
	3.63139 5.95858,
	"/>
</Transform>

<Transform dim="0"
 xcoef=" 0 1 0 0 0 0"
 ycoef=" 0 0 1 0 0 0">
<Contour name="d03cfa02" hidden="false" closed="false" simplified="false" border="0 1 0.251" fill="0 1 0" mode="11"
 points="3.8364 5.98451,
	3.8336 5.98544,
	3.8336 5.98544,
	3.82706 5.98637,
	3.81959 5.98731,
	3.81211 5.98731,
	3.80557 5.98544,
	3.79436 5.98077,
	3.78689 5.97797,
	3.78128 5.97797,
	3.77474 5.97703,
	3.76353 5.97236,
	3.75886 5.97236,
	3.75326 5.9733,
	3.74485 5.97423,
	3.73738 5.9733,
	3.7243 5.97236,
	3.71215 5.96956,
	3.68973 5.96208,
	3.67291 5.95274,
	3.6561 5.9462,
	3.63741 5.9462,
	"/>
</Transform>

<Transform dim="0"
 xcoef=" 0 1 0 0 0 0"
 ycoef=" 0 0 1 0 0 0">
<Contour name="d03cfa04" hidden="false" closed="false" simplified="false" border="0 1 0.251" fill="0 1 0" mode="11"
 points="2.46246 4.74371,
	2.4823 4.74138,
	2.49746 4.73787,
	2.5138 4.73087,
	2.5278 4.71921,
	2.5418 4.70637,
	2.56864 4.6912,
	2.58848 4.6737,
	2.61065 4.65036,
	2.62931 4.62353,
	2.65965 4.56519,
	"/>
</Transform>

<Transform dim="0"
 xcoef=" 0 1 0 0 0 0"
 ycoef=" 0 0 1 0 0 0">
<Contour name="d03c05" hidden="false" closed="true" simplified="true" border="1 0 0" fill="1 0 0" mode="-11"
 points="3.54301 6.52896,
	3.54917 6.52192,
	3.56325 6.51312,
	3.57029 6.50872,
	3.58437 6.49552,
	3.59581 6.48144,
	3.60109 6.4744,
	3.60285 6.46736,
	3.60989 6.45328,
	3.61517 6.44624,
	3.61869 6.44272,
	3.62309 6.42864,
	3.62485 6.42512,
	3.62485 6.42336,
	3.62925 6.41632,
	3.63541 6.41016,
	3.63893 6.40664,
	3.64597 6.40312,
	3.64949 6.40312,
	3.65125 6.404,
	3.65037 6.41808,
	3.64069 6.44624,
	3.63629 6.46032,
	3.63013 6.4744,
	3.62837 6.48144,
	3.62133 6.49552,
	3.61165 6.5096,
	3.59933 6.52368,
	3.58525 6.53512,
	3.57821 6.53776,
	3.56413 6.53952,
	3.55005 6.53864,
	3.54301 6.53248,
	3.54301 6.52984,
	"/>
</Transform>

<Transform dim="0"
 xcoef=" 0 1 0 0 0 0"
 ycoef=" 0 0 1 0 0 0">
<Contour name="d03cfa05" hidden="false" closed="false" simplified="false" border="0 1 0.251" fill="0 1 0" mode="11"
 points="3.64844 6.40318,
	3.64404 6.41198,
	3.63348 6.42694,
	3.6282 6.43839,
	3.6282 6.45159,
	3.6238 6.46567,
	3.6194 6.47975,
	3.6106 6.49559,
	3.5974 6.50879,
	3.58332 6.51847,
	3.56308 6.52815,
	3.54812 6.53519,
	"/>
</Transform>

<Transform dim="0"
 xcoef=" 0 1 0 0 0 0"
 ycoef=" 0 0 1 0 0 0">
<Contour name="d06" hidden="false" closed="true" simplified="true" border="0 0 1" fill="0 0 1" mode="-11"
 points="2.43479 0.584909,
	2.44178 0.573714,
	2.44738 0.568117,
	2.45858 0.56252,
	2.46137 0.559721,
	2.46417 0.559721,
	2.48656 0.547128,
	2.49776 0.540131,
	2.52015 0.534534,
	2.54253 0.534534,
	2.55373 0.535933,
	2.55933 0.535933,
	2.56912 0.54153,
	2.57612 0.552725,
	2.59711 0.570916,
	2.6041 0.58211,
	2.6055 0.593305,
	2.6041 0.604499,
	2.59571 0.615693,
	2.58451 0.62269,
	2.56212 0.632485,
	2.54113 0.646478,
	2.52994 0.653475,
	2.50755 0.659072,
	2.49636 0.66187,
	2.48516 0.66187,
	2.47397 0.659072,
	2.46837 0.657673,
	2.46557 0.654874,
	2.45998 0.653475,
	2.44878 0.643679,
	2.44178 0.632485,
	2.43759 0.621291,
	2.43479 0.598902,
	2.43479 0.587707,
	2.43479 0.586308,
	"/>
</Transform>

<Transform dim="0"
 xcoef=" 0 1 0 0 0 0"
 ycoef=" 0 0 1 0 0 0">
<Contour name="d06" hidden="false" closed="true" simplified="true" border="0 0 1" fill="0 0 1" mode="-11"
 points="2.71272 1.6377,
	2.72753 1.59032,
	2.73049 1.57847,
	2.73049 1.55478,
	2.7453 1.53109,
	2.76307 1.5074,
	2.75863 1.49555,
	2.75863 1.48371,
	2.76751 1.4763,
	2.78972 1.45705,
	2.80601 1.43632,
	2.82822 1.423,
	2.83118 1.42003,
	2.83711 1.41855,
	2.84303 1.41411,
	2.84599 1.41411,
	2.86968 1.39782,
	2.87561 1.38598,
	2.87709 1.36228,
	2.87709 1.35044,
	2.87412 1.33859,
	2.87412 1.32675,
	2.87857 1.3149,
	2.88597 1.30305,
	2.89782 1.29269,
	2.90374 1.28973,
	2.90966 1.28973,
	2.91559 1.28677,
	2.92151 1.28677,
	2.93335 1.28232,
	2.9452 1.28084,
	2.95705 1.2764,
	2.98074 1.28084,
	3.02812 1.29861,
	3.03997 1.30454,
	3.04589 1.3075,
	3.05774 1.31934,
	3.06958 1.32082,
	3.08143 1.31638,
	3.09327 1.30898,
	3.11252 1.28677,
	3.11252 1.28381,
	3.12733 1.26011,
	3.13918 1.24975,
	3.1451 1.24383,
	3.15102 1.24086,
	3.15399 1.2379,
	3.15991 1.23642,
	3.16287 1.23346,
	3.17472 1.2305,
	3.18656 1.23198,
	3.18952 1.23198,
	3.21321 1.25271,
	3.23691 1.26752,
	3.25912 1.29121,
	3.26356 1.29713,
	3.26652 1.30898,
	3.26652 1.31194,
	3.27689 1.32082,
	3.30058 1.33119,
	3.32427 1.33415,
	3.34796 1.33415,
	3.37165 1.33119,
	3.3835 1.32675,
	3.38942 1.32379,
	3.39238 1.32379,
	3.39979 1.31934,
	3.42348 1.30898,
	3.43533 1.30454,
	3.48271 1.30602,
	3.5064 1.3075,
	3.55379 1.30009,
	3.56563 1.30009,
	3.57748 1.30602,
	3.62338 1.34303,
	3.63375 1.35488,
	3.64411 1.36228,
	3.65448 1.37413,
	3.65152 1.38598,
	3.63078 1.40967,
	3.62634 1.41559,
	3.62486 1.43928,
	3.6293 1.45113,
	3.64115 1.46149,
	3.64411 1.46446,
	3.65596 1.4689,
	3.70334 1.47038,
	3.72703 1.4689,
	3.75072 1.47186,
	3.76257 1.4763,
	3.76849 1.47926,
	3.78034 1.49111,
	3.78034 1.49407,
	3.78478 1.49999,
	3.78626 1.50592,
	3.81736 1.5533,
	3.82476 1.56515,
	3.83513 1.57699,
	3.84993 1.60068,
	3.85142 1.61253,
	3.84845 1.63622,
	3.84993 1.65991,
	3.85586 1.68361,
	3.85734 1.69545,
	3.85586 1.7073,
	3.84845 1.71914,
	3.84401 1.72507,
	3.84105 1.74876,
	3.84253 1.7606,
	3.8529 1.7843,
	3.85734 1.79614,
	3.85882 1.80799,
	3.85882 1.81391,
	3.86918 1.8376,
	3.87067 1.84353,
	3.87363 1.84649,
	3.87659 1.87018,
	3.88399 1.88203,
	3.89584 1.89239,
	3.90324 1.90424,
	3.90176 1.91608,
	3.89584 1.92201,
	3.88399 1.92941,
	3.87215 1.93385,
	3.84845 1.93089,
	3.82476 1.93237,
	3.80107 1.93681,
	3.77738 1.94422,
	3.77146 1.9457,
	3.76849 1.94866,
	3.76257 1.94866,
	3.75961 1.94866,
	3.75369 1.94422,
	3.72999 1.9457,
	3.71963 1.93385,
	3.71667 1.92793,
	3.71667 1.91608,
	3.71815 1.91016,
	3.71963 1.9072,
	3.71815 1.90128,
	3.71371 1.89535,
	3.70334 1.88795,
	3.70038 1.88203,
	3.70038 1.8761,
	3.71074 1.86574,
	3.71519 1.8613,
	3.71519 1.85833,
	3.71815 1.85537,
	3.71815 1.84353,
	3.71815 1.8376,
	3.71074 1.82724,
	3.6989 1.82724,
	3.67521 1.83612,
	3.65152 1.84797,
	3.64559 1.85389,
	3.63375 1.8613,
	3.61005 1.86574,
	3.58636 1.86574,
	3.53898 1.87314,
	3.52713 1.87462,
	3.51529 1.87314,
	3.49159 1.86278,
	3.47975 1.85685,
	3.45606 1.85537,
	3.40867 1.84649,
	3.39683 1.84353,
	3.3909 1.84353,
	3.38498 1.84056,
	3.3376 1.83612,
	3.31391 1.83612,
	3.29021 1.83908,
	3.27837 1.84056,
	3.25468 1.84945,
	3.24283 1.84797,
	3.23098 1.84056,
	3.22506 1.83612,
	3.21321 1.8376,
	3.20137 1.84353,
	3.18952 1.85389,
	3.1836 1.85833,
	3.17175 1.85981,
	3.16583 1.85981,
	3.15991 1.85685,
	3.15695 1.85685,
	3.14658 1.84797,
	3.13474 1.84353,
	3.13029 1.84056,
	3.08291 1.84501,
	3.07106 1.84501,
	3.06514 1.84353,
	3.06218 1.84353,
	3.05922 1.84056,
	3.03553 1.83316,
	3.02368 1.82872,
	2.99999 1.82724,
	2.9763 1.83316,
	2.9526 1.83464,
	2.94076 1.83464,
	2.91707 1.82872,
	2.91114 1.82724,
	2.88893 1.80947,
	2.8682 1.78578,
	2.84451 1.76653,
	2.82526 1.74432,
	2.81934 1.73247,
	2.81045 1.72211,
	2.79861 1.71174,
	2.77491 1.69989,
	2.77195 1.69989,
	2.76899 1.69693,
	2.76307 1.69693,
	2.73938 1.68361,
	2.71717 1.66436,
	2.71272 1.65843,
	2.71272 1.64659,
	2.71272 1.64066,
	2.71272 1.63918,
	"/>
</Transform>

<Transform dim="0"
 xcoef=" 0 1 0 0 0 0"
 ycoef=" 0 0 1 0 0 0">
<Contour name="Ax01" hidden="false" closed="true" simplified="true" border="1 0.501961 0" fill="1 0 0" mode="-11"
 points="5.68086 7.6706,
	5.69047 7.65778,
	5.70329 7.65137,
	5.70969 7.64497,
	5.81223 7.60972,
	5.86349 7.58729,
	5.8699 7.58729,
	5.89553 7.57127,
	5.90835 7.56166,
	5.91476 7.54884,
	5.93718 7.52642,
	5.96282 7.5168,
	6.01408 7.52642,
	6.03972 7.54244,
	6.05253 7.54564,
	6.05894 7.54564,
	6.07496 7.57127,
	6.08457 7.59691,
	6.08778 7.62254,
	6.04292 7.72186,
	6.00447 7.77313,
	5.99806 7.78595,
	5.99486 7.81158,
	5.98204 7.83721,
	5.95961 7.86285,
	5.93398 7.87887,
	5.90835 7.88527,
	5.88272 7.88207,
	5.85708 7.87246,
	5.83145 7.87246,
	5.80582 7.86605,
	5.75455 7.84362,
	5.72892 7.8244,
	5.7129 7.80197,
	5.70008 7.78915,
	5.70008 7.78274,
	5.68406 7.75711,
	5.68727 7.70584,
	5.69047 7.69303,
	5.68406 7.68021,
	5.68086 7.6738,
	"/>
</Transform>

<Transform dim="0"
 xcoef=" 0 1 0 0 0 0"
 ycoef=" 0 0 1 0 0 0">
<Contour name="Ax01B02ssvr9" hidden="false" closed="true" simplified="false" border="0.5 0 1" fill="0.5 0 1" mode="-9"
 points="5.99515 7.62475,
	5.98554 7.62155,
	5.99515 7.61834,
	5.98875 7.60873,
	5.99836 7.61514,
	6.00156 7.60553,
	6.00477 7.61514,
	6.01438 7.60873,
	6.00797 7.61834,
	6.01758 7.62155,
	6.00797 7.62475,
	6.01438 7.63436,
	6.00477 7.62795,
	6.00156 7.63757,
	5.99836 7.62795,
	5.98875 7.63436,
	"/>
<Contour name="Ax01B02ssvr10" hidden="false" closed="true" simplified="false" border="0.5 0 1" fill="0.5 0 1" mode="-9"
 points="5.95991 7.66961,
	5.9503 7.6664,
	5.95991 7.6632,
	5.9535 7.65359,
	5.96311 7.66,
	5.96632 7.65038,
	5.96952 7.66,
	5.97913 7.65359,
	5.97273 7.6632,
	5.98234 7.6664,
	5.97273 7.66961,
	5.97913 7.67922,
	5.96952 7.67281,
	5.96632 7.68242,
	5.96311 7.67281,
	5.9535 7.67922,
	"/>
<Contour name="Ax01B02ssvr11" hidden="false" closed="true" simplified="false" border="0.5 0 1" fill="0.5 0 1" mode="-9"
 points="5.92466 7.63116,
	5.91505 7.62795,
	5.92466 7.62475,
	5.91826 7.61514,
	5.92787 7.62155,
	5.93107 7.61193,
	5.93428 7.62155,
	5.94389 7.61514,
	5.93748 7.62475,
	5.94709 7.62795,
	5.93748 7.63116,
	5.94389 7.64077,
	5.93428 7.63436,
	5.93107 7.64398,
	5.92787 7.63436,
	5.91826 7.64077,
	"/>
<Contour name="Ax01B02ssvr12" hidden="false" closed="true" simplified="false" border="0.5 0 1" fill="0.5 0 1" mode="-9"
 points="5.90864 7.68563,
	5.89903 7.68242,
	5.90864 7.67922,
	5.90224 7.66961,
	5.91185 7.67602,
	5.91505 7.6664,
	5.91826 7.67602,
	5.92787 7.66961,
	5.92146 7.67922,
	5.93107 7.68242,
	5.92146 7.68563,
	5.92787 7.69524,
	5.91826 7.68883,
	5.91505 7.69844,
	5.91185 7.68883,
	5.90224 7.69524,
	"/>
</Transform>

<Transform dim="0"
 xcoef=" 0 1 0 0 0 0"
 ycoef=" 0 0 1 0 0 0">
<Contour name="Ax01B02c01" hidden="false" closed="true" simplified="true" border="0 1 0" fill="0 1 0" mode="11"
 points="5.78339 7.58409,
	5.83145 7.55205,
	5.85708 7.53603,
	5.87951 7.5136,
	5.89233 7.50399,
	5.90514 7.50399,
	5.91796 7.51039,
	5.93078 7.52321,
	5.91476 7.54884,
	5.90514 7.56166,
	5.87951 7.57768,
	5.86669 7.5905,
	5.84106 7.60331,
	5.81543 7.60972,
	5.7898 7.60652,
	5.78339 7.5937,
	5.78339 7.58729,
	"/>
<Contour name="Ax01B02cfa01" hidden="false" closed="false" simplified="false" border="0 1 1" fill="0 1 1" mode="9"
 points="5.91505 7.51581,
	5.8734 7.55746,
	5.78689 7.59912,
	"/>
</Transform>

<Transform dim="1"
 xcoef=" 0.03 1 0 0 0 0"
 ycoef=" 0.129999999999999 0 1 0 0 0">
<Contour name="Brick Analysis" hidden="false" closed="false" simplified="true" border="1 0 0" fill="1 0 1" mode="9"
 points="2.44533 8.41885,
	2.44533 6.66885,
	2.44533 3.16885,
	5.94533 3.16885,
	5.94533 1.41885,
	"/>
<Contour name="Brick Analysis" hidden="false" closed="false" simplified="true" border="0 1 0" fill="1 0 1" mode="9"
 points="2.44533 6.66885,
	5.94533 6.66885,
	5.94533 3.16885,
	"/>
</Transform>

<Transform dim="0"
 xcoef=" 0 1 0 0 0 0"
 ycoef=" 0 0 1 0 0 0">
<Contour name="Brax01" hidden="false" closed="true" simplified="true" border="1 0.502 0" fill="1 0.501961 0" mode="-9"
 points="4.13985 4.32502,
	4.13985 4.31633,
	4.14855 4.30764,
	4.15724 4.30764,
	4.16593 4.31633,
	4.16593 4.32502,
	4.15724 4.33371,
	4.14855 4.33371,
	"/>
</Transform>

<Transform dim="0"
 xcoef=" 0 1 0 0 0 0"
 ycoef=" 0 0 1 0 0 0">
<Contour name="Brax02" hidden="false" closed="true" simplified="false" border="0.502 0 1" fill="0.5 0 1" mode="-9"
 points="5.37416 4.67706,
	5.36112 4.67271,
	5.37416 4.66837,
	5.36547 4.65533,
	5.37851 4.66402,
	5.38285 4.65098,
	5.3872 4.66402,
	5.40024 4.65533,
	5.39154 4.66837,
	5.40458 4.67271,
	5.39154 4.67706,
	5.40024 4.6901,
	5.3872 4.6814,
	5.38285 4.69444,
	5.37851 4.6814,
	5.36547 4.6901,
	"/>
</Transform>

<Transform dim="0"
 xcoef=" 0 1 0 0 0 0"
 ycoef=" 0 0 1 0 0 0">
<Contour name="Brax03" hidden="false" closed="true" simplified="false" border="1 0 0.502" fill="1 0 0.5" mode="-9"
 points="3.63003 4.52573,
	3.67562 4.52573,
	3.65282 4.56752,
	"/>
</Transform>

<Transform dim="0"
 xcoef=" 0 1 0 0 0 0"
 ycoef=" 0 0 1 0 0 0">
<Contour name="Brax04" hidden="false" closed="true" simplified="false" border="1 0 0" fill="1 0 0" mode="-9"
 points="5.20293 4.1192,
	5.22192 4.09261,
	5.20293 4.06601,
	5.21433 4.06601,
	5.22952 4.08881,
	5.24472 4.06601,
	5.25612 4.06601,
	5.23712 4.09261,
	5.25612 4.1192,
	5.24472 4.1192,
	5.22952 4.09641,
	5.21433 4.1192,
	"/>
</Transform>

<Transform dim="0"
 xcoef=" 0 1 0 0 0 0"
 ycoef=" 0 0 1 0 0 0">
<Contour name="Brax05" hidden="false" closed="true" simplified="false" border="1 1 0" fill="1 1 0" mode="-11"
 points="5.49547 3.77727,
	5.49547 3.71648,
	5.43468 3.71648,
	5.43468 3.76967,
	5.42709 3.77727,
	5.42709 3.70888,
	5.50307 3.70888,
	5.50307 3.78487,
	5.42709 3.78487,
	5.43468 3.77727,
	"/>
</Transform>

<Transform dim="0"
 xcoef=" 0 1 0 0 0 0"
 ycoef=" 0 0 1 0 0 0">
<Contour name="Brax06" hidden="false" closed="true" simplified="false" border="0 0 1" fill="0 0 1" mode="-9"
 points="3.66422 5.50974,
	3.63763 5.48315,
	3.66422 5.45655,
	3.69082 5.48315,
	"/>
</Transform>

<Transform dim="0"
 xcoef=" 0 1 0 0 0 0"
 ycoef=" 0 0 1 0 0 0">
<Contour name="Brax09" hidden="false" closed="true" simplified="false" border="0 1 0" fill="0 1 0" mode="-9"
 points="6.11855 5.80228,
	6.11855 5.77189,
	6.14895 5.77189,
	6.14895 5.7415,
	6.17934 5.7415,
	6.17934 5.77189,
	6.20974 5.77189,
	6.20974 5.80228,
	6.17934 5.80228,
	6.17934 5.83268,
	6.14895 5.83268,
	6.14895 5.80228,
	"/>
</Transform>

<Transform dim="0"
 xcoef=" 0 1 0 0 0 0"
 ycoef=" 0 0 1 0 0 0">
<Contour name="Brax11" hidden="false" closed="true" simplified="false" border="0 1 0.251" fill="0 1 0" mode="-9"
 points="5.39669 6.11003,
	5.39669 6.10243,
	5.40429 6.09483,
	5.41189 6.09483,
	5.41949 6.10243,
	5.41949 6.11003,
	5.41189 6.11762,
	5.40429 6.11762,
	"/>
</Transform>

<Transform dim="0"
 xcoef=" 0 1 0 0 0 0"
 ycoef=" 0 0 1 0 0 0">
<Contour name="Brax13" hidden="false" closed="true" simplified="false" border="1 0 0.5" fill="1 0 0.5" mode="-9"
 points="3.52365 6.15942,
	3.56924 6.15942,
	3.54644 6.20121,
	"/>
</Transform>

<Transform dim="0"
 xcoef=" 0 1 0 0 0 0"
 ycoef=" 0 0 1 0 0 0">
<Contour name="Brax14" hidden="false" closed="true" simplified="false" border="1 0 0" fill="1 0 0" mode="-13"
 points="3.71361 6.48615,
	3.73261 6.45956,
	3.71361 6.43296,
	3.72501 6.43296,
	3.74021 6.45576,
	3.7554 6.43296,
	3.7668 6.43296,
	3.7478 6.45956,
	3.7668 6.48615,
	3.7554 6.48615,
	3.74021 6.46336,
	3.72501 6.48615,
	"/>
</Transform>

<Transform dim="0"
 xcoef=" 0 1 0 0 0 0"
 ycoef=" 0 0 1 0 0 0">
<Contour name="Brax12" hidden="false" closed="true" simplified="false" border="0.5 0 1" fill="0.5 0 1" mode="-9"
 points="5.24852 6.50135,
	5.23712 6.49755,
	5.24852 6.49375,
	5.24092 6.48236,
	5.25232 6.48995,
	5.25612 6.47856,
	5.25992 6.48995,
	5.27131 6.48236,
	5.26372 6.49375,
	5.27511 6.49755,
	5.26372 6.50135,
	5.27131 6.51275,
	5.25992 6.50515,
	5.25612 6.51655,
	5.25232 6.50515,
	5.24092 6.51275,
	"/>
</Transform>

<Transform dim="0"
 xcoef=" 0 1 0 0 0 0"
 ycoef=" 0 0 1 0 0 0">
<Contour name="Brax15" hidden="false" closed="true" simplified="false" border="1 1 0" fill="1 1 0" mode="-13"
 points="4.2721 5.93526,
	4.2721 5.87447,
	4.21132 5.87447,
	4.21132 5.92766,
	4.20372 5.93526,
	4.20372 5.86687,
	4.2797 5.86687,
	4.2797 5.94286,
	4.20372 5.94286,
	4.21132 5.93526,
	"/>
</Transform>

<Transform dim="0"
 xcoef=" 0 1 0 0 0 0"
 ycoef=" 0 0 1 0 0 0">
<Contour name="Brax16" hidden="false" closed="true" simplified="false" border="0 0 1" fill="0 0 1" mode="-9"
 points="5.27511 5.32737,
	5.24852 5.30078,
	5.27511 5.27418,
	5.30171 5.30078,
	"/>
</Transform>

<Transform dim="0"
 xcoef=" 0 1 0 0 0 0"
 ycoef=" 0 0 1 0 0 0">
<Contour name="Brax17" hidden="false" closed="true" simplified="false" border="1 0 1" fill="1 0 1" mode="-9"
 points="3.92637 6.20881,
	3.92637 6.19361,
	3.94157 6.17841,
	3.95676 6.17841,
	3.97196 6.19361,
	3.97196 6.20881,
	3.95676 6.224,
	3.94157 6.224,
	"/>
</Transform>

<Transform dim="0"
 xcoef=" 0 1 0 0 0 0"
 ycoef=" 0 0 1 0 0 0">
<Contour name="Brax19" hidden="false" closed="true" simplified="false" border="0 1 0" fill="0 1 0" mode="-9"
 points="4.94458 6.84329,
	4.94458 6.81289,
	4.97497 6.81289,
	4.97497 6.7825,
	5.00537 6.7825,
	5.00537 6.81289,
	5.03576 6.81289,
	5.03576 6.84329,
	5.00537 6.84329,
	5.00537 6.87368,
	4.97497 6.87368,
	4.97497 6.84329,
	"/>
</Transform>

<Transform dim="0"
 xcoef=" 0 1 0 0 0 0"
 ycoef=" 0 0 1 0 0 0">
<Contour name="Brax20" hidden="false" closed="true" simplified="false" border="0 1 1" fill="0 1 1" mode="-9"
 points="3.2425 6.53555,
	3.2577 6.52035,
	3.19691 6.45956,
	3.21211 6.44436,
	3.27289 6.50515,
	3.28809 6.48995,
	3.28809 6.53555,
	"/>
</Transform>

<Transform dim="0"
 xcoef=" 0 1 0 0 0 0"
 ycoef=" 0 0 1 0 0 0">
<Contour name="Brax21" hidden="false" closed="true" simplified="false" border="1 0.502 0" fill="1 0.502 0" mode="-9"
 points="3.81224 3.34354,
	3.81224 3.33636,
	3.81941 3.32919,
	3.82659 3.32919,
	3.83377 3.33636,
	3.83377 3.34354,
	3.82659 3.35072,
	3.81941 3.35072,
	"/>
</Transform>

<Transform dim="0"
 xcoef=" 0 1 0 0 0 0"
 ycoef=" 0 0 1 0 0 0">
<Contour name="Brax22" hidden="false" closed="true" simplified="false" border="0.502 0 1" fill="0.5 0 1" mode="-9"
 points="6.35183 6.53136,
	6.34026 6.5275,
	6.35183 6.52364,
	6.34412 6.51206,
	6.35569 6.51978,
	6.35955 6.5082,
	6.36341 6.51978,
	6.37499 6.51206,
	6.36727 6.52364,
	6.37885 6.5275,
	6.36727 6.53136,
	6.37499 6.54293,
	6.36341 6.53521,
	6.35955 6.54679,
	6.35569 6.53521,
	6.34412 6.54293,
	"/>
</Transform>

<Transform dim="0"
 xcoef=" 0 1 0 0 0 0"
 ycoef=" 0 0 1 0 0 0">
<Contour name="Brax23" hidden="false" closed="true" simplified="false" border="1 0 0.502" fill="1 0 0.5" mode="-9"
 points="6.2515 4.21203,
	6.29781 4.21203,
	6.27465 4.25448,
	"/>
</Transform>

<Transform dim="0"
 xcoef=" 0 1 0 0 0 0"
 ycoef=" 0 0 1 0 0 0">
<Contour name="Brax26" hidden="false" closed="true" simplified="false" border="0 0 1" fill="0 0 1" mode="-9"
 points="3.02529 6.90955,
	2.99827 6.88253,
	3.02529 6.85552,
	3.0523 6.88253,
	"/>
</Transform>

<Transform dim="0"
 xcoef=" 0 1 0 0 0 0"
 ycoef=" 0 0 1 0 0 0">
<Contour name="Brax40" hidden="false" closed="true" simplified="false" border="0 1 1" fill="0 1 1" mode="-9"
 points="6.82882 5.50543,
	6.84646 5.48779,
	6.77589 5.41722,
	6.79353 5.39958,
	6.8641 5.47014,
	6.88174 5.4525,
	6.88174 5.50543,
	"/>
</Transform>

<Transform dim="0"
 xcoef=" 0 1 0 0 0 0"
 ycoef=" 0 0 1 0 0 0">
<Contour name="d06p02" hidden="false" closed="true" simplified="false" border="0.502 0 1" fill="0.5 0 1" mode="-9"
 points="3.74672 1.72685,
	3.73707 1.72363,
	3.74672 1.72041,
	3.74028 1.71075,
	3.74994 1.71719,
	3.75316 1.70753,
	3.75638 1.71719,
	3.76603 1.71075,
	3.7596 1.72041,
	3.76925 1.72363,
	3.7596 1.72685,
	3.76603 1.7365,
	3.75638 1.73006,
	3.75316 1.73972,
	3.74994 1.73006,
	3.74028 1.7365,
	"/>
</Transform>

<Transform dim="0"
 xcoef=" 0 1 0 0 0 0"
 ycoef=" 0 0 1 0 0 0">
<Contour name="d09" hidden="false" closed="true" simplified="true" border="0 1 0" fill="0 1 0" mode="11"
 points="2.21662 4.33155,
	2.22039 4.32778,
	2.22227 4.32025,
	2.23357 4.30895,
	2.23734 4.30518,
	2.25241 4.29953,
	2.31267 4.29953,
	2.3428 4.29953,
	2.35787 4.29953,
	2.37294 4.3033,
	2.38047 4.30707,
	2.44073 4.3033,
	2.4558 4.30142,
	2.46333 4.30142,
	2.47087 4.29765,
	2.501 4.292,
	2.51607 4.28635,
	2.53113 4.27693,
	2.54431 4.26187,
	2.55938 4.25434,
	2.56691 4.24869,
	2.59705 4.24304,
	2.62718 4.24115,
	2.64036 4.2355,
	2.6479 4.23362,
	2.65166 4.22985,
	2.71193 4.22044,
	2.74206 4.21479,
	2.75524 4.20914,
	2.76278 4.20537,
	2.76654 4.20537,
	2.77031 4.2016,
	2.78538 4.19784,
	2.79856 4.1903,
	2.80609 4.18842,
	2.82116 4.179,
	2.88142 4.17524,
	2.91155 4.16582,
	2.94169 4.16394,
	3.00195 4.1677,
	3.00572 4.17147,
	3.02079 4.17147,
	3.13567 4.23739,
	3.14132 4.24115,
	3.14508 4.24115,
	3.14697 4.24492,
	3.16203 4.24869,
	3.16956 4.25245,
	3.22983 4.25434,
	3.29009 4.26187,
	3.30516 4.26375,
	3.31269 4.26375,
	3.32776 4.2694,
	3.34283 4.27882,
	3.35036 4.28258,
	3.35789 4.29012,
	3.35978 4.29765,
	3.38049 4.32778,
	3.37861 4.35792,
	3.37673 4.36545,
	3.37296 4.36922,
	3.37108 4.37675,
	3.32399 4.43513,
	3.30893 4.44455,
	3.29386 4.45773,
	3.26373 4.47656,
	3.2562 4.49163,
	3.25431 4.52176,
	3.24866 4.52929,
	3.21853 4.54624,
	3.19216 4.56696,
	3.1884 4.56696,
	3.18463 4.57073,
	3.16956 4.57073,
	3.13943 4.56131,
	3.12437 4.56131,
	3.09423 4.57073,
	3.0641 4.57073,
	3.03397 4.56508,
	2.9737 4.54436,
	2.95864 4.53871,
	2.9511 4.53306,
	2.93604 4.52741,
	2.90779 4.51046,
	2.89649 4.50105,
	2.86636 4.48221,
	2.85882 4.47845,
	2.85129 4.47091,
	2.84752 4.46715,
	2.84376 4.46715,
	2.83811 4.45961,
	2.83434 4.45961,
	2.80609 4.44078,
	2.79479 4.42571,
	2.79291 4.41818,
	2.76843 4.39182,
	2.76654 4.38428,
	2.75713 4.36922,
	2.74394 4.35603,
	2.73641 4.35038,
	2.70628 4.34097,
	2.69121 4.3372,
	2.68368 4.3372,
	2.65355 4.32778,
	2.64601 4.32402,
	2.61588 4.32402,
	2.60081 4.32778,
	2.58575 4.33532,
	2.58198 4.33532,
	2.56691 4.34662,
	2.56315 4.34662,
	2.5349 4.36733,
	2.52925 4.37487,
	2.52737 4.3824,
	2.52172 4.38993,
	2.51983 4.39746,
	2.51418 4.405,
	2.5123 4.40876,
	2.45203 4.40688,
	2.4219 4.405,
	2.39177 4.40688,
	2.3767 4.41065,
	2.34657 4.4276,
	2.33904 4.43136,
	2.32397 4.43136,
	2.31644 4.43136,
	2.3089 4.4276,
	2.29384 4.42571,
	2.27877 4.4163,
	2.27501 4.4163,
	2.26182 4.40688,
	2.24111 4.38052,
	2.22604 4.36545,
	2.22604 4.36168,
	2.21662 4.34662,
	2.21662 4.33343,
	"/>
</Transform>

<Transform dim="0"
 xcoef=" 0 1 0 0 0 0"
 ycoef=" 0 0 1 0 0 0">
<Contour name="d09p01" hidden="false" closed="true" simplified="false" border="1 0.502 0" fill="1 0.502 0" mode="-9"
 points="2.71275 4.27773,
	2.71275 4.27319,
	2.71728 4.26865,
	2.72182 4.26865,
	2.72636 4.27319,
	2.72636 4.27773,
	2.72182 4.28227,
	2.71728 4.28227,
	"/>
</Transform>

<Transform dim="0"
 xcoef=" 0 1 0 0 0 0"
 ycoef=" 0 0 1 0 0 0">
<Contour name="d03ax04" hidden="false" closed="true" simplified="true" border="0 1 1" fill="0 1 1" mode="-11"
 points="2.10722 4.12338,
	2.12003 4.10062,
	2.13141 4.09066,
	2.14279 4.08497,
	2.14848 4.08212,
	2.15702 4.07074,
	2.15844 4.06505,
	2.16414 4.05936,
	2.16698 4.05366,
	2.17267 4.0494,
	2.2182 4.03659,
	2.26373 4.03374,
	2.2865 4.03374,
	2.29788 4.03374,
	2.34341 4.02379,
	2.36618 4.02379,
	2.37756 4.02521,
	2.38752 4.03374,
	2.39748 4.07928,
	2.40033 4.12481,
	2.3989 4.14757,
	2.38752 4.1931,
	2.39037 4.20449,
	2.39037 4.20733,
	2.41171 4.2301,
	2.4174 4.24148,
	2.42167 4.26424,
	2.42167 4.27563,
	2.4174 4.29839,
	2.41029 4.32116,
	2.41456 4.36669,
	2.41313 4.37807,
	2.41456 4.38945,
	2.42025 4.40084,
	2.42452 4.40653,
	2.4359 4.4108,
	2.44159 4.41364,
	2.45297 4.41364,
	2.46435 4.41791,
	2.47005 4.41791,
	2.49281 4.42929,
	2.51415 4.45206,
	2.52981 4.47482,
	2.53834 4.48621,
	2.56111 4.50613,
	2.57249 4.51466,
	2.57818 4.51751,
	2.60095 4.52036,
	2.61233 4.52178,
	2.61802 4.52462,
	2.62371 4.52462,
	2.6351 4.53316,
	2.64221 4.54454,
	2.64363 4.56731,
	2.64079 4.59007,
	2.63225 4.61284,
	2.60095 4.65837,
	2.59526 4.66406,
	2.58814 4.67544,
	2.56964 4.69821,
	2.56111 4.70959,
	2.54973 4.71955,
	2.52696 4.73236,
	2.51558 4.7409,
	2.51273 4.7409,
	2.50704 4.74516,
	2.50419 4.74801,
	2.4985 4.74943,
	2.48712 4.75655,
	2.46435 4.76082,
	2.44159 4.75939,
	2.43021 4.75655,
	2.42452 4.75512,
	2.41882 4.75086,
	2.40744 4.74659,
	2.39606 4.73805,
	2.38183 4.71528,
	2.37045 4.70532,
	2.34768 4.68967,
	2.3363 4.6854,
	2.33061 4.68114,
	2.32776 4.67829,
	2.32492 4.67829,
	2.30357 4.65695,
	2.29504 4.64557,
	2.28792 4.6228,
	2.27512 4.60003,
	2.26658 4.58865,
	2.24382 4.56873,
	2.23812 4.56304,
	2.23243 4.56162,
	2.22105 4.55308,
	2.21109 4.5417,
	2.20113 4.51893,
	2.19686 4.50755,
	2.19402 4.50186,
	2.17125 4.48905,
	2.16129 4.47767,
	2.15702 4.46629,
	2.1556 4.4549,
	2.15418 4.44921,
	2.15702 4.43783,
	2.17552 4.41649,
	2.1869 4.40795,
	2.23243 4.3923,
	2.24382 4.38803,
	2.24666 4.38661,
	2.2367 4.37665,
	2.22105 4.35388,
	2.20824 4.33112,
	2.18548 4.30978,
	2.16271 4.29555,
	2.15418 4.28416,
	2.14848 4.27278,
	2.14564 4.26709,
	2.14137 4.22156,
	2.1371 4.19879,
	2.11149 4.15326,
	2.10722 4.14188,
	2.10722 4.1305,
	2.10722 4.12481,
	"/>
</Transform>

<Transform dim="0"
 xcoef=" 0 1 0 0 0 0"
 ycoef=" 0 0 1 0 0 0">
<Contour name="d06ax04" hidden="false" closed="true" simplified="true" border="0 1 1" fill="0 1 1" mode="-11"
 points="3.08558 1.11687,
	3.09099 1.11146,
	3.11263 1.10064,
	3.15589 1.09118,
	3.17753 1.08847,
	3.19916 1.08847,
	3.2208 1.09118,
	3.30733 1.08982,
	3.3506 1.08982,
	3.37224 1.08982,
	3.37765 1.09118,
	3.39928 1.10875,
	3.40334 1.11416,
	3.40739 1.12498,
	3.42767 1.14391,
	3.43173 1.14932,
	3.43308 1.16014,
	3.42903 1.17095,
	3.41821 1.17771,
	3.39658 1.18447,
	3.35331 1.19259,
	3.34249 1.19394,
	3.33302 1.20476,
	3.32356 1.21287,
	3.28029 1.21963,
	3.23702 1.22369,
	3.21539 1.22369,
	3.19375 1.21963,
	3.18294 1.21557,
	3.1613 1.198,
	3.13967 1.18312,
	3.11803 1.17095,
	3.0964 1.15338,
	3.08829 1.14256,
	3.08558 1.13715,
	3.08558 1.12633,
	3.08558 1.12092,
	3.08558 1.11822,
	"/>
</Transform>

<Transform dim="0"
 xcoef=" 0 1 0 0 0 0"
 ycoef=" 0 0 1 0 0 0">
<Contour name="d09ax02" hidden="false" closed="true" simplified="true" border="0 1 1" fill="0 1 1" mode="-11"
 points="1.89696 4.68432,
	1.90032 4.67086,
	1.92894 4.61699,
	1.93399 4.60353,
	1.94914 4.5766,
	1.95924 4.56313,
	1.9727 4.55135,
	1.99963 4.53957,
	2.02656 4.53115,
	2.04003 4.52779,
	2.04676 4.52779,
	2.06023 4.52105,
	2.08716 4.51432,
	2.10062 4.51264,
	2.12755 4.50422,
	2.15449 4.49917,
	2.16795 4.49917,
	2.19488 4.50759,
	2.20666 4.52105,
	2.22518 4.54798,
	2.23864 4.55977,
	2.24874 4.57323,
	2.25379 4.57996,
	2.25716 4.58333,
	2.28409 4.59175,
	2.29587 4.60521,
	2.29924 4.60858,
	2.30429 4.63551,
	2.31271 4.64898,
	2.31607 4.65234,
	2.343 4.65402,
	2.35647 4.66076,
	2.38003 4.68769,
	2.40528 4.70957,
	2.40528 4.7365,
	2.4036 4.74997,
	2.38508 4.77521,
	2.37162 4.787,
	2.36657 4.79373,
	2.36152 4.8072,
	2.34469 4.83413,
	2.3228 4.86106,
	2.31607 4.86779,
	2.31271 4.87452,
	2.30934 4.87789,
	2.30934 4.89135,
	2.31439 4.91829,
	2.31439 4.93175,
	2.30597 4.95868,
	2.29756 4.97046,
	2.28409 4.98056,
	2.25716 4.98898,
	2.23023 4.9873,
	2.2033 4.9772,
	2.18983 4.96878,
	2.1831 4.96542,
	2.15617 4.94353,
	2.14439 4.93343,
	2.13765 4.93007,
	2.13092 4.92334,
	2.07706 4.89472,
	2.06359 4.88967,
	2.00973 4.85096,
	1.9828 4.83413,
	1.96428 4.8072,
	1.95924 4.80046,
	1.95924 4.7971,
	1.93735 4.77016,
	1.92725 4.75838,
	1.92052 4.75165,
	1.90201 4.7264,
	1.89696 4.69947,
	1.89696 4.68601,
	"/>
</Transform>

<Transform dim="0"
 xcoef=" 0 1 0 0 0 0"
 ycoef=" 0 0 1 0 0 0">
<Contour name="d03ax04ssvr" hidden="false" closed="true" simplified="false" border="0 1 0" fill="0 1 0" mode="11"
 points="2.50028 4.68662,
	2.49044 4.67678,
	2.50028 4.66694,
	2.51012 4.67678,
	"/>
<Contour name="d03ax04ssvr" hidden="false" closed="true" simplified="false" border="0 1 0" fill="0 1 0" mode="11"
 points="2.51293 4.61073,
	2.50309 4.60089,
	2.51293 4.59106,
	2.52276 4.60089,
	"/>
<Contour name="d03ax04ssvr" hidden="false" closed="true" simplified="false" border="0 1 0" fill="0 1 0" mode="11"
 points="2.49606 4.57981,
	2.48623 4.56998,
	2.49606 4.56014,
	2.5059 4.56998,
	"/>
<Contour name="d03ax04ssvr" hidden="false" closed="true" simplified="false" border="0 1 0" fill="0 1 0" mode="11"
 points="2.52979 4.56998,
	2.51995 4.56014,
	2.52979 4.5503,
	2.53963 4.56014,
	"/>
<Contour name="d03ax04ssvr" hidden="false" closed="true" simplified="false" border="0 1 0" fill="0 1 0" mode="11"
 points="2.53401 4.53484,
	2.52417 4.52501,
	2.53401 4.51517,
	2.54384 4.52501,
	"/>
<Contour name="d03ax04ssvr" hidden="false" closed="true" simplified="false" border="0 1 0" fill="0 1 0" mode="11"
 points="2.47498 4.5236,
	2.46515 4.51377,
	2.47498 4.50393,
	2.48482 4.51377,
	"/>
<Contour name="d03ax04ssvr" hidden="false" closed="true" simplified="false" border="0 1 0" fill="0 1 0" mode="11"
 points="2.4525 4.50674,
	2.44266 4.4969,
	2.4525 4.48707,
	2.46234 4.4969,
	"/>
<Contour name="d03ax04ssvr" hidden="false" closed="true" simplified="false" border="0 1 0" fill="0 1 0" mode="11"
 points="2.40472 4.49269,
	2.39488 4.48285,
	2.40472 4.47301,
	2.41456 4.48285,
	"/>
<Contour name="d03ax04ssvr" hidden="false" closed="true" simplified="false" border="0 1 0" fill="0 1 0" mode="11"
 points="2.34851 4.51096,
	2.33867 4.50112,
	2.34851 4.49128,
	2.35834 4.50112,
	"/>
<Contour name="d03ax04ssvr" hidden="false" closed="true" simplified="false" border="0 1 0" fill="0 1 0" mode="11"
 points="2.25154 4.4969,
	2.24171 4.48707,
	2.25154 4.47723,
	2.26138 4.48707,
	"/>
<Contour name="d03ax04ssvr" hidden="false" closed="true" simplified="false" border="0 1 0" fill="0 1 0" mode="11"
 points="2.27543 4.54609,
	2.2656 4.53625,
	2.27543 4.52641,
	2.28527 4.53625,
	"/>
<Contour name="d03ax04ssvr" hidden="false" closed="true" simplified="false" border="0 1 0" fill="0 1 0" mode="11"
 points="2.35272 4.62197,
	2.34289 4.61214,
	2.35272 4.6023,
	2.36256 4.61214,
	"/>
<Contour name="d03ax04ssvr" hidden="false" closed="true" simplified="false" border="0 1 0" fill="0 1 0" mode="11"
 points="2.40191 4.65289,
	2.39207 4.64305,
	2.40191 4.63321,
	2.41175 4.64305,
	"/>
<Contour name="d03ax04ssvr" hidden="false" closed="true" simplified="false" border="0 1 0" fill="0 1 0" mode="11"
 points="2.44407 4.64024,
	2.43423 4.6304,
	2.44407 4.62057,
	2.4539 4.6304,
	"/>
<Contour name="d03ax04ssvr" hidden="false" closed="true" simplified="false" border="0 1 0" fill="0 1 0" mode="11"
 points="2.41596 4.58122,
	2.40612 4.57138,
	2.41596 4.56155,
	2.4258 4.57138,
	"/>
<Contour name="d03ax04ssvr" hidden="false" closed="true" simplified="false" border="0 1 0" fill="0 1 0" mode="11"
 points="2.45109 4.59949,
	2.44126 4.58965,
	2.45109 4.57981,
	2.46093 4.58965,
	"/>
<Contour name="d03ax04ssvr" hidden="false" closed="true" simplified="false" border="0 1 0" fill="0 1 0" mode="11"
 points="2.44126 4.5503,
	2.43142 4.54047,
	2.44126 4.53063,
	2.45109 4.54047,
	"/>
<Contour name="d03ax04ssvr" hidden="false" closed="true" simplified="false" border="0 1 0" fill="0 1 0" mode="11"
 points="2.47779 4.63321,
	2.46796 4.62338,
	2.47779 4.61354,
	2.48763 4.62338,
	"/>
<Contour name="d03ax04ssvr" hidden="false" closed="true" simplified="false" border="0 1 0" fill="0 1 0" mode="11"
 points="2.38645 4.54047,
	2.37661 4.53063,
	2.38645 4.52079,
	2.39629 4.53063,
	"/>
</Transform>

<Transform dim="6"
 xcoef=" 0.398423714597392 1.00823147477524 -0.025296968418134 0 0 0"
 ycoef=" -0.537196700405494 0.0357805230828718 1.0506738255648 0 0 0">
<Image mag="0.0021709" contrast="0.922" brightness="0.03" red="true" green="true" blue="true"
 src="JPTZX.84.jpg" />
<Contour name="domain1" hidden="false" closed="true" simplified="false" border="1 0 1" fill="1 0 1" mode="11"
 points="0 0,
	4083 0,
	4083 4083,
	0 4083,
	"/>
</Transform>

<Transform dim="0"
 xcoef=" 0 1 0 0 0 0"
 ycoef=" 0 0 1 0 0 0">
<Contour name="d09ax02ssvr" hidden="false" closed="true" simplified="false" border="0 1 0" fill="0 1 0" mode="11"
 points="2.12525 4.65604,
	2.11495 4.64574,
	2.12525 4.63543,
	2.13556 4.64574,
	"/>
<Contour name="d09ax02ssvr" hidden="false" closed="true" simplified="false" border="0 1 0" fill="0 1 0" mode="11"
 points="2.04722 4.63838,
	2.03691 4.62807,
	2.04722 4.61776,
	2.05753 4.62807,
	"/>
<Contour name="d09ax02ssvr" hidden="false" closed="true" simplified="false" border="0 1 0" fill="0 1 0" mode="11"
 points="1.99127 4.62218,
	1.98096 4.61187,
	1.99127 4.60157,
	2.00157 4.61187,
	"/>
<Contour name="d09ax02ssvr" hidden="false" closed="true" simplified="false" border="0 1 0" fill="0 1 0" mode="11"
 points="2.02955 4.58684,
	2.01924 4.57654,
	2.02955 4.56623,
	2.03986 4.57654,
	"/>
<Contour name="d09ax02ssvr" hidden="false" closed="true" simplified="false" border="0 1 0" fill="0 1 0" mode="11"
 points="2.05605 4.59715,
	2.04575 4.58684,
	2.05605 4.57654,
	2.06636 4.58684,
	"/>
<Contour name="d09ax02ssvr" hidden="false" closed="true" simplified="false" border="0 1 0" fill="0 1 0" mode="11"
 points="2.15765 4.60304,
	2.14734 4.59273,
	2.15765 4.58243,
	2.16795 4.59273,
	"/>
<Contour name="d09ax02ssvr" hidden="false" closed="true" simplified="false" border="0 1 0" fill="0 1 0" mode="11"
 points="2.17973 4.6693,
	2.16943 4.65899,
	2.17973 4.64868,
	2.19004 4.65899,
	"/>
<Contour name="d09ax02ssvr" hidden="false" closed="true" simplified="false" border="0 1 0" fill="0 1 0" mode="11"
 points="2.20771 4.64574,
	2.1974 4.63543,
	2.20771 4.62512,
	2.21801 4.63543,
	"/>
<Contour name="d09ax02ssvr" hidden="false" closed="true" simplified="false" border="0 1 0" fill="0 1 0" mode="11"
 points="2.22685 4.67519,
	2.21654 4.66488,
	2.22685 4.65457,
	2.23716 4.66488,
	"/>
<Contour name="d09ax02ssvr" hidden="false" closed="true" simplified="false" border="0 1 0" fill="0 1 0" mode="11"
 points="2.20476 4.71641,
	2.19446 4.70611,
	2.20476 4.6958,
	2.21507 4.70611,
	"/>
<Contour name="d09ax02ssvr" hidden="false" closed="true" simplified="false" border="0 1 0" fill="0 1 0" mode="11"
 points="2.19446 4.76206,
	2.18415 4.75175,
	2.19446 4.74144,
	2.20476 4.75175,
	"/>
<Contour name="d09ax02ssvr" hidden="false" closed="true" simplified="false" border="0 1 0" fill="0 1 0" mode="11"
 points="2.1547 4.75322,
	2.1444 4.74291,
	2.1547 4.73261,
	2.16501 4.74291,
	"/>
<Contour name="d09ax02ssvr" hidden="false" closed="true" simplified="false" border="0 1 0" fill="0 1 0" mode="11"
 points="2.11937 4.75322,
	2.10906 4.74291,
	2.11937 4.73261,
	2.12967 4.74291,
	"/>
<Contour name="d09ax02ssvr" hidden="false" closed="true" simplified="false" border="0 1 0" fill="0 1 0" mode="11"
 points="2.08256 4.76794,
	2.07225 4.75764,
	2.08256 4.74733,
	2.09286 4.75764,
	"/>
<Contour name="d09ax02ssvr" hidden="false" closed="true" simplified="false" border="0 1 0" fill="0 1 0" mode="11"
 points="2.08256 4.72819,
	2.07225 4.71788,
	2.08256 4.70758,
	2.09286 4.71788,
	"/>
<Contour name="d09ax02ssvr" hidden="false" closed="true" simplified="false" border="0 1 0" fill="0 1 0" mode="11"
 points="2.07667 4.68844,
	2.06636 4.67813,
	2.07667 4.66782,
	2.08697 4.67813,
	"/>
<Contour name="d09ax02ssvr" hidden="false" closed="true" simplified="false" border="0 1 0" fill="0 1 0" mode="11"
 points="2.12231 4.70463,
	2.112 4.69433,
	2.12231 4.68402,
	2.13262 4.69433,
	"/>
<Contour name="d09ax02ssvr" hidden="false" closed="true" simplified="false" border="0 1 0" fill="0 1 0" mode="11"
 points="2.02513 4.70463,
	2.01483 4.69433,
	2.02513 4.68402,
	2.03544 4.69433,
	"/>
<Contour name="d09ax02ssvr" hidden="false" closed="true" simplified="false" border="0 1 0" fill="0 1 0" mode="11"
 points="2.0163 4.65752,
	2.00599 4.64721,
	2.0163 4.6369,
	2.02661 4.64721,
	"/>
<Contour name="d09ax02ssvr" hidden="false" closed="true" simplified="false" border="0 1 0" fill="0 1 0" mode="11"
 points="1.97065 4.68107,
	1.96035 4.67077,
	1.97065 4.66046,
	1.98096 4.67077,
	"/>
<Contour name="d09ax02ssvr" hidden="false" closed="true" simplified="false" border="0 1 0" fill="0 1 0" mode="11"
 points="1.96918 4.7385,
	1.95888 4.72819,
	1.96918 4.71788,
	1.97949 4.72819,
	"/>
<Contour name="d09ax02ssvr" hidden="false" closed="true" simplified="false" border="0 1 0" fill="0 1 0" mode="11"
 points="2.01924 4.76206,
	2.00894 4.75175,
	2.01924 4.74144,
	2.02955 4.75175,
	"/>
<Contour name="d09ax02ssvr" hidden="false" closed="true" simplified="false" border="0 1 0" fill="0 1 0" mode="11"
 points="2.05753 4.81506,
	2.04722 4.80475,
	2.05753 4.79445,
	2.06783 4.80475,
	"/>
<Contour name="d09ax02ssvr" hidden="false" closed="true" simplified="false" border="0 1 0" fill="0 1 0" mode="11"
 points="2.13851 4.82095,
	2.1282 4.81064,
	2.13851 4.80034,
	2.14881 4.81064,
	"/>
<Contour name="d09ax02ssvr" hidden="false" closed="true" simplified="false" border="0 1 0" fill="0 1 0" mode="11"
 points="2.13262 4.85482,
	2.12231 4.84451,
	2.13262 4.8342,
	2.14292 4.84451,
	"/>
<Contour name="d09ax02ssvr" hidden="false" closed="true" simplified="false" border="0 1 0" fill="0 1 0" mode="11"
 points="2.1017 4.81653,
	2.09139 4.80623,
	2.1017 4.79592,
	2.112 4.80623,
	"/>
<Contour name="d09ax02ssvr" hidden="false" closed="true" simplified="false" border="0 1 0" fill="0 1 0" mode="11"
 points="2.17384 4.85334,
	2.16354 4.84304,
	2.17384 4.83273,
	2.18415 4.84304,
	"/>
<Contour name="d09ax02ssvr" hidden="false" closed="true" simplified="false" border="0 1 0" fill="0 1 0" mode="11"
 points="2.18562 4.79739,
	2.17532 4.78709,
	2.18562 4.77678,
	2.19593 4.78709,
	"/>
<Contour name="d09ax02ssvr" hidden="false" closed="true" simplified="false" border="0 1 0" fill="0 1 0" mode="11"
 points="2.15176 4.78414,
	2.14145 4.77383,
	2.15176 4.76353,
	2.16206 4.77383,
	"/>
<Contour name="d09ax02ssvr" hidden="false" closed="true" simplified="false" border="0 1 0" fill="0 1 0" mode="11"
 points="2.22832 4.80328,
	2.21801 4.79298,
	2.22832 4.78267,
	2.23863 4.79298,
	"/>
<Contour name="d09ax02ssvr" hidden="false" closed="true" simplified="false" border="0 1 0" fill="0 1 0" mode="11"
 points="2.27838 4.765,
	2.26808 4.75469,
	2.27838 4.74439,
	2.28869 4.75469,
	"/>
<Contour name="d09ax02ssvr" hidden="false" closed="true" simplified="false" border="0 1 0" fill="0 1 0" mode="11"
 points="2.28574 4.71936,
	2.27544 4.70905,
	2.28574 4.69874,
	2.29605 4.70905,
	"/>
<Contour name="d09ax02ssvr" hidden="false" closed="true" simplified="false" border="0 1 0" fill="0 1 0" mode="11"
 points="2.34169 4.75617,
	2.33139 4.74586,
	2.34169 4.73555,
	2.352 4.74586,
	"/>
</Transform>

<Transform dim="0"
 xcoef=" 0 1 0 0 0 0"
 ycoef=" 0 0 1 0 0 0">
<Contour name="d03c04" hidden="false" closed="true" simplified="true" border="1 0 0" fill="1 0 0" mode="-11"
 points="2.44099 4.73966,
	2.55538 4.57329,
	2.58462 4.5317,
	2.58657 4.5291,
	2.58722 4.52845,
	2.67041 4.57004,
	2.67561 4.57264,
	2.67821 4.57459,
	2.67886 4.57589,
	2.61192 4.74226,
	2.59437 4.78386,
	2.59307 4.78516,
	2.50988 4.76111,
	2.46829 4.74876,
	2.44749 4.74291,
	2.44229 4.74096,
	2.44164 4.74031,
	"/>
</Transform>

</Section>