<?xml version="1.0"?>
<!DOCTYPE Section SYSTEM "section.dtd">

<Section index="166" thickness="0.038" alignLocked="true">
<Transform dim="6"
 xcoef=" -0.854809175533175 1.01236981044469 0.0621391002428862 0 0 0"
 ycoef=" 0.167991421882404 0.0683733878523437 1.02461939773173 0 0 0">
<Image mag="0.0021709" contrast="0.922" brightness="0.03" red="true" green="true" blue="true"
 src="JPTZX.226.jpg" />
<Contour name="domain1" hidden="false" closed="true" simplified="false" border="1 0 1" fill="1 0 1" mode="11"
 points="0 0,
	4083 0,
	4083 4083,
	0 4083,
	"/>
</Transform>

<Transform dim="0"
 xcoef=" 0 1 0 0 0 0"
 ycoef=" 0 0 1 0 0 0">
<Contour name="mito11" hidden="false" closed="false" simplified="true" border="1 0.5 0" fill="1 0.5 0" mode="-9"
 points="4.95322 5.67992,
	4.82781 5.45225,
	"/>
</Transform>

<Transform dim="0"
 xcoef=" 0 1 0 0 0 0"
 ycoef=" 0 0 1 0 0 0">
<Contour name="d01" hidden="false" closed="true" simplified="true" border="1 0.5 0" fill="1 0.5 0" mode="11"
 points="4.01038 3.82175,
	4.02623 3.79639,
	4.03099 3.78371,
	4.03892 3.77103,
	4.04526 3.76627,
	4.05794 3.76469,
	4.06428 3.76469,
	4.07696 3.75676,
	4.0833 3.75201,
	4.09598 3.75201,
	4.10232 3.75201,
	4.115 3.75993,
	4.12451 3.77261,
	4.12927 3.77737,
	4.14195 3.78212,
	4.14512 3.78846,
	4.14353 3.80115,
	4.13402 3.81383,
	4.12927 3.82017,
	4.10391 3.82968,
	4.09281 3.83919,
	4.08647 3.86455,
	4.08013 3.87723,
	4.07696 3.88357,
	4.0833 3.88516,
	4.06428 3.91052,
	4.05952 3.91686,
	4.04684 3.92162,
	4.03416 3.9232,
	4.02306 3.9121,
	4.01672 3.88674,
	4.01514 3.86138,
	4.01831 3.8487,
	4.01038 3.83602,
	4.01038 3.82334,
	"/>
</Transform>

<Transform dim="0"
 xcoef=" 0 1 0 0 0 0"
 ycoef=" 0 0 1 0 0 0">
<Contour name="d01" hidden="false" closed="true" simplified="true" border="1 0.5 0" fill="1 0.5 0" mode="11"
 points="4.11025 3.70445,
	4.11817 3.69177,
	4.11659 3.64105,
	4.11976 3.63471,
	4.14512 3.61093,
	4.1578 3.603,
	4.18316 3.5824,
	4.19584 3.57764,
	4.24657 3.57289,
	4.27193 3.57289,
	4.27986 3.58557,
	4.28303 3.59191,
	4.28937 3.59666,
	4.30205 3.60142,
	4.31156 3.61251,
	4.31631 3.6252,
	4.31631 3.62837,
	4.31948 3.63154,
	4.32265 3.64422,
	4.32265 3.6569,
	4.31473 3.68226,
	4.31314 3.69494,
	4.31473 3.70128,
	4.32107 3.70762,
	4.32265 3.7203,
	4.30997 3.73298,
	4.30363 3.73774,
	4.27827 3.73774,
	4.25291 3.75201,
	4.22755 3.76944,
	4.21486 3.77737,
	4.1895 3.77737,
	4.16414 3.77261,
	4.15146 3.76786,
	4.13878 3.75835,
	4.12927 3.74725,
	4.11659 3.73774,
	4.11183 3.7314,
	4.11025 3.70604,
	"/>
</Transform>

<Transform dim="0"
 xcoef=" 0 1 0 0 0 0"
 ycoef=" 0 0 1 0 0 0">
<Contour name="d01" hidden="false" closed="true" simplified="true" border="1 0.5 0" fill="1 0.5 0" mode="11"
 points="1.97032 3.66165,
	1.9719 3.64897,
	1.97666 3.63629,
	1.98934 3.62361,
	2.00202 3.61568,
	2.02738 3.61727,
	2.04006 3.62202,
	2.06542 3.64104,
	2.06859 3.64421,
	2.11932 3.64263,
	2.132 3.64263,
	2.15736 3.6347,
	2.1637 3.63153,
	2.18431 3.60617,
	2.18748 3.59349,
	2.18748 3.56813,
	2.1748 3.5174,
	2.1637 3.49204,
	2.15102 3.48095,
	2.14627 3.4746,
	2.14627 3.46826,
	2.15419 3.45558,
	2.16529 3.4429,
	2.17638 3.41754,
	2.18114 3.40486,
	2.19699 3.3795,
	2.20809 3.3684,
	2.22077 3.36048,
	2.22711 3.35572,
	2.23028 3.35572,
	2.24296 3.34779,
	2.2493 3.34621,
	2.27466 3.32877,
	2.28417 3.31609,
	2.29051 3.30341,
	2.30319 3.2939,
	2.32856 3.28914,
	2.35392 3.28122,
	2.3666 3.27488,
	2.37928 3.26378,
	2.41574 3.21306,
	2.41891 3.20672,
	2.43159 3.19879,
	2.48231 3.19879,
	2.50768 3.20038,
	2.52036 3.19879,
	2.53304 3.19404,
	2.5584 3.17977,
	2.57108 3.17343,
	2.59644 3.17185,
	2.60912 3.17185,
	2.61546 3.17185,
	2.61863 3.17343,
	2.61705 3.17502,
	2.64241 3.17502,
	2.65509 3.17819,
	2.66777 3.18611,
	2.67411 3.19087,
	2.68045 3.19245,
	2.69314 3.19087,
	2.70582 3.19404,
	2.7185 3.20196,
	2.72484 3.2083,
	2.73118 3.21147,
	2.73435 3.21464,
	2.75971 3.21623,
	2.81044 3.21464,
	2.91188 3.21623,
	2.93725 3.21623,
	2.96261 3.21147,
	2.97529 3.21147,
	2.98797 3.2083,
	2.99431 3.20672,
	3.00065 3.20196,
	3.00382 3.19879,
	3.0165 3.19562,
	3.02918 3.1877,
	3.03552 3.1877,
	3.0482 3.19879,
	3.05613 3.21147,
	3.05772 3.21781,
	3.06881 3.22732,
	3.11954 3.24476,
	3.22098 3.26695,
	3.27171 3.2828,
	3.32243 3.28439,
	3.34779 3.28122,
	3.37316 3.27171,
	3.39852 3.27329,
	3.4112 3.28122,
	3.41596 3.2939,
	3.41596 3.30024,
	3.42705 3.3256,
	3.43656 3.3367,
	3.46192 3.35096,
	3.47143 3.37633,
	3.46826 3.40169,
	3.46985 3.41437,
	3.47143 3.42071,
	3.49521 3.43973,
	3.50631 3.45083,
	3.50789 3.47619,
	3.50948 3.48887,
	3.51423 3.50155,
	3.51423 3.51423,
	3.51265 3.52057,
	3.51265 3.52374,
	3.49204 3.54594,
	3.48729 3.55069,
	3.49204 3.57605,
	3.50155 3.58873,
	3.50472 3.5919,
	3.50472 3.61727,
	3.4968 3.62995,
	3.49046 3.6347,
	3.48729 3.63629,
	3.49046 3.66165,
	3.49046 3.66799,
	3.47778 3.68067,
	3.46509 3.6886,
	3.44449 3.71396,
	3.43181 3.73932,
	3.42705 3.752,
	3.42071 3.75359,
	3.41754 3.75359,
	3.4112 3.74091,
	3.40803 3.72823,
	3.40803 3.71554,
	3.40327 3.70286,
	3.39852 3.69652,
	3.37316 3.68701,
	3.35572 3.66324,
	3.34304 3.66324,
	3.33036 3.67116,
	3.32402 3.67433,
	3.29866 3.69652,
	3.27646 3.72189,
	3.22732 3.76785,
	3.21781 3.78054,
	3.20672 3.8059,
	3.19721 3.81858,
	3.18453 3.84394,
	3.17343 3.85662,
	3.14965 3.87564,
	3.12429 3.88991,
	3.11795 3.89308,
	3.11478 3.89625,
	3.1021 3.901,
	3.09576 3.90418,
	3.0704 3.90576,
	3.01967 3.91369,
	2.96895 3.91369,
	2.94359 3.90893,
	2.91822 3.89942,
	2.91188 3.89625,
	2.88652 3.89783,
	2.87384 3.90259,
	2.86116 3.91052,
	2.8358 3.91844,
	2.81044 3.91844,
	2.79775 3.91686,
	2.77239 3.92161,
	2.75971 3.92795,
	2.73435 3.94856,
	2.70899 3.95014,
	2.68521 3.966,
	2.68204 3.96917,
	2.65668 3.97075,
	2.60595 3.96282,
	2.55523 3.94539,
	2.52987 3.93588,
	2.51719 3.93112,
	2.46646 3.92478,
	2.45378 3.9232,
	2.42842 3.91369,
	2.40306 3.91527,
	2.39672 3.91844,
	2.37135 3.91686,
	2.34599 3.90576,
	2.3349 3.89466,
	2.30953 3.8804,
	2.28417 3.87247,
	2.25881 3.86138,
	2.24613 3.85187,
	2.23345 3.84553,
	2.22711 3.84394,
	2.20333 3.82333,
	2.17797 3.82175,
	2.15261 3.81699,
	2.14151 3.80431,
	2.13676 3.79163,
	2.13517 3.76627,
	2.13358 3.75359,
	2.11773 3.72981,
	2.11298 3.72347,
	2.1003 3.71713,
	2.08762 3.71396,
	2.06225 3.70128,
	2.04957 3.69494,
	2.02738 3.67116,
	2.0147 3.66799,
	1.98934 3.66958,
	1.97666 3.66958,
	1.97032 3.66799,
	1.97032 3.66324,
	"/>
</Transform>

<Transform dim="0"
 xcoef=" 0 1 0 0 0 0"
 ycoef=" 0 0 1 0 0 0">
<Contour name="d01" hidden="false" closed="true" simplified="true" border="1 0.5 0" fill="1 0.5 0" mode="11"
 points="2.31558 5.0198,
	2.31738 5.0126,
	2.32818 4.99821,
	2.34257 4.98921,
	2.37136 4.97841,
	2.37856 4.97662,
	2.40374 4.94963,
	2.43253 4.93164,
	2.44693 4.91904,
	2.46132 4.91364,
	2.47032 4.90105,
	2.4973 4.87406,
	2.52609 4.85427,
	2.53329 4.85067,
	2.54768 4.85067,
	2.55488 4.85247,
	2.55848 4.85607,
	2.55668 4.88486,
	2.55488 4.89205,
	2.54228 4.90465,
	2.52789 4.91364,
	2.52609 4.94243,
	2.52429 4.94963,
	2.5063 4.97841,
	2.4955 5.0072,
	2.49191 5.0144,
	2.46312 5.04139,
	2.45232 5.05578,
	2.44693 5.07017,
	2.44513 5.08457,
	2.43973 5.09896,
	2.42893 5.11336,
	2.40195 5.12955,
	2.38755 5.13495,
	2.38395 5.13854,
	2.37676 5.13854,
	2.36956 5.13495,
	2.36236 5.12775,
	2.35517 5.09896,
	2.34617 5.08457,
	2.33358 5.07017,
	2.32638 5.05578,
	2.32638 5.05218,
	2.31738 5.03779,
	2.31558 5.02339,
	2.31558 5.0216,
	"/>
</Transform>

<Transform dim="0"
 xcoef=" 0 1 0 0 0 0"
 ycoef=" 0 0 1 0 0 0">
<Contour name="d01" hidden="false" closed="true" simplified="true" border="1 0.5 0" fill="1 0.5 0" mode="11"
 points="2.29665 2.87834,
	2.35014 2.87499,
	2.37688 2.87499,
	2.38357 2.87499,
	2.38691 2.88168,
	2.41366 2.88168,
	2.417 2.90842,
	2.40697 2.92179,
	2.38023 2.93182,
	2.36685 2.94185,
	2.34011 2.9452,
	2.31337 2.93517,
	2.29999 2.92179,
	2.29665 2.89505,
	2.29665 2.88168,
	"/>
</Transform>

<Transform dim="0"
 xcoef=" 0 1 0 0 0 0"
 ycoef=" 0 0 1 0 0 0">
<Contour name="d01mito01" hidden="false" closed="true" simplified="true" border="0 0.25098 0.501961" fill="0.5 0 1" mode="-11"
 points="2.86938 3.62927,
	2.8813 3.59458,
	2.88347 3.58591,
	2.89648 3.56856,
	2.90298 3.55122,
	2.91165 3.54255,
	2.92032 3.53929,
	2.92466 3.53713,
	2.929 3.53713,
	2.94634 3.52845,
	2.95501 3.5252,
	2.97236 3.51545,
	2.97452 3.51328,
	2.9832 3.51328,
	2.99187 3.51545,
	3.00921 3.51545,
	3.01788 3.51436,
	3.02222 3.51328,
	3.02981 3.50569,
	3.03848 3.50569,
	3.04715 3.50894,
	3.0645 3.51978,
	3.06775 3.52412,
	3.06775 3.53279,
	3.0645 3.54146,
	3.06341 3.57615,
	3.06233 3.58482,
	3.06233 3.58699,
	3.05366 3.59241,
	3.04173 3.60867,
	3.03631 3.62601,
	3.03089 3.63469,
	3.02872 3.63902,
	3.01246 3.65637,
	2.99512 3.67046,
	2.99078 3.67479,
	2.97344 3.68455,
	2.9561 3.68889,
	2.93875 3.68889,
	2.90406 3.67696,
	2.88672 3.66937,
	2.87913 3.66179,
	2.86938 3.64444,
	2.86938 3.63577,
	2.86938 3.63143,
	2.86938 3.63035,
	"/>
</Transform>

<Transform dim="0"
 xcoef=" 0 1 0 0 0 0"
 ycoef=" 0 0 1 0 0 0">
<Contour name="d01ser" hidden="false" closed="true" simplified="true" border="0 0.502 0" fill="1 0.5 0" mode="11"
 points="3.03095 3.84208,
	3.03958 3.83776,
	3.05683 3.8356,
	3.06546 3.83776,
	3.06331 3.85502,
	3.04605 3.85718,
	3.03742 3.85718,
	3.0331 3.85718,
	3.03095 3.84855,
	3.03095 3.84423,
	"/>
</Transform>

<Transform dim="0"
 xcoef=" 0 1 0 0 0 0"
 ycoef=" 0 0 1 0 0 0">
<Contour name="d01ser" hidden="false" closed="true" simplified="true" border="0 0.502 0" fill="1 0.5 0" mode="11"
 points="2.4072 3.36383,
	2.42654 3.34152,
	2.44886 3.34003,
	2.45927 3.35044,
	2.46522 3.35491,
	2.4682 3.35639,
	2.46671 3.3683,
	2.45481 3.37871,
	2.44291 3.37871,
	2.43696 3.37871,
	2.41315 3.37127,
	2.4072 3.36978,
	2.4072 3.36532,
	"/>
</Transform>

<Transform dim="0"
 xcoef=" 0 1 0 0 0 0"
 ycoef=" 0 0 1 0 0 0">
<Contour name="d01ser" hidden="false" closed="true" simplified="true" border="0 0.502 0" fill="1 0.5 0" mode="11"
 points="2.21974 3.63162,
	2.22569 3.61972,
	2.23759 3.62121,
	2.2614 3.62865,
	2.26288 3.64055,
	2.25842 3.65245,
	2.25098 3.66435,
	2.24503 3.66584,
	2.23908 3.66435,
	2.22718 3.65543,
	2.22123 3.64948,
	2.21974 3.63757,
	2.21974 3.63311,
	"/>
</Transform>

<Transform dim="0"
 xcoef=" 0 1 0 0 0 0"
 ycoef=" 0 0 1 0 0 0">
<Contour name="d01ser" hidden="false" closed="true" simplified="true" border="0 0.502 0" fill="1 0.5 0" mode="11"
 points="3.37275 3.5245,
	3.38317 3.5126,
	3.39507 3.50516,
	3.41887 3.50367,
	3.43077 3.50665,
	3.44268 3.5126,
	3.44863 3.51855,
	3.4516 3.52004,
	3.4516 3.53194,
	3.44416 3.54384,
	3.43375 3.55426,
	3.4278 3.55723,
	3.40399 3.55723,
	3.39209 3.55575,
	3.38019 3.55128,
	3.37424 3.54533,
	3.37275 3.53343,
	3.37275 3.52748,
	3.37275 3.52599,
	"/>
</Transform>

<Transform dim="0"
 xcoef=" 0 1 0 0 0 0"
 ycoef=" 0 0 1 0 0 0">
<Contour name="d01ser" hidden="false" closed="true" simplified="true" border="0 0.502 0" fill="1 0.5 0" mode="11"
 points="2.85501 3.28646,
	2.85947 3.28051,
	2.87138 3.282,
	2.87733 3.28646,
	2.8803 3.28646,
	2.89221 3.29688,
	2.89816 3.30134,
	2.89667 3.32514,
	2.89369 3.33109,
	2.88179 3.33258,
	2.87584 3.33109,
	2.86394 3.32217,
	2.8565 3.31027,
	2.85501 3.28795,
	"/>
</Transform>

<Transform dim="0"
 xcoef=" 0 1 0 0 0 0"
 ycoef=" 0 0 1 0 0 0">
<Contour name="d02" hidden="false" closed="true" simplified="true" border="0 0.251 0.502" fill="0.5 0 1" mode="11"
 points="5.30185 4.12266,
	5.30723 4.1083,
	5.30902 4.10112,
	5.3162 4.09574,
	5.33415 4.06702,
	5.33954 4.05984,
	5.33954 4.05266,
	5.34672 4.0383,
	5.3503 4.03113,
	5.36466 4.01856,
	5.4221 3.99523,
	5.45081 3.98087,
	5.46517 3.97369,
	5.47953 3.9701,
	5.48671 3.96831,
	5.51543 3.97728,
	5.52979 3.98446,
	5.54414 3.99523,
	5.57286 4.00779,
	5.60158 4.01677,
	5.60876 4.02215,
	5.61235 4.02574,
	5.61594 4.0401,
	5.62132 4.09753,
	5.64106 4.15497,
	5.64645 4.16933,
	5.64824 4.18368,
	5.64465 4.19086,
	5.61953 4.21778,
	5.61414 4.22496,
	5.59978 4.22855,
	5.58542 4.23573,
	5.57107 4.23932,
	5.55671 4.23932,
	5.52799 4.22676,
	5.51363 4.22137,
	5.4562 4.21599,
	5.39876 4.19804,
	5.37005 4.18907,
	5.35569 4.18548,
	5.32697 4.16933,
	5.31261 4.15497,
	5.30543 4.14779,
	5.30185 4.13343,
	5.30185 4.12625,
	5.30185 4.12446,
	"/>
</Transform>

<Transform dim="0"
 xcoef=" 0 1 0 0 0 0"
 ycoef=" 0 0 1 0 0 0">
<Contour name="d02" hidden="false" closed="true" simplified="true" border="0 0.251 0.502" fill="0.5 0 1" mode="11"
 points="5.39876 4.54803,
	5.41671 4.49059,
	5.43287 4.46188,
	5.4544 4.43316,
	5.46697 4.4188,
	5.5244 4.38829,
	5.53876 4.37932,
	5.56748 4.37034,
	5.62491 4.34522,
	5.65363 4.33804,
	5.71106 4.33804,
	5.73978 4.34163,
	5.79721 4.36675,
	5.82593 4.37034,
	5.88336 4.37034,
	5.89054 4.37034,
	5.94797 4.3506,
	6.00541 4.34881,
	6.03412 4.3506,
	6.09156 4.36316,
	6.14899 4.36675,
	6.15617 4.36675,
	6.18489 4.37573,
	6.2136 4.38829,
	6.22796 4.39726,
	6.24053 4.40983,
	6.24053 4.41342,
	6.24412 4.41521,
	6.2513 4.41342,
	6.25847 4.41521,
	6.26924 4.42778,
	6.29796 4.43496,
	6.32668 4.43137,
	6.35539 4.42419,
	6.38411 4.42598,
	6.39847 4.42957,
	6.40565 4.43137,
	6.42001 4.44034,
	6.42719 4.44214,
	6.4559 4.46188,
	6.47026 4.47085,
	6.49898 4.48162,
	6.50616 4.48521,
	6.50975 4.48701,
	6.51513 4.51572,
	6.52231 4.53008,
	6.54564 4.5588,
	6.56 4.57316,
	6.58872 4.58392,
	6.61744 4.60367,
	6.63179 4.61264,
	6.66051 4.61803,
	6.68923 4.61982,
	6.70359 4.627,
	6.71615 4.65572,
	6.71256 4.68443,
	6.6982 4.697,
	6.66948 4.71136,
	6.64077 4.7311,
	6.61205 4.75443,
	6.58333 4.77417,
	6.57077 4.78853,
	6.55462 4.81725,
	6.52769 4.84238,
	6.51334 4.85494,
	6.50616 4.86032,
	6.50077 4.87468,
	6.49898 4.88904,
	6.48462 4.89622,
	6.42719 4.9016,
	6.36975 4.91237,
	6.34104 4.91776,
	6.31232 4.92853,
	6.2836 4.93571,
	6.25489 4.94647,
	6.19745 4.95724,
	6.18309 4.95904,
	6.12566 4.98237,
	6.1113 4.98417,
	6.08258 4.98237,
	6.05387 4.97699,
	6.02515 4.96801,
	6.01797 4.96442,
	5.98925 4.96622,
	5.96054 4.9716,
	5.93182 4.98058,
	5.87439 5.00929,
	5.86721 5.01288,
	5.80977 5.01109,
	5.78106 5.01288,
	5.75234 5.0075,
	5.72362 4.99852,
	5.66619 4.9734,
	5.60876 4.95365,
	5.58004 4.94109,
	5.56568 4.93391,
	5.53696 4.93212,
	5.52261 4.93032,
	5.50825 4.92494,
	5.49389 4.91058,
	5.47415 4.88186,
	5.44184 4.82443,
	5.44363 4.79571,
	5.44902 4.78135,
	5.46876 4.75264,
	5.47235 4.74546,
	5.47056 4.71674,
	5.46697 4.70238,
	5.44363 4.64495,
	5.43646 4.63059,
	5.4221 4.61623,
	5.40235 4.58751,
	5.39876 4.58033,
	5.39876 4.55162,
	5.39876 4.54982,
	"/>
</Transform>

<Transform dim="0"
 xcoef=" 0 1 0 0 0 0"
 ycoef=" 0 0 1 0 0 0">
<Contour name="d02" hidden="false" closed="true" simplified="true" border="0 0.251 0.502" fill="0.5 0 1" mode="11"
 points="6.81486 5.03083,
	6.82025 5.01647,
	6.82563 4.98775,
	6.83102 4.9734,
	6.84358 4.96083,
	6.8723 4.94288,
	6.88666 4.9393,
	6.90101 4.9393,
	6.90819 4.9393,
	6.92255 4.94647,
	6.93512 4.95904,
	6.94768 4.98775,
	6.95486 5.00211,
	6.95845 5.01647,
	6.96024 5.07391,
	6.95845 5.10262,
	6.95306 5.13134,
	6.95127 5.13852,
	6.94229 5.15288,
	6.91358 5.17621,
	6.85614 5.1798,
	6.84896 5.17621,
	6.83281 5.14749,
	6.82563 5.13313,
	6.82384 5.10442,
	6.82743 5.09006,
	6.82743 5.0757,
	6.81486 5.04698,
	6.81486 5.03262,
	"/>
</Transform>

<Transform dim="0"
 xcoef=" 0 1 0 0 0 0"
 ycoef=" 0 0 1 0 0 0">
<Contour name="d02" hidden="false" closed="true" simplified="true" border="0 0.251 0.502" fill="0.5 0 1" mode="11"
 points="6.47385 3.88934,
	6.48103 3.87498,
	6.50257 3.84626,
	6.51513 3.8319,
	6.54385 3.81216,
	6.55821 3.80678,
	6.58692 3.80857,
	6.60128 3.80857,
	6.61564 3.81216,
	6.62282 3.81575,
	6.63718 3.83011,
	6.63718 3.8337,
	6.64077 3.83729,
	6.64615 3.85165,
	6.64615 3.866,
	6.64436 3.87318,
	6.63359 3.88754,
	6.6282 3.89472,
	6.62461 3.89831,
	6.5959 3.91087,
	6.58872 3.91267,
	6.57615 3.92523,
	6.57257 3.93241,
	6.56539 3.93959,
	6.55821 3.94318,
	6.54385 3.94139,
	6.51693 3.92344,
	6.50257 3.91446,
	6.49539 3.91087,
	6.48103 3.91446,
	6.47744 3.91446,
	6.47385 3.91087,
	6.47385 3.89652,
	6.47385 3.89113,
	"/>
</Transform>

<Transform dim="0"
 xcoef=" 0 1 0 0 0 0"
 ycoef=" 0 0 1 0 0 0">
<Contour name="d02c26" hidden="false" closed="true" simplified="true" border="1 0 0" fill="1 0 0" mode="-11"
 points="5.37201 4.01069,
	5.37339 4.00517,
	5.38307 3.99411,
	5.40518 3.97891,
	5.4494 3.95956,
	5.46046 3.95541,
	5.47152 3.95541,
	5.47704 3.95818,
	5.47981 3.95818,
	5.50192 3.97338,
	5.50607 3.97891,
	5.50745 3.98444,
	5.50607 3.99549,
	5.49225 4.01622,
	5.48257 4.0259,
	5.47152 4.03143,
	5.4494 4.03557,
	5.43835 4.03557,
	5.41623 4.04386,
	5.40518 4.04663,
	5.39412 4.04663,
	5.38307 4.04248,
	5.37754 4.03695,
	5.37339 4.0259,
	5.37201 4.01484,
	5.37201 4.01208,
	"/>
<Contour name="d02cfa26" hidden="false" closed="false" simplified="false" border="0 1 0.25098" fill="0 1 0" mode="11"
 points="5.49502 3.96981,
	5.47982 3.97257,
	5.46462 3.9781,
	5.43283 3.99192,
	5.40657 4.00298,
	5.37064 4.02095,
	"/>
</Transform>

<Transform dim="0"
 xcoef=" 0 1 0 0 0 0"
 ycoef=" 0 0 1 0 0 0">
<Contour name="d02c27" hidden="false" closed="true" simplified="true" border="1 0 0" fill="1 0 0" mode="-11"
 points="6.93327 5.08013,
	6.94059 5.05086,
	6.94608 5.03623,
	6.94974 5.02891,
	6.95705 5.02342,
	6.97169 5.02525,
	6.98083 5.05452,
	6.98266 5.08379,
	6.97718 5.11306,
	6.97169 5.12769,
	6.96254 5.14233,
	6.94791 5.14416,
	6.94059 5.14233,
	6.93327 5.12769,
	6.93327 5.09842,
	6.93327 5.08379,
	6.93327 5.08196,
	"/>
</Transform>

<Transform dim="0"
 xcoef=" 0 1 0 0 0 0"
 ycoef=" 0 0 1 0 0 0">
<Contour name="d02cfa27" hidden="false" closed="false" simplified="false" border="0 1 0.25098" fill="0 1 0" mode="11"
 points="6.96017 5.0265,
	6.95834 5.04113,
	6.95468 5.07406,
	6.95468 5.10516,
	6.94553 5.13992,
	"/>
</Transform>

<Transform dim="0"
 xcoef=" 0 1 0 0 0 0"
 ycoef=" 0 0 1 0 0 0">
<Contour name="d03" hidden="false" closed="true" simplified="true" border="1 0 0.5" fill="1 0 0.5" mode="-11"
 points="1.958 4.55679,
	1.96796 4.53401,
	1.96939 4.52831,
	1.97366 4.52262,
	2.0648 4.49129,
	2.08758 4.48417,
	2.11036 4.48417,
	2.12176 4.48559,
	2.12745 4.48702,
	2.13884 4.49698,
	2.14312 4.50268,
	2.14312 4.52546,
	2.14312 4.53116,
	2.14169 4.53401,
	2.14881 4.54398,
	2.15024 4.56676,
	2.15166 4.57815,
	2.15593 4.58954,
	2.15593 4.60094,
	2.15451 4.60663,
	2.15308 4.60806,
	2.15451 4.60948,
	2.14739 4.62087,
	2.13742 4.63226,
	2.11464 4.6465,
	2.09185 4.65362,
	2.06907 4.65505,
	2.04628 4.6522,
	2.03489 4.6465,
	2.0235 4.63654,
	2.0178 4.63084,
	1.99502 4.6223,
	1.97508 4.60094,
	1.95942 4.57815,
	1.958 4.56676,
	1.958 4.56106,
	1.958 4.55822,
	"/>
</Transform>

<Transform dim="0"
 xcoef=" 0 1 0 0 0 0"
 ycoef=" 0 0 1 0 0 0">
<Contour name="d03" hidden="false" closed="true" simplified="true" border="1 0 0.5" fill="1 0 0.5" mode="-11"
 points="1.12853 5.27579,
	1.13786 5.25445,
	1.1392 5.24378,
	1.13786 5.23311,
	1.13653 5.23044,
	1.1432 5.21977,
	1.15387 5.21176,
	1.17521 5.19976,
	1.19656 5.18108,
	1.23791 5.1384,
	1.24725 5.12906,
	1.25792 5.12239,
	1.26326 5.11839,
	1.27393 5.11439,
	1.27926 5.11305,
	1.2846 5.10905,
	1.2886 5.09838,
	1.28993 5.08771,
	1.29927 5.06636,
	1.30327 5.04502,
	1.30461 5.03968,
	1.30327 5.02901,
	1.30327 5.02368,
	1.30061 5.01834,
	1.30194 4.997,
	1.31128 4.97565,
	1.31795 4.96498,
	1.32862 4.95564,
	1.34996 4.94497,
	1.36063 4.9383,
	1.36597 4.93564,
	1.37664 4.9343,
	1.38198 4.93297,
	1.40332 4.93697,
	1.42466 4.9383,
	1.44601 4.93564,
	1.46735 4.92897,
	1.48869 4.91963,
	1.52338 4.87828,
	1.53405 4.87161,
	1.57674 4.85693,
	1.59808 4.84493,
	1.60341 4.84092,
	1.62476 4.83425,
	1.6461 4.83159,
	1.66744 4.83292,
	1.68879 4.83159,
	1.69412 4.83159,
	1.69679 4.83159,
	1.71813 4.85026,
	1.72347 4.85293,
	1.72881 4.85827,
	1.75015 4.86894,
	1.76082 4.87027,
	1.78216 4.87961,
	1.79284 4.88228,
	1.81418 4.88094,
	1.82485 4.87961,
	1.86754 4.8596,
	1.88888 4.84759,
	1.91022 4.84092,
	1.91556 4.83959,
	1.91823 4.83826,
	1.92356 4.83959,
	1.94491 4.83025,
	1.94757 4.82892,
	1.96892 4.83826,
	1.99026 4.8516,
	2.00093 4.86093,
	2.02228 4.87027,
	2.03295 4.87294,
	2.03828 4.87294,
	2.04896 4.87694,
	2.05963 4.88361,
	2.08097 4.90362,
	2.10231 4.91696,
	2.11299 4.92363,
	2.12366 4.9343,
	2.145 4.95031,
	2.15434 4.96098,
	2.15567 4.98232,
	2.15834 4.993,
	2.16368 5.00367,
	2.20503 5.03968,
	2.22504 5.06103,
	2.23704 5.08237,
	2.24238 5.09304,
	2.24105 5.13573,
	2.23304 5.15707,
	2.23037 5.16774,
	2.23438 5.18909,
	2.23704 5.19442,
	2.23438 5.20509,
	2.23304 5.20776,
	2.23438 5.2131,
	2.22637 5.23444,
	2.2237 5.24511,
	2.22237 5.2878,
	2.21837 5.30914,
	2.21837 5.33049,
	2.22771 5.35183,
	2.22904 5.35717,
	2.22637 5.3625,
	2.20503 5.37984,
	2.18369 5.39185,
	2.17301 5.39718,
	2.15167 5.40385,
	2.13033 5.41319,
	2.12099 5.42119,
	2.11699 5.42653,
	2.11165 5.44787,
	2.11299 5.46922,
	2.11699 5.47455,
	2.11832 5.48522,
	2.11699 5.4959,
	2.10632 5.50523,
	2.08497 5.51591,
	2.07964 5.51857,
	2.0743 5.52391,
	2.07163 5.53458,
	2.07163 5.55592,
	2.0703 5.56126,
	2.0623 5.57193,
	2.05162 5.57994,
	2.03828 5.60128,
	2.02761 5.61195,
	2.01294 5.63329,
	2.01027 5.63863,
	1.98893 5.65864,
	1.97826 5.66664,
	1.95691 5.68665,
	1.93957 5.708,
	1.9289 5.71733,
	1.92223 5.728,
	1.91156 5.77069,
	1.90622 5.79203,
	1.90489 5.79737,
	1.90889 5.80804,
	1.91556 5.81871,
	1.91823 5.82405,
	1.9209 5.82672,
	1.9209 5.83739,
	1.91823 5.84806,
	1.89555 5.89075,
	1.89288 5.90142,
	1.89688 5.92276,
	1.89688 5.94411,
	1.89688 5.95478,
	1.89955 5.96545,
	1.90622 5.97612,
	1.90889 5.98679,
	1.90889 6.00814,
	1.90222 6.01881,
	1.89155 6.02681,
	1.87821 6.04815,
	1.87021 6.0695,
	1.87021 6.09084,
	1.87421 6.11218,
	1.89555 6.15487,
	1.90622 6.17621,
	1.90889 6.18689,
	1.91956 6.20823,
	1.92356 6.2189,
	1.92623 6.24024,
	1.92356 6.26159,
	1.91823 6.28293,
	1.91022 6.30427,
	1.88888 6.32562,
	1.86754 6.34429,
	1.85687 6.35363,
	1.84619 6.35897,
	1.83552 6.3683,
	1.83019 6.37897,
	1.82752 6.42166,
	1.82218 6.443,
	1.81151 6.46435,
	1.80751 6.47502,
	1.80618 6.48569,
	1.80217 6.49636,
	1.80084 6.50703,
	1.80484 6.52838,
	1.80217 6.56973,
	1.78083 6.5764,
	1.75949 6.5804,
	1.74882 6.5844,
	1.73814 6.59107,
	1.73281 6.59641,
	1.72214 6.60175,
	1.70079 6.59908,
	1.67945 6.58707,
	1.66878 6.58174,
	1.64743 6.57773,
	1.63676 6.5764,
	1.61542 6.56439,
	1.60475 6.55372,
	1.59941 6.54839,
	1.55673 6.52704,
	1.53538 6.52571,
	1.52471 6.52571,
	1.51404 6.51904,
	1.51137 6.51637,
	1.51137 6.49503,
	1.51804 6.47369,
	1.51938 6.45234,
	1.51537 6.44167,
	1.51137 6.43634,
	1.5047 6.41499,
	1.49536 6.39365,
	1.48736 6.38298,
	1.47669 6.37497,
	1.47402 6.37497,
	1.46868 6.37097,
	1.426 6.35897,
	1.40466 6.3563,
	1.36197 6.34296,
	1.34063 6.33896,
	1.31928 6.33762,
	1.30861 6.32962,
	1.30594 6.32695,
	1.30461 6.31628,
	1.30861 6.29494,
	1.31261 6.28426,
	1.31128 6.26292,
	1.2926 6.22023,
	1.27526 6.19889,
	1.25392 6.17888,
	1.24325 6.17221,
	1.23257 6.16154,
	1.2219 6.1402,
	1.22057 6.12953,
	1.2219 6.11885,
	1.22857 6.10818,
	1.23791 6.09884,
	1.2806 6.0775,
	1.30194 6.06683,
	1.31261 6.06149,
	1.32328 6.05883,
	1.34463 6.05883,
	1.38731 6.06416,
	1.40866 6.06416,
	1.45134 6.0735,
	1.47269 6.07617,
	1.49403 6.07483,
	1.5047 6.0735,
	1.51537 6.0695,
	1.53672 6.05216,
	1.55673 6.03215,
	1.59941 5.99746,
	1.60875 5.97612,
	1.61542 5.95478,
	1.62342 5.91209,
	1.63009 5.90142,
	1.64743 5.88008,
	1.66211 5.85873,
	1.67945 5.83739,
	1.69012 5.82672,
	1.71813 5.78403,
	1.74215 5.74134,
	1.74882 5.72,
	1.75015 5.69866,
	1.74615 5.68799,
	1.74481 5.68265,
	1.73681 5.67198,
	1.73147 5.66664,
	1.7208 5.66131,
	1.71547 5.65597,
	1.7088 5.6453,
	1.71013 5.64397,
	1.7048 5.63996,
	1.66211 5.6373,
	1.64077 5.6373,
	1.63009 5.6373,
	1.61942 5.63329,
	1.59808 5.61729,
	1.58741 5.61195,
	1.58207 5.60928,
	1.53938 5.60928,
	1.51804 5.61062,
	1.51271 5.61062,
	1.49136 5.59994,
	1.48069 5.59594,
	1.45935 5.59594,
	1.44868 5.59728,
	1.44334 5.59861,
	1.422 5.59328,
	1.40065 5.59328,
	1.38998 5.59061,
	1.37931 5.58394,
	1.36197 5.56259,
	1.3473 5.54125,
	1.34196 5.53058,
	1.33129 5.51991,
	1.29927 5.47722,
	1.2886 5.46922,
	1.27126 5.44787,
	1.24858 5.40519,
	1.22857 5.3625,
	1.2179 5.34116,
	1.18322 5.29847,
	1.17788 5.2958,
	1.16721 5.2958,
	1.14587 5.30381,
	1.1352 5.30114,
	1.12853 5.29047,
	1.12853 5.2798,
	1.12853 5.27713,
	"/>
</Transform>

<Transform dim="0"
 xcoef=" 0 1 0 0 0 0"
 ycoef=" 0 0 1 0 0 0">
<Contour name="d03" hidden="false" closed="true" simplified="true" border="1 0 0.5" fill="1 0 0.5" mode="-11"
 points="0.857733 5.46522,
	0.859067 5.45988,
	0.865737 5.45054,
	0.871073 5.44654,
	0.876409 5.44521,
	0.879077 5.44521,
	0.90042 5.4292,
	0.90709 5.41853,
	0.917761 5.41319,
	0.928433 5.41186,
	0.933769 5.41186,
	0.939105 5.40919,
	0.948442 5.39852,
	0.953778 5.39452,
	0.96445 5.39185,
	0.985793 5.39185,
	0.996465 5.39185,
	1.0018 5.39185,
	1.01247 5.39585,
	1.02314 5.40519,
	1.02848 5.41586,
	1.02981 5.4372,
	1.02314 5.44787,
	1.00313 5.46121,
	0.995131 5.47189,
	0.973787 5.48256,
	0.963116 5.48656,
	0.941773 5.48789,
	0.931101 5.48656,
	0.920429 5.48256,
	0.899086 5.48122,
	0.888414 5.48256,
	0.883079 5.48389,
	0.877743 5.48789,
	0.872407 5.48522,
	0.861735 5.47589,
	0.857733 5.47189,
	0.857733 5.46655,
	"/>
</Transform>

<Transform dim="0"
 xcoef=" 0 1 0 0 0 0"
 ycoef=" 0 0 1 0 0 0">
<Contour name="d03" hidden="false" closed="true" simplified="true" border="1 0 0.5" fill="1 0 0.5" mode="-11"
 points="1.6341 3.9365,
	1.63676 3.93117,
	1.64743 3.9205,
	1.66744 3.90716,
	1.66878 3.89648,
	1.69012 3.88314,
	1.70079 3.88048,
	1.71146 3.88048,
	1.73281 3.89248,
	1.74348 3.89782,
	1.75415 3.90049,
	1.77549 3.90049,
	1.78617 3.90049,
	1.7915 3.90182,
	1.79417 3.90182,
	1.79951 3.90716,
	1.80484 3.91783,
	1.80618 3.92316,
	1.81018 3.9285,
	1.81551 3.93117,
	1.82619 3.93117,
	1.83686 3.93517,
	1.84219 3.93784,
	1.84619 3.94317,
	1.85687 3.94984,
	1.8622 3.95518,
	1.86487 3.96585,
	1.85953 3.98719,
	1.85687 4.00854,
	1.84886 4.01921,
	1.84486 4.02454,
	1.84353 4.03522,
	1.83952 4.04589,
	1.81818 4.06056,
	1.79684 4.06723,
	1.77549 4.0699,
	1.75415 4.06856,
	1.74348 4.06723,
	1.70079 4.05256,
	1.67945 4.04989,
	1.67411 4.04855,
	1.66344 4.03922,
	1.65944 4.03388,
	1.65677 4.02321,
	1.65677 4.01254,
	1.64477 3.99119,
	1.6381 3.96985,
	1.6341 3.94851,
	1.6341 3.93784,
	"/>
</Transform>

<Transform dim="0"
 xcoef=" 0 1 0 0 0 0"
 ycoef=" 0 0 1 0 0 0">
<Contour name="d03p25" hidden="false" closed="true" simplified="false" border="1 1 0" fill="1 1 0" mode="-9"
 points="1.85367 5.65092,
	1.85367 5.58835,
	1.7911 5.58835,
	1.7911 5.6431,
	1.78328 5.65092,
	1.78328 5.58053,
	1.86149 5.58053,
	1.86149 5.65874,
	1.78328 5.65874,
	1.7911 5.65092,
	"/>
</Transform>

<Transform dim="0"
 xcoef=" 0 1 0 0 0 0"
 ycoef=" 0 0 1 0 0 0">
<Contour name="d03p26" hidden="false" closed="true" simplified="false" border="0 0 1" fill="0 0 1" mode="-9"
 points="1.24361 5.27158,
	1.21623 5.24421,
	1.24361 5.21684,
	1.27098 5.24421,
	"/>
</Transform>

<Transform dim="0"
 xcoef=" 0 1 0 0 0 0"
 ycoef=" 0 0 1 0 0 0">
<Contour name="d03c25" hidden="false" closed="true" simplified="true" border="1 0 0" fill="1 0 0" mode="-11"
 points="1.21179 6.15532,
	1.22384 6.14779,
	1.22986 6.14327,
	1.2419 6.14177,
	1.26599 6.14478,
	1.27803 6.14929,
	1.30212 6.16886,
	1.33072 6.21553,
	1.33523 6.23962,
	1.33373 6.2637,
	1.33072 6.27574,
	1.32018 6.28779,
	1.31416 6.29381,
	1.30212 6.29832,
	1.29609 6.30133,
	1.28405 6.29682,
	1.27803 6.29381,
	1.26749 6.26972,
	1.26298 6.25768,
	1.24792 6.23359,
	1.24491 6.22757,
	1.23437 6.21553,
	1.23136 6.21101,
	1.22534 6.20499,
	1.21782 6.19295,
	1.2133 6.18091,
	1.21179 6.15682,
	"/>
<Contour name="d03c25" hidden="false" closed="true" simplified="true" border="1 0 0" fill="1 0 0" mode="-11"
 points="1.31867 6.34198,
	1.36684 6.32843,
	1.39093 6.32542,
	1.40297 6.32391,
	1.42706 6.32692,
	1.4391 6.33144,
	1.45114 6.33897,
	1.45716 6.34047,
	1.48125 6.35553,
	1.48426 6.35854,
	1.48727 6.35854,
	1.49781 6.36907,
	1.50534 6.37811,
	1.50985 6.38413,
	1.50835 6.38563,
	1.51888 6.40972,
	1.5234 6.4338,
	1.5234 6.44585,
	1.5234 6.45187,
	1.51738 6.46391,
	1.51738 6.46692,
	1.50985 6.47896,
	1.50082 6.488,
	1.4948 6.488,
	1.48878 6.48348,
	1.48426 6.47144,
	1.48577 6.42327,
	1.48276 6.41724,
	1.45867 6.39466,
	1.43458 6.38563,
	1.4105 6.37961,
	1.36233 6.37208,
	1.35029 6.36907,
	1.33824 6.36305,
	1.33222 6.36004,
	1.32771 6.3495,
	1.32168 6.34649,
	1.31867 6.34348,
	"/>
<Contour name="d03c25" hidden="false" closed="true" simplified="true" border="1 0 0" fill="1 0 0" mode="-11"
 points="1.52792 6.52412,
	1.53394 6.51961,
	1.54598 6.51509,
	1.57006 6.51208,
	1.57609 6.51359,
	1.60017 6.53014,
	1.61071 6.53918,
	1.61673 6.54369,
	1.6649 6.5452,
	1.67092 6.5467,
	1.67243 6.55272,
	1.66791 6.56477,
	1.65587 6.5753,
	1.64383 6.58283,
	1.6378 6.58584,
	1.61372 6.58584,
	1.60168 6.58283,
	1.59566 6.57982,
	1.59264 6.57982,
	1.5806 6.57079,
	1.57157 6.55875,
	1.55953 6.54821,
	1.55351 6.54369,
	1.54146 6.53918,
	1.53544 6.53767,
	1.52942 6.52563,
	"/>
</Transform>

<Transform dim="0"
 xcoef=" 0 1 0 0 0 0"
 ycoef=" 0 0 1 0 0 0">
<Contour name="d03cfa25" hidden="false" closed="false" simplified="false" border="0 1 0.251" fill="0 1 0" mode="11"
 points="1.3091 6.29094,
	1.30459 6.25632,
	1.28351 6.20965,
	1.23534 6.17202,
	1.2233 6.14643,
	"/>
<Contour name="d03cfa25" hidden="false" closed="false" simplified="false" border="0 1 0.251" fill="0 1 0" mode="11"
 points="1.51684 6.45502,
	1.49878 6.40835,
	1.48071 6.37674,
	1.4205 6.35567,
	1.32566 6.33911,
	"/>
<Contour name="d03cfa25" hidden="false" closed="false" simplified="false" border="0 1 0.251" fill="0 1 0" mode="11"
 points="1.65232 6.57695,
	1.64329 6.57695,
	1.61168 6.55889,
	1.56049 6.52577,
	1.52587 6.52427,
	"/>
</Transform>

<Transform dim="0"
 xcoef=" 0 1 0 0 0 0"
 ycoef=" 0 0 1 0 0 0">
<Contour name="Ax01" hidden="false" closed="true" simplified="true" border="1 0.501961 0" fill="1 0 0" mode="-11"
 points="5.13616 4.26785,
	5.14577 4.25504,
	5.1682 4.24222,
	5.21947 4.23261,
	5.27073 4.23261,
	5.322 4.223,
	5.33482 4.223,
	5.34122 4.223,
	5.35404 4.24863,
	5.35724 4.25504,
	5.35404 4.26785,
	5.36365 4.29349,
	5.36365 4.29989,
	5.35404 4.31271,
	5.34763 4.31912,
	5.34122 4.31912,
	5.32841 4.32873,
	5.27714 4.34155,
	5.27073 4.34795,
	5.21947 4.35757,
	5.19384 4.35757,
	5.18102 4.35436,
	5.14577 4.3063,
	5.13616 4.28067,
	5.13616 4.27106,
	"/>
</Transform>

<Transform dim="0"
 xcoef=" 0 1 0 0 0 0"
 ycoef=" 0 0 1 0 0 0">
<Contour name="Ax02" hidden="false" closed="true" simplified="true" border="0.501961 0 1" fill="0.5 0 1" mode="11"
 points="7.61029 5.61433,
	7.61761 5.59968,
	7.63226 5.58869,
	7.66156 5.58137,
	7.67621 5.58137,
	7.70551 5.59235,
	7.72016 5.60334,
	7.73481 5.607,
	7.77509 5.66194,
	7.79707 5.68757,
	7.82637 5.70589,
	7.83735 5.73519,
	7.83369 5.74983,
	7.81904 5.76082,
	7.78974 5.76082,
	7.73115 5.73519,
	7.7165 5.73152,
	7.70185 5.72054,
	7.6872 5.71687,
	7.67987 5.71687,
	7.67255 5.70955,
	7.66522 5.70955,
	7.6579 5.70222,
	7.6579 5.68757,
	7.6286 5.66926,
	7.61029 5.63996,
	7.61029 5.62532,
	7.61029 5.61799,
	"/>
</Transform>

<Transform dim="0"
 xcoef=" 0 1 0 0 0 0"
 ycoef=" 0 0 1 0 0 0">
<Contour name="Ax06" hidden="false" closed="true" simplified="true" border="0 0 1" fill="0 0 1" mode="-11"
 points="3.85324 6.8377,
	3.85949 6.8127,
	3.87199 6.7877,
	3.87824 6.7627,
	3.88137 6.7502,
	3.90637 6.72832,
	3.92199 6.70332,
	3.92199 6.69707,
	3.97199 6.6627,
	4.02199 6.64395,
	4.072 6.64707,
	4.097 6.64082,
	4.1095 6.64395,
	4.1345 6.65957,
	4.147 6.66895,
	4.15325 6.67832,
	4.16575 6.68457,
	4.172 6.68457,
	4.18137 6.69707,
	4.1845 6.72207,
	4.16887 6.77208,
	4.15325 6.79708,
	4.12825 6.81583,
	4.11262 6.83145,
	4.10325 6.85645,
	4.0845 6.87833,
	3.98449 6.8877,
	3.95949 6.8877,
	3.94699 6.88145,
	3.89699 6.8877,
	3.88449 6.8877,
	3.86261 6.86895,
	3.85324 6.85645,
	3.85324 6.84395,
	3.85324 6.84083,
	"/>
</Transform>

<Transform dim="0"
 xcoef=" 0 1 0 0 0 0"
 ycoef=" 0 0 1 0 0 0">
<Contour name="d06" hidden="false" closed="true" simplified="true" border="0 0 1" fill="0 0 1" mode="11"
 points="3.70598 1.73299,
	3.71103 1.72794,
	3.71608 1.72794,
	3.72619 1.72036,
	3.76661 1.72036,
	3.77671 1.72541,
	3.81713 1.72541,
	3.83734 1.72541,
	3.85755 1.71784,
	3.86766 1.71278,
	3.90808 1.71278,
	3.94849 1.72289,
	3.98891 1.72289,
	4.0066 1.71278,
	4.04197 1.67742,
	4.05207 1.66984,
	4.0546 1.66478,
	4.09502 1.65215,
	4.11523 1.64457,
	4.13291 1.62942,
	4.14301 1.62184,
	4.1607 1.61426,
	4.24154 1.61931,
	4.28196 1.60668,
	4.32238 1.5991,
	4.34259 1.5991,
	4.35269 1.5991,
	4.35774 1.59658,
	4.39816 1.60163,
	4.41837 1.61426,
	4.42343 1.62436,
	4.42848 1.62942,
	4.431 1.63952,
	4.47142 1.65215,
	4.51184 1.65973,
	4.53205 1.66731,
	4.54216 1.66984,
	4.575 1.6951,
	4.58763 1.71026,
	4.59774 1.73047,
	4.60026 1.74057,
	4.60531 1.7431,
	4.61037 1.76331,
	4.61542 1.76836,
	4.62047 1.78857,
	4.62047 1.86941,
	4.62047 1.88962,
	4.61795 1.89972,
	4.61037 1.90983,
	4.60279 1.91488,
	4.59521 1.92499,
	4.59521 1.93004,
	4.59016 1.93509,
	4.58005 1.97551,
	4.58005 1.99572,
	4.58005 2.00583,
	4.54216 2.03867,
	4.53205 2.04372,
	4.52195 2.04372,
	4.51184 2.04877,
	4.50174 2.04877,
	4.49669 2.05382,
	4.47648 2.0614,
	4.46637 2.06645,
	4.44616 2.06645,
	4.40574 2.05382,
	4.38553 2.04877,
	4.36532 2.0513,
	4.34511 2.06393,
	4.33501 2.08161,
	4.33248 2.08919,
	4.3249 2.0993,
	4.28701 2.12708,
	4.27185 2.13972,
	4.23143 2.14982,
	4.22133 2.15235,
	4.21627 2.1574,
	4.17586 2.17003,
	4.15565 2.17761,
	4.11523 2.17508,
	4.10512 2.17256,
	4.10007 2.17256,
	4.09502 2.1675,
	4.07481 2.15993,
	4.05712 2.14477,
	4.0546 2.12456,
	4.04954 2.11445,
	4.03186 2.0993,
	4.02176 2.08919,
	4.0167 2.07909,
	4.0167 2.05888,
	4.02176 2.03867,
	4.03186 2.01846,
	4.02933 1.97804,
	4.01418 1.93762,
	4.0066 1.92751,
	3.98639 1.91488,
	3.97628 1.90478,
	3.97123 1.88457,
	3.9687 1.87446,
	3.94092 1.83657,
	3.93081 1.81636,
	3.92576 1.80625,
	3.92576 1.78604,
	3.91565 1.76583,
	3.91818 1.74562,
	3.91565 1.7431,
	3.89544 1.74815,
	3.88534 1.75573,
	3.87523 1.75825,
	3.84492 1.79867,
	3.82471 1.81131,
	3.8146 1.81636,
	3.79439 1.81636,
	3.7565 1.79615,
	3.75145 1.79615,
	3.74892 1.7911,
	3.74387 1.7911,
	3.72366 1.77594,
	3.7085 1.76078,
	3.70598 1.74057,
	3.70598 1.73552,
	"/>
</Transform>

<Transform dim="0"
 xcoef=" 0 1 0 0 0 0"
 ycoef=" 0 0 1 0 0 0">
<Contour name="d06" hidden="false" closed="true" simplified="true" border="0 0 1" fill="0 0 1" mode="11"
 points="3.21841 1.61679,
	3.22599 1.60668,
	3.22599 1.59658,
	3.23357 1.57637,
	3.2462 1.55868,
	3.25631 1.55616,
	3.2942 1.53342,
	3.30936 1.52079,
	3.32452 1.50311,
	3.36241 1.4829,
	3.37251 1.47784,
	3.45335 1.47532,
	3.49377 1.47279,
	3.50388 1.46774,
	3.54177 1.49553,
	3.55188 1.50311,
	3.55188 1.50816,
	3.55693 1.51321,
	3.55693 1.53342,
	3.55693 1.54353,
	3.53925 1.56121,
	3.53419 1.56879,
	3.53419 1.589,
	3.53672 1.5991,
	3.54935 1.61931,
	3.5544 1.63952,
	3.5544 1.65973,
	3.5544 1.66984,
	3.54682 1.69005,
	3.53419 1.71026,
	3.4963 1.74057,
	3.47609 1.75068,
	3.39525 1.7532,
	3.37504 1.7532,
	3.35483 1.74815,
	3.34473 1.74562,
	3.33967 1.74057,
	3.32957 1.73805,
	3.31441 1.72289,
	3.30431 1.71531,
	3.27652 1.67994,
	3.25631 1.66984,
	3.25126 1.66984,
	3.24873 1.66478,
	3.23862 1.66226,
	3.22347 1.64457,
	3.21841 1.63447,
	3.21841 1.62436,
	3.21841 1.61931,
	"/>
</Transform>

<Transform dim="0"
 xcoef=" 0 1 0 0 0 0"
 ycoef=" 0 0 1 0 0 0">
<Contour name="d06p14" hidden="false" closed="true" simplified="false" border="1 0 0" fill="1 0 0" mode="-13"
 points="3.9688 1.81053,
	3.98489 1.788,
	3.9688 1.76547,
	3.97846 1.76547,
	3.99133 1.78478,
	4.0042 1.76547,
	4.01386 1.76547,
	3.99777 1.788,
	4.01386 1.81053,
	4.0042 1.81053,
	3.99133 1.79122,
	3.97846 1.81053,
	"/>
</Transform>

<Transform dim="0"
 xcoef=" 0 1 0 0 0 0"
 ycoef=" 0 0 1 0 0 0">
<Contour name="d09" hidden="false" closed="true" simplified="true" border="0 1 0" fill="0 1 0" mode="11"
 points="1.46475 1.77233,
	1.4669 1.73792,
	1.47336 1.7035,
	1.47336 1.6949,
	1.50347 1.66694,
	1.50777 1.66694,
	1.50992 1.66264,
	1.52713 1.66264,
	1.56154 1.65188,
	1.63037 1.64973,
	1.63898 1.64973,
	1.65403 1.66048,
	1.66048 1.67769,
	1.67339 1.6949,
	1.67769 1.7035,
	1.67769 1.7078,
	1.68199 1.70995,
	1.69705 1.74222,
	1.70565 1.77663,
	1.70565 1.81105,
	1.71856 1.84546,
	1.72071 1.86267,
	1.71856 1.87987,
	1.71426 1.88848,
	1.69705 1.89493,
	1.62822 1.89278,
	1.61101 1.88848,
	1.5766 1.86482,
	1.55939 1.85621,
	1.55079 1.85406,
	1.54649 1.85406,
	1.54219 1.84976,
	1.50777 1.84761,
	1.49056 1.84546,
	1.47336 1.83901,
	1.46475 1.8218,
	1.46475 1.78739,
	1.46475 1.77878,
	1.46475 1.77448,
	"/>
<Contour name="d09" hidden="false" closed="true" simplified="true" border="0 1 0" fill="0 1 0" mode="11"
 points="1.04533 2.17455,
	1.05824 2.15734,
	1.07114 2.12292,
	1.07114 2.11862,
	1.09265 2.08421,
	1.12491 2.05195,
	1.15718 2.03044,
	1.17438 2.02613,
	1.2088 2.02613,
	1.22601 2.02829,
	1.24106 2.03474,
	1.27548 2.03474,
	1.30989 2.03044,
	1.3443 2.03259,
	1.35291 2.04119,
	1.35721 2.04979,
	1.36151 2.0541,
	1.36151 2.0584,
	1.36796 2.067,
	1.36796 2.07561,
	1.37227 2.08421,
	1.37657 2.08851,
	1.37657 2.09281,
	1.39162 2.10787,
	1.40023 2.11002,
	1.41313 2.12292,
	1.41743 2.12723,
	1.41958 2.13583,
	1.42604 2.14228,
	1.42604 2.21111,
	1.42174 2.22832,
	1.41743 2.23477,
	1.40238 2.24983,
	1.39377 2.25198,
	1.38517 2.25843,
	1.35076 2.26488,
	1.3357 2.27134,
	1.3271 2.27564,
	1.3228 2.27564,
	1.31419 2.28209,
	1.29698 2.28639,
	1.27978 2.28639,
	1.27548 2.28639,
	1.25827 2.27349,
	1.25397 2.26919,
	1.23676 2.26919,
	1.22816 2.27349,
	1.19374 2.27134,
	1.17653 2.26703,
	1.17223 2.26273,
	1.16793 2.26273,
	1.13567 2.24122,
	1.11846 2.23047,
	1.08405 2.21971,
	1.07544 2.21756,
	1.07114 2.21756,
	1.05609 2.20681,
	1.04748 2.20036,
	1.04533 2.18315,
	1.04533 2.1767,
	"/>
</Transform>

<Transform dim="0"
 xcoef=" 0 1 0 0 0 0"
 ycoef=" 0 0 1 0 0 0">
<Contour name="d09c12" hidden="false" closed="true" simplified="true" border="0 1 0.251" fill="0 1 0" mode="-9"
 points="1.579 2.95184,
	1.59712 2.94052,
	1.60618 2.93599,
	1.64243 2.93599,
	1.65149 2.93599,
	1.65602 2.93599,
	1.69 2.90653,
	1.73758 2.83404,
	1.75344 2.81592,
	1.75797 2.81592,
	1.77156 2.80233,
	1.78062 2.79553,
	1.78968 2.79779,
	1.79421 2.79779,
	1.80327 2.80459,
	1.80781 2.80686,
	1.81007 2.82498,
	1.79648 2.86123,
	1.78968 2.87029,
	1.78742 2.87935,
	1.76023 2.91333,
	1.74437 2.93145,
	1.70813 2.9609,
	1.69907 2.96544,
	1.69453 2.96997,
	1.67641 2.9745,
	1.65829 2.98356,
	1.62204 2.98809,
	1.60392 2.98809,
	1.59486 2.98809,
	1.579 2.9745,
	1.579 2.95637,
	1.579 2.95411,
	"/>
<Contour name="d09c12" hidden="false" closed="true" simplified="true" border="0 1 0.251" fill="0 1 0" mode="-9"
 points="1.66282 3.18292,
	1.66962 3.17385,
	1.68547 3.16479,
	1.7036 3.16479,
	1.71266 3.16479,
	1.72172 3.16932,
	1.73078 3.16932,
	1.76703 3.15573,
	1.80327 3.14893,
	1.87577 3.1512,
	1.91202 3.16253,
	1.93014 3.16932,
	1.93467 3.17385,
	1.95279 3.17839,
	1.98904 3.17612,
	1.9981 3.17612,
	2.03435 3.16026,
	2.05247 3.14893,
	2.06153 3.14667,
	2.09778 3.12628,
	2.10231 3.12175,
	2.12043 3.11495,
	2.1295 3.11269,
	2.13176 3.10816,
	2.14082 3.10589,
	2.14535 3.10136,
	2.15442 3.0991,
	2.15895 3.09456,
	2.19519 3.08324,
	2.23144 3.07644,
	2.26769 3.07418,
	2.28354 3.08097,
	2.28581 3.09003,
	2.26995 3.10363,
	2.26316 3.11269,
	2.22691 3.12855,
	2.20879 3.13534,
	2.19972 3.13534,
	2.19519 3.13987,
	2.15895 3.1512,
	2.14988 3.15573,
	2.14535 3.15573,
	2.11364 3.17612,
	2.07739 3.18971,
	2.06833 3.19424,
	2.0638 3.19877,
	2.05474 3.20104,
	2.05021 3.20104,
	2.04567 3.20557,
	2.02755 3.20784,
	2.00943 3.2169,
	1.97318 3.22143,
	1.90069 3.21916,
	1.88256 3.2101,
	1.86444 3.2101,
	1.84632 3.21463,
	1.82819 3.21463,
	1.81007 3.21916,
	1.79195 3.21916,
	1.77382 3.22596,
	1.76476 3.22596,
	1.74664 3.23276,
	1.71039 3.23276,
	1.69227 3.22822,
	1.67415 3.2169,
	1.66282 3.20104,
	1.66282 3.18518,
	"/>
</Transform>

<Transform dim="0"
 xcoef=" 0 1 0 0 0 0"
 ycoef=" 0 0 1 0 0 0">
<Contour name="d09" hidden="false" closed="true" simplified="true" border="0 1 0" fill="0 1 0" mode="11"
 points="1.52283 3.0392,
	1.52713 3.0349,
	1.53143 3.01769,
	1.53358 3.00909,
	1.54649 2.99188,
	1.5809 2.96822,
	1.59811 2.96607,
	1.60671 2.96177,
	1.64113 2.95962,
	1.65833 2.95962,
	1.66694 2.95747,
	1.67124 2.95747,
	1.70565 2.93596,
	1.72286 2.92521,
	1.73577 2.9123,
	1.75512 2.87789,
	1.76373 2.86283,
	1.76588 2.85423,
	1.78739 2.82196,
	1.80244 2.78755,
	1.81105 2.75313,
	1.8175 2.73593,
	1.8175 2.73163,
	1.8218 2.72732,
	1.8218 2.72302,
	1.83256 2.70797,
	1.84976 2.70151,
	1.91859 2.70797,
	1.98742 2.71012,
	2.02183 2.71227,
	2.05625 2.72302,
	2.07345 2.73378,
	2.09066 2.73808,
	2.09927 2.74238,
	2.13368 2.74453,
	2.14228 2.74668,
	2.14658 2.74668,
	2.15519 2.75313,
	2.16164 2.78755,
	2.16379 2.80476,
	2.16594 2.81336,
	2.17024 2.81766,
	2.17024 2.82196,
	2.1853 2.83702,
	2.1896 2.83702,
	2.19175 2.84132,
	2.20036 2.84347,
	2.20896 2.84992,
	2.21756 2.85208,
	2.24983 2.87358,
	2.26058 2.88864,
	2.26488 2.89079,
	2.26919 2.908,
	2.27994 2.9209,
	2.28854 2.92521,
	2.31866 2.95317,
	2.33156 2.96822,
	2.34877 3.00264,
	2.35952 3.01984,
	2.36597 3.03705,
	2.36382 3.05426,
	2.35737 3.06071,
	2.32296 3.06716,
	2.25413 3.09297,
	2.23692 3.09728,
	2.22832 3.10373,
	2.15949 3.12739,
	2.14228 3.13384,
	2.13368 3.13599,
	2.12938 3.14029,
	2.09496 3.1532,
	2.0627 3.17256,
	2.02829 3.18761,
	2.01108 3.19407,
	2.00678 3.19407,
	2.00463 3.19837,
	1.97021 3.20052,
	1.9358 3.19837,
	1.92719 3.19622,
	1.92289 3.19622,
	1.91859 3.19192,
	1.90999 3.19192,
	1.87557 3.17901,
	1.84116 3.17471,
	1.80674 3.17686,
	1.79169 3.18546,
	1.78308 3.18976,
	1.77878 3.19407,
	1.76158 3.19837,
	1.72716 3.19837,
	1.71856 3.19837,
	1.71426 3.19837,
	1.70995 3.19407,
	1.67554 3.18761,
	1.65833 3.18116,
	1.64973 3.18116,
	1.63252 3.17471,
	1.61532 3.17256,
	1.59811 3.1661,
	1.58951 3.1618,
	1.57445 3.1446,
	1.56369 3.12954,
	1.55724 3.11233,
	1.55509 3.10373,
	1.55509 3.09943,
	1.55079 3.09728,
	1.55079 3.09297,
	1.52283 3.06071,
	1.52283 3.0435,
	1.52283 3.04135,
	"/>
</Transform>

<Transform dim="0"
 xcoef=" 0 1 0 0 0 0"
 ycoef=" 0 0 1 0 0 0">
<Contour name="d09cfa12" hidden="false" closed="false" simplified="false" border="0 1 1" fill="0 1 1" mode="-9"
 points="1.57936 2.96887,
	1.66998 2.94848,
	1.73341 2.90771,
	1.78778 2.81029,
	"/>
<Contour name="d09cfa12" hidden="false" closed="false" simplified="false" border="0 1 1" fill="0 1 1" mode="-9"
 points="2.28617 3.08441,
	2.17517 3.11612,
	2.08228 3.16596,
	1.9962 3.20221,
	1.9373 3.20448,
	1.88293 3.18635,
	1.83082 3.17049,
	1.77872 3.19541,
	1.7538 3.20221,
	1.66091 3.18409,
	"/>
</Transform>

<Transform dim="0"
 xcoef=" 0 1 0 0 0 0"
 ycoef=" 0 0 1 0 0 0">
<Contour name="d09c13" hidden="false" closed="true" simplified="true" border="0 1 0" fill="0 1 0" mode="-9"
 points="1.64396 1.66207,
	1.65201 1.65402,
	1.6681 1.65402,
	1.67615 1.65603,
	1.68018 1.66005,
	1.68018 1.66408,
	1.69024 1.67615,
	1.70835 1.70835,
	1.7164 1.72243,
	1.7164 1.72646,
	1.72042 1.73048,
	1.72646 1.74658,
	1.72646 1.77877,
	1.72243 1.81097,
	1.71841 1.82707,
	1.71237 1.83511,
	1.70432 1.83713,
	1.69426 1.82304,
	1.6842 1.79286,
	1.67816 1.77676,
	1.67213 1.76871,
	1.67213 1.73652,
	1.66609 1.72042,
	1.65402 1.70432,
	1.65201 1.69627,
	1.65201 1.69225,
	1.64798 1.69024,
	1.64396 1.67414,
	1.64396 1.66609,
	1.64396 1.66408,
	"/>
<Contour name="d09cfa13" hidden="false" closed="false" simplified="false" border="0 1 1" fill="0 1 1" mode="-9"
 points="1.7094 1.82404,
	1.70135 1.78178,
	1.68726 1.72745,
	1.65507 1.65703,
	"/>
</Transform>

<Transform dim="0"
 xcoef=" 0 1 0 0 0 0"
 ycoef=" 0 0 1 0 0 0">
<Contour name="d03SA25" hidden="false" closed="true" simplified="false" border="0 0 1" fill="0 0 1" mode="-9"
 points="1.70234 6.15048,
	1.69002 6.13817,
	1.70234 6.12586,
	1.71465 6.13817,
	"/>
</Transform>

<Transform dim="0"
 xcoef=" 0 1 0 0 0 0"
 ycoef=" 0 0 1 0 0 0">
<Contour name="d06ax11" hidden="false" closed="true" simplified="true" border="0 1 1" fill="0 1 1" mode="-11"
 points="3.43752 0.36105,
	3.44216 0.351762,
	3.44448 0.342475,
	3.45145 0.333187,
	3.45609 0.3239,
	3.46886 0.305325,
	3.48512 0.289072,
	3.4944 0.282106,
	3.51298 0.27398,
	3.55013 0.264692,
	3.5687 0.264692,
	3.60585 0.269336,
	3.62443 0.275141,
	3.63372 0.279785,
	3.63836 0.282106,
	3.643 0.28675,
	3.65229 0.291394,
	3.67087 0.294877,
	3.68944 0.293716,
	3.70802 0.28675,
	3.72659 0.269336,
	3.73588 0.26121,
	3.74052 0.258888,
	3.74284 0.256566,
	3.74517 0.256566,
	3.74749 0.254244,
	3.75678 0.250761,
	3.77535 0.250761,
	3.79393 0.254244,
	3.80321 0.260049,
	3.8067 0.263532,
	3.80902 0.272819,
	3.80902 0.291394,
	3.80437 0.309969,
	3.80321 0.319256,
	3.80437 0.328544,
	3.81134 0.347119,
	3.81366 0.351762,
	3.81366 0.370337,
	3.81482 0.379625,
	3.82179 0.3982,
	3.82295 0.416775,
	3.82063 0.426062,
	3.81134 0.444637,
	3.79857 0.463212,
	3.79741 0.481787,
	3.80089 0.500362,
	3.80321 0.509649,
	3.80205 0.528224,
	3.79857 0.537511,
	3.7916 0.546799,
	3.78696 0.556086,
	3.78464 0.56073,
	3.78232 0.563052,
	3.78115 0.567696,
	3.77419 0.576983,
	3.7649 0.583949,
	3.72775 0.601363,
	3.70918 0.607167,
	3.6906 0.61065,
	3.67203 0.611811,
	3.66274 0.611811,
	3.6581 0.611811,
	3.63952 0.603685,
	3.62327 0.58511,
	3.61398 0.576983,
	3.59773 0.564213,
	3.56058 0.545638,
	3.55129 0.539833,
	3.54316 0.530546,
	3.53736 0.511971,
	3.5362 0.502683,
	3.52807 0.484109,
	3.52227 0.474821,
	3.50369 0.458568,
	3.49092 0.439993,
	3.48744 0.435349,
	3.48396 0.426062,
	3.4828 0.421418,
	3.47351 0.412131,
	3.45609 0.401682,
	3.43752 0.385429,
	3.43752 0.366854,
	3.43752 0.362211,
	"/>
</Transform>

<Transform dim="0"
 xcoef=" 0 1 0 0 0 0"
 ycoef=" 0 0 1 0 0 0">
<Contour name="d06ax11ssvr" hidden="false" closed="true" simplified="false" border="0 1 0" fill="0 1 0" mode="11"
 points="3.62155 0.356879,
	3.61143 0.34676,
	3.62155 0.336641,
	3.63167 0.34676,
	"/>
<Contour name="d06ax11ssvr" hidden="false" closed="true" simplified="false" border="0 1 0" fill="0 1 0" mode="11"
 points="3.56806 0.351096,
	3.55794 0.340977,
	3.56806 0.330858,
	3.57818 0.340977,
	"/>
<Contour name="d06ax11ssvr" hidden="false" closed="true" simplified="false" border="0 1 0" fill="0 1 0" mode="11"
 points="3.55505 0.417593,
	3.54493 0.407474,
	3.55505 0.397355,
	3.56517 0.407474,
	"/>
<Contour name="d06ax11ssvr" hidden="false" closed="true" simplified="false" border="0 1 0" fill="0 1 0" mode="11"
 points="3.62299 0.400246,
	3.61288 0.390127,
	3.62299 0.380008,
	3.63311 0.390127,
	"/>
<Contour name="d06ax11ssvr" hidden="false" closed="true" simplified="false" border="0 1 0" fill="0 1 0" mode="11"
 points="3.64179 0.455178,
	3.63167 0.445059,
	3.64179 0.43494,
	3.65191 0.445059,
	"/>
<Contour name="d06ax11ssvr" hidden="false" closed="true" simplified="false" border="0 1 0" fill="0 1 0" mode="11"
 points="3.6389 0.498545,
	3.62878 0.488426,
	3.6389 0.478307,
	3.64901 0.488426,
	"/>
<Contour name="d06ax11ssvr" hidden="false" closed="true" simplified="false" border="0 1 0" fill="0 1 0" mode="11"
 points="3.63456 0.53613,
	3.62444 0.526011,
	3.63456 0.515892,
	3.64468 0.526011,
	"/>
<Contour name="d06ax11ssvr" hidden="false" closed="true" simplified="false" border="0 1 0" fill="0 1 0" mode="11"
 points="3.68082 0.498545,
	3.6707 0.488426,
	3.68082 0.478307,
	3.69094 0.488426,
	"/>
<Contour name="d06ax11ssvr" hidden="false" closed="true" simplified="false" border="0 1 0" fill="0 1 0" mode="11"
 points="3.69672 0.463851,
	3.6866 0.453732,
	3.69672 0.443613,
	3.70684 0.453732,
	"/>
<Contour name="d06ax11ssvr" hidden="false" closed="true" simplified="false" border="0 1 0" fill="0 1 0" mode="11"
 points="3.69672 0.381453,
	3.6866 0.371334,
	3.69672 0.361215,
	3.70684 0.371334,
	"/>
</Transform>

</Section>