<?xml version="1.0"?>
<!DOCTYPE Section SYSTEM "section.dtd">

<Section index="147" thickness="0.038" alignLocked="true">
<Transform dim="0"
 xcoef=" 0 1 0 0 0 0"
 ycoef=" 0 0 1 0 0 0">
<Contour name="d01" hidden="false" closed="true" simplified="true" border="1 0.5 0" fill="1 0.5 0" mode="11"
 points="4.21268 2.41628,
	4.22899 2.38365,
	4.23307 2.37549,
	4.24123 2.36734,
	4.24938 2.36326,
	4.26569 2.36326,
	4.27385 2.36122,
	4.28201 2.3551,
	4.29832 2.34899,
	4.31463 2.34899,
	4.32279 2.34695,
	4.3391 2.33063,
	4.34726 2.32248,
	4.37988 2.32044,
	4.39619 2.33063,
	4.41047 2.34695,
	4.41454 2.36326,
	4.41454 2.39588,
	4.41454 2.4122,
	4.41454 2.42035,
	4.41454 2.42443,
	4.4227 2.43259,
	4.43086 2.43667,
	4.43697 2.44482,
	4.43494 2.46113,
	4.4329 2.46929,
	4.42066 2.48356,
	4.40435 2.49784,
	4.40027 2.50192,
	4.39212 2.50395,
	4.386 2.52027,
	4.38396 2.53658,
	4.37376 2.55289,
	4.34114 2.55493,
	4.32483 2.55289,
	4.25958 2.52638,
	4.25142 2.52434,
	4.23715 2.51007,
	4.23307 2.50192,
	4.23103 2.46929,
	4.22083 2.45298,
	4.21472 2.44482,
	4.21268 2.42851,
	4.21268 2.42035,
	4.21268 2.41831,
	"/>
</Transform>

<Transform dim="0"
 xcoef=" 0 1 0 0 0 0"
 ycoef=" 0 0 1 0 0 0">
<Contour name="d01" hidden="false" closed="true" simplified="true" border="1 0.5 0" fill="1 0.5 0" mode="11"
 points="2.55045 3.58678,
	2.55406 3.57232,
	2.55587 3.56509,
	2.57575 3.53618,
	2.58117 3.52172,
	2.58297 3.5145,
	2.5884 3.50727,
	2.64622 3.48739,
	2.66068 3.48378,
	2.67513 3.47655,
	2.68236 3.47113,
	2.68959 3.46932,
	2.7185 3.44764,
	2.72935 3.43318,
	2.74561 3.40607,
	2.76007 3.39885,
	2.81789 3.39704,
	2.83235 3.40065,
	2.8468 3.40969,
	2.85403 3.41149,
	2.86126 3.40969,
	2.8703 3.40065,
	2.89921 3.40065,
	2.91367 3.39885,
	2.92812 3.39162,
	2.93535 3.3862,
	2.96426 3.388,
	2.99318 3.40065,
	3.00763 3.39885,
	3.02209 3.39342,
	3.07991 3.39523,
	3.10883 3.39704,
	3.13774 3.39523,
	3.16665 3.388,
	3.19556 3.3862,
	3.22448 3.38077,
	3.25339 3.38258,
	3.2823 3.38981,
	3.31122 3.39342,
	3.34013 3.39342,
	3.35459 3.39704,
	3.3835 3.39704,
	3.41241 3.39342,
	3.47024 3.39523,
	3.49915 3.39704,
	3.51361 3.39704,
	3.54252 3.41511,
	3.55517 3.42956,
	3.5624 3.43499,
	3.59131 3.44041,
	3.60577 3.44041,
	3.63468 3.44764,
	3.64913 3.44944,
	3.67805 3.45848,
	3.6925 3.45848,
	3.69973 3.46028,
	3.70696 3.46571,
	3.73587 3.47293,
	3.76479 3.47113,
	3.77924 3.46751,
	3.83707 3.46932,
	3.85152 3.47293,
	3.86598 3.48378,
	3.89489 3.51269,
	3.90031 3.51992,
	3.90031 3.53437,
	3.90212 3.5416,
	3.91477 3.55064,
	3.94368 3.55967,
	3.9491 3.56148,
	3.96356 3.5669,
	3.99247 3.56871,
	4.00693 3.57051,
	4.01416 3.57051,
	4.01777 3.57051,
	4.03223 3.58136,
	4.03946 3.58497,
	4.04126 3.58678,
	4.0503 3.60304,
	4.05391 3.61027,
	4.06656 3.62473,
	4.06837 3.63918,
	4.04488 3.6681,
	4.01597 3.68436,
	3.98705 3.69701,
	3.9726 3.70062,
	3.96537 3.70604,
	3.95272 3.73496,
	3.9473 3.74941,
	3.91838 3.77652,
	3.90935 3.79097,
	3.90574 3.7982,
	3.90574 3.81266,
	3.91838 3.87049,
	3.91838 3.88494,
	3.91477 3.8994,
	3.90574 3.91385,
	3.87863 3.94277,
	3.86779 3.95722,
	3.86056 3.96445,
	3.85333 3.97891,
	3.85333 3.99336,
	3.85514 4.00059,
	3.8967 4.05842,
	3.91116 4.07287,
	3.91658 4.10179,
	3.92019 4.10902,
	3.91658 4.12347,
	3.90935 4.13793,
	3.90574 4.14516,
	3.90754 4.15961,
	3.91116 4.16684,
	3.92561 4.17949,
	3.93284 4.18672,
	3.93646 4.19033,
	3.93826 4.20479,
	3.93646 4.21925,
	3.92742 4.2337,
	3.89851 4.23912,
	3.88405 4.24816,
	3.87321 4.26261,
	3.86779 4.26804,
	3.83887 4.26261,
	3.80996 4.24997,
	3.78105 4.2337,
	3.72322 4.21021,
	3.6654 4.2084,
	3.60757 4.20298,
	3.57866 4.20479,
	3.5642 4.21021,
	3.54975 4.21925,
	3.54252 4.22286,
	3.52806 4.22105,
	3.47024 4.19214,
	3.44132 4.17407,
	3.42687 4.16142,
	3.41241 4.15238,
	3.39795 4.14877,
	3.3835 4.14154,
	3.35459 4.12167,
	3.34013 4.11444,
	3.32567 4.11263,
	3.29676 4.11444,
	3.2823 4.11624,
	3.25339 4.11082,
	3.19556 4.08914,
	3.16665 4.07287,
	3.1522 4.06565,
	3.12328 4.05661,
	3.10883 4.04938,
	3.07991 4.02589,
	3.051 4.00782,
	3.03654 3.99879,
	3.00763 3.98794,
	2.97872 3.97349,
	2.96426 3.96084,
	2.94438 3.93192,
	2.92993 3.92289,
	2.8721 3.9012,
	2.85765 3.89578,
	2.84319 3.88494,
	2.80886 3.82712,
	2.77994 3.80362,
	2.75103 3.7982,
	2.73657 3.7982,
	2.70766 3.78555,
	2.64984 3.76748,
	2.64261 3.76026,
	2.6408 3.7458,
	2.63538 3.73134,
	2.62273 3.71689,
	2.59382 3.69701,
	2.58117 3.68255,
	2.57575 3.67532,
	2.57213 3.64641,
	2.57033 3.63918,
	2.55948 3.62473,
	2.55406 3.6175,
	2.55045 3.60304,
	2.55045 3.58859,
	"/>
</Transform>

<Transform dim="0"
 xcoef=" 0 1 0 0 0 0"
 ycoef=" 0 0 1 0 0 0">
<Contour name="d01" hidden="false" closed="true" simplified="true" border="1 0.5 0" fill="1 0.5 0" mode="11"
 points="2.36724 3.72433,
	2.37627 3.69542,
	2.37808 3.68819,
	2.38892 3.67373,
	2.40338 3.6665,
	2.43229 3.66108,
	2.4612 3.65024,
	2.47566 3.64843,
	2.48289 3.64843,
	2.4865 3.65024,
	2.4865 3.65747,
	2.48108 3.67193,
	2.47566 3.67915,
	2.46843 3.68277,
	2.45759 3.69722,
	2.45578 3.70445,
	2.46301 3.70626,
	2.46482 3.72072,
	2.4612 3.73517,
	2.46301 3.74059,
	2.46482 3.7424,
	2.45759 3.74601,
	2.45036 3.75324,
	2.4359 3.75866,
	2.40699 3.75866,
	2.37808 3.75324,
	2.37085 3.75324,
	2.36724 3.75144,
	2.36724 3.73698,
	2.36724 3.72975,
	2.36724 3.72614,
	"/>
</Transform>

<Transform dim="0"
 xcoef=" 0 1 0 0 0 0"
 ycoef=" 0 0 1 0 0 0">
<Contour name="d01" hidden="false" closed="true" simplified="true" border="1 0.5 0" fill="1 0.5 0" mode="11"
 points="3.81468 4.36222,
	3.82372 4.34776,
	3.85082 4.32066,
	3.90865 4.27548,
	3.91588 4.26825,
	3.91949 4.26102,
	3.93395 4.24657,
	3.93756 4.24657,
	3.94118 4.24295,
	3.95563 4.24295,
	3.96286 4.24476,
	3.96647 4.24657,
	3.97009 4.24476,
	3.98455 4.24837,
	4.00804 4.27548,
	4.01707 4.28994,
	4.04237 4.31704,
	4.06225 4.34596,
	4.06767 4.36041,
	4.06948 4.37487,
	4.06767 4.38932,
	4.05683 4.40378,
	4.04418 4.41282,
	4.02972 4.42547,
	4.00081 4.4345,
	3.99358 4.4345,
	3.93575 4.4598,
	3.9213 4.46703,
	3.89239 4.46703,
	3.86347 4.45799,
	3.84902 4.45619,
	3.83456 4.45076,
	3.82191 4.43811,
	3.81649 4.43089,
	3.81468 4.37306,
	3.81468 4.36583,
	3.81468 4.36403,
	"/>
</Transform>

<Transform dim="0"
 xcoef=" 0 1 0 0 0 0"
 ycoef=" 0 0 1 0 0 0">
<Contour name="d01" hidden="false" closed="true" simplified="true" border="1 0.5 0" fill="1 0.5 0" mode="11"
 points="2.23648 3.07892,
	2.25319 3.05217,
	2.27659 3.02543,
	2.30334 3.00537,
	2.32005 2.98197,
	2.32674 2.9686,
	2.34011 2.95857,
	2.44709 2.92848,
	2.47383 2.91511,
	2.50057 2.90842,
	2.52398 2.91177,
	2.52063 2.91511,
	2.54738 2.91511,
	2.56075 2.91511,
	2.56743 2.91845,
	2.56743 2.97194,
	2.56075 3.02543,
	2.55072 3.05217,
	2.534 3.07892,
	2.49055 3.1324,
	2.4404 3.18255,
	2.42703 3.19258,
	2.37354 3.19592,
	2.3468 3.19258,
	2.33342 3.18924,
	2.30668 3.16918,
	2.29331 3.15581,
	2.27994 3.14912,
	2.25319 3.12238,
	2.23982 3.109,
	2.23648 3.08226,
	"/>
</Transform>

<Transform dim="0"
 xcoef=" 0 1 0 0 0 0"
 ycoef=" 0 0 1 0 0 0">
<Contour name="d01mito01" hidden="false" closed="true" simplified="true" border="0 0.25098 0.501961" fill="0.5 0 1" mode="-11"
 points="3.48618 3.8168,
	3.48943 3.79946,
	3.49485 3.78211,
	3.50461 3.76477,
	3.52195 3.74851,
	3.53929 3.73658,
	3.57398 3.71816,
	3.60867 3.70298,
	3.62601 3.70298,
	3.63469 3.70515,
	3.64336 3.70948,
	3.67805 3.71707,
	3.69539 3.72032,
	3.69973 3.72032,
	3.7019 3.72032,
	3.70515 3.729,
	3.70623 3.73333,
	3.72249 3.74742,
	3.72683 3.75068,
	3.729 3.75284,
	3.73767 3.7561,
	3.74634 3.76152,
	3.75393 3.77019,
	3.75935 3.77886,
	3.7626 3.7832,
	3.77019 3.80054,
	3.78211 3.81788,
	3.7897 3.83523,
	3.79295 3.86992,
	3.7962 3.87859,
	3.7962 3.89593,
	3.79404 3.9046,
	3.7897 3.91328,
	3.78862 3.91761,
	3.78536 3.92195,
	3.78211 3.93062,
	3.77127 3.94797,
	3.75718 3.96531,
	3.73984 3.98049,
	3.73116 3.98591,
	3.72683 3.99024,
	3.71816 3.99566,
	3.68347 4.00867,
	3.66612 4.01192,
	3.63143 4.01192,
	3.62276 4.01192,
	3.60542 4.00759,
	3.59675 4.00325,
	3.5794 3.98916,
	3.56748 3.97181,
	3.55989 3.96314,
	3.55447 3.95447,
	3.54905 3.93713,
	3.54363 3.90244,
	3.53929 3.89376,
	3.53713 3.88943,
	3.52845 3.88184,
	3.51978 3.88184,
	3.51761 3.88184,
	3.50352 3.8645,
	3.4916 3.84715,
	3.48835 3.83848,
	3.48618 3.83414,
	3.48618 3.81788,
	"/>
</Transform>

<Transform dim="0"
 xcoef=" 0 1 0 0 0 0"
 ycoef=" 0 0 1 0 0 0">
<Contour name="d01ser" hidden="false" closed="true" simplified="true" border="0 0.502 0" fill="1 0.5 0" mode="11"
 points="3.43867 4.1182,
	3.44514 4.11173,
	3.4624 4.11389,
	3.47103 4.11605,
	3.47966 4.12468,
	3.48181 4.1333,
	3.46887 4.14841,
	3.45161 4.14625,
	3.44298 4.13978,
	3.43867 4.13762,
	3.43867 4.12036,
	"/>
</Transform>

<Transform dim="0"
 xcoef=" 0 1 0 0 0 0"
 ycoef=" 0 0 1 0 0 0">
<Contour name="d01ser" hidden="false" closed="true" simplified="true" border="0 0.502 0" fill="1 0.5 0" mode="11"
 points="3.46655 3.66743,
	3.47803 3.65213,
	3.48186 3.6483,
	3.51247 3.6483,
	3.52777 3.6483,
	3.55838 3.65786,
	3.58708 3.67508,
	3.59282 3.68273,
	3.59282 3.69804,
	3.57751 3.71143,
	3.56221 3.71334,
	3.5469 3.70952,
	3.53925 3.70761,
	3.52586 3.6923,
	3.52395 3.68847,
	3.51629 3.69039,
	3.51056 3.69613,
	3.5029 3.69804,
	3.4876 3.69421,
	3.47421 3.68082,
	3.46655 3.677,
	3.46655 3.66934,
	"/>
</Transform>

<Transform dim="0"
 xcoef=" 0 1 0 0 0 0"
 ycoef=" 0 0 1 0 0 0">
<Contour name="d01ser" hidden="false" closed="true" simplified="true" border="0 0.502 0" fill="1 0.5 0" mode="11"
 points="2.9768 3.43594,
	2.98254 3.42829,
	2.99784 3.42255,
	3.05906 3.42255,
	3.06097 3.4302,
	3.05332 3.43786,
	3.03802 3.44551,
	3.03419 3.44934,
	3.00358 3.44742,
	2.98828 3.44742,
	2.98062 3.44551,
	2.9768 3.4436,
	2.9768 3.43786,
	"/>
</Transform>

<Transform dim="0"
 xcoef=" 0 1 0 0 0 0"
 ycoef=" 0 0 1 0 0 0">
<Contour name="d01" hidden="false" closed="true" simplified="true" border="1 0.5 0" fill="1 0.5 0" mode="11"
 points="1.85052 3.63936,
	1.85804 3.62732,
	1.87008 3.62431,
	1.8761 3.6213,
	1.89565 3.59874,
	1.90769 3.59422,
	1.93176 3.59573,
	1.9438 3.60024,
	1.95433 3.61077,
	1.95734 3.61679,
	1.96336 3.62281,
	1.98743 3.63033,
	1.99946 3.63785,
	2.00247 3.64387,
	2.00398 3.65591,
	2.00548 3.66042,
	2.00849 3.66192,
	2.00398 3.66644,
	2.00247 3.67847,
	1.9784 3.69653,
	1.95433 3.71007,
	1.93026 3.7206,
	1.90619 3.7206,
	1.90017 3.71759,
	1.89415 3.71157,
	1.87911 3.6875,
	1.86707 3.68148,
	1.85052 3.65891,
	1.85052 3.64688,
	1.85052 3.64086,
	"/>
</Transform>

<Transform dim="0"
 xcoef=" 0 1 0 0 0 0"
 ycoef=" 0 0 1 0 0 0">
<Contour name="d01ser" hidden="false" closed="true" simplified="true" border="0 0.502 0" fill="1 0.5 0" mode="11"
 points="3.79053 3.97019,
	3.79719 3.96132,
	3.81493 3.96354,
	3.8238 3.97019,
	3.83267 3.97241,
	3.83933 3.97906,
	3.83711 3.99681,
	3.83489 4.00124,
	3.82602 4.00124,
	3.81493 3.98572,
	3.79719 3.99015,
	3.79275 3.99015,
	3.79053 3.97241,
	"/>
</Transform>

<Transform dim="0"
 xcoef=" 0 1 0 0 0 0"
 ycoef=" 0 0 1 0 0 0">
<Contour name="d01p38" hidden="false" closed="true" simplified="false" border="1 0 0" fill="1 0 0" mode="9"
 points="2.66625 3.61559,
	2.64514 3.61559,
	2.64514 3.62614,
	2.65569 3.6367,
	2.68736 3.64726,
	2.66625 3.65781,
	2.65569 3.67893,
	2.63458 3.65781,
	2.62402 3.6367,
	2.62402 3.61559,
	2.60291 3.61559,
	2.63458 3.59447,
	"/>
</Transform>

<Transform dim="0"
 xcoef=" 0 1 0 0 0 0"
 ycoef=" 0 0 1 0 0 0">
<Contour name="d01c36" hidden="false" closed="true" simplified="true" border="0 1 0" fill="0 1 0" mode="11"
 points="2.91199 3.92246,
	2.92118 3.91557,
	2.93036 3.91557,
	2.93496 3.91557,
	2.95333 3.92935,
	2.96022 3.93854,
	2.96252 3.93394,
	2.9717 3.94083,
	2.98318 3.95691,
	3.01993 3.97758,
	3.02452 3.97758,
	3.09801 4.02121,
	3.1072 4.0281,
	3.12557 4.03499,
	3.13475 4.04188,
	3.14394 4.04418,
	3.14853 4.04418,
	3.15313 4.04877,
	3.22662 4.08092,
	3.23121 4.08552,
	3.24039 4.08781,
	3.25647 4.10159,
	3.26106 4.10618,
	3.25647 4.12456,
	3.25188 4.13374,
	3.24728 4.13834,
	3.21054 4.13145,
	3.1738 4.11078,
	3.15542 4.097,
	3.15083 4.097,
	3.14164 4.09011,
	3.13705 4.08552,
	3.12787 4.08322,
	3.11868 4.07633,
	3.11409 4.07633,
	3.09571 4.06485,
	3.09112 4.06025,
	3.08653 4.06025,
	3.04978 4.03499,
	3.01763 4.01432,
	2.98089 4.00054,
	2.97629 4.00054,
	2.9717 3.99595,
	2.95333 3.99136,
	2.94414 3.98906,
	2.92807 3.97299,
	2.91658 3.95691,
	2.91199 3.94772,
	2.91199 3.92935,
	2.91199 3.92476,
	"/>
<Contour name="d01cfa36" hidden="false" closed="false" simplified="false" border="0 1 1" fill="0 1 1" mode="9"
 points="3.25503 4.11099,
	3.21828 4.0995,
	3.18154 4.08343,
	3.15168 4.06965,
	3.12183 4.05357,
	3.08279 4.02601,
	3.04375 4.00305,
	3.0093 3.98927,
	2.96796 3.9686,
	2.94959 3.93875,
	2.92203 3.91578,
	"/>
</Transform>

<Transform dim="0"
 xcoef=" 0 1 0 0 0 0"
 ycoef=" 0 0 1 0 0 0">
<Contour name="d02" hidden="false" closed="true" simplified="true" border="0 0.251 0.502" fill="0.5 0 1" mode="11"
 points="6.49359 4.06523,
	6.50257 4.05087,
	6.51154 4.02215,
	6.51693 3.99343,
	6.51693 3.96472,
	6.52231 3.95036,
	6.53667 3.9378,
	6.55103 3.93421,
	6.57974 3.93241,
	6.63718 3.92164,
	6.66589 3.91446,
	6.68025 3.91087,
	6.79512 3.90369,
	6.80948 3.90369,
	6.8382 3.91446,
	6.85255 3.91626,
	6.88127 3.92703,
	6.89563 3.93959,
	6.90281 3.94318,
	6.91717 3.95754,
	6.9387 3.98626,
	6.95306 4.01497,
	6.95665 4.02933,
	6.95665 4.04369,
	6.95665 4.05087,
	6.94947 4.06523,
	6.92076 4.09035,
	6.9064 4.09933,
	6.89204 4.10471,
	6.83461 4.11369,
	6.77717 4.11548,
	6.74846 4.12266,
	6.7341 4.12266,
	6.70538 4.11728,
	6.69102 4.11728,
	6.67666 4.12087,
	6.61923 4.12087,
	6.59051 4.12087,
	6.5618 4.11189,
	6.53308 4.09933,
	6.50436 4.08138,
	6.49718 4.076,
	6.49359 4.07241,
	6.49359 4.06702,
	"/>
</Transform>

<Transform dim="0"
 xcoef=" 0 1 0 0 0 0"
 ycoef=" 0 0 1 0 0 0">
<Contour name="d02" hidden="false" closed="true" simplified="true" border="0 0.251 0.502" fill="0.5 0 1" mode="11"
 points="4.61803 4.9734,
	4.62879 4.95904,
	4.64315 4.95006,
	4.65033 4.94827,
	4.67905 4.95365,
	4.69341 4.95545,
	4.70777 4.95365,
	4.72212 4.94647,
	4.7293 4.94109,
	4.73828 4.92673,
	4.7634 4.89801,
	4.77776 4.88366,
	4.80648 4.8675,
	4.82084 4.86212,
	4.8352 4.86032,
	4.89263 4.86391,
	4.90699 4.86571,
	4.93571 4.87827,
	4.96442 4.89981,
	5.02186 4.92135,
	5.05057 4.93212,
	5.05775 4.93571,
	5.06134 4.93571,
	5.09006 4.95186,
	5.11878 4.97519,
	5.1457 5.00211,
	5.15467 5.01647,
	5.15826 5.02365,
	5.16544 5.03083,
	5.17262 5.03442,
	5.178 5.0416,
	5.18339 5.07032,
	5.18518 5.09903,
	5.18518 5.10621,
	5.1798 5.12057,
	5.16724 5.13493,
	5.15288 5.1439,
	5.09544 5.1439,
	5.08108 5.14211,
	5.07391 5.14211,
	5.04519 5.13313,
	5.01647 5.13134,
	5.00211 5.12954,
	4.94468 5.1098,
	4.91596 5.10442,
	4.85853 5.08467,
	4.84417 5.08108,
	4.83699 5.07749,
	4.82263 5.0757,
	4.7652 5.05775,
	4.73648 5.04519,
	4.72212 5.03621,
	4.71494 5.03442,
	4.70777 5.02904,
	4.67905 5.02365,
	4.65033 5.02186,
	4.64315 5.02006,
	4.62879 5.0075,
	4.62162 5.00032,
	4.61803 4.98596,
	4.61803 4.97878,
	4.61803 4.97519,
	"/>
</Transform>

<Transform dim="0"
 xcoef=" 0 1 0 0 0 0"
 ycoef=" 0 0 1 0 0 0">
<Contour name="d02" hidden="false" closed="true" simplified="true" border="0 0.251 0.502" fill="0.5 0 1" mode="11"
 points="5.22826 4.69341,
	5.24621 4.63597,
	5.28569 4.57854,
	5.31261 4.52111,
	5.31979 4.50675,
	5.33236 4.49418,
	5.36107 4.48162,
	5.41851 4.47803,
	5.44722 4.48342,
	5.47594 4.49418,
	5.48312 4.49598,
	5.48671 4.49777,
	5.4903 4.49598,
	5.4903 4.49239,
	5.54773 4.4888,
	5.57645 4.48521,
	5.63388 4.46008,
	5.6626 4.43316,
	5.68234 4.40444,
	5.68952 4.39009,
	5.68593 4.33265,
	5.68773 4.31829,
	5.69311 4.30394,
	5.6985 4.29676,
	5.71285 4.28958,
	5.72721 4.28778,
	5.74157 4.29137,
	5.74875 4.29855,
	5.7667 4.32727,
	5.77567 4.34163,
	5.77747 4.35598,
	5.77208 4.41342,
	5.77029 4.42778,
	5.75952 4.45649,
	5.75772 4.47085,
	5.7667 4.49957,
	5.77029 4.50675,
	5.77747 4.51393,
	5.78106 4.51752,
	5.80977 4.51393,
	5.83849 4.51572,
	5.86721 4.52829,
	5.88157 4.53546,
	5.88875 4.53905,
	5.91746 4.54085,
	5.94618 4.54982,
	5.9749 4.56239,
	6.00361 4.54982,
	6.03233 4.53367,
	6.06105 4.5247,
	6.08976 4.52111,
	6.10412 4.52111,
	6.1113 4.52111,
	6.16873 4.54444,
	6.19745 4.55521,
	6.22617 4.57136,
	6.24053 4.58033,
	6.2495 4.60905,
	6.25489 4.62341,
	6.26745 4.63597,
	6.28181 4.64495,
	6.31052 4.67187,
	6.32129 4.68623,
	6.34821 4.74366,
	6.35898 4.77238,
	6.36437 4.8011,
	6.36616 4.81545,
	6.36437 4.82981,
	6.3536 4.85853,
	6.34821 4.87289,
	6.3536 4.9016,
	6.35898 4.90878,
	6.37334 4.91596,
	6.38591 4.93032,
	6.39129 4.9375,
	6.39667 4.96622,
	6.39488 4.99493,
	6.39308 5.00929,
	6.38052 5.03801,
	6.36796 5.05237,
	6.33924 5.06493,
	6.31052 5.06673,
	6.25309 5.05955,
	6.22437 5.06314,
	6.21719 5.06314,
	6.18848 5.07749,
	6.15976 5.08288,
	6.13104 5.08108,
	6.10233 5.0757,
	6.07361 5.07391,
	6.05925 5.07391,
	6.04489 5.08467,
	6.03771 5.09006,
	6.009 5.09185,
	5.95156 5.11878,
	5.92285 5.11878,
	5.90849 5.11698,
	5.87977 5.10262,
	5.86541 5.09544,
	5.85823 5.09185,
	5.82952 5.08826,
	5.8008 5.09006,
	5.79362 5.08826,
	5.7649 5.06493,
	5.73619 5.05057,
	5.67875 5.03801,
	5.65004 5.03442,
	5.62132 5.02186,
	5.61414 5.01827,
	5.60517 5.00391,
	5.57645 4.97699,
	5.56927 4.96981,
	5.55491 4.96083,
	5.54773 4.95904,
	5.53337 4.94827,
	5.5262 4.94109,
	5.52081 4.92673,
	5.51363 4.92135,
	5.4562 4.91955,
	5.44184 4.91955,
	5.42748 4.91417,
	5.42389 4.91417,
	5.39517 4.88725,
	5.38082 4.87648,
	5.36646 4.86212,
	5.35748 4.84776,
	5.34313 4.8352,
	5.32877 4.82622,
	5.27133 4.81007,
	5.24262 4.79751,
	5.23364 4.78853,
	5.23005 4.7311,
	5.22826 4.70238,
	5.22826 4.6952,
	"/>
</Transform>

<Transform dim="0"
 xcoef=" 0 1 0 0 0 0"
 ycoef=" 0 0 1 0 0 0">
<Contour name="d02" hidden="false" closed="true" simplified="true" border="0 0.251 0.502" fill="0.5 0 1" mode="11"
 points="5.36825 4.03471,
	5.37543 4.02754,
	5.38979 4.01856,
	5.40415 4.01497,
	5.41851 4.01497,
	5.42569 4.01497,
	5.44004 4.02036,
	5.46876 4.02036,
	5.48312 4.01677,
	5.51184 4.00061,
	5.51902 3.99702,
	5.53337 3.99882,
	5.54055 4.00241,
	5.55491 4.03113,
	5.5603 4.04548,
	5.55671 4.0742,
	5.49927 4.09215,
	5.47056 4.09933,
	5.4562 4.09933,
	5.44184 4.09574,
	5.43466 4.09394,
	5.40594 4.07061,
	5.37902 4.05446,
	5.37184 4.04907,
	5.36825 4.04548,
	5.36825 4.0383,
	5.36825 4.03651,
	"/>
</Transform>

<Transform dim="0"
 xcoef=" 0 1 0 0 0 0"
 ycoef=" 0 0 1 0 0 0">
<Contour name="d02" hidden="false" closed="true" simplified="true" border="0 0.251 0.502" fill="0.5 0 1" mode="11"
 points="5.41671 5.15288,
	5.42928 5.14031,
	5.45799 5.12775,
	5.48671 5.12416,
	5.50107 5.12057,
	5.52979 5.12236,
	5.54414 5.13493,
	5.55312 5.14929,
	5.60696 5.20493,
	5.61414 5.21211,
	5.62311 5.22646,
	5.6267 5.24082,
	5.6267 5.248,
	5.61953 5.26236,
	5.60517 5.27133,
	5.59799 5.27672,
	5.59081 5.27851,
	5.58363 5.2839,
	5.55491 5.29287,
	5.49748 5.30185,
	5.48312 5.30364,
	5.46876 5.29826,
	5.4544 5.28749,
	5.44184 5.27313,
	5.43646 5.25877,
	5.43287 5.25159,
	5.43466 5.22287,
	5.43646 5.20852,
	5.43287 5.19416,
	5.4203 5.1798,
	5.41671 5.17262,
	5.41671 5.15826,
	5.41671 5.15467,
	"/>
</Transform>

<Transform dim="0"
 xcoef=" 0 1 0 0 0 0"
 ycoef=" 0 0 1 0 0 0">
<Contour name="d02p22" hidden="false" closed="true" simplified="false" border="0 0.251 0.502" fill="0.5 0 1" mode="11"
 points="6.29687 4.99148,
	6.28879 4.98879,
	6.29687 4.9861,
	6.29149 4.97803,
	6.29956 4.98341,
	6.30225 4.97533,
	6.30494 4.98341,
	6.31302 4.97803,
	6.30764 4.9861,
	6.31571 4.98879,
	6.30764 4.99148,
	6.31302 4.99956,
	6.30494 4.99417,
	6.30225 5.00225,
	6.29956 4.99417,
	6.29149 4.99956,
	"/>
</Transform>

<Transform dim="0"
 xcoef=" 0 1 0 0 0 0"
 ycoef=" 0 0 1 0 0 0">
<Contour name="d02p23" hidden="false" closed="true" simplified="false" border="0 0.251 0.502" fill="1 0 0.5" mode="-9"
 points="5.67513 4.47741,
	5.70743 4.47741,
	5.69128 4.50701,
	"/>
</Transform>

<Transform dim="0"
 xcoef=" 0 1 0 0 0 0"
 ycoef=" 0 0 1 0 0 0">
<Contour name="d02c19" hidden="false" closed="true" simplified="true" border="1 0 0" fill="1 0 0" mode="-11"
 points="4.77602 5.06308,
	4.78018 5.05892,
	4.79682 5.05476,
	4.81346 5.05476,
	4.94659 5.09012,
	5.01316 5.11092,
	5.04644 5.12132,
	5.06308 5.12964,
	5.06932 5.13588,
	5.07348 5.15253,
	5.05684 5.16293,
	5.02356 5.16917,
	4.99027 5.16917,
	4.95699 5.15669,
	4.94035 5.14628,
	4.87379 5.11924,
	4.85714 5.11092,
	4.82386 5.10052,
	4.80722 5.09636,
	4.79058 5.08804,
	4.78226 5.08388,
	4.77602 5.06724,
	4.77602 5.06516,
	"/>
</Transform>

<Transform dim="0"
 xcoef=" 0 1 0 0 0 0"
 ycoef=" 0 0 1 0 0 0">
<Contour name="d02cfa19" hidden="false" closed="false" simplified="false" border="0 1 0.25098" fill="0 1 0" mode="11"
 points="4.78577 5.06496,
	4.81697 5.07744,
	4.84193 5.08576,
	4.87106 5.09408,
	4.90642 5.10448,
	4.93762 5.11488,
	4.98962 5.12528,
	5.04371 5.1336,
	"/>
</Transform>

<Transform dim="0"
 xcoef=" 0 1 0 0 0 0"
 ycoef=" 0 0 1 0 0 0">
<Contour name="d02c21" hidden="false" closed="true" simplified="true" border="1 0 0" fill="1 0 0" mode="-11"
 points="6.5379 3.93148,
	6.53998 3.92316,
	6.5483 3.91484,
	6.58159 3.90444,
	6.71472 3.88364,
	6.73136 3.87947,
	6.76464 3.87947,
	6.79792 3.88364,
	6.81456 3.88988,
	6.82912 3.90028,
	6.82704 3.91692,
	6.82496 3.92524,
	6.81664 3.93356,
	6.80832 3.93772,
	6.74176 3.9398,
	6.60863 3.95852,
	6.59199 3.96268,
	6.5587 3.9606,
	6.55038 3.95644,
	6.54206 3.94812,
	6.5379 3.9398,
	6.5379 3.93356,
	"/>
</Transform>

<Transform dim="0"
 xcoef=" 0 1 0 0 0 0"
 ycoef=" 0 0 1 0 0 0">
<Contour name="d02cfa21" hidden="false" closed="false" simplified="false" border="0 1 0.25098" fill="0 1 0" mode="11"
 points="6.54349 3.9396,
	6.56846 3.93544,
	6.59966 3.93128,
	6.64542 3.92087,
	6.71407 3.91047,
	6.79103 3.90215,
	6.82223 3.91047,
	"/>
</Transform>

<Transform dim="0"
 xcoef=" 0 1 0 0 0 0"
 ycoef=" 0 0 1 0 0 0">
<Contour name="d03" hidden="false" closed="true" simplified="true" border="1 0 0.5" fill="1 0 0.5" mode="-11"
 points="0.969742 5.31721,
	1.01531 5.29585,
	1.0267 5.29015,
	1.04949 5.28873,
	1.09505 5.293,
	1.10645 5.293,
	1.15201 5.28303,
	1.1748 5.28303,
	1.18619 5.28445,
	1.19189 5.28588,
	1.19473 5.28588,
	1.2047 5.29727,
	1.2104 5.30866,
	1.21182 5.33145,
	1.22321 5.33999,
	1.23461 5.34426,
	1.25739 5.34569,
	1.28017 5.35138,
	1.28302 5.35138,
	1.28872 5.35708,
	1.29157 5.36277,
	1.29157 5.38556,
	1.29157 5.39125,
	1.27733 5.41404,
	1.26593 5.42258,
	1.24315 5.43255,
	1.19758 5.44252,
	1.1748 5.44252,
	1.16341 5.44252,
	1.14062 5.4354,
	1.11784 5.41973,
	1.10645 5.41261,
	1.06088 5.40549,
	1.03809 5.38841,
	1.0324 5.38413,
	1.02955 5.38129,
	1.0267 5.38129,
	1.02101 5.37559,
	1.00961 5.36989,
	0.998222 5.36135,
	0.98683 5.35565,
	0.976862 5.34569,
	0.97259 5.33999,
	0.969742 5.3286,
	0.969742 5.31863,
	"/>
</Transform>

<Transform dim="0"
 xcoef=" 0 1 0 0 0 0"
 ycoef=" 0 0 1 0 0 0">
<Contour name="d03" hidden="false" closed="true" simplified="true" border="1 0 0.5" fill="1 0 0.5" mode="-11"
 points="2.08473 6.0762,
	2.089 6.06481,
	2.09328 6.05911,
	2.09755 6.03633,
	2.10324 6.02493,
	2.10467 6.01924,
	2.11036 6.01354,
	2.12176 6.00927,
	2.16732 6.00927,
	2.19011 6.01069,
	2.2015 6.01212,
	2.22428 6.02066,
	2.23425 6.03063,
	2.24564 6.03775,
	2.29121 6.04487,
	2.314 6.04629,
	2.35956 6.05911,
	2.37096 6.06338,
	2.38235 6.0705,
	2.39801 6.09329,
	2.40798 6.11607,
	2.4094 6.12746,
	2.41368 6.13885,
	2.41652 6.14455,
	2.4151 6.16733,
	2.39944 6.19012,
	2.39516 6.19581,
	2.39516 6.19866,
	2.38804 6.21005,
	2.38377 6.21575,
	2.38235 6.22144,
	2.37238 6.23284,
	2.3496 6.24138,
	2.3382 6.24708,
	2.29264 6.24565,
	2.28124 6.2428,
	2.27555 6.23996,
	2.26985 6.23426,
	2.24707 6.22002,
	2.23568 6.21432,
	2.21289 6.20863,
	2.19011 6.19724,
	2.17872 6.19012,
	2.15593 6.1716,
	2.14454 6.16306,
	2.09897 6.13885,
	2.09328 6.13316,
	2.08616 6.11037,
	2.08473 6.08759,
	2.08473 6.07762,
	"/>
</Transform>

<Transform dim="0"
 xcoef=" 0 1 0 0 0 0"
 ycoef=" 0 0 1 0 0 0">
<Contour name="d03" hidden="false" closed="true" simplified="true" border="1 0 0.5" fill="1 0 0.5" mode="-11"
 points="3.25241 4.60521,
	3.25811 4.59382,
	3.26665 4.58242,
	3.28801 4.56106,
	3.29228 4.55537,
	3.29371 4.53258,
	3.28943 4.5098,
	3.29371 4.48702,
	3.2994 4.47562,
	3.31079 4.46566,
	3.32219 4.45854,
	3.33358 4.45426,
	3.33643 4.45142,
	3.34782 4.44999,
	3.39339 4.46138,
	3.43895 4.47705,
	3.48452 4.48986,
	3.53009 4.49983,
	3.55287 4.5098,
	3.55857 4.51265,
	3.55999 4.51834,
	3.55857 4.52404,
	3.55857 4.52689,
	3.53863 4.54825,
	3.53151 4.55964,
	3.52867 4.56534,
	3.51727 4.5753,
	3.50588 4.58242,
	3.4831 4.59097,
	3.46031 4.59524,
	3.41475 4.61375,
	3.40335 4.62087,
	3.35779 4.64081,
	3.31222 4.65078,
	3.28943 4.6522,
	3.26665 4.65078,
	3.26095 4.6465,
	3.25811 4.64081,
	3.25526 4.63796,
	3.25241 4.62657,
	3.25241 4.61518,
	3.25241 4.60948,
	3.25241 4.60663,
	"/>
</Transform>

<Transform dim="0"
 xcoef=" 0 1 0 0 0 0"
 ycoef=" 0 0 1 0 0 0">
<Contour name="d03" hidden="false" closed="true" simplified="true" border="1 0 0.5" fill="1 0 0.5" mode="-11"
 points="1.34283 5.39695,
	1.34568 5.39125,
	1.36704 5.37274,
	1.36989 5.36989,
	1.37131 5.34711,
	1.37273 5.33572,
	1.37273 5.33002,
	1.3884 5.30724,
	1.39552 5.28445,
	1.39694 5.27876,
	1.41545 5.25597,
	1.42115 5.2517,
	1.42685 5.2517,
	1.43824 5.24458,
	1.44393 5.24031,
	1.44678 5.21753,
	1.46672 5.17196,
	1.48665 5.15345,
	1.50517 5.13209,
	1.51798 5.1093,
	1.53365 5.06373,
	1.54219 5.04095,
	1.54931 5.02956,
	1.57067 5.0082,
	1.59345 4.99538,
	1.68459 4.96121,
	1.73016 4.9427,
	1.74155 4.93842,
	1.75294 4.9313,
	1.76006 4.91991,
	1.77003 4.90852,
	1.79281 4.89428,
	1.79993 4.88289,
	1.8099 4.8601,
	1.82841 4.83732,
	1.84977 4.82166,
	1.89534 4.80172,
	1.90104 4.8003,
	1.90388 4.79745,
	1.90673 4.79745,
	1.92952 4.77894,
	1.97508 4.74618,
	1.99787 4.73052,
	2.00926 4.72482,
	2.02065 4.72198,
	2.06622 4.72198,
	2.11179 4.72482,
	2.15736 4.73479,
	2.16305 4.73764,
	2.1659 4.73906,
	2.16875 4.73764,
	2.18014 4.74761,
	2.18584 4.7533,
	2.1958 4.77609,
	2.19865 4.78748,
	2.20862 4.79745,
	2.2314 4.80884,
	2.2428 4.81596,
	2.24849 4.81881,
	2.25988 4.8302,
	2.267 4.84159,
	2.26985 4.84729,
	2.28124 4.85726,
	2.29264 4.86438,
	2.30403 4.86722,
	2.32681 4.88004,
	2.33108 4.89143,
	2.33393 4.91422,
	2.33393 4.91991,
	2.34105 4.92988,
	2.36384 4.94554,
	2.38662 4.95836,
	2.43219 4.95836,
	2.45497 4.95978,
	2.46636 4.96121,
	2.47776 4.9669,
	2.48915 4.96975,
	2.53472 4.95836,
	2.5575 4.96121,
	2.56889 4.96548,
	2.57459 4.96833,
	2.59737 4.96406,
	2.62016 4.95694,
	2.64294 4.94697,
	2.65433 4.94412,
	2.67712 4.94412,
	2.68851 4.94697,
	2.71129 4.94554,
	2.73408 4.937,
	2.77964 4.92561,
	2.80243 4.92703,
	2.81382 4.92846,
	2.81951 4.9313,
	2.82521 4.9313,
	2.8366 4.93558,
	2.85939 4.94982,
	2.86223 4.95266,
	2.88502 4.95978,
	2.9078 4.96263,
	2.93059 4.97118,
	2.93486 4.97545,
	2.93486 4.98114,
	2.92489 4.98826,
	2.90211 4.98826,
	2.81097 5.00393,
	2.78819 5.00393,
	2.7654 4.99823,
	2.75401 4.99538,
	2.73123 4.99538,
	2.68566 5.0025,
	2.66288 5.00535,
	2.65148 5.00678,
	2.64009 5.01389,
	2.61731 5.03525,
	2.60592 5.0438,
	2.60022 5.04807,
	2.59737 5.04807,
	2.57459 5.07085,
	2.5632 5.0794,
	2.54041 5.08652,
	2.52902 5.09079,
	2.51905 5.10076,
	2.51051 5.12354,
	2.50766 5.13493,
	2.50766 5.14063,
	2.50481 5.14633,
	2.50481 5.15202,
	2.49912 5.16341,
	2.48772 5.17338,
	2.46494 5.18193,
	2.44216 5.18477,
	2.43076 5.18762,
	2.41937 5.19332,
	2.4094 5.20471,
	2.40798 5.21041,
	2.40798 5.21325,
	2.41795 5.22465,
	2.41652 5.23034,
	2.40798 5.24173,
	2.38662 5.25882,
	2.34105 5.29869,
	2.33251 5.30724,
	2.33108 5.31863,
	2.32681 5.33002,
	2.32681 5.35281,
	2.31684 5.37559,
	2.31257 5.38129,
	2.30403 5.40407,
	2.29406 5.41546,
	2.28836 5.42116,
	2.28267 5.42401,
	2.23852 5.4653,
	2.21716 5.48666,
	2.2072 5.49805,
	2.16163 5.51941,
	2.11606 5.53508,
	2.07049 5.5422,
	2.04771 5.55074,
	2.02492 5.55501,
	2.01353 5.55501,
	1.99075 5.54789,
	1.97936 5.54789,
	1.95657 5.55359,
	1.94518 5.56071,
	1.93379 5.56498,
	1.92382 5.5721,
	1.91528 5.58349,
	1.90958 5.58919,
	1.90673 5.59489,
	1.88395 5.6077,
	1.87256 5.61482,
	1.86116 5.61909,
	1.84977 5.62621,
	1.84408 5.63049,
	1.79851 5.64188,
	1.78712 5.64757,
	1.76433 5.649,
	1.74155 5.6433,
	1.71876 5.64473,
	1.69598 5.65469,
	1.68459 5.65612,
	1.67889 5.65612,
	1.65611 5.64045,
	1.65041 5.63618,
	1.63902 5.63191,
	1.62763 5.63049,
	1.61624 5.62479,
	1.60627 5.61482,
	1.58918 5.56925,
	1.58491 5.55786,
	1.57779 5.54647,
	1.5664 5.53935,
	1.55501 5.53508,
	1.54361 5.52511,
	1.53222 5.50375,
	1.52083 5.49663,
	1.50944 5.49663,
	1.49805 5.49378,
	1.49235 5.49236,
	1.47384 5.46957,
	1.46529 5.45818,
	1.4539 5.45249,
	1.40833 5.45391,
	1.39694 5.45391,
	1.39125 5.45249,
	1.37985 5.44394,
	1.36846 5.43967,
	1.36277 5.43682,
	1.35992 5.43682,
	1.34995 5.42685,
	1.34568 5.42116,
	1.34283 5.40977,
	1.34283 5.39837,
	"/>
</Transform>

<Transform dim="0"
 xcoef=" 0 1 0 0 0 0"
 ycoef=" 0 0 1 0 0 0">
<Contour name="d03" hidden="false" closed="true" simplified="true" border="1 0 0.5" fill="1 0 0.5" mode="-11"
 points="1.31661 5.94811,
	1.32729 5.92676,
	1.32995 5.92143,
	1.32995 5.91876,
	1.33929 5.90809,
	1.34996 5.90142,
	1.36063 5.89875,
	1.38198 5.88941,
	1.39265 5.88541,
	1.41399 5.88274,
	1.43534 5.88274,
	1.45668 5.88541,
	1.46735 5.88675,
	1.47802 5.89075,
	1.49937 5.89342,
	1.52071 5.90008,
	1.53138 5.90675,
	1.55272 5.92543,
	1.57407 5.94144,
	1.59541 5.96145,
	1.60742 5.98279,
	1.60875 6.00413,
	1.60475 6.02548,
	1.60341 6.03081,
	1.59408 6.04015,
	1.55139 6.05616,
	1.5087 6.05616,
	1.48736 6.05482,
	1.47669 6.05216,
	1.46602 6.04682,
	1.44467 6.03081,
	1.42333 6.02014,
	1.41266 6.01881,
	1.39132 6.02281,
	1.38064 6.02147,
	1.36997 6.01347,
	1.3553 5.99213,
	1.3473 5.98146,
	1.32729 5.96812,
	1.31795 5.95878,
	1.31661 5.94944,
	"/>
</Transform>

<Transform dim="0"
 xcoef=" 0 1 0 0 0 0"
 ycoef=" 0 0 1 0 0 0">
<Contour name="d03p22" hidden="false" closed="true" simplified="false" border="0 0.251 0.502" fill="0.5 0 1" mode="11"
 points="2.47156 5.04477,
	2.45983 5.04085,
	2.47156 5.03694,
	2.46374 5.02521,
	2.47547 5.03303,
	2.47938 5.0213,
	2.48329 5.03303,
	2.49502 5.02521,
	2.4872 5.03694,
	2.49894 5.04085,
	2.4872 5.04477,
	2.49502 5.0565,
	2.48329 5.04868,
	2.47938 5.06041,
	2.47547 5.04868,
	2.46374 5.0565,
	"/>
</Transform>

<Transform dim="0"
 xcoef=" 0 1 0 0 0 0"
 ycoef=" 0 0 1 0 0 0">
<Contour name="d03p23" hidden="false" closed="true" simplified="false" border="0 0.251 0.502" fill="1 0 0.5" mode="-9"
 points="2.05312 4.79839,
	2.10005 4.79839,
	2.07658 4.84141,
	"/>
</Transform>

<Transform dim="0"
 xcoef=" 0 1 0 0 0 0"
 ycoef=" 0 0 1 0 0 0">
<Contour name="d03c20" hidden="false" closed="true" simplified="true" border="1 0 0" fill="1 0 0" mode="-11"
 points="2.09344 6.14247,
	2.09855 6.13566,
	2.10195 6.13226,
	2.12919 6.13226,
	2.1428 6.13566,
	2.16833 6.15779,
	2.17173 6.1646,
	2.18535 6.17481,
	2.21258 6.18842,
	2.26705 6.20204,
	2.27045 6.20204,
	2.27385 6.20544,
	2.27726 6.20544,
	2.28917 6.21736,
	2.29258 6.22076,
	2.29087 6.23438,
	2.29087 6.24118,
	2.27726 6.24969,
	2.26364 6.2548,
	2.23641 6.2531,
	2.22279 6.24969,
	2.21599 6.24629,
	2.21258 6.24629,
	2.18535 6.22927,
	2.17173 6.22246,
	2.1445 6.20204,
	2.13089 6.19353,
	2.12748 6.19353,
	2.11387 6.18502,
	2.09515 6.15949,
	2.09344 6.14587,
	2.09344 6.14417,
	"/>
</Transform>

<Transform dim="0"
 xcoef=" 0 1 0 0 0 0"
 ycoef=" 0 0 1 0 0 0">
<Contour name="d03cfa20" hidden="false" closed="false" simplified="false" border="0 1 0.251" fill="0 1 0" mode="11"
 points="2.28701 6.23991,
	2.26148 6.228,
	2.18999 6.20247,
	2.14915 6.16332,
	2.09468 6.13609,
	"/>
</Transform>

<Transform dim="0"
 xcoef=" 0 1 0 0 0 0"
 ycoef=" 0 0 1 0 0 0">
<Contour name="d03c21" hidden="false" closed="true" simplified="true" border="1 0 0" fill="1 0 0" mode="-11"
 points="1.01085 5.37891,
	1.01776 5.3697,
	1.02236 5.36509,
	1.03157 5.36509,
	1.04999 5.37315,
	1.0592 5.38006,
	1.06381 5.38351,
	1.07302 5.38582,
	1.08223 5.38582,
	1.09144 5.38812,
	1.09374 5.38812,
	1.09604 5.39042,
	1.10526 5.39388,
	1.1421 5.41575,
	1.15131 5.42266,
	1.15706 5.43072,
	1.15937 5.43532,
	1.15822 5.43993,
	1.15361 5.44453,
	1.14901 5.44684,
	1.1467 5.44914,
	1.12828 5.44914,
	1.10986 5.44569,
	1.09144 5.43993,
	1.07302 5.42726,
	1.0546 5.41921,
	1.04539 5.41575,
	1.04078 5.41345,
	1.03157 5.40424,
	1.0166 5.38697,
	1.01315 5.38236,
	1.01085 5.38006,
	"/>
</Transform>

<Transform dim="0"
 xcoef=" 0 1 0 0 0 0"
 ycoef=" 0 0 1 0 0 0">
<Contour name="d03cfa21" hidden="false" closed="false" simplified="false" border="0 1 0.251" fill="0 1 0" mode="11"
 points="1.15582 5.43896,
	1.14316 5.43435,
	1.13165 5.42745,
	1.11783 5.41823,
	1.10402 5.41018,
	1.08559 5.40442,
	1.06717 5.39981,
	1.0476 5.38945,
	1.01306 5.37218,
	"/>
</Transform>

<Transform dim="0"
 xcoef=" 0 1 0 0 0 0"
 ycoef=" 0 0 1 0 0 0">
<Contour name="d03c22" hidden="false" closed="true" simplified="true" border="1 0 0" fill="1 0 0" mode="-11"
 points="3.33677 4.44699,
	3.34137 4.44086,
	3.35208 4.4332,
	3.35821 4.43167,
	3.40721 4.44239,
	3.45622 4.45617,
	3.46847 4.4623,
	3.49297 4.46996,
	3.51747 4.48068,
	3.52972 4.48833,
	3.53431 4.49446,
	3.53584 4.50671,
	3.52512 4.51896,
	3.519 4.52355,
	3.50675 4.52662,
	3.50062 4.52968,
	3.48837 4.52968,
	3.48225 4.52968,
	3.45775 4.51743,
	3.43325 4.51283,
	3.38424 4.51437,
	3.37199 4.51283,
	3.35974 4.50824,
	3.34902 4.49905,
	3.3429 4.49293,
	3.3383 4.48068,
	3.33677 4.45617,
	3.3383 4.45005,
	3.33677 4.44852,
	"/>
</Transform>

<Transform dim="0"
 xcoef=" 0 1 0 0 0 0"
 ycoef=" 0 0 1 0 0 0">
<Contour name="d03cfa22" hidden="false" closed="false" simplified="false" border="0 1 0.251" fill="0 1 0" mode="11"
 points="3.53322 4.50299,
	3.51791 4.4984,
	3.48116 4.49074,
	3.41378 4.4693,
	3.35252 4.45092,
	3.33721 4.45246,
	"/>
</Transform>

<Transform dim="0"
 xcoef=" 0 1 0 0 0 0"
 ycoef=" 0 0 1 0 0 0">
<Contour name="Ax01" hidden="false" closed="true" simplified="true" border="1 0.501961 0" fill="1 0 0" mode="-11"
 points="5.11053 4.69079,
	5.12014 4.67798,
	5.12655 4.67157,
	5.13296 4.67157,
	5.14577 4.66196,
	5.15859 4.65875,
	5.165 4.65234,
	5.19063 4.65234,
	5.20345 4.65875,
	5.21306 4.67157,
	5.22267 4.72283,
	5.21947 4.7741,
	5.21947 4.78692,
	5.21947 4.79332,
	5.20665 4.80294,
	5.18102 4.79973,
	5.15539 4.78371,
	5.12014 4.73245,
	5.11053 4.70681,
	5.11053 4.694,
	"/>
</Transform>

<Transform dim="0"
 xcoef=" 0 1 0 0 0 0"
 ycoef=" 0 0 1 0 0 0">
<Contour name="Ax02" hidden="false" closed="true" simplified="true" border="0.501961 0 1" fill="0.5 0 1" mode="11"
 points="7.51507 5.39093,
	7.52239 5.3836,
	7.52239 5.37628,
	7.53704 5.36529,
	7.54437 5.35797,
	7.60297 5.35064,
	7.63226 5.34332,
	7.69086 5.34698,
	7.72016 5.35064,
	7.73481 5.35064,
	7.77876 5.40191,
	7.80806 5.42023,
	7.8227 5.44952,
	7.82637 5.47882,
	7.81538 5.50812,
	7.78608 5.53742,
	7.77143 5.54474,
	7.71284 5.54108,
	7.65424 5.51545,
	7.62494 5.51178,
	7.61029 5.51178,
	7.59564 5.50446,
	7.57733 5.47516,
	7.52606 5.42755,
	7.51507 5.4129,
	7.51507 5.39825,
	7.51507 5.39459,
	"/>
</Transform>

<Transform dim="0"
 xcoef=" 0 1 0 0 0 0"
 ycoef=" 0 0 1 0 0 0">
<Contour name="Ax05" hidden="false" closed="true" simplified="true" border="1 1 0" fill="1 1 0" mode="-11"
 points="0.724679 3.94322,
	0.736824 3.91084,
	0.744921 3.89464,
	0.777309 3.8825,
	0.809697 3.87845,
	0.9352 3.91893,
	0.999976 3.92703,
	1.06475 3.94322,
	1.0769 3.97561,
	1.0769 3.99181,
	1.0688 4.008,
	1.03641 4.03634,
	1.00402 4.04848,
	0.874473 4.05253,
	0.842085 4.05253,
	0.777309 4.03229,
	0.769212 4.03229,
	0.740873 3.9999,
	0.728727 3.98371,
	0.724679 3.95132,
	0.724679 3.94727,
	"/>
</Transform>

<Transform dim="0"
 xcoef=" 0 1 0 0 0 0"
 ycoef=" 0 0 1 0 0 0">
<Contour name="Ax06" hidden="false" closed="true" simplified="true" border="0 0 1" fill="0 0 1" mode="-11"
 points="3.70636 6.93771,
	3.71574 6.91271,
	3.73761 6.8877,
	3.75011 6.87833,
	3.77511 6.87208,
	3.78761 6.86583,
	3.83761 6.86895,
	3.86261 6.87833,
	3.88762 6.87833,
	3.90949 6.9002,
	3.92199 6.90645,
	3.95637 6.95646,
	3.95949 6.96271,
	3.95324 6.97521,
	3.92824 6.98771,
	3.91574 7.00021,
	3.91262 7.01271,
	3.90324 7.02521,
	3.89699 7.02521,
	3.89074 7.03146,
	3.88449 7.03146,
	3.87199 7.04083,
	3.82199 7.04396,
	3.79699 7.04708,
	3.78449 7.04708,
	3.77511 7.03771,
	3.77511 7.02521,
	3.75011 7.00958,
	3.73449 6.98458,
	3.71261 6.96271,
	3.71261 6.95646,
	3.70636 6.95021,
	3.70636 6.94083,
	"/>
</Transform>

<Transform dim="0"
 xcoef=" 0 1 0 0 0 0"
 ycoef=" 0 0 1 0 0 0">
<Contour name="d06" hidden="false" closed="true" simplified="true" border="0 0 1" fill="0 0 1" mode="11"
 points="3.82976 2.51107,
	3.83229 2.47065,
	3.83481 2.45044,
	3.84239 2.43023,
	3.86008 2.41255,
	3.9005 2.38729,
	3.90555 2.38729,
	3.91565 2.37971,
	3.93586 2.37465,
	3.95607 2.38223,
	3.96113 2.38729,
	3.96113 2.46813,
	3.96113 2.48833,
	3.95607 2.50854,
	3.95102 2.5136,
	3.95102 2.51865,
	3.91818 2.55402,
	3.91313 2.57423,
	3.91313 2.58433,
	3.90808 2.59444,
	3.90808 2.60454,
	3.89544 2.62222,
	3.87523 2.6197,
	3.86513 2.61717,
	3.84745 2.60202,
	3.84492 2.58181,
	3.84492 2.5717,
	3.83734 2.55149,
	3.83229 2.54644,
	3.82976 2.52623,
	3.82976 2.51612,
	3.82976 2.5136,
	"/>
<Contour name="d06" hidden="false" closed="true" simplified="true" border="0 0 1" fill="0 0 1" mode="11"
 points="3.71103 1.78352,
	3.72366 1.76331,
	3.75903 1.73552,
	3.76408 1.73047,
	3.78429 1.72289,
	3.82471 1.71784,
	3.84492 1.71531,
	3.85502 1.71531,
	3.89544 1.70268,
	3.93586 1.70268,
	4.0167 1.71026,
	4.02681 1.71278,
	4.03186 1.71278,
	4.03691 1.71784,
	4.07733 1.72036,
	4.09754 1.71531,
	4.11775 1.71531,
	4.12533 1.71784,
	4.13544 1.71531,
	4.14049 1.72036,
	4.18091 1.72036,
	4.20112 1.72036,
	4.24154 1.73299,
	4.26175 1.74057,
	4.30217 1.74815,
	4.34259 1.76583,
	4.3628 1.77089,
	4.38048 1.78352,
	4.39816 1.8012,
	4.40574 1.81131,
	4.40827 1.89214,
	4.40574 1.93256,
	4.38806 1.97298,
	4.38806 1.99319,
	4.38806 2.0033,
	4.38806 2.00835,
	4.38301 2.0134,
	4.38048 2.02351,
	4.38048 2.02856,
	4.36532 2.04624,
	4.35522 2.0513,
	4.35017 2.0614,
	4.34511 2.06645,
	4.34259 2.07656,
	4.33501 2.08666,
	4.32996 2.09172,
	4.31985 2.09424,
	4.30217 2.1094,
	4.28196 2.11951,
	4.2769 2.11951,
	4.2668 2.12708,
	4.24659 2.12961,
	4.22638 2.13719,
	4.20617 2.14982,
	4.12533 2.15487,
	4.08491 2.1574,
	4.04449 2.15235,
	4.02428 2.14224,
	4.01418 2.13719,
	3.97376 2.13466,
	3.95355 2.12961,
	3.93334 2.11698,
	3.92323 2.10687,
	3.91818 2.09677,
	3.91313 2.09172,
	3.90555 2.07151,
	3.90302 2.0614,
	3.88787 2.04372,
	3.88534 2.03361,
	3.88029 2.02856,
	3.88029 1.98814,
	3.87523 1.96793,
	3.87018 1.95783,
	3.86766 1.93762,
	3.8525 1.91741,
	3.84239 1.90983,
	3.83734 1.90983,
	3.83481 1.90478,
	3.8146 1.8972,
	3.79439 1.89467,
	3.75398 1.87699,
	3.7464 1.86941,
	3.73629 1.86688,
	3.71861 1.85173,
	3.71356 1.8492,
	3.71103 1.80878,
	3.71103 1.78857,
	3.71103 1.78604,
	"/>
<Contour name="d06" hidden="false" closed="true" simplified="true" border="0 0 1" fill="0 0 1" mode="11"
 points="3.17294 0.856391,
	3.17547 0.846286,
	3.19568 0.831129,
	3.2361 0.815972,
	3.27652 0.805867,
	3.31694 0.803341,
	3.35736 0.793236,
	3.36746 0.788183,
	3.38767 0.788183,
	3.42809 0.775552,
	3.4483 0.767973,
	3.45588 0.760395,
	3.46599 0.757868,
	3.5064 0.735132,
	3.52661 0.722501,
	3.55188 0.682082,
	3.58219 0.649241,
	3.6024 0.63661,
	3.62261 0.618926,
	3.63019 0.611347,
	3.63524 0.611347,
	3.65545 0.59619,
	3.66556 0.586085,
	3.6984 0.568401,
	3.71861 0.558296,
	3.73882 0.553244,
	3.74892 0.545665,
	3.82724 0.512824,
	3.83734 0.507772,
	3.85502 0.520403,
	3.86513 0.540613,
	3.87271 0.550718,
	3.87776 0.570928,
	3.87776 0.591137,
	3.8525 0.671977,
	3.84239 0.692187,
	3.83734 0.702291,
	3.84239 0.783131,
	3.85502 0.798288,
	3.86766 0.818498,
	3.87271 0.828603,
	3.87523 0.848813,
	3.88281 0.869023,
	3.88534 0.889232,
	3.87271 0.929652,
	3.8626 0.949862,
	3.85502 0.959967,
	3.8525 0.970072,
	3.87271 0.97765,
	3.87776 0.97765,
	3.88787 0.985229,
	3.89292 0.985229,
	3.90555 1.00544,
	3.90302 1.04586,
	3.89544 1.06607,
	3.88281 1.08628,
	3.84239 1.09891,
	3.76155 1.10649,
	3.72113 1.10144,
	3.70092 1.09386,
	3.69082 1.08628,
	3.67061 1.08375,
	3.6504 1.07617,
	3.64535 1.07617,
	3.63524 1.06859,
	3.63019 1.06354,
	3.60998 1.06354,
	3.58977 1.07112,
	3.57967 1.07365,
	3.57461 1.07365,
	3.56956 1.0787,
	3.54935 1.08375,
	3.53925 1.0888,
	3.45841 1.09638,
	3.4382 1.09638,
	3.42809 1.09386,
	3.42304 1.09386,
	3.41799 1.0888,
	3.40788 1.08628,
	3.39778 1.0787,
	3.35736 1.07617,
	3.33715 1.07112,
	3.32704 1.06859,
	3.31189 1.05091,
	3.30936 1.04081,
	3.2942 1.02312,
	3.27904 1.01049,
	3.24115 0.982703,
	3.22347 0.965019,
	3.1982 0.9246,
	3.19315 0.919547,
	3.19315 0.914495,
	3.1881 0.909442,
	3.17294 0.869023,
	3.17294 0.858918,
	"/>
</Transform>

<Transform dim="0"
 xcoef=" 0 1 0 0 0 0"
 ycoef=" 0 0 1 0 0 0">
<Contour name="d06cfa11" hidden="false" closed="false" simplified="false" border="0 1 1" fill="0 1 1" mode="-9"
 points="3.76155 0.544663,
	3.68758 0.576716,
	3.61361 0.63096,
	3.55937 0.675341,
	3.53471 0.714791,
	3.4706 0.756706,
	3.34239 0.806018,
	"/>
</Transform>

<Transform dim="0"
 xcoef=" 0 1 0 0 0 0"
 ycoef=" 0 0 1 0 0 0">
<Contour name="d09" hidden="false" closed="true" simplified="true" border="0 1 0" fill="0 1 0" mode="11"
 points="1.08646 2.60447,
	1.09213 2.59689,
	1.10538 2.58743,
	1.11485 2.57418,
	1.12053 2.55904,
	1.1262 2.55147,
	1.1281 2.5439,
	1.12053 2.51361,
	1.12053 2.50604,
	1.1262 2.4909,
	1.12999 2.46061,
	1.13945 2.44736,
	1.14513 2.43979,
	1.14513 2.43601,
	1.15649 2.42087,
	1.16027 2.41519,
	1.17542 2.40194,
	1.18109 2.39626,
	1.18488 2.39626,
	1.20002 2.3868,
	1.20759 2.38112,
	1.23788 2.36976,
	1.24545 2.36787,
	1.24923 2.36787,
	1.25302 2.36408,
	1.2833 2.35462,
	1.31359 2.35462,
	1.32873 2.35651,
	1.3363 2.3603,
	1.34009 2.3603,
	1.36848 2.38112,
	1.37794 2.39437,
	1.3893 2.40383,
	1.40444 2.40383,
	1.41201 2.40005,
	1.47258 2.40005,
	1.48773 2.40572,
	1.50287 2.40762,
	1.51801 2.41519,
	1.52558 2.41519,
	1.54072 2.42087,
	1.54829 2.42276,
	1.55587 2.42844,
	1.58615 2.43412,
	1.60129 2.43979,
	1.60886 2.44358,
	1.63915 2.44358,
	1.66943 2.44926,
	1.677 2.45115,
	1.70539 2.47197,
	1.71864 2.48333,
	1.72432 2.49847,
	1.72811 2.50604,
	1.72811 2.51361,
	1.73757 2.52686,
	1.75271 2.54011,
	1.76596 2.54768,
	1.77164 2.55525,
	1.77164 2.58554,
	1.76975 2.60068,
	1.76218 2.61582,
	1.75839 2.62339,
	1.72811 2.64232,
	1.71297 2.64989,
	1.69215 2.67639,
	1.69025 2.68018,
	1.68647 2.68018,
	1.68268 2.68396,
	1.66754 2.68964,
	1.66565 2.69343,
	1.65808 2.69532,
	1.62779 2.71803,
	1.59751 2.73696,
	1.58236 2.74832,
	1.57479 2.7521,
	1.51422 2.75021,
	1.51044 2.75399,
	1.50665 2.75399,
	1.49908 2.75967,
	1.4688 2.75778,
	1.45366 2.75778,
	1.42337 2.77103,
	1.39309 2.77103,
	1.3628 2.77671,
	1.30223 2.7786,
	1.27195 2.7786,
	1.26438 2.77671,
	1.25681 2.77103,
	1.25681 2.76724,
	1.23031 2.74264,
	1.21516 2.73317,
	1.18488 2.72182,
	1.17163 2.71614,
	1.16406 2.71235,
	1.1527 2.69721,
	1.13945 2.68775,
	1.12053 2.65746,
	1.11485 2.64232,
	1.09024 2.61771,
	1.08646 2.61014,
	1.08646 2.60636,
	"/>
</Transform>

<Transform dim="0"
 xcoef=" 0 1 0 0 0 0"
 ycoef=" 0 0 1 0 0 0">
<Contour name="d09" hidden="false" closed="true" simplified="true" border="0 1 0" fill="0 1 0" mode="11"
 points="1.73568 3.08712,
	1.74514 3.05873,
	1.75461 3.04359,
	1.76218 3.03791,
	1.76596 3.03223,
	1.79436 3.01141,
	1.8095 3.00384,
	1.82464 3.00195,
	1.83978 3.00384,
	1.84357 3.00384,
	1.85114 3.00952,
	1.85492 3.00952,
	1.86817 3.02088,
	1.87196 3.02088,
	1.88521 3.03223,
	1.89846 3.0398,
	1.9136 3.05495,
	1.91549 3.06252,
	1.92496 3.07387,
	1.9401 3.07955,
	1.94199 3.08334,
	1.94956 3.08523,
	1.95146 3.08902,
	1.95903 3.09091,
	1.98931 3.11552,
	1.9931 3.12119,
	2.00635 3.13444,
	2.01581 3.14959,
	2.02717 3.17987,
	2.02906 3.19501,
	2.02717 3.2253,
	2.02338 3.24044,
	2.01581 3.25558,
	2.01392 3.26315,
	2.01013 3.26694,
	2.01013 3.27072,
	1.98174 3.28965,
	1.97417 3.29533,
	1.97038 3.29533,
	1.96281 3.30101,
	1.95903 3.30101,
	1.95524 3.30479,
	1.92496 3.30669,
	1.90982 3.30479,
	1.89467 3.29912,
	1.87953 3.28776,
	1.87196 3.28397,
	1.86439 3.2764,
	1.836 3.25747,
	1.83221 3.25747,
	1.81707 3.24801,
	1.81139 3.24422,
	1.79625 3.22908,
	1.77543 3.20069,
	1.76029 3.17041,
	1.7565 3.16662,
	1.75461 3.15905,
	1.74514 3.14391,
	1.73946 3.12877,
	1.73568 3.12119,
	1.73568 3.09091,
	1.73568 3.08902,
	"/>
</Transform>

<Transform dim="6"
 xcoef=" -0.572730826771192 1.00092508936488 0.0476740724020183 0 0 0"
 ycoef=" 0.0702153471009863 0.0608029884128031 1.01903780976325 0 0 0">
<Image mag="0.0021709" contrast="0.922" brightness="0.03" red="true" green="true" blue="true"
 src="JPTZX.207.jpg" />
<Contour name="domain1" hidden="false" closed="true" simplified="false" border="1 0 1" fill="1 0 1" mode="11"
 points="0 0,
	4083 0,
	4083 4083,
	0 4083,
	"/>
</Transform>

<Transform dim="0"
 xcoef=" 0 1 0 0 0 0"
 ycoef=" 0 0 1 0 0 0">
<Contour name="d06ax11" hidden="false" closed="true" simplified="true" border="0 1 1" fill="0 1 1" mode="-11"
 points="3.09737 0.485269,
	3.10085 0.475982,
	3.10317 0.471338,
	3.1113 0.462051,
	3.12755 0.446959,
	3.1438 0.428384,
	3.1705 0.392395,
	3.18095 0.37382,
	3.18908 0.355245,
	3.19488 0.33667,
	3.19721 0.318095,
	3.20533 0.29952,
	3.21926 0.280945,
	3.22739 0.271658,
	3.23203 0.267014,
	3.23784 0.258888,
	3.24597 0.2496,
	3.25177 0.240313,
	3.26686 0.221738,
	3.28312 0.205485,
	3.2924 0.198519,
	3.30169 0.195037,
	3.33884 0.193876,
	3.35741 0.190393,
	3.37599 0.189232,
	3.38528 0.189232,
	3.39456 0.191554,
	3.39921 0.192715,
	3.4085 0.198519,
	3.44565 0.212451,
	3.44797 0.214772,
	3.45029 0.214772,
	3.45958 0.220577,
	3.47815 0.227543,
	3.49673 0.237991,
	3.50601 0.241474,
	3.51066 0.243796,
	3.52923 0.244957,
	3.53852 0.244957,
	3.55709 0.248439,
	3.57567 0.258888,
	3.58496 0.262371,
	3.60353 0.264692,
	3.64068 0.260049,
	3.67783 0.247278,
	3.68248 0.246118,
	3.68712 0.242635,
	3.69176 0.241474,
	3.69641 0.237991,
	3.71498 0.231025,
	3.73356 0.226382,
	3.74284 0.226382,
	3.75213 0.228704,
	3.76142 0.233347,
	3.76955 0.241474,
	3.77419 0.250761,
	3.77651 0.255405,
	3.77883 0.27398,
	3.77999 0.283267,
	3.78232 0.287911,
	3.78232 0.290233,
	3.78928 0.29952,
	3.80786 0.308808,
	3.81714 0.312291,
	3.83572 0.325061,
	3.84385 0.334348,
	3.85313 0.352923,
	3.85662 0.371498,
	3.85662 0.408648,
	3.85429 0.445798,
	3.85429 0.450442,
	3.84849 0.469016,
	3.8334 0.487591,
	3.82527 0.496879,
	3.81598 0.503844,
	3.81134 0.507327,
	3.8067 0.508488,
	3.78812 0.518937,
	3.75097 0.53635,
	3.71382 0.558408,
	3.70453 0.563052,
	3.66738 0.587431,
	3.64881 0.600202,
	3.63952 0.606006,
	3.63488 0.607167,
	3.62559 0.612972,
	3.59076 0.646639,
	3.57451 0.664053,
	3.56638 0.67334,
	3.56058 0.681467,
	3.52459 0.712812,
	3.52111 0.715134,
	3.51646 0.719778,
	3.47931 0.737192,
	3.47003 0.741835,
	3.4677 0.741835,
	3.46306 0.745318,
	3.42591 0.761571,
	3.40733 0.77202,
	3.37018 0.78479,
	3.35161 0.790595,
	3.31446 0.794077,
	3.29589 0.794077,
	3.27731 0.790595,
	3.25874 0.78479,
	3.22159 0.769698,
	3.2123 0.763893,
	3.20301 0.755767,
	3.19953 0.751123,
	3.19372 0.732548,
	3.18792 0.723261,
	3.1856 0.718617,
	3.16934 0.700042,
	3.15657 0.681467,
	3.15077 0.67218,
	3.15077 0.653605,
	3.15193 0.644317,
	3.16238 0.625742,
	3.1705 0.616455,
	3.17863 0.609489,
	3.19605 0.590914,
	3.20185 0.582788,
	3.20533 0.578144,
	3.20765 0.568857,
	3.20765 0.559569,
	3.20765 0.557247,
	3.19837 0.54796,
	3.16122 0.53635,
	3.12407 0.532868,
	3.11942 0.530546,
	3.11942 0.528224,
	3.11014 0.522419,
	3.10201 0.514293,
	3.09853 0.509649,
	3.09737 0.491074,
	3.09737 0.48643,
	"/>
</Transform>

<Transform dim="0"
 xcoef=" 0 1 0 0 0 0"
 ycoef=" 0 0 1 0 0 0">
<Contour name="d06ax11ssvr" hidden="false" closed="true" simplified="false" border="0 1 0" fill="0 1 0" mode="11"
 points="3.38737 0.251352,
	3.37725 0.241233,
	3.38737 0.231114,
	3.39748 0.241233,
	"/>
<Contour name="d06ax11ssvr" hidden="false" closed="true" simplified="false" border="0 1 0" fill="0 1 0" mode="11"
 points="3.36713 0.325076,
	3.35701 0.314957,
	3.36713 0.304838,
	3.37725 0.314957,
	"/>
<Contour name="d06ax11ssvr" hidden="false" closed="true" simplified="false" border="0 1 0" fill="0 1 0" mode="11"
 points="3.30497 0.330858,
	3.29485 0.320739,
	3.30497 0.31062,
	3.31509 0.320739,
	"/>
<Contour name="d06ax11ssvr" hidden="false" closed="true" simplified="false" border="0 1 0" fill="0 1 0" mode="11"
 points="3.31364 0.288937,
	3.30352 0.278818,
	3.31364 0.268699,
	3.32376 0.278818,
	"/>
<Contour name="d06ax11ssvr" hidden="false" closed="true" simplified="false" border="0 1 0" fill="0 1 0" mode="11"
 points="3.34689 0.369889,
	3.33677 0.35977,
	3.34689 0.349651,
	3.35701 0.35977,
	"/>
<Contour name="d06ax11ssvr" hidden="false" closed="true" simplified="false" border="0 1 0" fill="0 1 0" mode="11"
 points="3.29051 0.377117,
	3.28039 0.366998,
	3.29051 0.356879,
	3.30063 0.366998,
	"/>
<Contour name="d06ax11ssvr" hidden="false" closed="true" simplified="false" border="0 1 0" fill="0 1 0" mode="11"
 points="3.25726 0.387236,
	3.24715 0.377117,
	3.25726 0.366998,
	3.26738 0.377117,
	"/>
<Contour name="d06ax11ssvr" hidden="false" closed="true" simplified="false" border="0 1 0" fill="0 1 0" mode="11"
 points="3.29629 0.419038,
	3.28618 0.408919,
	3.29629 0.3988,
	3.30641 0.408919,
	"/>
<Contour name="d06ax11ssvr" hidden="false" closed="true" simplified="false" border="0 1 0" fill="0 1 0" mode="11"
 points="3.3281 0.407474,
	3.31798 0.397355,
	3.3281 0.387236,
	3.33822 0.397355,
	"/>
<Contour name="d06ax11ssvr" hidden="false" closed="true" simplified="false" border="0 1 0" fill="0 1 0" mode="11"
 points="3.32665 0.455178,
	3.31653 0.445059,
	3.32665 0.43494,
	3.33677 0.445059,
	"/>
<Contour name="d06ax11ssvr" hidden="false" closed="true" simplified="false" border="0 1 0" fill="0 1 0" mode="11"
 points="3.28328 0.469633,
	3.27317 0.459514,
	3.28328 0.449395,
	3.2934 0.459514,
	"/>
<Contour name="d06ax11ssvr" hidden="false" closed="true" simplified="false" border="0 1 0" fill="0 1 0" mode="11"
 points="3.34255 0.511555,
	3.33243 0.501436,
	3.34255 0.491317,
	3.35267 0.501436,
	"/>
<Contour name="d06ax11ssvr" hidden="false" closed="true" simplified="false" border="0 1 0" fill="0 1 0" mode="11"
 points="3.37002 0.462406,
	3.3599 0.452287,
	3.37002 0.442168,
	3.38014 0.452287,
	"/>
<Contour name="d06ax11ssvr" hidden="false" closed="true" simplified="false" border="0 1 0" fill="0 1 0" mode="11"
 points="3.40616 0.466742,
	3.39604 0.456623,
	3.40616 0.446504,
	3.41628 0.456623,
	"/>
<Contour name="d06ax11ssvr" hidden="false" closed="true" simplified="false" border="0 1 0" fill="0 1 0" mode="11"
 points="3.40182 0.400246,
	3.3917 0.390127,
	3.40182 0.380008,
	3.41194 0.390127,
	"/>
<Contour name="d06ax11ssvr" hidden="false" closed="true" simplified="false" border="0 1 0" fill="0 1 0" mode="11"
 points="3.45531 0.420484,
	3.44519 0.410365,
	3.45531 0.400246,
	3.46543 0.410365,
	"/>
<Contour name="d06ax11ssvr" hidden="false" closed="true" simplified="false" border="0 1 0" fill="0 1 0" mode="11"
 points="3.3599 0.397355,
	3.34978 0.387236,
	3.3599 0.377117,
	3.37002 0.387236,
	"/>
<Contour name="d06ax11ssvr" hidden="false" closed="true" simplified="false" border="0 1 0" fill="0 1 0" mode="11"
 points="3.42929 0.361215,
	3.41917 0.351096,
	3.42929 0.340977,
	3.43941 0.351096,
	"/>
<Contour name="d06ax11ssvr" hidden="false" closed="true" simplified="false" border="0 1 0" fill="0 1 0" mode="11"
 points="3.45242 0.377117,
	3.4423 0.366998,
	3.45242 0.356879,
	3.46254 0.366998,
	"/>
<Contour name="d06ax11ssvr" hidden="false" closed="true" simplified="false" border="0 1 0" fill="0 1 0" mode="11"
 points="3.5059 0.388681,
	3.49578 0.378562,
	3.5059 0.368443,
	3.51602 0.378562,
	"/>
<Contour name="d06ax11ssvr" hidden="false" closed="true" simplified="false" border="0 1 0" fill="0 1 0" mode="11"
 points="3.4264 0.327967,
	3.41628 0.317848,
	3.4264 0.307729,
	3.43652 0.317848,
	"/>
<Contour name="d06ax11ssvr" hidden="false" closed="true" simplified="false" border="0 1 0" fill="0 1 0" mode="11"
 points="3.49289 0.290382,
	3.48277 0.280263,
	3.49289 0.270144,
	3.50301 0.280263,
	"/>
<Contour name="d06ax11ssvr" hidden="false" closed="true" simplified="false" border="0 1 0" fill="0 1 0" mode="11"
 points="3.52903 0.31062,
	3.51891 0.300501,
	3.52903 0.290382,
	3.53915 0.300501,
	"/>
<Contour name="d06ax11ssvr" hidden="false" closed="true" simplified="false" border="0 1 0" fill="0 1 0" mode="11"
 points="3.53771 0.449395,
	3.52759 0.439276,
	3.53771 0.429157,
	3.54782 0.439276,
	"/>
<Contour name="d06ax11ssvr" hidden="false" closed="true" simplified="false" border="0 1 0" fill="0 1 0" mode="11"
 points="3.48567 0.462406,
	3.47555 0.452287,
	3.48567 0.442168,
	3.49578 0.452287,
	"/>
<Contour name="d06ax11ssvr" hidden="false" closed="true" simplified="false" border="0 1 0" fill="0 1 0" mode="11"
 points="3.50301 0.502882,
	3.49289 0.492763,
	3.50301 0.482644,
	3.51313 0.492763,
	"/>
<Contour name="d06ax11ssvr" hidden="false" closed="true" simplified="false" border="0 1 0" fill="0 1 0" mode="11"
 points="3.56517 0.526011,
	3.55505 0.515892,
	3.56517 0.505773,
	3.57529 0.515892,
	"/>
<Contour name="d06ax11ssvr" hidden="false" closed="true" simplified="false" border="0 1 0" fill="0 1 0" mode="11"
 points="3.5724 0.468188,
	3.56228 0.458069,
	3.5724 0.44795,
	3.58252 0.458069,
	"/>
<Contour name="d06ax11ssvr" hidden="false" closed="true" simplified="false" border="0 1 0" fill="0 1 0" mode="11"
 points="3.62444 0.484089,
	3.61432 0.47397,
	3.62444 0.463851,
	3.63456 0.47397,
	"/>
<Contour name="d06ax11ssvr" hidden="false" closed="true" simplified="false" border="0 1 0" fill="0 1 0" mode="11"
 points="3.62589 0.530348,
	3.61577 0.520229,
	3.62589 0.51011,
	3.636 0.520229,
	"/>
<Contour name="d06ax11ssvr" hidden="false" closed="true" simplified="false" border="0 1 0" fill="0 1 0" mode="11"
 points="3.66925 0.517337,
	3.65913 0.507218,
	3.66925 0.497099,
	3.67937 0.507218,
	"/>
<Contour name="d06ax11ssvr" hidden="false" closed="true" simplified="false" border="0 1 0" fill="0 1 0" mode="11"
 points="3.71696 0.526011,
	3.70684 0.515892,
	3.71696 0.505773,
	3.72708 0.515892,
	"/>
<Contour name="d06ax11ssvr" hidden="false" closed="true" simplified="false" border="0 1 0" fill="0 1 0" mode="11"
 points="3.66925 0.452287,
	3.65913 0.442168,
	3.66925 0.432049,
	3.67937 0.442168,
	"/>
<Contour name="d06ax11ssvr" hidden="false" closed="true" simplified="false" border="0 1 0" fill="0 1 0" mode="11"
 points="3.71696 0.465297,
	3.70684 0.455178,
	3.71696 0.445059,
	3.72708 0.455178,
	"/>
<Contour name="d06ax11ssvr" hidden="false" closed="true" simplified="false" border="0 1 0" fill="0 1 0" mode="11"
 points="3.78779 0.472525,
	3.77767 0.462406,
	3.78779 0.452287,
	3.79791 0.462406,
	"/>
<Contour name="d06ax11ssvr" hidden="false" closed="true" simplified="false" border="0 1 0" fill="0 1 0" mode="11"
 points="3.67793 0.494208,
	3.66781 0.484089,
	3.67793 0.47397,
	3.68805 0.484089,
	"/>
<Contour name="d06ax11ssvr" hidden="false" closed="true" simplified="false" border="0 1 0" fill="0 1 0" mode="11"
 points="3.45964 0.554922,
	3.44953 0.544803,
	3.45964 0.534684,
	3.46976 0.544803,
	"/>
<Contour name="d06ax11ssvr" hidden="false" closed="true" simplified="false" border="0 1 0" fill="0 1 0" mode="11"
 points="3.40182 0.554922,
	3.3917 0.544803,
	3.40182 0.534684,
	3.41194 0.544803,
	"/>
<Contour name="d06ax11ssvr" hidden="false" closed="true" simplified="false" border="0 1 0" fill="0 1 0" mode="11"
 points="3.42495 0.591062,
	3.41483 0.580943,
	3.42495 0.570824,
	3.43507 0.580943,
	"/>
<Contour name="d06ax11ssvr" hidden="false" closed="true" simplified="false" border="0 1 0" fill="0 1 0" mode="11"
 points="3.49434 0.595398,
	3.48422 0.585279,
	3.49434 0.57516,
	3.50446 0.585279,
	"/>
<Contour name="d06ax11ssvr" hidden="false" closed="true" simplified="false" border="0 1 0" fill="0 1 0" mode="11"
 points="3.43507 0.630092,
	3.42495 0.619973,
	3.43507 0.609854,
	3.44519 0.619973,
	"/>
<Contour name="d06ax11ssvr" hidden="false" closed="true" simplified="false" border="0 1 0" fill="0 1 0" mode="11"
 points="3.3758 0.66334,
	3.36568 0.653221,
	3.3758 0.643102,
	3.38592 0.653221,
	"/>
<Contour name="d06ax11ssvr" hidden="false" closed="true" simplified="false" border="0 1 0" fill="0 1 0" mode="11"
 points="3.38014 0.599735,
	3.37002 0.589616,
	3.38014 0.579497,
	3.39026 0.589616,
	"/>
<Contour name="d06ax11ssvr" hidden="false" closed="true" simplified="false" border="0 1 0" fill="0 1 0" mode="11"
 points="3.32954 0.617082,
	3.31942 0.606963,
	3.32954 0.596844,
	3.33966 0.606963,
	"/>
<Contour name="d06ax11ssvr" hidden="false" closed="true" simplified="false" border="0 1 0" fill="0 1 0" mode="11"
 points="3.31653 0.563596,
	3.30641 0.553477,
	3.31653 0.543358,
	3.32665 0.553477,
	"/>
<Contour name="d06ax11ssvr" hidden="false" closed="true" simplified="false" border="0 1 0" fill="0 1 0" mode="11"
 points="3.28184 0.593953,
	3.27172 0.583834,
	3.28184 0.573715,
	3.29196 0.583834,
	"/>
<Contour name="d06ax11ssvr" hidden="false" closed="true" simplified="false" border="0 1 0" fill="0 1 0" mode="11"
 points="3.27172 0.641657,
	3.2616 0.631538,
	3.27172 0.621419,
	3.28184 0.631538,
	"/>
<Contour name="d06ax11ssvr" hidden="false" closed="true" simplified="false" border="0 1 0" fill="0 1 0" mode="11"
 points="3.30786 0.695143,
	3.29774 0.685024,
	3.30786 0.674905,
	3.31798 0.685024,
	"/>
<Contour name="d06ax11ssvr" hidden="false" closed="true" simplified="false" border="0 1 0" fill="0 1 0" mode="11"
 points="3.25437 0.703817,
	3.24425 0.693698,
	3.25437 0.683578,
	3.26449 0.693698,
	"/>
<Contour name="d06ax11ssvr" hidden="false" closed="true" simplified="false" border="0 1 0" fill="0 1 0" mode="11"
 points="3.30063 0.75152,
	3.29051 0.741401,
	3.30063 0.731282,
	3.31075 0.741401,
	"/>
<Contour name="d06ax11ssvr" hidden="false" closed="true" simplified="false" border="0 1 0" fill="0 1 0" mode="11"
 points="3.2457 0.73851,
	3.23558 0.728391,
	3.2457 0.718272,
	3.25582 0.728391,
	"/>
<Contour name="d06ax11ssvr" hidden="false" closed="true" simplified="false" border="0 1 0" fill="0 1 0" mode="11"
 points="3.35267 0.724055,
	3.34255 0.713936,
	3.35267 0.703817,
	3.36279 0.713936,
	"/>
<Contour name="d06ax11ssvd" hidden="false" closed="true" simplified="false" border="1 0.502 0" fill="0 0 1" mode="11"
 points="3.38592 0.747184,
	3.3758 0.737065,
	3.38592 0.726946,
	3.39604 0.737065,
	"/>
<Contour name="d06ax11ssvd" hidden="false" closed="true" simplified="false" border="1 0.502 0" fill="0 0 1" mode="11"
 points="3.49289 0.705262,
	3.48277 0.695143,
	3.49289 0.685024,
	3.50301 0.695143,
	"/>
<Contour name="d06ax11ssvr" hidden="false" closed="true" simplified="false" border="0 1 0" fill="0 1 0" mode="11"
 points="3.43652 0.718272,
	3.4264 0.708153,
	3.43652 0.698034,
	3.44663 0.708153,
	"/>
<Contour name="d06ax11ssvr" hidden="false" closed="true" simplified="false" border="0 1 0" fill="0 1 0" mode="11"
 points="3.50301 0.657558,
	3.49289 0.647439,
	3.50301 0.63732,
	3.51313 0.647439,
	"/>
<Contour name="d06ax11ssvr" hidden="false" closed="true" simplified="false" border="0 1 0" fill="0 1 0" mode="11"
 points="3.55072 0.632983,
	3.5406 0.622864,
	3.55072 0.612745,
	3.56083 0.622864,
	"/>
<Contour name="d06ax11ssvr" hidden="false" closed="true" simplified="false" border="0 1 0" fill="0 1 0" mode="11"
 points="3.58107 0.599735,
	3.57095 0.589616,
	3.58107 0.579497,
	3.59119 0.589616,
	"/>
<Contour name="d06ax11ssvr" hidden="false" closed="true" simplified="false" border="0 1 0" fill="0 1 0" mode="11"
 points="3.58107 0.552031,
	3.57095 0.541912,
	3.58107 0.531793,
	3.59119 0.541912,
	"/>
</Transform>

<Transform dim="0"
 xcoef=" 0 1 0 0 0 0"
 ycoef=" 0 0 1 0 0 0">
<Contour name="d06c11" hidden="false" closed="true" simplified="true" border="0 1 0" fill="0 1 0" mode="-9"
 points="3.25104 0.596709,
	3.49047 0.487282,
	3.61019 0.433035,
	3.67004 0.405912,
	3.68501 0.39843,
	3.69249 0.395624,
	3.69623 0.393753,
	3.6981 0.392818,
	3.79818 0.63225,
	3.80098 0.639732,
	3.80192 0.641603,
	3.56249 0.750096,
	3.50263 0.777219,
	3.4727 0.790313,
	3.45773 0.797795,
	3.39788 0.821177,
	3.36795 0.833336,
	3.36047 0.837077,
	3.35672 0.838012,
	3.35485 0.838947,
	3.25197 0.599515,
	3.25104 0.597645,
	"/>
</Transform>

</Section>