<?xml version="1.0"?>
<!DOCTYPE Section SYSTEM "section.dtd">

<Section index="176" thickness="0.038" alignLocked="true">
<Transform dim="6"
 xcoef=" -0.979639237384378 1.00895228545882 0.0638019771419376 0 0 0"
 ycoef=" 0.370734364033092 0.0619922119521242 1.01437651275641 0 0 0">
<Image mag="0.0021709" contrast="0.922" brightness="0.03" red="true" green="true" blue="true"
 src="JPTZX.236.jpg" />
<Contour name="domain1" hidden="false" closed="true" simplified="false" border="1 0 1" fill="1 0 1" mode="11"
 points="0 0,
	4083 0,
	4083 4083,
	0 4083,
	"/>
</Transform>

<Transform dim="0"
 xcoef=" 0 1 0 0 0 0"
 ycoef=" 0 0 1 0 0 0">
<Contour name="d01" hidden="false" closed="true" simplified="true" border="1 0.5 0" fill="1 0.5 0" mode="11"
 points="1.61468 4.40275,
	1.63808 4.37601,
	1.66482 4.35929,
	1.71831 4.33923,
	1.74505 4.31917,
	1.76177 4.29243,
	1.76845 4.27906,
	1.7952 4.25566,
	1.82194 4.23894,
	1.84869 4.23894,
	1.86206 4.23894,
	1.86874 4.24228,
	1.8654 4.26903,
	1.85203 4.29577,
	1.82529 4.31917,
	1.81191 4.3292,
	1.80188 4.35595,
	1.80523 4.38269,
	1.76845 4.43618,
	1.75174 4.46292,
	1.74505 4.48967,
	1.74171 4.50304,
	1.73168 4.51641,
	1.725 4.5231,
	1.69825 4.5231,
	1.68488 4.5231,
	1.67151 4.51641,
	1.64811 4.48967,
	1.63808 4.46292,
	1.63808 4.45624,
	1.62136 4.42949,
	1.61468 4.42281,
	1.61468 4.40944,
	1.61468 4.40609,
	"/>
<Contour name="d01" hidden="false" closed="true" simplified="true" border="1 0.5 0" fill="1 0.5 0" mode="11"
 points="1.86874 4.66685,
	1.87877 4.65348,
	1.93226 4.65348,
	1.95901 4.65348,
	1.98575 4.66016,
	1.99912 4.6635,
	2.02587 4.65348,
	2.03255 4.64679,
	2.08604 4.64679,
	2.11278 4.64345,
	2.13953 4.62673,
	2.16627 4.62673,
	2.21976 4.63676,
	2.27325 4.63342,
	2.29999 4.62339,
	2.32674 4.62339,
	2.38023 4.64345,
	2.43371 4.64345,
	2.46046 4.6401,
	2.47383 4.63342,
	2.50057 4.63342,
	2.51395 4.63676,
	2.54069 4.66016,
	2.56743 4.67688,
	2.59084 4.70362,
	2.60755 4.73036,
	2.63095 4.75711,
	2.64432 4.76714,
	2.64098 4.79388,
	2.64098 4.80057,
	2.60421 4.85406,
	2.59084 4.86409,
	2.53735 4.86743,
	2.5106 4.87077,
	2.40363 4.90754,
	2.35014 4.93095,
	2.29665 4.96103,
	2.25988 5.01452,
	2.24316 5.04127,
	2.23648 5.05464,
	2.21308 5.08138,
	2.1763 5.13487,
	2.14956 5.16161,
	2.13619 5.17499,
	2.12281 5.20173,
	2.12281 5.20842,
	2.07601 5.25856,
	2.06264 5.26859,
	2.0359 5.26525,
	2.02252 5.25522,
	2.01249 5.20173,
	2.00915 5.17499,
	1.99244 5.14824,
	1.98575 5.09475,
	1.97238 5.06801,
	1.97572 5.01452,
	1.97238 4.96103,
	1.95566 4.90754,
	1.93226 4.88749,
	1.90552 4.86074,
	1.88546 4.834,
	1.88546 4.82731,
	1.87877 4.82063,
	1.87877 4.79388,
	1.90218 4.74039,
	1.90218 4.72702,
	1.90218 4.72034,
	1.8888 4.70696,
	1.87543 4.70028,
	1.86874 4.69693,
	1.86874 4.67019,
	"/>
<Contour name="d01" hidden="false" closed="true" simplified="true" border="1 0.5 0" fill="1 0.5 0" mode="11"
 points="1.88212 3.59374,
	1.90218 3.54025,
	1.9122 3.51351,
	1.90886 3.48676,
	1.90218 3.48008,
	1.90218 3.45333,
	1.9122 3.42659,
	1.93561 3.40319,
	1.96235 3.38982,
	2.01584 3.37644,
	2.04258 3.35973,
	2.05261 3.33299,
	2.05595 3.31961,
	2.06598 3.30624,
	2.11947 3.27615,
	2.14622 3.25944,
	2.16962 3.23604,
	2.18299 3.22267,
	2.20973 3.21932,
	2.2231 3.21598,
	2.23982 3.18924,
	2.26322 3.16249,
	2.28996 3.15246,
	2.31671 3.15246,
	2.34345 3.16918,
	2.35682 3.17586,
	2.41031 3.17921,
	2.4638 3.16918,
	2.49055 3.16918,
	2.50392 3.17252,
	2.5106 3.17252,
	2.52398 3.18255,
	2.73793 3.17252,
	2.79142 3.16918,
	2.81816 3.17586,
	2.83153 3.18255,
	2.85493 3.20929,
	2.88168 3.22601,
	2.88836 3.22601,
	2.90174 3.23604,
	2.91511 3.23938,
	2.93851 3.26612,
	2.97194 3.31961,
	2.99868 3.34301,
	3.05217 3.3731,
	3.10566 3.38982,
	3.1324 3.38982,
	3.14578 3.39316,
	3.15246 3.39316,
	3.15581 3.4199,
	3.15246 3.43328,
	3.10232 3.48342,
	3.07557 3.50682,
	3.06554 3.52019,
	3.06889 3.53357,
	3.08226 3.54025,
	3.08894 3.54694,
	3.08894 3.57368,
	3.07557 3.60043,
	3.05217 3.62717,
	3.04549 3.64054,
	3.04549 3.66729,
	3.04883 3.68066,
	3.07223 3.69737,
	3.09563 3.72412,
	3.09563 3.75086,
	3.09229 3.76423,
	3.08226 3.77761,
	3.07557 3.80435,
	3.07557 3.83109,
	3.07557 3.83778,
	3.08226 3.84447,
	3.07557 3.89795,
	3.07557 3.91133,
	3.09897 3.93138,
	3.10566 3.93807,
	3.10232 3.96481,
	3.04883 3.96816,
	3.03546 3.96816,
	2.98197 3.93807,
	2.92848 3.92136,
	2.87499 3.92804,
	2.8215 3.92804,
	2.76802 3.92136,
	2.71453 3.90464,
	2.68778 3.89461,
	2.67441 3.88458,
	2.56743 3.84112,
	2.46046 3.83109,
	2.43371 3.83109,
	2.40697 3.82107,
	2.35348 3.82107,
	2.24651 3.86118,
	2.21976 3.88124,
	2.20639 3.89127,
	2.17965 3.89795,
	2.1529 3.89795,
	2.12616 3.90464,
	2.09941 3.91801,
	2.07267 3.92136,
	2.0593 3.92136,
	2.05261 3.92136,
	2.03255 3.89461,
	2.02587 3.86787,
	2.02252 3.81438,
	2.01918 3.78763,
	2.01249 3.77426,
	1.99912 3.76089,
	1.99244 3.73415,
	1.99244 3.72077,
	1.98241 3.69403,
	1.96235 3.66729,
	1.90886 3.65057,
	1.89549 3.6372,
	1.89215 3.62383,
	1.88212 3.61046,
	1.88212 3.59708,
	"/>
</Transform>

<Transform dim="0"
 xcoef=" 0 1 0 0 0 0"
 ycoef=" 0 0 1 0 0 0">
<Contour name="d01" hidden="false" closed="true" simplified="true" border="1 0.5 0" fill="1 0.5 0" mode="11"
 points="3.21598 3.95144,
	3.22267 3.93807,
	3.23604 3.92804,
	3.24272 3.92136,
	3.29621 3.91801,
	3.33967 3.87121,
	3.35304 3.86452,
	3.35973 3.85784,
	3.38647 3.86118,
	3.41322 3.8779,
	3.43662 3.87455,
	3.45333 3.84781,
	3.46336 3.83444,
	3.49011 3.82441,
	3.49679 3.82441,
	3.50348 3.81104,
	3.51685 3.79766,
	3.54359 3.79766,
	3.57034 3.80769,
	3.58371 3.82107,
	3.61046 3.83444,
	3.6372 3.83778,
	3.65057 3.84447,
	3.66394 3.85784,
	3.66729 3.88458,
	3.66729 3.89795,
	3.68066 3.9247,
	3.70072 3.95144,
	3.71075 3.96481,
	3.71409 3.97819,
	3.70406 4.03167,
	3.70406 4.04505,
	3.69403 4.05508,
	3.68066 4.05508,
	3.66729 4.04839,
	3.64054 4.04839,
	3.62717 4.05173,
	3.6138 4.06176,
	3.60711 4.06845,
	3.58037 4.06845,
	3.52688 4.05173,
	3.47339 4.02833,
	3.4199 3.99156,
	3.39316 3.97819,
	3.33967 3.98153,
	3.31293 3.98487,
	3.25944 3.97484,
	3.23269 3.96481,
	3.21932 3.96147,
	3.21598 3.95479,
	"/>
</Transform>

<Transform dim="0"
 xcoef=" 0 1 0 0 0 0"
 ycoef=" 0 0 1 0 0 0">
<Contour name="d01" hidden="false" closed="true" simplified="true" border="1 0.5 0" fill="1 0.5 0" mode="11"
 points="2.17965 2.88168,
	2.19302 2.87834,
	2.24651 2.89171,
	2.25988 2.89839,
	2.26656 2.89839,
	2.29331 2.91511,
	2.29999 2.91511,
	2.31002 2.92848,
	2.30334 2.95522,
	2.29331 2.9686,
	2.27994 2.97194,
	2.26322 2.99868,
	2.23648 2.99868,
	2.22645 2.98531,
	2.2231 2.95857,
	2.20973 2.93182,
	2.18633 2.90842,
	2.17965 2.90508,
	2.17965 2.89171,
	2.17965 2.88502,
	"/>
</Transform>

<Transform dim="0"
 xcoef=" 0 1 0 0 0 0"
 ycoef=" 0 0 1 0 0 0">
<Contour name="d01mito01" hidden="false" closed="true" simplified="true" border="0 0.25098 0.501961" fill="0.5 0 1" mode="-11"
 points="2.53333 3.59133,
	2.53442 3.58265,
	2.53984 3.57398,
	2.542 3.56965,
	2.55068 3.56097,
	2.56802 3.54797,
	2.58536 3.53929,
	2.58862 3.53713,
	2.59187 3.53279,
	2.59295 3.52412,
	2.59512 3.51978,
	2.59946 3.51545,
	2.60813 3.51219,
	2.64282 3.51219,
	2.66016 3.51219,
	2.69485 3.51761,
	2.71219 3.52195,
	2.72954 3.53171,
	2.73821 3.53496,
	2.75555 3.53713,
	2.7729 3.54255,
	2.78157 3.54688,
	2.78374 3.54688,
	2.79241 3.5523,
	2.8 3.56097,
	2.80217 3.56314,
	2.80217 3.57181,
	2.80108 3.57615,
	2.79675 3.5794,
	2.79133 3.58807,
	2.79024 3.59241,
	2.79024 3.59458,
	2.78265 3.60325,
	2.76206 3.63794,
	2.7458 3.65528,
	2.73713 3.66287,
	2.72845 3.66829,
	2.71111 3.67371,
	2.70244 3.68021,
	2.70027 3.68238,
	2.6916 3.68455,
	2.68726 3.68672,
	2.66992 3.68672,
	2.65257 3.68021,
	2.6439 3.67913,
	2.62656 3.68238,
	2.62222 3.68455,
	2.61355 3.68455,
	2.60488 3.6813,
	2.60054 3.68021,
	2.59187 3.67479,
	2.57452 3.6607,
	2.55718 3.6542,
	2.54851 3.65203,
	2.54417 3.65095,
	2.53442 3.6336,
	2.53333 3.59891,
	2.53333 3.59458,
	2.53333 3.59241,
	"/>
</Transform>

<Transform dim="0"
 xcoef=" 0 1 0 0 0 0"
 ycoef=" 0 0 1 0 0 0">
<Contour name="d01ser" hidden="false" closed="true" simplified="true" border="0 0.502 0" fill="1 0.5 0" mode="11"
 points="2.79581 3.88738,
	2.81306 3.87659,
	2.83032 3.87228,
	2.83895 3.87012,
	2.84758 3.86149,
	2.85405 3.84423,
	2.86915 3.83345,
	2.88641 3.82913,
	2.90367 3.82913,
	2.9123 3.82913,
	2.91661 3.82913,
	2.92093 3.81187,
	2.92093 3.80324,
	2.92524 3.79462,
	2.93387 3.78599,
	2.95113 3.7752,
	2.96623 3.75794,
	2.98349 3.74716,
	3.018 3.73637,
	3.02663 3.73205,
	3.03526 3.73421,
	3.03958 3.74284,
	3.0331 3.7601,
	3.00506 3.79462,
	2.9727 3.8205,
	2.95544 3.82913,
	2.94034 3.84423,
	2.93603 3.85286,
	2.93387 3.87012,
	2.92308 3.88738,
	2.90583 3.89816,
	2.88857 3.90248,
	2.85405 3.90032,
	2.84542 3.90032,
	2.83679 3.90464,
	2.80228 3.90464,
	2.79581 3.89601,
	2.79581 3.88953,
	"/>
</Transform>

<Transform dim="0"
 xcoef=" 0 1 0 0 0 0"
 ycoef=" 0 0 1 0 0 0">
<Contour name="d01ser" hidden="false" closed="true" simplified="true" border="0 0.502 0" fill="1 0.5 0" mode="11"
 points="2.32091 3.21654,
	2.32389 3.21059,
	2.32984 3.20464,
	2.34174 3.20464,
	2.34769 3.20911,
	2.35067 3.21506,
	2.35364 3.21506,
	2.35513 3.22101,
	2.34472 3.23142,
	2.33281 3.23291,
	2.32091 3.22547,
	2.32091 3.21952,
	2.32091 3.21803,
	"/>
</Transform>

<Transform dim="0"
 xcoef=" 0 1 0 0 0 0"
 ycoef=" 0 0 1 0 0 0">
<Contour name="d01ser" hidden="false" closed="true" simplified="true" border="0 0.502 0" fill="1 0.5 0" mode="11"
 points="2.05311 3.75064,
	2.05608 3.74469,
	2.05757 3.74172,
	2.06947 3.7432,
	2.07543 3.74469,
	2.08138 3.74916,
	2.09328 3.75362,
	2.10369 3.76403,
	2.10072 3.77593,
	2.1022 3.78784,
	2.10964 3.79825,
	2.11411 3.80271,
	2.11262 3.81462,
	2.10816 3.82652,
	2.10667 3.82949,
	2.09477 3.82801,
	2.08286 3.81908,
	2.0665 3.79676,
	2.06204 3.78486,
	2.06055 3.77296,
	2.05608 3.76106,
	2.05311 3.75808,
	2.05311 3.75213,
	"/>
<Contour name="d01ser" hidden="false" closed="true" simplified="true" border="0 0.502 0" fill="1 0.5 0" mode="11"
 points="1.96831 3.63757,
	1.97277 3.63162,
	1.98467 3.63162,
	1.99657 3.6346,
	2.00699 3.64501,
	2.00848 3.65691,
	2.01145 3.66138,
	2.02335 3.67179,
	2.0293 3.68369,
	2.03377 3.68964,
	2.03674 3.69262,
	2.03228 3.70452,
	2.02038 3.70601,
	2.01443 3.70303,
	1.99062 3.68221,
	1.98467 3.67625,
	1.97128 3.65245,
	1.96831 3.6465,
	1.96831 3.64055,
	1.96831 3.63906,
	"/>
</Transform>

<Transform dim="0"
 xcoef=" 0 1 0 0 0 0"
 ycoef=" 0 0 1 0 0 0">
<Contour name="d01ser" hidden="false" closed="true" simplified="true" border="0 0.502 0" fill="1 0.5 0" mode="11"
 points="2.84013 3.37275,
	2.84608 3.37126,
	2.86989 3.3787,
	2.88179 3.38614,
	2.88774 3.38912,
	2.89964 3.38912,
	2.91155 3.39209,
	2.92345 3.39209,
	2.93535 3.39507,
	2.9413 3.39804,
	2.9413 3.40995,
	2.93089 3.42185,
	2.92791 3.42482,
	2.90411 3.42482,
	2.8803 3.41738,
	2.87435 3.41292,
	2.87286 3.40697,
	2.86989 3.40399,
	2.86543 3.39209,
	2.84311 3.3787,
	2.84013 3.37722,
	2.84013 3.37424,
	"/>
</Transform>

<Transform dim="0"
 xcoef=" 0 1 0 0 0 0"
 ycoef=" 0 0 1 0 0 0">
<Contour name="d01ser" hidden="false" closed="true" simplified="true" border="0 0.502 0" fill="1 0.5 0" mode="11"
 points="2.52027 3.21505,
	2.52473 3.21059,
	2.53663 3.21207,
	2.56043 3.22249,
	2.55895 3.22546,
	2.57085 3.23439,
	2.57531 3.23885,
	2.57382 3.2448,
	2.57234 3.24778,
	2.56639 3.24778,
	2.55448 3.24034,
	2.53068 3.22993,
	2.52027 3.21951,
	2.52027 3.21654,
	"/>
</Transform>

<Transform dim="0"
 xcoef=" 0 1 0 0 0 0"
 ycoef=" 0 0 1 0 0 0">
<Contour name="d01" hidden="false" closed="true" simplified="true" border="1 0.5 0" fill="1 0.5 0" mode="11"
 points="3.3503 3.40175,
	3.37705 3.37088,
	3.40792 3.35236,
	3.41204 3.35236,
	3.41615 3.34824,
	3.43262 3.34618,
	3.44085 3.34618,
	3.45731 3.35647,
	3.46554 3.35853,
	3.49435 3.38734,
	3.49435 3.39146,
	3.50464 3.40792,
	3.50876 3.41615,
	3.50876 3.43262,
	3.50876 3.44085,
	3.49024 3.47378,
	3.47995 3.49024,
	3.46554 3.50464,
	3.44908 3.50876,
	3.43262 3.50876,
	3.41615 3.49641,
	3.40792 3.49024,
	3.40381 3.48612,
	3.39969 3.48612,
	3.38323 3.47583,
	3.36882 3.46143,
	3.36265 3.4532,
	3.36059 3.44496,
	3.35647 3.44085,
	3.3503 3.40792,
	3.3503 3.40381,
	"/>
</Transform>

<Transform dim="0"
 xcoef=" 0 1 0 0 0 0"
 ycoef=" 0 0 1 0 0 0">
<Contour name="d02" hidden="false" closed="true" simplified="true" border="0 0.251 0.502" fill="0.5 0 1" mode="11"
 points="5.34672 5.05416,
	5.35569 5.0398,
	5.36825 5.02545,
	5.3862 4.99673,
	5.39697 4.98237,
	5.40235 4.96801,
	5.40415 4.95365,
	5.41492 4.92494,
	5.42928 4.91058,
	5.44363 4.9016,
	5.44722 4.84417,
	5.44184 4.81545,
	5.44004 4.8011,
	5.44184 4.78674,
	5.44722 4.77238,
	5.45081 4.74366,
	5.44902 4.71494,
	5.44543 4.70059,
	5.44722 4.67187,
	5.45081 4.65751,
	5.46697 4.62879,
	5.46697 4.60008,
	5.49389 4.48521,
	5.49748 4.47085,
	5.52081 4.44214,
	5.53517 4.43496,
	5.54773 4.4206,
	5.56568 4.36316,
	5.56927 4.35598,
	5.5944 4.32727,
	5.62311 4.30214,
	5.63747 4.29137,
	5.65183 4.28419,
	5.66619 4.2824,
	5.68055 4.27701,
	5.69491 4.26624,
	5.72362 4.25189,
	5.75234 4.24291,
	5.7667 4.23932,
	5.82413 4.23394,
	5.83849 4.23035,
	5.89592 4.22855,
	5.91028 4.23214,
	5.92464 4.23214,
	5.92823 4.23394,
	5.95515 4.21061,
	5.96233 4.20702,
	5.96951 4.19984,
	5.99823 4.18727,
	6.01259 4.18548,
	6.01618 4.18548,
	6.01977 4.17112,
	6.03412 4.1424,
	6.08797 4.09035,
	6.09335 4.076,
	6.09694 4.04728,
	6.09874 4.03292,
	6.10053 4.02574,
	6.12925 4.0042,
	6.14361 3.99343,
	6.16514 3.96472,
	6.17771 3.95036,
	6.20643 3.93062,
	6.23514 3.91805,
	6.2495 3.91626,
	6.26386 3.91805,
	6.27104 3.92164,
	6.28001 3.936,
	6.29437 3.94139,
	6.30155 3.94497,
	6.30514 3.94677,
	6.29078 3.95933,
	6.26206 3.97369,
	6.24771 3.98267,
	6.23155 4.01138,
	6.22976 4.01856,
	6.20284 4.04728,
	6.18309 4.076,
	6.17771 4.08317,
	6.17412 4.09753,
	6.17232 4.10471,
	6.1813 4.13343,
	6.20463 4.16215,
	6.20643 4.16933,
	6.22078 4.18189,
	6.22796 4.18907,
	6.24412 4.21778,
	6.25309 4.23214,
	6.25668 4.23394,
	6.26027 4.23214,
	6.3177 4.27342,
	6.33206 4.2824,
	6.34642 4.29496,
	6.3536 4.29855,
	6.35898 4.30573,
	6.3877 4.30752,
	6.41642 4.31829,
	6.4218 4.33265,
	6.43257 4.34701,
	6.45949 4.37393,
	6.48821 4.39188,
	6.49539 4.39547,
	6.50257 4.40265,
	6.51872 4.43137,
	6.56718 4.4888,
	6.58513 4.51752,
	6.59051 4.5247,
	6.64795 4.53008,
	6.66231 4.53367,
	6.66948 4.53546,
	6.68205 4.54803,
	6.68384 4.57675,
	6.68025 4.60546,
	6.69282 4.61982,
	6.70718 4.62879,
	6.73589 4.63956,
	6.74307 4.64136,
	6.74846 4.64854,
	6.75205 4.6629,
	6.75922 4.67725,
	6.76281 4.69161,
	6.75384 4.70597,
	6.73948 4.72033,
	6.72512 4.7293,
	6.71794 4.73289,
	6.69282 4.76161,
	6.67846 4.77058,
	6.6641 4.78315,
	6.65154 4.81186,
	6.64436 4.84058,
	6.64077 4.85494,
	6.61564 4.88366,
	6.60128 4.89622,
	6.5941 4.9034,
	6.57615 4.93212,
	6.56718 4.94647,
	6.53846 4.96263,
	6.50975 4.96442,
	6.49539 4.96442,
	6.48103 4.95904,
	6.4236 4.96442,
	6.39488 4.97878,
	6.38052 4.98596,
	6.3518 5.01109,
	6.33745 5.02545,
	6.30873 5.04878,
	6.28001 5.06134,
	6.2513 5.06673,
	6.23694 5.06852,
	6.20822 5.06673,
	6.19386 5.06673,
	6.18668 5.06673,
	6.15797 5.05057,
	6.14361 5.0398,
	6.12925 5.03262,
	6.10053 5.03083,
	6.08617 5.03083,
	6.05746 5.03621,
	6.02874 5.04519,
	5.97131 5.05057,
	5.91387 5.06314,
	5.89951 5.06852,
	5.88516 5.07032,
	5.77029 5.01468,
	5.74157 5.00391,
	5.68414 5.00211,
	5.56927 5.02186,
	5.55491 5.03442,
	5.5262 5.04519,
	5.51184 5.05057,
	5.49748 5.05237,
	5.48312 5.04698,
	5.4544 5.04519,
	5.39697 5.07391,
	5.38261 5.07749,
	5.36825 5.07749,
	5.35389 5.06852,
	5.34851 5.06314,
	5.34672 5.05596,
	"/>
</Transform>

<Transform dim="0"
 xcoef=" 0 1 0 0 0 0"
 ycoef=" 0 0 1 0 0 0">
<Contour name="d02" hidden="false" closed="true" simplified="true" border="0 0.251 0.502" fill="0.5 0 1" mode="11"
 points="4.74366 5.23005,
	4.75443 5.21569,
	4.76879 5.20852,
	4.79751 5.20313,
	4.81186 5.19954,
	4.82622 5.19954,
	4.8334 5.20134,
	4.84776 5.2139,
	4.85135 5.21749,
	4.85135 5.23185,
	4.84956 5.23903,
	4.83879 5.25339,
	4.82443 5.26056,
	4.81725 5.26415,
	4.78853 5.26415,
	4.77417 5.26056,
	4.74546 5.24441,
	4.74366 5.23185,
	"/>
</Transform>

<Transform dim="0"
 xcoef=" 0 1 0 0 0 0"
 ycoef=" 0 0 1 0 0 0">
<Contour name="d02" hidden="false" closed="true" simplified="true" border="0 0.251 0.502" fill="0.5 0 1" mode="11"
 points="6.61026 4.15856,
	6.63718 4.13343,
	6.66589 4.11548,
	6.66948 4.11548,
	6.67666 4.1101,
	6.69102 4.10651,
	6.74846 4.10471,
	6.77717 4.09933,
	6.80589 4.09933,
	6.81486 4.11369,
	6.81486 4.12087,
	6.82025 4.13522,
	6.83281 4.14958,
	6.83999 4.15676,
	6.84179 4.16394,
	6.8364 4.1783,
	6.83281 4.18548,
	6.81845 4.19804,
	6.76102 4.21599,
	6.75384 4.21778,
	6.72512 4.2142,
	6.69641 4.2142,
	6.66769 4.20702,
	6.65333 4.20343,
	6.64974 4.20343,
	6.64615 4.19984,
	6.63179 4.19445,
	6.62461 4.19266,
	6.62102 4.18907,
	6.61744 4.18907,
	6.61205 4.18189,
	6.61026 4.16753,
	6.61026 4.16035,
	"/>
</Transform>

<Transform dim="0"
 xcoef=" 0 1 0 0 0 0"
 ycoef=" 0 0 1 0 0 0">
<Contour name="d02p28" hidden="false" closed="true" simplified="false" border="1 0 0" fill="1 0 0" mode="-9"
 points="5.50826 4.96188,
	5.49211 4.96188,
	5.49211 4.96995,
	5.50018 4.97803,
	5.52441 4.9861,
	5.50826 4.99417,
	5.50018 5.01032,
	5.48404 4.99417,
	5.47596 4.97803,
	5.47596 4.96188,
	5.45981 4.96188,
	5.48404 4.94573,
	"/>
</Transform>

<Transform dim="0"
 xcoef=" 0 1 0 0 0 0"
 ycoef=" 0 0 1 0 0 0">
<Contour name="d02p29" hidden="false" closed="true" simplified="false" border="0 1 0" fill="0 1 0" mode="-9"
 points="6.15422 4.289,
	6.15422 4.26747,
	6.17575 4.26747,
	6.17575 4.24594,
	6.19728 4.24594,
	6.19728 4.26747,
	6.21882 4.26747,
	6.21882 4.289,
	6.19728 4.289,
	6.19728 4.31053,
	6.17575 4.31053,
	6.17575 4.289,
	"/>
</Transform>

<Transform dim="0"
 xcoef=" 0 1 0 0 0 0"
 ycoef=" 0 0 1 0 0 0">
<Contour name="d02c30" hidden="false" closed="true" simplified="true" border="1 0 0" fill="1 0 0" mode="-11"
 points="6.59029 4.20205,
	6.5966 4.18521,
	6.60502 4.1768,
	6.63869 4.16207,
	6.67235 4.15365,
	6.68919 4.15155,
	6.75652 4.15786,
	6.82385 4.17048,
	6.84069 4.18101,
	6.85331 4.19784,
	6.85542 4.20626,
	6.8491 4.23992,
	6.83858 4.25676,
	6.82175 4.26938,
	6.78808 4.28411,
	6.72075 4.30305,
	6.68708 4.30726,
	6.65342 4.30515,
	6.63658 4.30094,
	6.62185 4.28621,
	6.60081 4.25255,
	6.59239 4.23571,
	6.59029 4.20415,
	"/>
</Transform>

<Transform dim="0"
 xcoef=" 0 1 0 0 0 0"
 ycoef=" 0 0 1 0 0 0">
<Contour name="d02cfa30" hidden="false" closed="true" simplified="true" border="0 1 0.25098" fill="0 1 0" mode="11"
 points="6.58608 4.20626,
	6.59239 4.18942,
	6.60292 4.17259,
	6.60712 4.17048,
	6.61554 4.1768,
	6.63448 4.21046,
	6.6429 4.21467,
	6.67656 4.21467,
	6.6934 4.21257,
	6.76073 4.21467,
	6.77756 4.21467,
	6.7944 4.21046,
	6.80913 4.19573,
	6.81965 4.18101,
	6.82385 4.1789,
	6.83858 4.19363,
	6.84279 4.2273,
	6.84069 4.24413,
	6.83017 4.26096,
	6.81333 4.27148,
	6.746 4.29253,
	6.72917 4.29884,
	6.6955 4.30305,
	6.66183 4.30094,
	6.65342 4.29884,
	6.63658 4.28832,
	6.61975 4.27359,
	6.5966 4.23992,
	6.58608 4.22309,
	6.58608 4.20836,
	"/>
<Contour name="d02cfa30" hidden="false" closed="false" simplified="false" border="0 1 0.25098" fill="0 1 0" mode="11"
 points="6.80761 4.18372,
	6.79708 4.19634,
	6.78446 4.20686,
	6.76763 4.20897,
	6.73606 4.20686,
	6.71081 4.20686,
	6.67715 4.21107,
	6.64979 4.21318,
	6.63296 4.21107,
	6.62033 4.19424,
	6.61612 4.1753,
	"/>
</Transform>

<Transform dim="0"
 xcoef=" 0 1 0 0 0 0"
 ycoef=" 0 0 1 0 0 0">
<Contour name="d03" hidden="false" closed="true" simplified="true" border="1 0 0.5" fill="1 0 0.5" mode="-11"
 points="1.85974 4.37452,
	1.86686 4.36313,
	1.87683 4.34034,
	1.88537 4.32895,
	1.8868 4.30617,
	1.89819 4.28338,
	1.91385 4.2606,
	1.92382 4.24921,
	1.9466 4.23212,
	1.958 4.22785,
	1.96369 4.22358,
	2.00926 4.20791,
	2.05483 4.1894,
	2.07761 4.17658,
	2.089 4.17089,
	2.10894 4.1481,
	2.11606 4.13671,
	2.12603 4.12674,
	2.13172 4.1239,
	2.13457 4.12105,
	2.14596 4.12105,
	2.16875 4.12674,
	2.21432 4.14383,
	2.22571 4.15238,
	2.23568 4.16377,
	2.23995 4.17516,
	2.24137 4.18655,
	2.24422 4.19225,
	2.24422 4.20364,
	2.24422 4.20649,
	2.24707 4.20649,
	2.24849 4.21218,
	2.2428 4.22358,
	2.24137 4.22927,
	2.2371 4.23497,
	2.22998 4.25775,
	2.22713 4.26345,
	2.22286 4.28623,
	2.20435 4.3318,
	2.17302 4.37737,
	2.16732 4.38876,
	2.15878 4.40015,
	2.14739 4.42294,
	2.13315 4.4685,
	2.1303 4.4799,
	2.1303 4.52546,
	2.1303 4.53686,
	2.13457 4.55964,
	2.13315 4.58242,
	2.13172 4.59382,
	2.12745 4.60521,
	2.1246 4.6109,
	2.11321 4.62087,
	2.09043 4.62799,
	2.04486 4.63654,
	1.99929 4.64081,
	1.97651 4.64081,
	1.96512 4.64081,
	1.94233 4.63226,
	1.91955 4.61945,
	1.90958 4.60948,
	1.90388 4.60378,
	1.89107 4.581,
	1.8754 4.53543,
	1.86971 4.51265,
	1.87113 4.48986,
	1.87256 4.47847,
	1.88964 4.4329,
	1.8868 4.42151,
	1.87968 4.41012,
	1.86828 4.39873,
	1.86116 4.38734,
	1.85974 4.37594,
	"/>
</Transform>

<Transform dim="0"
 xcoef=" 0 1 0 0 0 0"
 ycoef=" 0 0 1 0 0 0">
<Contour name="d03" hidden="false" closed="true" simplified="true" border="1 0 0.5" fill="1 0 0.5" mode="-11"
 points="0.84306 6.26025,
	0.852398 6.23891,
	0.868405 6.21757,
	0.879077 6.20689,
	0.899086 6.19222,
	0.904422 6.19489,
	0.908424 6.20022,
	0.911092 6.2109,
	0.917761 6.22157,
	0.928433 6.23091,
	0.933769 6.23491,
	0.936437 6.23758,
	0.95778 6.24024,
	0.968452 6.24024,
	0.973787 6.24158,
	0.975121 6.23891,
	0.985793 6.24024,
	1.00714 6.23624,
	1.01781 6.23091,
	1.02848 6.22824,
	1.03915 6.22824,
	1.06049 6.2229,
	1.07117 6.2189,
	1.09251 6.21623,
	1.11385 6.21757,
	1.12452 6.2189,
	1.16721 6.23357,
	1.17788 6.23491,
	1.18855 6.23091,
	1.2099 6.21623,
	1.23124 6.20423,
	1.24191 6.19622,
	1.24725 6.19222,
	1.25258 6.19089,
	1.25792 6.18689,
	1.26059 6.18422,
	1.27126 6.18022,
	1.2766 6.17755,
	1.31928 6.17888,
	1.34063 6.18022,
	1.3513 6.18022,
	1.37264 6.18689,
	1.41533 6.18822,
	1.43667 6.19222,
	1.44734 6.19489,
	1.45268 6.19889,
	1.45801 6.20956,
	1.46202 6.2149,
	1.46602 6.22557,
	1.46868 6.24691,
	1.46735 6.26826,
	1.46335 6.2896,
	1.45935 6.30027,
	1.45268 6.31094,
	1.45134 6.31628,
	1.45268 6.32161,
	1.45935 6.33229,
	1.45401 6.35363,
	1.44734 6.3643,
	1.40466 6.40032,
	1.38331 6.41499,
	1.37798 6.42033,
	1.35663 6.435,
	1.33529 6.45234,
	1.32462 6.46035,
	1.31928 6.46301,
	1.29794 6.48169,
	1.27926 6.5017,
	1.27126 6.51237,
	1.26459 6.53371,
	1.26326 6.55506,
	1.26592 6.56573,
	1.2806 6.58707,
	1.28993 6.59774,
	1.31128 6.61242,
	1.32195 6.61909,
	1.32729 6.62042,
	1.34463 6.64176,
	1.3473 6.6471,
	1.34596 6.65777,
	1.33396 6.67911,
	1.32995 6.68445,
	1.31928 6.68979,
	1.23391 6.71513,
	1.21257 6.72447,
	1.19122 6.73781,
	1.18055 6.74715,
	1.15921 6.76049,
	1.13786 6.76716,
	1.11652 6.76849,
	1.10585 6.76449,
	1.06316 6.73648,
	1.04182 6.72047,
	1.02181 6.69912,
	1.01781 6.68845,
	1.01114 6.67778,
	1.00047 6.67111,
	0.995131 6.66978,
	0.973787 6.65777,
	0.963116 6.65244,
	0.95778 6.64977,
	0.952444 6.64977,
	0.941773 6.6431,
	0.920429 6.62309,
	0.909758 6.61242,
	0.895084 6.59107,
	0.876409 6.54839,
	0.873741 6.53772,
	0.875075 6.52704,
	0.880411 6.51637,
	0.891082 6.5097,
	0.912426 6.50303,
	0.933769 6.5017,
	0.94444 6.5017,
	0.955112 6.49903,
	0.965784 6.48969,
	0.972454 6.47902,
	0.975121 6.46835,
	0.973787 6.45768,
	0.973787 6.45234,
	0.96445 6.431,
	0.95778 6.42033,
	0.937771 6.40032,
	0.916427 6.38564,
	0.911092 6.38298,
	0.905756 6.37764,
	0.895084 6.37231,
	0.875075 6.35096,
	0.860401 6.32962,
	0.84973 6.30828,
	0.84306 6.28693,
	0.84306 6.26559,
	0.84306 6.26159,
	"/>
</Transform>

<Transform dim="0"
 xcoef=" 0 1 0 0 0 0"
 ycoef=" 0 0 1 0 0 0">
<Contour name="d03" hidden="false" closed="true" simplified="true" border="1 0 0.5" fill="1 0 0.5" mode="-11"
 points="0.848396 5.31181,
	0.851064 5.30114,
	0.857733 5.29047,
	0.861735 5.28513,
	0.883079 5.27579,
	0.89375 5.27179,
	0.904422 5.26512,
	0.909758 5.25979,
	0.927099 5.2171,
	0.937771 5.20776,
	0.948442 5.20243,
	0.959114 5.19976,
	0.96445 5.19709,
	0.968452 5.19175,
	0.969786 5.18108,
	0.968452 5.17041,
	0.961782 5.15974,
	0.952444 5.14907,
	0.941773 5.12772,
	0.939105 5.10638,
	0.937771 5.09571,
	0.928433 5.07437,
	0.925765 5.06903,
	0.928433 5.05836,
	0.935103 5.04769,
	0.94444 5.03702,
	0.967118 4.99433,
	0.981791 4.97299,
	1.00447 4.9303,
	1.02048 4.88761,
	1.02448 4.87694,
	1.03248 4.86627,
	1.04182 4.8596,
	1.04049 4.84893,
	1.03648 4.83826,
	1.03915 4.81691,
	1.03915 4.81425,
	1.05783 4.7929,
	1.06316 4.79023,
	1.14854 4.78356,
	1.19122 4.77823,
	1.21257 4.77423,
	1.22324 4.77289,
	1.22857 4.77289,
	1.27126 4.75822,
	1.31395 4.75422,
	1.33529 4.75022,
	1.42066 4.72487,
	1.43133 4.7222,
	1.51671 4.7182,
	1.52738 4.7182,
	1.54872 4.73021,
	1.57007 4.74488,
	1.57273 4.74755,
	1.57407 4.76889,
	1.5754 4.77956,
	1.58341 4.79023,
	1.60475 4.80891,
	1.62342 4.83025,
	1.64477 4.84759,
	1.6541 4.8556,
	1.67011 4.87694,
	1.67545 4.88094,
	1.68612 4.88494,
	1.69146 4.88628,
	1.7128 4.90362,
	1.72347 4.91296,
	1.73414 4.91963,
	1.73948 4.9223,
	1.76082 4.9223,
	1.78216 4.91696,
	1.80351 4.90762,
	1.82485 4.89562,
	1.83552 4.88895,
	1.84086 4.88494,
	1.85153 4.88094,
	1.87287 4.88228,
	1.89422 4.88628,
	1.90489 4.89161,
	1.92623 4.90629,
	1.9369 4.91563,
	1.94091 4.92096,
	1.94491 4.9423,
	1.95691 4.96365,
	1.96091 4.98499,
	1.96225 5.00633,
	1.96225 5.01701,
	1.95691 5.02768,
	1.95558 5.03035,
	1.95825 5.03168,
	1.95958 5.05302,
	1.95158 5.07437,
	1.93824 5.09571,
	1.9289 5.10638,
	1.92223 5.11705,
	1.91289 5.12772,
	1.90756 5.13306,
	1.89822 5.1544,
	1.89288 5.17575,
	1.88221 5.19709,
	1.87688 5.20243,
	1.8662 5.20376,
	1.85553 5.19976,
	1.84486 5.19842,
	1.82352 5.20109,
	1.82085 5.20109,
	1.81551 5.20509,
	1.80351 5.22644,
	1.80217 5.24778,
	1.80351 5.25312,
	1.80884 5.25712,
	1.83019 5.25845,
	1.84086 5.25445,
	1.8622 5.25312,
	1.87154 5.25578,
	1.87287 5.26646,
	1.86887 5.27713,
	1.86887 5.29847,
	1.87154 5.30381,
	1.89155 5.32248,
	1.89555 5.32782,
	1.89688 5.34916,
	1.89555 5.3705,
	1.89555 5.38118,
	1.89021 5.40252,
	1.87821 5.42386,
	1.8582 5.4412,
	1.84886 5.45188,
	1.84486 5.45721,
	1.84219 5.46788,
	1.84086 5.51057,
	1.83952 5.51591,
	1.83152 5.52524,
	1.78883 5.54258,
	1.77816 5.54659,
	1.77283 5.54792,
	1.75549 5.56793,
	1.75148 5.58927,
	1.75015 5.59461,
	1.71013 5.6373,
	1.70346 5.64797,
	1.69813 5.6533,
	1.69546 5.65597,
	1.68479 5.65731,
	1.66344 5.64263,
	1.6421 5.62529,
	1.63143 5.61995,
	1.62076 5.61862,
	1.59941 5.62662,
	1.55673 5.6493,
	1.51404 5.66798,
	1.50337 5.67198,
	1.49803 5.67331,
	1.48736 5.67064,
	1.48202 5.67064,
	1.47135 5.66531,
	1.45001 5.64797,
	1.43934 5.63863,
	1.41799 5.62796,
	1.39665 5.62529,
	1.37531 5.62662,
	1.36997 5.62662,
	1.34863 5.61995,
	1.30594 5.59728,
	1.2846 5.58794,
	1.26326 5.58394,
	1.24191 5.57727,
	1.22057 5.56793,
	1.2099 5.56526,
	1.18855 5.55326,
	1.16721 5.53858,
	1.14587 5.51991,
	1.1352 5.50924,
	1.13253 5.50657,
	1.12986 5.50657,
	1.12452 5.50123,
	1.11385 5.4959,
	1.10318 5.49323,
	1.08184 5.47856,
	1.07117 5.46922,
	1.0685 5.46655,
	1.05783 5.46388,
	1.03648 5.46255,
	0.993797 5.44787,
	0.953778 5.40519,
	0.943107 5.39585,
	0.932435 5.38918,
	0.911092 5.38518,
	0.90042 5.38384,
	0.879077 5.37184,
	0.869739 5.36117,
	0.864403 5.3505,
	0.853731 5.33982,
	0.84973 5.33449,
	0.848396 5.31314,
	"/>
</Transform>

<Transform dim="0"
 xcoef=" 0 1 0 0 0 0"
 ycoef=" 0 0 1 0 0 0">
<Contour name="d03" hidden="false" closed="true" simplified="true" border="1 0 0.5" fill="1 0 0.5" mode="-11"
 points="1.32195 3.88314,
	1.33129 3.87381,
	1.34196 3.8698,
	1.34196 3.86447,
	1.34596 3.85913,
	1.3473 3.8538,
	1.3513 3.84846,
	1.36197 3.84446,
	1.40466 3.84846,
	1.426 3.85246,
	1.44734 3.85913,
	1.49003 3.87647,
	1.51137 3.88848,
	1.52204 3.89515,
	1.54339 3.91249,
	1.55406 3.9205,
	1.5754 3.93117,
	1.58607 3.93517,
	1.59674 3.94184,
	1.59941 3.94451,
	1.62076 3.94317,
	1.70613 3.94984,
	1.72747 3.94984,
	1.74882 3.95251,
	1.77016 3.96051,
	1.78083 3.96318,
	1.82352 3.98586,
	1.82885 3.98719,
	1.8502 3.97786,
	1.87154 3.96318,
	1.91423 3.94584,
	1.93557 3.94317,
	1.94624 3.94317,
	1.95691 3.94717,
	1.96225 3.94851,
	1.97159 3.95651,
	1.97292 3.96185,
	1.97959 3.97252,
	1.98893 3.98319,
	1.99293 3.98853,
	1.99693 4.00987,
	1.99426 4.02054,
	1.9916 4.02588,
	1.97025 4.04722,
	1.95024 4.06456,
	1.94224 4.07523,
	1.9329 4.09658,
	1.92757 4.11792,
	1.92356 4.12859,
	1.90355 4.1486,
	1.86087 4.17661,
	1.8582 4.17928,
	1.85286 4.18062,
	1.84219 4.18729,
	1.83285 4.19662,
	1.83419 4.19796,
	1.82352 4.2193,
	1.81685 4.22997,
	1.80618 4.23931,
	1.78483 4.25132,
	1.76349 4.26866,
	1.75815 4.27266,
	1.75148 4.28333,
	1.74215 4.30467,
	1.73948 4.31001,
	1.72881 4.32068,
	1.71813 4.32735,
	1.67545 4.34202,
	1.6541 4.35003,
	1.61142 4.38071,
	1.60075 4.38338,
	1.5794 4.38204,
	1.57407 4.37938,
	1.5714 4.37938,
	1.56073 4.37137,
	1.55673 4.3687,
	1.54605 4.35803,
	1.53805 4.34736,
	1.53271 4.33669,
	1.53271 4.31535,
	1.53405 4.31001,
	1.54205 4.29934,
	1.56206 4.27933,
	1.57273 4.26999,
	1.58874 4.24865,
	1.59274 4.2273,
	1.59274 4.21663,
	1.59007 4.20596,
	1.58474 4.19529,
	1.58074 4.18995,
	1.57674 4.17928,
	1.57807 4.15794,
	1.58074 4.14727,
	1.5794 4.10458,
	1.5754 4.09391,
	1.56873 4.08324,
	1.5674 4.0779,
	1.55939 4.06723,
	1.55673 4.06189,
	1.53538 4.04455,
	1.4927 4.01521,
	1.48736 4.01387,
	1.48469 4.0112,
	1.48202 4.0112,
	1.47936 4.00854,
	1.46868 4.00587,
	1.44734 3.99386,
	1.40466 3.95785,
	1.38465 3.93784,
	1.3633 3.9205,
	1.35263 3.91516,
	1.34996 3.91516,
	1.3473 3.91249,
	1.33662 3.90849,
	1.33129 3.90716,
	1.32595 3.90315,
	1.32195 3.89248,
	1.32195 3.88715,
	1.32195 3.88448,
	"/>
</Transform>

<Transform dim="0"
 xcoef=" 0 1 0 0 0 0"
 ycoef=" 0 0 1 0 0 0">
<Contour name="d03p27" hidden="false" closed="true" simplified="false" border="1 0 1" fill="1 0 1" mode="-9"
 points="1.48216 4.79448,
	1.48216 4.77884,
	1.4978 4.7632,
	1.51344 4.7632,
	1.52909 4.77884,
	1.52909 4.79448,
	1.51344 4.81012,
	1.4978 4.81012,
	"/>
</Transform>

<Transform dim="0"
 xcoef=" 0 1 0 0 0 0"
 ycoef=" 0 0 1 0 0 0">
<Contour name="d03c27" hidden="false" closed="true" simplified="true" border="1 0 0" fill="1 0 0" mode="-11"
 points="1.52441 3.89501,
	1.52802 3.8923,
	1.54247 3.89591,
	1.55692 3.90223,
	1.56414 3.90404,
	1.59304 3.91578,
	1.62194 3.923,
	1.67974 3.92933,
	1.73754 3.93926,
	1.74115 3.94107,
	1.74837 3.94197,
	1.76282 3.94648,
	1.77727 3.94919,
	1.83507 3.9501,
	1.84952 3.9519,
	1.85674 3.95461,
	1.86397 3.95913,
	1.87119 3.96635,
	1.8739 3.96996,
	1.873 3.97719,
	1.86487 3.99164,
	1.85042 3.99796,
	1.83597 4.00067,
	1.82152 4.00157,
	1.80707 4.00067,
	1.79263 3.99525,
	1.77818 3.98532,
	1.77095 3.98171,
	1.76734 3.9799,
	1.76553 3.9799,
	1.75831 3.97538,
	1.75108 3.97267,
	1.74386 3.96816,
	1.72941 3.96545,
	1.71496 3.96545,
	1.70774 3.96635,
	1.69329 3.97177,
	1.68606 3.97358,
	1.65716 3.98712,
	1.64271 3.99074,
	1.61381 3.99074,
	1.59936 3.98803,
	1.59575 3.98803,
	1.56776 3.97538,
	1.55331 3.96635,
	1.54699 3.96184,
	1.53525 3.94919,
	1.53254 3.94558,
	1.53163 3.93113,
	1.52892 3.91668,
	1.52892 3.91307,
	1.52441 3.89862,
	1.52441 3.89591,
	"/>
</Transform>

<Transform dim="0"
 xcoef=" 0 1 0 0 0 0"
 ycoef=" 0 0 1 0 0 0">
<Contour name="d03cfa27" hidden="false" closed="false" simplified="false" border="0 1 0.251" fill="0 1 0" mode="11"
 points="1.52183 3.89512,
	1.59498 3.94388,
	1.65277 3.94659,
	1.7187 3.95201,
	1.76476 3.96014,
	1.83429 3.98542,
	1.86861 3.96375,
	"/>
</Transform>

<Transform dim="0"
 xcoef=" 0 1 0 0 0 0"
 ycoef=" 0 0 1 0 0 0">
<Contour name="Ax02" hidden="false" closed="true" simplified="true" border="0.501961 0 1" fill="0.5 0 1" mode="11"
 points="7.84102 5.79012,
	7.85933 5.76082,
	7.87398 5.74617,
	7.90328 5.73519,
	7.93257 5.73152,
	8.04977 5.74251,
	8.07907 5.74617,
	8.09372 5.74617,
	8.15231 5.76815,
	8.21091 5.79744,
	8.26584 5.83773,
	8.29514 5.85604,
	8.30613 5.86703,
	8.31345 5.92563,
	8.33543 5.98422,
	8.33909 5.99887,
	8.36106 6.02817,
	8.36839 6.04282,
	8.37571 6.10142,
	8.37205 6.13072,
	8.39769 6.15635,
	8.42699 6.17466,
	8.44164 6.18565,
	8.4746 6.24425,
	8.52221 6.29186,
	8.55151 6.30651,
	8.59912 6.35412,
	8.62475 6.37609,
	8.64306 6.40173,
	8.6687 6.43102,
	8.698 6.44934,
	8.7273 6.46032,
	8.75659 6.47863,
	8.78589 6.50427,
	8.80054 6.5116,
	8.82984 6.51526,
	8.85914 6.53357,
	8.88478 6.55921,
	8.88844 6.5885,
	8.93239 6.64344,
	8.93605 6.67274,
	8.95436 6.70204,
	8.95436 6.73133,
	8.94704 6.74598,
	8.94704 6.77528,
	8.94337 6.78993,
	8.91774 6.81923,
	8.90309 6.83022,
	8.87379 6.83754,
	8.84449 6.83754,
	8.78956 6.80458,
	8.73096 6.79726,
	8.71631 6.79726,
	8.70166 6.78993,
	8.67236 6.78627,
	8.64306 6.77528,
	8.62841 6.77162,
	8.59912 6.74965,
	8.56982 6.73866,
	8.55517 6.73866,
	8.54784 6.73866,
	8.54418 6.73133,
	8.51488 6.72035,
	8.48558 6.70204,
	8.47093 6.69837,
	8.44164 6.68006,
	8.42699 6.66908,
	8.40867 6.6471,
	8.35374 6.62513,
	8.3281 6.60682,
	8.30247 6.57752,
	8.29514 6.57386,
	8.28416 6.54456,
	8.25852 6.51892,
	8.23288 6.50427,
	8.18527 6.44934,
	8.15598 6.42736,
	8.11203 6.36877,
	8.09005 6.31017,
	8.09738 6.25157,
	8.10104 6.22227,
	8.09738 6.19297,
	8.07174 6.13804,
	8.05709 6.10874,
	8.05343 6.10142,
	8.04611 6.10142,
	7.9985 6.05747,
	7.97286 6.03183,
	7.94356 6.01352,
	7.91792 5.98422,
	7.89229 5.96591,
	7.88496 5.95126,
	7.88863 5.89266,
	7.89229 5.889,
	7.88496 5.87435,
	7.85567 5.85604,
	7.84102 5.84139,
	7.84102 5.81209,
	7.84102 5.79744,
	7.84102 5.79378,
	"/>
</Transform>

<Transform dim="0"
 xcoef=" 0 1 0 0 0 0"
 ycoef=" 0 0 1 0 0 0">
<Contour name="Ax02B03ssvr1" hidden="false" closed="true" simplified="false" border="0.5 0 1" fill="0.5 0 1" mode="-9"
 points="8.80427 6.60231,
	8.79329 6.59865,
	8.80427 6.59499,
	8.79695 6.584,
	8.80793 6.59132,
	8.8116 6.58034,
	8.81526 6.59132,
	8.82625 6.584,
	8.81892 6.59499,
	8.82991 6.59865,
	8.81892 6.60231,
	8.82625 6.6133,
	8.81526 6.60597,
	8.8116 6.61696,
	8.80793 6.60597,
	8.79695 6.6133,
	"/>
<Contour name="Ax02B03ssvr2" hidden="false" closed="true" simplified="false" border="0.5 0 1" fill="0.5 0 1" mode="-9"
 points="8.62848 6.64992,
	8.61749 6.64626,
	8.62848 6.6426,
	8.62116 6.63161,
	8.63214 6.63893,
	8.63581 6.62795,
	8.63947 6.63893,
	8.65046 6.63161,
	8.64313 6.6426,
	8.65412 6.64626,
	8.64313 6.64992,
	8.65046 6.66091,
	8.63947 6.65358,
	8.63581 6.66457,
	8.63214 6.65358,
	8.62116 6.66091,
	"/>
</Transform>

<Transform dim="0"
 xcoef=" 0 1 0 0 0 0"
 ycoef=" 0 0 1 0 0 0">
<Contour name="Ax06" hidden="false" closed="true" simplified="true" border="0 0 1" fill="0 0 1" mode="-11"
 points="3.84386 6.67207,
	3.86261 6.6502,
	3.91262 6.61895,
	3.95949 6.6002,
	3.98449 6.59395,
	3.99074 6.5877,
	4.01574 6.57832,
	4.04074 6.5752,
	4.05325 6.5752,
	4.06575 6.58145,
	4.11575 6.5752,
	4.21575 6.5752,
	4.26575 6.5877,
	4.31575 6.5877,
	4.34075 6.60332,
	4.347 6.61582,
	4.38763 6.6627,
	4.39701 6.6752,
	4.40326 6.68145,
	4.40951 6.70645,
	4.41576 6.71895,
	4.41263 6.74395,
	4.41263 6.75645,
	4.36888 6.79708,
	4.347 6.8127,
	4.32825 6.83458,
	4.31575 6.84083,
	4.3095 6.84708,
	4.2095 6.87833,
	4.1595 6.88145,
	4.1345 6.8752,
	4.12825 6.86895,
	4.07825 6.86583,
	4.05325 6.85958,
	4.00324 6.83145,
	3.95324 6.80958,
	3.93762 6.7877,
	3.92512 6.78145,
	3.90012 6.78145,
	3.88762 6.78145,
	3.86261 6.76895,
	3.84699 6.74708,
	3.84386 6.69707,
	3.84386 6.6752,
	"/>
</Transform>

<Transform dim="0"
 xcoef=" 0 1 0 0 0 0"
 ycoef=" 0 0 1 0 0 0">
<Contour name="Ax06B03ssvr1" hidden="false" closed="true" simplified="false" border="0.5 0 1" fill="0.5 0 1" mode="-9"
 points="3.9476 6.66358,
	3.93822 6.66046,
	3.9476 6.65733,
	3.94135 6.64796,
	3.95072 6.65421,
	3.95385 6.64483,
	3.95697 6.65421,
	3.96635 6.64796,
	3.9601 6.65733,
	3.96947 6.66046,
	3.9601 6.66358,
	3.96635 6.67296,
	3.95697 6.66671,
	3.95385 6.67608,
	3.95072 6.66671,
	3.94135 6.67296,
	"/>
</Transform>

<Transform dim="0"
 xcoef=" 0 1 0 0 0 0"
 ycoef=" 0 0 1 0 0 0">
<Contour name="d06" hidden="false" closed="true" simplified="true" border="0 0 1" fill="0 0 1" mode="11"
 points="3.53167 1.60668,
	3.54682 1.589,
	3.56703 1.58647,
	3.57714 1.589,
	3.58219 1.589,
	3.58724 1.60921,
	3.58472 1.61931,
	3.57714 1.62689,
	3.57461 1.63194,
	3.53419 1.62942,
	3.53167 1.60921,
	"/>
<Contour name="d06" hidden="false" closed="true" simplified="true" border="0 0 1" fill="0 0 1" mode="11"
 points="3.96113 1.82646,
	3.97628 1.78857,
	3.98891 1.76836,
	4.02428 1.73047,
	4.03186 1.72036,
	4.07228 1.70268,
	4.09249 1.6951,
	4.10259 1.69005,
	4.10765 1.69005,
	4.1127 1.68499,
	4.1228 1.68247,
	4.12786 1.67742,
	4.13796 1.67489,
	4.14301 1.67489,
	4.14807 1.66984,
	4.18849 1.65973,
	4.2087 1.64963,
	4.2188 1.64205,
	4.22385 1.64205,
	4.29711 1.59405,
	4.37795 1.59658,
	4.39816 1.60163,
	4.40827 1.60163,
	4.42595 1.61173,
	4.46132 1.64205,
	4.50174 1.65721,
	4.52195 1.66731,
	4.527 1.66731,
	4.53711 1.67489,
	4.54216 1.67489,
	4.55984 1.6951,
	4.56489 1.7052,
	4.56489 1.72541,
	4.56489 1.73552,
	4.56489 1.74057,
	4.58005 1.76078,
	4.58258 1.77089,
	4.59774 1.7911,
	4.60026 1.81131,
	4.60026 1.82141,
	4.59521 1.83152,
	4.59521 1.83657,
	4.59016 1.84162,
	4.59016 1.84667,
	4.58258 1.85678,
	4.5851 1.8972,
	4.5851 1.91741,
	4.57247 1.95783,
	4.56742 1.97804,
	4.56742 1.99825,
	4.55984 2.00835,
	4.55226 2.0134,
	4.54721 2.05382,
	4.54974 2.07403,
	4.55732 2.09424,
	4.57753 2.10435,
	4.58763 2.10687,
	4.59774 2.11445,
	4.60531 2.13466,
	4.60026 2.15487,
	4.56237 2.17761,
	4.54216 2.18266,
	4.50174 2.18013,
	4.46132 2.16245,
	4.4209 2.15487,
	4.38048 2.13972,
	4.36027 2.12708,
	4.34259 2.11951,
	4.32238 2.11951,
	4.28196 2.11193,
	4.26175 2.10435,
	4.25164 2.10435,
	4.24659 2.0993,
	4.22638 2.09424,
	4.18596 2.07151,
	4.1708 2.05382,
	4.16322 2.04877,
	4.15312 2.03867,
	4.14301 2.03614,
	4.13291 2.02856,
	4.1228 2.02604,
	4.1127 2.01846,
	4.10765 2.0134,
	4.09754 2.01088,
	4.08744 2.0033,
	4.08238 2.0033,
	4.07733 1.99825,
	4.05712 1.99319,
	4.05207 1.99319,
	4.03186 1.97804,
	4.02933 1.96793,
	4.02176 1.95783,
	4.02176 1.93762,
	4.03186 1.91993,
	4.03186 1.90983,
	4.02176 1.88962,
	3.98639 1.86183,
	3.98134 1.86183,
	3.96365 1.84667,
	3.96113 1.82899,
	"/>
</Transform>

<Transform dim="0"
 xcoef=" 0 1 0 0 0 0"
 ycoef=" 0 0 1 0 0 0">
<Contour name="d06" hidden="false" closed="true" simplified="true" border="0 0 1" fill="0 0 1" mode="11"
 points="3.38515 1.61426,
	3.39525 1.59405,
	3.41546 1.58647,
	3.43567 1.58395,
	3.45588 1.58647,
	3.46599 1.59152,
	3.47609 1.60163,
	3.48619 1.5991,
	3.5064 1.60415,
	3.51651 1.60921,
	3.52409 1.61931,
	3.52156 1.63952,
	3.51651 1.64963,
	3.48114 1.67489,
	3.46093 1.67489,
	3.44072 1.66984,
	3.42809 1.65973,
	3.40788 1.65468,
	3.40283 1.65468,
	3.38515 1.63447,
	3.38515 1.61679,
	"/>
</Transform>

<Transform dim="0"
 xcoef=" 0 1 0 0 0 0"
 ycoef=" 0 0 1 0 0 0">
<Contour name="d06p15" hidden="false" closed="true" simplified="false" border="1 1 0" fill="1 1 0" mode="-13"
 points="4.49342 2.08732,
	4.49342 2.03583,
	4.44193 2.03583,
	4.44193 2.08089,
	4.43549 2.08732,
	4.43549 2.02939,
	4.49986 2.02939,
	4.49986 2.09376,
	4.43549 2.09376,
	4.44193 2.08732,
	"/>
</Transform>

<Transform dim="0"
 xcoef=" 0 1 0 0 0 0"
 ycoef=" 0 0 1 0 0 0">
<Contour name="d09" hidden="false" closed="true" simplified="true" border="0 1 0" fill="0 1 0" mode="11"
 points="0.879713 1.98957,
	0.884014 1.95516,
	0.894769 1.92074,
	0.901221 1.88633,
	0.903372 1.87772,
	0.920579 1.86482,
	0.927032 1.85837,
	0.935636 1.85621,
	0.944239 1.84976,
	0.978653 1.83471,
	0.99586 1.83471,
	1.01307 1.8304,
	1.04748 1.8304,
	1.05609 1.8304,
	1.0905 1.84546,
	1.0948 1.84976,
	1.12922 1.85837,
	1.14642 1.86482,
	1.16363 1.87557,
	1.17438 1.88418,
	1.19159 1.88418,
	1.2088 1.89063,
	1.2174 1.89493,
	1.25182 1.89708,
	1.26902 1.90353,
	1.27548 1.91214,
	1.27978 1.91644,
	1.27332 1.98527,
	1.26902 2.00248,
	1.26472 2.00678,
	1.26472 2.01538,
	1.25827 2.03259,
	1.25182 2.04119,
	1.24751 2.0584,
	1.23891 2.07561,
	1.23891 2.07991,
	1.23461 2.08421,
	1.23461 2.08851,
	1.2174 2.10142,
	1.18299 2.11647,
	1.16578 2.12938,
	1.13137 2.14443,
	1.09695 2.14228,
	1.07974 2.13583,
	1.04533 2.13368,
	1.01092 2.13798,
	0.993709 2.13798,
	0.976502 2.13153,
	0.959295 2.12077,
	0.948541 2.10357,
	0.933485 2.08851,
	0.924881 2.08421,
	0.920579 2.07991,
	0.903372 2.07561,
	0.89692 2.0713,
	0.881863 2.0541,
	0.879713 2.01968,
	0.879713 2.00248,
	0.879713 1.99387,
	0.879713 1.99172,
	"/>
</Transform>

<Transform dim="0"
 xcoef=" 0 1 0 0 0 0"
 ycoef=" 0 0 1 0 0 0">
<Contour name="d03c23" hidden="false" closed="true" simplified="true" border="1 0 0" fill="1 0 0" mode="-11"
 points="2.09462 4.52434,
	2.09813 4.515,
	2.1063 4.50566,
	2.10864 4.50099,
	2.11097 4.49866,
	2.11331 4.48932,
	2.11447 4.48465,
	2.11331 4.44728,
	2.11564 4.43794,
	2.12031 4.4286,
	2.12265 4.41926,
	2.12615 4.41576,
	2.12732 4.41109,
	2.14133 4.39474,
	2.15884 4.38307,
	2.16118 4.3819,
	2.16935 4.39007,
	2.17402 4.39474,
	2.17402 4.40408,
	2.17052 4.41342,
	2.16351 4.42276,
	2.15534 4.44145,
	2.1495 4.46013,
	2.146 4.47881,
	2.14483 4.49749,
	2.14133 4.51617,
	2.13782 4.52551,
	2.13199 4.53485,
	2.12381 4.54186,
	2.11447 4.54302,
	2.10513 4.54186,
	2.09579 4.53602,
	2.09462 4.52668,
	2.09462 4.52551,
	"/>
<Contour name="d03cfa23" hidden="false" closed="false" simplified="false" border="0 1 1" fill="0 1 1" mode="-9"
 points="2.16616 4.38702,
	2.14609 4.41332,
	2.1357 4.45485,
	2.12532 4.50537,
	2.12463 4.53651,
	"/>
</Transform>

<Transform dim="0"
 xcoef=" 0 1 0 0 0 0"
 ycoef=" 0 0 1 0 0 0">
<Contour name="d06ax11" hidden="false" closed="true" simplified="true" border="0 1 1" fill="0 1 1" mode="-11"
 points="3.65229 0.407487,
	3.65461 0.3982,
	3.65461 0.395878,
	3.66042 0.38659,
	3.66971 0.377303,
	3.67899 0.371498,
	3.69757 0.364533,
	3.73472 0.358728,
	3.74401 0.357567,
	3.75329 0.354084,
	3.76258 0.34828,
	3.78115 0.341314,
	3.79973 0.343636,
	3.8183 0.351762,
	3.83688 0.356406,
	3.84617 0.357567,
	3.85545 0.363372,
	3.8601 0.368015,
	3.86474 0.377303,
	3.86474 0.379625,
	3.87055 0.388912,
	3.87867 0.3982,
	3.88216 0.402843,
	3.88448 0.412131,
	3.88448 0.421418,
	3.87867 0.439993,
	3.87867 0.444637,
	3.87055 0.463212,
	3.86939 0.472499,
	3.87055 0.481787,
	3.87403 0.491074,
	3.87983 0.500362,
	3.89493 0.518937,
	3.89725 0.521258,
	3.89609 0.539833,
	3.88796 0.54796,
	3.88332 0.551443,
	3.88099 0.553764,
	3.87171 0.557247,
	3.86706 0.559569,
	3.82991 0.558408,
	3.79276 0.553764,
	3.75561 0.543316,
	3.74633 0.538672,
	3.7382 0.529385,
	3.73356 0.524741,
	3.71498 0.513132,
	3.69641 0.505005,
	3.68712 0.495718,
	3.66971 0.458568,
	3.66622 0.449281,
	3.6639 0.444637,
	3.65577 0.435349,
	3.65229 0.426062,
	3.65229 0.408648,
	"/>
</Transform>

</Section>