<?xml version="1.0"?>
<!DOCTYPE Section SYSTEM "section.dtd">

<Section index="20" thickness="0.038" alignLocked="true">
<Transform dim="0"
 xcoef=" 0 1 0 0 0 0"
 ycoef=" 0 0 1 0 0 0">
<Contour name="D02" hidden="false" closed="true" simplified="true" border="0.5 0 1" fill="0.5 0 1" mode="-9"
 points="4.53075 5.68115,
	4.53727 5.62699,
	4.55651 5.57546,
	4.58755 5.52904,
	4.62887 5.48998,
	4.67849 5.46018,
	4.734 5.44107,
	4.7927 5.43359,
	4.85177 5.43809,
	4.90833 5.45436,
	4.95966 5.4816,
	5.00327 5.5185,
	5.03704 5.56328,
	5.05934 5.61376,
	5.0691 5.66751,
	5.06583 5.72192,
	5.04971 5.77435,
	5.0215 5.82227,
	4.98257 5.86336,
	4.93482 5.89563,
	4.88054 5.91752,
	4.82237 5.92796,
	4.76313 5.92646,
	4.70567 5.91309,
	4.65279 5.88848,
	4.60704 5.85384,
	4.57064 5.81084,
	4.54534 5.76157,
	"/>
</Transform>

<Transform dim="0"
 xcoef=" 0 1 0 0 0 0"
 ycoef=" 0 0 1 0 0 0">
<Contour name="D03" hidden="false" closed="true" simplified="true" border="1 0 0.5" fill="1 0 0.5" mode="-9"
 points="3.86164 5.04246,
	3.86949 4.98848,
	3.89249 4.93818,
	3.92909 4.89499,
	3.97678 4.86185,
	4.03232 4.84101,
	4.09192 4.83391,
	4.15152 4.84101,
	4.20705 4.86185,
	4.25475 4.89499,
	4.29134 4.93818,
	4.31435 4.98848,
	4.32219 5.04246,
	4.31435 5.09644,
	4.29134 5.14674,
	4.25475 5.18993,
	4.20705 5.22307,
	4.15152 5.24391,
	4.09192 5.25101,
	4.03232 5.24391,
	3.97678 5.22307,
	3.92909 5.18993,
	3.89249 5.14674,
	"/>
</Transform>

<Transform dim="0"
 xcoef=" 0 1 0 0 0 0"
 ycoef=" 0 0 1 0 0 0">
<Contour name="D04" hidden="false" closed="true" simplified="true" border="1 0 0" fill="1 0 0" mode="-9"
 points="1.75873 6.6544,
	1.76809 6.60741,
	1.79524 6.56501,
	1.83754 6.53137,
	1.89083 6.50977,
	1.94991 6.50233,
	2.00898 6.50977,
	2.06228 6.53137,
	2.10457 6.56501,
	2.13172 6.60741,
	2.14108 6.6544,
	2.13172 6.70139,
	2.10457 6.74378,
	2.06228 6.77742,
	2.00898 6.79902,
	1.94991 6.80647,
	1.89083 6.79902,
	1.83754 6.77742,
	1.79524 6.74378,
	"/>
</Transform>

<Transform dim="0"
 xcoef=" 0 1 0 0 0 0"
 ycoef=" 0 0 1 0 0 0">
<Contour name="D05" hidden="false" closed="true" simplified="true" border="1 1 0" fill="1 1 0" mode="-9"
 points="3.47929 8.13165,
	3.48906 8.07782,
	3.51752 8.02856,
	3.56227 7.98804,
	3.61951 7.9597,
	3.68438 7.94594,
	3.7514 7.94793,
	3.81486 7.96549,
	3.8694 7.99715,
	3.91038 8.04021,
	3.93434 8.09102,
	3.93923 8.14528,
	3.92465 8.19839,
	3.89183 8.24583,
	3.84356 8.28359,
	3.78392 8.30847,
	3.71798 8.31835,
	3.65132 8.3124,
	3.58961 8.29112,
	3.53807 8.25632,
	3.50107 8.21095,
	"/>
</Transform>

<Transform dim="0"
 xcoef=" 0 1 0 0 0 0"
 ycoef=" 0 0 1 0 0 0">
<Contour name="D07" hidden="false" closed="true" simplified="true" border="1 0 1" fill="1 0 1" mode="-9"
 points="4.09626 2.61804,
	4.10396 2.56397,
	4.12662 2.51304,
	4.16291 2.46821,
	4.21074 2.4321,
	4.26731 2.40679,
	4.32935 2.39375,
	4.39324 2.39375,
	4.45528 2.40679,
	4.51185 2.4321,
	4.55968 2.46821,
	4.59597 2.51304,
	4.61863 2.56397,
	4.62633 2.61804,
	4.61863 2.6721,
	4.59597 2.72303,
	4.55968 2.76786,
	4.51185 2.80397,
	4.45528 2.82929,
	4.39324 2.84232,
	4.32935 2.84232,
	4.26731 2.82929,
	4.21074 2.80397,
	4.16291 2.76786,
	4.12662 2.72303,
	4.10396 2.6721,
	"/>
</Transform>

<Transform dim="0"
 xcoef=" 0 1 0 0 0 0"
 ycoef=" 0 0 1 0 0 0">
<Contour name="D08" hidden="false" closed="true" simplified="true" border="1 0 0" fill="1 0 0" mode="-9"
 points="6.43379 1.93155,
	6.44136 1.87763,
	6.46352 1.8277,
	6.49861 1.78548,
	6.54405 1.75409,
	6.59645 1.73587,
	6.65193 1.73215,
	6.70638 1.74323,
	6.75576 1.76827,
	6.7964 1.80542,
	6.8253 1.85192,
	6.8403 1.90433,
	6.8403 1.95876,
	6.8253 2.01118,
	6.7964 2.05768,
	6.75576 2.09483,
	6.70638 2.11987,
	6.65193 2.13095,
	6.59645 2.12723,
	6.54405 2.109,
	6.49861 2.07762,
	6.46352 2.0354,
	6.44136 1.98547,
	"/>
</Transform>

<Transform dim="0"
 xcoef=" 0 1 0 0 0 0"
 ycoef=" 0 0 1 0 0 0">
<Contour name="D10" hidden="false" closed="true" simplified="true" border="0 1 1" fill="0 1 1" mode="-9"
 points="4.13102 6.9933,
	4.13859 6.93222,
	4.16073 6.87587,
	4.19571 6.82862,
	4.24083 6.79413,
	4.29259 6.77508,
	4.34697 6.77292,
	4.39978 6.78784,
	4.44691 6.81868,
	4.48472 6.86305,
	4.51026 6.91751,
	4.52158 6.97784,
	4.51778 7.03937,
	4.49917 7.09732,
	4.46718 7.14722,
	4.4243 7.1852,
	4.37384 7.2083,
	4.31971 7.21475,
	4.26612 7.20404,
	4.21721 7.177,
	4.17676 7.13573,
	4.14792 7.08342,
	"/>
</Transform>

<Transform dim="0"
 xcoef=" 0 1 0 0 0 0"
 ycoef=" 0 0 1 0 0 0">
<Contour name="D11" hidden="false" closed="true" simplified="true" border="1 0.5 0" fill="1 0.5 0" mode="-9"
 points="5.19116 3.10031,
	5.20088 3.04657,
	5.22913 2.99783,
	5.27328 2.95864,
	5.32922 2.93266,
	5.39173 2.92231,
	5.45498 2.92854,
	5.51308 2.95079,
	5.56061 2.98697,
	5.59315 3.03372,
	5.60766 3.08668,
	5.60278 3.1409,
	5.57898 3.19135,
	5.53847 3.2333,
	5.48503 3.26287,
	5.42363 3.27728,
	5.36001 3.27519,
	5.30008 3.25681,
	5.24945 3.22384,
	5.21282 3.17936,
	"/>
</Transform>

<Transform dim="0"
 xcoef=" 0 1 0 0 0 0"
 ycoef=" 0 0 1 0 0 0">
<Contour name="D12" hidden="false" closed="true" simplified="true" border="0.5 0 1" fill="0.5 0 1" mode="-9"
 points="6.71186 6.14605,
	6.72018 6.09202,
	6.74464 6.04139,
	6.78369 5.99734,
	6.83488 5.96263,
	6.89499 5.93944,
	6.96025 5.92924,
	7.02656 5.93266,
	7.08974 5.94948,
	7.14583 5.97866,
	7.19131 6.01836,
	7.22332 6.06608,
	7.23984 6.11882,
	7.23984 6.17328,
	7.22332 6.22602,
	7.19131 6.27374,
	7.14583 6.31344,
	7.08974 6.34262,
	7.02656 6.35945,
	6.96025 6.36286,
	6.89499 6.35266,
	6.83488 6.32947,
	6.78369 6.29476,
	6.74464 6.25071,
	6.72018 6.20008,
	"/>
</Transform>

<Transform dim="0"
 xcoef=" 0 1 0 0 0 0"
 ycoef=" 0 0 1 0 0 0">
<Contour name="mito1" hidden="false" closed="false" simplified="true" border="1 0.5 0" fill="1 0.5 0" mode="-9"
 points="1.79274 2.59695,
	1.82577 2.35086,
	"/>
</Transform>

<Transform dim="0"
 xcoef=" 0 1 0 0 0 0"
 ycoef=" 0 0 1 0 0 0">
<Contour name="d01" hidden="false" closed="true" simplified="true" border="1 0.5 0" fill="1 0.5 0" mode="11"
 points="5.58744 5.70603,
	5.592 5.69387,
	5.59961 5.68171,
	5.61177 5.67106,
	5.61785 5.6665,
	5.61633 5.66042,
	5.61177 5.65434,
	5.60873 5.64218,
	5.60873 5.61785,
	5.61329 5.60569,
	5.61481 5.59961,
	5.63305 5.57528,
	5.6361 5.5692,
	5.63762 5.54487,
	5.63762 5.53271,
	5.64218 5.52055,
	5.66498 5.49622,
	5.71364 5.46429,
	5.71972 5.46125,
	5.73644 5.43692,
	5.75621 5.4126,
	5.78053 5.38979,
	5.79118 5.37763,
	5.79878 5.36547,
	5.80182 5.35938,
	5.80334 5.34722,
	5.80486 5.34114,
	5.8155 5.32898,
	5.8231 5.31681,
	5.82614 5.30465,
	5.83223 5.29249,
	5.83679 5.2864,
	5.83831 5.28032,
	5.83375 5.27424,
	5.83071 5.2712,
	5.82766 5.2712,
	5.82158 5.26512,
	5.82158 5.25904,
	5.84591 5.24535,
	5.85807 5.23775,
	5.87024 5.22711,
	5.87784 5.21495,
	5.87936 5.20278,
	5.88696 5.19214,
	5.91129 5.17694,
	5.92345 5.16781,
	5.93561 5.16173,
	5.94473 5.14957,
	5.9569 5.14045,
	5.96906 5.13741,
	5.98122 5.13741,
	6.00555 5.1298,
	6.01771 5.12372,
	6.02988 5.12068,
	6.03292 5.12068,
	6.039 5.11612,
	6.04508 5.1146,
	6.06941 5.09636,
	6.09373 5.07507,
	6.11806 5.05835,
	6.14239 5.03858,
	6.16671 5.03402,
	6.17888 5.02642,
	6.18496 5.02338,
	6.1956 5.01121,
	6.20776 5.00209,
	6.21993 4.99601,
	6.24425 4.99297,
	6.25033 4.99145,
	6.25642 4.98689,
	6.28074 4.97777,
	6.28682 4.97472,
	6.29899 4.96256,
	6.32331 4.9504,
	6.32939 4.94888,
	6.34156 4.94128,
	6.36588 4.93215,
	6.39021 4.91847,
	6.40237 4.91239,
	6.4267 4.90479,
	6.43886 4.89718,
	6.44494 4.8911,
	6.45711 4.88806,
	6.46927 4.89262,
	6.47535 4.89566,
	6.48752 4.89566,
	6.49968 4.8911,
	6.50576 4.88958,
	6.52705 4.86526,
	6.53313 4.8607,
	6.54529 4.85765,
	6.55593 4.84701,
	6.56962 4.82269,
	6.57418 4.81812,
	6.57266 4.81204,
	6.56962 4.809,
	6.56353 4.81204,
	6.56049 4.80596,
	6.56049 4.78163,
	6.55289 4.75731,
	6.55289 4.74515,
	6.55137 4.73906,
	6.53313 4.71474,
	6.5088 4.69497,
	6.50576 4.69193,
	6.50272 4.69193,
	6.49968 4.68889,
	6.48752 4.68585,
	6.47535 4.67977,
	6.46927 4.67673,
	6.44494 4.68433,
	6.42062 4.67977,
	6.40845 4.67369,
	6.39933 4.66152,
	6.39629 4.65848,
	6.39477 4.64632,
	6.38869 4.63416,
	6.38565 4.62199,
	6.38717 4.60983,
	6.38717 4.60375,
	6.39021 4.60071,
	6.39021 4.58854,
	6.38413 4.58398,
	6.38109 4.5779,
	6.38413 4.55358,
	6.38261 4.52925,
	6.37805 4.51709,
	6.37501 4.511,
	6.37501 4.50492,
	6.37501 4.50188,
	6.38565 4.48972,
	6.38869 4.47756,
	6.40085 4.46539,
	6.40693 4.45931,
	6.4191 4.45171,
	6.42974 4.43955,
	6.43278 4.43346,
	6.43126 4.40914,
	6.42974 4.39698,
	6.42518 4.38481,
	6.42366 4.36049,
	6.42366 4.34832,
	6.4191 4.33616,
	6.41606 4.33008,
	6.4191 4.30575,
	6.4267 4.29359,
	6.45103 4.27534,
	6.46167 4.26318,
	6.46319 4.2571,
	6.46775 4.25102,
	6.46927 4.24494,
	6.47839 4.23277,
	6.49056 4.22365,
	6.49664 4.21909,
	6.5088 4.21605,
	6.52096 4.22061,
	6.53313 4.22213,
	6.54529 4.22061,
	6.55745 4.21605,
	6.56353 4.21301,
	6.5757 4.21149,
	6.58178 4.21149,
	6.59394 4.21757,
	6.60002 4.22061,
	6.62435 4.21605,
	6.63651 4.21909,
	6.6426 4.22213,
	6.66692 4.22517,
	6.67908 4.22061,
	6.69125 4.22061,
	6.70341 4.21757,
	6.71557 4.21909,
	6.72166 4.22365,
	6.74598 4.23277,
	6.75206 4.23429,
	6.76423 4.24342,
	6.78855 4.24494,
	6.80072 4.24342,
	6.80376 4.24342,
	6.82808 4.22365,
	6.83416 4.22061,
	6.84633 4.22061,
	6.85241 4.22517,
	6.87674 4.22821,
	6.8889 4.22821,
	6.91322 4.22061,
	6.92539 4.21301,
	6.92691 4.20693,
	6.92539 4.20084,
	6.94971 4.18716,
	6.97404 4.17804,
	7.02269 4.17804,
	7.04702 4.17804,
	7.05918 4.17804,
	7.07135 4.175,
	7.09567 4.15979,
	7.10784 4.14763,
	7.11392 4.14307,
	7.12 4.14307,
	7.13216 4.15067,
	7.14432 4.15067,
	7.16865 4.13699,
	7.18081 4.13091,
	7.1869 4.12939,
	7.19298 4.12483,
	7.2173 4.1233,
	7.22947 4.12178,
	7.23251 4.11874,
	7.25683 4.11874,
	7.269 4.11874,
	7.28116 4.12178,
	7.28724 4.12178,
	7.2994 4.12787,
	7.30549 4.13243,
	7.32981 4.13547,
	7.37847 4.13547,
	7.39063 4.13547,
	7.41495 4.11874,
	7.42712 4.1081,
	7.4408 4.08529,
	7.45296 4.08073,
	7.47729 4.06705,
	7.50162 4.05945,
	7.5077 4.05641,
	7.51986 4.05641,
	7.54419 4.06249,
	7.56851 4.07465,
	7.58068 4.08073,
	7.59284 4.08986,
	7.605 4.09138,
	7.61717 4.09746,
	7.62325 4.1005,
	7.64605 4.12483,
	7.64605 4.12787,
	7.65062 4.13395,
	7.65214 4.14003,
	7.66126 4.15067,
	7.65974 4.16283,
	7.65214 4.175,
	7.65214 4.18716,
	7.6795 4.23581,
	7.70079 4.26014,
	7.70687 4.2723,
	7.70991 4.29663,
	7.71143 4.30879,
	7.71599 4.32096,
	7.72663 4.33008,
	7.7388 4.34224,
	7.74792 4.3544,
	7.7464 4.36657,
	7.74488 4.36961,
	7.76312 4.39241,
	7.76617 4.39393,
	7.77833 4.38937,
	7.79049 4.38937,
	7.80265 4.39393,
	7.81482 4.40154,
	7.8285 4.42586,
	7.84066 4.43651,
	7.85283 4.44107,
	7.85587 4.44107,
	7.86803 4.45323,
	7.88019 4.47756,
	7.88628 4.48972,
	7.8878 4.50188,
	7.8878 4.50796,
	7.88019 4.52013,
	7.85587 4.53381,
	7.84371 4.54445,
	7.81938 4.5551,
	7.80722 4.56118,
	7.79505 4.57182,
	7.77073 4.5855,
	7.76464 4.58854,
	7.754 4.60071,
	7.75248 4.60679,
	7.75248 4.60983,
	7.75704 4.61591,
	7.76921 4.62199,
	7.77529 4.62503,
	7.77985 4.63112,
	7.77985 4.6372,
	7.78897 4.64936,
	7.79049 4.65544,
	7.78897 4.66152,
	7.77681 4.67217,
	7.72816 4.67521,
	7.71599 4.68129,
	7.70839 4.69345,
	7.70535 4.69649,
	7.70535 4.69953,
	7.69319 4.71018,
	7.66886 4.7193,
	7.64453 4.7421,
	7.5974 4.78163,
	7.58524 4.79076,
	7.56091 4.79076,
	7.54875 4.7938,
	7.53659 4.79988,
	7.5305 4.80292,
	7.5077 4.82573,
	7.49554 4.83029,
	7.49249 4.83029,
	7.48641 4.83485,
	7.46209 4.84093,
	7.44992 4.84245,
	7.43776 4.84701,
	7.43168 4.84853,
	7.4256 4.85309,
	7.42256 4.85461,
	7.42104 4.8607,
	7.40887 4.87134,
	7.40431 4.87742,
	7.40279 4.88958,
	7.39063 4.8987,
	7.3663 4.90023,
	7.36326 4.90023,
	7.3587 4.89414,
	7.35262 4.89262,
	7.34958 4.89262,
	7.34502 4.88654,
	7.34198 4.8835,
	7.33589 4.8835,
	7.32981 4.88654,
	7.31765 4.88654,
	7.30549 4.87742,
	7.29332 4.87134,
	7.28724 4.87286,
	7.27508 4.88046,
	7.26292 4.88502,
	7.23859 4.88654,
	7.21426 4.88502,
	7.20818 4.88502,
	7.18385 4.89414,
	7.15953 4.8987,
	7.15345 4.8987,
	7.14128 4.89262,
	7.11696 4.88958,
	7.10479 4.88958,
	7.08047 4.88198,
	7.07439 4.87894,
	7.06222 4.87894,
	7.05006 4.88502,
	7.02573 4.89262,
	7.01357 4.89414,
	6.96492 4.88958,
	6.86761 4.88806,
	6.77031 4.88198,
	6.72166 4.8835,
	6.69733 4.88502,
	6.64868 4.90175,
	6.63651 4.90631,
	6.61219 4.92151,
	6.58786 4.93215,
	6.5757 4.93215,
	6.56962 4.93215,
	6.54681 4.95496,
	6.52705 4.97929,
	6.47991 5.02642,
	6.45711 5.04618,
	6.4343 5.06291,
	6.42366 5.07507,
	6.42062 5.08115,
	6.40845 5.09027,
	6.40237 5.09484,
	6.39021 5.0994,
	6.38717 5.0994,
	6.36284 5.1222,
	6.35372 5.13437,
	6.34764 5.14653,
	6.34612 5.17086,
	6.3446 5.18302,
	6.34004 5.19518,
	6.33852 5.20734,
	6.33852 5.21343,
	6.33396 5.22559,
	6.33091 5.24992,
	6.33091 5.256,
	6.34004 5.28032,
	6.3522 5.29249,
	6.35676 5.29705,
	6.3598 5.30921,
	6.3598 5.33354,
	6.36132 5.3457,
	6.36132 5.34874,
	6.37044 5.3609,
	6.37501 5.37307,
	6.37653 5.39739,
	6.37501 5.40956,
	6.36284 5.43388,
	6.33852 5.45517,
	6.32635 5.46277,
	6.31419 5.46733,
	6.28986 5.47189,
	6.2777 5.47493,
	6.27162 5.47645,
	6.25946 5.4871,
	6.25642 5.49318,
	6.24425 5.5023,
	6.21993 5.51446,
	6.1956 5.52207,
	6.14695 5.54183,
	6.04964 5.57528,
	6.02532 5.58288,
	6.01923 5.5844,
	6.01315 5.58896,
	6.00707 5.59048,
	6.00403 5.59048,
	5.99795 5.59504,
	5.98579 5.59961,
	5.9797 5.60113,
	5.96754 5.60873,
	5.94321 5.61785,
	5.93105 5.62393,
	5.92497 5.62849,
	5.92193 5.62849,
	5.91585 5.63305,
	5.90977 5.63457,
	5.90673 5.63457,
	5.89456 5.64218,
	5.87024 5.65282,
	5.86415 5.65586,
	5.82006 5.70451,
	5.80638 5.72884,
	5.78357 5.75317,
	5.77141 5.76077,
	5.75925 5.76533,
	5.75317 5.76989,
	5.7486 5.78205,
	5.74708 5.78813,
	5.73796 5.8003,
	5.73492 5.80334,
	5.71059 5.80486,
	5.69843 5.80334,
	5.69235 5.80182,
	5.68931 5.79878,
	5.68627 5.79878,
	5.66498 5.77597,
	5.66194 5.77293,
	5.63762 5.76837,
	5.61329 5.76685,
	5.60113 5.76381,
	5.58896 5.75621,
	5.58744 5.70755,
	"/>
</Transform>

<Transform dim="0"
 xcoef=" 0 1 0 0 0 0"
 ycoef=" 0 0 1 0 0 0">
<Contour name="d01" hidden="false" closed="true" simplified="true" border="1 0.5 0" fill="1 0.5 0" mode="11"
 points="7.50766 4.97425,
	7.51122 4.96713,
	7.51834 4.96178,
	7.5219 4.95822,
	7.53614 4.95466,
	7.5397 4.9511,
	7.59668 4.94932,
	7.60558 4.93508,
	7.61982 4.92618,
	7.63406 4.92262,
	7.6483 4.9244,
	7.65543 4.92974,
	7.65899 4.9333,
	7.67323 4.9333,
	7.67679 4.93508,
	7.69103 4.92618,
	7.69459 4.92618,
	7.69815 4.92262,
	7.7124 4.92262,
	7.74088 4.92974,
	7.74444 4.9333,
	7.75156 4.93508,
	7.75512 4.93508,
	7.76937 4.94576,
	7.77649 4.95288,
	7.77827 4.98137,
	7.78005 4.99561,
	7.78005 4.99917,
	7.78361 5.00273,
	7.78361 5.00985,
	7.77827 5.0241,
	7.76403 5.03656,
	7.73554 5.03478,
	7.70706 5.02232,
	7.65008 5.02054,
	7.6216 5.01875,
	7.60736 5.02232,
	7.60024 5.02766,
	7.59311 5.02766,
	7.58599 5.0241,
	7.57887 5.01697,
	7.57175 5.01341,
	7.55751 5.01163,
	7.55395 5.01163,
	7.55039 5.00807,
	7.5219 5.00985,
	7.51478 5.00451,
	7.50944 4.99027,
	7.50766 4.97603,
	"/>
</Transform>

<Transform dim="0"
 xcoef=" 0 1 0 0 0 0"
 ycoef=" 0 0 1 0 0 0">
<Contour name="d01" hidden="false" closed="true" simplified="true" border="1 0.5 0" fill="1 0.5 0" mode="11"
 points="5.60626 4.55943,
	5.61873 4.53094,
	5.62763 4.5167,
	5.64187 4.5078,
	5.64899 4.50246,
	5.66145 4.49712,
	5.66858 4.49356,
	5.68104 4.48109,
	5.70952 4.46507,
	5.72377 4.46329,
	5.73089 4.45973,
	5.78786 4.46151,
	5.8021 4.46151,
	5.81634 4.46685,
	5.86975 4.50068,
	5.89824 4.51136,
	5.91248 4.5167,
	5.9196 4.52026,
	5.92316 4.52026,
	5.92672 4.52382,
	5.93028 4.52382,
	5.94275 4.53628,
	5.94631 4.54341,
	5.94631 4.57189,
	5.94097 4.58613,
	5.9196 4.61462,
	5.91426 4.62886,
	5.91248 4.63598,
	5.90892 4.63954,
	5.90714 4.64667,
	5.89646 4.66091,
	5.88578 4.67159,
	5.87866 4.67871,
	5.87509 4.68583,
	5.87509 4.70008,
	5.86975 4.71432,
	5.85551 4.72144,
	5.84127 4.725,
	5.82703 4.725,
	5.81278 4.71788,
	5.79854 4.71432,
	5.77005 4.71254,
	5.71308 4.69295,
	5.6846 4.68227,
	5.67748 4.67871,
	5.67392 4.67871,
	5.67036 4.67515,
	5.65611 4.67159,
	5.64187 4.66091,
	5.63475 4.65557,
	5.61695 4.62708,
	5.60804 4.5986,
	5.60626 4.57011,
	5.60626 4.56299,
	5.60626 4.56121,
	"/>
</Transform>

<Transform dim="0"
 xcoef=" 0 1 0 0 0 0"
 ycoef=" 0 0 1 0 0 0">
<Contour name="d01ser" hidden="false" closed="true" simplified="true" border="0 0.501961 0" fill="1 0.5 0" mode="11"
 points="7.22989 4.14667,
	7.23422 4.14234,
	7.25153 4.14234,
	7.26884 4.14667,
	7.271 4.14775,
	7.26776 4.1564,
	7.26343 4.15857,
	7.24612 4.15749,
	7.23747 4.15424,
	7.23314 4.15316,
	7.22989 4.14991,
	7.22989 4.14775,
	"/>
<Contour name="d01ser" hidden="false" closed="true" simplified="true" border="0 0.501961 0" fill="1 0.5 0" mode="11"
 points="6.93131 4.23105,
	6.9378 4.2224,
	6.94645 4.21482,
	6.96376 4.21374,
	6.96593 4.21482,
	6.97458 4.20833,
	6.98323 4.20833,
	6.98756 4.20941,
	6.99081 4.21807,
	6.97783 4.23538,
	6.97025 4.24403,
	6.9616 4.24728,
	6.95294 4.24728,
	6.93563 4.25377,
	6.93131 4.25269,
	6.93131 4.23538,
	6.93131 4.23213,
	"/>
</Transform>

<Transform dim="0"
 xcoef=" 0 1 0 0 0 0"
 ycoef=" 0 0 1 0 0 0">
<Contour name="d01ser" hidden="false" closed="true" simplified="true" border="0 0.501961 0" fill="1 0.5 0" mode="11"
 points="6.78093 4.29163,
	6.78959 4.28514,
	6.79824 4.28081,
	6.80257 4.27973,
	6.80473 4.27973,
	6.8123 4.27216,
	6.82096 4.26675,
	6.82529 4.26351,
	6.8426 4.25701,
	6.84692 4.25377,
	6.84909 4.25161,
	6.8664 4.25052,
	6.86856 4.25485,
	6.86856 4.25918,
	6.85991 4.26567,
	6.85233 4.27432,
	6.84368 4.28081,
	6.83502 4.28947,
	6.83178 4.29271,
	6.82961 4.29163,
	6.82096 4.29921,
	6.81663 4.30137,
	6.79932 4.30245,
	6.79067 4.30245,
	6.78201 4.29704,
	6.78093 4.29271,
	"/>
</Transform>

<Transform dim="0"
 xcoef=" 0 1 0 0 0 0"
 ycoef=" 0 0 1 0 0 0">
<Contour name="d01ser" hidden="false" closed="true" simplified="true" border="0 0.501961 0" fill="1 0.5 0" mode="11"
 points="7.43344 4.78711,
	7.44385 4.77047,
	7.45841 4.75383,
	7.4917 4.7351,
	7.52498 4.73718,
	7.54163 4.73718,
	7.54995 4.73926,
	7.55619 4.7455,
	7.55619 4.75383,
	7.55203 4.76215,
	7.54371 4.76839,
	7.51042 4.77255,
	7.49378 4.77671,
	7.48545 4.77879,
	7.45217 4.7996,
	7.43552 4.80168,
	7.43344 4.79335,
	7.43344 4.78919,
	"/>
<Contour name="d01ser" hidden="false" closed="true" simplified="true" border="0 0.501961 0" fill="1 0.5 0" mode="11"
 points="7.03608 4.82872,
	7.04232 4.8204,
	7.04648 4.81624,
	7.06312 4.81624,
	7.07977 4.82248,
	7.11305 4.8204,
	7.12138 4.8204,
	7.1297 4.81624,
	7.14634 4.81416,
	7.15466 4.81624,
	7.15882 4.81832,
	7.15882 4.82664,
	7.14426 4.83704,
	7.11097 4.83912,
	7.09433 4.83288,
	7.06104 4.83704,
	7.0444 4.83496,
	7.03608 4.83288,
	7.03608 4.8308,
	"/>
</Transform>

<Transform dim="0"
 xcoef=" 0 1 0 0 0 0"
 ycoef=" 0 0 1 0 0 0">
<Contour name="d01ser" hidden="false" closed="true" simplified="true" border="0 0.501961 0" fill="1 0.5 0" mode="11"
 points="6.60751 4.76007,
	6.61167 4.75591,
	6.62831 4.75591,
	6.64079 4.77047,
	6.64287 4.77879,
	6.64287 4.78295,
	6.64703 4.78503,
	6.63039 4.78919,
	6.61375 4.78711,
	6.60751 4.77879,
	6.60751 4.76215,
	"/>
</Transform>

<Transform dim="0"
 xcoef=" 0 1 0 0 0 0"
 ycoef=" 0 0 1 0 0 0">
<Contour name="d01ser" hidden="false" closed="true" simplified="true" border="0 0.501961 0" fill="1 0.5 0" mode="11"
 points="6.31753 5.01652,
	6.32046 5.01359,
	6.32193 5.00773,
	6.3439 4.98575,
	6.35562 4.97989,
	6.36735 4.97989,
	6.37321 4.98429,
	6.37467 4.99601,
	6.36295 5.00626,
	6.35709 5.00919,
	6.33365 5.03117,
	6.32193 5.03117,
	6.31753 5.02531,
	6.31753 5.01945,
	6.31753 5.01798,
	"/>
<Contour name="d01ser" hidden="false" closed="true" simplified="true" border="0 0.501961 0" fill="1 0.5 0" mode="11"
 points="5.86335 5.38279,
	5.87361 5.37107,
	5.87654 5.35935,
	5.878 5.35349,
	5.88386 5.3491,
	5.88972 5.3491,
	5.89705 5.36082,
	5.90291 5.36521,
	5.94833 5.33591,
	5.96005 5.32859,
	5.97177 5.32419,
	5.98202 5.31687,
	5.98056 5.311,
	5.9747 5.30661,
	5.96884 5.30514,
	5.96298 5.30075,
	5.96005 5.29489,
	5.96005 5.28317,
	5.96005 5.27731,
	5.96444 5.27145,
	5.96737 5.26852,
	5.99081 5.26852,
	5.99667 5.26852,
	6.00839 5.27584,
	6.02012 5.27438,
	6.067 5.24654,
	6.09044 5.22896,
	6.11242 5.20698,
	6.12267 5.19526,
	6.14465 5.17622,
	6.19153 5.14984,
	6.21497 5.14105,
	6.23842 5.13959,
	6.26186 5.14984,
	6.26772 5.15131,
	6.27358 5.1557,
	6.27651 5.15717,
	6.27651 5.16303,
	6.27358 5.16889,
	6.26186 5.17768,
	6.23842 5.18647,
	6.2267 5.1894,
	6.21644 5.19966,
	6.20911 5.21138,
	6.20472 5.2231,
	6.18274 5.24508,
	6.18128 5.26852,
	6.17835 5.28024,
	6.17395 5.2861,
	6.16809 5.28903,
	6.16223 5.28903,
	6.15051 5.29342,
	6.14758 5.29342,
	6.14318 5.29928,
	6.14318 5.311,
	6.14025 5.31687,
	6.12853 5.32566,
	6.10509 5.33884,
	6.08165 5.34324,
	6.05821 5.34324,
	6.04649 5.3447,
	6.04063 5.34763,
	6.04063 5.35935,
	6.04063 5.36521,
	6.04063 5.36814,
	6.03477 5.374,
	6.01132 5.38719,
	5.98788 5.39452,
	5.96444 5.39745,
	5.95272 5.40038,
	5.94686 5.40184,
	5.941 5.40624,
	5.93807 5.40917,
	5.91463 5.41649,
	5.90291 5.41942,
	5.89119 5.41942,
	5.88533 5.41796,
	5.8824 5.41796,
	5.87654 5.4121,
	5.87361 5.40624,
	5.86335 5.39891,
	5.86335 5.38719,
	5.86335 5.38426,
	"/>
<Contour name="d01ser" hidden="false" closed="true" simplified="true" border="0 0.501961 0" fill="1 0.5 0" mode="11"
 points="6.04356 5.39891,
	6.05235 5.38866,
	6.06407 5.38426,
	6.08751 5.38133,
	6.09923 5.374,
	6.10656 5.36668,
	6.11828 5.36668,
	6.12414 5.36668,
	6.13 5.37254,
	6.13146 5.3784,
	6.13 5.38426,
	6.11828 5.39159,
	6.09484 5.39891,
	6.08312 5.40624,
	6.08018 5.40917,
	6.06846 5.40917,
	6.0626 5.40917,
	6.05088 5.40477,
	6.04502 5.40331,
	6.04356 5.40038,
	"/>
</Transform>

<Transform dim="0"
 xcoef=" 0 1 0 0 0 0"
 ycoef=" 0 0 1 0 0 0">
<Contour name="d01mito01" hidden="false" closed="true" simplified="true" border="0 0.25098 0.501961" fill="0.5 0 1" mode="-11"
 points="7.09325 4.3808,
	7.09448 4.37101,
	7.10305 4.35143,
	7.11529 4.33184,
	7.12263 4.32205,
	7.14099 4.30614,
	7.16057 4.29512,
	7.19974 4.27798,
	7.21933 4.27186,
	7.23891 4.26819,
	7.27808 4.26942,
	7.28787 4.27064,
	7.29767 4.27554,
	7.31725 4.29145,
	7.33683 4.29879,
	7.34663 4.30246,
	7.36254 4.32205,
	7.36988 4.33184,
	7.37356 4.34163,
	7.37478 4.3808,
	7.37723 4.3906,
	7.376 4.41018,
	7.37478 4.41997,
	7.37356 4.42487,
	7.36744 4.43466,
	7.34908 4.45424,
	7.32949 4.46771,
	7.29032 4.48607,
	7.25115 4.50688,
	7.23157 4.5081,
	7.1924 4.50688,
	7.18261 4.50321,
	7.16302 4.49097,
	7.15323 4.48362,
	7.14833 4.47873,
	7.12875 4.46648,
	7.11896 4.45914,
	7.1006 4.43956,
	7.09325 4.42976,
	7.09325 4.3906,
	7.09325 4.38203,
	"/>
</Transform>

<Transform dim="0"
 xcoef=" 0 1 0 0 0 0"
 ycoef=" 0 0 1 0 0 0">
<Contour name="d01ser" hidden="false" closed="true" simplified="true" border="0 0.502 0" fill="1 0.5 0" mode="11"
 points="7.4864 4.70367,
	7.49736 4.68832,
	7.51491 4.67516,
	7.54999 4.67297,
	7.58508 4.662,
	7.60262 4.65323,
	7.61139 4.64665,
	7.61578 4.64227,
	7.61139 4.62473,
	7.61139 4.61595,
	7.61358 4.61157,
	7.62235 4.61157,
	7.62893 4.62034,
	7.63332 4.63788,
	7.63551 4.64665,
	7.64428 4.65543,
	7.64648 4.65981,
	7.63551 4.67735,
	7.61797 4.68613,
	7.58288 4.6927,
	7.5478 4.70367,
	7.53903 4.70586,
	7.52148 4.71902,
	7.50394 4.72121,
	7.4864 4.71463,
	7.4864 4.70586,
	"/>
<Contour name="d01ser" hidden="false" closed="true" simplified="true" border="0 0.502 0" fill="1 0.5 0" mode="11"
 points="7.34825 4.69928,
	7.36579 4.69709,
	7.37237 4.6949,
	7.38333 4.67735,
	7.38772 4.67297,
	7.40526 4.67516,
	7.41403 4.66858,
	7.43158 4.66858,
	7.44035 4.67297,
	7.44254 4.69051,
	7.44254 4.69928,
	7.43596 4.70805,
	7.41842 4.71244,
	7.38333 4.71244,
	7.37456 4.71683,
	7.35702 4.71683,
	7.34825 4.71463,
	7.34825 4.70586,
	7.34825 4.70148,
	"/>
</Transform>

<Transform dim="0"
 xcoef=" 0 1 0 0 0 0"
 ycoef=" 0 0 1 0 0 0">
<Contour name="d01ser" hidden="false" closed="true" simplified="true" border="0 0.502 0" fill="1 0.5 0" mode="11"
 points="7.36417 4.55768,
	7.37474 4.54359,
	7.40293 4.54006,
	7.40998 4.54183,
	7.41174 4.54887,
	7.41702 4.55416,
	7.41878 4.56825,
	7.41878 4.5753,
	7.40645 4.58939,
	7.37826 4.60525,
	7.37122 4.60701,
	7.36769 4.60525,
	7.36417 4.57706,
	7.36417 4.56297,
	7.36417 4.55944,
	"/>
</Transform>

<Transform dim="0"
 xcoef=" 0 1 0 0 0 0"
 ycoef=" 0 0 1 0 0 0">
<Contour name="d02" hidden="false" closed="true" simplified="true" border="0.25098 0 0.501961" fill="1 0.5 0" mode="11"
 points="4.77756 4.76087,
	4.78818 4.74873,
	4.80032 4.73963,
	4.84887 4.72294,
	4.861 4.71991,
	4.90955 4.72143,
	4.92169 4.72294,
	4.92473 4.72294,
	4.949 4.74267,
	4.95507 4.74873,
	4.96872 4.77301,
	4.97479 4.78515,
	4.97783 4.79122,
	5.00058 4.81246,
	5.00969 4.82459,
	5.02182 4.83673,
	5.03396 4.84583,
	5.04155 4.85797,
	5.0461 4.86404,
	5.04913 4.86707,
	5.0552 4.86707,
	5.06734 4.87921,
	5.07341 4.88528,
	5.09768 4.88528,
	5.12196 4.87011,
	5.1341 4.86859,
	5.18264 4.87618,
	5.19478 4.88376,
	5.20692 4.89438,
	5.2145 4.90652,
	5.22513 4.93079,
	5.22968 4.93686,
	5.24181 4.94141,
	5.25395 4.94293,
	5.26002 4.94293,
	5.27216 4.94748,
	5.28429 4.95507,
	5.29643 4.95962,
	5.32071 4.96114,
	5.33284 4.96417,
	5.3556 4.97783,
	5.36622 4.98996,
	5.37229 4.99452,
	5.37381 5.00058,
	5.36622 5.01272,
	5.35408 5.02182,
	5.32981 5.03548,
	5.30554 5.04458,
	5.2934 5.04913,
	5.26912 5.06582,
	5.25699 5.07341,
	5.23271 5.08403,
	5.22664 5.08858,
	5.22209 5.0992,
	5.22361 5.10223,
	5.21906 5.11437,
	5.21906 5.11741,
	5.20237 5.14168,
	5.17809 5.15837,
	5.16596 5.16292,
	5.15989 5.16596,
	5.13561 5.16747,
	5.11134 5.17354,
	5.06279 5.17202,
	5.03851 5.17202,
	5.02638 5.17202,
	5.02031 5.17202,
	5.00817 5.16444,
	4.9839 5.14472,
	4.95962 5.12803,
	4.94748 5.11741,
	4.93535 5.10982,
	4.92321 5.10527,
	4.91107 5.09768,
	4.88831 5.07493,
	4.88225 5.06279,
	4.87921 5.05065,
	4.86707 5.02638,
	4.85797 5.01424,
	4.8337 4.99603,
	4.82611 4.9839,
	4.81094 4.93535,
	4.80639 4.92321,
	4.80639 4.89893,
	4.80639 4.8868,
	4.79273 4.86252,
	4.7897 4.85645,
	4.7897 4.83218,
	4.79577 4.82004,
	4.7988 4.81701,
	4.7988 4.80487,
	4.79425 4.79273,
	4.78211 4.78211,
	4.77756 4.77604,
	4.77756 4.76391,
	4.77756 4.76239,
	"/>
<Contour name="d02" hidden="false" closed="true" simplified="true" border="0.25098 0 0.501961" fill="1 0.5 0" mode="11"
 points="4.31938 5.66966,
	4.32241 5.65752,
	4.33303 5.64538,
	4.35731 5.62717,
	4.38158 5.61352,
	4.43013 5.61049,
	4.46958 5.56345,
	4.4893 5.5407,
	4.49537 5.53463,
	4.5075 5.52856,
	4.53178 5.52856,
	4.54392 5.52856,
	4.54999 5.52552,
	4.55757 5.51339,
	4.56819 5.48911,
	4.57729 5.47697,
	4.62584 5.44208,
	4.64557 5.41932,
	4.66984 5.40263,
	4.69412 5.38898,
	4.71687 5.36926,
	4.7366 5.3465,
	4.75935 5.32374,
	4.76997 5.31312,
	4.78211 5.31009,
	4.83066 5.3116,
	4.85342 5.33284,
	4.86404 5.34498,
	4.87618 5.35257,
	4.90045 5.36015,
	4.91259 5.36319,
	4.93686 5.36319,
	4.949 5.36774,
	4.96114 5.37684,
	4.96569 5.38291,
	4.96872 5.38594,
	4.97631 5.41022,
	4.97783 5.41629,
	4.98086 5.41477,
	4.98845 5.42539,
	4.98996 5.43146,
	4.99603 5.43601,
	5.00817 5.43753,
	5.03244 5.43298,
	5.03851 5.42994,
	5.06279 5.43298,
	5.07493 5.42994,
	5.08706 5.42387,
	5.09313 5.42084,
	5.0992 5.42084,
	5.11134 5.42843,
	5.12347 5.43905,
	5.14016 5.46332,
	5.14927 5.47546,
	5.1614 5.48001,
	5.16747 5.48153,
	5.17658 5.49366,
	5.18416 5.51794,
	5.1872 5.52401,
	5.19933 5.53463,
	5.20237 5.53766,
	5.22664 5.54221,
	5.23878 5.5498,
	5.24333 5.55587,
	5.24485 5.56801,
	5.2403 5.58014,
	5.23726 5.58621,
	5.23878 5.59835,
	5.24333 5.61049,
	5.25092 5.62262,
	5.27064 5.6469,
	5.27671 5.65904,
	5.28885 5.70758,
	5.29491 5.73186,
	5.29795 5.75613,
	5.29795 5.76827,
	5.29491 5.78041,
	5.27974 5.80468,
	5.26761 5.81379,
	5.26154 5.81985,
	5.25092 5.84413,
	5.24788 5.8502,
	5.23575 5.86082,
	5.21147 5.87751,
	5.20844 5.88358,
	5.20995 5.93213,
	5.20844 5.94426,
	5.2054 5.95033,
	5.18113 5.97157,
	5.16899 5.97916,
	5.16292 5.98219,
	5.11437 5.98219,
	5.10223 5.98674,
	5.08251 6.0095,
	5.07189 6.03378,
	5.06734 6.04591,
	5.04762 6.07019,
	5.04155 6.07474,
	5.01727 6.08384,
	4.993 6.08839,
	4.94445 6.08839,
	4.8959 6.08384,
	4.7988 6.08384,
	4.77453 6.09143,
	4.72598 6.11115,
	4.7017 6.12025,
	4.69563 6.12329,
	4.67136 6.11874,
	4.64708 6.10812,
	4.63495 6.10053,
	4.62281 6.09598,
	4.57426 6.09143,
	4.56212 6.09143,
	4.53785 6.08384,
	4.51357 6.07322,
	4.50144 6.06867,
	4.4893 6.06867,
	4.47716 6.06564,
	4.46502 6.05805,
	4.45289 6.0535,
	4.44075 6.0535,
	4.43468 6.05198,
	4.43165 6.05198,
	4.41951 6.0444,
	4.39523 6.03529,
	4.38917 6.03226,
	4.37703 6.02012,
	4.37096 6.01405,
	4.36034 5.98978,
	4.35579 5.97916,
	4.3482 5.96702,
	4.34365 5.96095,
	4.34062 5.94881,
	4.3391 5.85172,
	4.3391 5.83958,
	4.34213 5.82744,
	4.34062 5.8153,
	4.33 5.80317,
	4.32393 5.79861,
	4.32089 5.79558,
	4.32241 5.78344,
	4.33 5.75917,
	4.33151 5.73489,
	4.32696 5.71062,
	4.32241 5.69848,
	4.32241 5.69241,
	4.32241 5.68938,
	4.31938 5.68634,
	4.31938 5.67421,
	4.31938 5.67117,
	"/>
</Transform>

<Transform dim="0"
 xcoef=" 0 1 0 0 0 0"
 ycoef=" 0 0 1 0 0 0">
<Contour name="d02" hidden="false" closed="true" simplified="true" border="0.25098 0 0.501961" fill="1 0.5 0" mode="11"
 points="3.85512 5.82289,
	3.86726 5.8153,
	3.87333 5.81227,
	3.8976 5.81075,
	3.90974 5.80923,
	3.93402 5.79861,
	3.94615 5.79103,
	3.95677 5.77889,
	3.96284 5.77586,
	3.98712 5.77434,
	4.01139 5.76372,
	4.05994 5.76069,
	4.07208 5.75613,
	4.08422 5.75462,
	4.09028 5.75462,
	4.09635 5.76069,
	4.09939 5.76675,
	4.09939 5.77282,
	4.09939 5.77586,
	4.09635 5.77889,
	4.0918 5.80317,
	4.07966 5.81075,
	4.06753 5.81227,
	4.05539 5.80923,
	4.04932 5.80772,
	4.04325 5.80923,
	4.01898 5.82896,
	4.00684 5.83048,
	4.00077 5.83199,
	3.98863 5.8411,
	3.98105 5.85172,
	3.9765 5.85778,
	3.97043 5.86082,
	3.95829 5.86082,
	3.94919 5.84868,
	3.94767 5.84261,
	3.93553 5.8411,
	3.9234 5.8502,
	3.91733 5.85627,
	3.91126 5.8593,
	3.89912 5.8593,
	3.88698 5.85475,
	3.86271 5.83806,
	3.85664 5.83351,
	3.85512 5.82744,
	3.85512 5.82441,
	"/>
</Transform>

<Transform dim="0"
 xcoef=" 0 1 0 0 0 0"
 ycoef=" 0 0 1 0 0 0">
<Contour name="d01c03" hidden="false" closed="true" simplified="true" border="0 1 0" fill="0 1 0" mode="11"
 points="5.74723 5.73745,
	5.76679 5.71006,
	5.7707 5.70224,
	5.78635 5.68659,
	5.79418 5.67876,
	5.85482 5.63964,
	5.88612 5.62204,
	5.91742 5.60834,
	5.93307 5.60247,
	5.93698 5.60247,
	5.94089 5.59856,
	6.00349 5.58096,
	6.03479 5.57118,
	6.04261 5.56922,
	6.04652 5.56531,
	6.10912 5.53988,
	6.14042 5.5301,
	6.14825 5.52814,
	6.15216 5.52814,
	6.15607 5.52423,
	6.18737 5.51445,
	6.19128 5.51053,
	6.20693 5.50467,
	6.22062 5.49488,
	6.23627 5.49684,
	6.24997 5.50662,
	6.24997 5.51445,
	6.22062 5.53401,
	6.20497 5.54183,
	6.19324 5.55161,
	6.13064 5.58487,
	6.12282 5.58878,
	6.1189 5.58878,
	6.11108 5.59465,
	6.04848 5.61617,
	6.04457 5.61617,
	6.04066 5.62008,
	6.02501 5.62595,
	6.01718 5.6279,
	6.01327 5.63182,
	5.99762 5.63573,
	5.96632 5.64942,
	5.95067 5.65725,
	5.94285 5.66116,
	5.93894 5.66116,
	5.93502 5.66507,
	5.9272 5.66703,
	5.92329 5.67094,
	5.90959 5.67681,
	5.87829 5.69441,
	5.86264 5.70615,
	5.85482 5.71398,
	5.85091 5.71398,
	5.79222 5.75897,
	5.77657 5.76092,
	5.76092 5.75897,
	5.74723 5.74723,
	5.74723 5.73941,
	"/>
<Contour name="d01cfa03" hidden="false" closed="false" simplified="false" border="0 1 1" fill="0 1 1" mode="9"
 points="6.24722 5.50185,
	6.212 5.5175,
	6.16701 5.52924,
	6.11224 5.55271,
	6.03791 5.57814,
	5.96944 5.60749,
	5.91858 5.63096,
	5.86967 5.6603,
	5.82664 5.69943,
	5.80121 5.72877,
	5.77578 5.75616,
	"/>
</Transform>

<Transform dim="0"
 xcoef=" 0 1 0 0 0 0"
 ycoef=" 0 0 1 0 0 0">
<Contour name="d02" hidden="false" closed="true" simplified="true" border="0 0.251 0.502" fill="0.5 0 1" mode="11"
 points="4.26603 6.23621,
	4.29026 6.19315,
	4.29564 6.18238,
	4.30641 6.177,
	4.32794 6.17969,
	4.371 6.20392,
	4.41137 6.24429,
	4.42214 6.25236,
	4.42483 6.25775,
	4.38177 6.27659,
	4.3387 6.29004,
	4.31717 6.29812,
	4.29564 6.29812,
	4.28487 6.29543,
	4.27142 6.2739,
	4.26603 6.26313,
	4.26603 6.2416,
	4.26603 6.23891,
	"/>
</Transform>

<Transform dim="0"
 xcoef=" 0 1 0 0 0 0"
 ycoef=" 0 0 1 0 0 0">
<Contour name="d02" hidden="false" closed="true" simplified="true" border="0 0.251 0.502" fill="0.5 0 1" mode="11"
 points="4.65092 6.34926,
	4.66168 6.30619,
	4.67783 6.28466,
	4.69937 6.26851,
	4.7209 6.25775,
	4.74243 6.25236,
	4.82856 6.25505,
	4.87162 6.26044,
	4.91469 6.2712,
	4.93622 6.27928,
	4.94698 6.28197,
	4.98467 6.32234,
	4.99274 6.33311,
	4.99543 6.37617,
	4.99543 6.3977,
	4.98736 6.41924,
	4.96852 6.44077,
	4.94698 6.45692,
	4.93622 6.4623,
	4.93084 6.46768,
	4.9093 6.47576,
	4.86624 6.47038,
	4.84471 6.47307,
	4.82317 6.48114,
	4.78011 6.47845,
	4.73705 6.4623,
	4.69398 6.43269,
	4.68322 6.42193,
	4.65899 6.37886,
	4.65092 6.35733,
	4.65092 6.35195,
	"/>
</Transform>

<Transform dim="0"
 xcoef=" 0 1 0 0 0 0"
 ycoef=" 0 0 1 0 0 0">
<Contour name="d02c02" hidden="false" closed="true" simplified="true" border="1 0 0" fill="1 0 0" mode="-11"
 points="5.00664 4.846,
	5.01333 4.82815,
	5.03118 4.82815,
	5.0401 4.82815,
	5.04903 4.83261,
	5.06688 4.84823,
	5.10258 4.86385,
	5.1115 4.87054,
	5.11373 4.87946,
	5.1115 4.88839,
	5.10258 4.89285,
	5.06688 4.89062,
	5.03118 4.87946,
	5.01333 4.86831,
	5.00664 4.85938,
	5.00664 4.85046,
	5.00664 4.84823,
	"/>
</Transform>

<Transform dim="0"
 xcoef=" 0 1 0 0 0 0"
 ycoef=" 0 0 1 0 0 0">
<Contour name="d02cfa02" hidden="false" closed="false" simplified="false" border="0 1 0.25098" fill="0 1 0" mode="11"
 points="5.10744 4.88527,
	5.07397 4.88973,
	5.05166 4.86519,
	5.01373 4.83172,
	"/>
</Transform>

<Transform dim="0"
 xcoef=" 0 1 0 0 0 0"
 ycoef=" 0 0 1 0 0 0">
<Contour name="d03" hidden="false" closed="true" simplified="true" border="1 0 0.5" fill="1 0 0.5" mode="-11"
 points="3.45873 5.08439,
	3.46816 5.06284,
	3.47086 5.04129,
	3.4722 5.03591,
	3.47759 5.03052,
	3.48836 5.02648,
	3.49375 5.02648,
	3.5153 5.01301,
	3.52608 5.00762,
	3.54763 5.00089,
	3.5584 4.99819,
	3.57995 4.98877,
	3.58534 4.98742,
	3.59073 4.98203,
	3.59342 4.98068,
	3.59342 4.97799,
	3.60285 4.96722,
	3.60554 4.96183,
	3.61632 4.95913,
	3.6217 4.95509,
	3.63383 4.93354,
	3.64056 4.92277,
	3.64056 4.92008,
	3.64325 4.91873,
	3.64325 4.91603,
	3.64595 4.91469,
	3.64729 4.9093,
	3.65537 4.89987,
	3.66615 4.89314,
	3.67154 4.88775,
	3.68231 4.88236,
	3.70386 4.87698,
	3.71464 4.87294,
	3.73484 4.85408,
	3.73215 4.81098,
	3.73619 4.80155,
	3.74696 4.79886,
	3.74966 4.79616,
	3.75504 4.79482,
	3.77659 4.7827,
	3.81834 4.76923,
	3.82912 4.76653,
	3.83989 4.7598,
	3.86144 4.75306,
	3.86683 4.74902,
	3.87761 4.74768,
	3.88299 4.74633,
	3.92609 4.72209,
	3.93687 4.71401,
	3.94495 4.70458,
	3.9463 4.69919,
	3.9463 4.6965,
	3.96785 4.68303,
	3.97862 4.67629,
	3.98401 4.6736,
	3.9867 4.66821,
	3.99748 4.65744,
	4.00825 4.6507,
	4.05135 4.64801,
	4.09445 4.64801,
	4.116 4.64801,
	4.13755 4.6534,
	4.1591 4.66687,
	4.16988 4.67495,
	4.17526 4.67899,
	4.18065 4.68976,
	4.182 4.70054,
	4.18469 4.70592,
	4.18604 4.72747,
	4.18469 4.73286,
	4.19008 4.74364,
	4.19816 4.75441,
	4.21971 4.76384,
	4.23048 4.76923,
	4.23587 4.77327,
	4.25742 4.77731,
	4.2682 4.77866,
	4.27358 4.78,
	4.27628 4.78135,
	4.27897 4.77866,
	4.28436 4.77866,
	4.28975 4.77596,
	4.3113 4.77731,
	4.32207 4.77866,
	4.33284 4.7827,
	4.34362 4.79212,
	4.34901 4.79482,
	4.36248 4.81502,
	4.3719 4.83657,
	4.37729 4.84735,
	4.37864 4.85273,
	4.38537 4.86351,
	4.38941 4.87428,
	4.40423 4.89583,
	4.41366 4.90661,
	4.42443 4.92816,
	4.43251 4.94971,
	4.4379 4.94971,
	4.44329 4.9524,
	4.45002 4.97395,
	4.45272 4.98472,
	4.4581 4.9955,
	4.46753 5.00223,
	4.48908 5.00627,
	4.49986 5.00762,
	4.50524 5.00897,
	4.50794 5.01166,
	4.50794 5.01436,
	4.51063 5.0157,
	4.51063 5.0588,
	4.51063 5.06958,
	4.51063 5.07496,
	4.50794 5.08035,
	4.50794 5.08305,
	4.50524 5.08574,
	4.5012 5.10729,
	4.50255 5.11806,
	4.50659 5.12884,
	4.50928 5.13153,
	4.50928 5.13423,
	4.52949 5.15578,
	4.53891 5.17733,
	4.53891 5.19888,
	4.53622 5.20965,
	4.53487 5.21504,
	4.5241 5.22177,
	4.481 5.22447,
	4.47022 5.22581,
	4.4608 5.23255,
	4.4581 5.24332,
	4.46214 5.26487,
	4.47022 5.28642,
	4.47022 5.2972,
	4.46214 5.30797,
	4.44059 5.32009,
	4.39749 5.33491,
	4.37594 5.3403,
	4.33284 5.34434,
	4.32207 5.34434,
	4.30052 5.35511,
	4.28975 5.36454,
	4.28166 5.38609,
	4.28166 5.39148,
	4.27493 5.40225,
	4.26416 5.4036,
	4.24261 5.41572,
	4.22106 5.42111,
	4.19951 5.41976,
	4.17796 5.41033,
	4.15641 5.39821,
	4.14563 5.39686,
	4.14024 5.39417,
	4.09714 5.39013,
	4.05405 5.38878,
	4.0325 5.38744,
	4.02172 5.38744,
	4.01633 5.38474,
	3.99478 5.38339,
	3.95168 5.37531,
	3.93013 5.37127,
	3.91936 5.36858,
	3.89781 5.36993,
	3.88703 5.36993,
	3.88299 5.36858,
	3.88165 5.36319,
	3.88165 5.3605,
	3.83855 5.35376,
	3.79545 5.35107,
	3.7739 5.34972,
	3.76312 5.34972,
	3.74157 5.33491,
	3.72272 5.32009,
	3.71733 5.31875,
	3.69713 5.30528,
	3.69174 5.30393,
	3.68097 5.29316,
	3.65942 5.27969,
	3.61766 5.26083,
	3.60689 5.2541,
	3.60554 5.24332,
	3.60823 5.23255,
	3.61093 5.22985,
	3.61228 5.21908,
	3.61901 5.2083,
	3.61901 5.19753,
	3.61632 5.19214,
	3.61093 5.18675,
	3.60823 5.18406,
	3.60554 5.18406,
	3.60419 5.18137,
	3.6015 5.18137,
	3.58264 5.16924,
	3.56109 5.16116,
	3.55032 5.15578,
	3.54493 5.15308,
	3.53416 5.15308,
	3.52338 5.14635,
	3.51261 5.14365,
	3.50722 5.14231,
	3.50183 5.13827,
	3.49106 5.13692,
	3.48028 5.13019,
	3.47086 5.11941,
	3.46547 5.11402,
	3.46277 5.11133,
	3.46008 5.11133,
	3.45873 5.08978,
	3.45873 5.08574,
	"/>
</Transform>

<Transform dim="0"
 xcoef=" 0 1 0 0 0 0"
 ycoef=" 0 0 1 0 0 0">
<Contour name="d03" hidden="false" closed="true" simplified="true" border="1 0 0.5" fill="1 0 0.5" mode="-11"
 points="3.63512 5.91776,
	3.63792 5.90654,
	3.63792 5.89531,
	3.63932 5.8897,
	3.63932 5.8869,
	3.66037 5.87006,
	3.66598 5.86725,
	3.66879 5.86445,
	3.67159 5.86445,
	3.68282 5.85603,
	3.68843 5.85322,
	3.68843 5.85042,
	3.69965 5.842,
	3.71088 5.83639,
	3.71649 5.83358,
	3.72771 5.83358,
	3.73332 5.83499,
	3.73332 5.83779,
	3.77822 5.85042,
	3.79786 5.85884,
	3.84276 5.86445,
	3.85398 5.86725,
	3.85959 5.86725,
	3.86941 5.87427,
	3.87362 5.87707,
	3.88485 5.8883,
	3.89046 5.89952,
	3.89467 5.92197,
	3.89747 5.92758,
	3.9087 5.93881,
	3.91291 5.94582,
	3.90449 5.96827,
	3.90028 5.97388,
	3.87783 5.97669,
	3.83294 5.97669,
	3.81049 5.97248,
	3.79926 5.97248,
	3.77682 5.96687,
	3.73192 5.96546,
	3.70947 5.96546,
	3.68703 5.96266,
	3.68141 5.95845,
	3.67019 5.95564,
	3.66037 5.94863,
	3.65476 5.94582,
	3.65335 5.94301,
	3.65055 5.94301,
	3.64073 5.9346,
	3.63652 5.92898,
	3.63512 5.91916,
	"/>
</Transform>

<Transform dim="0"
 xcoef=" 0 1 0 0 0 0"
 ycoef=" 0 0 1 0 0 0">
<Contour name="d03" hidden="false" closed="true" simplified="true" border="1 0 0.5" fill="1 0 0.5" mode="-11"
 points="4.90201 4.13458,
	4.90481 4.12896,
	4.91042 4.12476,
	4.92165 4.12476,
	4.92726 4.12756,
	4.93006 4.12756,
	4.94129 4.13738,
	4.9455 4.14861,
	4.9455 4.15422,
	4.93287 4.17526,
	4.92726 4.17947,
	4.92445 4.18368,
	4.91884 4.18789,
	4.91323 4.18649,
	4.91042 4.18508,
	4.91042 4.17947,
	4.90481 4.16965,
	4.90201 4.15843,
	4.90201 4.13598,
	"/>
</Transform>

<Transform dim="0"
 xcoef=" 0 1 0 0 0 0"
 ycoef=" 0 0 1 0 0 0">
<Contour name="d03" hidden="false" closed="true" simplified="true" border="1 0 0.5" fill="1 0 0.5" mode="-11"
 points="3.48402 6.45772,
	3.48748 6.44388,
	3.49613 6.4335,
	3.52381 6.42831,
	3.55149 6.42831,
	3.56533 6.43004,
	3.57052 6.43696,
	3.56879 6.4508,
	3.56706 6.45772,
	3.51343 6.49578,
	3.49959 6.49578,
	3.48575 6.48713,
	3.48402 6.45945,
	"/>
</Transform>

<Transform dim="0"
 xcoef=" 0 1 0 0 0 0"
 ycoef=" 0 0 1 0 0 0">
<Contour name="d03" hidden="false" closed="true" simplified="true" border="1 0 0.5" fill="1 0 0.5" mode="-11"
 points="3.04562 3.52679,
	3.05321 3.50249,
	3.0608 3.49034,
	3.08358 3.46757,
	3.09573 3.45694,
	3.12003 3.44479,
	3.14433 3.43568,
	3.15648 3.43112,
	3.16255 3.43112,
	3.18685 3.42353,
	3.199 3.42201,
	3.21114 3.41593,
	3.21722 3.41441,
	3.22633 3.4129,
	3.25063 3.41138,
	3.29922 3.39467,
	3.34782 3.37341,
	3.37211 3.35975,
	3.38426 3.35063,
	3.38882 3.34608,
	3.40249 3.33545,
	3.42223 3.31115,
	3.44501 3.28837,
	3.45716 3.27622,
	3.46323 3.27319,
	3.4693 3.26711,
	3.48145 3.25952,
	3.4936 3.24889,
	3.50575 3.2413,
	3.5179 3.23674,
	3.52397 3.2337,
	3.54827 3.23218,
	3.56042 3.23218,
	3.57257 3.2413,
	3.5832 3.25344,
	3.58775 3.26559,
	3.58775 3.27774,
	3.59079 3.28989,
	3.58624 3.31419,
	3.57712 3.33849,
	3.57257 3.35063,
	3.56801 3.35671,
	3.5589 3.38101,
	3.5589 3.39315,
	3.54675 3.44175,
	3.5422 3.4539,
	3.53916 3.45997,
	3.53764 3.46301,
	3.5422 3.46908,
	3.54372 3.47212,
	3.5346 3.49642,
	3.53157 3.50857,
	3.53308 3.53286,
	3.5346 3.54501,
	3.53005 3.56931,
	3.52397 3.58146,
	3.52245 3.58753,
	3.5179 3.59361,
	3.5179 3.59665,
	3.50727 3.60879,
	3.49512 3.61639,
	3.47082 3.62398,
	3.44653 3.62702,
	3.42223 3.63309,
	3.39793 3.6422,
	3.34934 3.64372,
	3.34326 3.6422,
	3.33719 3.63765,
	3.31289 3.63309,
	3.26429 3.64676,
	3.25215 3.65131,
	3.24 3.65891,
	3.22785 3.66346,
	3.20355 3.66043,
	3.15496 3.64068,
	3.13066 3.63309,
	3.10636 3.61942,
	3.08206 3.59968,
	3.07143 3.58905,
	3.06536 3.58298,
	3.05169 3.55868,
	3.04714 3.54653,
	3.04562 3.53438,
	3.04562 3.52831,
	"/>
</Transform>

<Transform dim="0"
 xcoef=" 0 1 0 0 0 0"
 ycoef=" 0 0 1 0 0 0">
<Contour name="d03c01a" hidden="false" closed="true" simplified="true" border="1 0 0" fill="1 0 0" mode="-11"
 points="3.12174 3.41263,
	3.12422 3.41015,
	3.20344 3.40149,
	3.24305 3.39282,
	3.28266 3.37921,
	3.29256 3.37549,
	3.29751 3.37302,
	3.29999 3.37054,
	3.30494 3.3693,
	3.34455 3.34083,
	3.38416 3.30741,
	3.40396 3.29504,
	3.40891 3.29256,
	3.41882 3.29256,
	3.42377 3.2938,
	3.43367 3.30246,
	3.43491 3.31236,
	3.43491 3.31732,
	3.43243 3.32227,
	3.42253 3.33093,
	3.41634 3.34083,
	3.41263 3.35074,
	3.39777 3.3693,
	3.37797 3.37921,
	3.35816 3.39282,
	3.34826 3.40025,
	3.32846 3.40149,
	3.30865 3.40644,
	3.29875 3.41015,
	3.27894 3.42253,
	3.23933 3.42872,
	3.21953 3.43738,
	3.20963 3.44233,
	3.18982 3.44729,
	3.17002 3.44976,
	3.16011 3.451,
	3.14031 3.44605,
	3.13041 3.43862,
	3.12422 3.42872,
	3.12174 3.42377,
	3.12174 3.41386,
	"/>
</Transform>

<Transform dim="0"
 xcoef=" 0 1 0 0 0 0"
 ycoef=" 0 0 1 0 0 0">
<Contour name="d03cfa01a" hidden="false" closed="false" simplified="false" border="0 1 0.251" fill="0 1 0" mode="11"
 points="3.43286 3.30237,
	3.4205 3.31679,
	3.40401 3.33671,
	3.38341 3.35251,
	3.36967 3.35938,
	3.35181 3.36968,
	3.33395 3.37724,
	3.31472 3.38823,
	3.28174 3.40265,
	3.26114 3.40815,
	3.23641 3.41571,
	3.20687 3.42257,
	3.18489 3.42532,
	3.16566 3.43013,
	3.14711 3.43494,
	3.13475 3.43906,
	"/>
</Transform>

<Transform dim="0"
 xcoef=" 0 1 0 0 0 0"
 ycoef=" 0 0 1 0 0 0">
<Contour name="d03c02" hidden="false" closed="true" simplified="true" border="1 0 0" fill="1 0 0" mode="-11"
 points="3.66502 5.96512,
	3.67156 5.95764,
	3.6753 5.9539,
	3.70519 5.9483,
	3.71267 5.94643,
	3.72014 5.94269,
	3.73509 5.93989,
	3.75003 5.93896,
	3.75751 5.93989,
	3.76498 5.94269,
	3.77993 5.9511,
	3.7874 5.95484,
	3.80235 5.95764,
	3.8173 5.95858,
	3.83225 5.96231,
	3.83598 5.96231,
	3.84346 5.96512,
	3.85 5.96979,
	3.85187 5.97165,
	3.85187 5.97539,
	3.85187 5.97726,
	3.84813 5.981,
	3.84066 5.98473,
	3.83318 5.9866,
	3.77339 5.98754,
	3.7136 5.98473,
	3.6837 5.981,
	3.67623 5.97819,
	3.67436 5.97819,
	3.66689 5.97259,
	3.66502 5.97072,
	3.66502 5.96698,
	3.66502 5.96605,
	"/>
</Transform>

<Transform dim="0"
 xcoef=" 0 1 0 0 0 0"
 ycoef=" 0 0 1 0 0 0">
<Contour name="d03cfa02" hidden="false" closed="false" simplified="false" border="0 1 0.251" fill="0 1 0" mode="11"
 points="3.85042 5.97423,
	3.83827 5.97797,
	3.82613 5.9761,
	3.80931 5.97423,
	3.79343 5.97049,
	3.77568 5.96676,
	3.7598 5.96489,
	3.73924 5.96489,
	3.71589 5.96395,
	3.69066 5.96208,
	3.67478 5.95554,
	"/>
</Transform>

<Transform dim="0"
 xcoef=" 0 1 0 0 0 0"
 ycoef=" 0 0 1 0 0 0">
<Contour name="d06" hidden="false" closed="true" simplified="true" border="0 0 1" fill="0 0 1" mode="-11"
 points="2.4068 0.612895,
	2.4082 0.607298,
	2.4194 0.598902,
	2.43059 0.597502,
	2.45298 0.600301,
	2.45858 0.600301,
	2.46417 0.597502,
	2.47537 0.587707,
	2.48656 0.587707,
	2.49216 0.587707,
	2.50195 0.597502,
	2.50475 0.608697,
	2.50475 0.611496,
	2.51035 0.615693,
	2.51595 0.615693,
	2.51875 0.618492,
	2.52015 0.629686,
	2.52434 0.632485,
	2.52854 0.638082,
	2.52994 0.643679,
	2.52854 0.649277,
	2.52434 0.654874,
	2.51315 0.659072,
	2.51035 0.66187,
	2.50895 0.667468,
	2.50895 0.670266,
	2.50335 0.674464,
	2.48096 0.673065,
	2.45858 0.674464,
	2.44738 0.681461,
	2.44458 0.684259,
	2.43339 0.68286,
	2.42219 0.673065,
	2.4096 0.650676,
	2.4068 0.639482,
	2.4068 0.617093,
	2.4068 0.614294,
	"/>
</Transform>

<Transform dim="0"
 xcoef=" 0 1 0 0 0 0"
 ycoef=" 0 0 1 0 0 0">
<Contour name="d06" hidden="false" closed="true" simplified="true" border="0 0 1" fill="0 0 1" mode="-11"
 points="2.76874 1.60183,
	2.77319 1.58998,
	2.80872 1.5426,
	2.81613 1.53075,
	2.82057 1.52483,
	2.84426 1.51742,
	2.85611 1.50706,
	2.8872 1.45967,
	2.89905 1.45227,
	2.9109 1.45671,
	2.91682 1.45967,
	2.94051 1.47892,
	2.95236 1.47744,
	2.9642 1.473,
	2.97605 1.4656,
	2.98049 1.45967,
	2.98049 1.43598,
	2.99382 1.41229,
	3.0027 1.3886,
	3.0027 1.37675,
	2.99974 1.36491,
	2.98641 1.34122,
	2.98789 1.33529,
	2.99678 1.32345,
	3.00862 1.31604,
	3.02343 1.29235,
	3.02047 1.2805,
	3.02343 1.26866,
	3.03528 1.25829,
	3.03824 1.25533,
	3.05009 1.25237,
	3.09747 1.25237,
	3.14485 1.25829,
	3.1567 1.26274,
	3.16262 1.26422,
	3.18631 1.2805,
	3.19816 1.28791,
	3.24554 1.30124,
	3.25147 1.30272,
	3.26331 1.3116,
	3.27516 1.31456,
	3.32254 1.31752,
	3.33439 1.31604,
	3.34623 1.319,
	3.36993 1.319,
	3.41731 1.30864,
	3.441 1.31012,
	3.46469 1.31456,
	3.47654 1.31752,
	3.48839 1.32493,
	3.50023 1.32789,
	3.52392 1.32197,
	3.54762 1.31308,
	3.57131 1.31604,
	3.595 1.32641,
	3.61869 1.33973,
	3.64238 1.36047,
	3.66015 1.38416,
	3.66904 1.396,
	3.67644 1.41969,
	3.67792 1.44339,
	3.68977 1.46708,
	3.69273 1.47892,
	3.69421 1.48485,
	3.71346 1.50854,
	3.7253 1.53223,
	3.74455 1.55592,
	3.74455 1.56777,
	3.75344 1.59146,
	3.75788 1.61515,
	3.77713 1.63736,
	3.7875 1.64921,
	3.79194 1.66106,
	3.79194 1.66402,
	3.80082 1.67586,
	3.81267 1.68623,
	3.83636 1.69659,
	3.84228 1.69807,
	3.85413 1.70696,
	3.88967 1.75286,
	3.89855 1.76471,
	3.90299 1.77063,
	3.90744 1.78248,
	3.93557 1.82986,
	3.93853 1.85355,
	3.93705 1.87724,
	3.93705 1.88909,
	3.93409 1.90094,
	3.91928 1.92463,
	3.90892 1.93499,
	3.90299 1.93944,
	3.89115 1.9424,
	3.8793 1.9424,
	3.86746 1.93944,
	3.84376 1.92167,
	3.83044 1.89798,
	3.826 1.88613,
	3.82451 1.87428,
	3.83488 1.85207,
	3.83636 1.84911,
	3.83044 1.83726,
	3.82007 1.82542,
	3.81415 1.81357,
	3.81119 1.78988,
	3.80378 1.77803,
	3.79194 1.76767,
	3.7875 1.76619,
	3.77121 1.75582,
	3.75936 1.74842,
	3.7564 1.74842,
	3.73567 1.72473,
	3.72975 1.71881,
	3.7179 1.71288,
	3.69421 1.70844,
	3.67052 1.70992,
	3.66459 1.7114,
	3.65423 1.72029,
	3.65127 1.72325,
	3.6409 1.73509,
	3.63498 1.74102,
	3.6335 1.74694,
	3.62609 1.75879,
	3.62017 1.78248,
	3.61573 1.79432,
	3.60536 1.80469,
	3.59944 1.80913,
	3.57575 1.81209,
	3.56983 1.81357,
	3.54613 1.83134,
	3.53429 1.83875,
	3.48691 1.84615,
	3.39214 1.84171,
	3.34475 1.84319,
	3.29737 1.84763,
	3.27368 1.84911,
	3.24999 1.84763,
	3.23814 1.84467,
	3.22629 1.83726,
	3.22037 1.83578,
	3.20853 1.82838,
	3.2026 1.82394,
	3.19668 1.82246,
	3.19372 1.8195,
	3.19076 1.8195,
	3.18483 1.81505,
	3.16114 1.81061,
	3.11376 1.81505,
	3.06637 1.81505,
	3.01899 1.81061,
	2.9953 1.80913,
	2.98345 1.80469,
	2.97161 1.79728,
	2.96864 1.79432,
	2.96568 1.79432,
	2.96272 1.79136,
	2.93903 1.79136,
	2.92718 1.78988,
	2.91534 1.78396,
	2.90941 1.781,
	2.90645 1.77803,
	2.90053 1.77655,
	2.87684 1.75879,
	2.86647 1.74842,
	2.86055 1.73657,
	2.83686 1.71881,
	2.82797 1.70696,
	2.82353 1.69511,
	2.82353 1.68327,
	2.82501 1.67734,
	2.83094 1.67142,
	2.83242 1.6655,
	2.83094 1.65958,
	2.82649 1.65365,
	2.81465 1.65069,
	2.8028 1.65069,
	2.79688 1.65069,
	2.79096 1.64773,
	2.77911 1.63588,
	2.76874 1.61219,
	2.76874 1.60627,
	2.76874 1.60331,
	"/>
</Transform>

<Transform dim="0"
 xcoef=" 0 1 0 0 0 0"
 ycoef=" 0 0 1 0 0 0">
<Contour name="Ax01" hidden="false" closed="true" simplified="true" border="1 0.501961 0" fill="1 0 0" mode="-11"
 points="5.70649 7.64497,
	5.73212 7.62895,
	5.78339 7.61933,
	5.80902 7.61293,
	5.82184 7.60972,
	5.82825 7.60972,
	5.83465 7.60331,
	5.84747 7.60011,
	5.89874 7.56807,
	5.92437 7.55205,
	5.97563 7.55525,
	6.0269 7.57127,
	6.05253 7.5937,
	6.06855 7.61933,
	6.07176 7.62574,
	6.07817 7.62574,
	6.08778 7.63856,
	6.08778 7.64497,
	6.11661 7.69303,
	6.11982 7.70584,
	6.11661 7.73148,
	6.1038 7.75711,
	6.09739 7.76993,
	6.09098 7.77633,
	6.09098 7.78274,
	6.07176 7.80517,
	6.05574 7.85323,
	6.04612 7.87887,
	6.0301 7.9045,
	6.01729 7.91411,
	5.99165 7.92372,
	5.94039 7.92052,
	5.91476 7.91091,
	5.90194 7.9077,
	5.88912 7.89809,
	5.87631 7.89489,
	5.86669 7.88527,
	5.86029 7.88527,
	5.80902 7.84042,
	5.78339 7.82119,
	5.77378 7.80838,
	5.76737 7.80197,
	5.75776 7.77633,
	5.75455 7.7507,
	5.74494 7.72507,
	5.72892 7.69944,
	5.72571 7.68662,
	5.70649 7.66419,
	5.70649 7.65137,
	5.70649 7.64817,
	"/>
</Transform>

<Transform dim="1"
 xcoef=" 0.03 1 0 0 0 0"
 ycoef=" 0.129999999999999 0 1 0 0 0">
<Contour name="Brick Analysis" hidden="false" closed="false" simplified="true" border="1 0 0" fill="1 0 1" mode="9"
 points="2.44533 8.41885,
	2.44533 6.66885,
	2.44533 3.16885,
	5.94533 3.16885,
	5.94533 1.41885,
	"/>
<Contour name="Brick Analysis" hidden="false" closed="false" simplified="true" border="0 1 0" fill="1 0 1" mode="9"
 points="2.44533 6.66885,
	5.94533 6.66885,
	5.94533 3.16885,
	"/>
</Transform>

<Transform dim="0"
 xcoef=" 0 1 0 0 0 0"
 ycoef=" 0 0 1 0 0 0">
<Contour name="Brax01" hidden="false" closed="true" simplified="true" border="1 0.502 0" fill="1 0.501961 0" mode="-9"
 points="4.17028 4.45975,
	4.17028 4.45106,
	4.17897 4.44237,
	4.18766 4.44237,
	4.19635 4.45106,
	4.19635 4.45975,
	4.18766 4.46844,
	4.17897 4.46844,
	"/>
</Transform>

<Transform dim="0"
 xcoef=" 0 1 0 0 0 0"
 ycoef=" 0 0 1 0 0 0">
<Contour name="Brax02" hidden="false" closed="true" simplified="false" border="0.502 0 1" fill="0.5 0 1" mode="-9"
 points="5.26551 4.75094,
	5.25247 4.7466,
	5.26551 4.74225,
	5.25681 4.72921,
	5.26985 4.7379,
	5.2742 4.72487,
	5.27854 4.7379,
	5.29158 4.72921,
	5.28289 4.74225,
	5.29593 4.7466,
	5.28289 4.75094,
	5.29158 4.76398,
	5.27854 4.75529,
	5.2742 4.76833,
	5.26985 4.75529,
	5.25681 4.76398,
	"/>
</Transform>

<Transform dim="0"
 xcoef=" 0 1 0 0 0 0"
 ycoef=" 0 0 1 0 0 0">
<Contour name="Brax03" hidden="false" closed="true" simplified="false" border="1 0 0.502" fill="1 0 0.5" mode="-9"
 points="3.50845 4.61691,
	3.55404 4.61691,
	3.53125 4.6587,
	"/>
</Transform>

<Transform dim="0"
 xcoef=" 0 1 0 0 0 0"
 ycoef=" 0 0 1 0 0 0">
<Contour name="Brax04" hidden="false" closed="true" simplified="false" border="1 0 0" fill="1 0 0" mode="-9"
 points="5.22952 4.1496,
	5.24852 4.123,
	5.22952 4.09641,
	5.24092 4.09641,
	5.25612 4.1192,
	5.27131 4.09641,
	5.28271 4.09641,
	5.26372 4.123,
	5.28271 4.1496,
	5.27131 4.1496,
	5.25612 4.1268,
	5.24092 4.1496,
	"/>
</Transform>

<Transform dim="0"
 xcoef=" 0 1 0 0 0 0"
 ycoef=" 0 0 1 0 0 0">
<Contour name="Brax05" hidden="false" closed="true" simplified="false" border="1 1 0" fill="1 1 0" mode="-11"
 points="5.67784 3.83426,
	5.67784 3.77347,
	5.61705 3.77347,
	5.61705 3.82666,
	5.60945 3.83426,
	5.60945 3.76587,
	5.68544 3.76587,
	5.68544 3.84186,
	5.60945 3.84186,
	5.61705 3.83426,
	"/>
</Transform>

<Transform dim="0"
 xcoef=" 0 1 0 0 0 0"
 ycoef=" 0 0 1 0 0 0">
<Contour name="Brax06" hidden="false" closed="true" simplified="false" border="0 0 1" fill="0 0 1" mode="-9"
 points="3.66422 5.48315,
	3.63763 5.45655,
	3.66422 5.42996,
	3.69082 5.45655,
	"/>
</Transform>

<Transform dim="0"
 xcoef=" 0 1 0 0 0 0"
 ycoef=" 0 0 1 0 0 0">
<Contour name="Brax07" hidden="false" closed="true" simplified="false" border="1 0 1" fill="1 0 1" mode="-9"
 points="5.96658 4.81447,
	5.96658 4.79928,
	5.98178 4.78408,
	5.99698 4.78408,
	6.01217 4.79928,
	6.01217 4.81447,
	5.99698 4.82967,
	5.98178 4.82967,
	"/>
</Transform>

<Transform dim="0"
 xcoef=" 0 1 0 0 0 0"
 ycoef=" 0 0 1 0 0 0">
<Contour name="Brax08" hidden="false" closed="true" simplified="false" border="1 0 0" fill="1 0 0" mode="-9"
 points="3.01834 4.1268,
	2.99555 4.1268,
	2.99555 4.1382,
	3.00695 4.1496,
	3.04114 4.161,
	3.01834 4.17239,
	3.00695 4.19519,
	2.98415 4.17239,
	2.97275 4.1496,
	2.97275 4.1268,
	2.94996 4.1268,
	2.98415 4.10401,
	"/>
</Transform>

<Transform dim="0"
 xcoef=" 0 1 0 0 0 0"
 ycoef=" 0 0 1 0 0 0">
<Contour name="Brax09" hidden="false" closed="true" simplified="false" border="0 1 0" fill="0 1 0" mode="-9"
 points="6.19454 5.7263,
	6.19454 5.6959,
	6.22493 5.6959,
	6.22493 5.66551,
	6.25533 5.66551,
	6.25533 5.6959,
	6.28572 5.6959,
	6.28572 5.7263,
	6.25533 5.7263,
	6.25533 5.75669,
	6.22493 5.75669,
	6.22493 5.7263,
	"/>
</Transform>

<Transform dim="0"
 xcoef=" 0 1 0 0 0 0"
 ycoef=" 0 0 1 0 0 0">
<Contour name="Brax10" hidden="false" closed="true" simplified="false" border="0 1 1" fill="0 1 1" mode="-9"
 points="5.84881 6.2278,
	5.864 6.21261,
	5.80321 6.15182,
	5.81841 6.13662,
	5.8792 6.19741,
	5.8944 6.18221,
	5.8944 6.2278,
	"/>
</Transform>

<Transform dim="0"
 xcoef=" 0 1 0 0 0 0"
 ycoef=" 0 0 1 0 0 0">
<Contour name="Brax11" hidden="false" closed="true" simplified="false" border="0 1 0.251" fill="0 1 0" mode="-9"
 points="5.38529 6.13282,
	5.38529 6.12522,
	5.39289 6.11762,
	5.40049 6.11762,
	5.40809 6.12522,
	5.40809 6.13282,
	5.40049 6.14042,
	5.39289 6.14042,
	"/>
</Transform>

<Transform dim="0"
 xcoef=" 0 1 0 0 0 0"
 ycoef=" 0 0 1 0 0 0">
<Contour name="Brax13" hidden="false" closed="true" simplified="false" border="1 0 0.5" fill="1 0 0.5" mode="-9"
 points="3.60723 6.20501,
	3.65282 6.20501,
	3.63003 6.2468,
	"/>
</Transform>

<Transform dim="0"
 xcoef=" 0 1 0 0 0 0"
 ycoef=" 0 0 1 0 0 0">
<Contour name="Brax14" hidden="false" closed="true" simplified="false" border="1 0 0" fill="1 0 0" mode="-13"
 points="3.72501 6.58874,
	3.74401 6.56214,
	3.72501 6.53555,
	3.73641 6.53555,
	3.7516 6.55834,
	3.7668 6.53555,
	3.7782 6.53555,
	3.7592 6.56214,
	3.7782 6.58874,
	3.7668 6.58874,
	3.7516 6.56594,
	3.73641 6.58874,
	"/>
</Transform>

<Transform dim="0"
 xcoef=" 0 1 0 0 0 0"
 ycoef=" 0 0 1 0 0 0">
<Contour name="Brax12" hidden="false" closed="true" simplified="false" border="0.5 0 1" fill="0.5 0 1" mode="-9"
 points="4.99777 6.56594,
	4.98637 6.56214,
	4.99777 6.55834,
	4.99017 6.54694,
	5.00157 6.55454,
	5.00537 6.54314,
	5.00916 6.55454,
	5.02056 6.54694,
	5.01296 6.55834,
	5.02436 6.56214,
	5.01296 6.56594,
	5.02056 6.57734,
	5.00916 6.56974,
	5.00537 6.58114,
	5.00157 6.56974,
	4.99017 6.57734,
	"/>
</Transform>

<Transform dim="0"
 xcoef=" 0 1 0 0 0 0"
 ycoef=" 0 0 1 0 0 0">
<Contour name="Brax19" hidden="false" closed="true" simplified="false" border="0 1 0" fill="0 1 0" mode="-9"
 points="4.91798 6.85848,
	4.91798 6.82809,
	4.94838 6.82809,
	4.94838 6.7977,
	4.97877 6.7977,
	4.97877 6.82809,
	5.00916 6.82809,
	5.00916 6.85848,
	4.97877 6.85848,
	4.97877 6.88888,
	4.94838 6.88888,
	4.94838 6.85848,
	"/>
</Transform>

<Transform dim="0"
 xcoef=" 0 1 0 0 0 0"
 ycoef=" 0 0 1 0 0 0">
<Contour name="Brax21" hidden="false" closed="true" simplified="false" border="1 0.502 0" fill="1 0.502 0" mode="-9"
 points="3.83736 3.33636,
	3.83736 3.32919,
	3.84454 3.32201,
	3.85171 3.32201,
	3.85889 3.32919,
	3.85889 3.33636,
	3.85171 3.34354,
	3.84454 3.34354,
	"/>
</Transform>

<Transform dim="0"
 xcoef=" 0 1 0 0 0 0"
 ycoef=" 0 0 1 0 0 0">
<Contour name="d06p02" hidden="false" closed="true" simplified="false" border="0.502 0 1" fill="0.5 0 1" mode="-9"
 points="3.69844 1.63994,
	3.68879 1.63673,
	3.69844 1.63351,
	3.69201 1.62385,
	3.70166 1.63029,
	3.70488 1.62063,
	3.7081 1.63029,
	3.71775 1.62385,
	3.71132 1.63351,
	3.72097 1.63673,
	3.71132 1.63994,
	3.71775 1.6496,
	3.7081 1.64316,
	3.70488 1.65282,
	3.70166 1.64316,
	3.69201 1.6496,
	"/>
</Transform>

<Transform dim="0"
 xcoef=" 0 1 0 0 0 0"
 ycoef=" 0 0 1 0 0 0">
<Contour name="d09" hidden="false" closed="true" simplified="true" border="0 1 0" fill="0 1 0" mode="11"
 points="2.71946 4.32213,
	2.72323 4.31837,
	2.73829 4.3146,
	2.74583 4.31083,
	2.74959 4.31083,
	2.75524 4.30518,
	2.75901 4.30518,
	2.76278 4.30142,
	2.82304 4.292,
	2.83057 4.292,
	2.83811 4.28823,
	2.85317 4.28635,
	2.86071 4.28258,
	2.89084 4.28258,
	2.92097 4.29388,
	2.93604 4.29388,
	2.96617 4.28635,
	2.98124 4.2807,
	3.0415 4.2807,
	3.07163 4.27693,
	3.1319 4.28258,
	3.19216 4.292,
	3.20723 4.29388,
	3.211 4.29765,
	3.24113 4.30707,
	3.2562 4.31272,
	3.28633 4.31272,
	3.30139 4.31648,
	3.30516 4.31648,
	3.30893 4.32025,
	3.32399 4.3259,
	3.33906 4.33532,
	3.37861 4.3937,
	3.38426 4.40123,
	3.38991 4.43136,
	3.39556 4.44643,
	3.39744 4.4615,
	3.39556 4.47656,
	3.39556 4.4841,
	3.38426 4.49728,
	3.37673 4.50293,
	3.37296 4.51046,
	3.37108 4.54059,
	3.36919 4.54813,
	3.35789 4.56319,
	3.33153 4.57826,
	3.32776 4.58203,
	3.29951 4.59521,
	3.28821 4.60839,
	3.27503 4.61593,
	3.2675 4.61969,
	3.25243 4.62158,
	3.23736 4.62723,
	3.22983 4.62723,
	3.22606 4.63099,
	3.19593 4.64041,
	3.18086 4.64606,
	3.1658 4.64794,
	3.15073 4.65736,
	3.13567 4.66112,
	3.1206 4.65924,
	3.11683 4.65924,
	3.10365 4.64417,
	3.08858 4.63476,
	3.08105 4.62911,
	3.07728 4.62911,
	3.07352 4.62534,
	3.01325 4.59709,
	2.98312 4.58014,
	2.97559 4.57826,
	2.94545 4.56131,
	2.93039 4.55189,
	2.92097 4.53683,
	2.91909 4.5067,
	2.91344 4.49163,
	2.91155 4.4841,
	2.88519 4.45585,
	2.86071 4.43325,
	2.85317 4.43136,
	2.84941 4.4276,
	2.83434 4.42383,
	2.83057 4.42383,
	2.82681 4.42006,
	2.81174 4.41441,
	2.80421 4.40876,
	2.77596 4.39558,
	2.76089 4.38617,
	2.75713 4.3824,
	2.74206 4.37675,
	2.72888 4.36357,
	2.72511 4.3485,
	2.72323 4.34097,
	2.71946 4.3372,
	2.71946 4.32402,
	"/>
</Transform>

<Transform dim="0"
 xcoef=" 0 1 0 0 0 0"
 ycoef=" 0 0 1 0 0 0">
<Contour name="d09" hidden="false" closed="true" simplified="true" border="0 1 0" fill="0 1 0" mode="11"
 points="2.22039 3.98126,
	2.22604 3.97373,
	2.28631 3.97749,
	2.31644 3.98126,
	2.3202 3.98503,
	2.38047 4.01139,
	2.4106 4.02646,
	2.41625 4.03211,
	2.43132 4.03776,
	2.4558 4.06224,
	2.47652 4.08861,
	2.48405 4.10179,
	2.50665 4.12816,
	2.5349 4.15075,
	2.5462 4.16394,
	2.54808 4.17147,
	2.54808 4.17524,
	2.5575 4.1903,
	2.56126 4.19407,
	2.56126 4.19784,
	2.56503 4.2016,
	2.56503 4.21667,
	2.56503 4.22044,
	2.55373 4.2355,
	2.53866 4.2355,
	2.53113 4.23362,
	2.52737 4.23362,
	2.51983 4.22797,
	2.49912 4.19972,
	2.49347 4.19219,
	2.4897 4.17712,
	2.46333 4.16017,
	2.45015 4.14511,
	2.4219 4.12251,
	2.39177 4.10932,
	2.38424 4.10744,
	2.38047 4.10744,
	2.36729 4.09614,
	2.35975 4.08861,
	2.34469 4.08296,
	2.32962 4.07354,
	2.30137 4.04717,
	2.28631 4.04152,
	2.28254 4.03776,
	2.25241 4.03022,
	2.24487 4.02457,
	2.24111 4.02457,
	2.22792 4.01139,
	2.22416 4.00386,
	2.22039 4.00198,
	2.22039 3.98691,
	2.22039 3.98314,
	"/>
</Transform>

<Transform dim="0"
 xcoef=" 0 1 0 0 0 0"
 ycoef=" 0 0 1 0 0 0">
<Contour name="d09p01" hidden="false" closed="true" simplified="false" border="1 0.502 0" fill="1 0.502 0" mode="-9"
 points="2.74679 4.33901,
	2.74679 4.33447,
	2.75133 4.32993,
	2.75587 4.32993,
	2.76041 4.33447,
	2.76041 4.33901,
	2.75587 4.34355,
	2.75133 4.34355,
	"/>
</Transform>

<Transform dim="0"
 xcoef=" 0 1 0 0 0 0"
 ycoef=" 0 0 1 0 0 0">
<Contour name="Ax01B02ssvr1" hidden="false" closed="true" simplified="false" border="0.5 0 1" fill="0.5 0 1" mode="-9"
 points="5.8734 7.62475,
	5.86379 7.62155,
	5.8734 7.61834,
	5.86699 7.60873,
	5.8766 7.61514,
	5.87981 7.60553,
	5.88301 7.61514,
	5.89262 7.60873,
	5.88622 7.61834,
	5.89583 7.62155,
	5.88622 7.62475,
	5.89262 7.63436,
	5.88301 7.62795,
	5.87981 7.63757,
	5.8766 7.62795,
	5.86699 7.63436,
	"/>
</Transform>

<Transform dim="6"
 xcoef=" 0.127653116996557 1.04007625674483 -0.00124389422278657 0 0 0"
 ycoef=" -0.383977353908912 0.032597233407179 1.02876499466744 0 0 0">
<Image mag="0.0021709" contrast="0.922" brightness="0.03" red="true" green="true" blue="true"
 src="JPTZX.80.jpg" />
<Contour name="domain1" hidden="false" closed="true" simplified="false" border="1 0 1" fill="1 0 1" mode="11"
 points="0 0,
	4083 0,
	4083 4083,
	0 4083,
	"/>
</Transform>

<Transform dim="0"
 xcoef=" 0 1 0 0 0 0"
 ycoef=" 0 0 1 0 0 0">
<Contour name="d03ax04" hidden="false" closed="true" simplified="true" border="0 1 1" fill="0 1 1" mode="-11"
 points="2.14422 4.50755,
	2.15275 4.48478,
	2.17836 4.39372,
	2.18121 4.38803,
	2.18263 4.36527,
	2.18121 4.3425,
	2.17694 4.31974,
	2.1741 4.30835,
	2.1741 4.29697,
	2.18121 4.2742,
	2.1869 4.26282,
	2.1869 4.25998,
	2.20255 4.23721,
	2.20967 4.22867,
	2.21536 4.22583,
	2.22105 4.22014,
	2.23528 4.19737,
	2.24239 4.18599,
	2.25377 4.17461,
	2.26516 4.16749,
	2.27654 4.16322,
	2.28223 4.16038,
	2.29361 4.1618,
	2.29931 4.16607,
	2.31496 4.18883,
	2.32634 4.19879,
	2.33772 4.20306,
	2.34341 4.20449,
	2.3548 4.2116,
	2.36191 4.22014,
	2.38325 4.24148,
	2.40033 4.26424,
	2.40744 4.2742,
	2.41882 4.28416,
	2.44159 4.29839,
	2.46435 4.30835,
	2.47005 4.30835,
	2.48143 4.31262,
	2.50419 4.32685,
	2.51415 4.33681,
	2.51985 4.34819,
	2.52269 4.35957,
	2.52838 4.37096,
	2.53407 4.37665,
	2.55542 4.3923,
	2.56111 4.39799,
	2.56822 4.40795,
	2.57249 4.41933,
	2.57534 4.4421,
	2.57676 4.45348,
	2.58103 4.46486,
	2.5853 4.48763,
	2.58672 4.49332,
	2.60522 4.51466,
	2.6166 4.52178,
	2.66213 4.53743,
	2.67351 4.54028,
	2.67636 4.54312,
	2.68205 4.54454,
	2.69343 4.55166,
	2.70339 4.56304,
	2.71051 4.57442,
	2.72047 4.58581,
	2.74181 4.59861,
	2.75319 4.60573,
	2.75746 4.61711,
	2.75604 4.62849,
	2.74323 4.65126,
	2.71051 4.69394,
	2.67493 4.73947,
	2.65359 4.75939,
	2.64221 4.76793,
	2.61944 4.77789,
	2.60806 4.785,
	2.56253 4.80208,
	2.517 4.80635,
	2.49423 4.80635,
	2.47147 4.79781,
	2.46009 4.79496,
	2.4487 4.78927,
	2.42594 4.78358,
	2.38041 4.76508,
	2.36902 4.75512,
	2.36191 4.74374,
	2.35906 4.74232,
	2.35906 4.73947,
	2.34341 4.71671,
	2.33488 4.70532,
	2.32634 4.69679,
	2.30357 4.68114,
	2.29361 4.66975,
	2.28223 4.66264,
	2.27227 4.65268,
	2.26943 4.65126,
	2.26943 4.64841,
	2.22532 4.61569,
	2.20682 4.59434,
	2.19971 4.57158,
	2.19544 4.56019,
	2.18832 4.54881,
	2.18406 4.54454,
	2.17267 4.54454,
	2.16698 4.54312,
	2.14422 4.52462,
	2.14422 4.51324,
	2.14422 4.50897,
	"/>
</Transform>

<Transform dim="0"
 xcoef=" 0 1 0 0 0 0"
 ycoef=" 0 0 1 0 0 0">
<Contour name="d09ax02" hidden="false" closed="true" simplified="true" border="0 1 1" fill="0 1 1" mode="-11"
 points="2.00805 4.59343,
	2.02993 4.56818,
	2.03666 4.5665,
	2.05013 4.5564,
	2.05349 4.55303,
	2.06023 4.55135,
	2.06696 4.5463,
	2.08042 4.54293,
	2.10736 4.54293,
	2.13429 4.5463,
	2.18815 4.54798,
	2.20161 4.54967,
	2.20498 4.54967,
	2.21845 4.56313,
	2.23696 4.58838,
	2.24369 4.60185,
	2.24538 4.60858,
	2.25379 4.62204,
	2.27568 4.64898,
	2.28409 4.66244,
	2.30934 4.68432,
	2.33627 4.70115,
	2.34974 4.71125,
	2.3632 4.72472,
	2.36657 4.73145,
	2.36657 4.74492,
	2.36152 4.75838,
	2.34974 4.76848,
	2.34469 4.77521,
	2.34132 4.78868,
	2.33122 4.80215,
	2.31775 4.81224,
	2.30429 4.81898,
	2.29756 4.82234,
	2.29082 4.82908,
	2.28577 4.84254,
	2.28577 4.84927,
	2.27231 4.87621,
	2.26558 4.88294,
	2.25211 4.88631,
	2.23864 4.89304,
	2.21171 4.89472,
	2.19825 4.89304,
	2.18478 4.88799,
	2.17805 4.88126,
	2.16963 4.86947,
	2.16458 4.85601,
	2.15953 4.84927,
	2.15617 4.83581,
	2.15449 4.80888,
	2.15112 4.80215,
	2.14944 4.78868,
	2.14439 4.77521,
	2.12755 4.74828,
	2.12082 4.73482,
	2.10736 4.72304,
	2.09389 4.71462,
	2.08716 4.71462,
	2.08042 4.71125,
	2.06696 4.70957,
	2.05349 4.70284,
	2.04171 4.69105,
	2.0333 4.67759,
	2.02993 4.66412,
	2.02656 4.65739,
	2.01983 4.65066,
	2.00805 4.62373,
	2.00805 4.5968,
	2.00805 4.59511,
	"/>
</Transform>

<Transform dim="0"
 xcoef=" 0 1 0 0 0 0"
 ycoef=" 0 0 1 0 0 0">
<Contour name="d03ax04ssvr" hidden="false" closed="true" simplified="false" border="0 1 0" fill="0 1 0" mode="11"
 points="2.31478 4.34092,
	2.30494 4.33108,
	2.31478 4.32124,
	2.32462 4.33108,
	"/>
<Contour name="d03ax04ssvr" hidden="false" closed="true" simplified="false" border="0 1 0" fill="0 1 0" mode="11"
 points="2.33586 4.37745,
	2.32602 4.36762,
	2.33586 4.35778,
	2.3457 4.36762,
	"/>
<Contour name="d03ax04ssvr" hidden="false" closed="true" simplified="false" border="0 1 0" fill="0 1 0" mode="11"
 points="2.28949 4.38026,
	2.27965 4.37043,
	2.28949 4.36059,
	2.29932 4.37043,
	"/>
<Contour name="d03ax04ssvr" hidden="false" closed="true" simplified="false" border="0 1 0" fill="0 1 0" mode="11"
 points="2.26279 4.33951,
	2.25295 4.32967,
	2.26279 4.31984,
	2.27262 4.32967,
	"/>
<Contour name="d03ax04ssvr" hidden="false" closed="true" simplified="false" border="0 1 0" fill="0 1 0" mode="11"
 points="2.22484 4.3634,
	2.21501 4.35356,
	2.22484 4.34373,
	2.23468 4.35356,
	"/>
<Contour name="d03ax04ssvr" hidden="false" closed="true" simplified="false" border="0 1 0" fill="0 1 0" mode="11"
 points="2.22906 4.40556,
	2.21922 4.39572,
	2.22906 4.38588,
	2.2389 4.39572,
	"/>
<Contour name="d03ax04ssvr" hidden="false" closed="true" simplified="false" border="0 1 0" fill="0 1 0" mode="11"
 points="2.21501 4.45193,
	2.20517 4.4421,
	2.21501 4.43226,
	2.22484 4.4421,
	"/>
<Contour name="d03ax04ssvr" hidden="false" closed="true" simplified="false" border="0 1 0" fill="0 1 0" mode="11"
 points="2.19814 4.50252,
	2.18831 4.49269,
	2.19814 4.48285,
	2.20798 4.49269,
	"/>
<Contour name="d03ax04ssvr" hidden="false" closed="true" simplified="false" border="0 1 0" fill="0 1 0" mode="11"
 points="2.22625 4.52079,
	2.21641 4.51096,
	2.22625 4.50112,
	2.23609 4.51096,
	"/>
<Contour name="d03ax04ssvr" hidden="false" closed="true" simplified="false" border="0 1 0" fill="0 1 0" mode="11"
 points="2.27824 4.42945,
	2.26841 4.41961,
	2.27824 4.40977,
	2.28808 4.41961,
	"/>
<Contour name="d03ax04ssvr" hidden="false" closed="true" simplified="false" border="0 1 0" fill="0 1 0" mode="11"
 points="2.2923 4.46318,
	2.28246 4.45334,
	2.2923 4.4435,
	2.30213 4.45334,
	"/>
<Contour name="d03ax04ssvr" hidden="false" closed="true" simplified="false" border="0 1 0" fill="0 1 0" mode="11"
 points="2.30073 4.48425,
	2.29089 4.47442,
	2.30073 4.46458,
	2.31057 4.47442,
	"/>
<Contour name="d03ax04ssvr" hidden="false" closed="true" simplified="false" border="0 1 0" fill="0 1 0" mode="11"
 points="2.34289 4.48144,
	2.33305 4.47161,
	2.34289 4.46177,
	2.35272 4.47161,
	"/>
<Contour name="d03ax04ssvr" hidden="false" closed="true" simplified="false" border="0 1 0" fill="0 1 0" mode="11"
 points="2.33727 4.42102,
	2.32743 4.41118,
	2.33727 4.40134,
	2.3471 4.41118,
	"/>
<Contour name="d03ax04ssvr" hidden="false" closed="true" simplified="false" border="0 1 0" fill="0 1 0" mode="11"
 points="2.38364 4.40696,
	2.3738 4.39713,
	2.38364 4.38729,
	2.39348 4.39713,
	"/>
<Contour name="d03ax04ssvr" hidden="false" closed="true" simplified="false" border="0 1 0" fill="0 1 0" mode="11"
 points="2.37802 4.44631,
	2.36818 4.43648,
	2.37802 4.42664,
	2.38786 4.43648,
	"/>
<Contour name="d03ax04ssvr" hidden="false" closed="true" simplified="false" border="0 1 0" fill="0 1 0" mode="11"
 points="2.43704 4.3887,
	2.4272 4.37886,
	2.43704 4.36902,
	2.44688 4.37886,
	"/>
<Contour name="d03ax04ssvr" hidden="false" closed="true" simplified="false" border="0 1 0" fill="0 1 0" mode="11"
 points="2.4272 4.42383,
	2.41737 4.41399,
	2.4272 4.40415,
	2.43704 4.41399,
	"/>
<Contour name="d03ax04ssvr" hidden="false" closed="true" simplified="false" border="0 1 0" fill="0 1 0" mode="11"
 points="2.51574 4.42664,
	2.5059 4.4168,
	2.51574 4.40696,
	2.52557 4.4168,
	"/>
<Contour name="d03ax04ssvr" hidden="false" closed="true" simplified="false" border="0 1 0" fill="0 1 0" mode="11"
 points="2.49606 4.45474,
	2.48623 4.44491,
	2.49606 4.43507,
	2.5059 4.44491,
	"/>
<Contour name="d03ax04ssvr" hidden="false" closed="true" simplified="false" border="0 1 0" fill="0 1 0" mode="11"
 points="2.44969 4.48425,
	2.43985 4.47442,
	2.44969 4.46458,
	2.45953 4.47442,
	"/>
<Contour name="d03ax04ssvr" hidden="false" closed="true" simplified="false" border="0 1 0" fill="0 1 0" mode="11"
 points="2.49325 4.50955,
	2.48342 4.49971,
	2.49325 4.48988,
	2.50309 4.49971,
	"/>
<Contour name="d03ax04ssvr" hidden="false" closed="true" simplified="false" border="0 1 0" fill="0 1 0" mode="11"
 points="2.42861 4.52079,
	2.41877 4.51096,
	2.42861 4.50112,
	2.43845 4.51096,
	"/>
<Contour name="d03ax04ssvr" hidden="false" closed="true" simplified="false" border="0 1 0" fill="0 1 0" mode="11"
 points="2.40191 4.56155,
	2.39207 4.55171,
	2.40191 4.54187,
	2.41175 4.55171,
	"/>
<Contour name="d03ax04ssvr" hidden="false" closed="true" simplified="false" border="0 1 0" fill="0 1 0" mode="11"
 points="2.34991 4.56014,
	2.34008 4.5503,
	2.34991 4.54047,
	2.35975 4.5503,
	"/>
<Contour name="d03ax04ssvr" hidden="false" closed="true" simplified="false" border="0 1 0" fill="0 1 0" mode="11"
 points="2.37942 4.59106,
	2.36959 4.58122,
	2.37942 4.57138,
	2.38926 4.58122,
	"/>
<Contour name="d03ax04ssvr" hidden="false" closed="true" simplified="false" border="0 1 0" fill="0 1 0" mode="11"
 points="2.40894 4.60651,
	2.3991 4.59668,
	2.40894 4.58684,
	2.41877 4.59668,
	"/>
<Contour name="d03ax04ssvr" hidden="false" closed="true" simplified="false" border="0 1 0" fill="0 1 0" mode="11"
 points="2.45531 4.55592,
	2.44547 4.54609,
	2.45531 4.53625,
	2.46515 4.54609,
	"/>
<Contour name="d03ax04ssvr" hidden="false" closed="true" simplified="false" border="0 1 0" fill="0 1 0" mode="11"
 points="2.44828 4.63743,
	2.43845 4.62759,
	2.44828 4.61776,
	2.45812 4.62759,
	"/>
<Contour name="d03ax04ssvr" hidden="false" closed="true" simplified="false" border="0 1 0" fill="0 1 0" mode="11"
 points="2.36397 4.63884,
	2.35413 4.629,
	2.36397 4.61916,
	2.3738 4.629,
	"/>
<Contour name="d03ax04ssvr" hidden="false" closed="true" simplified="false" border="0 1 0" fill="0 1 0" mode="11"
 points="2.35834 4.68662,
	2.34851 4.67678,
	2.35834 4.66694,
	2.36818 4.67678,
	"/>
<Contour name="d03ax04ssvr" hidden="false" closed="true" simplified="false" border="0 1 0" fill="0 1 0" mode="11"
 points="2.38645 4.66694,
	2.37661 4.6571,
	2.38645 4.64727,
	2.39629 4.6571,
	"/>
<Contour name="d03ax04ssvr" hidden="false" closed="true" simplified="false" border="0 1 0" fill="0 1 0" mode="11"
 points="2.47077 4.71613,
	2.46093 4.70629,
	2.47077 4.69645,
	2.4806 4.70629,
	"/>
<Contour name="d03ax04ssvr" hidden="false" closed="true" simplified="false" border="0 1 0" fill="0 1 0" mode="11"
 points="2.43704 4.75126,
	2.4272 4.74142,
	2.43704 4.73158,
	2.44688 4.74142,
	"/>
<Contour name="d03ax04ssvr" hidden="false" closed="true" simplified="false" border="0 1 0" fill="0 1 0" mode="11"
 points="2.49887 4.74845,
	2.48904 4.73861,
	2.49887 4.72877,
	2.50871 4.73861,
	"/>
<Contour name="d03ax04ssvr" hidden="false" closed="true" simplified="false" border="0 1 0" fill="0 1 0" mode="11"
 points="2.51433 4.71191,
	2.50449 4.70207,
	2.51433 4.69224,
	2.52417 4.70207,
	"/>
<Contour name="d03ax04ssvr" hidden="false" closed="true" simplified="false" border="0 1 0" fill="0 1 0" mode="11"
 points="2.48623 4.66694,
	2.47639 4.6571,
	2.48623 4.64727,
	2.49606 4.6571,
	"/>
<Contour name="d03ax04ssvr" hidden="false" closed="true" simplified="false" border="0 1 0" fill="0 1 0" mode="11"
 points="2.51574 4.6557,
	2.5059 4.64586,
	2.51574 4.63603,
	2.52557 4.64586,
	"/>
<Contour name="d03ax04ssvr" hidden="false" closed="true" simplified="false" border="0 1 0" fill="0 1 0" mode="11"
 points="2.52417 4.61776,
	2.51433 4.60792,
	2.52417 4.59808,
	2.53401 4.60792,
	"/>
<Contour name="d03ax04ssvr" hidden="false" closed="true" simplified="false" border="0 1 0" fill="0 1 0" mode="11"
 points="2.49747 4.58825,
	2.48763 4.57841,
	2.49747 4.56857,
	2.5073 4.57841,
	"/>
<Contour name="d03ax04ssvr" hidden="false" closed="true" simplified="false" border="0 1 0" fill="0 1 0" mode="11"
 points="2.61551 4.72877,
	2.60567 4.71894,
	2.61551 4.7091,
	2.62535 4.71894,
	"/>
<Contour name="d03ax04ssvr" hidden="false" closed="true" simplified="false" border="0 1 0" fill="0 1 0" mode="11"
 points="2.60286 4.69083,
	2.59303 4.68099,
	2.60286 4.67116,
	2.6127 4.68099,
	"/>
</Transform>

<Transform dim="0"
 xcoef=" 0 1 0 0 0 0"
 ycoef=" 0 0 1 0 0 0">
<Contour name="d09ax02ssvr" hidden="false" closed="true" simplified="false" border="0 1 0" fill="0 1 0" mode="11"
 points="2.19151 4.67813,
	2.18121 4.66782,
	2.19151 4.65752,
	2.20182 4.66782,
	"/>
<Contour name="d09ax02ssvr" hidden="false" closed="true" simplified="false" border="0 1 0" fill="0 1 0" mode="11"
 points="2.13556 4.6693,
	2.12525 4.65899,
	2.13556 4.64868,
	2.14587 4.65899,
	"/>
<Contour name="d09ax02ssvr" hidden="false" closed="true" simplified="false" border="0 1 0" fill="0 1 0" mode="11"
 points="2.16648 4.59715,
	2.15617 4.58684,
	2.16648 4.57654,
	2.17679 4.58684,
	"/>
<Contour name="d09ax02ssvr" hidden="false" closed="true" simplified="false" border="0 1 0" fill="0 1 0" mode="11"
 points="2.11789 4.5839,
	2.10759 4.57359,
	2.11789 4.56328,
	2.1282 4.57359,
	"/>
<Contour name="d09ax02ssvr" hidden="false" closed="true" simplified="false" border="0 1 0" fill="0 1 0" mode="11"
 points="2.0693 4.64868,
	2.059 4.63838,
	2.0693 4.62807,
	2.07961 4.63838,
	"/>
<Contour name="d09ax02ssvr" hidden="false" closed="true" simplified="false" border="0 1 0" fill="0 1 0" mode="11"
 points="2.20035 4.64427,
	2.19004 4.63396,
	2.20035 4.62365,
	2.21065 4.63396,
	"/>
<Contour name="d09ax02ssvr" hidden="false" closed="true" simplified="false" border="0 1 0" fill="0 1 0" mode="11"
 points="2.24599 4.70611,
	2.23568 4.6958,
	2.24599 4.68549,
	2.2563 4.6958,
	"/>
<Contour name="d09ax02ssvr" hidden="false" closed="true" simplified="false" border="0 1 0" fill="0 1 0" mode="11"
 points="2.20771 4.73555,
	2.1974 4.72525,
	2.20771 4.71494,
	2.21801 4.72525,
	"/>
<Contour name="d09ax02ssvr" hidden="false" closed="true" simplified="false" border="0 1 0" fill="0 1 0" mode="11"
 points="2.19151 4.77531,
	2.18121 4.765,
	2.19151 4.75469,
	2.20182 4.765,
	"/>
</Transform>

</Section>