<?xml version="1.0"?>
<!DOCTYPE Section SYSTEM "section.dtd">

<Section index="133" thickness="0.038" alignLocked="true">
<Transform dim="0"
 xcoef=" 0 1 0 0 0 0"
 ycoef=" 0 0 1 0 0 0">
<Contour name="d01" hidden="false" closed="true" simplified="true" border="1 0.5 0" fill="1 0.5 0" mode="11"
 points="6.5678 4.02073,
	6.57462 4.00253,
	6.59054 3.98662,
	6.60873 3.97979,
	6.64512 3.95478,
	6.66331 3.93658,
	6.6815 3.93431,
	6.6906 3.93431,
	6.70879 3.94341,
	6.74518 3.94568,
	6.78157 3.94341,
	6.79976 3.94568,
	6.82933 3.97979,
	6.84524 3.99344,
	6.86344 3.99799,
	6.87253 4.00253,
	6.87708 4.00708,
	6.87708 4.02528,
	6.87026 4.03437,
	6.83387 4.05029,
	6.81568 4.05711,
	6.79749 4.06849,
	6.72471 4.09123,
	6.68833 4.10487,
	6.67923 4.10715,
	6.64284 4.13671,
	6.63375 4.14126,
	6.61555 4.13898,
	6.59736 4.13216,
	6.57007 4.09805,
	6.5678 4.07986,
	6.57007 4.06166,
	6.5678 4.02528,
	6.5678 4.023,
	"/>
</Transform>

<Transform dim="0"
 xcoef=" 0 1 0 0 0 0"
 ycoef=" 0 0 1 0 0 0">
<Contour name="d01" hidden="false" closed="true" simplified="true" border="1 0.5 0" fill="1 0.5 0" mode="11"
 points="4.03324 2.76087,
	4.03936 2.74456,
	4.04752 2.73641,
	4.06383 2.72825,
	4.06791 2.72417,
	4.10053 2.72417,
	4.11684 2.73437,
	4.12704 2.75068,
	4.12704 2.7833,
	4.12908 2.79146,
	4.14539 2.80369,
	4.1719 2.8302,
	4.1719 2.84651,
	4.16578 2.86283,
	4.1617 2.87098,
	4.15762 2.87506,
	4.14131 2.87506,
	4.13316 2.87506,
	4.11684 2.88118,
	4.08422 2.88322,
	4.07606 2.87914,
	4.06179 2.86283,
	4.05363 2.84651,
	4.05363 2.83836,
	4.04548 2.82205,
	4.0414 2.80573,
	4.0414 2.78942,
	4.03732 2.78127,
	4.03324 2.77719,
	4.03324 2.76291,
	"/>
</Transform>

<Transform dim="0"
 xcoef=" 0 1 0 0 0 0"
 ycoef=" 0 0 1 0 0 0">
<Contour name="d01" hidden="false" closed="true" simplified="true" border="1 0.5 0" fill="1 0.5 0" mode="11"
 points="3.03668 3.04797,
	3.05644 3.02821,
	3.06773 3.02257,
	3.11288 3.02257,
	3.13546 3.02821,
	3.14675 3.03668,
	3.14675 3.04797,
	3.14675 3.05361,
	3.13546 3.0649,
	3.11288 3.07337,
	3.10159 3.07337,
	3.0903 3.06773,
	3.04515 3.0649,
	3.03668 3.05644,
	3.03668 3.05079,
	"/>
</Transform>

<Transform dim="0"
 xcoef=" 0 1 0 0 0 0"
 ycoef=" 0 0 1 0 0 0">
<Contour name="d01" hidden="false" closed="true" simplified="true" border="1 0.5 0" fill="1 0.5 0" mode="11"
 points="4.40155 4.1628,
	4.40669 4.14226,
	4.41696 4.13328,
	4.42209 4.12814,
	4.46317 4.10375,
	4.48371 4.09605,
	4.49397 4.09092,
	4.53505 4.07936,
	4.57613 4.07166,
	4.59666 4.07038,
	4.6172 4.07166,
	4.62747 4.07295,
	4.64801 4.08065,
	4.66855 4.08065,
	4.68909 4.0845,
	4.69935 4.09477,
	4.70321 4.0999,
	4.70449 4.11017,
	4.69679 4.13071,
	4.69294 4.14098,
	4.69037 4.14611,
	4.6878 4.14868,
	4.6878 4.15895,
	4.69037 4.16922,
	4.69294 4.17435,
	4.69294 4.18462,
	4.68652 4.19489,
	4.68138 4.20002,
	4.67111 4.20388,
	4.66085 4.21158,
	4.61977 4.2334,
	4.57869 4.25779,
	4.55816 4.26806,
	4.54789 4.27191,
	4.54275 4.27447,
	4.50168 4.27447,
	4.4606 4.26035,
	4.45033 4.25394,
	4.41439 4.21414,
	4.40797 4.20388,
	4.40155 4.18334,
	4.40155 4.16408,
	"/>
</Transform>

<Transform dim="0"
 xcoef=" 0 1 0 0 0 0"
 ycoef=" 0 0 1 0 0 0">
<Contour name="d01" hidden="false" closed="true" simplified="true" border="1 0.5 0" fill="1 0.5 0" mode="11"
 points="2.99461 3.8229,
	3.00909 3.79973,
	3.01054 3.77656,
	3.00909 3.76498,
	3.00474 3.75339,
	2.99605 3.74181,
	2.99605 3.73023,
	2.9975 3.72443,
	3.00619 3.71285,
	3.00764 3.68968,
	3.00909 3.67809,
	3.01198 3.6723,
	3.01488 3.66941,
	3.01922 3.64624,
	3.01922 3.64045,
	3.02936 3.61728,
	3.03515 3.60569,
	3.03805 3.59411,
	3.0337 3.57094,
	3.02357 3.54777,
	3.02357 3.53618,
	3.02646 3.5246,
	3.02791 3.51881,
	3.02502 3.50722,
	3.02502 3.48405,
	3.02502 3.47247,
	3.02936 3.46088,
	3.04094 3.45075,
	3.04674 3.4464,
	3.06991 3.44785,
	3.0728 3.44785,
	3.08439 3.45509,
	3.10756 3.46523,
	3.11914 3.47392,
	3.13072 3.47971,
	3.17706 3.47826,
	3.2234 3.49129,
	3.23499 3.49564,
	3.25815 3.50867,
	3.30449 3.52315,
	3.31608 3.52605,
	3.36242 3.52605,
	3.38558 3.52026,
	3.39717 3.51446,
	3.40875 3.51157,
	3.41455 3.50722,
	3.43772 3.49998,
	3.46088 3.49564,
	3.47247 3.49564,
	3.47826 3.49564,
	3.5246 3.48261,
	3.61728 3.45075,
	3.62886 3.44785,
	3.6752 3.44785,
	3.76788 3.46378,
	3.81421 3.47392,
	3.86055 3.4884,
	3.88372 3.49564,
	3.89531 3.49998,
	3.90689 3.50143,
	3.91268 3.50433,
	3.91847 3.50143,
	3.93006 3.50288,
	3.9402 3.51301,
	3.94744 3.5246,
	3.95902 3.52894,
	3.9706 3.52894,
	3.99377 3.53474,
	4.00536 3.53763,
	4.02853 3.55211,
	4.0517 3.57383,
	4.06328 3.58397,
	4.07197 3.60714,
	4.07631 3.61872,
	4.0879 3.62596,
	4.09803 3.6361,
	4.09659 3.65927,
	4.09514 3.67085,
	4.09369 3.67665,
	4.08935 3.68244,
	4.06618 3.68534,
	4.06038 3.68678,
	4.05459 3.69113,
	4.0517 3.69692,
	4.05459 3.7085,
	4.05459 3.72009,
	4.05894 3.73167,
	4.07921 3.7505,
	4.08935 3.76063,
	4.09079 3.77222,
	4.08935 3.79539,
	4.09079 3.80118,
	4.09514 3.80697,
	4.09659 3.80987,
	4.11976 3.81711,
	4.12555 3.81856,
	4.13713 3.82725,
	4.14148 3.83304,
	4.14292 3.85621,
	4.15017 3.87938,
	4.16175 3.88662,
	4.17333 3.89096,
	4.17623 3.89096,
	4.18637 3.90255,
	4.18782 3.90834,
	4.19216 3.91413,
	4.19795 3.91703,
	4.22112 3.91703,
	4.23271 3.91847,
	4.2356 3.91847,
	4.24574 3.92861,
	4.25153 3.93151,
	4.25732 3.93151,
	4.26891 3.93875,
	4.27904 3.95033,
	4.29063 3.95757,
	4.3138 3.9764,
	4.32538 3.98509,
	4.37027 4.02998,
	4.3862 4.05314,
	4.3891 4.05894,
	4.39199 4.06183,
	4.39634 4.07342,
	4.39634 4.09659,
	4.39489 4.10817,
	4.39054 4.11976,
	4.36882 4.14148,
	4.36448 4.14582,
	4.36158 4.15741,
	4.35869 4.20374,
	4.35869 4.20954,
	4.36738 4.22112,
	4.37317 4.24429,
	4.37606 4.25008,
	4.39923 4.26891,
	4.40937 4.28049,
	4.41227 4.28628,
	4.41082 4.30945,
	4.41082 4.31235,
	4.40068 4.32393,
	4.39923 4.32973,
	4.40068 4.33552,
	4.40647 4.34131,
	4.41227 4.35289,
	4.41227 4.36448,
	4.41227 4.37027,
	4.40503 4.38186,
	4.3862 4.40503,
	4.3833 4.41082,
	4.38041 4.41371,
	4.38041 4.43688,
	4.38765 4.46005,
	4.41806 4.50639,
	4.43399 4.52956,
	4.43688 4.53535,
	4.43543 4.55852,
	4.43399 4.56431,
	4.42819 4.57011,
	4.41661 4.5759,
	4.41082 4.58024,
	4.39923 4.58314,
	4.39344 4.58603,
	4.38186 4.58603,
	4.37606 4.58603,
	4.37027 4.58314,
	4.36738 4.58314,
	4.35579 4.57445,
	4.33986 4.55128,
	4.33552 4.5397,
	4.31525 4.51797,
	4.308 4.50639,
	4.29787 4.49481,
	4.2747 4.48467,
	4.26311 4.47453,
	4.25732 4.46874,
	4.24574 4.46295,
	4.23995 4.46295,
	4.21678 4.45281,
	4.20519 4.44702,
	4.1994 4.44557,
	4.18782 4.43688,
	4.17623 4.4253,
	4.17044 4.4224,
	4.15885 4.4224,
	4.15306 4.4224,
	4.14727 4.42675,
	4.1241 4.42675,
	4.1212 4.42675,
	4.11541 4.42095,
	4.10817 4.40937,
	4.06183 4.40213,
	4.01549 4.40358,
	4.00391 4.40792,
	3.99233 4.41516,
	3.98364 4.42675,
	3.98074 4.43254,
	3.96916 4.43978,
	3.94599 4.44412,
	3.92282 4.44412,
	3.91123 4.44123,
	3.81856 4.44123,
	3.79539 4.44123,
	3.7838 4.43833,
	3.77801 4.43688,
	3.76643 4.42819,
	3.74326 4.40647,
	3.73167 4.39923,
	3.72009 4.39634,
	3.62741 4.39489,
	3.58107 4.39489,
	3.55791 4.3891,
	3.54632 4.38186,
	3.52315 4.36158,
	3.51157 4.35289,
	3.50143 4.34131,
	3.49419 4.32973,
	3.48985 4.32393,
	3.48116 4.30076,
	3.47826 4.29787,
	3.47392 4.2747,
	3.47102 4.26311,
	3.46812 4.25732,
	3.46812 4.23415,
	3.46812 4.22257,
	3.46378 4.21098,
	3.45654 4.1994,
	3.45654 4.19361,
	3.45364 4.18782,
	3.44206 4.18057,
	3.43048 4.17623,
	3.40731 4.17478,
	3.40151 4.17333,
	3.37834 4.15596,
	3.36676 4.15161,
	3.35518 4.15017,
	3.34359 4.14292,
	3.33345 4.13134,
	3.32187 4.12265,
	3.2987 4.11541,
	3.29291 4.11396,
	3.28132 4.10383,
	3.26395 4.08066,
	3.25815 4.07487,
	3.23499 4.06183,
	3.18865 4.04735,
	3.16548 4.03432,
	3.14231 4.01839,
	3.11914 4.00536,
	3.10756 3.99957,
	3.10466 3.99667,
	3.10176 3.99667,
	3.09887 3.99377,
	3.09597 3.99377,
	3.0728 3.97495,
	3.02791 3.92861,
	3.01922 3.91703,
	3.01343 3.91123,
	3.00329 3.88806,
	2.9975 3.8649,
	2.99461 3.84173,
	2.99461 3.83014,
	2.99461 3.82435,
	"/>
</Transform>

<Transform dim="0"
 xcoef=" 0 1 0 0 0 0"
 ycoef=" 0 0 1 0 0 0">
<Contour name="d01" hidden="false" closed="true" simplified="true" border="1 0.5 0" fill="1 0.5 0" mode="11"
 points="4.70897 4.90144,
	4.71997 4.87211,
	4.7273 4.84278,
	4.7273 4.81345,
	4.7273 4.79879,
	4.7328 4.78413,
	4.74197 4.76946,
	4.7658 4.74197,
	4.78046 4.73464,
	4.83912 4.73464,
	4.89777 4.75113,
	4.9051 4.7548,
	4.96376 4.75297,
	4.97109 4.75297,
	5.00042 4.7658,
	5.01508 4.77863,
	5.02608 4.79329,
	5.02975 4.80062,
	5.03158 4.82995,
	5.03341 4.83728,
	5.03891 4.84462,
	5.03891 4.87394,
	5.03708 4.88861,
	5.02791 4.90327,
	5.00042 4.9271,
	4.98759 4.94176,
	4.97292 4.9491,
	4.9436 4.95093,
	4.91427 4.97659,
	4.8996 4.98759,
	4.89227 4.99309,
	4.87761 4.99859,
	4.84828 5.00042,
	4.81895 4.99859,
	4.80429 4.99675,
	4.77496 4.98576,
	4.74563 4.98026,
	4.73097 4.97292,
	4.71997 4.95826,
	4.71264 4.9436,
	4.70897 4.93626,
	4.70897 4.90694,
	4.70897 4.90327,
	"/>
</Transform>

<Transform dim="0"
 xcoef=" 0 1 0 0 0 0"
 ycoef=" 0 0 1 0 0 0">
<Contour name="d01" hidden="false" closed="true" simplified="true" border="1 0.5 0" fill="1 0.5 0" mode="11"
 points="4.33504 2.7165,
	4.34421 2.70184,
	4.34787 2.69451,
	4.34787 2.67984,
	4.35154 2.66518,
	4.36437 2.65235,
	4.3607 2.64502,
	4.3662 2.63035,
	4.39003 2.60102,
	4.41936 2.57903,
	4.43402 2.56986,
	4.44869 2.5662,
	4.47802 2.5662,
	4.50734 2.56986,
	4.52201 2.56986,
	4.53667 2.57353,
	4.544 2.57903,
	4.54767 2.58269,
	4.54767 2.61202,
	4.54767 2.62669,
	4.55134 2.64135,
	4.56417 2.65601,
	4.56967 2.66335,
	4.5715 2.722,
	4.57516 2.73667,
	4.57333 2.75133,
	4.5605 2.78066,
	4.55134 2.79532,
	4.5385 2.80999,
	4.50918 2.82282,
	4.49451 2.82832,
	4.46885 2.85581,
	4.43952 2.85764,
	4.42486 2.85215,
	4.39553 2.83382,
	4.38087 2.82648,
	4.36804 2.81182,
	4.36254 2.79716,
	4.3607 2.78982,
	4.34971 2.77516,
	4.34787 2.7605,
	4.34787 2.75316,
	4.33871 2.74033,
	4.33504 2.73667,
	4.33504 2.722,
	4.33504 2.71834,
	"/>
</Transform>

<Transform dim="0"
 xcoef=" 0 1 0 0 0 0"
 ycoef=" 0 0 1 0 0 0">
<Contour name="d01" hidden="false" closed="true" simplified="true" border="1 0.5 0" fill="1 0.5 0" mode="11"
 points="1.76007 3.82372,
	1.7691 3.80926,
	1.79621 3.78577,
	1.81066 3.77854,
	1.83958 3.75686,
	1.86849 3.7424,
	1.87572 3.73879,
	1.87933 3.73517,
	1.90824 3.72614,
	1.9227 3.72072,
	1.95161 3.71529,
	1.98053 3.70626,
	2.03835 3.70445,
	2.06727 3.70626,
	2.09618 3.71168,
	2.12509 3.72252,
	2.13955 3.72794,
	2.154 3.73698,
	2.16846 3.75144,
	2.18834 3.78035,
	2.21183 3.80926,
	2.21906 3.81649,
	2.22629 3.83095,
	2.22809 3.8454,
	2.22629 3.85263,
	2.21183 3.86528,
	2.18292 3.88154,
	2.16846 3.88696,
	2.16123 3.89058,
	2.15762 3.89058,
	2.1287 3.91046,
	2.07088 3.93395,
	2.04197 3.94479,
	2.01305 3.96467,
	1.98414 3.97912,
	1.98053 3.97912,
	1.97691 3.98274,
	1.96246 3.98816,
	1.93354 3.98816,
	1.90463 3.99358,
	1.87572 3.99358,
	1.84681 3.98455,
	1.81789 3.96647,
	1.80524 3.95383,
	1.80163 3.95021,
	1.79801 3.93575,
	1.78356 3.90684,
	1.77633 3.89239,
	1.7691 3.86347,
	1.76729 3.85624,
	1.76187 3.84902,
	1.76007 3.83456,
	1.76007 3.82733,
	1.76007 3.82552,
	"/>
</Transform>

<Transform dim="0"
 xcoef=" 0 1 0 0 0 0"
 ycoef=" 0 0 1 0 0 0">
<Contour name="d01mito01" hidden="false" closed="true" simplified="true" border="0 0.25098 0.501961" fill="0.5 0 1" mode="-11"
 points="3.77452 4.05203,
	3.77561 4.04336,
	3.77886 4.03469,
	3.78103 4.03035,
	3.78103 4.01301,
	3.78428 3.99566,
	3.78645 3.98699,
	3.78862 3.98265,
	3.79729 3.97615,
	3.79837 3.96748,
	3.79946 3.96314,
	3.79946 3.96097,
	3.80813 3.95339,
	3.82547 3.94797,
	3.84282 3.94688,
	3.85149 3.94363,
	3.85582 3.94255,
	3.87317 3.93279,
	3.89051 3.92629,
	3.89918 3.92303,
	3.90352 3.92087,
	3.92087 3.92195,
	3.92954 3.92303,
	3.96423 3.93387,
	3.98157 3.94363,
	3.98916 3.95013,
	3.99349 3.95447,
	4.00108 3.95772,
	4.00542 3.95664,
	4.02276 3.96314,
	4.0271 3.96531,
	4.02601 3.98265,
	4.0271 3.99133,
	4.03252 4,
	4.04119 4.0065,
	4.05853 4.02276,
	4.07046 4.04011,
	4.07046 4.04878,
	4.07046 4.05311,
	4.06721 4.06179,
	4.06721 4.07913,
	4.06721 4.08347,
	4.06287 4.09214,
	4.05637 4.10081,
	4.0542 4.10515,
	4.0542 4.10948,
	4.05962 4.11815,
	4.05853 4.12683,
	4.05311 4.1355,
	4.04769 4.15284,
	4.03143 4.16694,
	3.99675 4.17886,
	3.9794 4.18428,
	3.97073 4.18645,
	3.96639 4.18862,
	3.93171 4.18862,
	3.92303 4.18753,
	3.90569 4.18211,
	3.89702 4.18103,
	3.87967 4.17452,
	3.86233 4.1626,
	3.85366 4.15718,
	3.8374 4.142,
	3.82005 4.13116,
	3.80596 4.1149,
	3.79729 4.1084,
	3.79295 4.10623,
	3.78862 4.10189,
	3.77886 4.08455,
	3.77561 4.07588,
	3.77452 4.05853,
	3.77452 4.0542,
	3.77452 4.05311,
	"/>
</Transform>

<Transform dim="0"
 xcoef=" 0 1 0 0 0 0"
 ycoef=" 0 0 1 0 0 0">
<Contour name="d01ser" hidden="false" closed="true" simplified="true" border="0 0.502 0" fill="1 0.5 0" mode="11"
 points="3.4171 3.91111,
	3.41925 3.90248,
	3.43435 3.88738,
	3.44298 3.88091,
	3.46024 3.88091,
	3.46887 3.88738,
	3.47318 3.89601,
	3.47318 3.90032,
	3.4775 3.90464,
	3.47966 3.92189,
	3.47966 3.93052,
	3.47966 3.93484,
	3.47103 3.94131,
	3.4624 3.94347,
	3.45808 3.94778,
	3.45593 3.95641,
	3.44945 3.96504,
	3.44514 3.96935,
	3.43651 3.96935,
	3.43004 3.96288,
	3.42788 3.94562,
	3.42141 3.92837,
	3.4171 3.92405,
	3.4171 3.91542,
	3.4171 3.91326,
	"/>
<Contour name="d01ser" hidden="false" closed="true" simplified="true" border="0 0.502 0" fill="1 0.5 0" mode="11"
 points="3.43651 4.16135,
	3.44298 4.15272,
	3.46024 4.15919,
	3.46887 4.15919,
	3.47534 4.16566,
	3.47318 4.18292,
	3.46456 4.18508,
	3.4473 4.17429,
	3.43867 4.16998,
	3.43651 4.16351,
	"/>
</Transform>

<Transform dim="0"
 xcoef=" 0 1 0 0 0 0"
 ycoef=" 0 0 1 0 0 0">
<Contour name="d01ser" hidden="false" closed="true" simplified="true" border="0 0.502 0" fill="1 0.5 0" mode="11"
 points="3.87859 4.21334,
	3.88157 4.21036,
	3.92917 4.2059,
	3.94108 4.2059,
	3.94703 4.2059,
	3.95298 4.20887,
	3.95595 4.20887,
	3.95595 4.2059,
	3.97976 4.20292,
	3.99166 4.20143,
	4.00356 4.19697,
	4.01546 4.18804,
	4.02439 4.17614,
	4.03629 4.16424,
	4.0601 4.15085,
	4.072 4.14639,
	4.0958 4.12705,
	4.10771 4.11812,
	4.11366 4.11366,
	4.12556 4.10919,
	4.13746 4.10919,
	4.16126 4.11514,
	4.16424 4.11663,
	4.16275 4.12853,
	4.15531 4.14044,
	4.14341 4.14936,
	4.11961 4.1568,
	4.10771 4.15829,
	4.08539 4.18061,
	4.07646 4.19251,
	4.06456 4.20292,
	4.05861 4.20739,
	4.03481 4.21185,
	4.011 4.21334,
	3.9872 4.22524,
	3.97678 4.23416,
	3.96488 4.24012,
	3.95893 4.24309,
	3.93513 4.24309,
	3.92322 4.2416,
	3.91727 4.2416,
	3.89347 4.23119,
	3.88157 4.22375,
	3.87859 4.22226,
	3.87859 4.21631,
	3.87859 4.21482,
	"/>
</Transform>

<Transform dim="0"
 xcoef=" 0 1 0 0 0 0"
 ycoef=" 0 0 1 0 0 0">
<Contour name="d01ser" hidden="false" closed="true" simplified="true" border="0 0.502 0" fill="1 0.5 0" mode="11"
 points="4.00031 3.83196,
	4.01562 3.83004,
	4.01944 3.83004,
	4.02709 3.83578,
	4.0424 3.8377,
	4.05005 3.83961,
	4.05005 3.84344,
	4.0424 3.84535,
	4.02709 3.84344,
	4.01944 3.84344,
	4.01179 3.84726,
	4.00414 3.84726,
	4.00031 3.83961,
	4.00031 3.83387,
	"/>
</Transform>

<Transform dim="0"
 xcoef=" 0 1 0 0 0 0"
 ycoef=" 0 0 1 0 0 0">
<Contour name="d01ser" hidden="false" closed="true" simplified="true" border="0 0.502 0" fill="1 0.5 0" mode="11"
 points="3.29246 3.59473,
	3.30011 3.58708,
	3.31542 3.57751,
	3.3269 3.56221,
	3.33455 3.55456,
	3.34985 3.55647,
	3.35751 3.56221,
	3.36133 3.56986,
	3.35942 3.58517,
	3.34985 3.60047,
	3.33646 3.61386,
	3.32881 3.6196,
	3.32498 3.62343,
	3.30968 3.62152,
	3.30203 3.6196,
	3.29437 3.61386,
	3.29246 3.59856,
	3.29246 3.59665,
	"/>
</Transform>

<Transform dim="0"
 xcoef=" 0 1 0 0 0 0"
 ycoef=" 0 0 1 0 0 0">
<Contour name="d01ser" hidden="false" closed="true" simplified="true" border="0 0.502 0" fill="1 0.5 0" mode="11"
 points="3.06228 3.86156,
	3.06714 3.8567,
	3.06835 3.84698,
	3.06835 3.84212,
	3.07321 3.84091,
	3.07807 3.84212,
	3.08293 3.85184,
	3.10115 3.85305,
	3.10601 3.85548,
	3.11208 3.8652,
	3.11208 3.87006,
	3.11451 3.87127,
	3.1133 3.87613,
	3.11087 3.87856,
	3.10601 3.87978,
	3.09872 3.88949,
	3.09386 3.89071,
	3.08779 3.90043,
	3.08414 3.90407,
	3.07443 3.90529,
	3.06835 3.89921,
	3.06349 3.87978,
	3.06228 3.87006,
	3.06228 3.8652,
	3.06228 3.86277,
	"/>
</Transform>

<Transform dim="0"
 xcoef=" 0 1 0 0 0 0"
 ycoef=" 0 0 1 0 0 0">
<Contour name="d01ser" hidden="false" closed="true" simplified="true" border="0 0.502 0" fill="1 0.5 0" mode="11"
 points="3.38686 3.53546,
	3.4046 3.53325,
	3.40904 3.53325,
	3.41791 3.5399,
	3.42678 3.5399,
	3.43566 3.53325,
	3.4534 3.52881,
	3.46227 3.52881,
	3.46671 3.53546,
	3.44896 3.54655,
	3.44009 3.54877,
	3.43344 3.55543,
	3.43566 3.5643,
	3.429 3.57095,
	3.42013 3.57095,
	3.41569 3.57095,
	3.41126 3.56208,
	3.39351 3.55099,
	3.38686 3.54434,
	3.38686 3.53768,
	"/>
</Transform>

<Transform dim="0"
 xcoef=" 0 1 0 0 0 0"
 ycoef=" 0 0 1 0 0 0">
<Contour name="d01c36" hidden="false" closed="true" simplified="true" border="0 1 0" fill="0 1 0" mode="11"
 points="2.9717 3.84668,
	2.98089 3.8283,
	2.99926 3.81682,
	3.00845 3.81912,
	3.01763 3.83749,
	3.02452 3.87424,
	3.02911 3.89261,
	3.0406 3.90868,
	3.04519 3.91787,
	3.07964 3.95002,
	3.09801 3.9615,
	3.1026 3.9661,
	3.11179 3.96839,
	3.12098 3.97528,
	3.13016 3.97758,
	3.14853 3.98906,
	3.16691 3.99595,
	3.1738 4.00284,
	3.18298 4.00514,
	3.19217 4.01203,
	3.19676 4.01203,
	3.20135 4.01662,
	3.20595 4.01662,
	3.2358 4.04647,
	3.24269 4.06485,
	3.2358 4.08322,
	3.23351 4.08781,
	3.21513 4.08781,
	3.17839 4.08092,
	3.14164 4.06485,
	3.13246 4.06255,
	3.12787 4.05796,
	3.10949 4.05107,
	3.1049 4.04647,
	3.09571 4.04418,
	3.08653 4.03729,
	3.08193 4.03729,
	3.07734 4.0327,
	3.07275 4.0327,
	3.07045 4.0281,
	3.06586 4.0281,
	3.04749 4.01203,
	3.0383 4.00284,
	3.01763 3.97069,
	3.01304 3.9661,
	3.01074 3.95691,
	2.99007 3.92017,
	2.97629 3.88342,
	2.9717 3.86505,
	2.9717 3.84897,
	"/>
<Contour name="d01cfa36" hidden="false" closed="false" simplified="false" border="0 1 1" fill="0 1 1" mode="9"
 points="3.24354 4.06735,
	3.17235 4.03979,
	3.12412 4.01453,
	3.05293 3.9663,
	3.01389 3.91808,
	3.0047 3.85837,
	2.99781 3.81933,
	"/>
</Transform>

<Transform dim="0"
 xcoef=" 0 1 0 0 0 0"
 ycoef=" 0 0 1 0 0 0">
<Contour name="d02" hidden="false" closed="true" simplified="true" border="0 0.251 0.502" fill="0.5 0 1" mode="11"
 points="6.47912 5.19802,
	6.48076 5.18493,
	6.48403 5.17839,
	6.48403 5.17512,
	6.49712 5.16366,
	6.54947 5.14239,
	6.60183 5.14403,
	6.60838 5.14567,
	6.61492 5.15221,
	6.61819 5.15385,
	6.61983 5.16693,
	6.61983 5.17348,
	6.62801 5.18657,
	6.6411 5.19802,
	6.65419 5.2062,
	6.66728 5.21111,
	6.67382 5.21602,
	6.67709 5.22256,
	6.67709 5.22911,
	6.66728 5.24056,
	6.66073 5.24711,
	6.64764 5.25201,
	6.62146 5.25365,
	6.56911 5.24711,
	6.54293 5.2422,
	6.52984 5.2422,
	6.50366 5.23238,
	6.49057 5.2242,
	6.48239 5.21275,
	6.47912 5.19966,
	"/>
<Contour name="d02" hidden="false" closed="true" simplified="true" border="0 0.251 0.502" fill="0.5 0 1" mode="11"
 points="6.63783 5.13585,
	6.65092 5.12276,
	6.67709 5.11131,
	6.72945 5.09658,
	6.75563 5.0884,
	6.80798 5.08349,
	6.83416 5.0884,
	6.86034 5.09985,
	6.87343 5.10476,
	6.88488 5.11294,
	6.89306 5.12603,
	6.90288 5.17839,
	6.90943 5.20457,
	6.92415 5.23074,
	6.9307 5.24383,
	6.93888 5.27001,
	6.94215 5.2831,
	6.94215 5.30928,
	6.94215 5.31582,
	6.93397 5.32891,
	6.92742 5.33219,
	6.87507 5.33055,
	6.84889 5.32564,
	6.8358 5.32237,
	6.81126 5.30601,
	6.78672 5.28474,
	6.77363 5.27328,
	6.76054 5.2651,
	6.75726 5.2651,
	6.74418 5.25692,
	6.73109 5.25201,
	6.70491 5.23729,
	6.69836 5.23074,
	6.69182 5.21766,
	6.69018 5.20457,
	6.69018 5.19802,
	6.68691 5.19148,
	6.68691 5.1882,
	6.67546 5.17512,
	6.64928 5.15712,
	6.64273 5.15221,
	6.63783 5.13912,
	6.63783 5.13748,
	"/>
</Transform>

<Transform dim="0"
 xcoef=" 0 1 0 0 0 0"
 ycoef=" 0 0 1 0 0 0">
<Contour name="d02" hidden="false" closed="true" simplified="true" border="0 0.251 0.502" fill="0.5 0 1" mode="11"
 points="5.0475 4.89043,
	5.05895 4.86425,
	5.06713 4.83807,
	5.05895 4.81189,
	5.06059 4.7988,
	5.06713 4.78571,
	5.07858 4.77753,
	5.10476 4.76935,
	5.11785 4.76608,
	5.14403 4.75299,
	5.15712 4.74317,
	5.16366 4.73663,
	5.19802 4.68427,
	5.2062 4.67118,
	5.21929 4.663,
	5.324 4.65155,
	5.37636 4.64664,
	5.40254 4.64664,
	5.4549 4.63683,
	5.50725 4.63519,
	5.61197 4.64664,
	5.62505 4.64664,
	5.65123 4.65809,
	5.66432 4.66628,
	5.6905 4.67446,
	5.71668 4.67936,
	5.76904 4.68264,
	5.79521 4.69082,
	5.82139 4.69245,
	5.82794 4.69245,
	5.88029 4.67609,
	5.93265 4.66464,
	5.95883 4.66628,
	5.98501 4.67773,
	6.01118 4.69245,
	6.02427 4.70227,
	6.03082 4.70882,
	6.03573 4.7219,
	6.04391 4.73499,
	6.057 4.74481,
	6.08317 4.7579,
	6.10444 4.78244,
	6.1388 4.8348,
	6.15189 4.86098,
	6.16007 4.88715,
	6.16989 4.90024,
	6.1748 4.91333,
	6.18461 4.92642,
	6.21079 4.94769,
	6.21734 4.96078,
	6.22552 5.01314,
	6.22879 5.02623,
	6.23043 5.03277,
	6.22552 5.04586,
	6.20425 5.07204,
	6.1928 5.08513,
	6.17643 5.11131,
	6.16989 5.1244,
	6.11917 5.17675,
	6.09299 5.20293,
	6.0799 5.21275,
	6.07336 5.21929,
	6.04718 5.23238,
	6.021 5.23565,
	5.96864 5.22584,
	5.95556 5.22093,
	5.94901 5.22093,
	5.92283 5.21275,
	5.87048 5.21111,
	5.81812 5.21275,
	5.76576 5.2242,
	5.73958 5.23238,
	5.7265 5.23402,
	5.67414 5.25038,
	5.62178 5.25692,
	5.56943 5.25692,
	5.46471 5.24711,
	5.43853 5.24383,
	5.43199 5.24383,
	5.42545 5.24056,
	5.4189 5.23402,
	5.41563 5.23074,
	5.40908 5.20457,
	5.40581 5.20129,
	5.40418 5.19475,
	5.378 5.17184,
	5.35346 5.14567,
	5.34855 5.13258,
	5.31255 5.08186,
	5.30437 5.06877,
	5.29946 5.05568,
	5.24874 5.00659,
	5.23565 4.99841,
	5.20947 4.9935,
	5.1833 4.97223,
	5.15875 4.94606,
	5.14567 4.93788,
	5.11949 4.93133,
	5.06713 4.92642,
	5.05404 4.92479,
	5.05077 4.92479,
	5.0475 4.91824,
	5.0475 4.89206,
	"/>
</Transform>

<Transform dim="0"
 xcoef=" 0 1 0 0 0 0"
 ycoef=" 0 0 1 0 0 0">
<Contour name="d02" hidden="false" closed="true" simplified="true" border="0 0.251 0.502" fill="0.5 0 1" mode="11"
 points="4.70227 5.06549,
	4.71045 5.05241,
	4.72354 5.03932,
	4.74808 5.01968,
	4.76117 5.00987,
	4.77426 5.00332,
	4.78081 5.00332,
	4.79389 5.00987,
	4.84625 5.0115,
	4.87243 5.00659,
	4.89861 4.99841,
	4.9117 4.99023,
	4.91824 4.98696,
	4.93133 4.97551,
	4.98369 4.94606,
	4.99678 4.94278,
	5.00987 4.94278,
	5.01641 4.94278,
	5.0295 4.95096,
	5.03604 4.95587,
	5.03768 4.95424,
	5.04095 4.95751,
	5.05077 4.98369,
	5.05895 4.99678,
	5.0704 5.02295,
	5.07858 5.04913,
	5.07858 5.06222,
	5.08022 5.06877,
	5.07531 5.08186,
	5.07204 5.0884,
	5.06549 5.09494,
	5.06222 5.09822,
	5.04913 5.09985,
	5.04259 5.09985,
	5.0295 5.09331,
	5.02295 5.09004,
	4.99678 5.08676,
	4.98369 5.0884,
	4.97223 5.09985,
	4.96405 5.11294,
	4.95914 5.12603,
	4.95751 5.13258,
	4.94769 5.14567,
	4.9346 5.15385,
	4.90842 5.15548,
	4.85607 5.16693,
	4.82989 5.17512,
	4.8168 5.18002,
	4.79062 5.18166,
	4.77917 5.17348,
	4.77099 5.16039,
	4.76935 5.1473,
	4.76935 5.14076,
	4.75954 5.12767,
	4.73336 5.10967,
	4.72027 5.10149,
	4.70718 5.09004,
	4.70391 5.08676,
	4.70227 5.07367,
	4.70227 5.06713,
	"/>
</Transform>

<Transform dim="0"
 xcoef=" 0 1 0 0 0 0"
 ycoef=" 0 0 1 0 0 0">
<Contour name="d02" hidden="false" closed="true" simplified="true" border="0 0.251 0.502" fill="0.5 0 1" mode="11"
 points="5.54325 5.60706,
	5.55306 5.59724,
	5.55961 5.5907,
	5.5727 5.58579,
	5.58579 5.58415,
	5.59888 5.58906,
	5.60542 5.59397,
	5.62342 5.64632,
	5.62669 5.65287,
	5.63324 5.65941,
	5.64632 5.66759,
	5.6496 5.67414,
	5.64632 5.68723,
	5.64632 5.70032,
	5.6496 5.70686,
	5.65287 5.73304,
	5.65123 5.74613,
	5.63978 5.77231,
	5.62178 5.79849,
	5.61033 5.8083,
	5.59724 5.80667,
	5.5907 5.80012,
	5.58742 5.79358,
	5.58579 5.78049,
	5.58415 5.77394,
	5.58415 5.77067,
	5.57433 5.75758,
	5.57106 5.75431,
	5.57106 5.75104,
	5.56779 5.74777,
	5.56615 5.74122,
	5.5547 5.72813,
	5.54979 5.72159,
	5.54652 5.7085,
	5.54652 5.68232,
	5.5547 5.66923,
	5.5547 5.65614,
	5.54488 5.62996,
	5.54325 5.61687,
	5.54325 5.61033,
	5.54325 5.60869,
	"/>
</Transform>

<Transform dim="0"
 xcoef=" 0 1 0 0 0 0"
 ycoef=" 0 0 1 0 0 0">
<Contour name="d02" hidden="false" closed="true" simplified="true" border="0 0.251 0.502" fill="0.5 0 1" mode="11"
 points="6.37334 5.25518,
	6.3877 5.24262,
	6.41642 5.23005,
	6.43078 5.23364,
	6.45949 5.2498,
	6.48282 5.27851,
	6.4577 5.30723,
	6.42898 5.32697,
	6.41462 5.32877,
	6.40744 5.32697,
	6.40026 5.32159,
	6.38591 5.29287,
	6.37873 5.27851,
	6.37334 5.27133,
	6.37334 5.25698,
	"/>
</Transform>

<Transform dim="0"
 xcoef=" 0 1 0 0 0 0"
 ycoef=" 0 0 1 0 0 0">
<Contour name="d02p19" hidden="false" closed="true" simplified="false" border="0 1 0" fill="0 1 0" mode="11"
 points="5.12337 4.88651,
	5.12337 4.86498,
	5.14491 4.86498,
	5.14491 4.84345,
	5.16644 4.84345,
	5.16644 4.86498,
	5.18797 4.86498,
	5.18797 4.88651,
	5.16644 4.88651,
	5.16644 4.90805,
	5.14491 4.90805,
	5.14491 4.88651,
	"/>
</Transform>

<Transform dim="0"
 xcoef=" 0 1 0 0 0 0"
 ycoef=" 0 0 1 0 0 0">
<Contour name="d02c18" hidden="false" closed="true" simplified="true" border="1 0 0" fill="1 0 0" mode="-11"
 points="6.87258 5.15855,
	6.88198 5.12098,
	6.88667 5.11159,
	6.89606 5.10454,
	6.90546 5.10454,
	6.91485 5.10924,
	6.92189 5.11863,
	6.93128 5.1562,
	6.94772 5.19377,
	6.95946 5.21255,
	6.95946 5.21725,
	6.94068 5.22899,
	6.92189 5.23603,
	6.90311 5.23838,
	6.88432 5.23368,
	6.87963 5.23368,
	6.87258 5.22429,
	6.87258 5.18672,
	6.87258 5.16794,
	6.87258 5.16089,
	"/>
</Transform>

<Transform dim="0"
 xcoef=" 0 1 0 0 0 0"
 ycoef=" 0 0 1 0 0 0">
<Contour name="d02cfa18" hidden="false" closed="false" simplified="false" border="0 1 0.25098" fill="0 1 0" mode="11"
 points="6.92157 5.23469,
	6.91666 5.22486,
	6.90928 5.20273,
	6.90067 5.17937,
	6.89699 5.15601,
	6.89453 5.13634,
	6.89207 5.11422,
	"/>
</Transform>

<Transform dim="0"
 xcoef=" 0 1 0 0 0 0"
 ycoef=" 0 0 1 0 0 0">
<Contour name="d02" hidden="false" closed="true" simplified="true" border="0 0.251 0.502" fill="0.5 0 1" mode="11"
 points="6.31263 4.40475,
	6.31986 4.3903,
	6.3325 4.37765,
	6.32708 4.34874,
	6.32528 4.33429,
	6.32708 4.31983,
	6.32708 4.31261,
	6.3307 4.30899,
	6.3325 4.30177,
	6.3596 4.28551,
	6.37406 4.28009,
	6.38851 4.27105,
	6.40297 4.25841,
	6.43187 4.23853,
	6.45717 4.21324,
	6.46801 4.2042,
	6.47523 4.20059,
	6.48246 4.19336,
	6.49691 4.18433,
	6.50956 4.17168,
	6.52221 4.16446,
	6.5475 4.14458,
	6.55292 4.13916,
	6.55654 4.13916,
	6.56015 4.13555,
	6.61796 4.13916,
	6.63242 4.14278,
	6.63964 4.14458,
	6.64506 4.15,
	6.64506 4.15723,
	6.61796 4.18433,
	6.58906 4.2042,
	6.5746 4.21143,
	6.5457 4.21866,
	6.53124 4.22588,
	6.52401 4.23311,
	6.51498 4.24757,
	6.50595 4.27647,
	6.49149 4.30538,
	6.48246 4.31983,
	6.47885 4.32706,
	6.47162 4.33429,
	6.44271 4.34693,
	6.42826 4.35777,
	6.41381 4.37223,
	6.35599 4.40294,
	6.34154 4.41559,
	6.33431 4.42282,
	6.3307 4.42643,
	6.31624 4.4192,
	6.31263 4.41559,
	6.31263 4.40836,
	6.31263 4.40656,
	"/>
</Transform>

<Transform dim="0"
 xcoef=" 0 1 0 0 0 0"
 ycoef=" 0 0 1 0 0 0">
<Contour name="d03" hidden="false" closed="true" simplified="true" border="1 0 0.5" fill="1 0 0.5" mode="-11"
 points="1.53934 5.26025,
	1.54504 5.24885,
	1.55501 5.23746,
	1.5664 5.22892,
	1.57209 5.22749,
	1.59061 5.20471,
	1.602 5.19332,
	1.61339 5.1862,
	1.62763 5.16341,
	1.62763 5.15202,
	1.62763 5.14633,
	1.62051 5.13493,
	1.60912 5.12497,
	1.59773 5.11785,
	1.58633 5.11357,
	1.58064 5.1093,
	1.57494 5.09791,
	1.57352 5.08652,
	1.57779 5.07513,
	1.59915 5.06231,
	1.61054 5.05661,
	1.61624 5.05377,
	1.66038 5.00962,
	1.67035 4.99823,
	1.68032 4.97545,
	1.68744 4.95266,
	1.70452 4.92988,
	1.71307 4.91849,
	1.73585 4.89713,
	1.7444 4.88574,
	1.74867 4.87434,
	1.75009 4.85156,
	1.75436 4.84017,
	1.75579 4.83447,
	1.7743 4.81169,
	1.78427 4.8003,
	1.79139 4.7889,
	1.79281 4.77751,
	1.79281 4.77182,
	1.78569 4.76042,
	1.78284 4.73764,
	1.77857 4.73194,
	1.77715 4.68638,
	1.77288 4.67498,
	1.77145 4.66359,
	1.77572 4.64081,
	1.78142 4.62942,
	1.78427 4.61802,
	1.78142 4.59524,
	1.77288 4.57246,
	1.77288 4.56106,
	1.77857 4.55679,
	1.78996 4.55394,
	1.80136 4.55394,
	1.80705 4.55537,
	1.81702 4.56391,
	1.82129 4.5753,
	1.82984 4.5867,
	1.82841 4.59809,
	1.82841 4.60378,
	1.83268 4.60948,
	1.84408 4.61518,
	1.85547 4.62372,
	1.87968 4.66929,
	1.88537 4.68068,
	1.90816 4.70204,
	1.93094 4.72055,
	1.94233 4.72482,
	1.95372 4.72482,
	1.96512 4.7291,
	1.97081 4.73337,
	1.97224 4.73906,
	1.96939 4.75046,
	1.96796 4.75615,
	1.97081 4.76185,
	1.9822 4.77182,
	2.02777 4.79887,
	2.03916 4.80457,
	2.04913 4.81596,
	2.05625 4.82735,
	2.06764 4.8302,
	2.07904 4.83732,
	2.10182 4.84444,
	2.11321 4.84729,
	2.20435 4.85156,
	2.24992 4.85298,
	2.2727 4.85583,
	2.28409 4.85726,
	2.29548 4.86153,
	2.31542 4.88146,
	2.32112 4.88574,
	2.3439 4.89428,
	2.3496 4.89428,
	2.36099 4.90282,
	2.36668 4.90567,
	2.37665 4.91706,
	2.38377 4.93985,
	2.3852 4.94554,
	2.39659 4.95694,
	2.41937 4.9726,
	2.44216 4.99538,
	2.45212 5.00678,
	2.45924 5.01817,
	2.46636 5.04095,
	2.47776 5.04949,
	2.52332 5.06231,
	2.53472 5.06658,
	2.54611 5.0737,
	2.56177 5.09649,
	2.56889 5.10788,
	2.57316 5.11927,
	2.57601 5.14205,
	2.58171 5.15345,
	2.58171 5.17623,
	2.58028 5.18762,
	2.57316 5.19901,
	2.56177 5.20898,
	2.53899 5.2161,
	2.5162 5.21895,
	2.50481 5.2218,
	2.48345 5.23746,
	2.47633 5.24885,
	2.47206 5.27164,
	2.47491 5.28303,
	2.47491 5.28588,
	2.49342 5.30866,
	2.49342 5.31151,
	2.49627 5.31436,
	2.49627 5.33714,
	2.49057 5.35993,
	2.47776 5.38271,
	2.44216 5.42828,
	2.42364 5.45106,
	2.40798 5.47385,
	2.40086 5.48524,
	2.37808 5.5066,
	2.37238 5.51229,
	2.3496 5.52511,
	2.3382 5.53365,
	2.31827 5.55644,
	2.31257 5.56213,
	2.30118 5.56783,
	2.28979 5.56925,
	2.267 5.56641,
	2.25561 5.56498,
	2.24992 5.56498,
	2.23852 5.56071,
	2.23283 5.56071,
	2.21004 5.55074,
	2.18726 5.54362,
	2.14169 5.54362,
	2.11891 5.54362,
	2.09612 5.54077,
	2.07334 5.53223,
	2.05056 5.51657,
	2.03916 5.51087,
	2.03347 5.50945,
	2.02777 5.50517,
	1.9822 5.50517,
	1.95942 5.49521,
	1.94803 5.49236,
	1.92524 5.49378,
	1.91385 5.49521,
	1.90816 5.49663,
	1.89676 5.50517,
	1.89107 5.50802,
	1.88537 5.50802,
	1.86259 5.49663,
	1.8398 5.49663,
	1.81702 5.49236,
	1.79424 5.49948,
	1.77145 5.49948,
	1.76006 5.49805,
	1.75721 5.49805,
	1.75436 5.49521,
	1.73158 5.49948,
	1.72019 5.49948,
	1.6974 5.49236,
	1.67462 5.49521,
	1.66323 5.49663,
	1.65184 5.49521,
	1.64045 5.48381,
	1.62905 5.46103,
	1.61339 5.41546,
	1.61197 5.40407,
	1.58776 5.3585,
	1.5607 5.31293,
	1.54789 5.29015,
	1.54219 5.27876,
	1.53934 5.26737,
	1.53934 5.26167,
	"/>
</Transform>

<Transform dim="0"
 xcoef=" 0 1 0 0 0 0"
 ycoef=" 0 0 1 0 0 0">
<Contour name="d03p19" hidden="false" closed="true" simplified="false" border="0 1 0" fill="0 1 0" mode="11"
 points="1.81848 4.82968,
	1.81848 4.79839,
	1.84976 4.79839,
	1.84976 4.76711,
	1.88105 4.76711,
	1.88105 4.79839,
	1.91233 4.79839,
	1.91233 4.82968,
	1.88105 4.82968,
	1.88105 4.86096,
	1.84976 4.86096,
	1.84976 4.82968,
	"/>
</Transform>

<Transform dim="0"
 xcoef=" 0 1 0 0 0 0"
 ycoef=" 0 0 1 0 0 0">
<Contour name="Ax01" hidden="false" closed="true" simplified="true" border="1 0.501961 0" fill="1 0 0" mode="-11"
 points="5.10092 4.98877,
	5.11053 4.97596,
	5.11694 4.96955,
	5.12335 4.96955,
	5.12975 4.96314,
	5.15539 4.96634,
	5.1682 4.96955,
	5.18102 4.97916,
	5.18743 4.99198,
	5.21306 5.00159,
	5.22588 5.00159,
	5.27394 5.03683,
	5.29316 5.06247,
	5.29957 5.0881,
	5.322 5.11053,
	5.33161 5.12335,
	5.32841 5.13616,
	5.322 5.14257,
	5.29637 5.14577,
	5.19384 5.13616,
	5.1682 5.13616,
	5.14577 5.11694,
	5.12975 5.0913,
	5.12014 5.07849,
	5.11694 5.06567,
	5.11053 5.05926,
	5.10412 5.008,
	5.10092 4.99518,
	5.10092 4.99198,
	"/>
</Transform>

<Transform dim="0"
 xcoef=" 0 1 0 0 0 0"
 ycoef=" 0 0 1 0 0 0">
<Contour name="Ax02" hidden="false" closed="true" simplified="true" border="0.501961 0 1" fill="0.5 0 1" mode="11"
 points="7.44182 5.31036,
	7.45647 5.28106,
	7.47112 5.26641,
	7.52972 5.24443,
	7.54437 5.23711,
	7.55902 5.23711,
	7.58465 5.26275,
	7.60297 5.29204,
	7.61395 5.30669,
	7.61029 5.33599,
	7.57367 5.39093,
	7.55902 5.40191,
	7.52972 5.40558,
	7.50042 5.40191,
	7.44915 5.35064,
	7.44182 5.33599,
	7.44182 5.32134,
	7.44182 5.31402,
	"/>
</Transform>

<Transform dim="0"
 xcoef=" 0 1 0 0 0 0"
 ycoef=" 0 0 1 0 0 0">
<Contour name="Ax03" hidden="false" closed="true" simplified="true" border="1 0 0.502" fill="1 0 0.5" mode="-11"
 points="5.63202 4.32282,
	5.63819 4.29812,
	5.65981 4.28268,
	5.68451 4.27959,
	5.69686 4.27342,
	5.79567 4.2765,
	5.84507 4.2765,
	5.86977 4.27033,
	5.91918 4.27342,
	5.96858 4.28577,
	5.99328 4.29503,
	6.04269 4.29812,
	6.06739 4.30429,
	6.07356 4.30429,
	6.09209 4.329,
	6.10444 4.3537,
	6.11062 4.36605,
	6.11062 4.39075,
	6.10753 4.4031,
	6.08283 4.41854,
	6.03342 4.43398,
	6.00872 4.44633,
	5.98402 4.44942,
	5.93461 4.43398,
	5.90991 4.43089,
	5.86051 4.43707,
	5.7617 4.4278,
	5.74935 4.42472,
	5.69995 4.4278,
	5.67525 4.42163,
	5.65672 4.40001,
	5.64437 4.3784,
	5.63819 4.37222,
	5.63202 4.34752,
	5.63202 4.32591,
	"/>
</Transform>

<Transform dim="0"
 xcoef=" 0 1 0 0 0 0"
 ycoef=" 0 0 1 0 0 0">
<Contour name="Ax03B03ssvr21" hidden="false" closed="true" simplified="false" border="0.5 0 1" fill="0.5 0 1" mode="-9"
 points="5.87921 4.39282,
	5.86976 4.38967,
	5.87921 4.38651,
	5.87291 4.37706,
	5.88237 4.38336,
	5.88552 4.37391,
	5.88867 4.38336,
	5.89812 4.37706,
	5.89182 4.38651,
	5.90127 4.38967,
	5.89182 4.39282,
	5.89812 4.40227,
	5.88867 4.39597,
	5.88552 4.40542,
	5.88237 4.39597,
	5.87291 4.40227,
	"/>
<Contour name="Ax03B03ssvr22" hidden="false" closed="true" simplified="false" border="0.5 0 1" fill="0.5 0 1" mode="-9"
 points="5.96115 4.39282,
	5.9517 4.38967,
	5.96115 4.38651,
	5.95485 4.37706,
	5.9643 4.38336,
	5.96745 4.37391,
	5.9706 4.38336,
	5.98006 4.37706,
	5.97376 4.38651,
	5.98321 4.38967,
	5.97376 4.39282,
	5.98006 4.40227,
	5.9706 4.39597,
	5.96745 4.40542,
	5.9643 4.39597,
	5.95485 4.40227,
	"/>
</Transform>

<Transform dim="0"
 xcoef=" 0 1 0 0 0 0"
 ycoef=" 0 0 1 0 0 0">
<Contour name="d01ax22*" hidden="false" closed="true" simplified="false" border="0.5 0 1" fill="0.5 0 1" mode="-9"
 points="6.69542 4.27622,
	6.68597 4.27306,
	6.69542 4.26991,
	6.68912 4.26046,
	6.69857 4.26676,
	6.70173 4.25731,
	6.70488 4.26676,
	6.71433 4.26046,
	6.70803 4.26991,
	6.71748 4.27306,
	6.70803 4.27622,
	6.71433 4.28567,
	6.70488 4.27937,
	6.70173 4.28882,
	6.69857 4.27937,
	6.68912 4.28567,
	"/>
<Contour name="d01ax22*" hidden="false" closed="true" simplified="false" border="0.5 0 1" fill="0.5 0 1" mode="-9"
 points="6.67336 4.19743,
	6.66391 4.19428,
	6.67336 4.19113,
	6.66706 4.18167,
	6.67652 4.18798,
	6.67967 4.17852,
	6.68282 4.18798,
	6.69227 4.18167,
	6.68597 4.19113,
	6.69542 4.19428,
	6.68597 4.19743,
	6.69227 4.20689,
	6.68282 4.20058,
	6.67967 4.21004,
	6.67652 4.20058,
	6.66706 4.20689,
	"/>
<Contour name="d01ax22*" hidden="false" closed="true" simplified="false" border="0.5 0 1" fill="0.5 0 1" mode="-9"
 points="6.6324 4.2447,
	6.62294 4.24155,
	6.6324 4.2384,
	6.62609 4.22895,
	6.63555 4.23525,
	6.6387 4.22579,
	6.64185 4.23525,
	6.6513 4.22895,
	6.645 4.2384,
	6.65446 4.24155,
	6.645 4.2447,
	6.6513 4.25416,
	6.64185 4.24785,
	6.6387 4.25731,
	6.63555 4.24785,
	6.62609 4.25416,
	"/>
<Contour name="d01ax22*" hidden="false" closed="true" simplified="false" border="0.5 0 1" fill="0.5 0 1" mode="-9"
 points="6.72379 4.20689,
	6.71433 4.20373,
	6.72379 4.20058,
	6.71748 4.19113,
	6.72694 4.19743,
	6.73009 4.18798,
	6.73324 4.19743,
	6.74269 4.19113,
	6.73639 4.20058,
	6.74585 4.20373,
	6.73639 4.20689,
	6.74269 4.21634,
	6.73324 4.21004,
	6.73009 4.21949,
	6.72694 4.21004,
	6.71748 4.21634,
	"/>
<Contour name="d01ax22*" hidden="false" closed="true" simplified="false" border="0.5 0 1" fill="0.5 0 1" mode="-9"
 points="6.78051 4.21634,
	6.77106 4.21319,
	6.78051 4.21004,
	6.77421 4.20058,
	6.78366 4.20689,
	6.78681 4.19743,
	6.78996 4.20689,
	6.79942 4.20058,
	6.79312 4.21004,
	6.80257 4.21319,
	6.79312 4.21634,
	6.79942 4.22579,
	6.78996 4.21949,
	6.78681 4.22895,
	6.78366 4.21949,
	6.77421 4.22579,
	"/>
<Contour name="d01ax22*" hidden="false" closed="true" simplified="false" border="0.5 0 1" fill="0.5 0 1" mode="-9"
 points="6.82778 4.16907,
	6.81833 4.16592,
	6.82778 4.16277,
	6.82148 4.15331,
	6.83093 4.15961,
	6.83408 4.15016,
	6.83724 4.15961,
	6.84669 4.15331,
	6.84039 4.16277,
	6.84984 4.16592,
	6.84039 4.16907,
	6.84669 4.17852,
	6.83724 4.17222,
	6.83408 4.18167,
	6.83093 4.17222,
	6.82148 4.17852,
	"/>
<Contour name="d01ax22*" hidden="false" closed="true" simplified="false" border="0.5 0 1" fill="0.5 0 1" mode="-9"
 points="6.84984 4.1344,
	6.84039 4.13125,
	6.84984 4.1281,
	6.84354 4.11865,
	6.85299 4.12495,
	6.85614 4.1155,
	6.8593 4.12495,
	6.86875 4.11865,
	6.86245 4.1281,
	6.8719 4.13125,
	6.86245 4.1344,
	6.86875 4.14386,
	6.8593 4.13756,
	6.85614 4.14701,
	6.85299 4.13756,
	6.84354 4.14386,
	"/>
<Contour name="d01ax22*" hidden="false" closed="true" simplified="false" border="0.5 0 1" fill="0.5 0 1" mode="-9"
 points="6.89081 4.21004,
	6.88136 4.20689,
	6.89081 4.20373,
	6.88451 4.19428,
	6.89396 4.20058,
	6.89711 4.19113,
	6.90026 4.20058,
	6.90972 4.19428,
	6.90341 4.20373,
	6.91287 4.20689,
	6.90341 4.21004,
	6.90972 4.21949,
	6.90026 4.21319,
	6.89711 4.22264,
	6.89396 4.21319,
	6.88451 4.21949,
	"/>
<Contour name="d01ax22*" hidden="false" closed="true" simplified="false" border="0.5 0 1" fill="0.5 0 1" mode="-9"
 points="6.90657 4.15331,
	6.89711 4.15016,
	6.90657 4.14701,
	6.90026 4.13756,
	6.90972 4.14386,
	6.91287 4.1344,
	6.91602 4.14386,
	6.92547 4.13756,
	6.91917 4.14701,
	6.92863 4.15016,
	6.91917 4.15331,
	6.92547 4.16277,
	6.91602 4.15646,
	6.91287 4.16592,
	6.90972 4.15646,
	6.90026 4.16277,
	"/>
<Contour name="d01ax22*" hidden="false" closed="true" simplified="false" border="0.5 0 1" fill="0.5 0 1" mode="-9"
 points="6.90657 4.10289,
	6.89711 4.09974,
	6.90657 4.09659,
	6.90026 4.08713,
	6.90972 4.09344,
	6.91287 4.08398,
	6.91602 4.09344,
	6.92547 4.08713,
	6.91917 4.09659,
	6.92863 4.09974,
	6.91917 4.10289,
	6.92547 4.11234,
	6.91602 4.10604,
	6.91287 4.1155,
	6.90972 4.10604,
	6.90026 4.11234,
	"/>
<Contour name="d01ax22*" hidden="false" closed="true" simplified="false" border="0.5 0 1" fill="0.5 0 1" mode="-9"
 points="6.94123 4.06507,
	6.93178 4.06192,
	6.94123 4.05877,
	6.93493 4.04932,
	6.94438 4.05562,
	6.94753 4.04616,
	6.95069 4.05562,
	6.96014 4.04932,
	6.95384 4.05877,
	6.96329 4.06192,
	6.95384 4.06507,
	6.96014 4.07453,
	6.95069 4.06822,
	6.94753 4.07768,
	6.94438 4.06822,
	6.93493 4.07453,
	"/>
<Contour name="d01ax22*" hidden="false" closed="true" simplified="false" border="0.5 0 1" fill="0.5 0 1" mode="-9"
 points="6.94123 4.14386,
	6.93178 4.14071,
	6.94123 4.13756,
	6.93493 4.1281,
	6.94438 4.1344,
	6.94753 4.12495,
	6.95069 4.1344,
	6.96014 4.1281,
	6.95384 4.13756,
	6.96329 4.14071,
	6.95384 4.14386,
	6.96014 4.15331,
	6.95069 4.14701,
	6.94753 4.15646,
	6.94438 4.14701,
	6.93493 4.15331,
	"/>
<Contour name="d01ax22*" hidden="false" closed="true" simplified="false" border="0.5 0 1" fill="0.5 0 1" mode="-9"
 points="6.96014 4.18798,
	6.95069 4.18483,
	6.96014 4.18167,
	6.95384 4.17222,
	6.96329 4.17852,
	6.96644 4.16907,
	6.96959 4.17852,
	6.97905 4.17222,
	6.97275 4.18167,
	6.9822 4.18483,
	6.97275 4.18798,
	6.97905 4.19743,
	6.96959 4.19113,
	6.96644 4.20058,
	6.96329 4.19113,
	6.95384 4.19743,
	"/>
<Contour name="d01ax22*" hidden="false" closed="true" simplified="false" border="0.5 0 1" fill="0.5 0 1" mode="-9"
 points="6.97905 4.28882,
	6.96959 4.28567,
	6.97905 4.28252,
	6.97275 4.27306,
	6.9822 4.27937,
	6.98535 4.26991,
	6.9885 4.27937,
	6.99796 4.27306,
	6.99165 4.28252,
	7.00111 4.28567,
	6.99165 4.28882,
	6.99796 4.29828,
	6.9885 4.29197,
	6.98535 4.30143,
	6.9822 4.29197,
	6.97275 4.29828,
	"/>
<Contour name="d01ax22*" hidden="false" closed="true" simplified="false" border="0.5 0 1" fill="0.5 0 1" mode="-9"
 points="6.94123 4.37706,
	6.93178 4.37391,
	6.94123 4.37076,
	6.93493 4.3613,
	6.94438 4.36761,
	6.94753 4.35815,
	6.95069 4.36761,
	6.96014 4.3613,
	6.95384 4.37076,
	6.96329 4.37391,
	6.95384 4.37706,
	6.96014 4.38651,
	6.95069 4.38021,
	6.94753 4.38967,
	6.94438 4.38021,
	6.93493 4.38651,
	"/>
<Contour name="d01ax22*" hidden="false" closed="true" simplified="false" border="0.5 0 1" fill="0.5 0 1" mode="-9"
 points="7.06098 4.31088,
	7.05153 4.30773,
	7.06098 4.30458,
	7.05468 4.29512,
	7.06414 4.30143,
	7.06729 4.29197,
	7.07044 4.30143,
	7.07989 4.29512,
	7.07359 4.30458,
	7.08304 4.30773,
	7.07359 4.31088,
	7.07989 4.32034,
	7.07044 4.31403,
	7.06729 4.32349,
	7.06414 4.31403,
	7.05468 4.32034,
	"/>
<Contour name="d01ax22*" hidden="false" closed="true" simplified="false" border="0.5 0 1" fill="0.5 0 1" mode="-9"
 points="7.0925 4.26361,
	7.08304 4.26046,
	7.0925 4.25731,
	7.0862 4.24785,
	7.09565 4.25416,
	7.0988 4.2447,
	7.10195 4.25416,
	7.11141 4.24785,
	7.1051 4.25731,
	7.11456 4.26046,
	7.1051 4.26361,
	7.11141 4.27306,
	7.10195 4.26676,
	7.0988 4.27622,
	7.09565 4.26676,
	7.0862 4.27306,
	"/>
<Contour name="d01ax22*" hidden="false" closed="true" simplified="false" border="0.5 0 1" fill="0.5 0 1" mode="-9"
 points="7.04523 4.25101,
	7.03577 4.24785,
	7.04523 4.2447,
	7.03892 4.23525,
	7.04838 4.24155,
	7.05153 4.2321,
	7.05468 4.24155,
	7.06414 4.23525,
	7.05783 4.2447,
	7.06729 4.24785,
	7.05783 4.25101,
	7.06414 4.26046,
	7.05468 4.25416,
	7.05153 4.26361,
	7.04838 4.25416,
	7.03892 4.26046,
	"/>
<Contour name="d01ax22*" hidden="false" closed="true" simplified="false" border="0.5 0 1" fill="0.5 0 1" mode="-9"
 points="7.03892 4.17537,
	7.02947 4.17222,
	7.03892 4.16907,
	7.03262 4.15961,
	7.04208 4.16592,
	7.04523 4.15646,
	7.04838 4.16592,
	7.05783 4.15961,
	7.05153 4.16907,
	7.06098 4.17222,
	7.05153 4.17537,
	7.05783 4.18483,
	7.04838 4.17852,
	7.04523 4.18798,
	7.04208 4.17852,
	7.03262 4.18483,
	"/>
<Contour name="d01ax22*" hidden="false" closed="true" simplified="false" border="0.5 0 1" fill="0.5 0 1" mode="-9"
 points="7.07674 4.15016,
	7.06729 4.14701,
	7.07674 4.14386,
	7.07044 4.1344,
	7.07989 4.14071,
	7.08304 4.13125,
	7.0862 4.14071,
	7.09565 4.1344,
	7.08935 4.14386,
	7.0988 4.14701,
	7.08935 4.15016,
	7.09565 4.15961,
	7.0862 4.15331,
	7.08304 4.16277,
	7.07989 4.15331,
	7.07044 4.15961,
	"/>
<Contour name="d01ax22*" hidden="false" closed="true" simplified="false" border="0.5 0 1" fill="0.5 0 1" mode="-9"
 points="7.13031 4.14386,
	7.12086 4.14071,
	7.13031 4.13756,
	7.12401 4.1281,
	7.13347 4.1344,
	7.13662 4.12495,
	7.13977 4.1344,
	7.14922 4.1281,
	7.14292 4.13756,
	7.15237 4.14071,
	7.14292 4.14386,
	7.14922 4.15331,
	7.13977 4.14701,
	7.13662 4.15646,
	7.13347 4.14701,
	7.12401 4.15331,
	"/>
<Contour name="d01ax22*" hidden="false" closed="true" simplified="false" border="0.5 0 1" fill="0.5 0 1" mode="-9"
 points="7.20595 4.05562,
	7.19649 4.05247,
	7.20595 4.04932,
	7.19965 4.03986,
	7.2091 4.04616,
	7.21225 4.03671,
	7.2154 4.04616,
	7.22486 4.03986,
	7.21855 4.04932,
	7.22801 4.05247,
	7.21855 4.05562,
	7.22486 4.06507,
	7.2154 4.05877,
	7.21225 4.06822,
	7.2091 4.05877,
	7.19965 4.06507,
	"/>
<Contour name="d01ax22*" hidden="false" closed="true" simplified="false" border="0.5 0 1" fill="0.5 0 1" mode="-9"
 points="7.03892 4.10289,
	7.02947 4.09974,
	7.03892 4.09659,
	7.03262 4.08713,
	7.04208 4.09344,
	7.04523 4.08398,
	7.04838 4.09344,
	7.05783 4.08713,
	7.05153 4.09659,
	7.06098 4.09974,
	7.05153 4.10289,
	7.05783 4.11234,
	7.04838 4.10604,
	7.04523 4.1155,
	7.04208 4.10604,
	7.03262 4.11234,
	"/>
<Contour name="d01ax22*" hidden="false" closed="true" simplified="false" border="0.5 0 1" fill="0.5 0 1" mode="-9"
 points="7.01371 4.06192,
	7.00426 4.05877,
	7.01371 4.05562,
	7.00741 4.04616,
	7.01686 4.05247,
	7.02002 4.04301,
	7.02317 4.05247,
	7.03262 4.04616,
	7.02632 4.05562,
	7.03577 4.05877,
	7.02632 4.06192,
	7.03262 4.07138,
	7.02317 4.06507,
	7.02002 4.07453,
	7.01686 4.06507,
	7.00741 4.07138,
	"/>
</Transform>

<Transform dim="0"
 xcoef=" 0 1 0 0 0 0"
 ycoef=" 0 0 1 0 0 0">
<Contour name="Ax05" hidden="false" closed="true" simplified="true" border="1 1 0" fill="1 1 0" mode="-11"
 points="1.03236 4.06468,
	1.05665 4.03229,
	1.08904 4.01205,
	1.10928 3.98371,
	1.12953 3.96347,
	1.1943 3.95132,
	1.25908 3.94727,
	1.29147 3.94727,
	1.32385 3.95942,
	1.35624 3.97966,
	1.37244 3.99181,
	1.38863 4.02419,
	1.42102 4.03634,
	1.44531 4.06873,
	1.48175 4.12945,
	1.54652 4.16589,
	1.6113 4.19018,
	1.62749 4.20233,
	1.65988 4.21447,
	1.66798 4.21447,
	1.68417 4.22662,
	1.70036 4.23067,
	1.73275 4.25496,
	1.74895 4.26305,
	1.75704 4.27115,
	1.76514 4.27115,
	1.78133 4.28734,
	1.81372 4.30354,
	1.85421 4.36427,
	1.88659 4.38046,
	1.90684 4.4088,
	1.91493 4.42499,
	1.93113 4.43714,
	1.95137 4.46548,
	1.96351 4.49787,
	1.95137 4.53025,
	1.93922 4.54645,
	1.90684 4.55859,
	1.84206 4.5505,
	1.80967 4.54645,
	1.79348 4.54645,
	1.76109 4.52621,
	1.7449 4.51406,
	1.7368 4.50596,
	1.70441 4.50191,
	1.64368 4.44928,
	1.6113 4.42904,
	1.60725 4.42094,
	1.59915 4.42094,
	1.53438 4.38451,
	1.51818 4.38046,
	1.51008 4.38046,
	1.50199 4.37236,
	1.48579 4.37236,
	1.4696 4.36427,
	1.40482 4.35617,
	1.34005 4.37641,
	1.30766 4.38451,
	1.17811 4.38046,
	1.14572 4.38046,
	1.13762 4.38046,
	1.10928 4.35617,
	1.10119 4.33997,
	1.09309 4.33188,
	1.08095 4.2671,
	1.0769 4.23471,
	1.0769 4.21852,
	1.0688 4.20233,
	1.0688 4.18613,
	1.04856 4.15374,
	1.03641 4.13755,
	1.03236 4.07277,
	1.03236 4.06873,
	"/>
</Transform>

<Transform dim="0"
 xcoef=" 0 1 0 0 0 0"
 ycoef=" 0 0 1 0 0 0">
<Contour name="Ax05B04ssvr44" hidden="false" closed="true" simplified="false" border="0.5 0 1" fill="0.5 0 1" mode="-9"
 points="1.58059 4.3517,
	1.5709 4.34847,
	1.58059 4.34525,
	1.57413 4.33557,
	1.58381 4.34202,
	1.58704 4.33234,
	1.59027 4.34202,
	1.59995 4.33557,
	1.59349 4.34525,
	1.60317 4.34847,
	1.59349 4.3517,
	1.59995 4.36138,
	1.59027 4.35493,
	1.58704 4.36461,
	1.58381 4.35493,
	1.57413 4.36138,
	"/>
<Contour name="Ax05B04ssvr45" hidden="false" closed="true" simplified="false" border="0.5 0 1" fill="0.5 0 1" mode="-9"
 points="1.51282 4.31298,
	1.50314 4.30975,
	1.51282 4.30653,
	1.50637 4.29684,
	1.51605 4.3033,
	1.51928 4.29362,
	1.5225 4.3033,
	1.53218 4.29684,
	1.52573 4.30653,
	1.53541 4.30975,
	1.52573 4.31298,
	1.53218 4.32266,
	1.5225 4.31621,
	1.51928 4.32589,
	1.51605 4.31621,
	1.50637 4.32266,
	"/>
<Contour name="Ax05B04ssvr46" hidden="false" closed="true" simplified="false" border="0.5 0 1" fill="0.5 0 1" mode="-9"
 points="1.48378 4.28071,
	1.4741 4.27748,
	1.48378 4.27426,
	1.47733 4.26458,
	1.48701 4.27103,
	1.49023 4.26135,
	1.49346 4.27103,
	1.50314 4.26458,
	1.49669 4.27426,
	1.50637 4.27748,
	1.49669 4.28071,
	1.50314 4.29039,
	1.49346 4.28394,
	1.49023 4.29362,
	1.48701 4.28394,
	1.47733 4.29039,
	"/>
<Contour name="Ax05B04ssvr47" hidden="false" closed="true" simplified="false" border="0.5 0 1" fill="0.5 0 1" mode="-9"
 points="1.53541 4.22908,
	1.52573 4.22585,
	1.53541 4.22263,
	1.52896 4.21295,
	1.53864 4.2194,
	1.54186 4.20972,
	1.54509 4.2194,
	1.55477 4.21295,
	1.54832 4.22263,
	1.558 4.22585,
	1.54832 4.22908,
	1.55477 4.23876,
	1.54509 4.23231,
	1.54186 4.24199,
	1.53864 4.23231,
	1.52896 4.23876,
	"/>
<Contour name="Ax05B04ssvr48" hidden="false" closed="true" simplified="false" border="0.5 0 1" fill="0.5 0 1" mode="-9"
 points="1.46442 4.2194,
	1.45474 4.21617,
	1.46442 4.21295,
	1.45797 4.20327,
	1.46765 4.20972,
	1.47087 4.20004,
	1.4741 4.20972,
	1.48378 4.20327,
	1.47733 4.21295,
	1.48701 4.21617,
	1.47733 4.2194,
	1.48378 4.22908,
	1.4741 4.22263,
	1.47087 4.23231,
	1.46765 4.22263,
	1.45797 4.22908,
	"/>
<Contour name="Ax05B04ssvr49" hidden="false" closed="true" simplified="false" border="0.5 0 1" fill="0.5 0 1" mode="-9"
 points="1.39665 4.20004,
	1.38697 4.19681,
	1.39665 4.19359,
	1.3902 4.18391,
	1.39988 4.19036,
	1.40311 4.18068,
	1.40634 4.19036,
	1.41602 4.18391,
	1.40956 4.19359,
	1.41924 4.19681,
	1.40956 4.20004,
	1.41602 4.20972,
	1.40634 4.20327,
	1.40311 4.21295,
	1.39988 4.20327,
	1.3902 4.20972,
	"/>
<Contour name="Ax05B04ssvr50" hidden="false" closed="true" simplified="false" border="0.5 0 1" fill="0.5 0 1" mode="-9"
 points="1.42892 4.27748,
	1.41924 4.27426,
	1.42892 4.27103,
	1.42247 4.26135,
	1.43215 4.2678,
	1.43538 4.25812,
	1.4386 4.2678,
	1.44828 4.26135,
	1.44183 4.27103,
	1.45151 4.27426,
	1.44183 4.27748,
	1.44828 4.28716,
	1.4386 4.28071,
	1.43538 4.29039,
	1.43215 4.28071,
	1.42247 4.28716,
	"/>
<Contour name="Ax05B04ssvr51" hidden="false" closed="true" simplified="false" border="0.5 0 1" fill="0.5 0 1" mode="-9"
 points="1.40311 4.24522,
	1.39343 4.24199,
	1.40311 4.23876,
	1.39665 4.22908,
	1.40634 4.23553,
	1.40956 4.22585,
	1.41279 4.23553,
	1.42247 4.22908,
	1.41602 4.23876,
	1.4257 4.24199,
	1.41602 4.24522,
	1.42247 4.2549,
	1.41279 4.24844,
	1.40956 4.25812,
	1.40634 4.24844,
	1.39665 4.2549,
	"/>
<Contour name="Ax05B04ssvr52" hidden="false" closed="true" simplified="false" border="0.5 0 1" fill="0.5 0 1" mode="-9"
 points="1.33534 4.26135,
	1.32566 4.25812,
	1.33534 4.2549,
	1.32889 4.24522,
	1.33857 4.25167,
	1.3418 4.24199,
	1.34503 4.25167,
	1.35471 4.24522,
	1.34825 4.2549,
	1.35793 4.25812,
	1.34825 4.26135,
	1.35471 4.27103,
	1.34503 4.26458,
	1.3418 4.27426,
	1.33857 4.26458,
	1.32889 4.27103,
	"/>
<Contour name="Ax05B04ssvr53" hidden="false" closed="true" simplified="false" border="0.5 0 1" fill="0.5 0 1" mode="-9"
 points="1.28694 4.30975,
	1.27726 4.30653,
	1.28694 4.3033,
	1.28049 4.29362,
	1.29017 4.30007,
	1.2934 4.29039,
	1.29662 4.30007,
	1.3063 4.29362,
	1.29985 4.3033,
	1.30953 4.30653,
	1.29985 4.30975,
	1.3063 4.31943,
	1.29662 4.31298,
	1.2934 4.32266,
	1.29017 4.31298,
	1.28049 4.31943,
	"/>
<Contour name="Ax05B04ssvr54" hidden="false" closed="true" simplified="false" border="0.5 0 1" fill="0.5 0 1" mode="-9"
 points="1.28372 4.25167,
	1.27403 4.24844,
	1.28372 4.24522,
	1.27726 4.23553,
	1.28694 4.24199,
	1.29017 4.23231,
	1.2934 4.24199,
	1.30308 4.23553,
	1.29662 4.24522,
	1.3063 4.24844,
	1.29662 4.25167,
	1.30308 4.26135,
	1.2934 4.2549,
	1.29017 4.26458,
	1.28694 4.2549,
	1.27726 4.26135,
	"/>
<Contour name="Ax05B04ssvr55" hidden="false" closed="true" simplified="false" border="0.5 0 1" fill="0.5 0 1" mode="-9"
 points="1.24499 4.20327,
	1.23531 4.20004,
	1.24499 4.19681,
	1.23854 4.18713,
	1.24822 4.19359,
	1.25145 4.18391,
	1.25467 4.19359,
	1.26435 4.18713,
	1.2579 4.19681,
	1.26758 4.20004,
	1.2579 4.20327,
	1.26435 4.21295,
	1.25467 4.20649,
	1.25145 4.21617,
	1.24822 4.20649,
	1.23854 4.21295,
	"/>
<Contour name="Ax05B04ssvr56" hidden="false" closed="true" simplified="false" border="0.5 0 1" fill="0.5 0 1" mode="-9"
 points="1.23854 4.25167,
	1.22886 4.24844,
	1.23854 4.24522,
	1.23209 4.23553,
	1.24177 4.24199,
	1.24499 4.23231,
	1.24822 4.24199,
	1.2579 4.23553,
	1.25145 4.24522,
	1.26113 4.24844,
	1.25145 4.25167,
	1.2579 4.26135,
	1.24822 4.2549,
	1.24499 4.26458,
	1.24177 4.2549,
	1.23209 4.26135,
	"/>
<Contour name="Ax05B04ssvr57" hidden="false" closed="true" simplified="false" border="0.5 0 1" fill="0.5 0 1" mode="-9"
 points="1.19982 4.27103,
	1.19014 4.2678,
	1.19982 4.26458,
	1.19336 4.2549,
	1.20304 4.26135,
	1.20627 4.25167,
	1.2095 4.26135,
	1.21918 4.2549,
	1.21272 4.26458,
	1.22241 4.2678,
	1.21272 4.27103,
	1.21918 4.28071,
	1.2095 4.27426,
	1.20627 4.28394,
	1.20304 4.27426,
	1.19336 4.28071,
	"/>
<Contour name="Ax05B04ssvr58" hidden="false" closed="true" simplified="false" border="0.5 0 1" fill="0.5 0 1" mode="-9"
 points="1.14819 4.31621,
	1.13851 4.31298,
	1.14819 4.30975,
	1.14173 4.30007,
	1.15141 4.30653,
	1.15464 4.29684,
	1.15787 4.30653,
	1.16755 4.30007,
	1.1611 4.30975,
	1.17078 4.31298,
	1.1611 4.31621,
	1.16755 4.32589,
	1.15787 4.31943,
	1.15464 4.32911,
	1.15141 4.31943,
	1.14173 4.32589,
	"/>
<Contour name="Ax05B04ssvr59" hidden="false" closed="true" simplified="false" border="0.5 0 1" fill="0.5 0 1" mode="-9"
 points="1.14173 4.2678,
	1.13205 4.26458,
	1.14173 4.26135,
	1.13528 4.25167,
	1.14496 4.25812,
	1.14819 4.24844,
	1.15141 4.25812,
	1.1611 4.25167,
	1.15464 4.26135,
	1.16432 4.26458,
	1.15464 4.2678,
	1.1611 4.27748,
	1.15141 4.27103,
	1.14819 4.28071,
	1.14496 4.27103,
	1.13528 4.27748,
	"/>
<Contour name="Ax05B04ssvr60" hidden="false" closed="true" simplified="false" border="0.5 0 1" fill="0.5 0 1" mode="-9"
 points="1.12883 4.19359,
	1.11915 4.19036,
	1.12883 4.18713,
	1.12237 4.17745,
	1.13205 4.18391,
	1.13528 4.17422,
	1.13851 4.18391,
	1.14819 4.17745,
	1.14173 4.18713,
	1.15141 4.19036,
	1.14173 4.19359,
	1.14819 4.20327,
	1.13851 4.19681,
	1.13528 4.20649,
	1.13205 4.19681,
	1.12237 4.20327,
	"/>
<Contour name="Ax05B04ssvr61" hidden="false" closed="true" simplified="false" border="0.5 0 1" fill="0.5 0 1" mode="-9"
 points="1.11592 4.11291,
	1.10624 4.10969,
	1.11592 4.10646,
	1.10947 4.09678,
	1.11915 4.10323,
	1.12237 4.09355,
	1.1256 4.10323,
	1.13528 4.09678,
	1.12883 4.10646,
	1.13851 4.10969,
	1.12883 4.11291,
	1.13528 4.1226,
	1.1256 4.11614,
	1.12237 4.12582,
	1.11915 4.11614,
	1.10947 4.1226,
	"/>
<Contour name="Ax05B04ssvr62" hidden="false" closed="true" simplified="false" border="0.5 0 1" fill="0.5 0 1" mode="-9"
 points="1.16755 4.03224,
	1.15787 4.02902,
	1.16755 4.02579,
	1.1611 4.01611,
	1.17078 4.02256,
	1.174 4.01288,
	1.17723 4.02256,
	1.18691 4.01611,
	1.18046 4.02579,
	1.19014 4.02902,
	1.18046 4.03224,
	1.18691 4.04192,
	1.17723 4.03547,
	1.174 4.04515,
	1.17078 4.03547,
	1.1611 4.04192,
	"/>
<Contour name="Ax05B04ssvr63" hidden="false" closed="true" simplified="false" border="0.5 0 1" fill="0.5 0 1" mode="-9"
 points="1.19336 4.08065,
	1.18368 4.07742,
	1.19336 4.07419,
	1.18691 4.06451,
	1.19659 4.07097,
	1.19982 4.06128,
	1.20304 4.07097,
	1.21272 4.06451,
	1.20627 4.07419,
	1.21595 4.07742,
	1.20627 4.08065,
	1.21272 4.09033,
	1.20304 4.08387,
	1.19982 4.09355,
	1.19659 4.08387,
	1.18691 4.09033,
	"/>
<Contour name="Ax05B04ssvr64" hidden="false" closed="true" simplified="false" border="0.5 0 1" fill="0.5 0 1" mode="-9"
 points="1.21272 4.12905,
	1.20304 4.12582,
	1.21272 4.1226,
	1.20627 4.11291,
	1.21595 4.11937,
	1.21918 4.10969,
	1.22241 4.11937,
	1.23209 4.11291,
	1.22563 4.1226,
	1.23531 4.12582,
	1.22563 4.12905,
	1.23209 4.13873,
	1.22241 4.13228,
	1.21918 4.14196,
	1.21595 4.13228,
	1.20627 4.13873,
	"/>
<Contour name="Ax05B04ssvr65" hidden="false" closed="true" simplified="false" border="0.5 0 1" fill="0.5 0 1" mode="-9"
 points="1.23531 4.03547,
	1.22563 4.03224,
	1.23531 4.02902,
	1.22886 4.01934,
	1.23854 4.02579,
	1.24177 4.01611,
	1.24499 4.02579,
	1.25467 4.01934,
	1.24822 4.02902,
	1.2579 4.03224,
	1.24822 4.03547,
	1.25467 4.04515,
	1.24499 4.0387,
	1.24177 4.04838,
	1.23854 4.0387,
	1.22886 4.04515,
	"/>
<Contour name="Ax05B04ssvr66" hidden="false" closed="true" simplified="false" border="0.5 0 1" fill="0.5 0 1" mode="-9"
 points="1.26113 4.08065,
	1.25145 4.07742,
	1.26113 4.07419,
	1.25467 4.06451,
	1.26435 4.07097,
	1.26758 4.06128,
	1.27081 4.07097,
	1.28049 4.06451,
	1.27403 4.07419,
	1.28372 4.07742,
	1.27403 4.08065,
	1.28049 4.09033,
	1.27081 4.08387,
	1.26758 4.09355,
	1.26435 4.08387,
	1.25467 4.09033,
	"/>
<Contour name="Ax05B04ssvr67" hidden="false" closed="true" simplified="false" border="0.5 0 1" fill="0.5 0 1" mode="-9"
 points="1.28694 4.11291,
	1.27726 4.10969,
	1.28694 4.10646,
	1.28049 4.09678,
	1.29017 4.10323,
	1.2934 4.09355,
	1.29662 4.10323,
	1.3063 4.09678,
	1.29985 4.10646,
	1.30953 4.10969,
	1.29985 4.11291,
	1.3063 4.1226,
	1.29662 4.11614,
	1.2934 4.12582,
	1.29017 4.11614,
	1.28049 4.1226,
	"/>
<Contour name="Ax05B04ssvr68" hidden="false" closed="true" simplified="false" border="0.5 0 1" fill="0.5 0 1" mode="-9"
 points="1.31598 4.16132,
	1.3063 4.15809,
	1.31598 4.15486,
	1.30953 4.14518,
	1.31921 4.15164,
	1.32244 4.14196,
	1.32566 4.15164,
	1.33534 4.14518,
	1.32889 4.15486,
	1.33857 4.15809,
	1.32889 4.16132,
	1.33534 4.171,
	1.32566 4.16454,
	1.32244 4.17422,
	1.31921 4.16454,
	1.30953 4.171,
	"/>
<Contour name="Ax05B04ssvr69" hidden="false" closed="true" simplified="false" border="0.5 0 1" fill="0.5 0 1" mode="-9"
 points="1.27081 3.99675,
	1.26113 3.99352,
	1.27081 3.99029,
	1.26435 3.98061,
	1.27403 3.98707,
	1.27726 3.97739,
	1.28049 3.98707,
	1.29017 3.98061,
	1.28372 3.99029,
	1.2934 3.99352,
	1.28372 3.99675,
	1.29017 4.00643,
	1.28049 3.99997,
	1.27726 4.00966,
	1.27403 3.99997,
	1.26435 4.00643,
	"/>
</Transform>

<Transform dim="0"
 xcoef=" 0 1 0 0 0 0"
 ycoef=" 0 0 1 0 0 0">
<Contour name="Ax05B04c01" hidden="false" closed="true" simplified="true" border="0 1 0" fill="0 1 0" mode="11"
 points="1.01968 4.15295,
	1.02614 4.14005,
	1.03904 4.13682,
	1.06163 4.15941,
	1.06809 4.17231,
	1.07454 4.17877,
	1.08422 4.2304,
	1.08745 4.28203,
	1.08422 4.30784,
	1.08422 4.32075,
	1.07454 4.33043,
	1.06163 4.33366,
	1.04873 4.32398,
	1.03904 4.27235,
	1.02291 4.22072,
	1.01968 4.16909,
	1.01968 4.15618,
	"/>
<Contour name="Ax05B04cfa01" hidden="false" closed="false" simplified="false" border="0 1 1" fill="0 1 1" mode="9"
 points="1.05461 4.32911,
	1.06429 4.29039,
	1.06429 4.24199,
	1.02557 4.14196,
	"/>
</Transform>

<Transform dim="0"
 xcoef=" 0 1 0 0 0 0"
 ycoef=" 0 0 1 0 0 0">
<Contour name="Ax06" hidden="false" closed="true" simplified="true" border="0 0 1" fill="0 0 1" mode="-11"
 points="3.4501 6.87833,
	3.4626 6.8752,
	3.56261 6.89708,
	3.61261 6.90333,
	3.63761 6.90645,
	3.66261 6.90333,
	3.67511 6.90333,
	3.68761 6.89708,
	3.71261 6.89708,
	3.73449 6.91896,
	3.74074 6.92521,
	3.74699 6.95021,
	3.74386 6.96271,
	3.79074 6.99396,
	3.80011 7.00646,
	3.80011 7.01271,
	3.80636 7.01896,
	3.80324 7.04396,
	3.79699 7.05646,
	3.77199 7.06896,
	3.72199 7.07834,
	3.70949 7.07834,
	3.65948 7.05333,
	3.64698 7.04396,
	3.63448 7.04083,
	3.62823 7.04083,
	3.62198 7.03458,
	3.61573 7.03458,
	3.60948 7.02833,
	3.60323 7.02833,
	3.57511 6.97833,
	3.56886 6.96583,
	3.55011 6.95333,
	3.5376 6.95021,
	3.53135 6.94396,
	3.50635 6.93771,
	3.48135 6.92521,
	3.45948 6.90333,
	3.4501 6.88145,
	"/>
</Transform>

<Transform dim="0"
 xcoef=" 0 1 0 0 0 0"
 ycoef=" 0 0 1 0 0 0">
<Contour name="d06" hidden="false" closed="true" simplified="true" border="0 0 1" fill="0 0 1" mode="11"
 points="3.45083 1.15954,
	3.47104 1.15196,
	3.51146 1.14943,
	3.55188 1.14186,
	3.57209 1.14438,
	3.58977 1.15196,
	3.60745 1.16712,
	3.61756 1.18733,
	3.62009 1.20754,
	3.61756 1.21764,
	3.59735 1.23027,
	3.55693 1.24543,
	3.53672 1.24796,
	3.52661 1.25301,
	3.48619 1.25048,
	3.47609 1.24543,
	3.46851 1.23533,
	3.46346 1.19491,
	3.45588 1.1848,
	3.45083 1.16459,
	3.45083 1.16207,
	"/>
<Contour name="d06" hidden="false" closed="true" simplified="true" border="0 0 1" fill="0 0 1" mode="11"
 points="3.52156 1.80373,
	3.52914 1.79362,
	3.54177 1.7532,
	3.53419 1.73299,
	3.53672 1.71278,
	3.5443 1.7052,
	3.5443 1.70015,
	3.56198 1.68247,
	3.57209 1.67236,
	3.58219 1.66984,
	3.58472 1.66478,
	3.60493 1.65973,
	3.64029 1.637,
	3.6504 1.59658,
	3.6605 1.58647,
	3.66556 1.58647,
	3.68071 1.57384,
	3.70092 1.56374,
	3.72113 1.55868,
	3.74134 1.54858,
	3.7565 1.53342,
	3.79692 1.52079,
	3.83734 1.51826,
	3.87776 1.52079,
	3.89797 1.52837,
	3.90808 1.53342,
	3.91313 1.53595,
	3.91565 1.54353,
	3.93586 1.53595,
	3.95607 1.53595,
	3.96618 1.53089,
	4.04702 1.53089,
	4.08744 1.53089,
	4.10765 1.53342,
	4.12786 1.541,
	4.13291 1.541,
	4.16575 1.57384,
	4.20617 1.5991,
	4.24406 1.62942,
	4.26427 1.64457,
	4.27438 1.6471,
	4.29459 1.65973,
	4.33248 1.67742,
	4.36785 1.71026,
	4.38806 1.72289,
	4.39816 1.72541,
	4.40069 1.73047,
	4.40574 1.73047,
	4.44111 1.76583,
	4.44616 1.78604,
	4.44364 1.82646,
	4.44364 1.83657,
	4.4209 1.87699,
	4.41079 1.88709,
	4.39058 1.89972,
	4.39058 1.90478,
	4.35774 1.93256,
	4.35017 1.94014,
	4.34006 1.94267,
	4.31985 1.9553,
	4.29964 1.96288,
	4.29711 1.96793,
	4.28701 1.97046,
	4.2668 1.98309,
	4.25669 1.99067,
	4.25164 1.99067,
	4.22133 2.02351,
	4.22133 2.02856,
	4.20364 2.04372,
	4.19607 2.05382,
	4.18596 2.05888,
	4.16828 2.07656,
	4.1607 2.08161,
	4.13291 2.12203,
	4.13291 2.12708,
	4.10259 2.1675,
	4.0647 2.18013,
	4.02428 2.18266,
	3.98386 2.18013,
	3.94344 2.15993,
	3.92323 2.14477,
	3.91818 2.14477,
	3.91565 2.13972,
	3.87523 2.12708,
	3.86513 2.12456,
	3.8525 2.10687,
	3.83481 2.08919,
	3.82724 2.07909,
	3.75398 2.02604,
	3.71356 2.0033,
	3.69335 2.00077,
	3.67314 1.99319,
	3.65798 1.97551,
	3.6504 1.9553,
	3.64282 1.94772,
	3.64029 1.94267,
	3.63524 1.94267,
	3.62261 1.92246,
	3.61503 1.90225,
	3.57714 1.88457,
	3.55693 1.88204,
	3.53925 1.86941,
	3.52914 1.86183,
	3.52409 1.85678,
	3.52156 1.81636,
	3.52156 1.80625,
	"/>
</Transform>

<Transform dim="0"
 xcoef=" 0 1 0 0 0 0"
 ycoef=" 0 0 1 0 0 0">
<Contour name="d09" hidden="false" closed="true" simplified="true" border="0 1 0" fill="0 1 0" mode="11"
 points="1.18867 2.71993,
	1.19245 2.71614,
	1.19624 2.701,
	1.20002 2.69343,
	1.20002 2.66314,
	1.20192 2.648,
	1.2057 2.64043,
	1.2057 2.63286,
	1.20949 2.62529,
	1.20949 2.6215,
	1.21327 2.61772,
	1.21327 2.61393,
	1.22463 2.60068,
	1.24924 2.58175,
	1.26248 2.5704,
	1.27573 2.56283,
	1.29088 2.55147,
	1.30413 2.53633,
	1.31927 2.52497,
	1.33441 2.51929,
	1.34955 2.50983,
	1.35712 2.50415,
	1.38741 2.49658,
	1.39498 2.49658,
	1.41012 2.4909,
	1.44041 2.49279,
	1.44798 2.49658,
	1.45176 2.49658,
	1.45555 2.50036,
	1.47069 2.50415,
	1.47826 2.50983,
	1.50665 2.51929,
	1.5199 2.52686,
	1.52747 2.53065,
	1.55776 2.53443,
	1.58804 2.54768,
	1.61833 2.55715,
	1.64104 2.58175,
	1.65429 2.595,
	1.66943 2.60257,
	1.69972 2.61204,
	1.71486 2.62339,
	1.72622 2.63475,
	1.73189 2.64989,
	1.73379 2.65746,
	1.73757 2.66125,
	1.73947 2.66882,
	1.74704 2.67639,
	1.76029 2.68396,
	1.78868 2.70478,
	1.79246 2.70857,
	1.79625 2.70857,
	1.82653 2.7256,
	1.8341 2.7275,
	1.84735 2.73885,
	1.8606 2.754,
	1.8606 2.76914,
	1.8606 2.77671,
	1.85493 2.78428,
	1.84168 2.79374,
	1.83789 2.80132,
	1.836 2.8316,
	1.82653 2.84674,
	1.81707 2.85621,
	1.78679 2.86567,
	1.72622 2.86756,
	1.71107 2.86756,
	1.68079 2.87513,
	1.66565 2.88081,
	1.63536 2.88271,
	1.60508 2.87703,
	1.59751 2.87324,
	1.58994 2.87324,
	1.58236 2.86946,
	1.56722 2.86756,
	1.55208 2.86188,
	1.53694 2.85999,
	1.52937 2.85621,
	1.4688 2.85431,
	1.45366 2.85431,
	1.43851 2.85053,
	1.43094 2.85053,
	1.42337 2.84674,
	1.39309 2.84296,
	1.33252 2.84106,
	1.30223 2.84106,
	1.29466 2.83917,
	1.29088 2.83539,
	1.28709 2.83539,
	1.27195 2.82403,
	1.26816 2.82024,
	1.26627 2.78996,
	1.26059 2.77482,
	1.26059 2.76725,
	1.25681 2.76346,
	1.25681 2.75967,
	1.24166 2.74642,
	1.22652 2.74075,
	1.19624 2.74075,
	1.19056 2.73507,
	1.18867 2.72182,
	"/>
</Transform>

<Transform dim="0"
 xcoef=" 0 1 0 0 0 0"
 ycoef=" 0 0 1 0 0 0">
<Contour name="d09" hidden="false" closed="true" simplified="true" border="0 1 0" fill="0 1 0" mode="11"
 points="0.736292 3.48839,
	0.74197 3.47515,
	0.75522 3.4619,
	0.777933 3.44108,
	0.783611 3.4335,
	0.785504 3.42593,
	0.78929 3.42215,
	0.78929 3.41836,
	0.798753 3.40322,
	0.798753 3.39943,
	0.804432 3.39186,
	0.804432 3.38808,
	0.815789 3.37483,
	0.84418 3.34644,
	0.874465 3.3294,
	0.887714 3.31994,
	0.8915 3.31615,
	0.895285 3.31615,
	0.908535 3.3048,
	0.923677 3.29912,
	0.931248 3.29344,
	0.961533 3.28776,
	1.0221 3.28776,
	1.03724 3.28965,
	1.04481 3.29155,
	1.0486 3.29155,
	1.05049 3.29912,
	1.06374 3.30669,
	1.07889 3.31804,
	1.09024 3.33319,
	1.09592 3.34076,
	1.09592 3.34454,
	1.1016 3.35211,
	1.10728 3.36726,
	1.10917 3.39754,
	1.10728 3.42783,
	1.09781 3.45622,
	1.09213 3.47136,
	1.09024 3.47893,
	1.08646 3.48272,
	1.08456 3.49029,
	1.05428 3.51111,
	1.03914 3.51868,
	1.03535 3.51868,
	1.03346 3.52247,
	1.02589 3.52247,
	1.01832 3.52625,
	1.01642 3.53004,
	1.01264 3.53004,
	1.00507 3.53571,
	0.974782 3.54707,
	0.95964 3.54896,
	0.929355 3.56221,
	0.92557 3.56221,
	0.921784 3.566,
	0.906642 3.56789,
	0.876358 3.57925,
	0.861215 3.58493,
	0.846073 3.58682,
	0.815789 3.58303,
	0.800646 3.57546,
	0.796861 3.57546,
	0.768469 3.55464,
	0.743863 3.53382,
	0.738185 3.52625,
	0.736292 3.49597,
	0.736292 3.49029,
	"/>
</Transform>

<Transform dim="6"
 xcoef=" -0.00721626866327601 0.983643992675642 -0.00338698604785739 0 0 0"
 ycoef=" 0.0790380409055734 0.0566505098921342 1.00680515193339 0 0 0">
<Image mag="0.0021709" contrast="0.922" brightness="0.03" red="true" green="true" blue="true"
 src="JPTZX.193.jpg" />
<Contour name="domain1" hidden="false" closed="true" simplified="false" border="1 0 1" fill="1 0 1" mode="11"
 points="0 0,
	4083 0,
	4083 4083,
	0 4083,
	"/>
</Transform>

<Transform dim="0"
 xcoef=" 0 1 0 0 0 0"
 ycoef=" 0 0 1 0 0 0">
<Contour name="d03ax13" hidden="false" closed="true" simplified="true" border="0 1 1" fill="0 1 1" mode="-11"
 points="1.21609 5.77936,
	1.22002 5.77149,
	1.25151 5.76165,
	1.37744 5.76362,
	1.40893 5.76362,
	1.44041 5.76756,
	1.4719 5.77543,
	1.50338 5.7892,
	1.51912 5.79904,
	1.54864 5.82856,
	1.61161 5.87185,
	1.64113 5.90137,
	1.64703 5.90924,
	1.649 5.92498,
	1.64703 5.94072,
	1.64113 5.95646,
	1.63326 5.9604,
	1.62538 5.96827,
	1.56242 5.98008,
	1.49945 5.98204,
	1.46796 5.97024,
	1.40499 5.93482,
	1.37351 5.92498,
	1.36957 5.92104,
	1.33809 5.9112,
	1.32235 5.90333,
	1.31448 5.90137,
	1.29873 5.89153,
	1.29283 5.88759,
	1.26331 5.85807,
	1.24364 5.82659,
	1.2397 5.82069,
	1.22396 5.80888,
	1.21805 5.80101,
	1.21609 5.78527,
	1.21609 5.78133,
	"/>
<Contour name="d03ax13" hidden="false" closed="true" simplified="true" border="0 1 1" fill="0 1 1" mode="-11"
 points="2.15472 6.14537,
	2.15865 6.12963,
	2.15865 6.12569,
	2.17243 6.10995,
	2.1803 6.10601,
	2.18423 6.10601,
	2.18817 6.10208,
	2.1921 6.10208,
	2.19801 6.09421,
	2.22949 6.0883,
	2.23933 6.10405,
	2.24523 6.11192,
	2.2472 6.11979,
	2.25114 6.12372,
	2.26098 6.15521,
	2.26294 6.18669,
	2.26098 6.20244,
	2.24917 6.21818,
	2.23343 6.22408,
	2.21769 6.22408,
	2.21375 6.22015,
	2.20588 6.21818,
	2.17636 6.18866,
	2.16456 6.17292,
	2.15668 6.15718,
	2.15472 6.14931,
	2.15472 6.14734,
	"/>
</Transform>

<Transform dim="0"
 xcoef=" 0 1 0 0 0 0"
 ycoef=" 0 0 1 0 0 0">
<Contour name="d06ax09" hidden="false" closed="true" simplified="true" border="0 1 1" fill="0 1 1" mode="-11"
 points="2.28808 1.60246,
	2.29813 1.58637,
	2.30416 1.57833,
	2.30617 1.57029,
	2.31019 1.56627,
	2.31421 1.50193,
	2.32226 1.46976,
	2.32427 1.46171,
	2.33834 1.44563,
	2.40268 1.44563,
	2.43485 1.44965,
	2.46702 1.46372,
	2.49919 1.48785,
	2.51326 1.49791,
	2.52533 1.51198,
	2.52332 1.54415,
	2.52131 1.56023,
	2.52131 1.56828,
	2.51527 1.58436,
	2.51326 1.61653,
	2.51527 1.68087,
	2.48914 1.74521,
	2.4831 1.75325,
	2.47908 1.76934,
	2.47908 1.78542,
	2.47908 1.78944,
	2.48914 1.80553,
	2.49115 1.82161,
	2.48914 1.8377,
	2.4831 1.85378,
	2.46099 1.88595,
	2.4449 1.89199,
	2.42882 1.89199,
	2.39665 1.88394,
	2.38056 1.8759,
	2.37654 1.8759,
	2.37051 1.86786,
	2.3685 1.85982,
	2.36247 1.85177,
	2.34839 1.8196,
	2.33633 1.80553,
	2.32226 1.79749,
	2.30818 1.78341,
	2.30014 1.76733,
	2.30215 1.73516,
	2.30818 1.70299,
	2.3122 1.6869,
	2.3122 1.67082,
	2.30818 1.65473,
	2.28808 1.62457,
	2.28808 1.60849,
	2.28808 1.60447,
	"/>
</Transform>

<Transform dim="0"
 xcoef=" 0 1 0 0 0 0"
 ycoef=" 0 0 1 0 0 0">
<Contour name="d09ax08" hidden="false" closed="true" simplified="true" border="0 1 1" fill="0 1 1" mode="-11"
 points="2.29941 3.40037,
	2.31088 3.36979,
	2.32043 3.35832,
	2.33381 3.34303,
	2.34528 3.33156,
	2.37586 3.31245,
	2.38351 3.30671,
	2.41409 3.3048,
	2.42938 3.30289,
	2.49055 3.28569,
	2.52113 3.27995,
	2.58229 3.25702,
	2.61288 3.25319,
	2.62817 3.25319,
	2.7505 3.29333,
	2.78108 3.31245,
	2.78872 3.31627,
	2.79255 3.31627,
	2.79637 3.32009,
	2.82695 3.32965,
	2.84033 3.34112,
	2.86518 3.36979,
	2.87665 3.38317,
	2.89194 3.39464,
	2.91488 3.4214,
	2.9187 3.42904,
	2.9187 3.45962,
	2.91488 3.47492,
	2.91488 3.48256,
	2.91105 3.49021,
	2.91105 3.49785,
	2.90723 3.5055,
	2.90341 3.50932,
	2.89385 3.5399,
	2.89003 3.55519,
	2.88047 3.57048,
	2.86709 3.58386,
	2.83651 3.60489,
	2.82886 3.61254,
	2.82695 3.64312,
	2.83269 3.65841,
	2.85562 3.68517,
	2.86136 3.69281,
	2.85945 3.7234,
	2.84989 3.73869,
	2.84416 3.75398,
	2.84033 3.78456,
	2.83651 3.79985,
	2.83269 3.8075,
	2.82504 3.81514,
	2.76388 3.81514,
	2.70271 3.80559,
	2.64155 3.79985,
	2.62626 3.79794,
	2.61861 3.79603,
	2.56127 3.75589,
	2.5498 3.74251,
	2.54598 3.73486,
	2.54215 3.73104,
	2.54024 3.7234,
	2.52686 3.70811,
	2.51731 3.69473,
	2.51157 3.68708,
	2.50966 3.6565,
	2.50775 3.64121,
	2.49246 3.63738,
	2.47717 3.62783,
	2.4657 3.61254,
	2.45996 3.60489,
	2.44658 3.59916,
	2.43894 3.59724,
	2.43512 3.59724,
	2.41027 3.5724,
	2.3816 3.55328,
	2.35102 3.54755,
	2.32426 3.52461,
	2.31661 3.52079,
	2.31088 3.51314,
	2.31088 3.50932,
	2.30514 3.50167,
	2.29941 3.48638,
	2.29941 3.42522,
	2.29941 3.40993,
	2.29941 3.40228,
	"/>
</Transform>

<Transform dim="0"
 xcoef=" 0 1 0 0 0 0"
 ycoef=" 0 0 1 0 0 0">
<Contour name="d09ax09" hidden="false" closed="true" simplified="true" border="0 1 1" fill="0 1 1" mode="-11"
 points="1.87337 4.14959,
	1.87791 4.13747,
	1.88549 4.12687,
	1.90669 4.10718,
	1.9188 4.08446,
	1.92486 4.07235,
	1.93243 4.04812,
	1.95364 4.0254,
	1.97635 4.00571,
	1.99756 3.98905,
	2.01421 3.96634,
	2.02633 3.95725,
	2.03845 3.95271,
	2.04147 3.94968,
	2.05359 3.94513,
	2.05965 3.94059,
	2.07176 3.93605,
	2.09599 3.93453,
	2.12023 3.92696,
	2.13234 3.92242,
	2.14446 3.91182,
	2.15051 3.90879,
	2.15506 3.90273,
	2.17929 3.8891,
	2.18232 3.88607,
	2.18838 3.88607,
	2.21109 3.86638,
	2.21715 3.86335,
	2.24138 3.86335,
	2.2535 3.86487,
	2.30196 3.88759,
	2.32468 3.90576,
	2.33376 3.91787,
	2.33679 3.92393,
	2.33831 3.93605,
	2.34891 3.96028,
	2.35648 3.98451,
	2.36102 3.99663,
	2.36557 4.02086,
	2.36557 4.04509,
	2.36405 4.0572,
	2.36405 4.06326,
	2.35799 4.07538,
	2.33831 4.09809,
	2.33376 4.10112,
	2.32771 4.10718,
	2.32165 4.11021,
	2.32013 4.11324,
	2.3171 4.11324,
	2.31408 4.11627,
	2.31105 4.11627,
	2.30802 4.1193,
	2.30499 4.1193,
	2.29287 4.12687,
	2.28833 4.13141,
	2.2853 4.13141,
	2.28227 4.13444,
	2.27924 4.13444,
	2.27621 4.13747,
	2.2641 4.1405,
	2.25804 4.14353,
	2.23381 4.14656,
	2.18535 4.16019,
	2.17929 4.16019,
	2.16717 4.16473,
	2.16112 4.16624,
	2.15809 4.16927,
	2.14597 4.17382,
	2.12325 4.18896,
	2.12023 4.19199,
	2.1172 4.19199,
	2.11417 4.19502,
	2.08994 4.20562,
	2.07782 4.21016,
	2.07479 4.21319,
	2.05056 4.22228,
	2.0445 4.22228,
	2.03845 4.22531,
	2.01421 4.22531,
	2.0021 4.22076,
	1.98998 4.21925,
	1.98393 4.21774,
	1.9809 4.21471,
	1.97484 4.21319,
	1.96878 4.20865,
	1.92032 4.19048,
	1.89609 4.18593,
	1.88397 4.17987,
	1.87489 4.16776,
	1.87337 4.15564,
	1.87337 4.1511,
	"/>
</Transform>

<Transform dim="0"
 xcoef=" 0 1 0 0 0 0"
 ycoef=" 0 0 1 0 0 0">
<Contour name="d01ax22*" hidden="false" closed="true" simplified="false" border="0 1 0" fill="0 1 0" mode="11"
 points="6.80124 4.26036,
	6.79015 4.24927,
	6.80124 4.23818,
	6.81233 4.24927,
	"/>
<Contour name="d01ax22*" hidden="false" closed="true" simplified="false" border="0 1 0" fill="0 1 0" mode="11"
 points="6.75372 4.26987,
	6.74263 4.25878,
	6.75372 4.24769,
	6.76481 4.25878,
	"/>
<Contour name="d01ax22*" hidden="false" closed="true" simplified="false" border="0 1 0" fill="0 1 0" mode="11"
 points="7.11174 4.22076,
	7.10065 4.20967,
	7.11174 4.19858,
	7.12282 4.20967,
	"/>
</Transform>

<Transform dim="0"
 xcoef=" 0 1 0 0 0 0"
 ycoef=" 0 0 1 0 0 0">
<Contour name="d09ax09ssvr" hidden="false" closed="true" simplified="false" border="0 1 0" fill="0 1 0" mode="11"
 points="2.73665 3.7134,
	2.7247 3.70144,
	2.73665 3.68949,
	2.74861 3.70144,
	"/>
<Contour name="d09ax09ssvr" hidden="false" closed="true" simplified="false" border="0 1 0" fill="0 1 0" mode="11"
 points="2.61027 3.59043,
	2.59831 3.57848,
	2.61027 3.56652,
	2.62222 3.57848,
	"/>
</Transform>

<Transform dim="0"
 xcoef=" 0 1 0 0 0 0"
 ycoef=" 0 0 1 0 0 0">
<Contour name="d01ax24" hidden="false" closed="true" simplified="true" border="0 1 1" fill="0 1 1" mode="-11"
 points="4.95 5.12841,
	4.95454 5.10422,
	4.95756 5.09212,
	4.96361 5.08003,
	4.97571 5.07096,
	4.98175 5.06793,
	5.00594 5.06793,
	5.01804 5.06944,
	5.04223 5.08003,
	5.05432 5.08456,
	5.07852 5.08607,
	5.10271 5.09515,
	5.1148 5.10271,
	5.1269 5.11329,
	5.13294 5.11934,
	5.15713 5.12992,
	5.18133 5.13446,
	5.22971 5.13748,
	5.2539 5.1405,
	5.27809 5.1405,
	5.30228 5.14353,
	5.30833 5.14353,
	5.32042 5.14958,
	5.32647 5.1526,
	5.33856 5.16318,
	5.35066 5.17074,
	5.37485 5.17225,
	5.38695 5.17981,
	5.39753 5.1904,
	5.39753 5.21459,
	5.39904 5.22668,
	5.40509 5.23878,
	5.42626 5.26146,
	5.43079 5.2675,
	5.4323 5.27355,
	5.43079 5.29774,
	5.4323 5.30984,
	5.43533 5.31589,
	5.43533 5.31891,
	5.43835 5.32193,
	5.43986 5.32798,
	5.44289 5.331,
	5.45952 5.37939,
	5.45952 5.42777,
	5.45952 5.43986,
	5.45045 5.45196,
	5.43835 5.45952,
	5.42626 5.46405,
	5.37787 5.46103,
	5.35368 5.45347,
	5.32949 5.45045,
	5.28111 5.43381,
	5.25692 5.42474,
	5.20854 5.41416,
	5.19644 5.40962,
	5.17225 5.38997,
	5.14806 5.37334,
	5.13597 5.36729,
	5.12387 5.35822,
	5.11329 5.34612,
	5.10573 5.33403,
	5.09515 5.30984,
	5.09212 5.28565,
	5.09061 5.27355,
	5.08759 5.2675,
	5.06793 5.24483,
	5.05886 5.22064,
	5.0513 5.20854,
	5.02711 5.18586,
	5.01501 5.17679,
	4.99082 5.16469,
	4.97873 5.16016,
	4.97268 5.16016,
	4.96059 5.1526,
	4.95 5.14202,
	4.95 5.12992,
	"/>
</Transform>

<Transform dim="0"
 xcoef=" 0 1 0 0 0 0"
 ycoef=" 0 0 1 0 0 0">
<Contour name="d03ax18" hidden="false" closed="true" simplified="true" border="0 1 1" fill="0 1 1" mode="-11"
 points="1.5058 3.87704,
	1.51949 3.85271,
	1.52709 3.84206,
	1.53774 3.83141,
	1.54991 3.82381,
	1.56207 3.81925,
	1.58641 3.81773,
	1.61075 3.82533,
	1.62291 3.83294,
	1.64725 3.84054,
	1.65333 3.84054,
	1.67767 3.84815,
	1.70201 3.85271,
	1.71417 3.85879,
	1.72482 3.87096,
	1.74764 3.88769,
	1.75372 3.89073,
	1.7598 3.89682,
	1.76285 3.89834,
	1.76285 3.90138,
	1.79175 3.94853,
	1.80239 3.9607,
	1.80848 3.96678,
	1.81456 3.96983,
	1.82673 3.98199,
	1.83281 3.98808,
	1.8389 4.00025,
	1.84194 4.00633,
	1.85563 4.10367,
	1.85715 4.12801,
	1.85715 4.14018,
	1.85411 4.15235,
	1.85411 4.15843,
	1.84954 4.16451,
	1.84802 4.1706,
	1.80696 4.21775,
	1.79631 4.22992,
	1.78566 4.23904,
	1.77958 4.24513,
	1.75524 4.25577,
	1.74307 4.25577,
	1.7309 4.25273,
	1.70657 4.23296,
	1.6944 4.22231,
	1.67767 4.19798,
	1.66702 4.18581,
	1.65181 4.16147,
	1.63964 4.13714,
	1.63812 4.13105,
	1.61227 4.08238,
	1.59858 4.05804,
	1.59401 4.05196,
	1.56968 4.03675,
	1.55751 4.02762,
	1.55143 4.02306,
	1.54838 4.01698,
	1.5423 4.01089,
	1.53317 3.98656,
	1.53013 3.98047,
	1.52709 3.97743,
	1.51644 3.95309,
	1.5134 3.95005,
	1.51188 3.92572,
	1.51188 3.91963,
	1.50732 3.90746,
	1.5058 3.88313,
	1.5058 3.87857,
	"/>
</Transform>

<Transform dim="0"
 xcoef=" 0 1 0 0 0 0"
 ycoef=" 0 0 1 0 0 0">
<Contour name="d06ax11" hidden="false" closed="true" simplified="true" border="0 1 1" fill="0 1 1" mode="-11"
 points="2.34926 -0.0691341,
	2.3623 -0.0900048,
	2.36752 -0.0952225,
	2.37795 -0.0991357,
	2.41969 -0.106962,
	2.44057 -0.106962,
	2.46144 -0.104353,
	2.48231 -0.0978313,
	2.50318 -0.087396,
	2.52405 -0.0834827,
	2.54492 -0.0834827,
	2.55535 -0.0821783,
	2.57623 -0.0730474,
	2.5971 -0.0613076,
	2.60753 -0.0508723,
	2.61666 -0.0300016,
	2.61797 -0.0247839,
	2.63753 -0.00521767,
	2.64797 0.00130442,
	2.6584 0.00521767,
	2.66884 0.0117398,
	2.6884 0.0300016,
	2.73015 0.0547855,
	2.75102 0.071743,
	2.76145 0.0795695,
	2.77189 0.0847872,
	2.79276 0.0900048,
	2.81363 0.0926137,
	2.89711 0.130442,
	2.90755 0.135659,
	2.92711 0.151312,
	2.93233 0.15653,
	2.94407 0.177401,
	2.96103 0.194358,
	2.96625 0.196967,
	3.00799 0.237404,
	3.02886 0.253057,
	3.04973 0.263492,
	3.0706 0.270014,
	3.09147 0.279145,
	3.13321 0.302625,
	3.15408 0.314365,
	3.16452 0.319582,
	3.16974 0.323496,
	3.19061 0.330018,
	3.23235 0.331322,
	3.27409 0.318278,
	3.28452 0.315669,
	3.30539 0.316974,
	3.31061 0.316974,
	3.33148 0.326104,
	3.35235 0.343062,
	3.36279 0.353497,
	3.37844 0.374368,
	3.38888 0.382194,
	3.40975 0.391325,
	3.42018 0.399152,
	3.46192 0.418718,
	3.4828 0.422631,
	3.49323 0.42524,
	3.50367 0.431762,
	3.5128 0.440893,
	3.51932 0.451329,
	3.52323 0.461764,
	3.52323 0.482635,
	3.52193 0.49307,
	3.51801 0.503505,
	3.51671 0.524376,
	3.52323 0.566117,
	3.52454 0.586988,
	3.52193 0.607859,
	3.52193 0.618294,
	3.51801 0.628729,
	3.51149 0.639165,
	3.50627 0.644382,
	3.50367 0.6496,
	3.4828 0.666557,
	3.46192 0.679602,
	3.45671 0.68221,
	3.4541 0.68221,
	3.44366 0.688733,
	3.42279 0.695255,
	3.41236 0.699168,
	3.39149 0.699168,
	3.38105 0.697863,
	3.36018 0.688733,
	3.35496 0.686124,
	3.35235 0.683515,
	3.34714 0.68221,
	3.34453 0.679602,
	3.34192 0.679602,
	3.3367 0.675688,
	3.31583 0.666557,
	3.30539 0.662644,
	3.28452 0.658731,
	3.27409 0.657427,
	3.25322 0.650904,
	3.24278 0.645687,
	3.24017 0.643078,
	3.23496 0.641774,
	3.21409 0.628729,
	3.19452 0.613076,
	3.18408 0.606554,
	3.17365 0.602641,
	3.16843 0.600032,
	3.14756 0.596119,
	3.12669 0.588292,
	3.11625 0.583075,
	3.09669 0.563508,
	3.09017 0.553073,
	3.08495 0.532202,
	3.08495 0.526985,
	3.08234 0.521767,
	3.08234 0.516549,
	3.07843 0.511332,
	3.03668 0.495679,
	3.01581 0.486548,
	3.00538 0.480026,
	2.98451 0.463068,
	2.97407 0.456546,
	2.9532 0.447415,
	2.94277 0.440893,
	2.9232 0.420023,
	2.91537 0.409587,
	2.91146 0.406978,
	2.90233 0.397847,
	2.86059 0.371759,
	2.85798 0.371759,
	2.85276 0.367846,
	2.85015 0.367846,
	2.84754 0.365237,
	2.84494 0.365237,
	2.84233 0.362628,
	2.83711 0.361324,
	2.81624 0.345671,
	2.8058 0.335235,
	2.77189 0.293494,
	2.75232 0.273928,
	2.74189 0.266101,
	2.72102 0.255666,
	2.70014 0.247839,
	2.67927 0.2361,
	2.67406 0.234795,
	2.63231 0.208707,
	2.62188 0.202185,
	2.61144 0.193054,
	2.60623 0.187836,
	2.59318 0.166965,
	2.55144 0.134355,
	2.5097 0.104353,
	2.49926 0.0978313,
	2.49013 0.087396,
	2.48361 0.0769606,
	2.46405 0.0573944,
	2.45883 0.0521767,
	2.43796 0.0404369,
	2.42752 0.0339149,
	2.41709 0.0247839,
	2.40404 0.00391325,
	2.40274 -0.00130442,
	2.38578 -0.0221751,
	2.36621 -0.0391325,
	2.35578 -0.0456546,
	2.35056 -0.0508723,
	2.34926 -0.0613076,
	2.34926 -0.0665253,
	2.34926 -0.0678297,
	"/>
</Transform>

<Transform dim="0"
 xcoef=" 0 1 0 0 0 0"
 ycoef=" 0 0 1 0 0 0">
<Contour name="d03ax18ssvr" hidden="false" closed="true" simplified="false" border="0 1 0" fill="0 1 0" mode="11"
 points="1.70455 4.06884,
	1.69509 4.05938,
	1.70455 4.04992,
	1.71401 4.05938,
	"/>
<Contour name="d03ax18ssvr" hidden="false" closed="true" simplified="false" border="0 1 0" fill="0 1 0" mode="11"
 points="1.69509 4.11749,
	1.68563 4.10803,
	1.69509 4.09857,
	1.70455 4.10803,
	"/>
<Contour name="d03ax18ssvr" hidden="false" closed="true" simplified="false" border="0 1 0" fill="0 1 0" mode="11"
 points="1.74645 4.0837,
	1.73699 4.07424,
	1.74645 4.06478,
	1.75591 4.07424,
	"/>
<Contour name="d03ax18ssvr" hidden="false" closed="true" simplified="false" border="0 1 0" fill="0 1 0" mode="11"
 points="1.7924 4.11478,
	1.78294 4.10532,
	1.7924 4.09586,
	1.80186 4.10532,
	"/>
<Contour name="d03ax18ssvr" hidden="false" closed="true" simplified="false" border="0 1 0" fill="0 1 0" mode="11"
 points="1.76672 4.15533,
	1.75726 4.14587,
	1.76672 4.13641,
	1.77618 4.14587,
	"/>
<Contour name="d03ax18ssvr" hidden="false" closed="true" simplified="false" border="0 1 0" fill="0 1 0" mode="11"
 points="1.6978 4.15668,
	1.68834 4.14722,
	1.6978 4.13776,
	1.70726 4.14722,
	"/>
<Contour name="d03ax18ssvr" hidden="false" closed="true" simplified="false" border="0 1 0" fill="0 1 0" mode="11"
 points="1.62077 4.01343,
	1.61131 4.00397,
	1.62077 3.99451,
	1.63023 4.00397,
	"/>
<Contour name="d03ax18ssvr" hidden="false" closed="true" simplified="false" border="0 1 0" fill="0 1 0" mode="11"
 points="1.59239 3.9837,
	1.58293 3.97424,
	1.59239 3.96478,
	1.60185 3.97424,
	"/>
</Transform>

<Transform dim="0"
 xcoef=" 0 1 0 0 0 0"
 ycoef=" 0 0 1 0 0 0">
<Contour name="d01ax22" hidden="false" closed="true" simplified="true" border="1 0 0.502" fill="1 0 0.5" mode="-11"
 points="6.51511 4.27342,
	6.55834 4.23328,
	6.58304 4.21475,
	6.60465 4.2024,
	6.62935 4.18387,
	6.66949 4.13756,
	6.6942 4.12212,
	6.70655 4.11903,
	6.71272 4.11285,
	6.73742 4.10359,
	6.74977 4.1005,
	6.76213 4.09124,
	6.77448 4.08815,
	6.78065 4.08198,
	6.78683 4.08198,
	6.79918 4.07271,
	6.80535 4.07271,
	6.83006 4.05728,
	6.83623 4.05728,
	6.84241 4.0511,
	6.86711 4.04492,
	6.87328 4.03875,
	6.92269 4.02022,
	6.93504 4.01405,
	6.95974 4.01405,
	7.05855 3.99243,
	7.0709 3.98626,
	7.07707 3.98008,
	7.12648 3.97082,
	7.17588 3.96773,
	7.20058 3.95847,
	7.22529 3.95847,
	7.23764 3.96156,
	7.24381 3.96156,
	7.24999 3.96773,
	7.27469 3.97391,
	7.28086 3.98008,
	7.30557 3.98935,
	7.31483 3.99552,
	7.321 3.99552,
	7.33644 4.02022,
	7.33644 4.03257,
	7.31483 4.05419,
	7.29322 4.06963,
	7.28704 4.08198,
	7.29013 4.13138,
	7.29013 4.15608,
	7.28395 4.18078,
	7.25616 4.2271,
	7.23455 4.24563,
	7.2222 4.2518,
	7.21602 4.25489,
	7.20058 4.23945,
	7.19441 4.23945,
	7.15118 4.27959,
	7.14192 4.29194,
	7.13883 4.31664,
	7.13883 4.32282,
	7.11721 4.34443,
	7.10486 4.35679,
	7.0956 4.36296,
	7.0709 4.38457,
	7.05855 4.39075,
	7.05237 4.39693,
	7.00297 4.41854,
	6.97827 4.43089,
	6.97209 4.43089,
	6.96592 4.43707,
	6.94121 4.44324,
	6.89181 4.43398,
	6.84241 4.41854,
	6.793 4.39384,
	6.78683 4.39384,
	6.78374 4.38766,
	6.77756 4.38766,
	6.75286 4.36914,
	6.74051 4.35987,
	6.72816 4.35679,
	6.72199 4.35061,
	6.67258 4.3537,
	6.64788 4.3537,
	6.62318 4.34443,
	6.61083 4.33826,
	6.60774 4.33208,
	6.55834 4.329,
	6.53363 4.31356,
	6.51511 4.28886,
	6.51511 4.2765,
	"/>
</Transform>

</Section>