<?xml version="1.0"?>
<!DOCTYPE Section SYSTEM "section.dtd">

<Section index="196" thickness="0.0532092" alignLocked="true">
<Transform dim="6"
 xcoef=" 2.27155379453844 0.81197785616329 0.00146272310460989 0 0 0"
 ycoef=" 2.32974249694441 0.0391182881081961 0.973967330707311 0 0 0">
<Image mag="0.00223443" contrast="1.407" brightness="-0.21" red="true" green="true" blue="true"
 src="CVZWG_und.196.tif" />
<Contour name="domain1" hidden="false" closed="true" simplified="false" border="1 0 1" fill="1 0 1" mode="11"
 points="0 0,
	4097 0,
	4097 4097,
	0 4097,
	"/>
</Transform>

<Transform dim="0"
 xcoef=" 0 1 0 0 0 0"
 ycoef=" 0 0 1 0 0 0">
<Contour name="Ax07" hidden="false" closed="true" simplified="true" border="1 0 1" fill="1 0 1" mode="11"
 points="-2.80675 3.79053,
	-2.79418 3.76538,
	-2.77218 3.74338,
	-2.76275 3.73395,
	-2.75646 3.73395,
	-2.73132 3.7151,
	-2.72189 3.70881,
	-2.69989 3.68366,
	-2.67474 3.67424,
	-2.57416 3.67109,
	-2.52388 3.67738,
	-2.49873 3.68366,
	-2.39815 3.68052,
	-2.29758 3.67109,
	-2.27243 3.66795,
	-2.24729 3.65852,
	-2.197 3.65223,
	-2.17185 3.64595,
	-2.07128 3.64909,
	-2.04613 3.65538,
	-1.99584 3.64595,
	-1.94555 3.64595,
	-1.93298 3.64595,
	-1.90784 3.65852,
	-1.90155 3.65852,
	-1.89526 3.66481,
	-1.87012 3.67109,
	-1.85755 3.67738,
	-1.75697 3.68681,
	-1.70668 3.69938,
	-1.70039 3.70567,
	-1.68782 3.70881,
	-1.66268 3.73081,
	-1.65011 3.75595,
	-1.64382 3.7811,
	-1.64382 3.83139,
	-1.65011 3.84396,
	-1.70039 3.87539,
	-1.72554 3.89111,
	-1.75068 3.90054,
	-1.76326 3.90682,
	-1.7884 3.90996,
	-1.80097 3.90996,
	-1.81354 3.91625,
	-1.82612 3.91625,
	-1.83869 3.92254,
	-1.85126 3.92254,
	-1.87641 3.93197,
	-1.88269 3.93825,
	-1.89526 3.9414,
	-1.94555 3.97283,
	-1.95813 3.97911,
	-1.96441 3.97911,
	-1.97384 3.98854,
	-1.98641 3.99168,
	-1.9927 3.99168,
	-1.99899 3.99797,
	-2.02413 4.00426,
	-2.07442 4.00426,
	-2.09956 4.00426,
	-2.12471 3.99797,
	-2.175 4.00111,
	-2.20014 4.0074,
	-2.25043 4.0294,
	-2.35101 4.0514,
	-2.36358 4.05769,
	-2.41387 4.06397,
	-2.51445 4.06083,
	-2.56474 4.07026,
	-2.61502 4.0734,
	-2.64017 4.06712,
	-2.64646 4.06712,
	-2.65274 4.06083,
	-2.75332 4.03569,
	-2.77846 4.01369,
	-2.77846 4.0074,
	-2.78475 4.00111,
	-2.78789 3.95082,
	-2.79104 3.92568,
	-2.79732 3.91311,
	-2.80675 3.81253,
	-2.80675 3.79996,
	-2.80675 3.79367,
	"/>
</Transform>

</Section>