<?xml version="1.0"?>
<!DOCTYPE Section SYSTEM "section.dtd">

<Section index="85" thickness="0.0532092" alignLocked="true">
<Transform dim="6"
 xcoef=" 0.698591591543825 0.903712517563858 0.0766654496270795 0 0 0"
 ycoef=" 0.316923474834404 0.0191657062420897 1.03050108456486 0 0 0">
<Image mag="0.00223443" contrast="1.407" brightness="-0.21" red="true" green="true" blue="true"
 src="CVZWG_und.085.tif" />
<Contour name="domain1" hidden="false" closed="true" simplified="false" border="1 0 1" fill="1 0 1" mode="11"
 points="0 0,
	4097 0,
	4097 4097,
	0 4097,
	"/>
</Transform>

<Transform dim="0"
 xcoef=" 0 1 0 0 0 0"
 ycoef=" 0 0 1 0 0 0">
<Contour name="mito7" hidden="false" closed="false" simplified="true" border="1 0 1" fill="1 0 1" mode="9"
 points="4.16078 5.04255,
	4.09764 4.84659,
	"/>
</Transform>

<Transform dim="0"
 xcoef=" 0 1 0 0 0 0"
 ycoef=" 0 0 1 0 0 0">
<Contour name="Ax01" hidden="false" closed="true" simplified="true" border="1 0.5 0" fill="1 0.5 0" mode="11"
 points="5.49551 4.11266,
	5.49808 4.10239,
	5.51604 4.08443,
	5.53656 4.07417,
	5.54169 4.06904,
	5.56222 4.06134,
	5.60327 4.06391,
	5.62379 4.07161,
	5.66484 4.0793,
	5.74694 4.07417,
	5.82904 4.06134,
	5.87009 4.06391,
	5.89062 4.06647,
	5.93167 4.06391,
	5.95219 4.06391,
	5.96245 4.06391,
	5.97271 4.07161,
	5.97271 4.07674,
	5.97785 4.08187,
	5.97528 4.10239,
	5.95989 4.12292,
	5.9214 4.15627,
	5.91114 4.1614,
	5.90601 4.16653,
	5.90088 4.16653,
	5.88035 4.17936,
	5.87522 4.17936,
	5.87009 4.18449,
	5.82904 4.19475,
	5.78799 4.21015,
	5.74694 4.21271,
	5.70589 4.20758,
	5.70076 4.20245,
	5.65971 4.19219,
	5.63919 4.18962,
	5.61866 4.18193,
	5.57761 4.1768,
	5.53656 4.16397,
	5.5263 4.15884,
	5.51604 4.14857,
	5.50578 4.14344,
	5.49808 4.13318,
	5.49551 4.11522,
	"/>
</Transform>

<Transform dim="0"
 xcoef=" 0 1 0 0 0 0"
 ycoef=" 0 0 1 0 0 0">
<Contour name="Ax01B01ssrv42" hidden="false" closed="true" simplified="false" border="0.5 0 1" fill="0.5 0 1" mode="13"
 points="5.8677 4.11616,
	5.86106 4.11395,
	5.8677 4.11173,
	5.86327 4.10509,
	5.86991 4.10952,
	5.87213 4.10287,
	5.87434 4.10952,
	5.88099 4.10509,
	5.87656 4.11173,
	5.8832 4.11395,
	5.87656 4.11616,
	5.88099 4.1228,
	5.87434 4.11838,
	5.87213 4.12502,
	5.86991 4.11838,
	5.86327 4.1228,
	"/>
</Transform>

<Transform dim="0"
 xcoef=" 0 1 0 0 0 0"
 ycoef=" 0 0 1 0 0 0">
<Contour name="Ax02" hidden="false" closed="true" simplified="true" border="0.5 0 1" fill="0.5 0 1" mode="11"
 points="1.16898 2.13814,
	1.17398 2.13314,
	1.19396 2.12815,
	1.27389 2.12815,
	1.35382 2.14313,
	1.3738 2.14563,
	1.39379 2.15312,
	1.41377 2.15562,
	1.4937 2.15063,
	1.53366 2.14813,
	1.55365 2.14813,
	1.59361 2.15812,
	1.6036 2.16311,
	1.61359 2.16311,
	1.62358 2.17061,
	1.66355 2.1856,
	1.70352 2.20808,
	1.7235 2.22056,
	1.73349 2.22306,
	1.74348 2.23056,
	1.75347 2.23305,
	1.79344 2.25553,
	1.79843 2.25553,
	1.80842 2.26303,
	1.82841 2.27052,
	1.86837 2.27552,
	1.88835 2.28301,
	1.89835 2.28801,
	1.90334 2.2955,
	1.89585 2.31548,
	1.87586 2.32797,
	1.86587 2.33297,
	1.86088 2.33297,
	1.85588 2.33796,
	1.81592 2.35045,
	1.79593 2.35794,
	1.75597 2.36294,
	1.67604 2.36294,
	1.59611 2.35545,
	1.57613 2.35295,
	1.53616 2.33796,
	1.51618 2.32547,
	1.51118 2.32547,
	1.43375 2.27552,
	1.41377 2.26553,
	1.3738 2.25803,
	1.35382 2.25304,
	1.33384 2.24055,
	1.31635 2.22306,
	1.27889 2.19808,
	1.23892 2.1806,
	1.22893 2.1781,
	1.22393 2.17311,
	1.20395 2.16811,
	1.18397 2.15812,
	1.17398 2.15063,
	1.16898 2.14563,
	1.16898 2.14063,
	"/>
</Transform>

<Transform dim="0"
 xcoef=" 0 1 0 0 0 0"
 ycoef=" 0 0 1 0 0 0">
<Contour name="Ax02" hidden="false" closed="true" simplified="true" border="0.5 0 1" fill="0.5 0 1" mode="11"
 points="-0.908299 1.77118,
	-0.899784 1.72577,
	-0.896945 1.68035,
	-0.882753 1.65765,
	-0.860046 1.63778,
	-0.837338 1.62926,
	-0.746508 1.61507,
	-0.701093 1.60655,
	-0.678386 1.60372,
	-0.655679 1.5952,
	-0.644325 1.59236,
	-0.638648 1.59236,
	-0.632971 1.58669,
	-0.610264 1.58101,
	-0.564849 1.56114,
	-0.542141 1.55546,
	-0.451311 1.5583,
	-0.405896 1.5583,
	-0.360481 1.56682,
	-0.349128 1.57249,
	-0.343451 1.57249,
	-0.337774 1.57817,
	-0.315066 1.58385,
	-0.269651 1.60939,
	-0.178821 1.64629,
	-0.133406 1.66048,
	-0.110699 1.669,
	-0.065284 1.67468,
	-0.019869 1.68603,
	-0.0141922 1.69171,
	-0.00851531 1.69171,
	0.0113537 1.70874,
	0.0141922 1.72009,
	0.00851531 1.73145,
	-0.0823146 1.76835,
	-0.105022 1.77686,
	-0.150437 1.80241,
	-0.195852 1.81944,
	-0.21856 1.82511,
	-0.229913 1.82795,
	-0.23559 1.83363,
	-0.258298 1.83931,
	-0.263974 1.83931,
	-0.269651 1.84498,
	-0.315066 1.85066,
	-0.360481 1.85066,
	-0.383189 1.84498,
	-0.428604 1.84782,
	-0.451311 1.8535,
	-0.632971 1.85917,
	-0.678386 1.86201,
	-0.769216 1.85917,
	-0.814631 1.8535,
	-0.860046 1.8535,
	-0.882753 1.85066,
	-0.894107 1.84498,
	-0.902622 1.83363,
	-0.908299 1.81092,
	-0.908299 1.78821,
	-0.908299 1.77686,
	-0.908299 1.77402,
	"/>
</Transform>

<Transform dim="0"
 xcoef=" 0 1 0 0 0 0"
 ycoef=" 0 0 1 0 0 0">
<Contour name="Ax03" hidden="false" closed="true" simplified="true" border="1 0 0.5" fill="1 0 0.5" mode="-11"
 points="3.72815 4.48662,
	3.76025 4.45853,
	3.76828 4.4505,
	3.80038 4.44248,
	3.81644 4.43846,
	3.88065 4.4505,
	3.88867 4.45853,
	3.95288 4.46656,
	4.01709 4.46656,
	4.03314 4.46656,
	4.04117 4.46656,
	4.0492 4.47458,
	4.05722 4.47458,
	4.12143 4.51471,
	4.14952 4.53478,
	4.18965 4.59497,
	4.21373 4.62307,
	4.22577 4.63912,
	4.22978 4.65517,
	4.21774 4.68728,
	4.20169 4.6953,
	4.16959 4.69129,
	4.15354 4.69129,
	4.12143 4.67925,
	4.08933 4.65918,
	4.05722 4.64714,
	4.02913 4.62307,
	3.96492 4.59899,
	3.93282 4.59096,
	3.91676 4.58695,
	3.85255 4.59096,
	3.8365 4.58695,
	3.8044 4.56688,
	3.78835 4.55083,
	3.76828 4.52274,
	3.73618 4.51471,
	3.72815 4.50669,
	3.72815 4.49063,
	"/>
</Transform>

<Transform dim="0"
 xcoef=" 0 1 0 0 0 0"
 ycoef=" 0 0 1 0 0 0">
<Contour name="Ax06" hidden="false" closed="true" simplified="true" border="0 0 1" fill="0 0 1" mode="11"
 points="3.2349 2.52842,
	3.24166 2.5149,
	3.2687 2.50138,
	3.28222 2.49124,
	3.29574 2.48786,
	3.30926 2.47772,
	3.3363 2.46758,
	3.36334 2.4642,
	3.39039 2.45406,
	3.44447 2.45068,
	3.49855 2.45406,
	3.51208 2.46758,
	3.51884 2.4811,
	3.51546 2.49462,
	3.49517 2.51828,
	3.48165 2.52504,
	3.47489 2.52504,
	3.46813 2.5318,
	3.41405 2.54871,
	3.38701 2.57237,
	3.35996 2.58251,
	3.33292 2.58251,
	3.27884 2.57237,
	3.26532 2.56899,
	3.23828 2.54871,
	3.2349 2.53518,
	3.2349 2.5318,
	"/>
</Transform>

<Transform dim="0"
 xcoef=" 0 1 0 0 0 0"
 ycoef=" 0 0 1 0 0 0">
<Contour name="Ax09" hidden="false" closed="true" simplified="true" border="0 1 0" fill="0 1 0" mode="-11"
 points="3.1545 1.85481,
	3.17212 1.81956,
	3.20296 1.79313,
	3.23821 1.77991,
	3.3087 1.78872,
	3.34395 1.80635,
	3.37919 1.81516,
	3.40122 1.83719,
	3.39681 1.87243,
	3.388 1.89006,
	3.31751 1.93411,
	3.24702 1.93411,
	3.21177 1.92971,
	3.19415 1.9209,
	3.18534 1.9209,
	3.1545 1.89006,
	3.1545 1.85922,
	"/>
</Transform>

<Transform dim="0"
 xcoef=" 0 1 0 0 0 0"
 ycoef=" 0 0 1 0 0 0">
<Contour name="Ax10B02ssrv2" hidden="false" closed="true" simplified="false" border="0.5 0 1" fill="0.5 0 1" mode="13"
 points="5.28095 4.31395,
	5.27118 4.31069,
	5.28095 4.30743,
	5.27443 4.29765,
	5.28421 4.30417,
	5.28747 4.29439,
	5.29073 4.30417,
	5.30051 4.29765,
	5.29399 4.30743,
	5.30376 4.31069,
	5.29399 4.31395,
	5.30051 4.32372,
	5.29073 4.3172,
	5.28747 4.32698,
	5.28421 4.3172,
	5.27443 4.32372,
	"/>
<Contour name="Ax10B02ssrv3" hidden="false" closed="true" simplified="false" border="0.5 0 1" fill="0.5 0 1" mode="13"
 points="5.23207 4.29113,
	5.22229 4.28788,
	5.23207 4.28462,
	5.22555 4.27484,
	5.23533 4.28136,
	5.23859 4.27158,
	5.24185 4.28136,
	5.25162 4.27484,
	5.2451 4.28462,
	5.25488 4.28788,
	5.2451 4.29113,
	5.25162 4.30091,
	5.24185 4.29439,
	5.23859 4.30417,
	5.23533 4.29439,
	5.22555 4.30091,
	"/>
<Contour name="Ax10B02ssrv4" hidden="false" closed="true" simplified="false" border="0.5 0 1" fill="0.5 0 1" mode="13"
 points="5.13756 4.25529,
	5.12779 4.25203,
	5.13756 4.24877,
	5.13104 4.23899,
	5.14082 4.24551,
	5.14408 4.23573,
	5.14734 4.24551,
	5.15712 4.23899,
	5.1506 4.24877,
	5.16037 4.25203,
	5.1506 4.25529,
	5.15712 4.26506,
	5.14734 4.25855,
	5.14408 4.26832,
	5.14082 4.25855,
	5.13104 4.26506,
	"/>
</Transform>

<Transform dim="0"
 xcoef=" 0 1 0 0 0 0"
 ycoef=" 0 0 1 0 0 0">
<Contour name="Ax10B02ssrv9" hidden="false" closed="true" simplified="false" border="0.5 0 1" fill="0.5 0 1" mode="13"
 points="3.39407 3.68825,
	3.3843 3.68499,
	3.39407 3.68173,
	3.38756 3.67195,
	3.39733 3.67847,
	3.40059 3.66869,
	3.40385 3.67847,
	3.41363 3.67195,
	3.40711 3.68173,
	3.41689 3.68499,
	3.40711 3.68825,
	3.41363 3.69802,
	3.40385 3.6915,
	3.40059 3.70128,
	3.39733 3.6915,
	3.38756 3.69802,
	"/>
</Transform>

<Transform dim="1"
 xcoef=" -0.48 1 0 0 0 0"
 ycoef=" 0.27 0 1 0 0 0">
<Contour name="Brick" hidden="false" closed="false" simplified="true" border="1 0 0" fill="1 0 1" mode="9"
 points="1.77971 8.44769,
	1.77971 6.69769,
	1.77971 3.19769,
	5.27971 3.19769,
	5.27971 1.44769,
	"/>
<Contour name="Brick" hidden="false" closed="false" simplified="true" border="0 1 0" fill="1 0 1" mode="9"
 points="1.77971 6.69769,
	5.27971 6.69769,
	5.27971 3.19769,
	"/>
</Transform>

<Transform dim="0"
 xcoef=" 0 1 0 0 0 0"
 ycoef=" 0 0 1 0 0 0">
<Contour name="Brax04" hidden="false" closed="true" simplified="false" border="1 0 0" fill="1 0 0" mode="-13"
 points="5.83168 3.55828,
	5.84896 3.53408,
	5.83168 3.50988,
	5.84205 3.50988,
	5.85588 3.53062,
	5.86971 3.50988,
	5.88008 3.50988,
	5.86279 3.53408,
	5.88008 3.55828,
	5.86971 3.55828,
	5.85588 3.53754,
	5.84205 3.55828,
	"/>
</Transform>

<Transform dim="0"
 xcoef=" 0 1 0 0 0 0"
 ycoef=" 0 0 1 0 0 0">
<Contour name="Brax07" hidden="false" closed="true" simplified="false" border="1 0 1" fill="1 0 1" mode="-13"
 points="4.86374 4.03188,
	4.86374 4.01805,
	4.87757 4.00423,
	4.89139 4.00423,
	4.90522 4.01805,
	4.90522 4.03188,
	4.89139 4.04571,
	4.87757 4.04571,
	"/>
</Transform>

<Transform dim="0"
 xcoef=" 0 1 0 0 0 0"
 ycoef=" 0 0 1 0 0 0">
<Contour name="Brax16" hidden="false" closed="true" simplified="false" border="0 0 1" fill="0 0 1" mode="-13"
 points="3.31046 4.53215,
	3.28289 4.50459,
	3.31046 4.47702,
	3.33802 4.50459,
	"/>
</Transform>

<Transform dim="0"
 xcoef=" 0 1 0 0 0 0"
 ycoef=" 0 0 1 0 0 0">
<Contour name="Brax17" hidden="false" closed="true" simplified="false" border="1 0 1" fill="1 0 1" mode="-13"
 points="4.62581 6.28465,
	4.62581 6.26889,
	4.64156 6.25314,
	4.65732 6.25314,
	4.67307 6.26889,
	4.67307 6.28465,
	4.65732 6.3004,
	4.64156 6.3004,
	"/>
</Transform>

<Transform dim="0"
 xcoef=" 0 1 0 0 0 0"
 ycoef=" 0 0 1 0 0 0">
<Contour name="Brax21" hidden="false" closed="true" simplified="false" border="1 0.5 0" fill="1 0.5 0" mode="-13"
 points="3.36559 5.62697,
	3.36559 5.61909,
	3.37347 5.61122,
	3.38134 5.61122,
	3.38922 5.61909,
	3.38922 5.62697,
	3.38134 5.63485,
	3.37347 5.63485,
	"/>
</Transform>

<Transform dim="0"
 xcoef=" 0 1 0 0 0 0"
 ycoef=" 0 0 1 0 0 0">
<Contour name="Brax22" hidden="false" closed="true" simplified="false" border="0.5 0 1" fill="0.5 0 1" mode="-13"
 points="6.07113 4.63848,
	6.05931 4.63455,
	6.07113 4.63061,
	6.06325 4.61879,
	6.07506 4.62667,
	6.079 4.61486,
	6.08294 4.62667,
	6.09476 4.61879,
	6.08688 4.63061,
	6.09869 4.63455,
	6.08688 4.63848,
	6.09476 4.6503,
	6.08294 4.64242,
	6.079 4.65424,
	6.07506 4.64242,
	6.06325 4.6503,
	"/>
</Transform>

<Transform dim="0"
 xcoef=" 0 1 0 0 0 0"
 ycoef=" 0 0 1 0 0 0">
<Contour name="Brax23" hidden="false" closed="true" simplified="false" border="1 0 0.5" fill="1 0 0.5" mode="-13"
 points="3.2947 4.88265,
	3.34196 4.88265,
	3.31833 4.92597,
	"/>
</Transform>

<Transform dim="0"
 xcoef=" 0 1 0 0 0 0"
 ycoef=" 0 0 1 0 0 0">
<Contour name="Brax25" hidden="false" closed="true" simplified="false" border="1 1 0" fill="1 1 0" mode="-13"
 points="3.4798 3.66181,
	3.4798 3.5988,
	3.41679 3.5988,
	3.41679 3.65394,
	3.40891 3.66181,
	3.40891 3.59093,
	3.48768 3.59093,
	3.48768 3.66969,
	3.40891 3.66969,
	3.41679 3.66181,
	"/>
<Contour name="Brax25" hidden="false" closed="true" simplified="false" border="1 1 0" fill="1 1 0" mode="-13"
 points="5.31106 4.36675,
	5.31106 4.30374,
	5.24805 4.30374,
	5.24805 4.35887,
	5.24017 4.36675,
	5.24017 4.29586,
	5.31893 4.29586,
	5.31893 4.37463,
	5.24017 4.37463,
	5.24805 4.36675,
	"/>
</Transform>

<Transform dim="0"
 xcoef=" 0 1 0 0 0 0"
 ycoef=" 0 0 1 0 0 0">
<Contour name="Brax26" hidden="false" closed="true" simplified="false" border="0 0 1" fill="0 0 1" mode="-13"
 points="5.54735 4.98505,
	5.51978 4.95748,
	5.54735 4.92991,
	5.57491 4.95748,
	"/>
</Transform>

<Transform dim="0"
 xcoef=" 0 1 0 0 0 0"
 ycoef=" 0 0 1 0 0 0">
<Contour name="Brax29" hidden="false" closed="true" simplified="false" border="0 1 0" fill="0 1 0" mode="-13"
 points="3.84999 3.39008,
	3.84999 3.35857,
	3.88149 3.35857,
	3.88149 3.32707,
	3.913 3.32707,
	3.913 3.35857,
	3.94451 3.35857,
	3.94451 3.39008,
	3.913 3.39008,
	3.913 3.42159,
	3.88149 3.42159,
	3.88149 3.39008,
	"/>
</Transform>

<Transform dim="0"
 xcoef=" 0 1 0 0 0 0"
 ycoef=" 0 0 1 0 0 0">
<Contour name="Brax36" hidden="false" closed="true" simplified="false" border="0 0 1" fill="0 0 1" mode="-13"
 points="5.64186 4.77632,
	5.6143 4.74875,
	5.64186 4.72119,
	5.66943 4.74875,
	"/>
</Transform>

<Transform dim="0"
 xcoef=" 0 1 0 0 0 0"
 ycoef=" 0 0 1 0 0 0">
<Contour name="D01" hidden="false" closed="true" simplified="true" border="1 0.5 0" fill="1 0.5 0" mode="-11"
 points="4.02438 4.26689,
	4.02768 4.24104,
	4.03746 4.216,
	4.05342 4.19255,
	4.07507 4.17142,
	4.10172 4.15327,
	4.13255 4.13868,
	4.16658 4.12809,
	4.20277 4.12183,
	4.23997 4.12011,
	4.27702 4.12298,
	4.31277 4.13034,
	4.3461 4.14197,
	4.37597 4.1575,
	4.40144 4.17645,
	4.42173 4.19822,
	4.43618 4.22214,
	4.44436 4.24746,
	4.44601 4.27339,
	4.44108 4.29911,
	4.42972 4.32383,
	4.41228 4.34676,
	4.38931 4.36721,
	4.36153 4.38451,
	4.32981 4.39815,
	4.29513 4.40768,
	4.25859 4.41281,
	4.22131 4.41339,
	4.18448 4.40938,
	4.14923 4.40093,
	4.11667 4.38828,
	4.08782 4.37185,
	4.06357 4.35213,
	4.04469 4.32976,
	4.03177 4.30541,
	"/>
</Transform>

<Transform dim="0"
 xcoef=" 0 1 0 0 0 0"
 ycoef=" 0 0 1 0 0 0">
<Contour name="D02" hidden="false" closed="true" simplified="true" border="0.5 0 1" fill="0.5 0 1" mode="-11"
 points="5.54906 5.45605,
	5.55256 5.43258,
	5.56291 5.41009,
	5.57968 5.38955,
	5.60216 5.37182,
	5.6294 5.35765,
	5.66024 5.34764,
	5.69338 5.34222,
	5.72742 5.34162,
	5.76092 5.34585,
	5.79246 5.35474,
	5.82071 5.36792,
	5.84448 5.38482,
	5.86276 5.40474,
	5.87477 5.42682,
	5.88001 5.45015,
	5.87825 5.47372,
	5.86958 5.49654,
	5.85436 5.51766,
	5.83323 5.53616,
	5.80708 5.55129,
	5.77702 5.56238,
	5.74433 5.56898,
	5.71038 5.5708,
	5.67661 5.56777,
	5.64445 5.56001,
	5.61525 5.54786,
	5.59026 5.53183,
	5.57053 5.51259,
	5.5569 5.49096,
	"/>
</Transform>

<Transform dim="0"
 xcoef=" 0 1 0 0 0 0"
 ycoef=" 0 0 1 0 0 0">
<Contour name="D03" hidden="false" closed="true" simplified="true" border="1 0 0.5" fill="1 0 0.5" mode="-11"
 points="6.8626 4.84913,
	6.86683 4.82298,
	6.87924 4.79861,
	6.89898 4.77768,
	6.9247 4.76163,
	6.95465 4.75153,
	6.98679 4.74809,
	7.01894 4.75153,
	7.04889 4.76163,
	7.07461 4.77768,
	7.09435 4.79861,
	7.10675 4.82298,
	7.11099 4.84913,
	7.10675 4.87528,
	7.09435 4.89965,
	7.07461 4.92057,
	7.04889 4.93663,
	7.01894 4.94672,
	6.98679 4.95017,
	6.95465 4.94672,
	6.9247 4.93663,
	6.89898 4.92057,
	6.87924 4.89965,
	"/>
</Transform>

<Transform dim="0"
 xcoef=" 0 1 0 0 0 0"
 ycoef=" 0 0 1 0 0 0">
<Contour name="D04" hidden="false" closed="true" simplified="true" border="1 0 0" fill="1 0 0" mode="-11"
 points="3.75419 5.87899,
	3.75702 5.85592,
	3.76543 5.83355,
	3.77915 5.81257,
	3.79778 5.7936,
	3.82075 5.77723,
	3.84735 5.76395,
	3.87679 5.75417,
	3.90816 5.74817,
	3.94052 5.74616,
	3.97287 5.74817,
	4.00425 5.75417,
	4.03368 5.76395,
	4.06029 5.77723,
	4.08325 5.7936,
	4.10188 5.81257,
	4.11561 5.83355,
	4.12402 5.85592,
	4.12685 5.87899,
	4.12402 5.90205,
	4.11561 5.92442,
	4.10188 5.9454,
	4.08325 5.96437,
	4.06029 5.98074,
	4.03368 5.99402,
	4.00425 6.0038,
	3.97287 6.0098,
	3.94052 6.01181,
	3.90816 6.0098,
	3.87679 6.0038,
	3.84735 5.99402,
	3.82075 5.98074,
	3.79778 5.96437,
	3.77915 5.9454,
	3.76543 5.92442,
	3.75702 5.90205,
	"/>
</Transform>

<Transform dim="0"
 xcoef=" 0 1 0 0 0 0"
 ycoef=" 0 0 1 0 0 0">
<Contour name="D05" hidden="false" closed="true" simplified="true" border="1 1 0" fill="1 1 0" mode="-11"
 points="1.36588 3.28703,
	1.36841 3.26273,
	1.37595 3.23904,
	1.3883 3.21653,
	1.40517 3.19575,
	1.42614 3.17722,
	1.45069 3.16139,
	1.47822 3.14866,
	1.50805 3.13934,
	1.53945 3.13365,
	1.57164 3.13174,
	1.60383 3.13365,
	1.63522 3.13934,
	1.66505 3.14866,
	1.69258 3.16139,
	1.71713 3.17722,
	1.7381 3.19575,
	1.75497 3.21653,
	1.76733 3.23904,
	1.77486 3.26273,
	1.7774 3.28703,
	1.77486 3.31132,
	1.76733 3.33501,
	1.75497 3.35753,
	1.7381 3.3783,
	1.71713 3.39683,
	1.69258 3.41266,
	1.66505 3.42539,
	1.63522 3.43472,
	1.60383 3.4404,
	1.57164 3.44232,
	1.53945 3.4404,
	1.50805 3.43472,
	1.47822 3.42539,
	1.45069 3.41266,
	1.42614 3.39683,
	1.40517 3.3783,
	1.3883 3.35753,
	1.37595 3.33501,
	"/>
</Transform>

<Transform dim="0"
 xcoef=" 0 1 0 0 0 0"
 ycoef=" 0 0 1 0 0 0">
<Contour name="D05" hidden="false" closed="true" simplified="true" border="1 1 0" fill="1 1 0" mode="-11"
 points="1.55611 5.71927,
	1.56067 5.69506,
	1.57415 5.67194,
	1.59594 5.65097,
	1.62505 5.63308,
	1.66017 5.61908,
	1.69971 5.60962,
	1.74188 5.60511,
	1.78478 5.60575,
	1.82647 5.61153,
	1.86507 5.62218,
	1.89882 5.63721,
	1.92621 5.65596,
	1.946 5.67756,
	1.95729 5.70105,
	1.95958 5.72536,
	1.95275 5.7494,
	1.93712 5.77207,
	1.9134 5.79236,
	1.88265 5.80935,
	1.84627 5.82226,
	1.8059 5.83052,
	1.76336 5.83375,
	1.72058 5.83181,
	1.67949 5.82478,
	1.64195 5.81298,
	1.60965 5.79695,
	1.58406 5.77741,
	1.56632 5.75524,
	"/>
</Transform>

<Transform dim="0"
 xcoef=" 0 1 0 0 0 0"
 ycoef=" 0 0 1 0 0 0">
<Contour name="d01" hidden="false" closed="true" simplified="true" border="1 0.5 0" fill="1 0.5 0" mode="9"
 points="3.74423 4.20103,
	3.74936 4.1959,
	3.76733 4.11378,
	3.79043 4.07272,
	3.82892 4.04192,
	3.83918 4.03679,
	3.88025 4.03166,
	3.92131 4.03679,
	3.96237 4.03679,
	3.9829 4.03422,
	3.99316 4.03422,
	4.01369 4.02652,
	4.05475 4.01883,
	4.09581 4.02396,
	4.13688 4.04192,
	4.15741 4.04962,
	4.19847 4.07785,
	4.2036 4.08298,
	4.22413 4.09068,
	4.24466 4.10351,
	4.26519 4.11121,
	4.27546 4.11891,
	4.31652 4.13431,
	4.33705 4.13944,
	4.37811 4.15997,
	4.39864 4.17794,
	4.41147 4.1959,
	4.45253 4.1959,
	4.49359 4.20103,
	4.51412 4.2036,
	4.53465 4.2113,
	4.55518 4.22413,
	4.56288 4.2344,
	4.56801 4.23953,
	4.56801 4.24466,
	4.57571 4.25493,
	4.57571 4.27546,
	4.56801 4.29599,
	4.56545 4.31652,
	4.57058 4.33705,
	4.57571 4.33961,
	4.58085 4.36014,
	4.58598 4.36528,
	4.58854 4.37554,
	4.59624 4.38581,
	4.59624 4.39094,
	4.62704 4.42943,
	4.645 4.4474,
	4.65527 4.45253,
	4.68863 4.49359,
	4.71173 4.53209,
	4.71173 4.55262,
	4.70659 4.57315,
	4.70916 4.59368,
	4.71173 4.60394,
	4.70403 4.62447,
	4.69376 4.63474,
	4.68863 4.63987,
	4.6681 4.645,
	4.62704 4.64244,
	4.58598 4.62191,
	4.50386 4.61421,
	4.48333 4.61934,
	4.44227 4.62191,
	4.42173 4.62447,
	4.4166 4.62447,
	4.39607 4.6373,
	4.35501 4.6527,
	4.33448 4.65783,
	4.29342 4.65783,
	4.27289 4.65527,
	4.25493 4.645,
	4.24466 4.62704,
	4.20617 4.58854,
	4.20103 4.57828,
	4.18307 4.55775,
	4.17794 4.54748,
	4.13944 4.51412,
	4.12918 4.50899,
	4.10865 4.49103,
	4.08812 4.47819,
	4.07785 4.47563,
	4.03679 4.45253,
	4.01626 4.44227,
	4.00599 4.43713,
	3.96493 4.42943,
	3.92387 4.42943,
	3.88281 4.43457,
	3.84175 4.432,
	3.83149 4.432,
	3.81096 4.42173,
	3.79043 4.40377,
	3.77759 4.38324,
	3.77246 4.37811,
	3.77246 4.35758,
	3.76476 4.33705,
	3.74936 4.31652,
	3.74423 4.29599,
	3.74423 4.21386,
	3.74423 4.2036,
	"/>
</Transform>

<Transform dim="0"
 xcoef=" 0 1 0 0 0 0"
 ycoef=" 0 0 1 0 0 0">
<Contour name="d03" hidden="false" closed="true" simplified="true" border="1 0 0.5" fill="1 0 0.5" mode="9"
 points="7.8182 4.64279,
	7.827 4.63105,
	7.83581 4.60757,
	7.85635 4.58703,
	7.86809 4.58116,
	7.87103 4.57529,
	7.8769 4.57529,
	7.88277 4.56942,
	7.88863 4.56942,
	7.8945 4.56355,
	7.90624 4.56062,
	7.99429 4.49899,
	8.01776 4.49018,
	8.04124 4.48725,
	8.05298 4.48138,
	8.07646 4.48138,
	8.12342 4.49018,
	8.17037 4.50486,
	8.19385 4.5166,
	8.21439 4.53714,
	8.23494 4.55181,
	8.24668 4.56062,
	8.27015 4.56649,
	8.29363 4.56649,
	8.31711 4.57529,
	8.32885 4.5841,
	8.34352 4.60464,
	8.35233 4.62812,
	8.35233 4.65159,
	8.34352 4.67507,
	8.32298 4.69562,
	8.2995 4.70736,
	8.25255 4.72203,
	8.20559 4.72203,
	8.11168 4.73083,
	8.01776 4.7279,
	7.97081 4.71909,
	7.94733 4.70736,
	7.90037 4.69855,
	7.8769 4.69562,
	7.82994 4.67214,
	7.82114 4.6604,
	7.8182 4.64866,
	7.8182 4.64573,
	"/>
<Contour name="d03" hidden="false" closed="true" simplified="true" border="1 0 0.5" fill="1 0 0.5" mode="9"
 points="6.47995 4.75431,
	6.48582 4.74257,
	6.48582 4.7367,
	6.50636 4.71616,
	6.55332 4.68975,
	6.56506 4.68388,
	6.61201 4.67801,
	6.62375 4.67801,
	6.62962 4.67801,
	6.63549 4.67214,
	6.68245 4.65746,
	6.7294 4.64866,
	6.75288 4.64279,
	6.75875 4.63692,
	6.80571 4.62812,
	6.89962 4.62225,
	6.94658 4.61638,
	6.99353 4.61931,
	7.01701 4.63105,
	7.02875 4.63986,
	7.05223 4.64866,
	7.07571 4.65159,
	7.09918 4.6604,
	7.10505 4.67214,
	7.11679 4.67801,
	7.12266 4.67801,
	7.12853 4.68388,
	7.17549 4.68681,
	7.19897 4.68681,
	7.22244 4.69268,
	7.22831 4.69855,
	7.23418 4.69855,
	7.25766 4.71909,
	7.28114 4.72496,
	7.30462 4.72496,
	7.31636 4.72496,
	7.36331 4.74844,
	7.38386 4.76605,
	7.3956 4.77779,
	7.3956 4.78366,
	7.41907 4.80127,
	7.44255 4.81301,
	7.45429 4.81888,
	7.46603 4.83061,
	7.4719 4.84235,
	7.47483 4.84822,
	7.44842 4.89518,
	7.42494 4.90398,
	7.40146 4.91866,
	7.38973 4.92453,
	7.36918 4.94801,
	7.36038 4.95974,
	7.33983 4.97442,
	7.29288 4.97442,
	7.2694 4.97442,
	7.24592 4.98322,
	7.22244 5.00377,
	7.20484 5.02724,
	7.18136 5.04779,
	7.15788 5.05659,
	7.06397 5.05953,
	7.01701 5.05366,
	6.99353 5.05366,
	6.97005 5.05953,
	6.95832 5.0654,
	6.95245 5.0654,
	6.94071 5.0742,
	6.92897 5.07713,
	6.9231 5.083,
	6.82919 5.08887,
	6.78223 5.08594,
	6.68832 5.07127,
	6.66484 5.07127,
	6.61788 5.06246,
	6.59441 5.05072,
	6.58267 5.03898,
	6.57093 5.0155,
	6.56506 4.99203,
	6.55332 4.96855,
	6.54745 4.95681,
	6.52397 4.93333,
	6.50636 4.83942,
	6.49756 4.82768,
	6.49756 4.82181,
	6.48288 4.79833,
	6.47995 4.77485,
	6.47995 4.76312,
	6.47995 4.75725,
	"/>
</Transform>

<Transform dim="0"
 xcoef=" 0 1 0 0 0 0"
 ycoef=" 0 0 1 0 0 0">
<Contour name="d03" hidden="false" closed="true" simplified="true" border="1 0 0.5" fill="1 0 0.5" mode="9"
 points="7.3956 5.83137,
	7.40146 5.8255,
	7.40146 5.81963,
	7.41027 5.80789,
	7.45723 5.78148,
	7.50418 5.77267,
	7.59809 5.76387,
	7.62157 5.74919,
	7.63625 5.72865,
	7.64212 5.70517,
	7.63918 5.6817,
	7.63625 5.66996,
	7.6157 5.64941,
	7.52766 5.59365,
	7.50418 5.58191,
	7.49538 5.57311,
	7.48951 5.54963,
	7.49244 5.52615,
	7.49831 5.51441,
	7.51005 5.50854,
	7.51299 5.50267,
	7.55994 5.49387,
	7.58342 5.49094,
	7.67733 5.51148,
	7.70081 5.52028,
	7.71255 5.52615,
	7.73016 5.5467,
	7.7419 5.54963,
	7.75364 5.55844,
	7.80059 5.5643,
	7.81233 5.5643,
	7.8182 5.57017,
	7.86516 5.57898,
	7.88863 5.58778,
	7.90037 5.59365,
	7.92385 5.59659,
	7.93559 5.59365,
	7.94733 5.60246,
	7.97961 5.69637,
	7.98255 5.71985,
	7.97961 5.74333,
	7.97081 5.7668,
	7.97081 5.77854,
	7.96494 5.78441,
	7.93266 5.87832,
	7.92679 5.88126,
	7.92385 5.893,
	7.90624 5.91354,
	7.8945 5.92528,
	7.84755 5.94876,
	7.80059 5.96343,
	7.70668 5.9693,
	7.6832 5.96637,
	7.63625 5.94582,
	7.61277 5.93995,
	7.51886 5.93702,
	7.4719 5.92822,
	7.44842 5.92235,
	7.42788 5.90767,
	7.41614 5.89593,
	7.3956 5.85191,
	7.3956 5.84017,
	7.3956 5.8343,
	"/>
</Transform>

<Transform dim="0"
 xcoef=" 0 1 0 0 0 0"
 ycoef=" 0 0 1 0 0 0">
<Contour name="d03rs01a7" hidden="false" closed="true" simplified="false" border="1 0 1" fill="1 0 1" mode="-9"
 points="7.10707 4.8867,
	7.10707 4.87824,
	7.11553 4.86978,
	7.12399 4.86978,
	7.13245 4.87824,
	7.13245 4.8867,
	7.12399 4.89516,
	7.11553 4.89516,
	"/>
<Contour name="d03rs01a8" hidden="false" closed="true" simplified="false" border="1 0 1" fill="1 0 1" mode="-9"
 points="7.11553 4.91208,
	7.11553 4.90362,
	7.12399 4.89516,
	7.13245 4.89516,
	7.14091 4.90362,
	7.14091 4.91208,
	7.13245 4.92054,
	7.12399 4.92054,
	"/>
<Contour name="d03rs01a9" hidden="false" closed="true" simplified="false" border="1 0 1" fill="1 0 1" mode="-9"
 points="7.10496 4.93957,
	7.10496 4.93111,
	7.11342 4.92265,
	7.12188 4.92265,
	7.13034 4.93111,
	7.13034 4.93957,
	7.12188 4.94803,
	7.11342 4.94803,
	"/>
<Contour name="d03rs01a10" hidden="false" closed="true" simplified="false" border="1 0 1" fill="1 0 1" mode="-9"
 points="7.07112 4.92688,
	7.07112 4.91842,
	7.07958 4.90996,
	7.08804 4.90996,
	7.0965 4.91842,
	7.0965 4.92688,
	7.08804 4.93534,
	7.07958 4.93534,
	"/>
</Transform>

<Transform dim="0"
 xcoef=" 0 1 0 0 0 0"
 ycoef=" 0 0 1 0 0 0">
<Contour name="d04" hidden="false" closed="true" simplified="true" border="1 0 0" fill="1 0 0" mode="9"
 points="1.98592 6.89637,
	1.99165 6.87347,
	1.99451 6.86203,
	2.03457 6.82483,
	2.04029 6.82483,
	2.05174 6.81624,
	2.09753 6.79621,
	2.14331 6.7819,
	2.23488 6.77332,
	2.28067 6.7676,
	2.32645 6.7819,
	2.34934 6.79049,
	2.35507 6.79049,
	2.3751 6.80766,
	2.3894 6.82769,
	2.39227 6.83914,
	2.38654 6.86203,
	2.36651 6.8792,
	2.35507 6.88206,
	2.34362 6.89064,
	2.33217 6.8935,
	2.32073 6.90209,
	2.30928 6.90495,
	2.28639 6.92212,
	2.28067 6.92212,
	2.27494 6.92784,
	2.25205 6.93643,
	2.20626 6.96218,
	2.16048 6.96504,
	2.06891 6.95074,
	2.02312 6.94787,
	2.01168 6.94787,
	1.98879 6.93357,
	1.98592 6.91067,
	1.98592 6.89923,
	"/>
<Contour name="d04" hidden="false" closed="true" simplified="true" border="1 0 0" fill="1 0 0" mode="9"
 points="4.17216 5.18515,
	4.18933 5.16798,
	4.20077 5.16512,
	4.2065 5.1594,
	4.22939 5.15081,
	4.24084 5.14223,
	4.25514 5.11934,
	4.26659 5.10789,
	4.31238 5.09072,
	4.35816 5.09358,
	4.38105 5.10217,
	4.40395 5.11647,
	4.41253 5.12506,
	4.41539 5.14795,
	4.40108 5.17084,
	4.38964 5.17943,
	4.29807 5.21377,
	4.27517 5.23094,
	4.26373 5.23666,
	4.25801 5.24238,
	4.23511 5.24524,
	4.21222 5.24238,
	4.18933 5.23094,
	4.17788 5.21949,
	4.17216 5.20804,
	4.17216 5.18801,
	"/>
<Contour name="d04" hidden="false" closed="true" simplified="true" border="1 0 0" fill="1 0 0" mode="9"
 points="3.23929 5.89196,
	3.24501 5.88623,
	3.2908 5.8891,
	3.33658 5.88051,
	3.38237 5.85762,
	3.40526 5.84617,
	3.43101 5.80325,
	3.44246 5.7918,
	3.48538 5.77177,
	3.49683 5.76891,
	3.51972 5.75174,
	3.53117 5.74888,
	3.54261 5.7403,
	3.5884 5.74316,
	3.61129 5.74316,
	3.63418 5.73457,
	3.65708 5.72026,
	3.66852 5.71454,
	3.67425 5.70882,
	3.72003 5.69451,
	3.76009 5.66303,
	3.77154 5.65731,
	3.77726 5.65159,
	3.78299 5.65159,
	3.78871 5.64586,
	3.79443 5.64586,
	3.83736 5.62011,
	3.88314 5.60294,
	3.89459 5.60008,
	3.90031 5.59436,
	3.9232 5.58577,
	3.93465 5.58005,
	4.02622 5.57146,
	4.04911 5.57146,
	4.072 5.58005,
	4.07487 5.58577,
	4.072 5.59149,
	4.08345 5.61439,
	4.10634 5.62869,
	4.15213 5.64873,
	4.17502 5.66017,
	4.22081 5.66876,
	4.26659 5.66589,
	4.28948 5.65731,
	4.33527 5.66017,
	4.38105 5.64586,
	4.38678 5.64586,
	4.40967 5.63156,
	4.43256 5.62583,
	4.45545 5.62583,
	4.4669 5.62869,
	4.48121 5.64873,
	4.48121 5.66017,
	4.45545 5.70596,
	4.41253 5.73743,
	4.40395 5.74888,
	4.40681 5.79466,
	4.40395 5.80611,
	4.38391 5.829,
	4.37533 5.84045,
	4.36388 5.84617,
	4.34671 5.8891,
	4.32668 5.91199,
	4.30665 5.92057,
	4.26087 5.92344,
	4.21508 5.94347,
	4.20936 5.94347,
	4.20077 5.95491,
	4.20077 5.9778,
	4.20364 5.98925,
	4.22367 6.00642,
	4.23511 6.01214,
	4.24084 6.01787,
	4.26373 6.02645,
	4.28662 6.02645,
	4.30951 6.02073,
	4.33241 6.02073,
	4.3553 6.03504,
	4.36388 6.04362,
	4.36388 6.05507,
	4.34385 6.06937,
	4.29807 6.08368,
	4.11493 6.12374,
	4.09203 6.13233,
	4.04625 6.14091,
	4.02336 6.14378,
	3.97757 6.16381,
	3.93751 6.19815,
	3.93179 6.20387,
	3.92606 6.20387,
	3.90317 6.21818,
	3.88028 6.22104,
	3.86883 6.21818,
	3.8488 6.20101,
	3.83736 6.19242,
	3.83163 6.19242,
	3.78585 6.16094,
	3.7744 6.15808,
	3.75151 6.14378,
	3.70572 6.12374,
	3.68283 6.10944,
	3.65994 6.10085,
	3.56837 6.08368,
	3.56265 6.07796,
	3.47108 6.05793,
	3.44818 6.05221,
	3.42529 6.04076,
	3.41384 6.0379,
	3.37664 5.99784,
	3.35661 5.98067,
	3.34517 5.96922,
	3.32227 5.95491,
	3.31655 5.95491,
	3.31369 5.94919,
	3.30797 5.94919,
	3.29652 5.9406,
	3.2908 5.93488,
	3.27935 5.93202,
	3.25646 5.91771,
	3.24787 5.91199,
	3.23929 5.90054,
	3.23929 5.89482,
	"/>
</Transform>

<Transform dim="0"
 xcoef=" 0 1 0 0 0 0"
 ycoef=" 0 0 1 0 0 0">
<Contour name="d04" hidden="false" closed="true" simplified="true" border="1 0 0" fill="1 0 0" mode="9"
 points="2.83581 5.80897,
	2.85012 5.78608,
	2.86156 5.78322,
	2.88446 5.76891,
	2.89018 5.76319,
	2.91307 5.75746,
	2.95886 5.75746,
	2.98175 5.7546,
	2.99319 5.7546,
	3.01609 5.76319,
	3.02467 5.77177,
	3.02753 5.78322,
	3.02467 5.79466,
	3.00464 5.81183,
	2.95886 5.829,
	2.94169 5.84331,
	2.91879 5.85762,
	2.8959 5.8662,
	2.87301 5.8662,
	2.86156 5.8662,
	2.84153 5.8519,
	2.83581 5.829,
	2.83581 5.81756,
	2.83581 5.81183,
	"/>
</Transform>

<Transform dim="0"
 xcoef=" 0 1 0 0 0 0"
 ycoef=" 0 0 1 0 0 0">
<Contour name="d04p14" hidden="false" closed="true" simplified="false" border="1 0 0" fill="1 0 0" mode="-13"
 points="3.99147 5.64459,
	4.00578 5.62455,
	3.99147 5.60452,
	4.00005 5.60452,
	4.0115 5.62169,
	4.02295 5.60452,
	4.03154 5.60452,
	4.01723 5.62455,
	4.03154 5.64459,
	4.02295 5.64459,
	4.0115 5.62742,
	4.00005 5.64459,
	"/>
</Transform>

<Transform dim="0"
 xcoef=" 0 1 0 0 0 0"
 ycoef=" 0 0 1 0 0 0">
<Contour name="d04p15" hidden="false" closed="true" simplified="false" border="1 1 0" fill="1 1 0" mode="-13"
 points="4.34351 5.75621,
	4.34351 5.71042,
	4.29771 5.71042,
	4.29771 5.75049,
	4.29199 5.75621,
	4.29199 5.70469,
	4.34923 5.70469,
	4.34923 5.76194,
	4.29199 5.76194,
	4.29771 5.75621,
	"/>
</Transform>

<Transform dim="0"
 xcoef=" 0 1 0 0 0 0"
 ycoef=" 0 0 1 0 0 0">
<Contour name="d04p16" hidden="false" closed="true" simplified="false" border="0 0 1" fill="0 0 1" mode="-13"
 points="3.37612 5.93939,
	3.35608 5.91935,
	3.37612 5.89932,
	3.39615 5.91935,
	"/>
</Transform>

<Transform dim="0"
 xcoef=" 0 1 0 0 0 0"
 ycoef=" 0 0 1 0 0 0">
<Contour name="d04p17" hidden="false" closed="true" simplified="false" border="1 0 1" fill="1 0 1" mode="-13"
 points="3.86267 6.17408,
	3.86267 6.16263,
	3.87412 6.15118,
	3.88557 6.15118,
	3.89702 6.16263,
	3.89702 6.17408,
	3.88557 6.18553,
	3.87412 6.18553,
	"/>
</Transform>

<Transform dim="0"
 xcoef=" 0 1 0 0 0 0"
 ycoef=" 0 0 1 0 0 0">
<Contour name="d02" hidden="false" closed="true" simplified="true" border="0.5 0 1" fill="0.5 0 1" mode="9"
 points="5.24113 5.47784,
	5.25783 5.46392,
	5.26619 5.45556,
	5.26619 5.43328,
	5.28011 5.41379,
	5.2829 5.39151,
	5.28847 5.38037,
	5.31075 5.36088,
	5.32467 5.35252,
	5.32467 5.34695,
	5.34138 5.32746,
	5.35252 5.32189,
	5.35809 5.31632,
	5.36923 5.31353,
	5.3748 5.31353,
	5.38037 5.30796,
	5.40265 5.30239,
	5.41379 5.29961,
	5.41936 5.29961,
	5.42493 5.29404,
	5.46948 5.27733,
	5.48062 5.27454,
	5.48341 5.26897,
	5.52797 5.25505,
	5.53354 5.24948,
	5.55582 5.2467,
	5.57809 5.23277,
	5.60037 5.2272,
	5.68949 5.24391,
	5.71177 5.25505,
	5.80088 5.25227,
	5.84544 5.2467,
	5.86772 5.24391,
	5.91228 5.24948,
	5.95684 5.24391,
	5.97912 5.24948,
	5.99026 5.25227,
	5.99583 5.25227,
	6.01532 5.26897,
	6.0376 5.27733,
	6.05988 5.27733,
	6.07102 5.27733,
	6.08216 5.2829,
	6.08494 5.28847,
	6.10722 5.29682,
	6.1295 5.31353,
	6.13785 5.33303,
	6.13785 5.35531,
	6.1295 5.39986,
	6.12671 5.42214,
	6.09608 5.50847,
	6.09051 5.51961,
	6.07937 5.52797,
	6.0738 5.53354,
	6.02924 5.54189,
	6.00696 5.55025,
	5.98469 5.56417,
	5.96241 5.56974,
	5.95127 5.57253,
	5.9457 5.57253,
	5.85937 5.63101,
	5.84544 5.65329,
	5.82316 5.67,
	5.80088 5.68114,
	5.78974 5.68949,
	5.77861 5.69227,
	5.77304 5.69784,
	5.75076 5.70341,
	5.7062 5.70063,
	5.68392 5.70063,
	5.67278 5.69506,
	5.66721 5.68949,
	5.65607 5.6867,
	5.61151 5.69227,
	5.56696 5.69227,
	5.5224 5.6867,
	5.48619 5.6505,
	5.44164 5.62822,
	5.41936 5.62265,
	5.40822 5.61987,
	5.38872 5.60037,
	5.37758 5.57809,
	5.37758 5.57253,
	5.37201 5.56696,
	5.37201 5.56139,
	5.36088 5.55303,
	5.31632 5.53354,
	5.29404 5.52518,
	5.28011 5.51404,
	5.27454 5.51404,
	5.25227 5.49455,
	5.24113 5.48341,
	5.24113 5.48062,
	"/>
</Transform>

<Transform dim="0"
 xcoef=" 0 1 0 0 0 0"
 ycoef=" 0 0 1 0 0 0">
<Contour name="d04ax15" hidden="false" closed="true" simplified="true" border="0 1 1" fill="0 1 1" mode="-11"
 points="5.12026 4.98251,
	5.12496 4.96999,
	5.12496 4.96372,
	5.13278 4.9512,
	5.13278 4.93868,
	5.12809 4.92616,
	5.12809 4.91989,
	5.14217 4.89485,
	5.1547 4.88233,
	5.16096 4.8792,
	5.16409 4.87606,
	5.18913 4.87137,
	5.1954 4.87137,
	5.20166 4.86824,
	5.20479 4.86824,
	5.21731 4.85885,
	5.22983 4.85258,
	5.27993 4.84789,
	5.29245 4.84789,
	5.31749 4.8385,
	5.34254 4.83693,
	5.35506 4.83693,
	5.36758 4.8338,
	5.39263 4.8338,
	5.40515 4.8338,
	5.45524 4.84476,
	5.48029 4.84789,
	5.53038 4.84945,
	5.55543 4.85102,
	5.58047 4.85885,
	5.60552 4.8745,
	5.61178 4.87763,
	5.61491 4.87763,
	5.62117 4.88233,
	5.64622 4.89172,
	5.67126 4.89641,
	5.69631 4.89641,
	5.72135 4.90111,
	5.73388 4.90737,
	5.75736 4.92929,
	5.76049 4.93242,
	5.81058 4.95277,
	5.83562 4.95903,
	5.84815 4.96372,
	5.87319 4.96686,
	5.92328 4.98094,
	5.93581 4.9872,
	5.94207 4.99034,
	5.95459 5.00129,
	5.95772 5.00599,
	5.96398 5.01225,
	5.9812 5.0373,
	6.00312 5.06234,
	6.02816 5.08582,
	6.03442 5.09208,
	6.04225 5.10461,
	6.04225 5.11713,
	6.04069 5.12339,
	6.03286 5.13591,
	6.02034 5.14687,
	5.99529 5.16252,
	5.97024 5.17348,
	5.9452 5.18131,
	5.93894 5.18287,
	5.91389 5.20166,
	5.88885 5.21731,
	5.87632 5.2267,
	5.87006 5.22983,
	5.86693 5.23296,
	5.84189 5.23766,
	5.79179 5.23766,
	5.7417 5.22827,
	5.69161 5.21575,
	5.67909 5.20948,
	5.67596 5.20948,
	5.65091 5.18913,
	5.63056 5.16565,
	5.62117 5.1547,
	5.59769 5.12965,
	5.5476 5.08739,
	5.54134 5.08113,
	5.53664 5.078,
	5.51316 5.05608,
	5.51003 5.05295,
	5.40985 5.02321,
	5.35976 5.02321,
	5.34724 5.02321,
	5.29714 5.03417,
	5.28462 5.0373,
	5.27836 5.0373,
	5.26584 5.04356,
	5.24079 5.06078,
	5.21575 5.07486,
	5.20948 5.07956,
	5.19696 5.08269,
	5.18444 5.08269,
	5.17192 5.07956,
	5.16565 5.078,
	5.14217 5.05921,
	5.12809 5.03417,
	5.12026 5.00912,
	5.12026 4.98407,
	"/>
</Transform>

<Transform dim="0"
 xcoef=" 0 1 0 0 0 0"
 ycoef=" 0 0 1 0 0 0">
<Contour name="d04ax15ssvr" hidden="false" closed="true" simplified="false" border="0 1 0" fill="0 1 0" mode="-11"
 points="5.39104 4.93316,
	5.3815 4.92361,
	5.39104 4.91407,
	5.40059 4.92361,
	"/>
<Contour name="d04ax15ssvr" hidden="false" closed="true" simplified="false" border="0 1 0" fill="0 1 0" mode="-11"
 points="5.29833 4.91543,
	5.28879 4.90589,
	5.29833 4.89634,
	5.30787 4.90589,
	"/>
<Contour name="d04ax15ssvr" hidden="false" closed="true" simplified="false" border="0 1 0" fill="0 1 0" mode="-11"
 points="5.22879 4.9577,
	5.21925 4.94815,
	5.22879 4.93861,
	5.23834 4.94815,
	"/>
<Contour name="d04ax15ssvr" hidden="false" closed="true" simplified="false" border="0 1 0" fill="0 1 0" mode="-11"
 points="5.24379 4.90316,
	5.23425 4.89362,
	5.24379 4.88407,
	5.25334 4.89362,
	"/>
<Contour name="d04ax15ssvr" hidden="false" closed="true" simplified="false" border="0 1 0" fill="0 1 0" mode="-11"
 points="5.29969 4.9686,
	5.29015 4.95906,
	5.29969 4.94952,
	5.30924 4.95906,
	"/>
<Contour name="d04ax15ssvr" hidden="false" closed="true" simplified="false" border="0 1 0" fill="0 1 0" mode="-11"
 points="5.21107 5.02042,
	5.20153 5.01087,
	5.21107 5.00133,
	5.22061 5.01087,
	"/>
<Contour name="d04ax15ssvr" hidden="false" closed="true" simplified="false" border="0 1 0" fill="0 1 0" mode="-11"
 points="5.40059 5.00269,
	5.39104 4.99315,
	5.40059 4.9836,
	5.41013 4.99315,
	"/>
<Contour name="d04ax15ssvr" hidden="false" closed="true" simplified="false" border="0 1 0" fill="0 1 0" mode="-11"
 points="5.46194 4.99178,
	5.4524 4.98224,
	5.46194 4.97269,
	5.47149 4.98224,
	"/>
<Contour name="d04ax15ssvr" hidden="false" closed="true" simplified="false" border="0 1 0" fill="0 1 0" mode="-11"
 points="5.48512 4.95088,
	5.47558 4.94134,
	5.48512 4.93179,
	5.49467 4.94134,
	"/>
<Contour name="d04ax15ssvr" hidden="false" closed="true" simplified="false" border="0 1 0" fill="0 1 0" mode="-11"
 points="5.47012 4.89362,
	5.46058 4.88407,
	5.47012 4.87453,
	5.47967 4.88407,
	"/>
<Contour name="d04ax15ssvr" hidden="false" closed="true" simplified="false" border="0 1 0" fill="0 1 0" mode="-11"
 points="5.51103 4.91134,
	5.50148 4.9018,
	5.51103 4.89225,
	5.52057 4.9018,
	"/>
<Contour name="d04ax15ssvr" hidden="false" closed="true" simplified="false" border="0 1 0" fill="0 1 0" mode="-11"
 points="5.5792 4.94406,
	5.56965 4.93452,
	5.5792 4.92497,
	5.58874 4.93452,
	"/>
<Contour name="d04ax15ssvr" hidden="false" closed="true" simplified="false" border="0 1 0" fill="0 1 0" mode="-11"
 points="5.62692 4.96997,
	5.61737 4.96042,
	5.62692 4.95088,
	5.63646 4.96042,
	"/>
<Contour name="d04ax15ssvr" hidden="false" closed="true" simplified="false" border="0 1 0" fill="0 1 0" mode="-11"
 points="5.66919 4.98906,
	5.65964 4.97951,
	5.66919 4.96997,
	5.67873 4.97951,
	"/>
<Contour name="d04ax15ssvr" hidden="false" closed="true" simplified="false" border="0 1 0" fill="0 1 0" mode="-11"
 points="5.721 5.03405,
	5.71145 5.02451,
	5.721 5.01496,
	5.73054 5.02451,
	"/>
<Contour name="d04ax15ssvr" hidden="false" closed="true" simplified="false" border="0 1 0" fill="0 1 0" mode="-11"
 points="5.62283 5.05586,
	5.61328 5.04632,
	5.62283 5.03678,
	5.63237 5.04632,
	"/>
<Contour name="d04ax15ssvr" hidden="false" closed="true" simplified="false" border="0 1 0" fill="0 1 0" mode="-11"
 points="5.86825 5.13222,
	5.8587 5.12267,
	5.86825 5.11313,
	5.87779 5.12267,
	"/>
<Contour name="d04ax15ssvr" hidden="false" closed="true" simplified="false" border="0 1 0" fill="0 1 0" mode="-11"
 points="5.7919 5.19221,
	5.78235 5.18266,
	5.7919 5.17312,
	5.80144 5.18266,
	"/>
</Transform>

<Transform dim="0"
 xcoef=" 0 1 0 0 0 0"
 ycoef=" 0 0 1 0 0 0">
<Contour name="Brax20" hidden="false" closed="true" simplified="false" border="0 1 1" fill="0 1 1" mode="-13"
 points="4.86604 5.07562,
	4.88179 5.05987,
	4.81878 4.99686,
	4.83454 4.98111,
	4.89755 5.04412,
	4.9133 5.02837,
	4.9133 5.07562,
	"/>
</Transform>

<Transform dim="0"
 xcoef=" 0 1 0 0 0 0"
 ycoef=" 0 0 1 0 0 0">
<Contour name="d04ax14ssvr" hidden="false" closed="true" simplified="false" border="0 1 0" fill="0 1 0" mode="-11"
 points="4.92967 4.96133,
	4.91933 4.95099,
	4.92967 4.94065,
	4.94001 4.95099,
	"/>
<Contour name="d04ax14ssvr" hidden="false" closed="true" simplified="false" border="0 1 0" fill="0 1 0" mode="-11"
 points="4.97546 4.94656,
	4.96512 4.93622,
	4.97546 4.92588,
	4.9858 4.93622,
	"/>
<Contour name="d04ax14ssvr" hidden="false" closed="true" simplified="false" border="0 1 0" fill="0 1 0" mode="-11"
 points="5.05374 4.94804,
	5.0434 4.9377,
	5.05374 4.92736,
	5.06408 4.9377,
	"/>
<Contour name="d04ax14ssvr" hidden="false" closed="true" simplified="false" border="0 1 0" fill="0 1 0" mode="-11"
 points="5.02716 4.9702,
	5.01682 4.95986,
	5.02716 4.94952,
	5.0375 4.95986,
	"/>
<Contour name="d04ax14ssvr" hidden="false" closed="true" simplified="false" border="0 1 0" fill="0 1 0" mode="-11"
 points="5.04783 5.01894,
	5.0375 5.0086,
	5.04783 4.99826,
	5.05817 5.0086,
	"/>
<Contour name="d04ax14ssvr" hidden="false" closed="true" simplified="false" border="0 1 0" fill="0 1 0" mode="-11"
 points="4.96364 5.01894,
	4.9533 5.0086,
	4.96364 4.99826,
	4.97398 5.0086,
	"/>
<Contour name="d04ax14ssvr" hidden="false" closed="true" simplified="false" border="0 1 0" fill="0 1 0" mode="-11"
 points="4.98727 5.07507,
	4.97693 5.06473,
	4.98727 5.05439,
	4.99761 5.06473,
	"/>
<Contour name="d04ax14ssvr" hidden="false" closed="true" simplified="false" border="0 1 0" fill="0 1 0" mode="-11"
 points="4.94148 5.09132,
	4.93114 5.08098,
	4.94148 5.07064,
	4.95182 5.08098,
	"/>
<Contour name="d04ax14ssvr" hidden="false" closed="true" simplified="false" border="0 1 0" fill="0 1 0" mode="-11"
 points="4.89569 5.14302,
	4.88535 5.13268,
	4.89569 5.12234,
	4.90603 5.13268,
	"/>
<Contour name="d04ax14ssvr" hidden="false" closed="true" simplified="false" border="0 1 0" fill="0 1 0" mode="-11"
 points="4.84547 5.09723,
	4.83513 5.08689,
	4.84547 5.07655,
	4.85581 5.08689,
	"/>
<Contour name="d04ax14ssvr" hidden="false" closed="true" simplified="false" border="0 1 0" fill="0 1 0" mode="-11"
 points="4.78934 5.14154,
	4.779 5.1312,
	4.78934 5.12086,
	4.79968 5.1312,
	"/>
<Contour name="d04ax14ssvr" hidden="false" closed="true" simplified="false" border="0 1 0" fill="0 1 0" mode="-11"
 points="4.86172 5.02633,
	4.85138 5.01599,
	4.86172 5.00565,
	4.87206 5.01599,
	"/>
<Contour name="d04ax14ssvr" hidden="false" closed="true" simplified="false" border="0 1 0" fill="0 1 0" mode="-11"
 points="4.90751 5.05882,
	4.89717 5.04848,
	4.90751 5.03814,
	4.91785 5.04848,
	"/>
<Contour name="d04ax14ssvr" hidden="false" closed="true" simplified="false" border="0 1 0" fill="0 1 0" mode="-11"
 points="4.85876 4.97315,
	4.84842 4.96281,
	4.85876 4.95247,
	4.8691 4.96281,
	"/>
<Contour name="d04ax14ssvr" hidden="false" closed="true" simplified="false" border="0 1 0" fill="0 1 0" mode="-11"
 points="4.90899 4.99974,
	4.89865 4.9894,
	4.90899 4.97906,
	4.91933 4.9894,
	"/>
</Transform>

<Transform dim="0"
 xcoef=" 0 1 0 0 0 0"
 ycoef=" 0 0 1 0 0 0">
<Contour name="d03ax11" hidden="false" closed="true" simplified="true" border="0 1 1" fill="0 1 1" mode="-11"
 points="7.80452 6.66375,
	7.87689 6.52754,
	7.88327 6.45943,
	7.87901 6.42538,
	7.87901 6.39132,
	7.87901 6.3743,
	7.87901 6.36578,
	7.88966 6.34876,
	7.90668 6.33386,
	7.91094 6.32535,
	7.94286 6.29555,
	7.94925 6.27852,
	7.94925 6.2615,
	7.94925 6.25298,
	7.93009 6.21893,
	7.9003 6.18488,
	7.88327 6.16785,
	7.8705 6.15082,
	7.86624 6.1338,
	7.8705 6.11677,
	7.87263 6.10826,
	7.86837 6.09123,
	7.86837 6.0742,
	7.89391 6.0061,
	7.88114 5.97205,
	7.88327 5.95502,
	7.92371 5.88691,
	7.93648 5.86989,
	7.94499 5.85286,
	7.94712 5.81881,
	7.94925 5.80178,
	7.95989 5.78475,
	7.99181 5.75283,
	8.00246 5.7358,
	7.98969 5.71878,
	7.9833 5.70175,
	7.98117 5.68472,
	7.94712 5.6528,
	7.94499 5.64429,
	7.94712 5.63577,
	7.94712 5.63152,
	7.95563 5.623,
	7.96415 5.60598,
	7.96415 5.58895,
	7.9684 5.57192,
	7.97053 5.56341,
	7.97692 5.5549,
	7.97479 5.52084,
	7.99394 5.45274,
	7.9982 5.43571,
	8.00458 5.4272,
	8.01523 5.39314,
	8.01735 5.35909,
	8.01097 5.34207,
	8.00033 5.32504,
	7.98756 5.29099,
	7.98543 5.28247,
	7.97053 5.26545,
	7.93648 5.24629,
	7.92797 5.24416,
	7.92371 5.23565,
	7.92371 5.22714,
	7.94286 5.19308,
	7.97053 5.15903,
	7.98543 5.142,
	8.00458 5.10795,
	8.00458 5.09092,
	7.9982 5.0739,
	7.99607 5.05687,
	8.00671 5.03984,
	8.04077 5.00792,
	8.04715 4.97387,
	8.04502 4.95684,
	8.03012 4.92279,
	8.02587 4.90576,
	8.03864 4.87171,
	8.04502 4.85468,
	8.04289 4.82063,
	8.04077 4.8036,
	8.04289 4.78658,
	8.04502 4.77806,
	8.06205 4.76316,
	8.0961 4.75039,
	8.13016 4.74188,
	8.19826 4.73762,
	8.26637 4.73975,
	8.33447 4.75252,
	8.40258 4.75039,
	8.43663 4.75252,
	8.45366 4.75465,
	8.48771 4.77381,
	8.50474 4.7887,
	8.57284 4.82701,
	8.58987 4.83978,
	8.59413 4.84404,
	8.59413 4.86107,
	8.57923 4.89512,
	8.5622 4.91215,
	8.54518 4.92279,
	8.53666 4.92917,
	8.50899 4.99728,
	8.47494 5.06538,
	8.45792 5.09944,
	8.4494 5.13349,
	8.44727 5.15052,
	8.43876 5.16542,
	8.44302 5.17393,
	8.44089 5.19096,
	8.43663 5.19947,
	8.41961 5.21437,
	8.41109 5.22075,
	8.40896 5.23778,
	8.41322 5.30588,
	8.40896 5.4421,
	8.40684 5.45912,
	8.37917 5.52723,
	8.37065 5.54426,
	8.31106 5.61236,
	8.29829 5.62939,
	8.26637 5.69749,
	8.26637 5.73155,
	8.25998 5.7656,
	8.24934 5.78263,
	8.23444 5.79965,
	8.21316 5.83371,
	8.20677 5.85073,
	8.20252 5.85925,
	8.20252 5.8933,
	8.20039 5.90181,
	8.16634 5.93374,
	8.15569 5.95076,
	8.15569 5.96779,
	8.16634 6.00184,
	8.17272 6.0359,
	8.18123 6.05292,
	8.18336 6.06995,
	8.18762 6.07846,
	8.18762 6.08697,
	8.2238 6.15508,
	8.23019 6.18913,
	8.23019 6.22319,
	8.2238 6.25724,
	8.22167 6.29129,
	8.21316 6.32535,
	8.21103 6.39345,
	8.19613 6.4275,
	8.194 6.46156,
	8.19613 6.47858,
	8.18975 6.51264,
	8.17911 6.52966,
	8.16421 6.54669,
	8.15782 6.5552,
	8.15782 6.57223,
	8.16208 6.58074,
	8.17059 6.58713,
	8.17911 6.60415,
	8.17698 6.63821,
	8.17698 6.65523,
	8.17698 6.66375,
	8.18549 6.68077,
	8.19613 6.71483,
	8.20039 6.74888,
	8.20039 6.78293,
	8.194 6.79996,
	8.17698 6.8106,
	8.16846 6.81699,
	8.15782 6.83401,
	8.15782 6.86807,
	8.15357 6.87658,
	8.13654 6.88722,
	8.11951 6.89361,
	8.10249 6.89573,
	8.08546 6.88935,
	8.07695 6.88084,
	8.07482 6.87232,
	8.06631 6.86381,
	8.05779 6.85955,
	8.04077 6.85955,
	8.02374 6.84891,
	8.00884 6.83188,
	8.00671 6.82337,
	8.00671 6.81911,
	7.9982 6.81273,
	7.98969 6.81273,
	7.97266 6.80634,
	7.95563 6.80422,
	7.88753 6.7808,
	7.85347 6.76591,
	7.83645 6.75101,
	7.81729 6.71696,
	7.80452 6.6829,
	7.80452 6.66588,
	"/>
</Transform>

<Transform dim="0"
 xcoef=" 0 1 0 0 0 0"
 ycoef=" 0 0 1 0 0 0">
<Contour name="d03ax11" hidden="false" closed="true" simplified="true" border="0 1 1" fill="0 1 1" mode="-11"
 points="7.55925 7.62404,
	7.57313 7.60553,
	7.59164 7.59396,
	7.6009 7.5847,
	7.63792 7.56388,
	7.64718 7.55925,
	7.66337 7.54074,
	7.67031 7.53149,
	7.68883 7.52223,
	7.70734 7.52223,
	7.71659 7.5176,
	7.7351 7.5176,
	7.75361 7.51297,
	7.75824 7.51297,
	7.77675 7.50141,
	7.79526 7.49446,
	7.81377 7.49215,
	7.85079 7.49446,
	7.8693 7.48984,
	7.94335 7.48521,
	7.96186 7.48058,
	8.03358 7.44125,
	8.07061 7.42968,
	8.08912 7.42736,
	8.09837 7.42736,
	8.11688 7.43893,
	8.12614 7.44819,
	8.12382 7.4667,
	8.11688 7.48521,
	8.09837 7.49446,
	8.07986 7.49678,
	8.04284 7.50835,
	8.03358 7.51066,
	7.99656 7.53611,
	7.97805 7.54768,
	7.96186 7.56619,
	7.92483 7.59164,
	7.85079 7.60553,
	7.83228 7.61247,
	7.82303 7.61478,
	7.80452 7.62867,
	7.77212 7.66569,
	7.75361 7.67957,
	7.7351 7.68883,
	7.69808 7.69808,
	7.66106 7.70039,
	7.62404 7.69808,
	7.58702 7.69114,
	7.56851 7.67726,
	7.56156 7.668,
	7.55925 7.63098,
	7.55925 7.62635,
	"/>
</Transform>

<Transform dim="0"
 xcoef=" 0 1 0 0 0 0"
 ycoef=" 0 0 1 0 0 0">
<Contour name="d03ax11" hidden="false" closed="true" simplified="true" border="0 1 1" fill="0 1 1" mode="-11"
 points="8.17248 2.20951,
	8.18075 2.17644,
	8.19315 2.14336,
	8.19729 2.12683,
	8.19935 2.11856,
	8.21382 2.10409,
	8.23036 2.09376,
	8.24689 2.08756,
	8.31303 2.07516,
	8.3213 2.07309,
	8.3523 2.05035,
	8.36057 2.04209,
	8.36884 2.03795,
	8.3771 2.02969,
	8.39364 2.02555,
	8.41018 2.01728,
	8.47632 1.99662,
	8.49285 1.99248,
	8.52592 1.99248,
	8.55899 1.99868,
	8.59206 2.01108,
	8.65614 2.04622,
	8.68714 2.07722,
	8.70781 2.11029,
	8.72021 2.12683,
	8.72848 2.14336,
	8.73261 2.1475,
	8.73261 2.15163,
	8.74501 2.16817,
	8.76155 2.18057,
	8.76568 2.1847,
	8.76981 2.1847,
	8.77808 2.1909,
	8.79462 2.1971,
	8.80288 2.19917,
	8.80702 2.19917,
	8.81115 2.2033,
	8.82769 2.20951,
	8.83802 2.22604,
	8.84216 2.23431,
	8.84216 2.25084,
	8.83595 2.26738,
	8.82769 2.27565,
	8.81942 2.27771,
	8.81115 2.28391,
	8.80702 2.28391,
	8.79875 2.29011,
	8.78222 2.29425,
	8.77395 2.29838,
	8.74088 2.30252,
	8.72434 2.30665,
	8.69127 2.32525,
	8.683 2.33352,
	8.67474 2.33559,
	8.66647 2.34179,
	8.60033 2.33765,
	8.58379 2.33972,
	8.56726 2.35212,
	8.55072 2.36866,
	8.52385 2.39966,
	8.51145 2.41619,
	8.50319 2.42239,
	8.49285 2.4348,
	8.46391 2.46787,
	8.44325 2.50094,
	8.43084 2.51541,
	8.41431 2.52987,
	8.40604 2.53194,
	8.37297 2.55468,
	8.3399 2.56914,
	8.27376 2.58981,
	8.25723 2.58981,
	8.24896 2.58981,
	8.23242 2.57741,
	8.22209 2.56088,
	8.21795 2.54434,
	8.21795 2.4782,
	8.21795 2.44513,
	8.22002 2.4286,
	8.23242 2.39759,
	8.23242 2.38106,
	8.22622 2.36452,
	8.18075 2.29838,
	8.17868 2.26531,
	8.17868 2.25704,
	8.17248 2.24051,
	8.17248 2.22397,
	8.17248 2.21571,
	8.17248 2.21157,
	"/>
</Transform>

<Transform dim="0"
 xcoef=" 0 1 0 0 0 0"
 ycoef=" 0 0 1 0 0 0">
<Contour name="d03ax11ssrv" hidden="false" closed="true" simplified="false" border="0 1 0" fill="0 1 0" mode="-11"
 points="8.25328 4.81335,
	8.24137 4.80144,
	8.25328 4.78952,
	8.26519 4.80144,
	"/>
<Contour name="d03ax11ssrv" hidden="false" closed="true" simplified="false" border="0 1 0" fill="0 1 0" mode="-11"
 points="8.31966 4.78782,
	8.30774 4.77591,
	8.31966 4.76399,
	8.33157 4.77591,
	"/>
<Contour name="d03ax11ssrv" hidden="false" closed="true" simplified="false" border="0 1 0" fill="0 1 0" mode="-11"
 points="8.30264 4.8542,
	8.29072 4.84228,
	8.30264 4.83037,
	8.31455 4.84228,
	"/>
<Contour name="d03ax11ssrv" hidden="false" closed="true" simplified="false" border="0 1 0" fill="0 1 0" mode="-11"
 points="8.27711 4.88143,
	8.26519 4.86952,
	8.27711 4.8576,
	8.28902 4.86952,
	"/>
<Contour name="d03ax11ssrv" hidden="false" closed="true" simplified="false" border="0 1 0" fill="0 1 0" mode="-11"
 points="8.22094 4.8542,
	8.20903 4.84228,
	8.22094 4.83037,
	8.23286 4.84228,
	"/>
<Contour name="d03ax11ssrv" hidden="false" closed="true" simplified="false" border="0 1 0" fill="0 1 0" mode="-11"
 points="8.38093 4.92739,
	8.36902 4.91547,
	8.38093 4.90356,
	8.39284 4.91547,
	"/>
<Contour name="d03ax11ssrv" hidden="false" closed="true" simplified="false" border="0 1 0" fill="0 1 0" mode="-11"
 points="8.4388 4.82867,
	8.42688 4.81675,
	8.4388 4.80484,
	8.45071 4.81675,
	"/>
</Transform>

<Transform dim="0"
 xcoef=" 0 1 0 0 0 0"
 ycoef=" 0 0 1 0 0 0">
<Contour name="d01ax16" hidden="false" closed="true" simplified="true" border="0 1 1" fill="0 1 1" mode="-11"
 points="2.33784 3.49283,
	2.34481 3.48447,
	2.35595 3.4775,
	2.36013 3.47472,
	2.37685 3.45382,
	2.37685 3.45103,
	2.38521 3.44267,
	2.38521 3.43988,
	2.39078 3.4357,
	2.39357 3.43292,
	2.39636 3.43292,
	2.39914 3.43013,
	2.41029 3.42735,
	2.41307 3.42456,
	2.43537 3.41481,
	2.44651 3.41759,
	2.4688 3.41759,
	2.4911 3.42038,
	2.50224 3.42456,
	2.50781 3.42595,
	2.51896 3.43292,
	2.52453 3.4371,
	2.52732 3.43849,
	2.52732 3.44128,
	2.53011 3.44267,
	2.53011 3.44546,
	2.53707 3.4566,
	2.54125 3.46218,
	2.54264 3.46775,
	2.54264 3.47054,
	2.54543 3.47193,
	2.54543 3.47472,
	2.54961 3.48029,
	2.56076 3.48447,
	2.56354 3.48447,
	2.58583 3.49701,
	2.59001 3.49979,
	2.59977 3.50955,
	2.60673 3.52069,
	2.60673 3.54298,
	2.60673 3.54856,
	2.60673 3.55134,
	2.59559 3.55692,
	2.59001 3.5611,
	2.56772 3.56667,
	2.54543 3.57642,
	2.52314 3.58339,
	2.51199 3.59035,
	2.50085 3.59453,
	2.47856 3.59593,
	2.43397 3.59314,
	2.41168 3.59035,
	2.40054 3.59035,
	2.38939 3.58757,
	2.37824 3.5806,
	2.36988 3.57224,
	2.3657 3.56667,
	2.36152 3.55552,
	2.35874 3.54995,
	2.35595 3.54856,
	2.35595 3.54577,
	2.34759 3.53462,
	2.33923 3.51233,
	2.33784 3.50119,
	2.33784 3.49561,
	2.33784 3.49422,
	"/>
</Transform>

<Transform dim="0"
 xcoef=" 0 1 0 0 0 0"
 ycoef=" 0 0 1 0 0 0">
<Contour name="d01ax17b" hidden="false" closed="true" simplified="true" border="0 1 1" fill="0 1 1" mode="-11"
 points="2.27244 4.98512,
	2.27664 4.96835,
	2.29131 4.9369,
	2.30389 4.92013,
	2.33533 4.89707,
	2.3521 4.8824,
	2.36049 4.87611,
	2.36888 4.87611,
	2.38565 4.86982,
	2.39403 4.86982,
	2.39822 4.86563,
	2.46531 4.86144,
	2.49885 4.86563,
	2.50723 4.86563,
	2.51562 4.86982,
	2.5827 4.8803,
	2.59947 4.8803,
	2.63302 4.89078,
	2.6414 4.89917,
	2.6393 4.93271,
	2.63721 4.94948,
	2.61834 4.98093,
	2.60786 4.9977,
	2.60367 5.00608,
	2.5869 5.02285,
	2.57012 5.03334,
	2.56593 5.03753,
	2.53239 5.0522,
	2.51562 5.06268,
	2.50514 5.07317,
	2.47369 5.09832,
	2.44015 5.11929,
	2.40661 5.12138,
	2.37307 5.11929,
	2.3563 5.11719,
	2.34791 5.11719,
	2.33114 5.1109,
	2.31856 5.09832,
	2.31227 5.08994,
	2.30808 5.08574,
	2.30598 5.06897,
	2.30598 5.06059,
	2.31018 5.0522,
	2.31018 5.03543,
	2.2955 5.01866,
	2.27873 5.00818,
	2.27244 4.99141,
	2.27244 4.98722,
	"/>
</Transform>

<Transform dim="0"
 xcoef=" 0 1 0 0 0 0"
 ycoef=" 0 0 1 0 0 0">
<Contour name="d02ax16" hidden="false" closed="true" simplified="true" border="0 1 1" fill="0 1 1" mode="-11"
 points="4.00804 3.47277,
	4.02096 3.4314,
	4.03389 3.41071,
	4.05458 3.39261,
	4.06492 3.38226,
	4.07527 3.37709,
	4.11664 3.37709,
	4.19939 3.40037,
	4.22007 3.41071,
	4.26145 3.41588,
	4.28213 3.42105,
	4.29248 3.42105,
	4.30282 3.42622,
	4.32351 3.42881,
	4.36488 3.44691,
	4.38557 3.46243,
	4.39591 3.46501,
	4.4166 3.48053,
	4.45797 3.49863,
	4.46573 3.50897,
	4.4709 3.51414,
	4.46831 3.55552,
	4.45797 3.56327,
	4.43728 3.57103,
	4.35454 3.57103,
	4.31316 3.56586,
	4.27179 3.55552,
	4.23042 3.54,
	4.18904 3.53224,
	4.1063 3.53224,
	4.08561 3.53224,
	4.06492 3.53741,
	4.05458 3.54,
	4.04941 3.54,
	4.01579 3.50121,
	4.00804 3.49087,
	4.00804 3.48053,
	4.00804 3.47535,
	"/>
<Contour name="d02ax16" hidden="false" closed="true" simplified="true" border="0 1 1" fill="0 1 1" mode="-11"
 points="4.66742 3.96666,
	4.67518 3.94598,
	4.68552 3.93822,
	4.7269 3.93822,
	4.74758 3.93822,
	4.83033 3.96925,
	4.8717 3.98735,
	4.89239 3.99252,
	4.97514 3.99252,
	5.01651 3.99511,
	5.0372 4.00545,
	5.05012 4.02355,
	5.05012 4.04424,
	5.0372 4.08561,
	5.02168 4.1063,
	5.00099 4.1244,
	4.98031 4.13216,
	4.93893 4.13733,
	4.89756 4.13733,
	4.87687 4.13216,
	4.8717 4.13216,
	4.83033 4.10371,
	4.80964 4.0882,
	4.78896 4.07785,
	4.74758 4.0701,
	4.73724 4.0701,
	4.69587 4.04165,
	4.68552 4.03648,
	4.67777 4.02614,
	4.67001 4.00545,
	4.66742 3.98476,
	4.66742 3.97442,
	4.66742 3.96925,
	"/>
</Transform>

<Transform dim="0"
 xcoef=" 0 1 0 0 0 0"
 ycoef=" 0 0 1 0 0 0">
<Contour name="d04ax17" hidden="false" closed="true" simplified="true" border="0 1 1" fill="0 1 1" mode="-11"
 points="7.84212 3.27216,
	7.8821 3.22296,
	7.8944 3.21681,
	7.9436 3.21066,
	7.99281 3.21681,
	8.01741 3.23218,
	8.03586 3.25679,
	8.04202 3.26909,
	8.04202 3.31829,
	8.03279 3.3429,
	8.01741 3.3675,
	7.96821 3.4044,
	7.95591 3.41363,
	7.9436 3.4167,
	7.919 3.40748,
	7.9067 3.40133,
	7.88825 3.37672,
	7.87595 3.32752,
	7.87287 3.31522,
	7.85442 3.29061,
	7.84519 3.27831,
	7.84212 3.27524,
	"/>
</Transform>

<Transform dim="0"
 xcoef=" 0 1 0 0 0 0"
 ycoef=" 0 0 1 0 0 0">
<Contour name="d04ax22" hidden="false" closed="true" simplified="true" border="0 1 1" fill="0 1 1" mode="-11"
 points="1.98447 6.15111,
	1.99001 6.13632,
	2.0011 6.12154,
	2.02881 6.09937,
	2.04359 6.08828,
	2.07316 6.0735,
	2.10272 6.05133,
	2.11381 6.03655,
	2.1212 6.02176,
	2.1212 6.00698,
	2.11935 5.99959,
	2.09903 5.97003,
	2.10087 5.95525,
	2.10642 5.94046,
	2.15631 5.88318,
	2.17109 5.87395,
	2.20065 5.86286,
	2.31891 5.83699,
	2.34847 5.8259,
	2.46672 5.80188,
	2.52585 5.78895,
	2.54063 5.78341,
	2.5702 5.78156,
	2.59976 5.7871,
	2.65889 5.80928,
	2.66628 5.81297,
	2.68106 5.81482,
	2.71063 5.8259,
	2.74019 5.84069,
	2.75497 5.85177,
	2.76236 5.85916,
	2.76606 5.86656,
	2.78084 5.87949,
	2.79562 5.88873,
	2.80301 5.89612,
	2.80301 5.92568,
	2.79377 5.94046,
	2.78084 5.9534,
	2.7753 5.96079,
	2.7753 5.97557,
	2.78638 6.00514,
	2.78823 6.01992,
	2.78638 6.0347,
	2.77899 6.04948,
	2.75497 6.07904,
	2.74943 6.08644,
	2.74573 6.09013,
	2.73465 6.11969,
	2.71432 6.14926,
	2.68661 6.17328,
	2.67182 6.18067,
	2.65704 6.1936,
	2.64595 6.20839,
	2.63117 6.22317,
	2.62378 6.23056,
	2.609 6.23795,
	2.59422 6.24904,
	2.53509 6.26567,
	2.52031 6.27306,
	2.50553 6.27675,
	2.49814 6.2823,
	2.46857 6.28969,
	2.43901 6.28969,
	2.37988 6.27675,
	2.37249 6.2749,
	2.35771 6.26567,
	2.34293 6.26197,
	2.33554 6.25827,
	2.32075 6.25827,
	2.30597 6.25458,
	2.29119 6.25458,
	2.26163 6.24904,
	2.24684 6.24534,
	2.18772 6.21762,
	2.18033 6.21762,
	2.16554 6.21023,
	2.13598 6.20284,
	2.10642 6.20284,
	2.09163 6.19915,
	2.03251 6.19545,
	2.00294 6.18252,
	1.99555 6.17882,
	1.98816 6.17143,
	1.98447 6.16404,
	1.98447 6.15665,
	1.98447 6.15295,
	"/>
</Transform>

<Transform dim="0"
 xcoef=" 0 1 0 0 0 0"
 ycoef=" 0 0 1 0 0 0">
<Contour name="d04ax12" hidden="false" closed="true" simplified="true" border="0 1 1" fill="0 1 1" mode="-11"
 points="1.61564 7.31647,
	1.62003 7.2989,
	1.62222 7.29012,
	1.64637 7.255,
	1.67491 7.22207,
	1.68588 7.20451,
	1.69027 7.19573,
	1.69686 7.12549,
	1.71003 7.11012,
	1.71661 7.10134,
	1.74296 7.0311,
	1.74515 7.02231,
	1.76271 7.00695,
	1.78027 6.99597,
	1.85052 6.97402,
	1.88564 6.96305,
	1.95589 6.95646,
	2.02613 6.95865,
	2.09638 6.96744,
	2.16662 6.96963,
	2.18418 6.96524,
	2.19296 6.96524,
	2.21053 6.95865,
	2.21931 6.95646,
	2.23687 6.94548,
	2.24126 6.94548,
	2.27638 6.92573,
	2.34663 6.90158,
	2.41687 6.88182,
	2.43443 6.87524,
	2.50468 6.87304,
	2.57492 6.87524,
	2.61004 6.87743,
	2.68029 6.86646,
	2.71541 6.86207,
	2.78566 6.86426,
	2.82078 6.87304,
	2.83834 6.88182,
	2.87346 6.8906,
	2.89102 6.895,
	2.90859 6.90378,
	2.91737 6.91256,
	2.91956 6.93012,
	2.91298 6.96524,
	2.902 6.9828,
	2.89761 6.99158,
	2.88005 7.00914,
	2.86249 7.02012,
	2.82737 7.03329,
	2.81858 7.03768,
	2.80761 7.05524,
	2.8098 7.0728,
	2.81858 7.09036,
	2.82078 7.10793,
	2.80541 7.12549,
	2.77029 7.14305,
	2.73517 7.15402,
	2.71761 7.16061,
	2.70005 7.1628,
	2.66492 7.17598,
	2.59468 7.19134,
	2.55956 7.19793,
	2.41907 7.23964,
	2.4015 7.24622,
	2.36638 7.27037,
	2.33126 7.29012,
	2.3137 7.3011,
	2.27858 7.31427,
	2.24345 7.31647,
	2.20833 7.32525,
	2.13809 7.36037,
	2.12052 7.37134,
	2.0854 7.38452,
	2.01516 7.39549,
	1.98003 7.39769,
	1.96247 7.39769,
	1.92735 7.38671,
	1.90979 7.38013,
	1.87467 7.38232,
	1.83954 7.3911,
	1.7693 7.40208,
	1.73418 7.40427,
	1.69905 7.40208,
	1.66393 7.3933,
	1.62881 7.37354,
	1.61564 7.35598,
	1.61564 7.32086,
	1.61564 7.31866,
	"/>
</Transform>

<Transform dim="0"
 xcoef=" 0 1 0 0 0 0"
 ycoef=" 0 0 1 0 0 0">
<Contour name="d04ax12ssvr" hidden="false" closed="true" simplified="false" border="0 1 0" fill="0 1 0" mode="-11"
 points="2.00254 7.12327,
	1.98717 7.1079,
	2.00254 7.09254,
	2.01791 7.1079,
	"/>
<Contour name="d04ax12ssvr" hidden="false" closed="true" simplified="false" border="0 1 0" fill="0 1 0" mode="-11"
 points="2.04864 7.09473,
	2.03327 7.07937,
	2.04864 7.064,
	2.06401 7.07937,
	"/>
<Contour name="d04ax12ssvr" hidden="false" closed="true" simplified="false" border="0 1 0" fill="0 1 0" mode="-11"
 points="2.02669 7.02229,
	2.01132 7.00693,
	2.02669 6.99156,
	2.04205 7.00693,
	"/>
<Contour name="d04ax12ssvr" hidden="false" closed="true" simplified="false" border="0 1 0" fill="0 1 0" mode="-11"
 points="2.04425 7.05083,
	2.02888 7.03546,
	2.04425 7.0201,
	2.05961 7.03546,
	"/>
<Contour name="d04ax12ssvr" hidden="false" closed="true" simplified="false" border="0 1 0" fill="0 1 0" mode="-11"
 points="1.9762 7.04644,
	1.96083 7.03107,
	1.9762 7.01571,
	1.99156 7.03107,
	"/>
<Contour name="d04ax12ssvr" hidden="false" closed="true" simplified="false" border="0 1 0" fill="0 1 0" mode="-11"
 points="1.91912 7.08815,
	1.90376 7.07278,
	1.91912 7.05741,
	1.93449 7.07278,
	"/>
<Contour name="d04ax12ssvr" hidden="false" closed="true" simplified="false" border="0 1 0" fill="0 1 0" mode="-11"
 points="1.92351 7.12327,
	1.90815 7.1079,
	1.92351 7.09254,
	1.93888 7.1079,
	"/>
<Contour name="d04ax12ssvr" hidden="false" closed="true" simplified="false" border="0 1 0" fill="0 1 0" mode="-11"
 points="1.85107 7.12766,
	1.83571 7.11229,
	1.85107 7.09693,
	1.86644 7.11229,
	"/>
<Contour name="d04ax12ssvr" hidden="false" closed="true" simplified="false" border="0 1 0" fill="0 1 0" mode="-11"
 points="1.8401 7.22864,
	1.82473 7.21327,
	1.8401 7.1979,
	1.85547 7.21327,
	"/>
<Contour name="d04ax12ssvr" hidden="false" closed="true" simplified="false" border="0 1 0" fill="0 1 0" mode="-11"
 points="1.87961 7.26156,
	1.86425 7.2462,
	1.87961 7.23083,
	1.89498 7.2462,
	"/>
<Contour name="d04ax12ssvr" hidden="false" closed="true" simplified="false" border="0 1 0" fill="0 1 0" mode="-11"
 points="1.9323 7.21986,
	1.91693 7.20449,
	1.9323 7.18912,
	1.94766 7.20449,
	"/>
<Contour name="d04ax12ssvr" hidden="false" closed="true" simplified="false" border="0 1 0" fill="0 1 0" mode="-11"
 points="1.96961 7.20888,
	1.95425 7.19351,
	1.96961 7.17815,
	1.98498 7.19351,
	"/>
<Contour name="d04ax12ssvr" hidden="false" closed="true" simplified="false" border="0 1 0" fill="0 1 0" mode="-11"
 points="2.05522 7.1979,
	2.03986 7.18254,
	2.05522 7.16717,
	2.07059 7.18254,
	"/>
<Contour name="d04ax12ssvr" hidden="false" closed="true" simplified="false" border="0 1 0" fill="0 1 0" mode="-11"
 points="2.11449 7.244,
	2.09913 7.22864,
	2.11449 7.21327,
	2.12986 7.22864,
	"/>
<Contour name="d04ax12ssvr" hidden="false" closed="true" simplified="false" border="0 1 0" fill="0 1 0" mode="-11"
 points="2.06401 7.24839,
	2.04864 7.23303,
	2.06401 7.21766,
	2.07937 7.23303,
	"/>
<Contour name="d04ax12ssvr" hidden="false" closed="true" simplified="false" border="0 1 0" fill="0 1 0" mode="-11"
 points="2.19571 7.21766,
	2.18035 7.2023,
	2.19571 7.18693,
	2.21108 7.2023,
	"/>
<Contour name="d04ax12ssvr" hidden="false" closed="true" simplified="false" border="0 1 0" fill="0 1 0" mode="-11"
 points="2.21547 7.25278,
	2.20011 7.23742,
	2.21547 7.22205,
	2.23084 7.23742,
	"/>
<Contour name="d04ax12ssvr" hidden="false" closed="true" simplified="false" border="0 1 0" fill="0 1 0" mode="-11"
 points="1.82034 7.32742,
	1.80498 7.31205,
	1.82034 7.29669,
	1.83571 7.31205,
	"/>
<Contour name="d04ax12ssvr" hidden="false" closed="true" simplified="false" border="0 1 0" fill="0 1 0" mode="-11"
 points="1.86864 7.30327,
	1.85327 7.28791,
	1.86864 7.27254,
	1.884 7.28791,
	"/>
<Contour name="d04ax12ssvr" hidden="false" closed="true" simplified="false" border="0 1 0" fill="0 1 0" mode="-11"
 points="1.77205 7.25278,
	1.75668 7.23742,
	1.77205 7.22205,
	1.78742 7.23742,
	"/>
<Contour name="d04ax12ssvr" hidden="false" closed="true" simplified="false" border="0 1 0" fill="0 1 0" mode="-11"
 points="2.30767 6.98497,
	2.2923 6.96961,
	2.30767 6.95424,
	2.32303 6.96961,
	"/>
<Contour name="d04ax12ssvr" hidden="false" closed="true" simplified="false" border="0 1 0" fill="0 1 0" mode="-11"
 points="2.28352 7.03546,
	2.26815 7.0201,
	2.28352 7.00473,
	2.29889 7.0201,
	"/>
<Contour name="d04ax12ssvr" hidden="false" closed="true" simplified="false" border="0 1 0" fill="0 1 0" mode="-11"
 points="2.41304 6.94107,
	2.39767 6.9257,
	2.41304 6.91034,
	2.4284 6.9257,
	"/>
<Contour name="d04ax12ssvr" hidden="false" closed="true" simplified="false" border="0 1 0" fill="0 1 0" mode="-11"
 points="2.56011 6.9257,
	2.54475 6.91034,
	2.56011 6.89497,
	2.57548 6.91034,
	"/>
<Contour name="d04ax12ssvr" hidden="false" closed="true" simplified="false" border="0 1 0" fill="0 1 0" mode="-11"
 points="2.09913 7.1562,
	2.08376 7.14083,
	2.09913 7.12546,
	2.11449 7.14083,
	"/>
</Transform>

<Transform dim="0"
 xcoef=" 0 1 0 0 0 0"
 ycoef=" 0 0 1 0 0 0">
<Contour name="d04ax22ssvr" hidden="false" closed="true" simplified="false" border="0 1 0" fill="0 1 0" mode="-11"
 points="2.48264 5.84565,
	2.46835 5.83137,
	2.48264 5.81708,
	2.49693 5.83137,
	"/>
<Contour name="d04ax22ssvr" hidden="false" closed="true" simplified="false" border="0 1 0" fill="0 1 0" mode="-11"
 points="2.43161 5.87627,
	2.41732 5.86198,
	2.43161 5.8477,
	2.4459 5.86198,
	"/>
<Contour name="d04ax22ssvr" hidden="false" closed="true" simplified="false" border="0 1 0" fill="0 1 0" mode="-11"
 points="2.39078 5.85586,
	2.3765 5.84157,
	2.39078 5.82728,
	2.40507 5.84157,
	"/>
<Contour name="d04ax22ssvr" hidden="false" closed="true" simplified="false" border="0 1 0" fill="0 1 0" mode="-11"
 points="2.37037 5.89464,
	2.35608 5.88035,
	2.37037 5.86607,
	2.38466 5.88035,
	"/>
<Contour name="d04ax22ssvr" hidden="false" closed="true" simplified="false" border="0 1 0" fill="0 1 0" mode="-11"
 points="2.30505 5.91097,
	2.29076 5.89668,
	2.30505 5.8824,
	2.31934 5.89668,
	"/>
<Contour name="d04ax22ssvr" hidden="false" closed="true" simplified="false" border="0 1 0" fill="0 1 0" mode="-11"
 points="2.24994 5.93138,
	2.23565 5.9171,
	2.24994 5.90281,
	2.26423 5.9171,
	"/>
<Contour name="d04ax22ssvr" hidden="false" closed="true" simplified="false" border="0 1 0" fill="0 1 0" mode="-11"
 points="2.24994 5.97833,
	2.23565 5.96404,
	2.24994 5.94976,
	2.26423 5.96404,
	"/>
<Contour name="d04ax22ssvr" hidden="false" closed="true" simplified="false" border="0 1 0" fill="0 1 0" mode="-11"
 points="2.23769 6.01303,
	2.22341 5.99874,
	2.23769 5.98446,
	2.25198 5.99874,
	"/>
<Contour name="d04ax22ssvr" hidden="false" closed="true" simplified="false" border="0 1 0" fill="0 1 0" mode="-11"
 points="2.17646 5.99058,
	2.16217 5.97629,
	2.17646 5.962,
	2.19075 5.97629,
	"/>
<Contour name="d04ax22ssvr" hidden="false" closed="true" simplified="false" border="0 1 0" fill="0 1 0" mode="-11"
 points="2.30505 6.01507,
	2.29076 6.00079,
	2.30505 5.9865,
	2.31934 6.00079,
	"/>
<Contour name="d04ax22ssvr" hidden="false" closed="true" simplified="false" border="0 1 0" fill="0 1 0" mode="-11"
 points="2.30709 6.05386,
	2.29281 6.03957,
	2.30709 6.02528,
	2.32138 6.03957,
	"/>
<Contour name="d04ax22ssvr" hidden="false" closed="true" simplified="false" border="0 1 0" fill="0 1 0" mode="-11"
 points="2.3173 6.10489,
	2.30301 6.0906,
	2.3173 6.07631,
	2.33159 6.0906,
	"/>
<Contour name="d04ax22ssvr" hidden="false" closed="true" simplified="false" border="0 1 0" fill="0 1 0" mode="-11"
 points="2.27035 6.08856,
	2.25606 6.07427,
	2.27035 6.05998,
	2.28464 6.07427,
	"/>
<Contour name="d04ax22ssvr" hidden="false" closed="true" simplified="false" border="0 1 0" fill="0 1 0" mode="-11"
 points="2.30301 6.20082,
	2.28872 6.18654,
	2.30301 6.17225,
	2.3173 6.18654,
	"/>
<Contour name="d04ax22ssvr" hidden="false" closed="true" simplified="false" border="0 1 0" fill="0 1 0" mode="-11"
 points="2.38466 6.11509,
	2.37037 6.1008,
	2.38466 6.08652,
	2.39895 6.1008,
	"/>
<Contour name="d04ax22ssvr" hidden="false" closed="true" simplified="false" border="0 1 0" fill="0 1 0" mode="-11"
 points="2.38466 6.07019,
	2.37037 6.0559,
	2.38466 6.04161,
	2.39895 6.0559,
	"/>
<Contour name="d04ax22ssvr" hidden="false" closed="true" simplified="false" border="0 1 0" fill="0 1 0" mode="-11"
 points="2.36629 6.02528,
	2.352 6.01099,
	2.36629 5.9967,
	2.38058 6.01099,
	"/>
<Contour name="d04ax22ssvr" hidden="false" closed="true" simplified="false" border="0 1 0" fill="0 1 0" mode="-11"
 points="2.40916 6.03549,
	2.39487 6.0212,
	2.40916 6.00691,
	2.42344 6.0212,
	"/>
<Contour name="d04ax22ssvr" hidden="false" closed="true" simplified="false" border="0 1 0" fill="0 1 0" mode="-11"
 points="2.44386 6.06815,
	2.42957 6.05386,
	2.44386 6.03957,
	2.45814 6.05386,
	"/>
<Contour name="d04ax22ssvr" hidden="false" closed="true" simplified="false" border="0 1 0" fill="0 1 0" mode="-11"
 points="2.47243 6.02324,
	2.45814 6.00895,
	2.47243 5.99466,
	2.48672 6.00895,
	"/>
<Contour name="d04ax22ssvr" hidden="false" closed="true" simplified="false" border="0 1 0" fill="0 1 0" mode="-11"
 points="2.50509 6.06202,
	2.4908 6.04773,
	2.50509 6.03345,
	2.51938 6.04773,
	"/>
<Contour name="d04ax22ssvr" hidden="false" closed="true" simplified="false" border="0 1 0" fill="0 1 0" mode="-11"
 points="2.49284 6.1008,
	2.47856 6.08652,
	2.49284 6.07223,
	2.50713 6.08652,
	"/>
<Contour name="d04ax22ssvr" hidden="false" closed="true" simplified="false" border="0 1 0" fill="0 1 0" mode="-11"
 points="2.43977 6.1253,
	2.42548 6.11101,
	2.43977 6.09672,
	2.45406 6.11101,
	"/>
<Contour name="d04ax22ssvr" hidden="false" closed="true" simplified="false" border="0 1 0" fill="0 1 0" mode="-11"
 points="2.41732 6.16816,
	2.40303 6.15388,
	2.41732 6.13959,
	2.43161 6.15388,
	"/>
<Contour name="d04ax22ssvr" hidden="false" closed="true" simplified="false" border="0 1 0" fill="0 1 0" mode="-11"
 points="2.46019 6.19878,
	2.4459 6.18449,
	2.46019 6.17021,
	2.47447 6.18449,
	"/>
<Contour name="d04ax22ssvr" hidden="false" closed="true" simplified="false" border="0 1 0" fill="0 1 0" mode="-11"
 points="2.48672 6.15796,
	2.47243 6.14367,
	2.48672 6.12938,
	2.50101 6.14367,
	"/>
<Contour name="d04ax22ssvr" hidden="false" closed="true" simplified="false" border="0 1 0" fill="0 1 0" mode="-11"
 points="2.52959 6.14571,
	2.5153 6.13142,
	2.52959 6.11713,
	2.54387 6.13142,
	"/>
<Contour name="d04ax22ssvr" hidden="false" closed="true" simplified="false" border="0 1 0" fill="0 1 0" mode="-11"
 points="2.53571 6.18654,
	2.52142 6.17225,
	2.53571 6.15796,
	2.55 6.17225,
	"/>
<Contour name="d04ax22ssvr" hidden="false" closed="true" simplified="false" border="0 1 0" fill="0 1 0" mode="-11"
 points="2.54387 6.22736,
	2.52959 6.21307,
	2.54387 6.19878,
	2.55816 6.21307,
	"/>
<Contour name="d04ax22ssvr" hidden="false" closed="true" simplified="false" border="0 1 0" fill="0 1 0" mode="-11"
 points="2.60511 6.16,
	2.59082 6.14571,
	2.60511 6.13142,
	2.6194 6.14571,
	"/>
<Contour name="d04ax22ssvr" hidden="false" closed="true" simplified="false" border="0 1 0" fill="0 1 0" mode="-11"
 points="2.66839 6.1253,
	2.6541 6.11101,
	2.66839 6.09672,
	2.68268 6.11101,
	"/>
<Contour name="d04ax22ssvr" hidden="false" closed="true" simplified="false" border="0 1 0" fill="0 1 0" mode="-11"
 points="2.55 6.10489,
	2.53571 6.0906,
	2.55 6.07631,
	2.56429 6.0906,
	"/>
<Contour name="d04ax22ssvr" hidden="false" closed="true" simplified="false" border="0 1 0" fill="0 1 0" mode="-11"
 points="2.57449 6.04977,
	2.5602 6.03549,
	2.57449 6.0212,
	2.58878 6.03549,
	"/>
<Contour name="d04ax22ssvr" hidden="false" closed="true" simplified="false" border="0 1 0" fill="0 1 0" mode="-11"
 points="2.61328 6.07835,
	2.59899 6.06406,
	2.61328 6.04977,
	2.62756 6.06406,
	"/>
<Contour name="d04ax22ssvr" hidden="false" closed="true" simplified="false" border="0 1 0" fill="0 1 0" mode="-11"
 points="2.64185 6.03345,
	2.62756 6.01916,
	2.64185 6.00487,
	2.65614 6.01916,
	"/>
<Contour name="d04ax22ssvr" hidden="false" closed="true" simplified="false" border="0 1 0" fill="0 1 0" mode="-11"
 points="2.58266 6.00691,
	2.56837 5.99262,
	2.58266 5.97833,
	2.59695 5.99262,
	"/>
<Contour name="d04ax22ssvr" hidden="false" closed="true" simplified="false" border="0 1 0" fill="0 1 0" mode="-11"
 points="2.53163 6.0212,
	2.51734 6.00691,
	2.53163 5.99262,
	2.54592 6.00691,
	"/>
<Contour name="d04ax22ssvr" hidden="false" closed="true" simplified="false" border="0 1 0" fill="0 1 0" mode="-11"
 points="2.51734 5.99058,
	2.50305 5.97629,
	2.51734 5.962,
	2.53163 5.97629,
	"/>
<Contour name="d04ax22ssvr" hidden="false" closed="true" simplified="false" border="0 1 0" fill="0 1 0" mode="-11"
 points="2.4459 5.97017,
	2.43161 5.95588,
	2.4459 5.94159,
	2.46019 5.95588,
	"/>
<Contour name="d04ax22ssvr" hidden="false" closed="true" simplified="false" border="0 1 0" fill="0 1 0" mode="-11"
 points="2.41936 5.92526,
	2.40507 5.91097,
	2.41936 5.89668,
	2.43365 5.91097,
	"/>
<Contour name="d04ax22ssvr" hidden="false" closed="true" simplified="false" border="0 1 0" fill="0 1 0" mode="-11"
 points="2.38466 5.95996,
	2.37037 5.94567,
	2.38466 5.93138,
	2.39895 5.94567,
	"/>
<Contour name="d04ax22ssvr" hidden="false" closed="true" simplified="false" border="0 1 0" fill="0 1 0" mode="-11"
 points="2.48468 5.92934,
	2.47039 5.91505,
	2.48468 5.90077,
	2.49897 5.91505,
	"/>
<Contour name="d04ax22ssvr" hidden="false" closed="true" simplified="false" border="0 1 0" fill="0 1 0" mode="-11"
 points="2.53571 5.94159,
	2.52142 5.9273,
	2.53571 5.91301,
	2.55 5.9273,
	"/>
<Contour name="d04ax22ssvr" hidden="false" closed="true" simplified="false" border="0 1 0" fill="0 1 0" mode="-11"
 points="2.52142 5.88852,
	2.50713 5.87423,
	2.52142 5.85994,
	2.53571 5.87423,
	"/>
<Contour name="d04ax22ssvr" hidden="false" closed="true" simplified="false" border="0 1 0" fill="0 1 0" mode="-11"
 points="2.63981 5.90077,
	2.62552 5.88648,
	2.63981 5.87219,
	2.6541 5.88648,
	"/>
<Contour name="d04ax22ssvr" hidden="false" closed="true" simplified="false" border="0 1 0" fill="0 1 0" mode="-11"
 points="2.67859 5.97017,
	2.66431 5.95588,
	2.67859 5.94159,
	2.69288 5.95588,
	"/>
<Contour name="d04ax22ssvr" hidden="false" closed="true" simplified="false" border="0 1 0" fill="0 1 0" mode="-11"
 points="2.41936 5.99058,
	2.40507 5.97629,
	2.41936 5.962,
	2.43365 5.97629,
	"/>
<Contour name="d04ax22ssvr" hidden="false" closed="true" simplified="false" border="0 1 0" fill="0 1 0" mode="-11"
 points="2.74595 6.02324,
	2.73167 6.00895,
	2.74595 5.99466,
	2.76024 6.00895,
	"/>
<Contour name="d04ax22ssvr" hidden="false" closed="true" simplified="false" border="0 1 0" fill="0 1 0" mode="-11"
 points="2.1887 6.08652,
	2.17442 6.07223,
	2.1887 6.05794,
	2.20299 6.07223,
	"/>
</Transform>

<Transform dim="0"
 xcoef=" 0 1 0 0 0 0"
 ycoef=" 0 0 1 0 0 0">
<Contour name="d01ax19" hidden="false" closed="true" simplified="true" border="1 1 0" fill="1 1 0" mode="-11"
 points="4.24995 5.2702,
	4.27595 5.24746,
	4.29869 5.23121,
	4.31169 5.22146,
	4.32468 5.21821,
	4.33118 5.21172,
	4.38317 5.19872,
	4.43516 5.19872,
	4.44815 5.19222,
	4.45465 5.18572,
	4.48065 5.19547,
	4.4839 5.20197,
	4.50989 5.20847,
	4.52289 5.21497,
	4.52938 5.21497,
	4.54238 5.22471,
	4.54238 5.23121,
	4.51639 5.24421,
	4.4644 5.2572,
	4.43841 5.2637,
	4.42541 5.26695,
	4.37342 5.2962,
	4.37017 5.30269,
	4.36367 5.30269,
	4.33768 5.31894,
	4.31169 5.32219,
	4.28569 5.31894,
	4.2727 5.31894,
	4.24995 5.2962,
	4.24995 5.27345,
	"/>
</Transform>

<Transform dim="0"
 xcoef=" 0 1 0 0 0 0"
 ycoef=" 0 0 1 0 0 0">
<Contour name="d03ax10b" hidden="false" closed="true" simplified="true" border="0 1 1" fill="0 1 1" mode="11"
 points="3.04629 3.46743,
	3.05244 3.46128,
	3.10162 3.46128,
	3.15081 3.47972,
	3.24917 3.49817,
	3.34754 3.50739,
	3.39672 3.52276,
	3.40902 3.52276,
	3.42132 3.5289,
	3.4705 3.53813,
	3.49509 3.54735,
	3.50124 3.5535,
	3.51354 3.55657,
	3.52583 3.56579,
	3.53813 3.56887,
	3.58731 3.59653,
	3.59038 3.60268,
	3.59653 3.60268,
	3.60268 3.60883,
	3.62727 3.61805,
	3.63957 3.62112,
	3.64572 3.62727,
	3.74408 3.63342,
	3.79327 3.65494,
	3.81786 3.66723,
	3.86704 3.67953,
	3.89163 3.6826,
	3.90393 3.68568,
	3.91008 3.69182,
	3.95926 3.70719,
	3.98385 3.71642,
	3.99615 3.71949,
	4.00844 3.72871,
	4.05763 3.75023,
	4.07914 3.76253,
	4.10066 3.78097,
	4.10681 3.78712,
	4.11296 3.78712,
	4.12218 3.79634,
	4.14677 3.79941,
	4.15907 3.79941,
	4.20825 3.82093,
	4.30662 3.87934,
	4.31276 3.88548,
	4.32506 3.88856,
	4.33736 3.89778,
	4.38654 3.91315,
	4.39884 3.9193,
	4.42343 3.92237,
	4.44802 3.93159,
	4.47261 3.93467,
	4.52179 3.95619,
	4.5679 3.98385,
	4.59249 4.00229,
	4.60172 4.01459,
	4.60786 4.01766,
	4.60786 4.02381,
	4.61401 4.02996,
	4.61401 4.03611,
	4.6386 4.05455,
	4.6632 4.06377,
	4.71238 4.06685,
	4.72467 4.06685,
	4.73082 4.073,
	4.78001 4.09451,
	4.82919 4.10374,
	4.92756 4.14677,
	4.97367 4.17444,
	4.98596 4.18058,
	5.03514 4.18366,
	5.05974 4.18366,
	5.07203 4.18981,
	5.09662 4.19288,
	5.12122 4.2021,
	5.1704 4.20825,
	5.18269 4.2144,
	5.28106 4.23592,
	5.37943 4.24514,
	5.42861 4.26358,
	5.47472 4.29125,
	5.49931 4.30969,
	5.51468 4.33428,
	5.5239 4.34658,
	5.53005 4.37117,
	5.5362 4.37732,
	5.54542 4.39884,
	5.56694 4.41421,
	5.57616 4.42035,
	5.59461 4.44494,
	5.60383 4.46954,
	5.60998 4.48183,
	5.6069 4.50642,
	5.6069 4.51257,
	5.58538 4.53409,
	5.56079 4.54946,
	5.5485 4.55561,
	5.5239 4.55561,
	5.49931 4.54946,
	5.45013 4.54946,
	5.42554 4.54639,
	5.41324 4.54639,
	5.38865 4.53409,
	5.33947 4.52794,
	5.32717 4.52794,
	5.27799 4.50642,
	5.2534 4.49413,
	5.2411 4.49105,
	5.23803 4.48491,
	5.18884 4.46646,
	5.16425 4.45417,
	5.1581 4.45417,
	5.15503 4.44802,
	5.10585 4.42957,
	5.05666 4.40191,
	5.03207 4.39576,
	5.01977 4.38961,
	4.97981 4.34043,
	4.95215 4.29432,
	4.93985 4.28202,
	4.92448 4.25743,
	4.89989 4.24514,
	4.8753 4.24514,
	4.82612 4.25436,
	4.77693 4.25129,
	4.75234 4.24206,
	4.72775 4.22669,
	4.7216 4.22055,
	4.67242 4.19903,
	4.64783 4.19288,
	4.63553 4.18673,
	4.61094 4.19288,
	4.58635 4.19288,
	4.57405 4.19288,
	4.52487 4.16829,
	4.47568 4.13755,
	4.45109 4.12218,
	4.40498 4.10066,
	4.38039 4.09144,
	4.33121 4.06377,
	4.30662 4.05148,
	4.30047 4.05148,
	4.29432 4.04533,
	4.28202 4.04226,
	4.25743 4.02689,
	4.25129 4.02689,
	4.23899 4.01766,
	4.22669 4.01459,
	4.22055 4.00844,
	4.19595 3.99922,
	4.14984 3.96848,
	4.12525 3.95311,
	4.07607 3.93774,
	4.05148 3.93159,
	4.03918 3.93159,
	4.02689 3.92545,
	4.02074 3.92545,
	4.00844 3.91622,
	3.99615 3.91315,
	3.95004 3.87934,
	3.90085 3.85782,
	3.87626 3.8486,
	3.86397 3.8486,
	3.83937 3.8363,
	3.79327 3.79941,
	3.74716 3.76867,
	3.64879 3.7533,
	3.59961 3.75023,
	3.50124 3.75945,
	3.45206 3.75638,
	3.35369 3.74101,
	3.3291 3.73793,
	3.32295 3.73793,
	3.3168 3.73179,
	3.29221 3.72871,
	3.24303 3.71027,
	3.23073 3.70412,
	3.20921 3.67953,
	3.15696 3.58116,
	3.14466 3.55964,
	3.09855 3.52583,
	3.08625 3.52276,
	3.06166 3.50739,
	3.04937 3.49509,
	3.04629 3.4705,
	"/>
</Transform>

<Transform dim="0"
 xcoef=" 0 1 0 0 0 0"
 ycoef=" 0 0 1 0 0 0">
<Contour name="d04ax14" hidden="false" closed="true" simplified="true" border="0 1 1" fill="0 1 1" mode="-11"
 points="4.49481 5.15223,
	4.4977 5.14065,
	4.52956 5.0972,
	4.54404 5.07693,
	4.62803 5.01032,
	4.67437 4.98136,
	4.68595 4.97267,
	4.69754 4.96977,
	4.72071 4.95529,
	4.73229 4.94661,
	4.74388 4.94371,
	4.75546 4.93502,
	4.76704 4.93212,
	4.77284 4.92633,
	4.81918 4.91475,
	4.86551 4.91475,
	4.88868 4.91475,
	4.91185 4.90896,
	4.91764 4.90316,
	4.94081 4.89737,
	4.9524 4.89158,
	4.99874 4.88289,
	5.0219 4.87999,
	5.06824 4.88579,
	5.07983 4.88868,
	5.08562 4.89447,
	5.10879 4.90027,
	5.12037 4.90316,
	5.14065 4.92344,
	5.15223 4.92923,
	5.1725 4.9524,
	5.1754 4.96398,
	5.16961 4.98715,
	5.14934 5.00742,
	5.14065 5.01322,
	5.12617 5.03639,
	5.12037 5.04797,
	5.0972 5.06824,
	5.09141 5.06824,
	5.05376 5.10589,
	5.03059 5.12327,
	5.01901 5.12617,
	5.01032 5.13485,
	4.82497 5.19567,
	4.77863 5.20436,
	4.75546 5.20726,
	4.74388 5.21015,
	4.73808 5.21015,
	4.73229 5.21595,
	4.68595 5.22463,
	4.59328 5.22174,
	4.54694 5.21305,
	4.52377 5.20436,
	4.5035 5.18988,
	4.4977 5.18698,
	4.49481 5.16382,
	4.49481 5.15513,
	"/>
</Transform>

<Transform dim="0"
 xcoef=" 0 1 0 0 0 0"
 ycoef=" 0 0 1 0 0 0">
<Contour name="d01ax25" hidden="false" closed="true" simplified="true" border="1 0 1" fill="1 0 1" mode="11"
 points="5.88659 2.3715,
	5.89026 2.35684,
	5.91591 2.33118,
	5.97456 2.30552,
	6.00388 2.29086,
	6.06253 2.2762,
	6.09185 2.26887,
	6.1505 2.27253,
	6.17982 2.27986,
	6.20914 2.29452,
	6.23847 2.31652,
	6.23847 2.33118,
	6.23114 2.34584,
	6.20181 2.36417,
	6.14317 2.38249,
	6.02588 2.40449,
	5.96723 2.41548,
	5.93791 2.41548,
	5.90858 2.40815,
	5.89392 2.40082,
	5.88659 2.38616,
	5.88659 2.37516,
	"/>
</Transform>

</Section>