<?xml version="1.0"?>
<!DOCTYPE Section SYSTEM "section.dtd">

<Section index="113" thickness="0.0532092" alignLocked="true">
<Transform dim="0"
 xcoef=" 0 1 0 0 0 0"
 ycoef=" 0 0 1 0 0 0">
<Contour name="Ax01" hidden="false" closed="true" simplified="true" border="1 0.5 0" fill="1 0.5 0" mode="11"
 points="5.02728 2.18785,
	5.0329 2.17662,
	5.03009 2.08674,
	5.0329 2.07551,
	5.0666 2.03338,
	5.07222 2.01091,
	5.07222 1.98844,
	5.07503 1.97721,
	5.08345 1.96598,
	5.10592 1.95474,
	5.11154 1.95474,
	5.11435 1.94913,
	5.15928 1.9407,
	5.24916 1.94632,
	5.29409 1.96317,
	5.33903 1.96598,
	5.3615 1.96598,
	5.36712 1.96317,
	5.38958 1.97721,
	5.45418 2.06428,
	5.46261 2.07551,
	5.46541 2.09798,
	5.4598 2.12045,
	5.45699 2.13168,
	5.42048 2.171,
	5.41486 2.171,
	5.40924 2.17662,
	5.36431 2.19347,
	5.34184 2.2047,
	5.33622 2.2047,
	5.33341 2.21032,
	5.28848 2.22717,
	5.24354 2.22717,
	5.1986 2.2356,
	5.15367 2.25245,
	5.10873 2.24402,
	5.06379 2.24964,
	5.05256 2.24964,
	5.0329 2.22998,
	5.02728 2.21874,
	5.02728 2.19628,
	5.02728 2.19066,
	"/>
</Transform>

<Transform dim="0"
 xcoef=" 0 1 0 0 0 0"
 ycoef=" 0 0 1 0 0 0">
<Contour name="Ax03" hidden="false" closed="true" simplified="true" border="1 0 0.5" fill="1 0 0.5" mode="-11"
 points="2.84937 2.93951,
	2.86391 2.91915,
	2.87263 2.91334,
	2.89008 2.89008,
	2.93369 2.861,
	2.95695 2.84937,
	2.96277 2.84356,
	2.98603 2.83484,
	2.99766 2.83193,
	3.04418 2.83774,
	3.0907 2.85519,
	3.13431 2.87845,
	3.15757 2.88717,
	3.1692 2.89008,
	3.18083 2.8988,
	3.20409 2.90752,
	3.21281 2.91625,
	3.23608 2.92206,
	3.25934 2.9366,
	3.26515 2.94242,
	3.27097 2.96568,
	3.26515 2.98894,
	3.25352 3.00057,
	3.207 3.02092,
	3.18374 3.03255,
	3.16048 3.03836,
	3.06744 3.02964,
	2.9744 3.03255,
	2.92788 3.03255,
	2.90462 3.02964,
	2.88136 3.02092,
	2.86973 3.0151,
	2.85228 2.99184,
	2.84937 2.94532,
	2.84937 2.94242,
	"/>
</Transform>

<Transform dim="0"
 xcoef=" 0 1 0 0 0 0"
 ycoef=" 0 0 1 0 0 0">
<Contour name="Ax03B04ssrv3" hidden="false" closed="true" simplified="false" border="0.5 0 1" fill="0.5 0 1" mode="13"
 points="3.1403 2.98526,
	3.13102 2.98217,
	3.1403 2.97907,
	3.13411 2.96978,
	3.1434 2.97598,
	3.14649 2.96669,
	3.14959 2.97598,
	3.15888 2.96978,
	3.15269 2.97907,
	3.16197 2.98217,
	3.15269 2.98526,
	3.15888 2.99455,
	3.14959 2.98836,
	3.14649 2.99764,
	3.1434 2.98836,
	3.13411 2.99455,
	"/>
</Transform>

<Transform dim="0"
 xcoef=" 0 1 0 0 0 0"
 ycoef=" 0 0 1 0 0 0">
<Contour name="Ax04" hidden="false" closed="true" simplified="true" border="1 0 0" fill="1 0 0" mode="-11"
 points="4.23443 5.63915,
	4.24602 5.61598,
	4.26629 5.5986,
	4.28946 5.58702,
	4.3358 5.57253,
	4.35897 5.56964,
	4.40531 5.57253,
	4.4169 5.57543,
	4.42269 5.58122,
	4.43428 5.58412,
	4.44007 5.58412,
	4.44876 5.59281,
	4.45165 5.61598,
	4.4198 5.65942,
	4.33001 5.72604,
	4.30684 5.72604,
	4.29525 5.72604,
	4.27208 5.71156,
	4.23733 5.67101,
	4.23443 5.64784,
	4.23443 5.64205,
	"/>
</Transform>

<Transform dim="0"
 xcoef=" 0 1 0 0 0 0"
 ycoef=" 0 0 1 0 0 0">
<Contour name="Ax05" hidden="false" closed="true" simplified="true" border="1 1 0" fill="1 1 0" mode="-11"
 points="2.41636 5.63817,
	2.42952 5.61975,
	2.44795 5.60659,
	2.469 5.58816,
	2.49796 5.54605,
	2.53744 5.51709,
	2.54797 5.51446,
	2.5585 5.50656,
	2.60061 5.5013,
	2.62167 5.49867,
	2.64273 5.51183,
	2.65063 5.51709,
	2.66379 5.53815,
	2.66905 5.54341,
	2.66905 5.56447,
	2.65063 5.5829,
	2.60851 5.60395,
	2.59009 5.61712,
	2.58219 5.63817,
	2.56376 5.6566,
	2.5585 5.6566,
	2.55323 5.66186,
	2.51112 5.67239,
	2.469 5.67766,
	2.44795 5.67502,
	2.43742 5.67502,
	2.42689 5.66976,
	2.41899 5.65923,
	2.41636 5.64081,
	"/>
</Transform>

<Transform dim="0"
 xcoef=" 0 1 0 0 0 0"
 ycoef=" 0 0 1 0 0 0">
<Contour name="Ax06" hidden="false" closed="true" simplified="true" border="0 0 1" fill="0 0 1" mode="11"
 points="0.984877 4.00557,
	0.990882 3.99956,
	0.990882 3.99355,
	1.02992 3.95452,
	1.11099 3.86144,
	1.11699 3.86144,
	1.126 3.85243,
	1.15002 3.84342,
	1.17404 3.84342,
	1.18606 3.84342,
	1.27914 3.78337,
	1.32718 3.75034,
	1.33919 3.74433,
	1.3452 3.73833,
	1.3512 3.73833,
	1.35721 3.73232,
	1.40525 3.71431,
	1.42927 3.7023,
	1.43528 3.7023,
	1.44128 3.69629,
	1.48933 3.68728,
	1.51335 3.68128,
	1.56139 3.67827,
	1.5734 3.67227,
	1.66949 3.65726,
	1.69351 3.65425,
	1.70552 3.64524,
	1.72954 3.63624,
	1.77758 3.63924,
	1.78959 3.64224,
	1.81061 3.66326,
	1.83463 3.66026,
	1.85865 3.65125,
	1.88268 3.65125,
	1.9067 3.65726,
	1.93072 3.66927,
	1.94273 3.67227,
	1.96675 3.69329,
	2.01479 3.69929,
	2.03881 3.7023,
	2.05983 3.71731,
	2.07785 3.74133,
	2.08385 3.75034,
	2.1319 3.78036,
	2.14991 3.80138,
	2.15592 3.80739,
	2.14991 3.85543,
	2.14091 3.87945,
	2.12889 3.89146,
	2.10487 3.93951,
	2.09286 3.96353,
	2.08986 3.97554,
	2.08986 3.98154,
	2.06884 4.00256,
	2.04482 4.01457,
	1.94873 4.02959,
	1.90069 4.03259,
	1.85265 4.0416,
	1.82863 4.0476,
	1.81662 4.0476,
	1.80461 4.05361,
	1.75656 4.05661,
	1.70852 4.06562,
	1.66048 4.08664,
	1.63646 4.10165,
	1.61244 4.12267,
	1.57941 4.17071,
	1.53437 4.20074,
	1.48632 4.22476,
	1.4623 4.23377,
	1.4593 4.23977,
	1.36321 4.26079,
	1.26713 4.26079,
	1.21909 4.25779,
	1.19506 4.25779,
	1.17104 4.24878,
	1.14702 4.23077,
	1.13501 4.22476,
	1.129 4.22776,
	1.11699 4.22476,
	1.07195 4.19173,
	1.05394 4.17371,
	1.03292 4.14969,
	1.0059 4.10165,
	0.99989 4.07763,
	0.99989 4.07162,
	0.993885 4.06562,
	0.984877 4.01758,
	0.984877 4.00857,
	"/>
</Transform>

<Transform dim="0"
 xcoef=" 0 1 0 0 0 0"
 ycoef=" 0 0 1 0 0 0">
<Contour name="Ax06B03ssrv531" hidden="false" closed="true" simplified="false" border="0.5 0 1" fill="0.5 0 1" mode="13"
 points="1.99208 3.94816,
	1.98266 3.94502,
	1.99208 3.94188,
	1.9858 3.93245,
	1.99523 3.93873,
	1.99837 3.92931,
	2.00151 3.93873,
	2.01094 3.93245,
	2.00465 3.94188,
	2.01408 3.94502,
	2.00465 3.94816,
	2.01094 3.95759,
	2.00151 3.9513,
	1.99837 3.96073,
	1.99523 3.9513,
	1.9858 3.95759,
	"/>
<Contour name="Ax06B03ssrv532" hidden="false" closed="true" simplified="false" border="0.5 0 1" fill="0.5 0 1" mode="13"
 points="1.92295 3.83189,
	1.91352 3.82875,
	1.92295 3.82561,
	1.91666 3.81618,
	1.92609 3.82246,
	1.92923 3.81304,
	1.93238 3.82246,
	1.9418 3.81618,
	1.93552 3.82561,
	1.94495 3.82875,
	1.93552 3.83189,
	1.9418 3.84132,
	1.93238 3.83503,
	1.92923 3.84446,
	1.92609 3.83503,
	1.91666 3.84132,
	"/>
<Contour name="Ax06B03ssrv533" hidden="false" closed="true" simplified="false" border="0.5 0 1" fill="0.5 0 1" mode="13"
 points="1.8381 3.84132,
	1.82868 3.83818,
	1.8381 3.83503,
	1.83182 3.82561,
	1.84125 3.83189,
	1.84439 3.82246,
	1.84753 3.83189,
	1.85696 3.82561,
	1.85067 3.83503,
	1.8601 3.83818,
	1.85067 3.84132,
	1.85696 3.85075,
	1.84753 3.84446,
	1.84439 3.85389,
	1.84125 3.84446,
	1.83182 3.85075,
	"/>
<Contour name="Ax06B03ssrv534" hidden="false" closed="true" simplified="false" border="0.5 0 1" fill="0.5 0 1" mode="13"
 points="1.79097 3.88531,
	1.78154 3.88217,
	1.79097 3.87903,
	1.78468 3.8696,
	1.79411 3.87589,
	1.79725 3.86646,
	1.80039 3.87589,
	1.80982 3.8696,
	1.80354 3.87903,
	1.81296 3.88217,
	1.80354 3.88531,
	1.80982 3.89474,
	1.80039 3.88845,
	1.79725 3.89788,
	1.79411 3.88845,
	1.78468 3.89474,
	"/>
<Contour name="Ax06B03ssrv535" hidden="false" closed="true" simplified="false" border="0.5 0 1" fill="0.5 0 1" mode="13"
 points="1.79097 3.94816,
	1.78154 3.94502,
	1.79097 3.94188,
	1.78468 3.93245,
	1.79411 3.93873,
	1.79725 3.92931,
	1.80039 3.93873,
	1.80982 3.93245,
	1.80354 3.94188,
	1.81296 3.94502,
	1.80354 3.94816,
	1.80982 3.95759,
	1.80039 3.9513,
	1.79725 3.96073,
	1.79411 3.9513,
	1.78468 3.95759,
	"/>
<Contour name="Ax06B03ssrv536" hidden="false" closed="true" simplified="false" border="0.5 0 1" fill="0.5 0 1" mode="13"
 points="1.80982 4.00787,
	1.80039 4.00473,
	1.80982 4.00158,
	1.80354 3.99216,
	1.81296 3.99844,
	1.81611 3.98901,
	1.81925 3.99844,
	1.82868 3.99216,
	1.82239 4.00158,
	1.83182 4.00473,
	1.82239 4.00787,
	1.82868 4.01729,
	1.81925 4.01101,
	1.81611 4.02044,
	1.81296 4.01101,
	1.80354 4.01729,
	"/>
<Contour name="Ax06B03ssrv537" hidden="false" closed="true" simplified="false" border="0.5 0 1" fill="0.5 0 1" mode="13"
 points="1.7344 3.99216,
	1.72498 3.98901,
	1.7344 3.98587,
	1.72812 3.97644,
	1.73755 3.98273,
	1.74069 3.9733,
	1.74383 3.98273,
	1.75326 3.97644,
	1.74697 3.98587,
	1.7564 3.98901,
	1.74697 3.99216,
	1.75326 4.00158,
	1.74383 3.9953,
	1.74069 4.00473,
	1.73755 3.9953,
	1.72812 4.00158,
	"/>
<Contour name="Ax06B03ssrv538" hidden="false" closed="true" simplified="false" border="0.5 0 1" fill="0.5 0 1" mode="13"
 points="1.69355 4.02672,
	1.68412 4.02358,
	1.69355 4.02044,
	1.68727 4.01101,
	1.69669 4.01729,
	1.69984 4.00787,
	1.70298 4.01729,
	1.71241 4.01101,
	1.70612 4.02044,
	1.71555 4.02358,
	1.70612 4.02672,
	1.71241 4.03615,
	1.70298 4.02986,
	1.69984 4.03929,
	1.69669 4.02986,
	1.68727 4.03615,
	"/>
<Contour name="Ax06B03ssrv539" hidden="false" closed="true" simplified="false" border="0.5 0 1" fill="0.5 0 1" mode="13"
 points="1.10906 4.09271,
	1.09963 4.08957,
	1.10906 4.08643,
	1.10277 4.077,
	1.1122 4.08329,
	1.11534 4.07386,
	1.11848 4.08329,
	1.12791 4.077,
	1.12163 4.08643,
	1.13105 4.08957,
	1.12163 4.09271,
	1.12791 4.10214,
	1.11848 4.09586,
	1.11534 4.10528,
	1.1122 4.09586,
	1.10277 4.10214,
	"/>
<Contour name="Ax06B03ssrv540" hidden="false" closed="true" simplified="false" border="0.5 0 1" fill="0.5 0 1" mode="13"
 points="1.14362 4.03615,
	1.1342 4.03301,
	1.14362 4.02986,
	1.13734 4.02044,
	1.14677 4.02672,
	1.14991 4.01729,
	1.15305 4.02672,
	1.16248 4.02044,
	1.15619 4.02986,
	1.16562 4.03301,
	1.15619 4.03615,
	1.16248 4.04558,
	1.15305 4.03929,
	1.14991 4.04872,
	1.14677 4.03929,
	1.13734 4.04558,
	"/>
<Contour name="Ax06B03ssrv541" hidden="false" closed="true" simplified="false" border="0.5 0 1" fill="0.5 0 1" mode="13"
 points="1.10277 3.99216,
	1.09334 3.98901,
	1.10277 3.98587,
	1.09649 3.97644,
	1.10591 3.98273,
	1.10906 3.9733,
	1.1122 3.98273,
	1.12163 3.97644,
	1.11534 3.98587,
	1.12477 3.98901,
	1.11534 3.99216,
	1.12163 4.00158,
	1.1122 3.9953,
	1.10906 4.00473,
	1.10591 3.9953,
	1.09649 4.00158,
	"/>
<Contour name="Ax06B03ssrv542" hidden="false" closed="true" simplified="false" border="0.5 0 1" fill="0.5 0 1" mode="13"
 points="1.1342 3.95445,
	1.12477 3.9513,
	1.1342 3.94816,
	1.12791 3.93873,
	1.13734 3.94502,
	1.14048 3.93559,
	1.14362 3.94502,
	1.15305 3.93873,
	1.14677 3.94816,
	1.15619 3.9513,
	1.14677 3.95445,
	1.15305 3.96387,
	1.14362 3.95759,
	1.14048 3.96702,
	1.13734 3.95759,
	1.12791 3.96387,
	"/>
<Contour name="Ax06B03ssrv543" hidden="false" closed="true" simplified="false" border="0.5 0 1" fill="0.5 0 1" mode="13"
 points="1.19076 3.96073,
	1.18133 3.95759,
	1.19076 3.95445,
	1.18448 3.94502,
	1.1939 3.9513,
	1.19705 3.94188,
	1.20019 3.9513,
	1.20961 3.94502,
	1.20333 3.95445,
	1.21276 3.95759,
	1.20333 3.96073,
	1.20961 3.97016,
	1.20019 3.96387,
	1.19705 3.9733,
	1.1939 3.96387,
	1.18448 3.97016,
	"/>
<Contour name="Ax06B03ssrv544" hidden="false" closed="true" simplified="false" border="0.5 0 1" fill="0.5 0 1" mode="13"
 points="1.21904 3.92302,
	1.20961 3.91988,
	1.21904 3.91674,
	1.21276 3.90731,
	1.22218 3.91359,
	1.22533 3.90417,
	1.22847 3.91359,
	1.2379 3.90731,
	1.23161 3.91674,
	1.24104 3.91988,
	1.23161 3.92302,
	1.2379 3.93245,
	1.22847 3.92616,
	1.22533 3.93559,
	1.22218 3.92616,
	1.21276 3.93245,
	"/>
<Contour name="Ax06B03ssrv545" hidden="false" closed="true" simplified="false" border="0.5 0 1" fill="0.5 0 1" mode="13"
 points="1.20333 4.01101,
	1.1939 4.00787,
	1.20333 4.00473,
	1.19705 3.9953,
	1.20647 4.00158,
	1.20961 3.99216,
	1.21276 4.00158,
	1.22218 3.9953,
	1.2159 4.00473,
	1.22533 4.00787,
	1.2159 4.01101,
	1.22218 4.02044,
	1.21276 4.01415,
	1.20961 4.02358,
	1.20647 4.01415,
	1.19705 4.02044,
	"/>
<Contour name="Ax06B03ssrv546" hidden="false" closed="true" simplified="false" border="0.5 0 1" fill="0.5 0 1" mode="13"
 points="1.23475 4.09271,
	1.22533 4.08957,
	1.23475 4.08643,
	1.22847 4.077,
	1.2379 4.08329,
	1.24104 4.07386,
	1.24418 4.08329,
	1.25361 4.077,
	1.24732 4.08643,
	1.25675 4.08957,
	1.24732 4.09271,
	1.25361 4.10214,
	1.24418 4.09586,
	1.24104 4.10528,
	1.2379 4.09586,
	1.22847 4.10214,
	"/>
<Contour name="Ax06B03ssrv547" hidden="false" closed="true" simplified="false" border="0.5 0 1" fill="0.5 0 1" mode="13"
 points="1.40759 3.85703,
	1.39816 3.85389,
	1.40759 3.85075,
	1.4013 3.84132,
	1.41073 3.8476,
	1.41387 3.83818,
	1.41702 3.8476,
	1.42644 3.84132,
	1.42016 3.85075,
	1.42959 3.85389,
	1.42016 3.85703,
	1.42644 3.86646,
	1.41702 3.86017,
	1.41387 3.8696,
	1.41073 3.86017,
	1.4013 3.86646,
	"/>
<Contour name="Ax06B03ssrv548" hidden="false" closed="true" simplified="false" border="0.5 0 1" fill="0.5 0 1" mode="13"
 points="1.36359 3.95445,
	1.35417 3.9513,
	1.36359 3.94816,
	1.35731 3.93873,
	1.36674 3.94502,
	1.36988 3.93559,
	1.37302 3.94502,
	1.38245 3.93873,
	1.37616 3.94816,
	1.38559 3.9513,
	1.37616 3.95445,
	1.38245 3.96387,
	1.37302 3.95759,
	1.36988 3.96702,
	1.36674 3.95759,
	1.35731 3.96387,
	"/>
<Contour name="Ax06B03ssrv549" hidden="false" closed="true" simplified="false" border="0.5 0 1" fill="0.5 0 1" mode="13"
 points="1.53014 4.04243,
	1.52072 4.03929,
	1.53014 4.03615,
	1.52386 4.02672,
	1.53329 4.03301,
	1.53643 4.02358,
	1.53957 4.03301,
	1.549 4.02672,
	1.54271 4.03615,
	1.55214 4.03929,
	1.54271 4.04243,
	1.549 4.05186,
	1.53957 4.04558,
	1.53643 4.055,
	1.53329 4.04558,
	1.52386 4.05186,
	"/>
<Contour name="Ax06B03ssrv550" hidden="false" closed="true" simplified="false" border="0.5 0 1" fill="0.5 0 1" mode="13"
 points="1.45158 4.02986,
	1.44216 4.02672,
	1.45158 4.02358,
	1.4453 4.01415,
	1.45473 4.02044,
	1.45787 4.01101,
	1.46101 4.02044,
	1.47044 4.01415,
	1.46415 4.02358,
	1.47358 4.02672,
	1.46415 4.02986,
	1.47044 4.03929,
	1.46101 4.03301,
	1.45787 4.04243,
	1.45473 4.03301,
	1.4453 4.03929,
	"/>
<Contour name="Ax06B03ssrv551" hidden="false" closed="true" simplified="false" border="0.5 0 1" fill="0.5 0 1" mode="13"
 points="1.42959 3.98587,
	1.42016 3.98273,
	1.42959 3.97959,
	1.4233 3.97016,
	1.43273 3.97644,
	1.43587 3.96702,
	1.43901 3.97644,
	1.44844 3.97016,
	1.44216 3.97959,
	1.45158 3.98273,
	1.44216 3.98587,
	1.44844 3.9953,
	1.43901 3.98901,
	1.43587 3.99844,
	1.43273 3.98901,
	1.4233 3.9953,
	"/>
<Contour name="Ax06B03ssrv552" hidden="false" closed="true" simplified="false" border="0.5 0 1" fill="0.5 0 1" mode="13"
 points="1.43273 3.92302,
	1.4233 3.91988,
	1.43273 3.91674,
	1.42644 3.90731,
	1.43587 3.91359,
	1.43901 3.90417,
	1.44216 3.91359,
	1.45158 3.90731,
	1.4453 3.91674,
	1.45473 3.91988,
	1.4453 3.92302,
	1.45158 3.93245,
	1.44216 3.92616,
	1.43901 3.93559,
	1.43587 3.92616,
	1.42644 3.93245,
	"/>
<Contour name="Ax06B03ssrv553" hidden="false" closed="true" simplified="false" border="0.5 0 1" fill="0.5 0 1" mode="13"
 points="1.4673 3.88531,
	1.45787 3.88217,
	1.4673 3.87903,
	1.46101 3.8696,
	1.47044 3.87589,
	1.47358 3.86646,
	1.47672 3.87589,
	1.48615 3.8696,
	1.47987 3.87903,
	1.48929 3.88217,
	1.47987 3.88531,
	1.48615 3.89474,
	1.47672 3.88845,
	1.47358 3.89788,
	1.47044 3.88845,
	1.46101 3.89474,
	"/>
<Contour name="Ax06B03ssrv554" hidden="false" closed="true" simplified="false" border="0.5 0 1" fill="0.5 0 1" mode="13"
 points="1.43273 3.73762,
	1.4233 3.73448,
	1.43273 3.73133,
	1.42644 3.72191,
	1.43587 3.72819,
	1.43901 3.71876,
	1.44216 3.72819,
	1.45158 3.72191,
	1.4453 3.73133,
	1.45473 3.73448,
	1.4453 3.73762,
	1.45158 3.74704,
	1.44216 3.74076,
	1.43901 3.75019,
	1.43587 3.74076,
	1.42644 3.74704,
	"/>
<Contour name="Ax06B03ssrv555" hidden="false" closed="true" simplified="false" border="0.5 0 1" fill="0.5 0 1" mode="13"
 points="1.47358 3.78475,
	1.46415 3.78161,
	1.47358 3.77847,
	1.4673 3.76904,
	1.47672 3.77533,
	1.47987 3.7659,
	1.48301 3.77533,
	1.49243 3.76904,
	1.48615 3.77847,
	1.49558 3.78161,
	1.48615 3.78475,
	1.49243 3.79418,
	1.48301 3.7879,
	1.47987 3.79732,
	1.47672 3.7879,
	1.4673 3.79418,
	"/>
<Contour name="Ax06B03ssrv556" hidden="false" closed="true" simplified="false" border="0.5 0 1" fill="0.5 0 1" mode="13"
 points="1.48929 3.84446,
	1.47987 3.84132,
	1.48929 3.83818,
	1.48301 3.82875,
	1.49243 3.83503,
	1.49558 3.82561,
	1.49872 3.83503,
	1.50815 3.82875,
	1.50186 3.83818,
	1.51129 3.84132,
	1.50186 3.84446,
	1.50815 3.85389,
	1.49872 3.8476,
	1.49558 3.85703,
	1.49243 3.8476,
	1.48301 3.85389,
	"/>
<Contour name="Ax06B03ssrv557" hidden="false" closed="true" simplified="false" border="0.5 0 1" fill="0.5 0 1" mode="13"
 points="1.52072 3.89474,
	1.51129 3.8916,
	1.52072 3.88845,
	1.51443 3.87903,
	1.52386 3.88531,
	1.527 3.87589,
	1.53014 3.88531,
	1.53957 3.87903,
	1.53329 3.88845,
	1.54271 3.8916,
	1.53329 3.89474,
	1.53957 3.90417,
	1.53014 3.89788,
	1.527 3.90731,
	1.52386 3.89788,
	1.51443 3.90417,
	"/>
<Contour name="Ax06B03ssrv558" hidden="false" closed="true" simplified="false" border="0.5 0 1" fill="0.5 0 1" mode="13"
 points="1.48301 3.94188,
	1.47358 3.93873,
	1.48301 3.93559,
	1.47672 3.92616,
	1.48615 3.93245,
	1.48929 3.92302,
	1.49243 3.93245,
	1.50186 3.92616,
	1.49558 3.93559,
	1.505 3.93873,
	1.49558 3.94188,
	1.50186 3.9513,
	1.49243 3.94502,
	1.48929 3.95445,
	1.48615 3.94502,
	1.47672 3.9513,
	"/>
<Contour name="Ax06B03ssrv559" hidden="false" closed="true" simplified="false" border="0.5 0 1" fill="0.5 0 1" mode="13"
 points="1.51129 3.97016,
	1.50186 3.96702,
	1.51129 3.96387,
	1.505 3.95445,
	1.51443 3.96073,
	1.51757 3.9513,
	1.52072 3.96073,
	1.53014 3.95445,
	1.52386 3.96387,
	1.53329 3.96702,
	1.52386 3.97016,
	1.53014 3.97959,
	1.52072 3.9733,
	1.51757 3.98273,
	1.51443 3.9733,
	1.505 3.97959,
	"/>
<Contour name="Ax06B03ssrv560" hidden="false" closed="true" simplified="false" border="0.5 0 1" fill="0.5 0 1" mode="13"
 points="1.55528 3.92302,
	1.54586 3.91988,
	1.55528 3.91674,
	1.549 3.90731,
	1.55843 3.91359,
	1.56157 3.90417,
	1.56471 3.91359,
	1.57414 3.90731,
	1.56785 3.91674,
	1.57728 3.91988,
	1.56785 3.92302,
	1.57414 3.93245,
	1.56471 3.92616,
	1.56157 3.93559,
	1.55843 3.92616,
	1.549 3.93245,
	"/>
<Contour name="Ax06B03ssrv561" hidden="false" closed="true" simplified="false" border="0.5 0 1" fill="0.5 0 1" mode="13"
 points="1.58042 3.9953,
	1.571 3.99216,
	1.58042 3.98901,
	1.57414 3.97959,
	1.58357 3.98587,
	1.58671 3.97644,
	1.58985 3.98587,
	1.59928 3.97959,
	1.59299 3.98901,
	1.60242 3.99216,
	1.59299 3.9953,
	1.59928 4.00473,
	1.58985 3.99844,
	1.58671 4.00787,
	1.58357 3.99844,
	1.57414 4.00473,
	"/>
<Contour name="Ax06B03ssrv562" hidden="false" closed="true" simplified="false" border="0.5 0 1" fill="0.5 0 1" mode="13"
 points="1.60242 3.94502,
	1.59299 3.94188,
	1.60242 3.93873,
	1.59614 3.92931,
	1.60556 3.93559,
	1.60871 3.92616,
	1.61185 3.93559,
	1.62127 3.92931,
	1.61499 3.93873,
	1.62442 3.94188,
	1.61499 3.94502,
	1.62127 3.95445,
	1.61185 3.94816,
	1.60871 3.95759,
	1.60556 3.94816,
	1.59614 3.95445,
	"/>
<Contour name="Ax06B03ssrv563" hidden="false" closed="true" simplified="false" border="0.5 0 1" fill="0.5 0 1" mode="13"
 points="1.64641 3.97959,
	1.63699 3.97644,
	1.64641 3.9733,
	1.64013 3.96387,
	1.64956 3.97016,
	1.6527 3.96073,
	1.65584 3.97016,
	1.66527 3.96387,
	1.65898 3.9733,
	1.66841 3.97644,
	1.65898 3.97959,
	1.66527 3.98901,
	1.65584 3.98273,
	1.6527 3.99216,
	1.64956 3.98273,
	1.64013 3.98901,
	"/>
<Contour name="Ax06B03ssrv564" hidden="false" closed="true" simplified="false" border="0.5 0 1" fill="0.5 0 1" mode="13"
 points="1.68098 3.94188,
	1.67155 3.93873,
	1.68098 3.93559,
	1.6747 3.92616,
	1.68412 3.93245,
	1.68727 3.92302,
	1.69041 3.93245,
	1.69984 3.92616,
	1.69355 3.93559,
	1.70298 3.93873,
	1.69355 3.94188,
	1.69984 3.9513,
	1.69041 3.94502,
	1.68727 3.95445,
	1.68412 3.94502,
	1.6747 3.9513,
	"/>
<Contour name="Ax06B03ssrv565" hidden="false" closed="true" simplified="false" border="0.5 0 1" fill="0.5 0 1" mode="13"
 points="1.7344 3.90731,
	1.72498 3.90417,
	1.7344 3.90102,
	1.72812 3.8916,
	1.73755 3.89788,
	1.74069 3.88845,
	1.74383 3.89788,
	1.75326 3.8916,
	1.74697 3.90102,
	1.7564 3.90417,
	1.74697 3.90731,
	1.75326 3.91674,
	1.74383 3.91045,
	1.74069 3.91988,
	1.73755 3.91045,
	1.72812 3.91674,
	"/>
<Contour name="Ax06B03ssrv566" hidden="false" closed="true" simplified="false" border="0.5 0 1" fill="0.5 0 1" mode="13"
 points="1.6527 3.91359,
	1.64327 3.91045,
	1.6527 3.90731,
	1.64641 3.89788,
	1.65584 3.90417,
	1.65898 3.89474,
	1.66213 3.90417,
	1.67155 3.89788,
	1.66527 3.90731,
	1.6747 3.91045,
	1.66527 3.91359,
	1.67155 3.92302,
	1.66213 3.91674,
	1.65898 3.92616,
	1.65584 3.91674,
	1.64641 3.92302,
	"/>
<Contour name="Ax06B03ssrv567" hidden="false" closed="true" simplified="false" border="0.5 0 1" fill="0.5 0 1" mode="13"
 points="1.68727 3.87589,
	1.67784 3.87274,
	1.68727 3.8696,
	1.68098 3.86017,
	1.69041 3.86646,
	1.69355 3.85703,
	1.69669 3.86646,
	1.70612 3.86017,
	1.69984 3.8696,
	1.70926 3.87274,
	1.69984 3.87589,
	1.70612 3.88531,
	1.69669 3.87903,
	1.69355 3.88845,
	1.69041 3.87903,
	1.68098 3.88531,
	"/>
<Contour name="Ax06B03ssrv568" hidden="false" closed="true" simplified="false" border="0.5 0 1" fill="0.5 0 1" mode="13"
 points="1.74069 3.84132,
	1.73126 3.83818,
	1.74069 3.83503,
	1.7344 3.82561,
	1.74383 3.83189,
	1.74697 3.82246,
	1.75012 3.83189,
	1.75954 3.82561,
	1.75326 3.83503,
	1.76268 3.83818,
	1.75326 3.84132,
	1.75954 3.85075,
	1.75012 3.84446,
	1.74697 3.85389,
	1.74383 3.84446,
	1.7344 3.85075,
	"/>
<Contour name="Ax06B03ssrv569" hidden="false" closed="true" simplified="false" border="0.5 0 1" fill="0.5 0 1" mode="13"
 points="1.58671 3.91359,
	1.57728 3.91045,
	1.58671 3.90731,
	1.58042 3.89788,
	1.58985 3.90417,
	1.59299 3.89474,
	1.59614 3.90417,
	1.60556 3.89788,
	1.59928 3.90731,
	1.60871 3.91045,
	1.59928 3.91359,
	1.60556 3.92302,
	1.59614 3.91674,
	1.59299 3.92616,
	1.58985 3.91674,
	1.58042 3.92302,
	"/>
<Contour name="Ax06B03ssrv570" hidden="false" closed="true" simplified="false" border="0.5 0 1" fill="0.5 0 1" mode="13"
 points="1.63384 3.85703,
	1.62442 3.85389,
	1.63384 3.85075,
	1.62756 3.84132,
	1.63699 3.8476,
	1.64013 3.83818,
	1.64327 3.8476,
	1.6527 3.84132,
	1.64641 3.85075,
	1.65584 3.85389,
	1.64641 3.85703,
	1.6527 3.86646,
	1.64327 3.86017,
	1.64013 3.8696,
	1.63699 3.86017,
	1.62756 3.86646,
	"/>
<Contour name="Ax06B03ssrv571" hidden="false" closed="true" simplified="false" border="0.5 0 1" fill="0.5 0 1" mode="13"
 points="1.64013 3.81932,
	1.6307 3.81618,
	1.64013 3.81304,
	1.63384 3.80361,
	1.64327 3.80989,
	1.64641 3.80047,
	1.64956 3.80989,
	1.65898 3.80361,
	1.6527 3.81304,
	1.66213 3.81618,
	1.6527 3.81932,
	1.65898 3.82875,
	1.64956 3.82246,
	1.64641 3.83189,
	1.64327 3.82246,
	1.63384 3.82875,
	"/>
<Contour name="Ax06B03ssrv572" hidden="false" closed="true" simplified="false" border="0.5 0 1" fill="0.5 0 1" mode="13"
 points="1.57728 3.83503,
	1.56785 3.83189,
	1.57728 3.82875,
	1.571 3.81932,
	1.58042 3.82561,
	1.58357 3.81618,
	1.58671 3.82561,
	1.59614 3.81932,
	1.58985 3.82875,
	1.59928 3.83189,
	1.58985 3.83503,
	1.59614 3.84446,
	1.58671 3.83818,
	1.58357 3.8476,
	1.58042 3.83818,
	1.571 3.84446,
	"/>
</Transform>

<Transform dim="0"
 xcoef=" 0 1 0 0 0 0"
 ycoef=" 0 0 1 0 0 0">
<Contour name="d01ax25ssvr" hidden="false" closed="true" simplified="false" border="0.5 0 1" fill="0.5 0 1" mode="13"
 points="4.30819 2.88126,
	4.2972 2.8776,
	4.30819 2.87393,
	4.30086 2.86294,
	4.31186 2.87027,
	4.31553 2.85927,
	4.31919 2.87027,
	4.33019 2.86294,
	4.32286 2.87393,
	4.33385 2.8776,
	4.32286 2.88126,
	4.33019 2.89226,
	4.31919 2.88493,
	4.31553 2.89593,
	4.31186 2.88493,
	4.30086 2.89226,
	"/>
<Contour name="d01ax25ssvr" hidden="false" closed="true" simplified="false" border="0.5 0 1" fill="0.5 0 1" mode="13"
 points="4.24588 2.84461,
	4.23489 2.84095,
	4.24588 2.83728,
	4.23855 2.82628,
	4.24955 2.83361,
	4.25321 2.82262,
	4.25688 2.83361,
	4.26788 2.82628,
	4.26054 2.83728,
	4.27154 2.84095,
	4.26054 2.84461,
	4.26788 2.85561,
	4.25688 2.84828,
	4.25321 2.85927,
	4.24955 2.84828,
	4.23855 2.85561,
	"/>
<Contour name="d01ax25ssvr" hidden="false" closed="true" simplified="false" border="0.5 0 1" fill="0.5 0 1" mode="13"
 points="4.2862 2.96923,
	4.27521 2.96557,
	4.2862 2.9619,
	4.27887 2.95091,
	4.28987 2.95824,
	4.29353 2.94724,
	4.2972 2.95824,
	4.30819 2.95091,
	4.30086 2.9619,
	4.31186 2.96557,
	4.30086 2.96923,
	4.30819 2.98023,
	4.2972 2.9729,
	4.29353 2.98389,
	4.28987 2.9729,
	4.27887 2.98023,
	"/>
<Contour name="d01ax25ssvr" hidden="false" closed="true" simplified="false" border="0.5 0 1" fill="0.5 0 1" mode="13"
 points="4.2972 3.01688,
	4.2862 3.01322,
	4.2972 3.00955,
	4.28987 2.99856,
	4.30086 3.00589,
	4.30453 2.99489,
	4.30819 3.00589,
	4.31919 2.99856,
	4.31186 3.00955,
	4.32286 3.01322,
	4.31186 3.01688,
	4.31919 3.02788,
	4.30819 3.02055,
	4.30453 3.03154,
	4.30086 3.02055,
	4.28987 3.02788,
	"/>
<Contour name="d01ax25ssvr" hidden="false" closed="true" simplified="false" border="0.5 0 1" fill="0.5 0 1" mode="13"
 points="4.25688 3.04987,
	4.24588 3.04621,
	4.25688 3.04254,
	4.24955 3.03154,
	4.26054 3.03888,
	4.26421 3.02788,
	4.26788 3.03888,
	4.27887 3.03154,
	4.27154 3.04254,
	4.28254 3.04621,
	4.27154 3.04987,
	4.27887 3.06087,
	4.26788 3.05354,
	4.26421 3.06453,
	4.26054 3.05354,
	4.24955 3.06087,
	"/>
<Contour name="d01ax25ssvr" hidden="false" closed="true" simplified="false" border="0.5 0 1" fill="0.5 0 1" mode="13"
 points="4.13959 2.99489,
	4.12859 2.99123,
	4.13959 2.98756,
	4.13226 2.97656,
	4.14325 2.98389,
	4.14692 2.9729,
	4.15058 2.98389,
	4.16158 2.97656,
	4.15425 2.98756,
	4.16524 2.99123,
	4.15425 2.99489,
	4.16158 3.00589,
	4.15058 2.99856,
	4.14692 3.00955,
	4.14325 2.99856,
	4.13226 3.00589,
	"/>
<Contour name="d01ax25ssvr" hidden="false" closed="true" simplified="false" border="0.5 0 1" fill="0.5 0 1" mode="13"
 points="4.04429 3.01688,
	4.03329 3.01322,
	4.04429 3.00955,
	4.03696 2.99856,
	4.04795 3.00589,
	4.05162 2.99489,
	4.05528 3.00589,
	4.06628 2.99856,
	4.05895 3.00955,
	4.06994 3.01322,
	4.05895 3.01688,
	4.06628 3.02788,
	4.05528 3.02055,
	4.05162 3.03154,
	4.04795 3.02055,
	4.03696 3.02788,
	"/>
<Contour name="d01ax25ssvr" hidden="false" closed="true" simplified="false" border="0.5 0 1" fill="0.5 0 1" mode="13"
 points="3.98198 3.12684,
	3.97098 3.12318,
	3.98198 3.11951,
	3.97465 3.10852,
	3.98564 3.11585,
	3.98931 3.10485,
	3.99297 3.11585,
	4.00397 3.10852,
	3.99664 3.11951,
	4.00763 3.12318,
	3.99664 3.12684,
	4.00397 3.13784,
	3.99297 3.13051,
	3.98931 3.14151,
	3.98564 3.13051,
	3.97465 3.13784,
	"/>
<Contour name="d01ax25ssvr" hidden="false" closed="true" simplified="false" border="0.5 0 1" fill="0.5 0 1" mode="13"
 points="3.97831 3.07919,
	3.96731 3.07553,
	3.97831 3.07186,
	3.97098 3.06087,
	3.98198 3.0682,
	3.98564 3.0572,
	3.98931 3.0682,
	4.0003 3.06087,
	3.99297 3.07186,
	4.00397 3.07553,
	3.99297 3.07919,
	4.0003 3.09019,
	3.98931 3.08286,
	3.98564 3.09386,
	3.98198 3.08286,
	3.97098 3.09019,
	"/>
<Contour name="d01ax25ssvr" hidden="false" closed="true" simplified="false" border="0.5 0 1" fill="0.5 0 1" mode="13"
 points="3.97831 3.03521,
	3.96731 3.03154,
	3.97831 3.02788,
	3.97098 3.01688,
	3.98198 3.02421,
	3.98564 3.01322,
	3.98931 3.02421,
	4.0003 3.01688,
	3.99297 3.02788,
	4.00397 3.03154,
	3.99297 3.03521,
	4.0003 3.04621,
	3.98931 3.03888,
	3.98564 3.04987,
	3.98198 3.03888,
	3.97098 3.04621,
	"/>
<Contour name="d01ax25ssvr" hidden="false" closed="true" simplified="false" border="0.5 0 1" fill="0.5 0 1" mode="13"
 points="3.94532 2.95824,
	3.93433 2.95457,
	3.94532 2.95091,
	3.93799 2.93991,
	3.94899 2.94724,
	3.95265 2.93624,
	3.95632 2.94724,
	3.96731 2.93991,
	3.95998 2.95091,
	3.97098 2.95457,
	3.95998 2.95824,
	3.96731 2.96923,
	3.95632 2.9619,
	3.95265 2.9729,
	3.94899 2.9619,
	3.93799 2.96923,
	"/>
<Contour name="d01ax25ssvr" hidden="false" closed="true" simplified="false" border="0.5 0 1" fill="0.5 0 1" mode="13"
 points="3.88301 3.04621,
	3.87201 3.04254,
	3.88301 3.03888,
	3.87568 3.02788,
	3.88668 3.03521,
	3.89034 3.02421,
	3.89401 3.03521,
	3.905 3.02788,
	3.89767 3.03888,
	3.90867 3.04254,
	3.89767 3.04621,
	3.905 3.0572,
	3.89401 3.04987,
	3.89034 3.06087,
	3.88668 3.04987,
	3.87568 3.0572,
	"/>
<Contour name="d01ax25ssvr" hidden="false" closed="true" simplified="false" border="0.5 0 1" fill="0.5 0 1" mode="13"
 points="3.91233 3.10852,
	3.90134 3.10485,
	3.91233 3.10119,
	3.905 3.09019,
	3.916 3.09752,
	3.91966 3.08653,
	3.92333 3.09752,
	3.93433 3.09019,
	3.927 3.10119,
	3.93799 3.10485,
	3.927 3.10852,
	3.93433 3.11951,
	3.92333 3.11218,
	3.91966 3.12318,
	3.916 3.11218,
	3.905 3.11951,
	"/>
<Contour name="d01ax25ssvr" hidden="false" closed="true" simplified="false" border="0.5 0 1" fill="0.5 0 1" mode="13"
 points="3.90867 3.16716,
	3.89767 3.1635,
	3.90867 3.15983,
	3.90134 3.14884,
	3.91233 3.15617,
	3.916 3.14517,
	3.91966 3.15617,
	3.93066 3.14884,
	3.92333 3.15983,
	3.93433 3.1635,
	3.92333 3.16716,
	3.93066 3.17816,
	3.91966 3.17083,
	3.916 3.18182,
	3.91233 3.17083,
	3.90134 3.17816,
	"/>
</Transform>

<Transform dim="0"
 xcoef=" 0 1 0 0 0 0"
 ycoef=" 0 0 1 0 0 0">
<Contour name="Ax07B03ssdv1" hidden="false" closed="true" simplified="false" border="1 0.5 0" fill="1 0.5 0" mode="13"
 points="4.11393 3.10485,
	4.11393 3.09752,
	4.12126 3.09019,
	4.12859 3.09019,
	4.13592 3.09752,
	4.13592 3.10485,
	4.12859 3.11218,
	4.12126 3.11218,
	"/>
</Transform>

<Transform dim="0"
 xcoef=" 0 1 0 0 0 0"
 ycoef=" 0 0 1 0 0 0">
<Contour name="Ax08" hidden="false" closed="true" simplified="true" border="1 0 0" fill="1 0 0" mode="11"
 points="3.39911 5.0215,
	3.41347 5.00714,
	3.52833 4.95689,
	3.55704 4.94253,
	3.5714 4.93535,
	3.62883 4.93894,
	3.65754 4.94253,
	3.6719 4.94612,
	3.72933 4.92817,
	3.74369 4.93894,
	3.75446 4.96766,
	3.7724 4.99637,
	3.79753 5.01791,
	3.81189 5.02509,
	3.81548 5.02868,
	3.70062 5.12559,
	3.64319 5.16866,
	3.58576 5.20455,
	3.55704 5.20814,
	3.52833 5.20455,
	3.51397 5.20455,
	3.48885 5.17584,
	3.46372 5.11841,
	3.45295 5.08969,
	3.44218 5.07534,
	3.41347 5.05739,
	3.4027 5.04303,
	3.39911 5.02868,
	3.39911 5.02509,
	"/>
</Transform>

<Transform dim="0"
 xcoef=" 0 1 0 0 0 0"
 ycoef=" 0 0 1 0 0 0">
<Contour name="Ax09" hidden="false" closed="true" simplified="true" border="0 1 0" fill="0 1 0" mode="-11"
 points="1.29528 2.61259,
	1.3085 2.57735,
	1.33493 2.5421,
	1.40543 2.50245,
	1.47592 2.48042,
	1.51116 2.46721,
	1.51998 2.46721,
	1.55522 2.49805,
	1.56403 2.50686,
	1.56403 2.5421,
	1.55082 2.57735,
	1.51557 2.60378,
	1.49795 2.617,
	1.42745 2.63022,
	1.40983 2.63903,
	1.40102 2.63903,
	1.39661 2.64784,
	1.36137 2.66106,
	1.32612 2.66106,
	1.3085 2.65225,
	1.29528 2.63462,
	1.29528 2.617,
	"/>
</Transform>

<Transform dim="1"
 xcoef=" -0.48 1 0 0 0 0"
 ycoef=" 0.27 0 1 0 0 0">
<Contour name="Brick" hidden="false" closed="false" simplified="true" border="1 0 0" fill="1 0 1" mode="9"
 points="1.77971 8.44769,
	1.77971 6.69769,
	1.77971 3.19769,
	5.27971 3.19769,
	5.27971 1.44769,
	"/>
<Contour name="Brick" hidden="false" closed="false" simplified="true" border="0 1 0" fill="1 0 1" mode="9"
 points="1.77971 6.69769,
	5.27971 6.69769,
	5.27971 3.19769,
	"/>
</Transform>

<Transform dim="0"
 xcoef=" 0 1 0 0 0 0"
 ycoef=" 0 0 1 0 0 0">
<Contour name="Brax50" hidden="false" closed="true" simplified="false" border="0 1 1" fill="0 1 1" mode="-13"
 points="4.90371 6.25135,
	4.92157 6.2335,
	4.85014 6.16207,
	4.868 6.14421,
	4.93943 6.21564,
	4.95728 6.19778,
	4.95728 6.25135,
	"/>
</Transform>

<Transform dim="0"
 xcoef=" 0 1 0 0 0 0"
 ycoef=" 0 0 1 0 0 0">
<Contour name="Brax60" hidden="false" closed="true" simplified="false" border="0 1 1" fill="0 1 1" mode="-13"
 points="4.60015 6.46563,
	4.61801 6.44777,
	4.54658 6.37635,
	4.56444 6.35849,
	4.63586 6.42992,
	4.65372 6.41206,
	4.65372 6.46563,
	"/>
</Transform>

<Transform dim="0"
 xcoef=" 0 1 0 0 0 0"
 ycoef=" 0 0 1 0 0 0">
<Contour name="Brax52" hidden="false" closed="true" simplified="false" border="0.5 0 1" fill="0.5 0 1" mode="-13"
 points="6.85901 4.55051,
	6.84562 4.54605,
	6.85901 4.54158,
	6.85008 4.52819,
	6.86348 4.53712,
	6.86794 4.52372,
	6.8724 4.53712,
	6.8858 4.52819,
	6.87687 4.54158,
	6.89026 4.54605,
	6.87687 4.55051,
	6.8858 4.5639,
	6.8724 4.55497,
	6.86794 4.56837,
	6.86348 4.55497,
	6.85008 4.5639,
	"/>
</Transform>

<Transform dim="0"
 xcoef=" 0 1 0 0 0 0"
 ycoef=" 0 0 1 0 0 0">
<Contour name="Brax71" hidden="false" closed="true" simplified="false" border="1 0.5 0" fill="1 0.5 0" mode="-13"
 points="6.1135 5.2112,
	6.1135 5.20228,
	6.12243 5.19335,
	6.13136 5.19335,
	6.14028 5.20228,
	6.14028 5.2112,
	6.13136 5.22013,
	6.12243 5.22013,
	"/>
</Transform>

<Transform dim="0"
 xcoef=" 0 1 0 0 0 0"
 ycoef=" 0 0 1 0 0 0">
<Contour name="Brax63" hidden="false" closed="true" simplified="false" border="1 0 0.5" fill="1 0 0.5" mode="-13"
 points="4.77872 4.76925,
	4.83229 4.76925,
	4.8055 4.81836,
	"/>
</Transform>

<Transform dim="0"
 xcoef=" 0 1 0 0 0 0"
 ycoef=" 0 0 1 0 0 0">
<Contour name="Brax66" hidden="false" closed="true" simplified="false" border="0 0 1" fill="0 0 1" mode="-13"
 points="5.81886 5.91654,
	5.78762 5.88529,
	5.81886 5.85404,
	5.85011 5.88529,
	"/>
</Transform>

<Transform dim="0"
 xcoef=" 0 1 0 0 0 0"
 ycoef=" 0 0 1 0 0 0">
<Contour name="Brax67" hidden="false" closed="true" simplified="false" border="1 0 1" fill="1 0 1" mode="-13"
 points="3.37697 6.75134,
	3.37697 6.73348,
	3.39483 6.71562,
	3.41269 6.71562,
	3.43054 6.73348,
	3.43054 6.75134,
	3.41269 6.76919,
	3.39483 6.76919,
	"/>
</Transform>

<Transform dim="0"
 xcoef=" 0 1 0 0 0 0"
 ycoef=" 0 0 1 0 0 0">
<Contour name="Brax70" hidden="false" closed="true" simplified="false" border="0 1 1" fill="0 1 1" mode="-13"
 points="5.6403 4.05945,
	5.65816 4.0416,
	5.58673 3.97017,
	5.60459 3.95231,
	5.67601 4.02374,
	5.69387 4.00588,
	5.69387 4.05945,
	"/>
</Transform>

<Transform dim="0"
 xcoef=" 0 1 0 0 0 0"
 ycoef=" 0 0 1 0 0 0">
<Contour name="Brax72" hidden="false" closed="true" simplified="false" border="0.5 0 1" fill="0.5 0 1" mode="-13"
 points="5.78773 4.71602,
	5.77515 4.71182,
	5.78773 4.70763,
	5.77934 4.69506,
	5.79192 4.70344,
	5.79611 4.69086,
	5.8003 4.70344,
	5.81288 4.69506,
	5.80449 4.70763,
	5.81707 4.71182,
	5.80449 4.71602,
	5.81288 4.72859,
	5.8003 4.72021,
	5.79611 4.73278,
	5.79192 4.72021,
	5.77934 4.72859,
	"/>
</Transform>

<Transform dim="0"
 xcoef=" 0 1 0 0 0 0"
 ycoef=" 0 0 1 0 0 0">
<Contour name="Brax73" hidden="false" closed="true" simplified="false" border="1 0 0.5" fill="1 0 0.5" mode="-13"
 points="4.78582 4.29681,
	4.83612 4.29681,
	4.81097 4.34292,
	"/>
</Transform>

<Transform dim="0"
 xcoef=" 0 1 0 0 0 0"
 ycoef=" 0 0 1 0 0 0">
<Contour name="Brax74" hidden="false" closed="true" simplified="false" border="1 0 0" fill="1 0 0" mode="-13"
 points="4.29116 4.62379,
	4.31212 4.59445,
	4.29116 4.5651,
	4.30373 4.5651,
	4.3205 4.59025,
	4.33727 4.5651,
	4.34984 4.5651,
	4.32888 4.59445,
	4.34984 4.62379,
	4.33727 4.62379,
	4.3205 4.59864,
	4.30373 4.62379,
	"/>
</Transform>

<Transform dim="0"
 xcoef=" 0 1 0 0 0 0"
 ycoef=" 0 0 1 0 0 0">
<Contour name="Brax75" hidden="false" closed="true" simplified="false" border="1 1 0" fill="1 1 0" mode="-13"
 points="3.19283 3.65961,
	3.19283 3.59254,
	3.12576 3.59254,
	3.12576 3.65123,
	3.11737 3.65961,
	3.11737 3.58416,
	3.20122 3.58416,
	3.20122 3.668,
	3.11737 3.668,
	3.12576 3.65961,
	"/>
</Transform>

<Transform dim="0"
 xcoef=" 0 1 0 0 0 0"
 ycoef=" 0 0 1 0 0 0">
<Contour name="Brax76" hidden="false" closed="true" simplified="false" border="0 0 1" fill="0 0 1" mode="-13"
 points="3.08803 5.24841,
	3.05869 5.21907,
	3.08803 5.18972,
	3.11737 5.21907,
	"/>
</Transform>

<Transform dim="0"
 xcoef=" 0 1 0 0 0 0"
 ycoef=" 0 0 1 0 0 0">
<Contour name="Brax77" hidden="false" closed="true" simplified="false" border="1 0 1" fill="1 0 1" mode="-13"
 points="3.85099 4.46449,
	3.85099 4.44772,
	3.86776 4.43096,
	3.88452 4.43096,
	3.90129 4.44772,
	3.90129 4.46449,
	3.88452 4.48126,
	3.86776 4.48126,
	"/>
</Transform>

<Transform dim="0"
 xcoef=" 0 1 0 0 0 0"
 ycoef=" 0 0 1 0 0 0">
<Contour name="Brax79" hidden="false" closed="true" simplified="false" border="0 1 0" fill="0 1 0" mode="-13"
 points="4.87805 3.65123,
	4.87805 3.61769,
	4.91158 3.61769,
	4.91158 3.58416,
	4.94512 3.58416,
	4.94512 3.61769,
	4.97866 3.61769,
	4.97866 3.65123,
	4.94512 3.65123,
	4.94512 3.68477,
	4.91158 3.68477,
	4.91158 3.65123,
	"/>
</Transform>

<Transform dim="0"
 xcoef=" 0 1 0 0 0 0"
 ycoef=" 0 0 1 0 0 0">
<Contour name="Brax82" hidden="false" closed="true" simplified="false" border="0.5 0 1" fill="0.5 0 1" mode="-13"
 points="3.89291 6.80786,
	3.88033 6.80367,
	3.89291 6.79948,
	3.88452 6.7869,
	3.8971 6.79528,
	3.90129 6.78271,
	3.90548 6.79528,
	3.91806 6.7869,
	3.90968 6.79948,
	3.92225 6.80367,
	3.90968 6.80786,
	3.91806 6.82044,
	3.90548 6.81205,
	3.90129 6.82463,
	3.8971 6.81205,
	3.88452 6.82044,
	"/>
</Transform>

<Transform dim="0"
 xcoef=" 0 1 0 0 0 0"
 ycoef=" 0 0 1 0 0 0">
<Contour name="Brax87" hidden="false" closed="true" simplified="false" border="1 0 1" fill="1 0 1" mode="-13"
 points="5.75838 4.9382,
	5.75838 4.92143,
	5.77515 4.90466,
	5.79192 4.90466,
	5.80869 4.92143,
	5.80869 4.9382,
	5.79192 4.95496,
	5.77515 4.95496,
	"/>
</Transform>

<Transform dim="0"
 xcoef=" 0 1 0 0 0 0"
 ycoef=" 0 0 1 0 0 0">
<Contour name="d01" hidden="false" closed="true" simplified="true" border="1 0.5 0" fill="1 0.5 0" mode="9"
 points="3.91361 3.26433,
	3.92644 3.24637,
	3.96493 3.22071,
	3.9752 3.21814,
	3.98546 3.21044,
	3.99573 3.20788,
	4.01369 3.19504,
	4.02396 3.18734,
	4.10608 3.15912,
	4.14714 3.15398,
	4.16767 3.15142,
	4.17794 3.14628,
	4.26006 3.12832,
	4.30112 3.11292,
	4.34218 3.10522,
	4.36271 3.11036,
	4.38324 3.12319,
	4.38837 3.14372,
	4.38837 3.18478,
	4.38837 3.20531,
	4.39351 3.22584,
	4.39351 3.24637,
	4.38837 3.25663,
	4.38581 3.27717,
	4.37298 3.2977,
	4.36271 3.30796,
	4.35244 3.31309,
	4.34731 3.31309,
	4.32935 3.32849,
	4.31652 3.34902,
	4.30882 3.35929,
	4.26776 3.38238,
	4.2267 3.39265,
	4.14457 3.39778,
	4.10351 3.39778,
	4.08298 3.39778,
	4.04192 3.38495,
	4.02139 3.37982,
	4.00086 3.37982,
	3.98033 3.37468,
	3.97007 3.36955,
	3.9598 3.35929,
	3.93927 3.31823,
	3.92901 3.30026,
	3.91874 3.29256,
	3.91361 3.2823,
	3.91361 3.27203,
	3.91361 3.2669,
	"/>
<Contour name="d01" hidden="false" closed="true" simplified="true" border="1 0.5 0" fill="1 0.5 0" mode="9"
 points="3.28486 3.94697,
	3.2977 3.92901,
	3.33362 3.90334,
	3.34389 3.89564,
	3.35415 3.89308,
	3.35929 3.88794,
	3.40035 3.87255,
	3.42088 3.86485,
	3.43114 3.86228,
	3.45167 3.84688,
	3.46707 3.83149,
	3.48504 3.81096,
	3.49787 3.79556,
	3.53636 3.76989,
	3.54919 3.74936,
	3.54919 3.74423,
	3.55433 3.7391,
	3.55946 3.7391,
	3.56972 3.7314,
	3.57999 3.72883,
	3.59025 3.72114,
	3.60052 3.71857,
	3.61078 3.71087,
	3.65184 3.69291,
	3.72627 3.63901,
	3.7468 3.62618,
	3.78529 3.61078,
	3.79043 3.60565,
	3.83149 3.59282,
	3.91361 3.55433,
	3.95467 3.54149,
	4.03679 3.52866,
	4.11891 3.52353,
	4.12918 3.52353,
	4.17024 3.54149,
	4.24723 3.59282,
	4.28315 3.62105,
	4.29342 3.62618,
	4.33448 3.63131,
	4.35501 3.63645,
	4.36528 3.64415,
	4.4474 3.67751,
	4.45766 3.68264,
	4.4628 3.68777,
	4.46793 3.68777,
	4.47819 3.69547,
	4.49103 3.73653,
	4.49359 3.7468,
	4.53465 3.76733,
	4.55262 3.78016,
	4.54492 3.82122,
	4.54748 3.84175,
	4.53978 3.86228,
	4.53465 3.87255,
	4.53722 3.89308,
	4.53465 3.91361,
	4.52952 3.92387,
	4.51925 3.93157,
	4.47819 3.9367,
	4.45766 3.9367,
	4.45253 3.94184,
	4.432 3.94954,
	4.41404 3.96237,
	4.40377 3.9675,
	4.38324 3.98546,
	4.36271 3.9983,
	4.34218 4.00086,
	4.30112 3.9983,
	4.28059 3.9983,
	4.23953 4.00856,
	4.22926 4.01113,
	4.22413 4.01626,
	4.18307 4.02909,
	4.01883 4.05732,
	3.9367 4.05989,
	3.91617 4.07015,
	3.91104 4.07015,
	3.90591 4.07528,
	3.88538 4.08298,
	3.87511 4.09068,
	3.86485 4.09325,
	3.85972 4.09838,
	3.81865 4.10608,
	3.77759 4.10608,
	3.75706 4.10351,
	3.716 4.08555,
	3.69547 4.07272,
	3.68521 4.07015,
	3.68264 4.06502,
	3.64158 4.04706,
	3.62105 4.03679,
	3.60309 4.01883,
	3.59539 4.00856,
	3.59025 3.9675,
	3.57486 3.94697,
	3.57229 3.9367,
	3.55433 3.91874,
	3.54406 3.91361,
	3.53893 3.91361,
	3.5338 3.90847,
	3.49273 3.91361,
	3.41061 3.94184,
	3.39008 3.94954,
	3.34902 3.9752,
	3.32849 3.9829,
	3.30796 3.9829,
	3.30283 3.9829,
	3.28486 3.96493,
	3.28486 3.95467,
	3.28486 3.94954,
	"/>
</Transform>

<Transform dim="0"
 xcoef=" 0 1 0 0 0 0"
 ycoef=" 0 0 1 0 0 0">
<Contour name="Ax07B03c01" hidden="false" closed="true" simplified="true" border="0 1 0" fill="0 1 0" mode="-9"
 points="4.06857 3.16322,
	4.0759 3.15589,
	4.08323 3.15589,
	4.09056 3.14856,
	4.1492 3.14123,
	4.16387 3.1339,
	4.19319 3.1339,
	4.20785 3.14123,
	4.21152 3.14856,
	4.18586 3.17055,
	4.1712 3.18154,
	4.11255 3.19254,
	4.08323 3.19254,
	4.06857 3.18154,
	4.06857 3.16688,
	"/>
<Contour name="Ax07B03cfa01" hidden="false" closed="false" simplified="false" border="0 1 1" fill="0 1 1" mode="9"
 points="4.07728 3.17449,
	4.13959 3.15617,
	4.19457 3.13784,
	"/>
</Transform>

<Transform dim="0"
 xcoef=" 0 1 0 0 0 0"
 ycoef=" 0 0 1 0 0 0">
<Contour name="d01cfa25" hidden="false" closed="false" simplified="false" border="0 1 1" fill="0 1 1" mode="9"
 points="4.06728 3.18449,
	4.12959 3.16617,
	4.18457 3.14784,
	"/>
</Transform>

<Transform dim="0"
 xcoef=" 0 1 0 0 0 0"
 ycoef=" 0 0 1 0 0 0">
<Contour name="d03" hidden="false" closed="true" simplified="true" border="1 0 0.5" fill="1 0 0.5" mode="9"
 points="6.07789 4.92746,
	6.08669 4.91572,
	6.11017 4.90692,
	6.15713 4.89811,
	6.16887 4.89224,
	6.19234 4.86877,
	6.20115 4.84529,
	6.20702 4.83355,
	6.2305 4.81301,
	6.24223 4.80127,
	6.33615 4.76312,
	6.34789 4.75431,
	6.35962 4.75138,
	6.37136 4.74257,
	6.3831 4.73964,
	6.40658 4.72496,
	6.50049 4.68681,
	6.54745 4.6604,
	6.57093 4.64279,
	6.61788 4.62225,
	6.66484 4.62518,
	6.68832 4.62812,
	6.70006 4.63399,
	6.74701 4.63986,
	6.75875 4.63986,
	6.77049 4.64573,
	6.8644 4.64866,
	6.95832 4.67214,
	7.00527 4.67801,
	7.05223 4.67507,
	7.09918 4.65453,
	7.12266 4.63986,
	7.14614 4.63105,
	7.15788 4.62812,
	7.16962 4.61931,
	7.1931 4.61051,
	7.19897 4.60464,
	7.21071 4.6017,
	7.22244 4.5929,
	7.24592 4.5841,
	7.29288 4.57823,
	7.31636 4.57529,
	7.33983 4.56649,
	7.36331 4.54301,
	7.38679 4.52833,
	7.3956 4.51953,
	7.3956 4.50779,
	7.41027 4.48431,
	7.45723 4.43736,
	7.4807 4.41681,
	7.50418 4.40214,
	7.55114 4.35812,
	7.59809 4.31997,
	7.62157 4.30529,
	7.62451 4.30236,
	7.63625 4.32584,
	7.63331 4.34931,
	7.59516 4.44323,
	7.58342 4.4667,
	7.55994 4.49018,
	7.5482 4.49899,
	7.53646 4.52247,
	7.53353 4.5342,
	7.51592 4.55768,
	7.50712 4.56942,
	7.48364 4.58116,
	7.47777 4.58116,
	7.4719 4.60464,
	7.46603 4.61638,
	7.44255 4.63692,
	7.3956 4.66627,
	7.37212 4.68094,
	7.36038 4.68681,
	7.31342 4.68388,
	7.28994 4.68388,
	7.24299 4.67214,
	7.21951 4.68094,
	7.17255 4.71029,
	7.14908 4.71616,
	7.1256 4.73377,
	7.11973 4.74551,
	7.12853 4.76898,
	7.15201 4.78366,
	7.16375 4.78659,
	7.18723 4.80127,
	7.19897 4.8042,
	7.22244 4.82181,
	7.23418 4.83061,
	7.23712 4.84235,
	7.24299 4.84822,
	7.24299 4.8717,
	7.23712 4.88344,
	7.22538 4.89518,
	7.13147 4.92746,
	7.1256 4.92746,
	7.10212 4.94214,
	7.05516 4.96268,
	7.04342 4.96561,
	7.03168 4.97442,
	7.00821 4.98322,
	6.99647 4.98616,
	6.98473 4.99496,
	6.96125 5.00377,
	6.91429 5.03018,
	6.90256 5.03605,
	6.89669 5.03605,
	6.88495 5.04485,
	6.86147 5.04779,
	6.84973 5.05659,
	6.82625 5.05953,
	6.81451 5.06833,
	6.80277 5.07127,
	6.7793 5.08594,
	6.73234 5.10355,
	6.70886 5.10648,
	6.68538 5.11529,
	6.59147 5.12996,
	6.49756 5.1329,
	6.4506 5.12703,
	6.42712 5.11235,
	6.40365 5.10648,
	6.39191 5.10061,
	6.34495 5.10942,
	6.32147 5.11529,
	6.27452 5.11529,
	6.25104 5.11235,
	6.2393 5.10648,
	6.23343 5.10648,
	6.22169 5.09474,
	6.20702 5.07127,
	6.20115 5.04779,
	6.19234 5.03605,
	6.18941 5.02431,
	6.16887 5.0067,
	6.12191 4.99203,
	6.09843 4.97735,
	6.08669 4.96561,
	6.08082 4.95974,
	6.07789 4.93627,
	6.07789 4.9304,
	"/>
</Transform>

<Transform dim="0"
 xcoef=" 0 1 0 0 0 0"
 ycoef=" 0 0 1 0 0 0">
<Contour name="d03p15" hidden="false" closed="true" simplified="false" border="1 1 0" fill="1 1 0" mode="-13"
 points="7.04817 4.76557,
	7.04817 4.71862,
	7.00121 4.71862,
	7.00121 4.7597,
	6.99534 4.76557,
	6.99534 4.71275,
	7.05404 4.71275,
	7.05404 4.77144,
	6.99534 4.77144,
	7.00121 4.76557,
	"/>
</Transform>

<Transform dim="0"
 xcoef=" 0 1 0 0 0 0"
 ycoef=" 0 0 1 0 0 0">
<Contour name="d04" hidden="false" closed="true" simplified="true" border="1 0 0" fill="1 0 0" mode="9"
 points="2.87203 6.30895,
	2.8879 6.28356,
	2.9355 6.24231,
	2.95454 6.21692,
	2.97993 6.2074,
	3.08148 6.20105,
	3.18304 6.18836,
	3.23381 6.18836,
	3.33537 6.17884,
	3.38614 6.17884,
	3.43692 6.18836,
	3.48769 6.19153,
	3.51308 6.1947,
	3.51943 6.20105,
	3.53212 6.20423,
	3.57338 6.24865,
	3.59877 6.26452,
	3.61781 6.28356,
	3.62733 6.30895,
	3.6305 6.35973,
	3.61781 6.38512,
	3.60511 6.43589,
	3.58925 6.45176,
	3.5829 6.45176,
	3.57021 6.46128,
	3.54482 6.46445,
	3.53212 6.4708,
	3.48135 6.48032,
	3.45596 6.48667,
	3.44327 6.49619,
	3.39249 6.51206,
	3.3671 6.52158,
	3.35441 6.52792,
	3.34806 6.52792,
	3.34489 6.53427,
	3.29411 6.55331,
	3.24333 6.5787,
	3.21795 6.58187,
	3.20525 6.58187,
	3.17986 6.56918,
	3.15448 6.54379,
	3.13543 6.52158,
	3.12909 6.50888,
	3.13226 6.48349,
	3.14813 6.43272,
	3.15448 6.42002,
	3.14496 6.39464,
	3.11957 6.37877,
	3.06879 6.3629,
	3.01801 6.35338,
	2.96724 6.36925,
	2.95454 6.37242,
	2.9482 6.37877,
	2.92281 6.38194,
	2.91011 6.38194,
	2.88473 6.36925,
	2.87203 6.34386,
	2.87203 6.31847,
	2.87203 6.31212,
	"/>
<Contour name="d04" hidden="false" closed="true" simplified="true" border="1 0 0" fill="1 0 0" mode="9"
 points="3.12591 5.87101,
	3.13226 5.82023,
	3.13861 5.79484,
	3.1513 5.76945,
	3.17352 5.75041,
	3.1989 5.74089,
	3.2116 5.73454,
	3.23699 5.73772,
	3.26238 5.75676,
	3.27824 5.78215,
	3.28776 5.80754,
	3.32585 5.85514,
	3.35123 5.86783,
	3.36393 5.87418,
	3.38932 5.87101,
	3.40201 5.86466,
	3.4274 5.83927,
	3.44009 5.82658,
	3.45279 5.80119,
	3.45913 5.7758,
	3.45913 5.75041,
	3.44961 5.7282,
	3.44327 5.7155,
	3.43692 5.71233,
	3.43692 5.70598,
	3.43057 5.69964,
	3.4274 5.67425,
	3.43057 5.66155,
	3.44327 5.64886,
	3.49404 5.63299,
	3.59559 5.61712,
	3.64637 5.60443,
	3.74792 5.58856,
	3.7987 5.58856,
	3.82409 5.59174,
	3.83678 5.59491,
	3.84313 5.60126,
	3.85582 5.60443,
	3.86852 5.61395,
	3.88121 5.61712,
	3.8939 5.62665,
	3.94468 5.64569,
	3.99546 5.65203,
	4.02085 5.65521,
	4.04623 5.65203,
	4.09701 5.65521,
	4.1224 5.65838,
	4.13509 5.66155,
	4.15096 5.68694,
	4.16365 5.69964,
	4.18904 5.7155,
	4.21443 5.72502,
	4.23982 5.74089,
	4.26521 5.75041,
	4.29059 5.76628,
	4.30329 5.77263,
	4.30964 5.77897,
	4.31598 5.77897,
	4.32233 5.78532,
	4.32868 5.78532,
	4.3382 5.79484,
	4.38897 5.80754,
	4.39849 5.81706,
	4.40484 5.82023,
	4.40167 5.83292,
	4.35089 5.85831,
	4.30012 5.87735,
	4.27473 5.8837,
	4.22395 5.90909,
	4.21126 5.91544,
	4.20491 5.91544,
	4.19856 5.92178,
	4.14779 5.93765,
	4.09701 5.944,
	4.08432 5.95034,
	4.05893 5.95352,
	3.95738 5.98525,
	3.93199 5.99477,
	3.91929 5.99477,
	3.86852 6.01381,
	3.81774 6.02016,
	3.76696 6.01699,
	3.74158 6.01381,
	3.71619 6.01699,
	3.70349 6.02016,
	3.69397 6.02968,
	3.68128 6.03286,
	3.66859 6.04238,
	3.61781 6.04872,
	3.51626 6.03286,
	3.46548 6.02968,
	3.4147 6.01699,
	3.40201 6.01699,
	3.30046 5.98208,
	3.27507 5.97256,
	3.22429 5.96304,
	3.17352 5.94717,
	3.14813 5.93448,
	3.13543 5.92496,
	3.12591 5.89957,
	3.12591 5.87418,
	"/>
</Transform>

<Transform dim="0"
 xcoef=" 0 1 0 0 0 0"
 ycoef=" 0 0 1 0 0 0">
<Contour name="d04" hidden="false" closed="true" simplified="true" border="1 0 0" fill="1 0 0" mode="9"
 points="4.67925 5.95203,
	4.71301 5.90139,
	4.71976 5.87438,
	4.71976 5.86763,
	4.76365 5.82374,
	4.79066 5.80686,
	4.79741 5.80686,
	4.81092 5.79673,
	4.86493 5.77648,
	4.89194 5.76972,
	4.90545 5.76297,
	4.9122 5.76297,
	4.91895 5.75622,
	4.97297 5.73596,
	4.97972 5.72921,
	5.00673 5.72583,
	5.06075 5.70895,
	5.08775 5.69883,
	5.11476 5.69545,
	5.14177 5.68532,
	5.14852 5.68532,
	5.15528 5.67857,
	5.26331 5.62793,
	5.27682 5.62455,
	5.28357 5.6178,
	5.31058 5.61105,
	5.31733 5.6043,
	5.37135 5.58742,
	5.42536 5.59079,
	5.43887 5.59417,
	5.45912 5.61442,
	5.47263 5.64143,
	5.476 5.66844,
	5.47263 5.69545,
	5.476 5.72246,
	5.48613 5.74947,
	5.50639 5.77648,
	5.5334 5.79673,
	5.5469 5.80686,
	5.55703 5.83387,
	5.55703 5.86088,
	5.55703 5.87438,
	5.54353 5.90139,
	5.5334 5.95541,
	5.53002 5.98242,
	5.53002 5.99592,
	5.52327 6.00267,
	5.51989 6.05669,
	5.51652 6.0837,
	5.50301 6.11071,
	5.49964 6.13772,
	5.50301 6.19173,
	5.49964 6.21874,
	5.49288 6.23225,
	5.47938 6.24237,
	5.42536 6.24575,
	5.39835 6.24237,
	5.34434 6.22212,
	5.31733 6.21199,
	5.30382 6.21199,
	5.29032 6.20524,
	5.2363 6.20861,
	5.18229 6.19849,
	5.15528 6.19173,
	5.10126 6.18836,
	5.07425 6.18161,
	5.06075 6.17485,
	5.05399 6.17485,
	5.02699 6.15797,
	5.00673 6.13096,
	4.98647 6.11071,
	4.95946 6.0972,
	4.90545 6.09383,
	4.89194 6.09045,
	4.86493 6.07019,
	4.85143 6.06344,
	4.84468 6.06344,
	4.83792 6.05669,
	4.72989 6.03643,
	4.72314 6.03643,
	4.69613 6.01618,
	4.68263 5.99254,
	4.67925 5.96554,
	4.67925 5.95541,
	"/>
</Transform>

<Transform dim="0"
 xcoef=" 0 1 0 0 0 0"
 ycoef=" 0 0 1 0 0 0">
<Contour name="d04" hidden="false" closed="true" simplified="true" border="1 0 0" fill="1 0 0" mode="9"
 points="2.22821 5.71908,
	2.24172 5.70895,
	2.24847 5.7022,
	2.26197 5.69883,
	2.27548 5.6887,
	2.3295 5.67857,
	2.38351 5.68195,
	2.41052 5.68532,
	2.42403 5.69207,
	2.43415 5.71908,
	2.43753 5.73259,
	2.4274 5.7596,
	2.40377 5.77985,
	2.29574 5.78323,
	2.26873 5.77648,
	2.24172 5.76297,
	2.23159 5.74947,
	2.22821 5.72246,
	"/>
</Transform>

<Transform dim="0"
 xcoef=" 0 1 0 0 0 0"
 ycoef=" 0 0 1 0 0 0">
<Contour name="d04" hidden="false" closed="true" simplified="true" border="1 0 0" fill="1 0 0" mode="9"
 points="3.97702 4.80754,
	3.98715 4.79404,
	4.01416 4.79066,
	4.04117 4.79404,
	4.06818 4.80416,
	4.08168 4.80754,
	4.10532 4.8278,
	4.11882 4.85481,
	4.11882 4.86831,
	4.10194 4.89532,
	4.07493 4.9122,
	4.04792 4.92233,
	3.9939 4.91895,
	3.98378 4.90882,
	3.9804 4.88181,
	3.98378 4.85481,
	3.97702 4.8413,
	3.97702 4.81429,
	3.97702 4.81092,
	"/>
</Transform>

<Transform dim="0"
 xcoef=" 0 1 0 0 0 0"
 ycoef=" 0 0 1 0 0 0">
<Contour name="d04cfa21" hidden="false" closed="false" simplified="false" border="0 1 1" fill="0 1 1" mode="-9"
 points="3.14346 6.46039,
	3.15523 6.41331,
	3.13841 6.39145,
	3.09469 6.36622,
	3.02574 6.35277,
	2.9753 6.36622,
	"/>
</Transform>

<Transform dim="0"
 xcoef=" 0 1 0 0 0 0"
 ycoef=" 0 0 1 0 0 0">
<Contour name="d04c25" hidden="false" closed="true" simplified="true" border="0 1 0" fill="0 1 0" mode="9"
 points="5.45808 5.68333,
	5.46312 5.66988,
	5.46817 5.66316,
	5.47153 5.6598,
	5.48498 5.6598,
	5.4917 5.6598,
	5.49674 5.68669,
	5.49674 5.70014,
	5.50347 5.72703,
	5.51019 5.74048,
	5.52028 5.75393,
	5.527 5.7657,
	5.54045 5.77914,
	5.55221 5.78923,
	5.56062 5.801,
	5.56398 5.81444,
	5.5623 5.82789,
	5.55894 5.83125,
	5.55726 5.83798,
	5.55053 5.83966,
	5.54717 5.8363,
	5.54381 5.82285,
	5.54213 5.81613,
	5.54213 5.81276,
	5.51523 5.80436,
	5.50515 5.79259,
	5.5001 5.78587,
	5.49002 5.77746,
	5.4833 5.77074,
	5.47489 5.75729,
	5.45976 5.7035,
	5.45808 5.69005,
	5.45808 5.68501,
	"/>
<Contour name="d04c25" hidden="false" closed="true" simplified="true" border="0 1 0" fill="0 1 0" mode="9"
 points="5.4833 6.12038,
	5.48834 6.06659,
	5.4917 6.05986,
	5.4917 6.05314,
	5.50179 6.02625,
	5.50683 5.99935,
	5.50683 5.9859,
	5.50683 5.97918,
	5.51691 5.95228,
	5.51691 5.94556,
	5.52028 5.93884,
	5.52028 5.92539,
	5.52868 5.89849,
	5.53372 5.89177,
	5.54717 5.89177,
	5.5539 5.89345,
	5.56398 5.9069,
	5.56566 5.91026,
	5.55894 5.92371,
	5.55726 5.9775,
	5.55221 6.00439,
	5.54381 6.03129,
	5.54045 6.03465,
	5.53372 6.08844,
	5.53204 6.10189,
	5.52364 6.12878,
	5.52196 6.13551,
	5.51187 6.14727,
	5.51019 6.15064,
	5.49674 6.15064,
	5.49002 6.14727,
	5.4833 6.13383,
	5.4833 6.12206,
	"/>
<Contour name="d04cfa25" hidden="false" closed="false" simplified="false" border="0 1 1" fill="0 1 1" mode="-9"
 points="5.55837 5.83291,
	5.54828 5.8077,
	5.52139 5.78753,
	5.48609 5.75223,
	5.47264 5.69843,
	5.47936 5.65809,
	"/>
<Contour name="d04cfa25" hidden="false" closed="false" simplified="false" border="0 1 1" fill="0 1 1" mode="-9"
 points="5.5029 6.15229,
	5.50962 6.08674,
	5.51971 6.04471,
	5.53652 5.9926,
	5.53988 5.9489,
	5.54828 5.89511,
	"/>
</Transform>

<Transform dim="0"
 xcoef=" 0 1 0 0 0 0"
 ycoef=" 0 0 1 0 0 0">
<Contour name="d02" hidden="false" closed="true" simplified="true" border="0.5 0 1" fill="0.5 0 1" mode="9"
 points="4.62845 5.17986,
	4.63681 5.16872,
	4.63681 5.16315,
	4.65073 5.14366,
	4.66744 5.0991,
	4.67023 5.08796,
	4.67023 5.08239,
	4.712 5.05175,
	4.75656 5.04061,
	4.77884 5.03226,
	4.82061 5.00441,
	4.83175 5.00163,
	4.83453 4.99606,
	4.85681 4.99049,
	4.86238 4.99049,
	4.86795 4.98492,
	4.87909 4.98492,
	4.92365 4.96821,
	4.94314 4.95707,
	4.96542 4.94036,
	5.0072 4.9153,
	5.02948 4.90137,
	5.04061 4.8958,
	5.04618 4.8958,
	5.04897 4.89023,
	5.06011 4.88745,
	5.06289 4.88188,
	5.07403 4.87909,
	5.09631 4.86517,
	5.14087 4.84846,
	5.16036 4.83175,
	5.20492 4.82896,
	5.29404 4.83732,
	5.3386 4.8401,
	5.36088 4.84289,
	5.37201 4.84289,
	5.38315 4.84846,
	5.40543 4.85124,
	5.44999 4.86795,
	5.46113 4.87074,
	5.4667 4.87074,
	5.47227 4.87631,
	5.48341 4.87909,
	5.48898 4.87909,
	5.49455 4.88466,
	5.51683 4.89302,
	5.53632 4.90973,
	5.58088 4.92644,
	5.58645 4.93201,
	5.67278 4.97378,
	5.68114 4.98213,
	5.72569 4.99049,
	5.74797 4.99327,
	5.77025 5.00163,
	5.78139 5.00998,
	5.78696 5.01555,
	5.78696 5.02112,
	5.80088 5.0434,
	5.83987 5.07682,
	5.86215 5.09074,
	5.88165 5.11024,
	5.87886 5.12138,
	5.87886 5.12695,
	5.87051 5.13809,
	5.85101 5.15201,
	5.84544 5.15758,
	5.82316 5.16593,
	5.81759 5.16872,
	5.81759 5.17986,
	5.8343 5.19935,
	5.84544 5.20214,
	5.85658 5.21049,
	5.86215 5.21049,
	5.86772 5.21606,
	5.86772 5.2272,
	5.8538 5.2467,
	5.8343 5.2634,
	5.82316 5.26619,
	5.81202 5.27454,
	5.80088 5.27733,
	5.78696 5.29682,
	5.78418 5.30796,
	5.77582 5.31632,
	5.73126 5.3191,
	5.72012 5.32746,
	5.71455 5.3386,
	5.71734 5.36088,
	5.71734 5.37201,
	5.72848 5.38037,
	5.75076 5.38594,
	5.77304 5.38594,
	5.78418 5.39151,
	5.82873 5.39151,
	5.85101 5.39708,
	5.86215 5.40265,
	5.90671 5.40543,
	5.91785 5.40543,
	5.96241 5.39151,
	5.98469 5.38594,
	5.99583 5.38594,
	6.00696 5.38037,
	6.0181 5.38037,
	6.06266 5.39708,
	6.15178 5.39986,
	6.17406 5.40265,
	6.1852 5.40543,
	6.19355 5.41379,
	6.19355 5.43607,
	6.1852 5.45835,
	6.18241 5.46948,
	6.18241 5.47505,
	6.17684 5.48062,
	6.16849 5.5029,
	6.15456 5.52518,
	6.15178 5.53632,
	6.14064 5.54746,
	6.09608 5.56974,
	6.0738 5.56974,
	6.06266 5.56974,
	6.05709 5.56974,
	6.05152 5.56417,
	6.04038 5.56417,
	6.02924 5.5586,
	5.98469 5.55582,
	5.89557 5.56417,
	5.85101 5.56139,
	5.82873 5.56139,
	5.81759 5.56139,
	5.79531 5.55303,
	5.78974 5.54746,
	5.78418 5.54746,
	5.7619 5.53354,
	5.75076 5.53075,
	5.72848 5.51683,
	5.72291 5.51126,
	5.71177 5.50847,
	5.70063 5.50012,
	5.69506 5.50012,
	5.67278 5.48341,
	5.66164 5.47505,
	5.63936 5.46948,
	5.63379 5.46392,
	5.62265 5.46113,
	5.60037 5.44442,
	5.58923 5.44442,
	5.54468 5.4305,
	5.53911 5.42493,
	5.49455 5.411,
	5.44999 5.411,
	5.40543 5.41936,
	5.36088 5.42214,
	5.27176 5.41657,
	5.24948 5.41936,
	5.23834 5.41936,
	5.19378 5.43607,
	5.14922 5.44721,
	4.97099 5.44721,
	4.88188 5.44442,
	4.8596 5.44721,
	4.81504 5.46392,
	4.79276 5.46392,
	4.78162 5.46113,
	4.77605 5.46113,
	4.77048 5.45556,
	4.76491 5.45556,
	4.72314 5.42493,
	4.70365 5.40543,
	4.70365 5.39986,
	4.68972 5.37758,
	4.6758 5.28847,
	4.66744 5.26619,
	4.64795 5.2467,
	4.62845 5.20214,
	4.62845 5.18264,
	"/>
</Transform>

<Transform dim="0"
 xcoef=" 0 1 0 0 0 0"
 ycoef=" 0 0 1 0 0 0">
<Contour name="d02p23" hidden="false" closed="true" simplified="false" border="1 0 0.5" fill="1 0 0.5" mode="9"
 points="5.56126 5.32887,
	5.59798 5.32887,
	5.57962 5.36253,
	"/>
</Transform>

<Transform dim="6"
 xcoef=" 0.836013245723009 0.857523682649997 0.102192020411056 0 0 0"
 ycoef=" 0.983706165442625 0.0493179348306806 0.965447669228677 0 0 0">
<Image mag="0.00223443" contrast="1.407" brightness="-0.21" red="true" green="true" blue="true"
 src="CVZWG_und.113.tif" />
<Contour name="domain1" hidden="false" closed="true" simplified="false" border="1 0 1" fill="1 0 1" mode="11"
 points="0 0,
	4097 0,
	4097 4097,
	0 4097,
	"/>
</Transform>

<Transform dim="0"
 xcoef=" 0 1 0 0 0 0"
 ycoef=" 0 0 1 0 0 0">
<Contour name="d02ax21" hidden="false" closed="true" simplified="true" border="0 1 1" fill="0 1 1" mode="-11"
 points="2.95819 6.01556,
	2.96402 6.00389,
	2.97569 5.99222,
	2.99903 5.98055,
	3.04571 5.96888,
	3.05738 5.96888,
	3.08071 5.96013,
	3.17407 5.96305,
	3.26742 5.97764,
	3.3141 5.99222,
	3.36078 6.00097,
	3.37245 6.00973,
	3.38412 6.01264,
	3.3987 6.03598,
	3.39579 6.05932,
	3.37537 6.07391,
	3.32869 6.08558,
	3.23533 6.09141,
	3.18866 6.09141,
	3.0953 6.07683,
	3.00195 6.0564,
	2.97861 6.05057,
	2.96694 6.04473,
	2.95819 6.03307,
	2.95819 6.0214,
	2.95819 6.01848,
	"/>
</Transform>

<Transform dim="0"
 xcoef=" 0 1 0 0 0 0"
 ycoef=" 0 0 1 0 0 0">
<Contour name="d04ax19" hidden="false" closed="true" simplified="true" border="0 1 1" fill="0 1 1" mode="-11"
 points="1.1501 5.51939,
	1.16111 5.50838,
	1.18312 5.49463,
	1.19413 5.49188,
	1.21614 5.47812,
	1.26016 5.46161,
	1.26566 5.46161,
	1.27117 5.45611,
	1.31519 5.44235,
	1.32619 5.44235,
	1.37022 5.42584,
	1.41424 5.40383,
	1.43625 5.38457,
	1.45826 5.37081,
	1.50229 5.33504,
	1.50779 5.33504,
	1.51329 5.32954,
	1.55732 5.31578,
	1.60134 5.29102,
	1.64536 5.27451,
	1.66737 5.26075,
	1.75542 5.23324,
	1.79944 5.21948,
	1.82145 5.20573,
	1.9095 5.17546,
	1.99755 5.13419,
	2.01956 5.12043,
	2.06358 5.10392,
	2.1076 5.09842,
	2.19565 5.09842,
	2.23967 5.10117,
	2.2837 5.11768,
	2.30571 5.12593,
	2.32772 5.14519,
	2.34423 5.16721,
	2.36349 5.21123,
	2.37724 5.23324,
	2.39926 5.2525,
	2.42127 5.26351,
	2.43227 5.26901,
	2.46254 5.31303,
	2.49005 5.40108,
	2.49831 5.42309,
	2.50381 5.43409,
	2.50381 5.45611,
	2.49556 5.50013,
	2.4818 5.54415,
	2.4763 5.56616,
	2.46254 5.58818,
	2.45704 5.59918,
	2.41301 5.64045,
	2.36899 5.66246,
	2.36349 5.66246,
	2.35798 5.66797,
	2.34698 5.66797,
	2.33597 5.67347,
	2.31396 5.67622,
	2.26994 5.68998,
	2.22592 5.70924,
	2.18189 5.71749,
	2.09385 5.72024,
	2.07183 5.72024,
	2.02781 5.73125,
	2.0058 5.7395,
	1.98379 5.74226,
	1.93977 5.7395,
	1.89574 5.72024,
	1.85172 5.70649,
	1.8077 5.70374,
	1.76367 5.70649,
	1.71965 5.70374,
	1.69764 5.70374,
	1.67563 5.69823,
	1.65362 5.68723,
	1.60959 5.65421,
	1.56557 5.6432,
	1.54356 5.6377,
	1.53255 5.63495,
	1.48853 5.61019,
	1.46652 5.60193,
	1.37847 5.59918,
	1.33445 5.58542,
	1.29043 5.56616,
	1.2464 5.56341,
	1.20238 5.55516,
	1.18037 5.5469,
	1.15836 5.54415,
	1.1501 5.5359,
	1.1501 5.52489,
	1.1501 5.52214,
	"/>
</Transform>

<Transform dim="0"
 xcoef=" 0 1 0 0 0 0"
 ycoef=" 0 0 1 0 0 0">
<Contour name="d04ax21" hidden="false" closed="true" simplified="true" border="0 1 1" fill="0 1 1" mode="-11"
 points="2.56218 6.59366,
	2.56646 6.57655,
	2.56646 6.568,
	2.57502 6.55089,
	2.58785 6.53378,
	2.60496 6.51667,
	2.63918 6.49314,
	2.6734 6.4739,
	2.74184 6.45465,
	2.75039 6.45251,
	2.81883 6.4076,
	2.83594 6.39262,
	2.84235 6.38835,
	2.84877 6.37979,
	2.91721 6.3691,
	2.92576 6.3691,
	2.93432 6.36482,
	2.94287 6.36482,
	2.95143 6.36054,
	2.95998 6.36054,
	3.02842 6.33488,
	3.06264 6.33274,
	3.09686 6.33916,
	3.11397 6.34557,
	3.13108 6.35627,
	3.14819 6.37124,
	3.15461 6.37979,
	3.15888 6.38407,
	3.16102 6.41829,
	3.15461 6.45251,
	3.14819 6.46962,
	3.14605 6.47817,
	3.14178 6.48245,
	3.14178 6.48673,
	3.13108 6.50384,
	3.11611 6.52095,
	3.10969 6.5295,
	3.09258 6.5402,
	3.08831 6.54447,
	3.08403 6.54447,
	3.06692 6.55731,
	2.99848 6.58939,
	2.96426 6.60222,
	2.94715 6.60864,
	2.91293 6.61077,
	2.84449 6.60864,
	2.77605 6.61291,
	2.74184 6.62361,
	2.72473 6.6343,
	2.69051 6.64499,
	2.6734 6.64927,
	2.60496 6.64927,
	2.58785 6.64499,
	2.57929 6.64072,
	2.56432 6.62361,
	2.56218 6.6065,
	2.56218 6.59794,
	2.56218 6.5958,
	"/>
</Transform>

<Transform dim="0"
 xcoef=" 0 1 0 0 0 0"
 ycoef=" 0 0 1 0 0 0">
<Contour name="d04ax19ssvr" hidden="false" closed="true" simplified="false" border="0 1 0" fill="0 1 0" mode="-11"
 points="1.9976 5.23111,
	1.98523 5.21874,
	1.9976 5.20637,
	2.00997 5.21874,
	"/>
<Contour name="d04ax19ssvr" hidden="false" closed="true" simplified="false" border="0 1 0" fill="0 1 0" mode="-11"
 points="2.07359 5.23288,
	2.06122 5.22051,
	2.07359 5.20814,
	2.08596 5.22051,
	"/>
<Contour name="d04ax19ssvr" hidden="false" closed="true" simplified="false" border="0 1 0" fill="0 1 0" mode="-11"
 points="2.13014 5.22581,
	2.11777 5.21344,
	2.13014 5.20107,
	2.14251 5.21344,
	"/>
<Contour name="d04ax19ssvr" hidden="false" closed="true" simplified="false" border="0 1 0" fill="0 1 0" mode="-11"
 points="2.17256 5.26116,
	2.16018 5.24879,
	2.17256 5.23642,
	2.18493 5.24879,
	"/>
<Contour name="d04ax19ssvr" hidden="false" closed="true" simplified="false" border="0 1 0" fill="0 1 0" mode="-11"
 points="2.11247 5.27706,
	2.1001 5.26469,
	2.11247 5.25232,
	2.12484 5.26469,
	"/>
<Contour name="d04ax19ssvr" hidden="false" closed="true" simplified="false" border="0 1 0" fill="0 1 0" mode="-11"
 points="2.05415 5.26999,
	2.04178 5.25762,
	2.05415 5.24525,
	2.06652 5.25762,
	"/>
<Contour name="d04ax19ssvr" hidden="false" closed="true" simplified="false" border="0 1 0" fill="0 1 0" mode="-11"
 points="2.02941 5.32301,
	2.01704 5.31064,
	2.02941 5.29827,
	2.04178 5.31064,
	"/>
<Contour name="d04ax19ssvr" hidden="false" closed="true" simplified="false" border="0 1 0" fill="0 1 0" mode="-11"
 points="1.98877 5.2859,
	1.9764 5.27353,
	1.98877 5.26116,
	2.00114 5.27353,
	"/>
<Contour name="d04ax19ssvr" hidden="false" closed="true" simplified="false" border="0 1 0" fill="0 1 0" mode="-11"
 points="1.96933 5.31947,
	1.95696 5.3071,
	1.96933 5.29473,
	1.9817 5.3071,
	"/>
<Contour name="d04ax19ssvr" hidden="false" closed="true" simplified="false" border="0 1 0" fill="0 1 0" mode="-11"
 points="1.93752 5.31064,
	1.92515 5.29827,
	1.93752 5.2859,
	1.94989 5.29827,
	"/>
<Contour name="d04ax19ssvr" hidden="false" closed="true" simplified="false" border="0 1 0" fill="0 1 0" mode="-11"
 points="1.90394 5.27529,
	1.89157 5.26292,
	1.90394 5.25055,
	1.91631 5.26292,
	"/>
<Contour name="d04ax19ssvr" hidden="false" closed="true" simplified="false" border="0 1 0" fill="0 1 0" mode="-11"
 points="1.8633 5.3018,
	1.85093 5.28943,
	1.8633 5.27706,
	1.87567 5.28943,
	"/>
<Contour name="d04ax19ssvr" hidden="false" closed="true" simplified="false" border="0 1 0" fill="0 1 0" mode="-11"
 points="1.80498 5.31417,
	1.79261 5.3018,
	1.80498 5.28943,
	1.81735 5.3018,
	"/>
<Contour name="d04ax19ssvr" hidden="false" closed="true" simplified="false" border="0 1 0" fill="0 1 0" mode="-11"
 points="1.83679 5.34598,
	1.82442 5.33361,
	1.83679 5.32124,
	1.84916 5.33361,
	"/>
<Contour name="d04ax19ssvr" hidden="false" closed="true" simplified="false" border="0 1 0" fill="0 1 0" mode="-11"
 points="1.71662 5.31417,
	1.70425 5.3018,
	1.71662 5.28943,
	1.72899 5.3018,
	"/>
<Contour name="d04ax19ssvr" hidden="false" closed="true" simplified="false" border="0 1 0" fill="0 1 0" mode="-11"
 points="1.75904 5.33891,
	1.74667 5.32654,
	1.75904 5.31417,
	1.77141 5.32654,
	"/>
<Contour name="d04ax19ssvr" hidden="false" closed="true" simplified="false" border="0 1 0" fill="0 1 0" mode="-11"
 points="1.73783 5.39723,
	1.72546 5.38486,
	1.73783 5.37249,
	1.7502 5.38486,
	"/>
<Contour name="d04ax19ssvr" hidden="false" closed="true" simplified="false" border="0 1 0" fill="0 1 0" mode="-11"
 points="1.7661 5.43964,
	1.75373 5.42727,
	1.7661 5.4149,
	1.77847 5.42727,
	"/>
<Contour name="d04ax19ssvr" hidden="false" closed="true" simplified="false" border="0 1 0" fill="0 1 0" mode="-11"
 points="1.72723 5.45731,
	1.71486 5.44494,
	1.72723 5.43257,
	1.7396 5.44494,
	"/>
<Contour name="d04ax19ssvr" hidden="false" closed="true" simplified="false" border="0 1 0" fill="0 1 0" mode="-11"
 points="1.68481 5.4255,
	1.67244 5.41313,
	1.68481 5.40076,
	1.69718 5.41313,
	"/>
<Contour name="d04ax19ssvr" hidden="false" closed="true" simplified="false" border="0 1 0" fill="0 1 0" mode="-11"
 points="1.63887 5.44141,
	1.6265 5.42904,
	1.63887 5.41667,
	1.65124 5.42904,
	"/>
<Contour name="d04ax19ssvr" hidden="false" closed="true" simplified="false" border="0 1 0" fill="0 1 0" mode="-11"
 points="1.67244 5.48382,
	1.66007 5.47145,
	1.67244 5.45908,
	1.68481 5.47145,
	"/>
<Contour name="d04ax19ssvr" hidden="false" closed="true" simplified="false" border="0 1 0" fill="0 1 0" mode="-11"
 points="1.61059 5.50679,
	1.59822 5.49442,
	1.61059 5.48205,
	1.62296 5.49442,
	"/>
<Contour name="d04ax19ssvr" hidden="false" closed="true" simplified="false" border="0 1 0" fill="0 1 0" mode="-11"
 points="1.57878 5.45555,
	1.56641 5.44318,
	1.57878 5.43081,
	1.59115 5.44318,
	"/>
<Contour name="d04ax19ssvr" hidden="false" closed="true" simplified="false" border="0 1 0" fill="0 1 0" mode="-11"
 points="1.62826 5.48029,
	1.61589 5.46792,
	1.62826 5.45555,
	1.64063 5.46792,
	"/>
<Contour name="d04ax19ssvr" hidden="false" closed="true" simplified="false" border="0 1 0" fill="0 1 0" mode="-11"
 points="1.55934 5.50856,
	1.54697 5.49619,
	1.55934 5.48382,
	1.57171 5.49619,
	"/>
<Contour name="d04ax19ssvr" hidden="false" closed="true" simplified="false" border="0 1 0" fill="0 1 0" mode="-11"
 points="1.57525 5.57218,
	1.56288 5.55981,
	1.57525 5.54744,
	1.58762 5.55981,
	"/>
<Contour name="d04ax19ssvr" hidden="false" closed="true" simplified="false" border="0 1 0" fill="0 1 0" mode="-11"
 points="1.6424 5.60929,
	1.63003 5.59692,
	1.6424 5.58455,
	1.65477 5.59692,
	"/>
<Contour name="d04ax19ssvr" hidden="false" closed="true" simplified="false" border="0 1 0" fill="0 1 0" mode="-11"
 points="1.66184 5.54744,
	1.64947 5.53507,
	1.66184 5.5227,
	1.67421 5.53507,
	"/>
<Contour name="d04ax19ssvr" hidden="false" closed="true" simplified="false" border="0 1 0" fill="0 1 0" mode="-11"
 points="1.72369 5.55628,
	1.71132 5.5439,
	1.72369 5.53153,
	1.73606 5.5439,
	"/>
<Contour name="d04ax19ssvr" hidden="false" closed="true" simplified="false" border="0 1 0" fill="0 1 0" mode="-11"
 points="1.71309 5.61282,
	1.70072 5.60045,
	1.71309 5.58808,
	1.72546 5.60045,
	"/>
<Contour name="d04ax19ssvr" hidden="false" closed="true" simplified="false" border="0 1 0" fill="0 1 0" mode="-11"
 points="1.7608 5.57925,
	1.74843 5.56688,
	1.7608 5.55451,
	1.77317 5.56688,
	"/>
<Contour name="d04ax19ssvr" hidden="false" closed="true" simplified="false" border="0 1 0" fill="0 1 0" mode="-11"
 points="1.81028 5.59339,
	1.79791 5.58102,
	1.81028 5.56865,
	1.82265 5.58102,
	"/>
<Contour name="d04ax19ssvr" hidden="false" closed="true" simplified="false" border="0 1 0" fill="0 1 0" mode="-11"
 points="1.83856 5.63403,
	1.82619 5.62166,
	1.83856 5.60929,
	1.85093 5.62166,
	"/>
<Contour name="d04ax19ssvr" hidden="false" closed="true" simplified="false" border="0 1 0" fill="0 1 0" mode="-11"
 points="1.87567 5.67291,
	1.8633 5.66054,
	1.87567 5.64817,
	1.88804 5.66054,
	"/>
<Contour name="d04ax19ssvr" hidden="false" closed="true" simplified="false" border="0 1 0" fill="0 1 0" mode="-11"
 points="1.91101 5.61459,
	1.89864 5.60222,
	1.91101 5.58985,
	1.92338 5.60222,
	"/>
<Contour name="d04ax19ssvr" hidden="false" closed="true" simplified="false" border="0 1 0" fill="0 1 0" mode="-11"
 points="1.87744 5.58278,
	1.86507 5.57041,
	1.87744 5.55804,
	1.88981 5.57041,
	"/>
<Contour name="d04ax19ssvr" hidden="false" closed="true" simplified="false" border="0 1 0" fill="0 1 0" mode="-11"
 points="1.83149 5.54921,
	1.81912 5.53684,
	1.83149 5.52447,
	1.84386 5.53684,
	"/>
<Contour name="d04ax19ssvr" hidden="false" closed="true" simplified="false" border="0 1 0" fill="0 1 0" mode="-11"
 points="1.78378 5.53684,
	1.77141 5.52447,
	1.78378 5.5121,
	1.79615 5.52447,
	"/>
<Contour name="d04ax19ssvr" hidden="false" closed="true" simplified="false" border="0 1 0" fill="0 1 0" mode="-11"
 points="1.85976 5.52447,
	1.84739 5.5121,
	1.85976 5.49973,
	1.87214 5.5121,
	"/>
<Contour name="d04ax19ssvr" hidden="false" closed="true" simplified="false" border="0 1 0" fill="0 1 0" mode="-11"
 points="1.82265 5.49796,
	1.81028 5.48559,
	1.82265 5.47322,
	1.83502 5.48559,
	"/>
<Contour name="d04ax19ssvr" hidden="false" closed="true" simplified="false" border="0 1 0" fill="0 1 0" mode="-11"
 points="1.76964 5.49442,
	1.75727 5.48205,
	1.76964 5.46968,
	1.78201 5.48205,
	"/>
<Contour name="d04ax19ssvr" hidden="false" closed="true" simplified="false" border="0 1 0" fill="0 1 0" mode="-11"
 points="1.71662 5.51033,
	1.70425 5.49796,
	1.71662 5.48559,
	1.72899 5.49796,
	"/>
<Contour name="d04ax19ssvr" hidden="false" closed="true" simplified="false" border="0 1 0" fill="0 1 0" mode="-11"
 points="1.81028 5.44848,
	1.79791 5.43611,
	1.81028 5.42374,
	1.82265 5.43611,
	"/>
<Contour name="d04ax19ssvr" hidden="false" closed="true" simplified="false" border="0 1 0" fill="0 1 0" mode="-11"
 points="1.84916 5.46968,
	1.83679 5.45731,
	1.84916 5.44494,
	1.86153 5.45731,
	"/>
<Contour name="d04ax19ssvr" hidden="false" closed="true" simplified="false" border="0 1 0" fill="0 1 0" mode="-11"
 points="1.80675 5.40607,
	1.79438 5.39369,
	1.80675 5.38132,
	1.81912 5.39369,
	"/>
<Contour name="d04ax19ssvr" hidden="false" closed="true" simplified="false" border="0 1 0" fill="0 1 0" mode="-11"
 points="1.87037 5.399,
	1.858 5.38663,
	1.87037 5.37426,
	1.88274 5.38663,
	"/>
<Contour name="d04ax19ssvr" hidden="false" closed="true" simplified="false" border="0 1 0" fill="0 1 0" mode="-11"
 points="1.88097 5.44318,
	1.8686 5.43081,
	1.88097 5.41844,
	1.89334 5.43081,
	"/>
<Contour name="d04ax19ssvr" hidden="false" closed="true" simplified="false" border="0 1 0" fill="0 1 0" mode="-11"
 points="1.84916 5.4255,
	1.83679 5.41313,
	1.84916 5.40076,
	1.86153 5.41313,
	"/>
<Contour name="d04ax19ssvr" hidden="false" closed="true" simplified="false" border="0 1 0" fill="0 1 0" mode="-11"
 points="1.92868 5.46438,
	1.91631 5.45201,
	1.92868 5.43964,
	1.94105 5.45201,
	"/>
<Contour name="d04ax19ssvr" hidden="false" closed="true" simplified="false" border="0 1 0" fill="0 1 0" mode="-11"
 points="1.94105 5.50856,
	1.92868 5.49619,
	1.94105 5.48382,
	1.95343 5.49619,
	"/>
<Contour name="d04ax19ssvr" hidden="false" closed="true" simplified="false" border="0 1 0" fill="0 1 0" mode="-11"
 points="1.89511 5.49619,
	1.88274 5.48382,
	1.89511 5.47145,
	1.90748 5.48382,
	"/>
<Contour name="d04ax19ssvr" hidden="false" closed="true" simplified="false" border="0 1 0" fill="0 1 0" mode="-11"
 points="1.94812 5.54214,
	1.93575 5.52977,
	1.94812 5.5174,
	1.96049 5.52977,
	"/>
<Contour name="d04ax19ssvr" hidden="false" closed="true" simplified="false" border="0 1 0" fill="0 1 0" mode="-11"
 points="1.93752 5.57395,
	1.92515 5.56158,
	1.93752 5.54921,
	1.94989 5.56158,
	"/>
<Contour name="d04ax19ssvr" hidden="false" closed="true" simplified="false" border="0 1 0" fill="0 1 0" mode="-11"
 points="1.99584 5.54921,
	1.98347 5.53684,
	1.99584 5.52447,
	2.00821 5.53684,
	"/>
<Contour name="d04ax19ssvr" hidden="false" closed="true" simplified="false" border="0 1 0" fill="0 1 0" mode="-11"
 points="2.03295 5.60752,
	2.02058 5.59515,
	2.03295 5.58278,
	2.04532 5.59515,
	"/>
<Contour name="d04ax19ssvr" hidden="false" closed="true" simplified="false" border="0 1 0" fill="0 1 0" mode="-11"
 points="1.97817 5.66584,
	1.9658 5.65347,
	1.97817 5.6411,
	1.99054 5.65347,
	"/>
<Contour name="d04ax19ssvr" hidden="false" closed="true" simplified="false" border="0 1 0" fill="0 1 0" mode="-11"
 points="2.11247 5.69058,
	2.1001 5.67821,
	2.11247 5.66584,
	2.12484 5.67821,
	"/>
<Contour name="d04ax19ssvr" hidden="false" closed="true" simplified="false" border="0 1 0" fill="0 1 0" mode="-11"
 points="2.26268 5.63403,
	2.25031 5.62166,
	2.26268 5.60929,
	2.27505 5.62166,
	"/>
<Contour name="d04ax19ssvr" hidden="false" closed="true" simplified="false" border="0 1 0" fill="0 1 0" mode="-11"
 points="2.33867 5.57748,
	2.3263 5.56511,
	2.33867 5.55274,
	2.35104 5.56511,
	"/>
<Contour name="d04ax19ssvr" hidden="false" closed="true" simplified="false" border="0 1 0" fill="0 1 0" mode="-11"
 points="2.30863 5.5386,
	2.29626 5.52623,
	2.30863 5.51386,
	2.321 5.52623,
	"/>
<Contour name="d04ax19ssvr" hidden="false" closed="true" simplified="false" border="0 1 0" fill="0 1 0" mode="-11"
 points="2.37931 5.5227,
	2.36694 5.51033,
	2.37931 5.49796,
	2.39169 5.51033,
	"/>
<Contour name="d04ax19ssvr" hidden="false" closed="true" simplified="false" border="0 1 0" fill="0 1 0" mode="-11"
 points="2.31393 5.46085,
	2.30156 5.44848,
	2.31393 5.43611,
	2.3263 5.44848,
	"/>
<Contour name="d04ax19ssvr" hidden="false" closed="true" simplified="false" border="0 1 0" fill="0 1 0" mode="-11"
 points="2.27328 5.46968,
	2.26091 5.45731,
	2.27328 5.44494,
	2.28565 5.45731,
	"/>
<Contour name="d04ax19ssvr" hidden="false" closed="true" simplified="false" border="0 1 0" fill="0 1 0" mode="-11"
 points="2.23087 5.47499,
	2.2185 5.46261,
	2.23087 5.45024,
	2.24324 5.46261,
	"/>
<Contour name="d04ax19ssvr" hidden="false" closed="true" simplified="false" border="0 1 0" fill="0 1 0" mode="-11"
 points="2.17962 5.45908,
	2.16725 5.44671,
	2.17962 5.43434,
	2.19199 5.44671,
	"/>
<Contour name="d04ax19ssvr" hidden="false" closed="true" simplified="false" border="0 1 0" fill="0 1 0" mode="-11"
 points="2.12661 5.48382,
	2.11424 5.47145,
	2.12661 5.45908,
	2.13898 5.47145,
	"/>
<Contour name="d04ax19ssvr" hidden="false" closed="true" simplified="false" border="0 1 0" fill="0 1 0" mode="-11"
 points="2.16018 5.52093,
	2.14781 5.50856,
	2.16018 5.49619,
	2.17256 5.50856,
	"/>
<Contour name="d04ax19ssvr" hidden="false" closed="true" simplified="false" border="0 1 0" fill="0 1 0" mode="-11"
 points="2.05592 5.528,
	2.04355 5.51563,
	2.05592 5.50326,
	2.06829 5.51563,
	"/>
<Contour name="d04ax19ssvr" hidden="false" closed="true" simplified="false" border="0 1 0" fill="0 1 0" mode="-11"
 points="2.0948 5.56865,
	2.08243 5.55628,
	2.0948 5.5439,
	2.10717 5.55628,
	"/>
<Contour name="d04ax19ssvr" hidden="false" closed="true" simplified="false" border="0 1 0" fill="0 1 0" mode="-11"
 points="2.00114 5.50149,
	1.98877 5.48912,
	2.00114 5.47675,
	2.01351 5.48912,
	"/>
<Contour name="d04ax19ssvr" hidden="false" closed="true" simplified="false" border="0 1 0" fill="0 1 0" mode="-11"
 points="2.06299 5.46792,
	2.05062 5.45555,
	2.06299 5.44318,
	2.07536 5.45555,
	"/>
<Contour name="d04ax19ssvr" hidden="false" closed="true" simplified="false" border="0 1 0" fill="0 1 0" mode="-11"
 points="2.05592 5.41667,
	2.04355 5.4043,
	2.05592 5.39193,
	2.06829 5.4043,
	"/>
<Contour name="d04ax19ssvr" hidden="false" closed="true" simplified="false" border="0 1 0" fill="0 1 0" mode="-11"
 points="2.1107 5.43787,
	2.09833 5.4255,
	2.1107 5.41313,
	2.12307 5.4255,
	"/>
<Contour name="d04ax19ssvr" hidden="false" closed="true" simplified="false" border="0 1 0" fill="0 1 0" mode="-11"
 points="2.00291 5.45201,
	1.99054 5.43964,
	2.00291 5.42727,
	2.01528 5.43964,
	"/>
<Contour name="d04ax19ssvr" hidden="false" closed="true" simplified="false" border="0 1 0" fill="0 1 0" mode="-11"
 points="1.9658 5.48029,
	1.95343 5.46792,
	1.9658 5.45555,
	1.97817 5.46792,
	"/>
<Contour name="d04ax19ssvr" hidden="false" closed="true" simplified="false" border="0 1 0" fill="0 1 0" mode="-11"
 points="1.98877 5.41137,
	1.9764 5.399,
	1.98877 5.38663,
	2.00114 5.399,
	"/>
<Contour name="d04ax19ssvr" hidden="false" closed="true" simplified="false" border="0 1 0" fill="0 1 0" mode="-11"
 points="1.94105 5.41844,
	1.92868 5.40607,
	1.94105 5.39369,
	1.95343 5.40607,
	"/>
<Contour name="d04ax19ssvr" hidden="false" closed="true" simplified="false" border="0 1 0" fill="0 1 0" mode="-11"
 points="1.94989 5.38132,
	1.93752 5.36895,
	1.94989 5.35658,
	1.96226 5.36895,
	"/>
<Contour name="d04ax19ssvr" hidden="false" closed="true" simplified="false" border="0 1 0" fill="0 1 0" mode="-11"
 points="1.91631 5.39193,
	1.90394 5.37956,
	1.91631 5.36719,
	1.92868 5.37956,
	"/>
<Contour name="d04ax19ssvr" hidden="false" closed="true" simplified="false" border="0 1 0" fill="0 1 0" mode="-11"
 points="1.88981 5.34068,
	1.87744 5.32831,
	1.88981 5.31594,
	1.90218 5.32831,
	"/>
<Contour name="d04ax19ssvr" hidden="false" closed="true" simplified="false" border="0 1 0" fill="0 1 0" mode="-11"
 points="1.92868 5.34775,
	1.91631 5.33538,
	1.92868 5.32301,
	1.94105 5.33538,
	"/>
<Contour name="d04ax19ssvr" hidden="false" closed="true" simplified="false" border="0 1 0" fill="0 1 0" mode="-11"
 points="1.97286 5.35305,
	1.96049 5.34068,
	1.97286 5.32831,
	1.98523 5.34068,
	"/>
<Contour name="d04ax19ssvr" hidden="false" closed="true" simplified="false" border="0 1 0" fill="0 1 0" mode="-11"
 points="2.03472 5.34952,
	2.02235 5.33715,
	2.03472 5.32478,
	2.04709 5.33715,
	"/>
<Contour name="d04ax19ssvr" hidden="false" closed="true" simplified="false" border="0 1 0" fill="0 1 0" mode="-11"
 points="1.99937 5.37426,
	1.987 5.36189,
	1.99937 5.34952,
	2.01174 5.36189,
	"/>
<Contour name="d04ax19ssvr" hidden="false" closed="true" simplified="false" border="0 1 0" fill="0 1 0" mode="-11"
 points="2.04885 5.37426,
	2.03648 5.36189,
	2.04885 5.34952,
	2.06122 5.36189,
	"/>
<Contour name="d04ax19ssvr" hidden="false" closed="true" simplified="false" border="0 1 0" fill="0 1 0" mode="-11"
 points="2.0948 5.36542,
	2.08243 5.35305,
	2.0948 5.34068,
	2.10717 5.35305,
	"/>
<Contour name="d04ax19ssvr" hidden="false" closed="true" simplified="false" border="0 1 0" fill="0 1 0" mode="-11"
 points="2.1054 5.33715,
	2.09303 5.32478,
	2.1054 5.3124,
	2.11777 5.32478,
	"/>
<Contour name="d04ax19ssvr" hidden="false" closed="true" simplified="false" border="0 1 0" fill="0 1 0" mode="-11"
 points="2.16372 5.36542,
	2.15135 5.35305,
	2.16372 5.34068,
	2.17609 5.35305,
	"/>
<Contour name="d04ax19ssvr" hidden="false" closed="true" simplified="false" border="0 1 0" fill="0 1 0" mode="-11"
 points="2.18846 5.32478,
	2.17609 5.3124,
	2.18846 5.30003,
	2.20083 5.3124,
	"/>
<Contour name="d04ax19ssvr" hidden="false" closed="true" simplified="false" border="0 1 0" fill="0 1 0" mode="-11"
 points="2.22557 5.37249,
	2.2132 5.36012,
	2.22557 5.34775,
	2.23794 5.36012,
	"/>
<Contour name="d04ax19ssvr" hidden="false" closed="true" simplified="false" border="0 1 0" fill="0 1 0" mode="-11"
 points="2.27682 5.30534,
	2.26445 5.29297,
	2.27682 5.2806,
	2.28919 5.29297,
	"/>
<Contour name="d04ax19ssvr" hidden="false" closed="true" simplified="false" border="0 1 0" fill="0 1 0" mode="-11"
 points="2.24501 5.27706,
	2.23264 5.26469,
	2.24501 5.25232,
	2.25738 5.26469,
	"/>
<Contour name="d04ax19ssvr" hidden="false" closed="true" simplified="false" border="0 1 0" fill="0 1 0" mode="-11"
 points="2.32453 5.36365,
	2.31216 5.35128,
	2.32453 5.33891,
	2.3369 5.35128,
	"/>
<Contour name="d04ax19ssvr" hidden="false" closed="true" simplified="false" border="0 1 0" fill="0 1 0" mode="-11"
 points="2.38638 5.37956,
	2.37401 5.36719,
	2.38638 5.35482,
	2.39875 5.36719,
	"/>
<Contour name="d04ax19ssvr" hidden="false" closed="true" simplified="false" border="0 1 0" fill="0 1 0" mode="-11"
 points="2.35988 5.41844,
	2.34751 5.40607,
	2.35988 5.39369,
	2.37225 5.40607,
	"/>
<Contour name="d04ax19ssvr" hidden="false" closed="true" simplified="false" border="0 1 0" fill="0 1 0" mode="-11"
 points="2.30686 5.40076,
	2.29449 5.38839,
	2.30686 5.37602,
	2.31923 5.38839,
	"/>
<Contour name="d04ax19ssvr" hidden="false" closed="true" simplified="false" border="0 1 0" fill="0 1 0" mode="-11"
 points="2.25561 5.4202,
	2.24324 5.40783,
	2.25561 5.39546,
	2.26798 5.40783,
	"/>
<Contour name="d04ax19ssvr" hidden="false" closed="true" simplified="false" border="0 1 0" fill="0 1 0" mode="-11"
 points="2.16372 5.4043,
	2.15135 5.39193,
	2.16372 5.37956,
	2.17609 5.39193,
	"/>
<Contour name="d04ax19ssvr" hidden="false" closed="true" simplified="false" border="0 1 0" fill="0 1 0" mode="-11"
 points="2.12838 5.399,
	2.11601 5.38663,
	2.12838 5.37426,
	2.14075 5.38663,
	"/>
<Contour name="d04ax19ssvr" hidden="false" closed="true" simplified="false" border="0 1 0" fill="0 1 0" mode="-11"
 points="2.40759 5.45201,
	2.39522 5.43964,
	2.40759 5.42727,
	2.41996 5.43964,
	"/>
<Contour name="d04ax19ssvr" hidden="false" closed="true" simplified="false" border="0 1 0" fill="0 1 0" mode="-11"
 points="2.0948 5.1728,
	2.08243 5.16043,
	2.0948 5.14806,
	2.10717 5.16043,
	"/>
<Contour name="d04ax19ssvr" hidden="false" closed="true" simplified="false" border="0 1 0" fill="0 1 0" mode="-11"
 points="2.04002 5.20107,
	2.02765 5.1887,
	2.04002 5.17633,
	2.05239 5.1887,
	"/>
<Contour name="d04ax19ssvr" hidden="false" closed="true" simplified="false" border="0 1 0" fill="0 1 0" mode="-11"
 points="2.2026 5.22935,
	2.19023 5.21698,
	2.2026 5.20461,
	2.21497 5.21698,
	"/>
<Contour name="d04ax19ssvr" hidden="false" closed="true" simplified="false" border="0 1 0" fill="0 1 0" mode="-11"
 points="2.20083 5.16926,
	2.18846 5.15689,
	2.20083 5.14452,
	2.2132 5.15689,
	"/>
<Contour name="d04ax19ssvr" hidden="false" closed="true" simplified="false" border="0 1 0" fill="0 1 0" mode="-11"
 points="1.57878 5.38839,
	1.56641 5.37602,
	1.57878 5.36365,
	1.59115 5.37602,
	"/>
<Contour name="d04ax19ssvr" hidden="false" closed="true" simplified="false" border="0 1 0" fill="0 1 0" mode="-11"
 points="1.65477 5.36189,
	1.6424 5.34952,
	1.65477 5.33715,
	1.66714 5.34952,
	"/>
<Contour name="d04ax19ssvr" hidden="false" closed="true" simplified="false" border="0 1 0" fill="0 1 0" mode="-11"
 points="1.44978 5.46438,
	1.43741 5.45201,
	1.44978 5.43964,
	1.46215 5.45201,
	"/>
<Contour name="d04ax19ssvr" hidden="false" closed="true" simplified="false" border="0 1 0" fill="0 1 0" mode="-11"
 points="2.21143 5.50503,
	2.19906 5.49266,
	2.21143 5.48029,
	2.2238 5.49266,
	"/>
<Contour name="d04ax19ssvr" hidden="false" closed="true" simplified="false" border="0 1 0" fill="0 1 0" mode="-11"
 points="2.21143 5.41313,
	2.19906 5.40076,
	2.21143 5.38839,
	2.2238 5.40076,
	"/>
<Contour name="d04ax19ssvr" hidden="false" closed="true" simplified="false" border="0 1 0" fill="0 1 0" mode="-11"
 points="2.39169 5.2965,
	2.37931 5.28413,
	2.39169 5.27176,
	2.40406 5.28413,
	"/>
</Transform>

<Transform dim="0"
 xcoef=" 0 1 0 0 0 0"
 ycoef=" 0 0 1 0 0 0">
<Contour name="d01ax25" hidden="false" closed="true" simplified="true" border="1 0 1" fill="1 0 1" mode="11"
 points="3.60195 2.98276,
	3.60823 2.97019,
	3.6208 2.96076,
	3.63338 2.95762,
	3.63652 2.95133,
	3.6428 2.95133,
	3.65852 2.92933,
	3.68052 2.91047,
	3.68681 2.90419,
	3.69309 2.90419,
	3.70252 2.89476,
	3.7151 2.89161,
	3.74024 2.87276,
	3.7811 2.8319,
	3.79996 2.80675,
	3.8251 2.78475,
	3.87225 2.75332,
	3.89739 2.73446,
	3.94768 2.71246,
	3.99797 2.70617,
	4.09855 2.70932,
	4.14884 2.71246,
	4.17398 2.71246,
	4.18655 2.70617,
	4.23684 2.70932,
	4.24313 2.70932,
	4.25884 2.73132,
	4.26199 2.74389,
	4.27142 2.75646,
	4.29656 2.76275,
	4.34685 2.75961,
	4.37199 2.76275,
	4.394 2.77846,
	4.40971 2.80361,
	4.41914 2.82875,
	4.41914 2.87904,
	4.41914 2.90419,
	4.42543 2.92933,
	4.42543 2.95448,
	4.42543 2.96705,
	4.39714 3.01734,
	4.38457 3.02991,
	4.34056 3.06134,
	4.32171 3.08334,
	4.29656 3.09906,
	4.28399 3.10848,
	4.25884 3.11477,
	4.20856 3.11477,
	4.15827 3.1242,
	4.13312 3.13363,
	4.12055 3.13992,
	4.11426 3.13992,
	4.10169 3.14934,
	4.07655 3.15877,
	4.06397 3.16192,
	4.0514 3.17135,
	4.00111 3.19335,
	3.97597 3.20278,
	3.92568 3.20592,
	3.8251 3.1902,
	3.77481 3.18706,
	3.76224 3.18392,
	3.75595 3.18392,
	3.74967 3.17763,
	3.72452 3.1682,
	3.68995 3.1242,
	3.65538 3.07391,
	3.65538 3.06763,
	3.63023 3.05505,
	3.61766 3.04562,
	3.60823 3.02048,
	3.60195 3.00791,
	3.60195 2.98591,
	"/>
</Transform>

<Transform dim="0"
 xcoef=" 0 1 0 0 0 0"
 ycoef=" 0 0 1 0 0 0">
<Contour name="d03ax17" hidden="false" closed="true" simplified="true" border="0 1 1" fill="0 1 1" mode="-11"
 points="4.47181 4.63342,
	4.4754 4.62193,
	4.48474 4.59894,
	4.49695 4.57596,
	4.50557 4.56447,
	4.51706 4.55369,
	4.52855 4.54579,
	4.5343 4.5422,
	4.53717 4.54004,
	4.53789 4.53933,
	4.54938 4.54076,
	4.56087 4.54076,
	4.56662 4.54148,
	4.56949 4.54148,
	4.57524 4.54364,
	4.58098 4.54723,
	4.58386 4.54866,
	4.58529 4.5501,
	4.58673 4.5501,
	4.59822 4.55656,
	4.60397 4.55944,
	4.61546 4.56877,
	4.62695 4.57596,
	4.63844 4.58098,
	4.64994 4.58314,
	4.67292 4.58314,
	4.68441 4.58529,
	4.6959 4.59176,
	4.69878 4.59463,
	4.70237 4.60038,
	4.70452 4.60612,
	4.70524 4.61187,
	4.70452 4.62336,
	4.70093 4.63485,
	4.69447 4.64635,
	4.68944 4.65137,
	4.68369 4.65496,
	4.68082 4.65568,
	4.67938 4.65712,
	4.6564 4.66358,
	4.64491 4.66789,
	4.62193 4.67292,
	4.59894 4.67436,
	4.58745 4.67508,
	4.57596 4.67723,
	4.57021 4.67795,
	4.54723 4.68513,
	4.54148 4.68585,
	4.53574 4.688,
	4.52424 4.68872,
	4.51275 4.688,
	4.50701 4.68585,
	4.50413 4.68513,
	4.5027 4.68369,
	4.49695 4.68154,
	4.49192 4.67723,
	4.48258 4.66574,
	4.47468 4.65425,
	4.47181 4.6485,
	4.47181 4.63701,
	4.47181 4.63414,
	"/>
</Transform>

<Transform dim="0"
 xcoef=" 0 1 0 0 0 0"
 ycoef=" 0 0 1 0 0 0">
<Contour name="d04ax20" hidden="false" closed="true" simplified="true" border="0 1 1" fill="0 1 1" mode="-11"
 points="3.41395 4.664,
	3.41839 4.65215,
	3.44209 4.63438,
	3.45394 4.62401,
	3.46578 4.6166,
	3.51318 4.60031,
	3.53688 4.59587,
	3.54873 4.59587,
	3.57242 4.60623,
	3.61982 4.63289,
	3.64352 4.64474,
	3.73831 4.67881,
	3.762 4.68325,
	3.8094 4.70102,
	3.82125 4.70695,
	3.86864 4.7425,
	3.88938 4.76619,
	3.89382 4.77212,
	3.89382 4.77508,
	3.9116 4.79878,
	3.95899 4.83877,
	3.96492 4.84173,
	3.97084 4.84765,
	3.97528 4.8595,
	3.97528 4.8832,
	3.97676 4.89505,
	3.98269 4.9069,
	4.00639 4.92911,
	4.02712 4.95281,
	4.02564 4.96466,
	4.03305 4.98836,
	4.03749 5.01206,
	4.03897 5.01798,
	4.08192 5.06538,
	4.08785 5.0713,
	4.09081 5.08315,
	4.08637 5.095,
	4.076 5.1024,
	4.07007 5.10537,
	4.04638 5.10833,
	3.99898 5.10537,
	3.97528 5.10092,
	3.92789 5.08167,
	3.90419 5.07871,
	3.88049 5.06834,
	3.8331 5.03872,
	3.82125 5.03131,
	3.77385 4.99132,
	3.73683 4.94393,
	3.72646 4.93208,
	3.70276 4.91875,
	3.69091 4.91282,
	3.68499 4.90986,
	3.66129 4.88912,
	3.64944 4.87876,
	3.63759 4.87135,
	3.5902 4.83432,
	3.5428 4.8047,
	3.49541 4.76767,
	3.44801 4.72324,
	3.42579 4.69954,
	3.41839 4.68769,
	3.41543 4.68177,
	3.41395 4.66992,
	3.41395 4.66548,
	"/>
</Transform>

<Transform dim="0"
 xcoef=" 0 1 0 0 0 0"
 ycoef=" 0 0 1 0 0 0">
<Contour name="d01c25" hidden="false" closed="true" simplified="true" border="0 1 0" fill="0 1 0" mode="-9"
 points="4.04472 3.12203,
	4.14653 3.08623,
	4.15926 3.08226,
	4.16562 3.07987,
	4.16721 3.07907,
	4.1688 3.07987,
	4.19346 3.18168,
	4.19664 3.19441,
	4.19744 3.196,
	4.19664 3.19759,
	4.19346 3.1968,
	4.09165 3.22543,
	4.08528 3.22702,
	4.08369 3.22782,
	4.08131 3.22543,
	4.04551 3.12362,
	4.04472 3.12282,
	"/>
</Transform>

<Transform dim="0"
 xcoef=" 0 1 0 0 0 0"
 ycoef=" 0 0 1 0 0 0">
<Contour name="d04c21" hidden="false" closed="true" simplified="true" border="0 1 0" fill="0 1 0" mode="9"
 points="2.95994 6.3051,
	2.98401 6.3036,
	3.08032 6.30134,
	3.09236 6.30134,
	3.09537 6.30134,
	3.14352 6.32241,
	3.1676 6.33294,
	3.17362 6.33595,
	3.17663 6.33746,
	3.17889 6.33671,
	3.1819 6.33971,
	3.1834 6.34047,
	3.18265 6.34122,
	3.20071 6.3653,
	3.20973 6.37733,
	3.21425 6.38335,
	3.20146 6.43151,
	3.19469 6.45558,
	3.19092 6.46762,
	3.14277 6.46085,
	3.11869 6.45709,
	3.10666 6.45483,
	3.10064 6.45408,
	3.09913 6.45408,
	3.0886 6.43,
	3.08408 6.41796,
	3.08032 6.4127,
	3.05625 6.40593,
	3.05023 6.40442,
	3.00207 6.41345,
	2.99003 6.41571,
	2.98702 6.41646,
	2.98326 6.40442,
	2.96069 6.30811,
	2.95994 6.30586,
	"/>
</Transform>

<Transform dim="1"
 xcoef=" -0.01 1 0 0 0 0"
 ycoef=" 0 0 1 0 0 0">
<Contour name="d04cfa21b" hidden="false" closed="true" simplified="true" border="0 1 0" fill="0 1 0" mode="11"
 points="2.64561 6.50408,
	2.64665 6.49992,
	2.65394 6.49158,
	2.66228 6.48637,
	2.67061 6.48324,
	2.70396 6.46553,
	2.71959 6.46032,
	2.73626 6.45303,
	2.75293 6.44365,
	2.76127 6.4374,
	2.77273 6.42072,
	2.77794 6.41239,
	2.78106 6.40822,
	2.78211 6.40405,
	2.79148 6.38738,
	2.79669 6.37905,
	2.80503 6.37175,
	2.81337 6.36758,
	2.83004 6.36758,
	2.84671 6.37175,
	2.85088 6.37384,
	2.85504 6.378,
	2.854 6.38634,
	2.83421 6.41968,
	2.83316 6.42385,
	2.82379 6.44052,
	2.81128 6.45719,
	2.80399 6.46553,
	2.78732 6.47908,
	2.77064 6.48845,
	2.7373 6.502,
	2.72063 6.50825,
	2.71229 6.51242,
	2.69562 6.51659,
	2.67895 6.51763,
	2.67061 6.51659,
	2.66645 6.51659,
	2.66228 6.5145,
	2.65394 6.51346,
	2.64977 6.51138,
	2.64561 6.50721,
	2.64561 6.50513,
	"/>
</Transform>

<Transform dim="0"
 xcoef=" 0 1 0 0 0 0"
 ycoef=" 0 0 1 0 0 0">
<Contour name="d04c21b" hidden="false" closed="true" simplified="true" border="0 0 1" fill="0 0 1" mode="11"
 points="2.48827 6.44156,
	2.49452 6.43323,
	2.49869 6.42906,
	2.50702 6.42489,
	2.51119 6.42177,
	2.54453 6.41135,
	2.5612 6.40718,
	2.59455 6.40405,
	2.61122 6.40301,
	2.61956 6.40301,
	2.63623 6.39884,
	2.6404 6.39676,
	2.64873 6.38947,
	2.66124 6.37279,
	2.66645 6.36446,
	2.66853 6.36029,
	2.67582 6.35195,
	2.68312 6.3457,
	2.6852 6.34362,
	2.69354 6.34049,
	2.70187 6.34049,
	2.71854 6.3457,
	2.72584 6.35091,
	2.73313 6.35821,
	2.73417 6.36654,
	2.73313 6.37488,
	2.73001 6.38321,
	2.72584 6.38738,
	2.72375 6.39155,
	2.70812 6.40822,
	2.69979 6.41552,
	2.6977 6.4176,
	2.69354 6.41864,
	2.66124 6.44261,
	2.64456 6.45303,
	2.6404 6.45511,
	2.63831 6.45511,
	2.63414 6.45824,
	2.61747 6.46449,
	2.6133 6.46449,
	2.59663 6.4697,
	2.56329 6.47387,
	2.54662 6.47595,
	2.52994 6.47595,
	2.51327 6.47387,
	2.4966 6.46553,
	2.48931 6.45719,
	2.48827 6.44886,
	2.48827 6.44469,
	2.48827 6.44261,
	"/>
</Transform>

<Transform dim="0"
 xcoef=" 0 1 0 0 0 0"
 ycoef=" 0 0 1 0 0 0">
<Contour name="d04c21b" hidden="false" closed="true" simplified="true" border="0 0 1" fill="0 0 1" mode="11"
 points="2.64561 6.50408,
	2.64665 6.49992,
	2.65394 6.49158,
	2.66228 6.48637,
	2.67061 6.48324,
	2.70396 6.46553,
	2.71959 6.46032,
	2.73626 6.45303,
	2.75293 6.44365,
	2.76127 6.4374,
	2.77273 6.42072,
	2.77794 6.41239,
	2.78106 6.40822,
	2.78211 6.40405,
	2.79148 6.38738,
	2.79669 6.37905,
	2.80503 6.37175,
	2.81337 6.36758,
	2.83004 6.36758,
	2.84671 6.37175,
	2.85088 6.37384,
	2.85504 6.378,
	2.854 6.38634,
	2.83421 6.41968,
	2.83316 6.42385,
	2.82379 6.44052,
	2.81128 6.45719,
	2.80399 6.46553,
	2.78732 6.47908,
	2.77064 6.48845,
	2.7373 6.502,
	2.72063 6.50825,
	2.71229 6.51242,
	2.69562 6.51659,
	2.67895 6.51763,
	2.67061 6.51659,
	2.66645 6.51659,
	2.66228 6.5145,
	2.65394 6.51346,
	2.64977 6.51138,
	2.64561 6.50721,
	2.64561 6.50513,
	"/>
</Transform>

</Section>