<?xml version="1.0"?>
<!DOCTYPE Section SYSTEM "section.dtd">

<Section index="124" thickness="0.0532092" alignLocked="true">
<Transform dim="0"
 xcoef=" 0 1 0 0 0 0"
 ycoef=" 0 0 1 0 0 0">
<Contour name="mito11" hidden="false" closed="false" simplified="true" border="1 0.5 0" fill="1 0.5 0" mode="13"
 points="5.97078 4.29367,
	6.03989 4.07354,
	"/>
</Transform>

<Transform dim="0"
 xcoef=" 0 1 0 0 0 0"
 ycoef=" 0 0 1 0 0 0">
<Contour name="Ax01" hidden="false" closed="true" simplified="true" border="1 0.5 0" fill="1 0.5 0" mode="11"
 points="4.93741 1.65423,
	4.95145 1.63457,
	4.97392 1.62333,
	5.06379 1.59806,
	5.10873 1.59244,
	5.1312 1.58963,
	5.22107 1.59244,
	5.40082 1.58402,
	5.44575 1.58402,
	5.45699 1.58402,
	5.47946 1.59244,
	5.56933 1.59525,
	5.58056 1.59806,
	5.58618 1.59806,
	5.62831 1.62614,
	5.64516 1.6458,
	5.63393 1.73568,
	5.63393 1.78061,
	5.64235 1.82555,
	5.64235 1.83678,
	5.63112 1.85925,
	5.61988 1.87049,
	5.60865 1.8761,
	5.60303 1.88172,
	5.59742 1.88172,
	5.5918 1.88734,
	5.58056 1.89015,
	5.56933 1.89857,
	5.54686 1.907,
	5.50193 1.91261,
	5.49069 1.91542,
	5.47946 1.92385,
	5.38958 1.95755,
	5.34465 1.96317,
	5.25477 1.96036,
	5.20984 1.95193,
	5.16771 1.92666,
	5.15648 1.91823,
	5.11154 1.90981,
	5.09188 1.89295,
	5.05818 1.84802,
	5.04975 1.82555,
	5.05256 1.80308,
	5.07222 1.75814,
	5.07784 1.74691,
	5.07784 1.72444,
	5.06098 1.70759,
	5.03852 1.69636,
	5.02728 1.69074,
	4.98235 1.69355,
	4.97111 1.69355,
	4.94864 1.68512,
	4.94022 1.67389,
	4.93741 1.66265,
	4.93741 1.65704,
	"/>
</Transform>

<Transform dim="0"
 xcoef=" 0 1 0 0 0 0"
 ycoef=" 0 0 1 0 0 0">
<Contour name="Ax01" hidden="false" closed="true" simplified="true" border="1 0.5 0" fill="1 0.5 0" mode="11"
 points="5.14243 0.171321,
	5.15648 0.148852,
	5.17894 0.129193,
	5.19018 0.123576,
	5.19579 0.123576,
	5.1986 0.117959,
	5.20984 0.11515,
	5.23231 0.101107,
	5.27724 0.0870647,
	5.29971 0.0842561,
	5.31094 0.0842561,
	5.31656 0.0870647,
	5.33341 0.0674049,
	5.35588 0.0252768,
	5.36992 0.00280854,
	5.41205 -0.0421281,
	5.43171 -0.0645964,
	5.47384 -0.0954903,
	5.49631 -0.106724,
	5.58618 -0.129193,
	5.60865 -0.140427,
	5.61988 -0.146044,
	5.66201 -0.190981,
	5.67325 -0.202215,
	5.67886 -0.207832,
	5.68729 -0.252768,
	5.69291 -0.264003,
	5.71537 -0.266811,
	5.7238 -0.275237,
	5.72661 -0.286471,
	5.73503 -0.297705,
	5.73503 -0.303322,
	5.7575 -0.322982,
	5.76874 -0.328599,
	5.77435 -0.334216,
	5.78559 -0.337025,
	5.7912 -0.342642,
	5.80244 -0.34545,
	5.81367 -0.353876,
	5.83614 -0.359493,
	5.92601 -0.426898,
	6.01027 -0.508345,
	6.01027 -0.519579,
	6.00185 -0.530814,
	6.00185 -0.536431,
	5.97938 -0.550473,
	5.97376 -0.561708,
	5.98219 -0.606644,
	5.97376 -0.629112,
	5.97095 -0.651581,
	5.96814 -0.662815,
	5.96253 -0.668432,
	5.96253 -0.674049,
	5.9541 -0.685283,
	5.94567 -0.707752,
	5.93163 -0.73022,
	5.92601 -0.735837,
	5.9204 -0.780773,
	5.92321 -0.792008,
	5.94567 -0.814476,
	5.9878 -0.850987,
	5.99623 -0.873455,
	5.99342 -0.918392,
	5.99061 -0.94086,
	5.99342 -0.963328,
	5.99623 -0.974563,
	6.02993 -1.0195,
	6.03555 -1.03073,
	6.08048 -1.07286,
	6.10295 -1.08129,
	6.12542 -1.0841,
	6.14789 -1.07286,
	6.15912 -1.06163,
	6.16193 -1.05039,
	6.15631 -1.02792,
	6.11419 -0.988605,
	6.10295 -0.968946,
	6.10576 -0.924009,
	6.10857 -0.901541,
	6.12542 -0.856604,
	6.12261 -0.811667,
	6.12823 -0.789199,
	6.13104 -0.777965,
	6.1507 -0.761114,
	6.16755 -0.738645,
	6.17036 -0.716177,
	6.19002 -0.671241,
	6.19283 -0.648772,
	6.19283 -0.637538,
	6.19844 -0.626304,
	6.20968 -0.617878,
	6.2181 -0.59541,
	6.22091 -0.572942,
	6.2181 -0.550473,
	6.20125 -0.505537,
	6.1844 -0.483068,
	6.13946 -0.449366,
	6.1198 -0.432515,
	6.09172 -0.387578,
	6.09172 -0.381961,
	6.06925 -0.359493,
	6.04678 -0.34545,
	6.00185 -0.303322,
	5.95691 -0.275237,
	5.9204 -0.233109,
	5.83052 -0.171321,
	5.78559 -0.146044,
	5.76312 -0.132001,
	5.75189 -0.126384,
	5.73223 -0.103916,
	5.67325 -0.0140427,
	5.60865 0.0758305,
	5.58899 0.120767,
	5.57214 0.143235,
	5.54967 0.188172,
	5.54405 0.233109,
	5.53563 0.255577,
	5.53001 0.266811,
	5.50754 0.283662,
	5.41767 0.32579,
	5.37273 0.331407,
	5.28286 0.328599,
	5.23792 0.322982,
	5.19299 0.297705,
	5.17613 0.275237,
	5.17052 0.252768,
	5.17052 0.241534,
	5.14524 0.196598,
	5.14243 0.174129,
	"/>
</Transform>

<Transform dim="0"
 xcoef=" 0 1 0 0 0 0"
 ycoef=" 0 0 1 0 0 0">
<Contour name="Ax01B03ssrv1" hidden="false" closed="true" simplified="false" border="0.5 0 1" fill="0.5 0 1" mode="13"
 points="5.30304 1.90075,
	5.29341 1.89754,
	5.30304 1.89433,
	5.29662 1.8847,
	5.30625 1.89112,
	5.30946 1.88149,
	5.31267 1.89112,
	5.3223 1.8847,
	5.31588 1.89433,
	5.32551 1.89754,
	5.31588 1.90075,
	5.3223 1.91038,
	5.31267 1.90396,
	5.30946 1.91359,
	5.30625 1.90396,
	5.29662 1.91038,
	"/>
<Contour name="Ax01B03ssrv2" hidden="false" closed="true" simplified="false" border="0.5 0 1" fill="0.5 0 1" mode="13"
 points="5.21959 1.88791,
	5.20996 1.8847,
	5.21959 1.88149,
	5.21317 1.87186,
	5.2228 1.87828,
	5.22601 1.86865,
	5.22922 1.87828,
	5.23885 1.87186,
	5.23243 1.88149,
	5.24206 1.8847,
	5.23243 1.88791,
	5.23885 1.89754,
	5.22922 1.89112,
	5.22601 1.90075,
	5.2228 1.89112,
	5.21317 1.89754,
	"/>
<Contour name="Ax01B03ssrv3" hidden="false" closed="true" simplified="false" border="0.5 0 1" fill="0.5 0 1" mode="13"
 points="5.22601 1.84619,
	5.21638 1.84298,
	5.22601 1.83977,
	5.21959 1.83014,
	5.22922 1.83656,
	5.23243 1.82693,
	5.23564 1.83656,
	5.24527 1.83014,
	5.23885 1.83977,
	5.24848 1.84298,
	5.23885 1.84619,
	5.24527 1.85581,
	5.23564 1.84939,
	5.23243 1.85902,
	5.22922 1.84939,
	5.21959 1.85581,
	"/>
</Transform>

<Transform dim="0"
 xcoef=" 0 1 0 0 0 0"
 ycoef=" 0 0 1 0 0 0">
<Contour name="Ax01B04ssrv5" hidden="false" closed="true" simplified="false" border="0.5 0 1" fill="0.5 0 1" mode="13"
 points="5.39291 0.0809157,
	5.38328 0.0777062,
	5.39291 0.0744966,
	5.38649 0.0648678,
	5.39612 0.071287,
	5.39933 0.0616583,
	5.40254 0.071287,
	5.41216 0.0648678,
	5.40575 0.0744966,
	5.41537 0.0777062,
	5.40575 0.0809157,
	5.41216 0.0905445,
	5.40254 0.0841253,
	5.39933 0.0937541,
	5.39612 0.0841253,
	5.38649 0.0905445,
	"/>
</Transform>

<Transform dim="0"
 xcoef=" 0 1 0 0 0 0"
 ycoef=" 0 0 1 0 0 0">
<Contour name="Ax01B04ssrv7" hidden="false" closed="true" simplified="false" border="0.5 0 1" fill="0.5 0 1" mode="13"
 points="5.961 -0.33633,
	5.95137 -0.339539,
	5.961 -0.342749,
	5.95458 -0.352378,
	5.96421 -0.345958,
	5.96742 -0.355587,
	5.97063 -0.345958,
	5.98026 -0.352378,
	5.97384 -0.342749,
	5.98347 -0.339539,
	5.97384 -0.33633,
	5.98026 -0.326701,
	5.97063 -0.33312,
	5.96742 -0.323491,
	5.96421 -0.33312,
	5.95458 -0.326701,
	"/>
<Contour name="Ax01B04ssrv8" hidden="false" closed="true" simplified="false" border="0.5 0 1" fill="0.5 0 1" mode="13"
 points="6.15358 -0.551372,
	6.14395 -0.554581,
	6.15358 -0.557791,
	6.14716 -0.56742,
	6.15679 -0.561,
	6.16 -0.570629,
	6.16321 -0.561,
	6.17284 -0.56742,
	6.16642 -0.557791,
	6.17604 -0.554581,
	6.16642 -0.551372,
	6.17284 -0.541743,
	6.16321 -0.548162,
	6.16 -0.538533,
	6.15679 -0.548162,
	6.14716 -0.541743,
	"/>
<Contour name="Ax01B04ssrv9" hidden="false" closed="true" simplified="false" border="0.5 0 1" fill="0.5 0 1" mode="13"
 points="5.99952 -0.654078,
	5.98989 -0.657288,
	5.99952 -0.660497,
	5.9931 -0.670126,
	6.00273 -0.663707,
	6.00594 -0.673336,
	6.00915 -0.663707,
	6.01878 -0.670126,
	6.01236 -0.660497,
	6.02198 -0.657288,
	6.01236 -0.654078,
	6.01878 -0.644449,
	6.00915 -0.650869,
	6.00594 -0.64124,
	6.00273 -0.650869,
	5.9931 -0.644449,
	"/>
</Transform>

<Transform dim="0"
 xcoef=" 0 1 0 0 0 0"
 ycoef=" 0 0 1 0 0 0">
<Contour name="Ax03" hidden="false" closed="true" simplified="true" border="1 0 0.5" fill="1 0 0.5" mode="-11"
 points="2.94823 2.68946,
	2.95986 2.6662,
	3.00638 2.65166,
	3.0529 2.64876,
	3.07616 2.64294,
	3.1692 2.64294,
	3.26224 2.63712,
	3.35528 2.63712,
	3.4018 2.63712,
	3.41343 2.64003,
	3.42216 2.65166,
	3.42797 2.65748,
	3.42797 2.68074,
	3.41053 2.72726,
	3.4018 2.75052,
	3.35819 2.79413,
	3.33784 2.81739,
	3.32621 2.84065,
	3.30586 2.861,
	3.2826 2.87554,
	3.27678 2.88136,
	3.25352 2.88717,
	3.16048 2.89008,
	3.13722 2.89008,
	3.11396 2.88426,
	3.06744 2.8581,
	3.0529 2.84065,
	3.03836 2.81739,
	3.03255 2.79413,
	3.0122 2.77087,
	3.0122 2.76506,
	2.98312 2.72144,
	2.95986 2.70981,
	2.94823 2.69818,
	2.94823 2.69237,
	"/>
</Transform>

<Transform dim="0"
 xcoef=" 0 1 0 0 0 0"
 ycoef=" 0 0 1 0 0 0">
<Contour name="Ax03B04ssrv25" hidden="false" closed="true" simplified="false" border="0.5 0 1" fill="0.5 0 1" mode="13"
 points="3.06601 2.70667,
	3.05673 2.70357,
	3.06601 2.70048,
	3.05982 2.69119,
	3.06911 2.69738,
	3.0722 2.6881,
	3.0753 2.69738,
	3.08458 2.69119,
	3.07839 2.70048,
	3.08768 2.70357,
	3.07839 2.70667,
	3.08458 2.71596,
	3.0753 2.70976,
	3.0722 2.71905,
	3.06911 2.70976,
	3.05982 2.71596,
	"/>
<Contour name="Ax03B04ssrv26" hidden="false" closed="true" simplified="false" border="0.5 0 1" fill="0.5 0 1" mode="13"
 points="3.12173 2.72524,
	3.11244 2.72215,
	3.12173 2.71905,
	3.11554 2.70976,
	3.12483 2.71596,
	3.12792 2.70667,
	3.13102 2.71596,
	3.1403 2.70976,
	3.13411 2.71905,
	3.1434 2.72215,
	3.13411 2.72524,
	3.1403 2.73453,
	3.13102 2.72834,
	3.12792 2.73762,
	3.12483 2.72834,
	3.11554 2.73453,
	"/>
<Contour name="Ax03B04ssrv27" hidden="false" closed="true" simplified="false" border="0.5 0 1" fill="0.5 0 1" mode="13"
 points="3.11863 2.78406,
	3.10935 2.78096,
	3.11863 2.77787,
	3.11244 2.76858,
	3.12173 2.77477,
	3.12483 2.76548,
	3.12792 2.77477,
	3.13721 2.76858,
	3.13102 2.77787,
	3.1403 2.78096,
	3.13102 2.78406,
	3.13721 2.79334,
	3.12792 2.78715,
	3.12483 2.79644,
	3.12173 2.78715,
	3.11244 2.79334,
	"/>
<Contour name="Ax03B04ssrv28" hidden="false" closed="true" simplified="false" border="0.5 0 1" fill="0.5 0 1" mode="13"
 points="3.18364 2.79953,
	3.17435 2.79644,
	3.18364 2.79334,
	3.17745 2.78406,
	3.18674 2.79025,
	3.18983 2.78096,
	3.19293 2.79025,
	3.20221 2.78406,
	3.19602 2.79334,
	3.20531 2.79644,
	3.19602 2.79953,
	3.20221 2.80882,
	3.19293 2.80263,
	3.18983 2.81192,
	3.18674 2.80263,
	3.17745 2.80882,
	"/>
<Contour name="Ax03B04ssrv29" hidden="false" closed="true" simplified="false" border="0.5 0 1" fill="0.5 0 1" mode="13"
 points="3.24864 2.72834,
	3.23936 2.72524,
	3.24864 2.72215,
	3.24245 2.71286,
	3.25174 2.71905,
	3.25484 2.70976,
	3.25793 2.71905,
	3.26722 2.71286,
	3.26103 2.72215,
	3.27031 2.72524,
	3.26103 2.72834,
	3.26722 2.73762,
	3.25793 2.73143,
	3.25484 2.74072,
	3.25174 2.73143,
	3.24245 2.73762,
	"/>
<Contour name="Ax03B04ssrv30" hidden="false" closed="true" simplified="false" border="0.5 0 1" fill="0.5 0 1" mode="13"
 points="3.31675 2.68191,
	3.30746 2.67881,
	3.31675 2.67571,
	3.31055 2.66643,
	3.31984 2.67262,
	3.32294 2.66333,
	3.32603 2.67262,
	3.33532 2.66643,
	3.32913 2.67571,
	3.33841 2.67881,
	3.32913 2.68191,
	3.33532 2.69119,
	3.32603 2.685,
	3.32294 2.69429,
	3.31984 2.685,
	3.31055 2.69119,
	"/>
</Transform>

<Transform dim="0"
 xcoef=" 0 1 0 0 0 0"
 ycoef=" 0 0 1 0 0 0">
<Contour name="Ax04" hidden="false" closed="true" simplified="true" border="1 0 0" fill="1 0 0" mode="-11"
 points="3.95638 5.81872,
	3.99404 5.77817,
	4.01721 5.76369,
	4.06355 5.7579,
	4.08672 5.74631,
	4.12727 5.71445,
	4.16781 5.68839,
	4.21416 5.65653,
	4.22574 5.64494,
	4.24891 5.63046,
	4.2547 5.63046,
	4.27788 5.61598,
	4.30105 5.60729,
	4.34739 5.5986,
	4.39373 5.5986,
	4.44007 5.60439,
	4.44586 5.61019,
	4.46903 5.61308,
	4.4922 5.62756,
	4.50089 5.63915,
	4.50669 5.66232,
	4.50379 5.68549,
	4.50379 5.69128,
	4.48641 5.71445,
	4.47772 5.73762,
	4.4922 5.78397,
	4.51248 5.80424,
	4.51537 5.82741,
	4.50669 5.87375,
	4.50669 5.92009,
	4.50669 5.94326,
	4.48641 5.96354,
	4.44007 5.98381,
	4.39373 6.01278,
	4.37056 6.02146,
	4.35897 6.02436,
	4.35318 6.03015,
	4.34159 6.03305,
	4.29525 6.05912,
	4.27208 6.06201,
	4.1794 6.05332,
	4.13306 6.03305,
	4.11278 6.01278,
	4.0983 5.9954,
	4.08672 5.97223,
	4.07224 5.95485,
	4.06065 5.93168,
	4.05196 5.92009,
	4.05196 5.9143,
	4.04617 5.90851,
	4.04327 5.89692,
	4.04327 5.89113,
	4.03169 5.87954,
	4.02589 5.87375,
	3.97955 5.87086,
	3.96797 5.86217,
	3.95638 5.839,
	3.95638 5.82741,
	3.95638 5.82162,
	"/>
</Transform>

<Transform dim="0"
 xcoef=" 0 1 0 0 0 0"
 ycoef=" 0 0 1 0 0 0">
<Contour name="Ax05" hidden="false" closed="true" simplified="true" border="1 1 0" fill="1 1 0" mode="-11"
 points="1.82148 5.56184,
	1.83991 5.54605,
	1.88202 5.53025,
	1.92414 5.51972,
	1.9452 5.51709,
	2.02943 5.49077,
	2.07154 5.48287,
	2.11366 5.48024,
	2.13471 5.48024,
	2.17683 5.49077,
	2.19789 5.4934,
	2.20842 5.49077,
	2.22947 5.49603,
	2.2479 5.5092,
	2.25843 5.51972,
	2.26896 5.54078,
	2.27949 5.5829,
	2.27685 5.60395,
	2.27685 5.61448,
	2.26632 5.63291,
	2.25053 5.65133,
	2.22947 5.66976,
	2.14524 5.69871,
	2.10313 5.70135,
	2.06101 5.69608,
	2.03996 5.69345,
	2.0189 5.69871,
	1.97678 5.69082,
	1.95572 5.68818,
	1.9452 5.68555,
	1.93993 5.68555,
	1.93467 5.68029,
	1.92414 5.67766,
	1.91361 5.66976,
	1.87149 5.6566,
	1.85044 5.64607,
	1.82938 5.63028,
	1.82148 5.58816,
	1.82148 5.5671,
	1.82148 5.56447,
	"/>
</Transform>

<Transform dim="0"
 xcoef=" 0 1 0 0 0 0"
 ycoef=" 0 0 1 0 0 0">
<Contour name="Ax05" hidden="false" closed="true" simplified="true" border="1 1 0" fill="1 1 0" mode="-11"
 points="-1.00221 5.66248,
	-0.981575 5.61532,
	-0.93736 5.58584,
	-0.916727 5.56521,
	-0.825349 5.5151,
	-0.778186 5.49446,
	-0.766395 5.48857,
	-0.7605 5.48857,
	-0.754604 5.48267,
	-0.707442 5.46793,
	-0.613116 5.42962,
	-0.601325 5.42372,
	-0.507 5.42077,
	-0.412674 5.41193,
	-0.365512 5.41193,
	-0.34193 5.41193,
	-0.294767 5.42667,
	-0.288872 5.42667,
	-0.282977 5.43256,
	-0.259395 5.43846,
	-0.2535 5.43846,
	-0.247605 5.44435,
	-0.200442 5.4532,
	-0.153279 5.45025,
	-0.129698 5.45614,
	-0.123802 5.45614,
	-0.117907 5.46204,
	-0.0943256 5.46793,
	-0.0825349 5.47088,
	-0.0589535 5.48857,
	-0.0501105 5.50036,
	-0.0560058 5.54752,
	-0.0677965 5.5711,
	-0.112012 5.61532,
	-0.135593 5.633,
	-0.156227 5.65659,
	-0.16507 5.66838,
	-0.159174 5.71554,
	-0.173913 5.73912,
	-0.185703 5.74796,
	-0.197494 5.75091,
	-0.203389 5.75681,
	-0.226971 5.76565,
	-0.247605 5.78039,
	-0.262343 5.80397,
	-0.265291 5.82755,
	-0.262343 5.87471,
	-0.268238 5.8983,
	-0.285924 5.92188,
	-0.306558 5.93367,
	-0.318349 5.93956,
	-0.365512 5.94251,
	-0.459837 5.97788,
	-0.507 5.98083,
	-0.554163 5.97788,
	-0.601325 5.96904,
	-0.695651 5.91598,
	-0.719232 5.90419,
	-0.728075 5.8983,
	-0.748709 5.87471,
	-0.763448 5.85408,
	-0.787029 5.83934,
	-0.81061 5.83345,
	-0.854825 5.79807,
	-0.866616 5.78923,
	-0.872511 5.78923,
	-0.896093 5.77449,
	-0.919674 5.76565,
	-0.940308 5.74207,
	-0.952099 5.73028,
	-0.972732 5.72143,
	-0.993366 5.7067,
	-0.999261 5.7008,
	-1.00221 5.67722,
	-1.00221 5.66543,
	"/>
</Transform>

<Transform dim="0"
 xcoef=" 0 1 0 0 0 0"
 ycoef=" 0 0 1 0 0 0">
<Contour name="Ax05B03ssrv47" hidden="false" closed="true" simplified="false" border="0.5 0 1" fill="0.5 0 1" mode="13"
 points="-0.383207 5.4676,
	-0.394056 5.46398,
	-0.383207 5.46037,
	-0.390439 5.44952,
	-0.379591 5.45675,
	-0.375975 5.4459,
	-0.372359 5.45675,
	-0.361511 5.44952,
	-0.368743 5.46037,
	-0.357895 5.46398,
	-0.368743 5.4676,
	-0.361511 5.47845,
	-0.372359 5.47122,
	-0.375975 5.48206,
	-0.379591 5.47122,
	-0.390439 5.47845,
	"/>
<Contour name="Ax05B03ssrv48" hidden="false" closed="true" simplified="false" border="0.5 0 1" fill="0.5 0 1" mode="13"
 points="-0.339815 5.52546,
	-0.350663 5.52184,
	-0.339815 5.51822,
	-0.347047 5.50738,
	-0.336199 5.51461,
	-0.332583 5.50376,
	-0.328967 5.51461,
	-0.318118 5.50738,
	-0.32535 5.51822,
	-0.314502 5.52184,
	-0.32535 5.52546,
	-0.318118 5.53631,
	-0.328967 5.52907,
	-0.332583 5.53992,
	-0.336199 5.52907,
	-0.347047 5.53631,
	"/>
<Contour name="Ax05B03ssrv49" hidden="false" closed="true" simplified="false" border="0.5 0 1" fill="0.5 0 1" mode="13"
 points="-0.292806 5.56162,
	-0.303654 5.558,
	-0.292806 5.55439,
	-0.300038 5.54354,
	-0.28919 5.55077,
	-0.285574 5.53992,
	-0.281958 5.55077,
	-0.27111 5.54354,
	-0.278342 5.55439,
	-0.267494 5.558,
	-0.278342 5.56162,
	-0.27111 5.57247,
	-0.281958 5.56523,
	-0.285574 5.57608,
	-0.28919 5.56523,
	-0.300038 5.57247,
	"/>
<Contour name="Ax05B03ssrv50" hidden="false" closed="true" simplified="false" border="0.5 0 1" fill="0.5 0 1" mode="13"
 points="-0.314502 5.62671,
	-0.32535 5.62309,
	-0.314502 5.61947,
	-0.321734 5.60863,
	-0.310886 5.61586,
	-0.30727 5.60501,
	-0.303654 5.61586,
	-0.292806 5.60863,
	-0.300038 5.61947,
	-0.28919 5.62309,
	-0.300038 5.62671,
	-0.292806 5.63755,
	-0.303654 5.63032,
	-0.30727 5.64117,
	-0.310886 5.63032,
	-0.321734 5.63755,
	"/>
<Contour name="Ax05B03ssrv51" hidden="false" closed="true" simplified="false" border="0.5 0 1" fill="0.5 0 1" mode="13"
 points="-0.314502 5.68456,
	-0.32535 5.68095,
	-0.314502 5.67733,
	-0.321734 5.66648,
	-0.310886 5.67372,
	-0.30727 5.66287,
	-0.303654 5.67372,
	-0.292806 5.66648,
	-0.300038 5.67733,
	-0.28919 5.68095,
	-0.300038 5.68456,
	-0.292806 5.69541,
	-0.303654 5.68818,
	-0.30727 5.69903,
	-0.310886 5.68818,
	-0.321734 5.69541,
	"/>
<Contour name="Ax05B03ssrv52" hidden="false" closed="true" simplified="false" border="0.5 0 1" fill="0.5 0 1" mode="13"
 points="-0.365127 5.69903,
	-0.375975 5.69541,
	-0.365127 5.6918,
	-0.372359 5.68095,
	-0.361511 5.68818,
	-0.357895 5.67733,
	-0.354279 5.68818,
	-0.343431 5.68095,
	-0.350663 5.6918,
	-0.339815 5.69541,
	-0.350663 5.69903,
	-0.343431 5.70988,
	-0.354279 5.70264,
	-0.357895 5.71349,
	-0.361511 5.70264,
	-0.372359 5.70988,
	"/>
<Contour name="Ax05B03ssrv53" hidden="false" closed="true" simplified="false" border="0.5 0 1" fill="0.5 0 1" mode="13"
 points="-0.357895 5.82559,
	-0.368743 5.82197,
	-0.357895 5.81836,
	-0.365127 5.80751,
	-0.354279 5.81474,
	-0.350663 5.80389,
	-0.347047 5.81474,
	-0.336199 5.80751,
	-0.343431 5.81836,
	-0.332583 5.82197,
	-0.343431 5.82559,
	-0.336199 5.83644,
	-0.347047 5.82921,
	-0.350663 5.84005,
	-0.354279 5.82921,
	-0.365127 5.83644,
	"/>
<Contour name="Ax05B03ssrv54" hidden="false" closed="true" simplified="false" border="0.5 0 1" fill="0.5 0 1" mode="13"
 points="-0.339815 5.78581,
	-0.350663 5.7822,
	-0.339815 5.77858,
	-0.347047 5.76773,
	-0.336199 5.77496,
	-0.332583 5.76412,
	-0.328967 5.77496,
	-0.318118 5.76773,
	-0.32535 5.77858,
	-0.314502 5.7822,
	-0.32535 5.78581,
	-0.318118 5.79666,
	-0.328967 5.78943,
	-0.332583 5.80028,
	-0.336199 5.78943,
	-0.347047 5.79666,
	"/>
<Contour name="Ax05B03ssrv55" hidden="false" closed="true" simplified="false" border="0.5 0 1" fill="0.5 0 1" mode="13"
 points="-0.560394 5.90876,
	-0.571242 5.90514,
	-0.560394 5.90153,
	-0.567626 5.89068,
	-0.556778 5.89791,
	-0.553162 5.88706,
	-0.549546 5.89791,
	-0.538698 5.89068,
	-0.54593 5.90153,
	-0.535082 5.90514,
	-0.54593 5.90876,
	-0.538698 5.91961,
	-0.549546 5.91238,
	-0.553162 5.92322,
	-0.556778 5.91238,
	-0.567626 5.91961,
	"/>
<Contour name="Ax05B03ssrv56" hidden="false" closed="true" simplified="false" border="0.5 0 1" fill="0.5 0 1" mode="13"
 points="-0.495305 5.84367,
	-0.506153 5.84005,
	-0.495305 5.83644,
	-0.502537 5.82559,
	-0.491689 5.83282,
	-0.488073 5.82197,
	-0.484457 5.83282,
	-0.473609 5.82559,
	-0.480841 5.83644,
	-0.469993 5.84005,
	-0.480841 5.84367,
	-0.473609 5.85452,
	-0.484457 5.84729,
	-0.488073 5.85813,
	-0.491689 5.84729,
	-0.502537 5.85452,
	"/>
<Contour name="Ax05B03ssrv57" hidden="false" closed="true" simplified="false" border="0.5 0 1" fill="0.5 0 1" mode="13"
 points="-0.578474 5.82197,
	-0.589323 5.81836,
	-0.578474 5.81474,
	-0.585707 5.80389,
	-0.574858 5.81113,
	-0.571242 5.80028,
	-0.567626 5.81113,
	-0.556778 5.80389,
	-0.56401 5.81474,
	-0.553162 5.81836,
	-0.56401 5.82197,
	-0.556778 5.83282,
	-0.567626 5.82559,
	-0.571242 5.83644,
	-0.574858 5.82559,
	-0.585707 5.83282,
	"/>
<Contour name="Ax05B03ssrv58" hidden="false" closed="true" simplified="false" border="0.5 0 1" fill="0.5 0 1" mode="13"
 points="-0.661644 5.81113,
	-0.672492 5.80751,
	-0.661644 5.80389,
	-0.668876 5.79305,
	-0.658028 5.80028,
	-0.654412 5.78943,
	-0.650796 5.80028,
	-0.639947 5.79305,
	-0.647179 5.80389,
	-0.636331 5.80751,
	-0.647179 5.81113,
	-0.639947 5.82197,
	-0.650796 5.81474,
	-0.654412 5.82559,
	-0.658028 5.81474,
	-0.668876 5.82197,
	"/>
<Contour name="Ax05B03ssrv59" hidden="false" closed="true" simplified="false" border="0.5 0 1" fill="0.5 0 1" mode="13"
 points="-0.611019 5.7605,
	-0.621867 5.75688,
	-0.611019 5.75327,
	-0.618251 5.74242,
	-0.607403 5.74965,
	-0.603787 5.7388,
	-0.600171 5.74965,
	-0.589323 5.74242,
	-0.596555 5.75327,
	-0.585707 5.75688,
	-0.596555 5.7605,
	-0.589323 5.77135,
	-0.600171 5.76412,
	-0.603787 5.77496,
	-0.607403 5.76412,
	-0.618251 5.77135,
	"/>
<Contour name="Ax05B03ssrv60" hidden="false" closed="true" simplified="false" border="0.5 0 1" fill="0.5 0 1" mode="13"
 points="-0.607403 5.70988,
	-0.618251 5.70626,
	-0.607403 5.70264,
	-0.614635 5.6918,
	-0.603787 5.69903,
	-0.600171 5.68818,
	-0.596555 5.69903,
	-0.585707 5.6918,
	-0.592939 5.70264,
	-0.58209 5.70626,
	-0.592939 5.70988,
	-0.585707 5.72072,
	-0.596555 5.71349,
	-0.600171 5.72434,
	-0.603787 5.71349,
	-0.614635 5.72072,
	"/>
<Contour name="Ax05B03ssrv61" hidden="false" closed="true" simplified="false" border="0.5 0 1" fill="0.5 0 1" mode="13"
 points="-0.611019 5.66648,
	-0.621867 5.66287,
	-0.611019 5.65925,
	-0.618251 5.6484,
	-0.607403 5.65564,
	-0.603787 5.64479,
	-0.600171 5.65564,
	-0.589323 5.6484,
	-0.596555 5.65925,
	-0.585707 5.66287,
	-0.596555 5.66648,
	-0.589323 5.67733,
	-0.600171 5.6701,
	-0.603787 5.68095,
	-0.607403 5.6701,
	-0.618251 5.67733,
	"/>
<Contour name="Ax05B03ssrv62" hidden="false" closed="true" simplified="false" border="0.5 0 1" fill="0.5 0 1" mode="13"
 points="-0.68334 5.65564,
	-0.694188 5.65202,
	-0.68334 5.6484,
	-0.690572 5.63755,
	-0.679724 5.64479,
	-0.676108 5.63394,
	-0.672492 5.64479,
	-0.661644 5.63755,
	-0.668876 5.6484,
	-0.658028 5.65202,
	-0.668876 5.65564,
	-0.661644 5.66648,
	-0.672492 5.65925,
	-0.676108 5.6701,
	-0.679724 5.65925,
	-0.690572 5.66648,
	"/>
<Contour name="Ax05B03ssrv63" hidden="false" closed="true" simplified="false" border="0.5 0 1" fill="0.5 0 1" mode="13"
 points="-0.705036 5.60501,
	-0.715885 5.60139,
	-0.705036 5.59778,
	-0.712269 5.58693,
	-0.70142 5.59416,
	-0.697804 5.58331,
	-0.694188 5.59416,
	-0.68334 5.58693,
	-0.690572 5.59778,
	-0.679724 5.60139,
	-0.690572 5.60501,
	-0.68334 5.61586,
	-0.694188 5.60863,
	-0.697804 5.61947,
	-0.70142 5.60863,
	-0.712269 5.61586,
	"/>
<Contour name="Ax05B03ssrv64" hidden="false" closed="true" simplified="false" border="0.5 0 1" fill="0.5 0 1" mode="13"
 points="-0.625483 5.60863,
	-0.636331 5.60501,
	-0.625483 5.60139,
	-0.632715 5.59055,
	-0.621867 5.59778,
	-0.618251 5.58693,
	-0.614635 5.59778,
	-0.603787 5.59055,
	-0.611019 5.60139,
	-0.600171 5.60501,
	-0.611019 5.60863,
	-0.603787 5.61947,
	-0.614635 5.61224,
	-0.618251 5.62309,
	-0.621867 5.61224,
	-0.632715 5.61947,
	"/>
<Contour name="Ax05B03ssrv65" hidden="false" closed="true" simplified="false" border="0.5 0 1" fill="0.5 0 1" mode="13"
 points="-0.636331 5.56885,
	-0.647179 5.56523,
	-0.636331 5.56162,
	-0.643563 5.55077,
	-0.632715 5.558,
	-0.629099 5.54715,
	-0.625483 5.558,
	-0.614635 5.55077,
	-0.621867 5.56162,
	-0.611019 5.56523,
	-0.621867 5.56885,
	-0.614635 5.5797,
	-0.625483 5.57247,
	-0.629099 5.58331,
	-0.632715 5.57247,
	-0.643563 5.5797,
	"/>
<Contour name="Ax05B03ssrv66" hidden="false" closed="true" simplified="false" border="0.5 0 1" fill="0.5 0 1" mode="13"
 points="-0.647179 5.52184,
	-0.658028 5.51822,
	-0.647179 5.51461,
	-0.654412 5.50376,
	-0.643563 5.51099,
	-0.639947 5.50014,
	-0.636331 5.51099,
	-0.625483 5.50376,
	-0.632715 5.51461,
	-0.621867 5.51822,
	-0.632715 5.52184,
	-0.625483 5.53269,
	-0.636331 5.52546,
	-0.639947 5.53631,
	-0.643563 5.52546,
	-0.654412 5.53269,
	"/>
<Contour name="Ax05B03ssrv67" hidden="false" closed="true" simplified="false" border="0.5 0 1" fill="0.5 0 1" mode="13"
 points="-0.621867 5.47845,
	-0.632715 5.47483,
	-0.621867 5.47122,
	-0.629099 5.46037,
	-0.618251 5.4676,
	-0.614635 5.45675,
	-0.611019 5.4676,
	-0.600171 5.46037,
	-0.607403 5.47122,
	-0.596555 5.47483,
	-0.607403 5.47845,
	-0.600171 5.4893,
	-0.611019 5.48206,
	-0.614635 5.49291,
	-0.618251 5.48206,
	-0.629099 5.4893,
	"/>
<Contour name="Ax05B03ssrv68" hidden="false" closed="true" simplified="false" border="0.5 0 1" fill="0.5 0 1" mode="13"
 points="-0.560394 5.45675,
	-0.571242 5.45314,
	-0.560394 5.44952,
	-0.567626 5.43867,
	-0.556778 5.4459,
	-0.553162 5.43506,
	-0.549546 5.4459,
	-0.538698 5.43867,
	-0.54593 5.44952,
	-0.535082 5.45314,
	-0.54593 5.45675,
	-0.538698 5.4676,
	-0.549546 5.46037,
	-0.553162 5.47122,
	-0.556778 5.46037,
	-0.567626 5.4676,
	"/>
<Contour name="Ax05B03ssrv69" hidden="false" closed="true" simplified="false" border="0.5 0 1" fill="0.5 0 1" mode="13"
 points="-0.509769 5.47845,
	-0.520618 5.47483,
	-0.509769 5.47122,
	-0.517001 5.46037,
	-0.506153 5.4676,
	-0.502537 5.45675,
	-0.498921 5.4676,
	-0.488073 5.46037,
	-0.495305 5.47122,
	-0.484457 5.47483,
	-0.495305 5.47845,
	-0.488073 5.4893,
	-0.498921 5.48206,
	-0.502537 5.49291,
	-0.506153 5.48206,
	-0.517001 5.4893,
	"/>
<Contour name="Ax05B03ssrv70" hidden="false" closed="true" simplified="false" border="0.5 0 1" fill="0.5 0 1" mode="13"
 points="-0.502537 5.54715,
	-0.513385 5.54354,
	-0.502537 5.53992,
	-0.509769 5.52907,
	-0.498921 5.53631,
	-0.495305 5.52546,
	-0.491689 5.53631,
	-0.480841 5.52907,
	-0.488073 5.53992,
	-0.477225 5.54354,
	-0.488073 5.54715,
	-0.480841 5.558,
	-0.491689 5.55077,
	-0.495305 5.56162,
	-0.498921 5.55077,
	-0.509769 5.558,
	"/>
<Contour name="Ax05B03ssrv71" hidden="false" closed="true" simplified="false" border="0.5 0 1" fill="0.5 0 1" mode="13"
 points="-0.571242 5.50738,
	-0.58209 5.50376,
	-0.571242 5.50014,
	-0.578474 5.4893,
	-0.567626 5.49653,
	-0.56401 5.48568,
	-0.560394 5.49653,
	-0.549546 5.4893,
	-0.556778 5.50014,
	-0.54593 5.50376,
	-0.556778 5.50738,
	-0.549546 5.51822,
	-0.560394 5.51099,
	-0.56401 5.52184,
	-0.567626 5.51099,
	-0.578474 5.51822,
	"/>
<Contour name="Ax05B03ssrv72" hidden="false" closed="true" simplified="false" border="0.5 0 1" fill="0.5 0 1" mode="13"
 points="-0.571242 5.56885,
	-0.58209 5.56523,
	-0.571242 5.56162,
	-0.578474 5.55077,
	-0.567626 5.558,
	-0.56401 5.54715,
	-0.560394 5.558,
	-0.549546 5.55077,
	-0.556778 5.56162,
	-0.54593 5.56523,
	-0.556778 5.56885,
	-0.549546 5.5797,
	-0.560394 5.57247,
	-0.56401 5.58331,
	-0.567626 5.57247,
	-0.578474 5.5797,
	"/>
<Contour name="Ax05B03ssrv73" hidden="false" closed="true" simplified="false" border="0.5 0 1" fill="0.5 0 1" mode="13"
 points="-0.571242 5.62671,
	-0.58209 5.62309,
	-0.571242 5.61947,
	-0.578474 5.60863,
	-0.567626 5.61586,
	-0.56401 5.60501,
	-0.560394 5.61586,
	-0.549546 5.60863,
	-0.556778 5.61947,
	-0.54593 5.62309,
	-0.556778 5.62671,
	-0.549546 5.63755,
	-0.560394 5.63032,
	-0.56401 5.64117,
	-0.567626 5.63032,
	-0.578474 5.63755,
	"/>
<Contour name="Ax05B03ssrv74" hidden="false" closed="true" simplified="false" border="0.5 0 1" fill="0.5 0 1" mode="13"
 points="-0.553162 5.68095,
	-0.56401 5.67733,
	-0.553162 5.67372,
	-0.560394 5.66287,
	-0.549546 5.6701,
	-0.54593 5.65925,
	-0.542314 5.6701,
	-0.531466 5.66287,
	-0.538698 5.67372,
	-0.52785 5.67733,
	-0.538698 5.68095,
	-0.531466 5.6918,
	-0.542314 5.68456,
	-0.54593 5.69541,
	-0.549546 5.68456,
	-0.560394 5.6918,
	"/>
<Contour name="Ax05B03ssrv75" hidden="false" closed="true" simplified="false" border="0.5 0 1" fill="0.5 0 1" mode="13"
 points="-0.506153 5.63755,
	-0.517001 5.63394,
	-0.506153 5.63032,
	-0.513385 5.61947,
	-0.502537 5.62671,
	-0.498921 5.61586,
	-0.495305 5.62671,
	-0.484457 5.61947,
	-0.491689 5.63032,
	-0.480841 5.63394,
	-0.491689 5.63755,
	-0.484457 5.6484,
	-0.495305 5.64117,
	-0.498921 5.65202,
	-0.502537 5.64117,
	-0.513385 5.6484,
	"/>
<Contour name="Ax05B03ssrv76" hidden="false" closed="true" simplified="false" border="0.5 0 1" fill="0.5 0 1" mode="13"
 points="-0.480841 5.68456,
	-0.491689 5.68095,
	-0.480841 5.67733,
	-0.488073 5.66648,
	-0.477225 5.67372,
	-0.473609 5.66287,
	-0.469993 5.67372,
	-0.459145 5.66648,
	-0.466377 5.67733,
	-0.455528 5.68095,
	-0.466377 5.68456,
	-0.459145 5.69541,
	-0.469993 5.68818,
	-0.473609 5.69903,
	-0.477225 5.68818,
	-0.488073 5.69541,
	"/>
<Contour name="Ax05B03ssrv77" hidden="false" closed="true" simplified="false" border="0.5 0 1" fill="0.5 0 1" mode="13"
 points="-0.466377 5.75327,
	-0.477225 5.74965,
	-0.466377 5.74604,
	-0.473609 5.73519,
	-0.462761 5.74242,
	-0.459145 5.73157,
	-0.455528 5.74242,
	-0.44468 5.73519,
	-0.451912 5.74604,
	-0.441064 5.74965,
	-0.451912 5.75327,
	-0.44468 5.76412,
	-0.455528 5.75688,
	-0.459145 5.76773,
	-0.462761 5.75688,
	-0.473609 5.76412,
	"/>
<Contour name="Ax05B03ssrv78" hidden="false" closed="true" simplified="false" border="0.5 0 1" fill="0.5 0 1" mode="13"
 points="-0.4266 5.69903,
	-0.437448 5.69541,
	-0.4266 5.6918,
	-0.433832 5.68095,
	-0.422984 5.68818,
	-0.419368 5.67733,
	-0.415752 5.68818,
	-0.404904 5.68095,
	-0.412136 5.6918,
	-0.401288 5.69541,
	-0.412136 5.69903,
	-0.404904 5.70988,
	-0.415752 5.70264,
	-0.419368 5.71349,
	-0.422984 5.70264,
	-0.433832 5.70988,
	"/>
<Contour name="Ax05B03ssrv79" hidden="false" closed="true" simplified="false" border="0.5 0 1" fill="0.5 0 1" mode="13"
 points="-0.4266 5.63394,
	-0.437448 5.63032,
	-0.4266 5.62671,
	-0.433832 5.61586,
	-0.422984 5.62309,
	-0.419368 5.61224,
	-0.415752 5.62309,
	-0.404904 5.61586,
	-0.412136 5.62671,
	-0.401288 5.63032,
	-0.412136 5.63394,
	-0.404904 5.64479,
	-0.415752 5.63755,
	-0.419368 5.6484,
	-0.422984 5.63755,
	-0.433832 5.64479,
	"/>
</Transform>

<Transform dim="0"
 xcoef=" 0 1 0 0 0 0"
 ycoef=" 0 0 1 0 0 0">
<Contour name="Ax06" hidden="false" closed="true" simplified="true" border="0 0 1" fill="0 0 1" mode="11"
 points="0.312278 4.18573,
	0.321286 4.1617,
	0.342305 4.14069,
	0.354315 4.13168,
	0.378337 4.12567,
	0.384342 4.11967,
	0.396353 4.11666,
	0.411366 4.09565,
	0.417371 4.08363,
	0.414369 4.03559,
	0.417371 4.02358,
	0.462412 3.99656,
	0.486433 3.99055,
	0.492438 3.98455,
	0.504449 3.98154,
	0.552492 3.95152,
	0.576513 3.94251,
	0.588524 3.9365,
	0.612545 3.9365,
	0.636567 3.94251,
	0.648577 3.95452,
	0.672599 3.96653,
	0.678604 3.96653,
	0.684609 3.97254,
	0.732652 3.98154,
	0.780695 4.00256,
	0.828738 4.02959,
	0.840748 4.03259,
	0.86477 4.0476,
	0.87678 4.05361,
	0.888791 4.05361,
	0.90981 4.06862,
	0.92182 4.07763,
	0.936834 4.09865,
	0.939836 4.12267,
	0.939836 4.13468,
	0.933831 4.14669,
	0.933831 4.1527,
	0.912812 4.17672,
	0.86477 4.20975,
	0.840748 4.22176,
	0.828738 4.23077,
	0.822732 4.23077,
	0.732652 4.28181,
	0.684609 4.29983,
	0.636567 4.32985,
	0.612545 4.33286,
	0.588524 4.32985,
	0.492438 4.34787,
	0.468417 4.35388,
	0.420374 4.35087,
	0.396353 4.34787,
	0.372331 4.33886,
	0.351313 4.32085,
	0.333297 4.29682,
	0.327291 4.28481,
	0.321286 4.27881,
	0.312278 4.23077,
	0.312278 4.20674,
	0.312278 4.19473,
	0.312278 4.18873,
	"/>
</Transform>

<Transform dim="0"
 xcoef=" 0 1 0 0 0 0"
 ycoef=" 0 0 1 0 0 0">
<Contour name="Ax07B04ssrv29" hidden="false" closed="true" simplified="false" border="0.5 0 1" fill="0.5 0 1" mode="13"
 points="3.22691 3.11585,
	3.21591 3.11218,
	3.22691 3.10852,
	3.21958 3.09752,
	3.23057 3.10485,
	3.23424 3.09386,
	3.2379 3.10485,
	3.2489 3.09752,
	3.24157 3.10852,
	3.25257 3.11218,
	3.24157 3.11585,
	3.2489 3.12684,
	3.2379 3.11951,
	3.23424 3.13051,
	3.23057 3.11951,
	3.21958 3.12684,
	"/>
<Contour name="Ax07B04ssrv30" hidden="false" closed="true" simplified="false" border="0.5 0 1" fill="0.5 0 1" mode="13"
 points="3.1536 3.13418,
	3.14261 3.13051,
	3.1536 3.12684,
	3.14627 3.11585,
	3.15727 3.12318,
	3.16093 3.11218,
	3.1646 3.12318,
	3.17559 3.11585,
	3.16826 3.12684,
	3.17926 3.13051,
	3.16826 3.13418,
	3.17559 3.14517,
	3.1646 3.13784,
	3.16093 3.14884,
	3.15727 3.13784,
	3.14627 3.14517,
	"/>
<Contour name="Ax07B04ssrv31" hidden="false" closed="true" simplified="false" border="0.5 0 1" fill="0.5 0 1" mode="13"
 points="3.09862 3.14151,
	3.08762 3.13784,
	3.09862 3.13418,
	3.09129 3.12318,
	3.10229 3.13051,
	3.10595 3.11951,
	3.10962 3.13051,
	3.12061 3.12318,
	3.11328 3.13418,
	3.12428 3.13784,
	3.11328 3.14151,
	3.12061 3.1525,
	3.10962 3.14517,
	3.10595 3.15617,
	3.10229 3.14517,
	3.09129 3.1525,
	"/>
<Contour name="Ax07B04ssrv32" hidden="false" closed="true" simplified="false" border="0.5 0 1" fill="0.5 0 1" mode="13"
 points="3.0693 3.17816,
	3.0583 3.17449,
	3.0693 3.17083,
	3.06197 3.15983,
	3.07296 3.16716,
	3.07663 3.15617,
	3.08029 3.16716,
	3.09129 3.15983,
	3.08396 3.17083,
	3.09496 3.17449,
	3.08396 3.17816,
	3.09129 3.18916,
	3.08029 3.18182,
	3.07663 3.19282,
	3.07296 3.18182,
	3.06197 3.18916,
	"/>
<Contour name="Ax07B04ssrv33" hidden="false" closed="true" simplified="false" border="0.5 0 1" fill="0.5 0 1" mode="13"
 points="3.01798 3.15983,
	3.00699 3.15617,
	3.01798 3.1525,
	3.01065 3.14151,
	3.02165 3.14884,
	3.02531 3.13784,
	3.02898 3.14884,
	3.03997 3.14151,
	3.03264 3.1525,
	3.04364 3.15617,
	3.03264 3.15983,
	3.03997 3.17083,
	3.02898 3.1635,
	3.02531 3.17449,
	3.02165 3.1635,
	3.01065 3.17083,
	"/>
<Contour name="Ax07B04ssrv34" hidden="false" closed="true" simplified="false" border="0.5 0 1" fill="0.5 0 1" mode="13"
 points="3.14627 3.25147,
	3.13527 3.2478,
	3.14627 3.24414,
	3.13894 3.23314,
	3.14994 3.24047,
	3.1536 3.22947,
	3.15727 3.24047,
	3.16826 3.23314,
	3.16093 3.24414,
	3.17193 3.2478,
	3.16093 3.25147,
	3.16826 3.26246,
	3.15727 3.25513,
	3.1536 3.26613,
	3.14994 3.25513,
	3.13894 3.26246,
	"/>
</Transform>

<Transform dim="0"
 xcoef=" 0 1 0 0 0 0"
 ycoef=" 0 0 1 0 0 0">
<Contour name="Ax07B04ssdv1" hidden="false" closed="true" simplified="false" border="1 0.5 0" fill="1 0.5 0" mode="13"
 points="3.0583 3.10119,
	3.0583 3.09386,
	3.06563 3.08653,
	3.07296 3.08653,
	3.08029 3.09386,
	3.08029 3.10119,
	3.07296 3.10852,
	3.06563 3.10852,
	"/>
</Transform>

<Transform dim="0"
 xcoef=" 0 1 0 0 0 0"
 ycoef=" 0 0 1 0 0 0">
<Contour name="Ax07B04c01" hidden="false" closed="true" simplified="true" border="0 1 0" fill="0 1 0" mode="-9"
 points="2.9433 3.08991,
	2.99828 3.04959,
	3.0276 3.03126,
	3.04226 3.0276,
	3.05692 3.0166,
	3.08625 3.00927,
	3.10091 3.00194,
	3.13023 3.00194,
	3.13756 3.00927,
	3.14123 3.02393,
	3.13023 3.0386,
	3.11557 3.04593,
	3.10824 3.04593,
	3.09358 3.05692,
	3.0386 3.08258,
	2.97995 3.11557,
	2.96529 3.1229,
	2.95063 3.1229,
	2.9433 3.11923,
	2.9433 3.09358,
	"/>
<Contour name="Ax07B04cfa01" hidden="false" closed="false" simplified="false" border="0 1 1" fill="0 1 1" mode="9"
 points="2.93734 3.10485,
	2.96667 3.09019,
	3.04731 3.04987,
	3.12794 2.99856,
	"/>
</Transform>

<Transform dim="0"
 xcoef=" 0 1 0 0 0 0"
 ycoef=" 0 0 1 0 0 0">
<Contour name="Ax09" hidden="false" closed="true" simplified="true" border="0 1 0" fill="0 1 0" mode="-11"
 points="0.815059 2.82848,
	0.845899 2.79764,
	0.911985 2.75798,
	0.929608 2.74917,
	0.964854 2.74917,
	0.982477 2.74917,
	0.991288 2.74917,
	1.0001 2.74036,
	1.01772 2.73596,
	1.08381 2.6919,
	1.09262 2.6963,
	1.11024 2.68749,
	1.12787 2.68749,
	1.13668 2.68749,
	1.14549 2.6963,
	1.14108 2.73155,
	1.13668 2.74917,
	1.12787 2.75798,
	1.12787 2.7668,
	1.07059 2.83729,
	1.03535 2.85932,
	1.01772 2.86372,
	1.00891 2.87253,
	0.938419 2.88575,
	0.867928 2.88134,
	0.832682 2.87253,
	0.819465 2.85491,
	0.815059 2.83729,
	0.815059 2.83288,
	"/>
</Transform>

<Transform dim="1"
 xcoef=" -0.48 1 0 0 0 0"
 ycoef=" 0.27 0 1 0 0 0">
<Contour name="Brick" hidden="false" closed="false" simplified="true" border="1 0 0" fill="1 0 1" mode="9"
 points="1.77971 8.44769,
	1.77971 6.69769,
	1.77971 3.19769,
	5.27971 3.19769,
	5.27971 1.44769,
	"/>
<Contour name="Brick" hidden="false" closed="false" simplified="true" border="0 1 0" fill="1 0 1" mode="9"
 points="1.77971 6.69769,
	5.27971 6.69769,
	5.27971 3.19769,
	"/>
</Transform>

<Transform dim="0"
 xcoef=" 0 1 0 0 0 0"
 ycoef=" 0 0 1 0 0 0">
<Contour name="Brax81" hidden="false" closed="true" simplified="false" border="1 0.5 0" fill="1 0.5 0" mode="-13"
 points="5.1128 4.57349,
	5.1128 4.5651,
	5.12119 4.55672,
	5.12957 4.55672,
	5.13795 4.5651,
	5.13795 4.57349,
	5.12957 4.58187,
	5.12119 4.58187,
	"/>
</Transform>

<Transform dim="0"
 xcoef=" 0 1 0 0 0 0"
 ycoef=" 0 0 1 0 0 0">
<Contour name="Brax83" hidden="false" closed="true" simplified="false" border="1 0 0.5" fill="1 0 0.5" mode="-13"
 points="4.31212 6.54795,
	4.36242 6.54795,
	4.33727 6.59406,
	"/>
</Transform>

<Transform dim="0"
 xcoef=" 0 1 0 0 0 0"
 ycoef=" 0 0 1 0 0 0">
<Contour name="Brax85" hidden="false" closed="true" simplified="false" border="1 1 0" fill="1 1 0" mode="-13"
 points="4.14024 4.77051,
	4.14024 4.70344,
	4.07317 4.70344,
	4.07317 4.76213,
	4.06478 4.77051,
	4.06478 4.69506,
	4.14862 4.69506,
	4.14862 4.7789,
	4.06478 4.7789,
	4.07317 4.77051,
	"/>
</Transform>

<Transform dim="0"
 xcoef=" 0 1 0 0 0 0"
 ycoef=" 0 0 1 0 0 0">
<Contour name="Brax86" hidden="false" closed="true" simplified="false" border="0 0 1" fill="0 0 1" mode="-13"
 points="3.39405 4.66571,
	3.36471 4.63637,
	3.39405 4.60702,
	3.4234 4.63637,
	"/>
</Transform>

<Transform dim="0"
 xcoef=" 0 1 0 0 0 0"
 ycoef=" 0 0 1 0 0 0">
<Contour name="Brax87" hidden="false" closed="true" simplified="false" border="1 0 1" fill="1 0 1" mode="-13"
 points="5.84641 4.77051,
	5.84641 4.75375,
	5.86318 4.73698,
	5.87995 4.73698,
	5.89672 4.75375,
	5.89672 4.77051,
	5.87995 4.78728,
	5.86318 4.78728,
	"/>
</Transform>

<Transform dim="0"
 xcoef=" 0 1 0 0 0 0"
 ycoef=" 0 0 1 0 0 0">
<Contour name="Brax88" hidden="false" closed="true" simplified="false" border="1 0 0" fill="1 0 0" mode="-13"
 points="4.7984 5.68439,
	4.77324 5.68439,
	4.77324 5.69696,
	4.78582 5.70954,
	4.82355 5.72211,
	4.7984 5.73469,
	4.78582 5.75984,
	4.76067 5.73469,
	4.74809 5.70954,
	4.74809 5.68439,
	4.72294 5.68439,
	4.76067 5.65923,
	"/>
</Transform>

<Transform dim="0"
 xcoef=" 0 1 0 0 0 0"
 ycoef=" 0 0 1 0 0 0">
<Contour name="Brax89" hidden="false" closed="true" simplified="false" border="0 1 0" fill="0 1 0" mode="-13"
 points="3.72103 6.29224,
	3.72103 6.2587,
	3.75457 6.2587,
	3.75457 6.22516,
	3.78811 6.22516,
	3.78811 6.2587,
	3.82164 6.2587,
	3.82164 6.29224,
	3.78811 6.29224,
	3.78811 6.32577,
	3.75457 6.32577,
	3.75457 6.29224,
	"/>
</Transform>

<Transform dim="0"
 xcoef=" 0 1 0 0 0 0"
 ycoef=" 0 0 1 0 0 0">
<Contour name="Brax90" hidden="false" closed="true" simplified="false" border="0 1 1" fill="0 1 1" mode="-13"
 points="4.75228 4.17105,
	4.76905 4.15428,
	4.70198 4.08721,
	4.71875 4.07044,
	4.78582 4.13751,
	4.80259 4.12074,
	4.80259 4.17105,
	"/>
</Transform>

<Transform dim="0"
 xcoef=" 0 1 0 0 0 0"
 ycoef=" 0 0 1 0 0 0">
<Contour name="Brax91" hidden="false" closed="true" simplified="false" border="1 0.5 0" fill="1 0.5 0" mode="-13"
 points="3.89291 4.07463,
	3.89291 4.06625,
	3.90129 4.05786,
	3.90968 4.05786,
	3.91806 4.06625,
	3.91806 4.07463,
	3.90968 4.08301,
	3.90129 4.08301,
	"/>
</Transform>

<Transform dim="0"
 xcoef=" 0 1 0 0 0 0"
 ycoef=" 0 0 1 0 0 0">
<Contour name="Brax92" hidden="false" closed="true" simplified="false" border="0.5 0 1" fill="0.5 0 1" mode="-13"
 points="3.53658 5.18134,
	3.52401 5.17714,
	3.53658 5.17295,
	3.5282 5.16038,
	3.54077 5.16876,
	3.54497 5.15618,
	3.54916 5.16876,
	3.56173 5.16038,
	3.55335 5.17295,
	3.56593 5.17714,
	3.55335 5.18134,
	3.56173 5.19391,
	3.54916 5.18553,
	3.54497 5.1981,
	3.54077 5.18553,
	3.5282 5.19391,
	"/>
</Transform>

<Transform dim="0"
 xcoef=" 0 1 0 0 0 0"
 ycoef=" 0 0 1 0 0 0">
<Contour name="Brax93" hidden="false" closed="true" simplified="false" border="1 0 0.5" fill="1 0 0.5" mode="-13"
 points="5.34337 5.8856,
	5.39367 5.8856,
	5.36852 5.93172,
	"/>
</Transform>

<Transform dim="0"
 xcoef=" 0 1 0 0 0 0"
 ycoef=" 0 0 1 0 0 0">
<Contour name="Brax94" hidden="false" closed="true" simplified="false" border="1 0 0" fill="1 0 0" mode="-13"
 points="4.09832 5.44124,
	4.11928 5.4119,
	4.09832 5.38256,
	4.1109 5.38256,
	4.12766 5.40771,
	4.14443 5.38256,
	4.15701 5.38256,
	4.13605 5.4119,
	4.15701 5.44124,
	4.14443 5.44124,
	4.12766 5.41609,
	4.1109 5.44124,
	"/>
</Transform>

<Transform dim="0"
 xcoef=" 0 1 0 0 0 0"
 ycoef=" 0 0 1 0 0 0">
<Contour name="d01" hidden="false" closed="true" simplified="true" border="1 0.5 0" fill="1 0.5 0" mode="9"
 points="3.2361 3.46964,
	3.24124 3.4645,
	3.24124 3.45937,
	3.25663 3.43884,
	3.26433 3.41831,
	3.26433 3.40805,
	3.26947 3.40291,
	3.27203 3.39265,
	3.27973 3.38238,
	3.28486 3.37725,
	3.29 3.37725,
	3.30026 3.36955,
	3.30539 3.36955,
	3.31053 3.36442,
	3.33106 3.36185,
	3.35159 3.34902,
	3.37212 3.33106,
	3.38238 3.32079,
	3.40291 3.30796,
	3.41318 3.30539,
	3.41831 3.30026,
	3.45937 3.29,
	3.46964 3.28486,
	3.47477 3.28486,
	3.4799 3.27973,
	3.49017 3.27717,
	3.50043 3.26947,
	3.5107 3.2515,
	3.51583 3.24124,
	3.51326 3.22071,
	3.503 3.20274,
	3.4876 3.18478,
	3.48504 3.17451,
	3.4876 3.16425,
	3.4953 3.15655,
	3.51583 3.15398,
	3.59795 3.16425,
	3.63901 3.16938,
	3.64928 3.17451,
	3.66981 3.17708,
	3.71087 3.19248,
	3.75193 3.20274,
	3.79299 3.20788,
	3.83405 3.22071,
	3.87511 3.22841,
	3.95723 3.22841,
	3.9983 3.2361,
	4.00856 3.23867,
	4.02909 3.25407,
	4.03936 3.2592,
	4.04449 3.26433,
	4.04962 3.26433,
	4.05475 3.26947,
	4.06502 3.27203,
	4.07015 3.2746,
	4.06502 3.27717,
	4.14457 3.32592,
	4.1651 3.33106,
	4.17024 3.33619,
	4.1805 3.33876,
	4.20103 3.35159,
	4.20617 3.35672,
	4.24723 3.36955,
	4.32935 3.37468,
	4.37041 3.38238,
	4.41147 3.38495,
	4.42173 3.38495,
	4.44227 3.39521,
	4.45253 3.40548,
	4.45766 3.40805,
	4.45766 3.42858,
	4.4551 3.43884,
	4.4551 3.44397,
	4.44483 3.45167,
	4.4397 3.45937,
	4.41917 3.4722,
	4.41404 3.47734,
	4.37298 3.49017,
	4.35244 3.503,
	4.33705 3.5184,
	4.32165 3.55946,
	4.30625 3.57999,
	4.28572 3.59539,
	4.28059 3.59539,
	4.27032 3.60565,
	4.26006 3.61078,
	4.25493 3.61592,
	4.21386 3.62875,
	4.13174 3.63131,
	4.04962 3.63901,
	3.9675 3.64158,
	3.80326 3.63901,
	3.72114 3.64928,
	3.71087 3.65441,
	3.62875 3.67238,
	3.60822 3.68007,
	3.58769 3.68264,
	3.57742 3.68777,
	3.4953 3.69804,
	3.45424 3.70574,
	3.44397 3.70574,
	3.40291 3.71857,
	3.36185 3.72114,
	3.34132 3.72114,
	3.30026 3.70574,
	3.29 3.7006,
	3.2823 3.69034,
	3.27973 3.66981,
	3.28486 3.64928,
	3.29 3.63901,
	3.2823 3.61848,
	3.24894 3.58512,
	3.24124 3.56459,
	3.2438 3.54406,
	3.2438 3.5338,
	3.24894 3.52866,
	3.24894 3.5184,
	3.23867 3.49787,
	3.2361 3.47734,
	3.2361 3.4722,
	"/>
</Transform>

<Transform dim="0"
 xcoef=" 0 1 0 0 0 0"
 ycoef=" 0 0 1 0 0 0">
<Contour name="d01" hidden="false" closed="true" simplified="true" border="1 0.5 0" fill="1 0.5 0" mode="9"
 points="3.84688 2.94611,
	3.85202 2.93585,
	3.87255 2.91788,
	3.89308 2.90505,
	3.90334 2.90249,
	3.90847 2.89735,
	3.94954 2.89735,
	3.97007 2.90505,
	3.98033 2.90762,
	4.06245 2.95381,
	4.07272 2.96151,
	4.11378 2.97947,
	4.12404 2.98717,
	4.14457 2.99487,
	4.15484 3,
	4.15997 3,
	4.17024 3.0077,
	4.19077 3.01284,
	4.20873 3.02823,
	4.21643 3.0385,
	4.22156 3.04363,
	4.2267 3.06416,
	4.23183 3.07443,
	4.23183 3.09496,
	4.219 3.11549,
	4.20873 3.12062,
	4.1882 3.11805,
	4.14714 3.10522,
	4.13688 3.09752,
	4.12661 3.09496,
	4.12148 3.08983,
	4.11121 3.08726,
	4.07272 3.0616,
	4.05219 3.05133,
	3.97007 3.03337,
	3.92901 3.02567,
	3.90847 3.02054,
	3.86741 3,
	3.85202 2.97947,
	3.84688 2.95894,
	3.84688 2.94868,
	"/>
</Transform>

<Transform dim="0"
 xcoef=" 0 1 0 0 0 0"
 ycoef=" 0 0 1 0 0 0">
<Contour name="d01" hidden="false" closed="true" simplified="true" border="1 0.5 0" fill="1 0.5 0" mode="9"
 points="3.34132 2.84346,
	3.36185 2.8024,
	3.39778 2.76647,
	3.41831 2.75107,
	3.44654 2.71258,
	3.45937 2.69205,
	3.47734 2.67152,
	3.49787 2.66382,
	3.53893 2.65869,
	3.62105 2.65612,
	3.66211 2.65612,
	3.70317 2.66125,
	3.7237 2.66382,
	3.73397 2.66382,
	3.74423 2.66895,
	3.74936 2.67152,
	3.74936 2.68178,
	3.73653 2.70231,
	3.716 2.71515,
	3.67494 2.73054,
	3.66981 2.73054,
	3.66468 2.73568,
	3.65954 2.73568,
	3.64671 2.74851,
	3.64671 2.75364,
	3.64158 2.75877,
	3.63645 2.79983,
	3.63131 2.80497,
	3.63131 2.8101,
	3.62362 2.82036,
	3.60309 2.82806,
	3.56202 2.8332,
	3.52096 2.84346,
	3.5107 2.85116,
	3.50043 2.85373,
	3.49017 2.86142,
	3.40805 2.87426,
	3.36699 2.87426,
	3.35672 2.87426,
	3.34646 2.86656,
	3.34132 2.85629,
	3.34132 2.84603,
	"/>
</Transform>

<Transform dim="0"
 xcoef=" 0 1 0 0 0 0"
 ycoef=" 0 0 1 0 0 0">
<Contour name="d01rs03a2" hidden="false" closed="true" simplified="false" border="1 0 1" fill="1 0 1" mode="-9"
 points="3.59086 3.36,
	3.59086 3.34904,
	3.60181 3.33809,
	3.61277 3.33809,
	3.62373 3.34904,
	3.62373 3.36,
	3.61277 3.37096,
	3.60181 3.37096,
	"/>
<Contour name="d01rs03a3" hidden="false" closed="true" simplified="false" border="1 0 1" fill="1 0 1" mode="-9"
 points="3.5662 3.37917,
	3.5662 3.36822,
	3.57716 3.35726,
	3.58812 3.35726,
	3.59907 3.36822,
	3.59907 3.37917,
	3.58812 3.39013,
	3.57716 3.39013,
	"/>
<Contour name="d01rs03a4" hidden="false" closed="true" simplified="false" border="1 0 1" fill="1 0 1" mode="-9"
 points="3.5306 3.36822,
	3.5306 3.35726,
	3.54155 3.3463,
	3.55251 3.3463,
	3.56346 3.35726,
	3.56346 3.36822,
	3.55251 3.37917,
	3.54155 3.37917,
	"/>
<Contour name="d01rs03a5" hidden="false" closed="true" simplified="false" border="1 0 1" fill="1 0 1" mode="-9"
 points="3.5306 3.33261,
	3.5306 3.32165,
	3.54155 3.3107,
	3.55251 3.3107,
	3.56346 3.32165,
	3.56346 3.33261,
	3.55251 3.34356,
	3.54155 3.34356,
	"/>
<Contour name="d01rs03a6" hidden="false" closed="true" simplified="false" border="1 0 1" fill="1 0 1" mode="-9"
 points="3.56346 3.33261,
	3.56346 3.32165,
	3.57442 3.3107,
	3.58538 3.3107,
	3.59633 3.32165,
	3.59633 3.33261,
	3.58538 3.34356,
	3.57442 3.34356,
	"/>
</Transform>

<Transform dim="0"
 xcoef=" 0 1 0 0 0 0"
 ycoef=" 0 0 1 0 0 0">
<Contour name="d03" hidden="false" closed="true" simplified="true" border="1 0 0.5" fill="1 0 0.5" mode="9"
 points="7.67733 4.39334,
	7.68027 4.3816,
	7.68907 4.36986,
	7.71255 4.36105,
	7.75951 4.35812,
	7.80646 4.36105,
	7.8182 4.36399,
	7.82407 4.36399,
	7.83581 4.37279,
	7.88277 4.3816,
	7.90624 4.38453,
	7.9532 4.40507,
	7.96494 4.40801,
	7.97081 4.41388,
	7.97668 4.41388,
	7.98255 4.41975,
	7.99429 4.42268,
	8.01189 4.44323,
	8.01483 4.4667,
	8.01483 4.47257,
	7.99722 4.49312,
	7.98548 4.50486,
	7.962 4.51366,
	7.86809 4.50779,
	7.82114 4.49899,
	7.79766 4.49312,
	7.7507 4.49312,
	7.72722 4.49018,
	7.70374 4.47551,
	7.68614 4.45497,
	7.68027 4.44323,
	7.67733 4.39627,
	"/>
<Contour name="d03" hidden="false" closed="true" simplified="true" border="1 0 0.5" fill="1 0 0.5" mode="9"
 points="6.02213 4.92746,
	6.028 4.91572,
	6.028 4.90985,
	6.04267 4.88638,
	6.06321 4.86583,
	6.07789 4.85116,
	6.08082 4.82768,
	6.08082 4.82181,
	6.12191 4.7954,
	6.16887 4.75431,
	6.18647 4.73964,
	6.20995 4.71909,
	6.2481 4.68094,
	6.29213 4.65159,
	6.3068 4.62812,
	6.35082 4.5929,
	6.3743 4.58703,
	6.38604 4.58116,
	6.40952 4.58116,
	6.43299 4.58703,
	6.44473 4.58996,
	6.45354 4.6017,
	6.4506 4.62518,
	6.44473 4.63692,
	6.44473 4.64866,
	6.45941 4.67214,
	6.47702 4.68975,
	6.52397 4.71322,
	6.53571 4.71616,
	6.55919 4.71322,
	6.57093 4.71322,
	6.61495 4.74551,
	6.63843 4.75725,
	6.68538 4.76605,
	6.70886 4.77192,
	6.7206 4.77779,
	6.72647 4.78366,
	6.72647 4.78953,
	6.74408 4.81301,
	6.75582 4.85996,
	6.75288 4.8717,
	6.75288 4.87757,
	6.73234 4.90105,
	6.73527 4.92453,
	6.74995 4.94507,
	6.76169 4.95681,
	6.82625 5.04192,
	6.82919 5.0654,
	6.82332 5.07713,
	6.82332 5.083,
	6.79984 5.10355,
	6.77636 5.11529,
	6.7294 5.11822,
	6.70593 5.11529,
	6.69419 5.10942,
	6.64723 5.11529,
	6.60028 5.13583,
	6.5768 5.14463,
	6.55332 5.15931,
	6.50636 5.17398,
	6.45941 5.17105,
	6.44767 5.16518,
	6.40071 5.16811,
	6.3068 5.19746,
	6.25984 5.19159,
	6.23636 5.18279,
	6.2305 5.17985,
	6.20702 5.18279,
	6.16006 5.17692,
	6.13658 5.17398,
	6.12484 5.16811,
	6.12191 5.15637,
	6.12191 5.1505,
	6.13952 5.12703,
	6.14832 5.11529,
	6.14539 5.09181,
	6.13071 5.06833,
	6.12191 5.05659,
	6.07789 5.03311,
	6.05441 5.0155,
	6.04267 5.00377,
	6.0368 4.99203,
	6.0368 4.98616,
	6.03093 4.98029,
	6.02213 4.93333,
	6.02213 4.9304,
	"/>
</Transform>

<Transform dim="0"
 xcoef=" 0 1 0 0 0 0"
 ycoef=" 0 0 1 0 0 0">
<Contour name="d03c15" hidden="false" closed="true" simplified="true" border="0 1 0" fill="0 1 0" mode="9"
 points="7.77969 4.33521,
	7.78999 4.32748,
	7.81058 4.32748,
	7.82088 4.33521,
	7.84147 4.33778,
	7.88266 4.35065,
	7.92385 4.37125,
	7.93415 4.37897,
	7.9393 4.37897,
	7.95732 4.39442,
	7.96247 4.40471,
	7.95989 4.41501,
	7.9393 4.41759,
	7.9187 4.41244,
	7.90841 4.40986,
	7.90326 4.40986,
	7.89811 4.40471,
	7.81573 4.38669,
	7.79513 4.37897,
	7.78484 4.37125,
	7.77969 4.3661,
	7.77969 4.3455,
	7.77969 4.33778,
	"/>
<Contour name="d03cfa15" hidden="false" closed="false" simplified="false" border="0 1 1" fill="0 1 1" mode="-9"
 points="7.96078 4.41217,
	7.8784 4.37613,
	7.778 4.35296,
	"/>
</Transform>

<Transform dim="0"
 xcoef=" 0 1 0 0 0 0"
 ycoef=" 0 0 1 0 0 0">
<Contour name="d04" hidden="false" closed="true" simplified="true" border="1 0 0" fill="1 0 0" mode="9"
 points="2.85617 5.48276,
	2.86629 5.46925,
	2.92031 5.44224,
	2.97433 5.42536,
	3.02835 5.39835,
	3.05198 5.37472,
	3.05873 5.36122,
	3.08574 5.33421,
	3.11275 5.31395,
	3.13976 5.30382,
	3.16676 5.30382,
	3.18027 5.30382,
	3.2039 5.32746,
	3.20728 5.34096,
	3.20053 5.36797,
	3.20053 5.37472,
	3.19377 5.38147,
	3.1904 5.39498,
	3.16676 5.42199,
	3.13976 5.43887,
	3.12625 5.449,
	3.11275 5.47263,
	3.106 5.49964,
	3.07899 5.51989,
	3.06548 5.52665,
	3.05873 5.54015,
	3.05198 5.5469,
	2.99796 5.55365,
	2.94394 5.55028,
	2.88993 5.5334,
	2.87642 5.5334,
	2.86292 5.52665,
	2.85617 5.51314,
	2.85617 5.48613,
	"/>
<Contour name="d04" hidden="false" closed="true" simplified="true" border="1 0 0" fill="1 0 0" mode="9"
 points="4.17959 6.12421,
	4.20322 6.10058,
	4.25724 6.07019,
	4.28425 6.06682,
	4.31126 6.05331,
	4.33826 6.04656,
	4.35177 6.04319,
	4.36527 6.03306,
	4.39228 6.03306,
	4.41929 6.04656,
	4.4328 6.05331,
	4.43955 6.05331,
	4.47668 6.10733,
	4.49694 6.13096,
	4.52395 6.15122,
	4.55096 6.16135,
	4.57797 6.16472,
	4.60498 6.18161,
	4.6151 6.19511,
	4.61848 6.20861,
	4.61173 6.22212,
	4.59822 6.23225,
	4.54421 6.24237,
	4.49019 6.24575,
	4.38215 6.239,
	4.35515 6.239,
	4.30113 6.22887,
	4.27412 6.22549,
	4.26061 6.22549,
	4.2066 6.19849,
	4.19647 6.19173,
	4.17959 6.16472,
	4.17959 6.13772,
	4.17959 6.12759,
	"/>
</Transform>

<Transform dim="0"
 xcoef=" 0 1 0 0 0 0"
 ycoef=" 0 0 1 0 0 0">
<Contour name="d04" hidden="false" closed="true" simplified="true" border="1 0 0" fill="1 0 0" mode="9"
 points="2.28223 5.63468,
	2.28898 5.62118,
	2.28898 5.56716,
	2.29911 5.54015,
	2.30586 5.5334,
	2.30586 5.52665,
	2.31262 5.51989,
	2.31262 5.51314,
	2.32612 5.49964,
	2.35313 5.49288,
	2.36663 5.48613,
	2.47467 5.48613,
	2.5827 5.47938,
	2.60971 5.476,
	2.63672 5.47938,
	2.66373 5.48951,
	2.67723 5.49288,
	2.69074 5.50301,
	2.71775 5.50977,
	2.74475 5.50639,
	2.75826 5.50639,
	2.76501 5.51989,
	2.79202 5.51989,
	2.81903 5.52665,
	2.82578 5.5334,
	2.83928 5.53677,
	2.86629 5.55365,
	2.87305 5.55365,
	2.8798 5.56041,
	2.98783 5.57053,
	3.04185 5.56716,
	3.09587 5.55365,
	3.2039 5.55028,
	3.25792 5.55365,
	3.28493 5.55365,
	3.29168 5.55365,
	3.30181 5.56716,
	3.32544 5.58066,
	3.35245 5.58404,
	3.37608 5.57053,
	3.41322 5.51989,
	3.42335 5.50639,
	3.4301 5.50639,
	3.43685 5.49964,
	3.4436 5.49964,
	3.45036 5.49288,
	3.50437 5.47938,
	3.55839 5.48613,
	3.5854 5.48276,
	3.63942 5.45912,
	3.66642 5.449,
	3.69343 5.449,
	3.72044 5.45912,
	3.77446 5.45912,
	3.80147 5.45912,
	3.82848 5.46588,
	3.85549 5.48276,
	3.86561 5.49288,
	3.89262 5.49964,
	3.91963 5.49964,
	3.94664 5.50639,
	3.95677 5.51652,
	3.95677 5.53002,
	3.94664 5.55703,
	3.95002 5.57053,
	4.00066 5.60767,
	4.02767 5.62455,
	4.04117 5.63468,
	4.05467 5.66169,
	4.06143 5.71571,
	4.05805 5.72921,
	4.04792 5.74271,
	3.9939 5.76635,
	3.9669 5.78323,
	3.95339 5.79673,
	3.94664 5.81024,
	3.94326 5.81699,
	3.94664 5.844,
	3.94326 5.8575,
	3.94326 5.86425,
	3.92976 5.87776,
	3.90275 5.87438,
	3.87574 5.87776,
	3.84873 5.88789,
	3.83523 5.89126,
	3.82848 5.89801,
	3.77446 5.91827,
	3.74745 5.93515,
	3.7407 5.93515,
	3.73395 5.9419,
	3.67993 5.96554,
	3.62591 5.98242,
	3.61241 5.98917,
	3.60566 5.98917,
	3.5989 5.99592,
	3.54489 6.00605,
	3.43685 6.00943,
	3.32882 6.01955,
	3.2748 6.01618,
	3.26805 6.00943,
	3.24104 6.00267,
	3.23429 5.99592,
	3.12963 5.95203,
	3.11612 5.94528,
	3.09249 5.92165,
	3.03847 5.89464,
	3.02835 5.88451,
	3.02159 5.88451,
	2.96758 5.85413,
	2.91356 5.844,
	2.88655 5.84062,
	2.8798 5.84062,
	2.87305 5.83387,
	2.86629 5.83387,
	2.84266 5.80686,
	2.79202 5.76972,
	2.78527 5.75622,
	2.78527 5.74271,
	2.8089 5.71571,
	2.83253 5.69545,
	2.85617 5.66844,
	2.87305 5.64481,
	2.8798 5.63806,
	2.87305 5.62793,
	2.85954 5.6178,
	2.75151 5.61442,
	2.7245 5.61105,
	2.69749 5.61442,
	2.68398 5.61442,
	2.67723 5.61442,
	2.67048 5.62118,
	2.61646 5.64143,
	2.58945 5.65494,
	2.48142 5.68532,
	2.4274 5.69545,
	2.37339 5.69545,
	2.31937 5.6887,
	2.29236 5.67857,
	2.28223 5.65156,
	2.28223 5.63806,
	"/>
</Transform>

<Transform dim="0"
 xcoef=" 0 1 0 0 0 0"
 ycoef=" 0 0 1 0 0 0">
<Contour name="d04" hidden="false" closed="true" simplified="true" border="1 0 0" fill="1 0 0" mode="9"
 points="1.7083 6.29639,
	1.71167 6.28289,
	1.72855 6.25926,
	1.72855 6.2525,
	1.73868 6.239,
	1.74206 6.21199,
	1.74543 6.19849,
	1.74206 6.18498,
	1.74206 6.17823,
	1.72518 6.15122,
	1.72855 6.12421,
	1.73193 6.11071,
	1.77919 6.06344,
	1.77919 6.04994,
	1.79608 6.02293,
	1.81971 6.00267,
	1.83321 5.99592,
	1.83996 5.98917,
	1.89398 5.97229,
	1.90749 5.96216,
	1.92099 5.95878,
	1.94462 5.9419,
	1.95138 5.9419,
	1.95813 5.93515,
	2.01214 5.93853,
	2.03915 5.93853,
	2.05266 5.9419,
	2.06616 5.95203,
	2.06954 5.96554,
	2.06616 5.97904,
	2.02565 6.02968,
	2.00539 6.05331,
	1.99864 6.06007,
	1.99864 6.06682,
	1.94125 6.17485,
	1.90411 6.22212,
	1.86022 6.26263,
	1.85009 6.26938,
	1.81633 6.31665,
	1.79608 6.34028,
	1.76907 6.36729,
	1.74206 6.36729,
	1.71505 6.34703,
	1.7083 6.33353,
	1.7083 6.30652,
	1.7083 6.29977,
	"/>
</Transform>

<Transform dim="0"
 xcoef=" 0 1 0 0 0 0"
 ycoef=" 0 0 1 0 0 0">
<Contour name="d04p28" hidden="false" closed="true" simplified="false" border="1 0 0" fill="1 0 0" mode="-9"
 points="2.98114 5.61597,
	2.96397 5.61597,
	2.96397 5.62455,
	2.97256 5.63314,
	2.99832 5.64173,
	2.98114 5.65031,
	2.97256 5.66749,
	2.95539 5.65031,
	2.9468 5.63314,
	2.9468 5.61597,
	2.92963 5.61597,
	2.95539 5.5988,
	"/>
</Transform>

<Transform dim="3"
 xcoef=" 1.13257905861534 0.871112434603797 0.0487645636790515 0 0 0"
 ycoef=" 1.19318780007357 0.0342314676440217 1.01468307771607 0 0 0">
<Image mag="0.00223443" contrast="1.407" brightness="-0.21" red="true" green="true" blue="true"
 src="CVZWG_und.124.tif" />
<Contour name="domain1" hidden="false" closed="true" simplified="false" border="1 0 1" fill="1 0 1" mode="11"
 points="0 0,
	4097 0,
	4097 4097,
	0 4097,
	"/>
</Transform>

<Transform dim="0"
 xcoef=" 0 1 0 0 0 0"
 ycoef=" 0 0 1 0 0 0">
<Contour name="d03ax17" hidden="false" closed="true" simplified="true" border="0 1 1" fill="0 1 1" mode="-11"
 points="4.50563 4.63805,
	4.51242 4.61089,
	4.51752 4.59731,
	4.526 4.58542,
	4.53959 4.57524,
	4.54638 4.57184,
	4.6007 4.56505,
	4.62786 4.55656,
	4.68219 4.55826,
	4.69577 4.55486,
	4.72293 4.55486,
	4.7501 4.55996,
	4.76368 4.57184,
	4.76877 4.57863,
	4.77217 4.58203,
	4.77047 4.60919,
	4.75689 4.63635,
	4.7484 4.66352,
	4.7467 4.67031,
	4.73312 4.68219,
	4.71954 4.69068,
	4.70596 4.70256,
	4.69238 4.71105,
	4.67879 4.71445,
	4.65163 4.71275,
	4.62447 4.70766,
	4.61089 4.70426,
	4.6041 4.70086,
	4.54977 4.70256,
	4.52261 4.69747,
	4.51072 4.68559,
	4.50563 4.672,
	4.50563 4.64484,
	4.50563 4.63975,
	"/>
</Transform>

<Transform dim="0"
 xcoef=" 0 1 0 0 0 0"
 ycoef=" 0 0 1 0 0 0">
<Contour name="d04ax21" hidden="false" closed="true" simplified="true" border="0 1 1" fill="0 1 1" mode="-11"
 points="2.23924 6.56372,
	2.24565 6.54661,
	2.27773 6.51881,
	2.31195 6.49956,
	2.32906 6.49314,
	2.3975 6.44823,
	2.41461 6.43754,
	2.44455 6.40332,
	2.47663 6.37338,
	2.49161 6.35627,
	2.49802 6.33916,
	2.50444 6.30494,
	2.52369 6.27286,
	2.55577 6.24078,
	2.57288 6.23222,
	2.64132 6.21297,
	2.70975 6.198,
	2.74397 6.19159,
	2.77819 6.17875,
	2.81241 6.1595,
	2.84663 6.14881,
	2.88085 6.14667,
	3.01773 6.11459,
	3.08617 6.11245,
	3.12039 6.12315,
	3.1375 6.13598,
	3.14819 6.15309,
	3.15461 6.16164,
	3.16744 6.19586,
	3.18669 6.23008,
	3.21021 6.2643,
	3.26796 6.33274,
	3.30218 6.36054,
	3.31929 6.3691,
	3.35351 6.39262,
	3.37062 6.40332,
	3.43906 6.4632,
	3.44761 6.47176,
	3.46258 6.50598,
	3.469 6.52309,
	3.47328 6.53164,
	3.47755 6.53592,
	3.47755 6.5402,
	3.48397 6.54875,
	3.48611 6.56586,
	3.48183 6.60008,
	3.46044 6.6343,
	3.43264 6.66638,
	3.40911 6.7006,
	3.37703 6.73054,
	3.35992 6.74337,
	3.34281 6.75193,
	3.33426 6.75407,
	3.26582 6.7947,
	3.2316 6.80754,
	3.21449 6.81395,
	3.20594 6.81823,
	3.18883 6.82037,
	3.17172 6.82678,
	3.1375 6.8332,
	3.10328 6.8332,
	3.06906 6.83748,
	3.05195 6.84176,
	2.98351 6.83962,
	2.94929 6.8332,
	2.91507 6.83106,
	2.89796 6.82465,
	2.82952 6.81395,
	2.82097 6.81395,
	2.81241 6.80967,
	2.74397 6.81181,
	2.70975 6.81395,
	2.67553 6.82465,
	2.6071 6.82037,
	2.57288 6.81823,
	2.50444 6.80326,
	2.47022 6.80112,
	2.436 6.79256,
	2.41889 6.78829,
	2.40178 6.77973,
	2.39322 6.77759,
	2.37611 6.7669,
	2.34617 6.73268,
	2.31409 6.70274,
	2.29698 6.68777,
	2.27132 6.65783,
	2.25849 6.64072,
	2.25207 6.63216,
	2.24351 6.59794,
	2.23924 6.58083,
	2.23924 6.56586,
	"/>
</Transform>

<Transform dim="0"
 xcoef=" 0 1 0 0 0 0"
 ycoef=" 0 0 1 0 0 0">
<Contour name="d04ax21" hidden="false" closed="true" simplified="true" border="0 1 1" fill="0 1 1" mode="-11"
 points="1.31113 6.37198,
	1.31345 6.35338,
	1.31578 6.34409,
	1.33205 6.32549,
	1.3367 6.31619,
	1.3553 6.29992,
	1.37389 6.29062,
	1.41109 6.29294,
	1.44828 6.30689,
	1.48548 6.32781,
	1.52267 6.33944,
	1.59706 6.33944,
	1.63426 6.34409,
	1.67145 6.36036,
	1.68075 6.36733,
	1.71795 6.37896,
	1.73655 6.38128,
	1.77374 6.4022,
	1.79001 6.4208,
	1.82023 6.49519,
	1.82256 6.50449,
	1.82023 6.52309,
	1.81326 6.54168,
	1.81094 6.55098,
	1.79466 6.56958,
	1.75747 6.5812,
	1.73887 6.58353,
	1.72957 6.58818,
	1.65518 6.58585,
	1.58079 6.57655,
	1.5064 6.57655,
	1.46921 6.57191,
	1.45061 6.56726,
	1.41341 6.54866,
	1.37622 6.52076,
	1.36459 6.50449,
	1.34832 6.48822,
	1.3274 6.45102,
	1.31345 6.41383,
	1.31113 6.37663,
	1.31113 6.37431,
	"/>
</Transform>

<Transform dim="0"
 xcoef=" 0 1 0 0 0 0"
 ycoef=" 0 0 1 0 0 0">
<Contour name="d04ax21" hidden="false" closed="true" simplified="true" border="0 1 1" fill="0 1 1" mode="-11"
 points="-0.470117 6.4501,
	-0.465245 6.44036,
	-0.455502 6.43061,
	-0.416528 6.42087,
	-0.338582 6.40869,
	-0.260635 6.37459,
	-0.221661 6.35754,
	-0.202175 6.34779,
	-0.192431 6.34536,
	-0.18756 6.34049,
	-0.177816 6.33805,
	-0.168073 6.33074,
	-0.0121792 6.28446,
	0.0657676 6.26985,
	0.104741 6.2601,
	0.182688 6.24792,
	0.260635 6.24549,
	0.299608 6.24549,
	0.319095 6.24062,
	0.397042 6.24305,
	0.474988 6.24062,
	0.513962 6.23818,
	0.552935 6.23087,
	0.591909 6.21869,
	0.630882 6.21869,
	0.640625 6.21869,
	0.650369 6.226,
	0.657676 6.24549,
	0.652805 6.26498,
	0.647933 6.27472,
	0.611395 6.31126,
	0.591909 6.32344,
	0.574858 6.34292,
	0.557807 6.35754,
	0.521269 6.39408,
	0.482296 6.41843,
	0.465245 6.43305,
	0.455502 6.44279,
	0.445758 6.46228,
	0.436015 6.50125,
	0.423836 6.52074,
	0.406785 6.54023,
	0.387298 6.55484,
	0.309351 6.58163,
	0.231405 6.58163,
	0.211918 6.58163,
	0.192431 6.57676,
	0.182688 6.57189,
	0.143714 6.57189,
	0.104741 6.5792,
	0.0949977 6.58163,
	0.090126 6.58163,
	0.0803827 6.58894,
	0.0414092 6.60112,
	0.00243584 6.60356,
	-0.0365376 6.60112,
	-0.075511 6.5792,
	-0.114484 6.57189,
	-0.153458 6.57433,
	-0.192431 6.57189,
	-0.211918 6.56946,
	-0.221661 6.56702,
	-0.260635 6.5451,
	-0.299608 6.54266,
	-0.377555 6.52561,
	-0.416528 6.52074,
	-0.455502 6.49882,
	-0.465245 6.49151,
	-0.470117 6.48177,
	-0.470117 6.46228,
	-0.470117 6.45254,
	"/>
</Transform>

<Transform dim="0"
 xcoef=" 0 1 0 0 0 0"
 ycoef=" 0 0 1 0 0 0">
<Contour name="d04ax21ssvr" hidden="false" closed="true" simplified="false" border="0 1 0" fill="0 1 0" mode="-11"
 points="2.63932 6.39908,
	2.62719 6.38695,
	2.63932 6.37482,
	2.65146 6.38695,
	"/>
<Contour name="d04ax21ssvr" hidden="false" closed="true" simplified="false" border="0 1 0" fill="0 1 0" mode="-11"
 points="2.57693 6.40255,
	2.5648 6.39042,
	2.57693 6.37828,
	2.58906 6.39042,
	"/>
<Contour name="d04ax21ssvr" hidden="false" closed="true" simplified="false" border="0 1 0" fill="0 1 0" mode="-11"
 points="2.58213 6.45628,
	2.57 6.44415,
	2.58213 6.43201,
	2.59426 6.44415,
	"/>
<Contour name="d04ax21ssvr" hidden="false" closed="true" simplified="false" border="0 1 0" fill="0 1 0" mode="-11"
 points="2.70865 6.37308,
	2.69652 6.36095,
	2.70865 6.34882,
	2.72079 6.36095,
	"/>
<Contour name="d04ax21ssvr" hidden="false" closed="true" simplified="false" border="0 1 0" fill="0 1 0" mode="-11"
 points="2.74852 6.40601,
	2.73639 6.39388,
	2.74852 6.38175,
	2.76065 6.39388,
	"/>
<Contour name="d04ax21ssvr" hidden="false" closed="true" simplified="false" border="0 1 0" fill="0 1 0" mode="-11"
 points="2.79012 6.42161,
	2.77798 6.40948,
	2.79012 6.39735,
	2.80225 6.40948,
	"/>
<Contour name="d04ax21ssvr" hidden="false" closed="true" simplified="false" border="0 1 0" fill="0 1 0" mode="-11"
 points="2.80052 6.47188,
	2.78838 6.45975,
	2.80052 6.44761,
	2.81265 6.45975,
	"/>
<Contour name="d04ax21ssvr" hidden="false" closed="true" simplified="false" border="0 1 0" fill="0 1 0" mode="-11"
 points="2.78838 6.53254,
	2.77625 6.52041,
	2.78838 6.50828,
	2.80052 6.52041,
	"/>
<Contour name="d04ax21ssvr" hidden="false" closed="true" simplified="false" border="0 1 0" fill="0 1 0" mode="-11"
 points="2.79878 6.37655,
	2.78665 6.36442,
	2.79878 6.35228,
	2.81092 6.36442,
	"/>
<Contour name="d04ax21ssvr" hidden="false" closed="true" simplified="false" border="0 1 0" fill="0 1 0" mode="-11"
 points="2.76065 6.34708,
	2.74852 6.33495,
	2.76065 6.32282,
	2.77278 6.33495,
	"/>
<Contour name="d04ax21ssvr" hidden="false" closed="true" simplified="false" border="0 1 0" fill="0 1 0" mode="-11"
 points="2.76932 6.29855,
	2.75719 6.28642,
	2.76932 6.27429,
	2.78145 6.28642,
	"/>
<Contour name="d04ax21ssvr" hidden="false" closed="true" simplified="false" border="0 1 0" fill="0 1 0" mode="-11"
 points="2.82998 6.32802,
	2.81785 6.31589,
	2.82998 6.30375,
	2.84211 6.31589,
	"/>
<Contour name="d04ax21ssvr" hidden="false" closed="true" simplified="false" border="0 1 0" fill="0 1 0" mode="-11"
 points="2.86811 6.37655,
	2.85598 6.36442,
	2.86811 6.35228,
	2.88025 6.36442,
	"/>
<Contour name="d04ax21ssvr" hidden="false" closed="true" simplified="false" border="0 1 0" fill="0 1 0" mode="-11"
 points="2.90971 6.32455,
	2.89758 6.31242,
	2.90971 6.30029,
	2.92184 6.31242,
	"/>
<Contour name="d04ax21ssvr" hidden="false" closed="true" simplified="false" border="0 1 0" fill="0 1 0" mode="-11"
 points="2.89931 6.40255,
	2.88718 6.39042,
	2.89931 6.37828,
	2.91144 6.39042,
	"/>
<Contour name="d04ax21ssvr" hidden="false" closed="true" simplified="false" border="0 1 0" fill="0 1 0" mode="-11"
 points="3.00331 6.30895,
	2.99117 6.29682,
	3.00331 6.28469,
	3.01544 6.29682,
	"/>
<Contour name="d04ax21ssvr" hidden="false" closed="true" simplified="false" border="0 1 0" fill="0 1 0" mode="-11"
 points="3.02757 6.37135,
	3.01544 6.35922,
	3.02757 6.34708,
	3.0397 6.35922,
	"/>
<Contour name="d04ax21ssvr" hidden="false" closed="true" simplified="false" border="0 1 0" fill="0 1 0" mode="-11"
 points="3.06917 6.25349,
	3.05704 6.24136,
	3.06917 6.22922,
	3.0813 6.24136,
	"/>
<Contour name="d04ax21ssvr" hidden="false" closed="true" simplified="false" border="0 1 0" fill="0 1 0" mode="-11"
 points="2.99637 6.22229,
	2.98424 6.21016,
	2.99637 6.19803,
	3.00851 6.21016,
	"/>
<Contour name="d04ax21ssvr" hidden="false" closed="true" simplified="false" border="0 1 0" fill="0 1 0" mode="-11"
 points="2.83171 6.62787,
	2.81958 6.61574,
	2.83171 6.6036,
	2.84385 6.61574,
	"/>
</Transform>

<Transform dim="0"
 xcoef=" 0 1 0 0 0 0"
 ycoef=" 0 0 1 0 0 0">
<Contour name="d04ax21ssvr" hidden="false" closed="true" simplified="false" border="0 1 0" fill="0 1 0" mode="-11"
 points="2.80398 6.24656,
	2.79185 6.23442,
	2.80398 6.22229,
	2.81612 6.23442,
	"/>
</Transform>

<Transform dim="0"
 xcoef=" 0 1 0 0 0 0"
 ycoef=" 0 0 1 0 0 0">
<Contour name="d01ax25" hidden="false" closed="true" simplified="true" border="1 0 1" fill="1 0 1" mode="11"
 points="2.91047 3.15877,
	2.91362 3.1462,
	2.91362 3.13992,
	2.92619 3.12734,
	3.02677 3.0802,
	3.05191 3.06763,
	3.06448 3.0582,
	3.07077 3.0582,
	3.09591 3.04248,
	3.10848 3.03305,
	3.12106 3.02991,
	3.13363 3.02048,
	3.18392 3.01105,
	3.23106 3.04248,
	3.23735 3.04877,
	3.28764 3.06448,
	3.30964 3.08648,
	3.35993 3.09906,
	3.41022 3.09906,
	3.43222 3.11477,
	3.45108 3.13677,
	3.45736 3.14934,
	3.45736 3.15563,
	3.47937 3.17763,
	3.50451 3.19335,
	3.51394 3.20592,
	3.51394 3.23106,
	3.5108 3.24364,
	3.49194 3.26878,
	3.39136 3.30964,
	3.36936 3.33164,
	3.35679 3.34107,
	3.33164 3.34736,
	3.3065 3.34736,
	3.28135 3.34107,
	3.23106 3.34421,
	3.18078 3.35364,
	3.15563 3.3505,
	3.14306 3.34736,
	3.12106 3.3285,
	3.0802 3.28135,
	3.06134 3.25935,
	3.03619 3.24049,
	3.01105 3.22792,
	2.98591 3.22163,
	2.96076 3.20906,
	2.93562 3.20278,
	2.91362 3.17763,
	2.91047 3.16506,
	2.91047 3.16192,
	"/>
</Transform>

</Section>