<?xml version="1.0"?>
<!DOCTYPE Section SYSTEM "section.dtd">

<Section index="188" thickness="0.0532092" alignLocked="true">
<Transform dim="6"
 xcoef=" 2.11925659392504 0.836219949336702 -0.0295600838161437 0 0 0"
 ycoef=" 2.19402827900347 0.00927390402070223 0.972223002067768 0 0 0">
<Image mag="0.00223443" contrast="1.407" brightness="-0.21" red="true" green="true" blue="true"
 src="CVZWG_und.188.tif" />
<Contour name="domain1" hidden="false" closed="true" simplified="false" border="1 0 1" fill="1 0 1" mode="11"
 points="0 0,
	4097 0,
	4097 4097,
	0 4097,
	"/>
</Transform>

<Transform dim="0"
 xcoef=" 0 1 0 0 0 0"
 ycoef=" 0 0 1 0 0 0">
<Contour name="Ax07" hidden="false" closed="true" simplified="true" border="1 0 1" fill="1 0 1" mode="11"
 points="-2.38244 3.72767,
	-2.37615 3.70252,
	-2.35415 3.67738,
	-2.30386 3.63966,
	-2.29129 3.62709,
	-2.285 3.6208,
	-2.23471 3.60509,
	-2.20957 3.59566,
	-2.197 3.59252,
	-2.19071 3.58623,
	-2.16557 3.57994,
	-2.153 3.57366,
	-2.05242 3.57366,
	-2.02727 3.57366,
	-2.00213 3.56737,
	-1.95184 3.56737,
	-1.85126 3.5768,
	-1.75068 3.59252,
	-1.72554 3.59252,
	-1.71297 3.5988,
	-1.66268 3.60509,
	-1.63753 3.60509,
	-1.61239 3.61137,
	-1.41123 3.61452,
	-1.31066 3.61452,
	-1.28551 3.61452,
	-1.23522 3.62395,
	-1.21008 3.63023,
	-1.20379 3.63652,
	-1.1535 3.6428,
	-1.14093 3.6428,
	-1.09064 3.66481,
	-1.07807 3.66795,
	-1.07178 3.66795,
	-1.06235 3.67738,
	-1.04978 3.68052,
	-1.0435 3.68681,
	-0.84234 3.70567,
	-0.817195 3.70567,
	-0.766906 3.72138,
	-0.716617 3.71195,
	-0.691473 3.69938,
	-0.678901 3.69624,
	-0.672615 3.68995,
	-0.64747 3.68366,
	-0.641184 3.67738,
	-0.590895 3.66166,
	-0.540606 3.65223,
	-0.515462 3.6428,
	-0.465173 3.63652,
	-0.414884 3.63652,
	-0.389739 3.63652,
	-0.377167 3.63652,
	-0.326878 3.65852,
	-0.317449 3.66481,
	-0.314306 3.67738,
	-0.317449 3.68995,
	-0.317449 3.69624,
	-0.336307 3.72138,
	-0.386596 3.75281,
	-0.411741 3.76853,
	-0.427456 3.79053,
	-0.436885 3.81567,
	-0.4526 3.83767,
	-0.458887 3.83767,
	-0.465173 3.84396,
	-0.471459 3.84396,
	-0.484031 3.85339,
	-0.496603 3.85653,
	-0.509175 3.86596,
	-0.53432 3.87539,
	-0.584609 3.88482,
	-0.609753 3.89425,
	-0.634898 3.89739,
	-0.660042 3.88796,
	-0.710331 3.87853,
	-0.735476 3.87853,
	-0.76062 3.88482,
	-0.773192 3.88482,
	-0.785765 3.89111,
	-0.792051 3.89111,
	-0.798337 3.89739,
	-0.823481 3.90682,
	-0.848626 3.92254,
	-0.861198 3.92568,
	-0.87377 3.93511,
	-0.924059 3.94454,
	-0.949204 3.9414,
	-0.95549 3.93511,
	-0.980634 3.92882,
	-0.98692 3.92882,
	-0.993206 3.92254,
	-1.01835 3.92254,
	-1.06864 3.9414,
	-1.11893 3.94454,
	-1.16922 3.95711,
	-1.18179 3.95711,
	-1.18808 3.9634,
	-1.21322 3.96654,
	-1.23837 3.97911,
	-1.25408 4.00111,
	-1.25722 4.01369,
	-1.26665 4.02311,
	-1.31694 4.01683,
	-1.34209 4.01683,
	-1.35466 4.01683,
	-1.40495 4.03883,
	-1.50553 4.05769,
	-1.6061 4.04826,
	-1.63125 4.04197,
	-1.64382 4.03883,
	-1.65011 4.03883,
	-1.65639 4.03254,
	-1.68154 4.03254,
	-1.73183 4.04512,
	-1.75697 4.05455,
	-1.80726 4.05769,
	-1.8324 4.05455,
	-1.83869 4.05455,
	-1.84498 4.04826,
	-1.94555 4.01997,
	-1.99584 4.0074,
	-2.02099 4.00426,
	-2.03356 4.00111,
	-2.0807 3.96654,
	-2.09328 3.9634,
	-2.09956 3.95711,
	-2.20014 3.95082,
	-2.25043 3.94454,
	-2.30072 3.94768,
	-2.32586 3.94768,
	-2.33215 3.94768,
	-2.35101 3.92254,
	-2.37301 3.87225,
	-2.38244 3.77167,
	-2.38244 3.74653,
	-2.38244 3.73395,
	-2.38244 3.73081,
	"/>
</Transform>

<Transform dim="0"
 xcoef=" 0 1 0 0 0 0"
 ycoef=" 0 0 1 0 0 0">
<Contour name="d03" hidden="false" closed="true" simplified="true" border="1 0 0.5" fill="1 0 0.5" mode="9"
 points="5.66409 5.23855,
	5.69637 5.19159,
	5.70224 5.17985,
	5.70224 5.17398,
	5.71985 5.1505,
	5.74333 5.1329,
	5.76387 5.10942,
	5.77267 5.09768,
	5.79322 5.083,
	5.80202 5.0742,
	5.84898 5.07127,
	5.87245 5.07127,
	5.88419 5.07127,
	5.93115 5.05072,
	5.95463 5.03018,
	5.96637 5.02431,
	6.01332 5.01844,
	6.10724 5.02431,
	6.15419 5.02137,
	6.20115 5.01257,
	6.22463 5.0067,
	6.27158 5.00964,
	6.27745 5.0155,
	6.30093 5.02137,
	6.30973 5.03018,
	6.33321 5.03311,
	6.38017 5.02431,
	6.47408 5.03018,
	6.49756 5.03311,
	6.52104 5.04192,
	6.55919 5.08007,
	6.58267 5.09768,
	6.60028 5.12116,
	6.60614 5.1329,
	6.60614 5.13876,
	6.61201 5.14463,
	6.60908 5.16811,
	6.60028 5.19159,
	6.58267 5.2092,
	6.57386 5.23268,
	6.55038 5.23561,
	6.52691 5.24735,
	6.50343 5.26496,
	6.49756 5.26789,
	6.48875 5.29137,
	6.48875 5.33833,
	6.49756 5.36181,
	6.49462 5.37355,
	6.47702 5.39409,
	6.43006 5.41463,
	6.3831 5.41757,
	6.33615 5.40876,
	6.32441 5.40583,
	6.31854 5.39996,
	6.27158 5.38528,
	6.2481 5.38235,
	6.23636 5.38235,
	6.22463 5.37648,
	6.17767 5.37942,
	6.13071 5.38822,
	6.08376 5.38528,
	6.07202 5.38235,
	6.06615 5.38235,
	6.06028 5.37648,
	6.01332 5.36181,
	5.96637 5.353,
	5.91941 5.35594,
	5.89593 5.35594,
	5.88419 5.35594,
	5.86072 5.3442,
	5.84604 5.32072,
	5.82843 5.30311,
	5.78148 5.27963,
	5.73452 5.26496,
	5.68756 5.26496,
	5.67583 5.26496,
	5.66409 5.25322,
	5.66409 5.24148,
	"/>
</Transform>

<Transform dim="0"
 xcoef=" 0 1 0 0 0 0"
 ycoef=" 0 0 1 0 0 0">
<Contour name="d03p24" hidden="false" closed="true" simplified="false" border="1 0 0" fill="1 0 0" mode="-9"
 points="6.39959 5.38187,
	6.41426 5.36133,
	6.39959 5.34079,
	6.40839 5.34079,
	6.42013 5.3584,
	6.43187 5.34079,
	6.44068 5.34079,
	6.426 5.36133,
	6.44068 5.38187,
	6.43187 5.38187,
	6.42013 5.36427,
	6.40839 5.38187,
	"/>
</Transform>

</Section>