<?xml version="1.0"?>
<!DOCTYPE Section SYSTEM "section.dtd">

<Section index="60" thickness="0.0471499" alignLocked="true">
<Transform dim="0"
 xcoef=" 0 1 0 0 0 0"
 ycoef=" 0 0 1 0 0 0">
<Contour name="D06" hidden="false" closed="true" simplified="true" border="0 0 1" fill="0 0 1" mode="-9"
 points="0.702826 6.33969,
	0.713404 6.29456,
	0.744103 6.25385,
	0.791917 6.22154,
	0.852167 6.2008,
	0.918954 6.19366,
	0.985742 6.2008,
	1.04599 6.22154,
	1.09381 6.25385,
	1.1245 6.29456,
	1.13508 6.33969,
	1.1245 6.38481,
	1.09381 6.42552,
	1.04599 6.45783,
	0.985742 6.47857,
	0.918954 6.48572,
	0.852167 6.47857,
	0.791917 6.45783,
	0.744103 6.42552,
	"/>
</Transform>

<Transform dim="0"
 xcoef=" 0 1 0 0 0 0"
 ycoef=" 0 0 1 0 0 0">
<Contour name="D02ax01" hidden="false" closed="true" simplified="true" border="0.5 0 1" fill="0.5 0 1" mode="-9"
 points="5.02594 4.39505,
	5.0319 4.36588,
	5.04919 4.33957,
	5.07611 4.31869,
	5.11004 4.30528,
	5.14766 4.30066,
	5.18527 4.30528,
	5.2192 4.31869,
	5.24612 4.33957,
	5.26341 4.36588,
	5.26937 4.39505,
	5.26341 4.42422,
	5.24612 4.45053,
	5.2192 4.47141,
	5.18527 4.48482,
	5.14766 4.48944,
	5.11004 4.48482,
	5.07611 4.47141,
	5.04919 4.45053,
	"/>
</Transform>

<Transform dim="0"
 xcoef=" 0 1 0 0 0 0"
 ycoef=" 0 0 1 0 0 0">
<Contour name="d09" hidden="false" closed="true" simplified="true" border="0 1 0" fill="0 1 0" mode="-11"
 points="3.91876 7.37524,
	3.92782 7.3269,
	3.94595 7.27855,
	3.95501 7.25438,
	3.95803 7.2423,
	3.97012 7.23021,
	3.99429 7.22115,
	4.09098 7.22719,
	4.11515 7.23625,
	4.12723 7.2423,
	4.17557 7.23927,
	4.18162 7.23927,
	4.19672 7.26345,
	4.20277 7.26949,
	4.21183 7.31783,
	4.23902 7.36013,
	4.25715 7.3843,
	4.25715 7.39034,
	4.26622 7.40243,
	4.26924 7.41452,
	4.26924 7.42056,
	4.2783 7.43264,
	4.28737 7.48099,
	4.27226 7.50516,
	4.22392 7.53839,
	4.20277 7.55048,
	4.1786 7.55652,
	4.08191 7.5535,
	4.05774 7.5535,
	4.01242 7.53235,
	3.98825 7.51724,
	3.97616 7.5112,
	3.94293 7.46286,
	3.93084 7.43869,
	3.92178 7.4266,
	3.91876 7.37826,
	"/>
<Contour name="d09" hidden="false" closed="true" simplified="true" border="0 1 0" fill="0 1 0" mode="-11"
 points="4.68921 6.63499,
	4.71036 6.61989,
	4.71641 6.61989,
	4.72245 6.61384,
	4.77079 6.60176,
	4.81913 6.59572,
	4.86748 6.58363,
	4.89165 6.57759,
	4.91582 6.58061,
	4.9279 6.58967,
	4.93395 6.59572,
	4.93092 6.61989,
	4.9128 6.64406,
	4.89467 6.66219,
	4.8705 6.68032,
	4.85841 6.68334,
	4.83424 6.69844,
	4.81007 6.70751,
	4.79798 6.71053,
	4.77381 6.70751,
	4.76173 6.70449,
	4.71338 6.67427,
	4.7013 6.66823,
	4.68921 6.65614,
	4.68921 6.64406,
	4.68921 6.63802,
	"/>
<Contour name="d09" hidden="false" closed="true" simplified="true" border="0 1 0" fill="0 1 0" mode="-11"
 points="5.00344 6.70751,
	5.03063 6.66521,
	5.0397 6.65312,
	5.04272 6.64104,
	5.06689 6.62291,
	5.07897 6.61989,
	5.12732 6.59269,
	5.17566 6.57457,
	5.19983 6.5655,
	5.24817 6.55946,
	5.25724 6.56248,
	5.25421 6.56852,
	5.30256 6.56248,
	5.31464 6.56248,
	5.32069 6.56248,
	5.32673 6.56852,
	5.37507 6.57457,
	5.42341 6.59874,
	5.4355 6.60176,
	5.45967 6.59874,
	5.47176 6.59269,
	5.48384 6.59269,
	5.48988 6.59269,
	5.51405 6.6078,
	5.53823 6.61687,
	5.58657 6.6078,
	5.61074 6.59572,
	5.62283 6.58665,
	5.647 6.58061,
	5.65908 6.58061,
	5.67117 6.57457,
	5.71951 6.56852,
	5.74368 6.5655,
	5.76785 6.56852,
	5.79202 6.58061,
	5.80411 6.58967,
	5.82828 6.59269,
	5.85245 6.60176,
	5.90079 6.63197,
	5.92194 6.65614,
	5.9159 6.75283,
	5.90684 6.80117,
	5.90079 6.82534,
	5.89475 6.83139,
	5.89173 6.84347,
	5.86152 6.89181,
	5.86152 6.89786,
	5.82828 6.9462,
	5.80713 6.97037,
	5.80109 6.97943,
	5.77994 7.00361,
	5.7739 7.01569,
	5.72857 7.06101,
	5.7044 7.07612,
	5.69836 7.08216,
	5.68627 7.08518,
	5.63793 7.1154,
	5.61376 7.1305,
	5.58959 7.13957,
	5.5775 7.14863,
	5.57146 7.14863,
	5.56844 7.15468,
	5.52312 7.17582,
	5.47478 7.19093,
	5.45061 7.19093,
	5.42643 7.18489,
	5.37809 7.19395,
	5.28141 7.23927,
	5.25724 7.24532,
	5.24515 7.25438,
	5.22098 7.26042,
	5.20889 7.26647,
	5.16055 7.26345,
	5.13638 7.25438,
	5.11523 7.23625,
	5.10314 7.23021,
	5.08804 7.20604,
	5.08199 7.1577,
	5.07595 7.15165,
	5.07595 7.14561,
	5.04272 7.09727,
	5.0397 7.08518,
	5.03365 7.07914,
	5.02459 7.05497,
	5.02761 7.0308,
	5.0125 7.00663,
	5.01552 6.98246,
	5.01855 6.97037,
	5.01855 6.96433,
	5.0397 6.94318,
	5.0548 6.92203,
	5.06387 6.90994,
	5.07293 6.88577,
	5.07293 6.8616,
	5.05782 6.81326,
	5.0548 6.80117,
	5.0548 6.79513,
	5.04876 6.78909,
	5.04272 6.76491,
	5.04272 6.75887,
	5.00344 6.71657,
	5.00344 6.71053,
	"/>
</Transform>

<Transform dim="0"
 xcoef=" 0 1 0 0 0 0"
 ycoef=" 0 0 1 0 0 0">
<Contour name="d01" hidden="false" closed="true" simplified="true" border="1 1 0" fill="1 0.5 0" mode="11"
 points="2.9748 4.49823,
	3.02369 4.41588,
	3.03913 4.39529,
	3.08031 4.37213,
	3.10089 4.37213,
	3.11119 4.37213,
	3.15236 4.35154,
	3.19353 4.31809,
	3.27588 4.26662,
	3.44058 4.1817,
	3.46116 4.17141,
	3.54351 4.15854,
	3.58468 4.16369,
	3.66703 4.19457,
	3.67733 4.19972,
	3.75967 4.192,
	3.80085 4.18685,
	3.88319 4.21001,
	3.90378 4.2203,
	3.94495 4.25118,
	3.95782 4.27177,
	3.96554 4.28206,
	3.97326 4.36441,
	3.97326 4.385,
	3.97584 4.39529,
	3.95267 4.43647,
	3.93981 4.45705,
	3.93209 4.47764,
	3.92951 4.51881,
	3.92951 4.5394,
	3.94495 4.55999,
	3.94753 4.64233,
	3.94495 4.66292,
	3.92694 4.68351,
	3.92179 4.68865,
	3.90121 4.69123,
	3.89091 4.69123,
	3.84974 4.72468,
	3.82915 4.7427,
	3.74681 4.74527,
	3.72622 4.7427,
	3.70563 4.73498,
	3.66446 4.73498,
	3.62329 4.72468,
	3.6027 4.71953,
	3.5924 4.71696,
	3.57182 4.69895,
	3.48947 4.69637,
	3.40712 4.67836,
	3.36595 4.67321,
	3.32478 4.67321,
	3.2836 4.66292,
	3.26302 4.65263,
	3.22184 4.65005,
	3.13949 4.65777,
	3.11891 4.65777,
	3.10861 4.66035,
	3.09832 4.65777,
	3.08545 4.63719,
	3.08031 4.62689,
	3.03913 4.60373,
	3.00053 4.56513,
	2.98252 4.54455,
	2.9748 4.53425,
	2.9748 4.51367,
	2.9748 4.50337,
	2.9748 4.5008,
	"/>
</Transform>

<Transform dim="0"
 xcoef=" 0 1 0 0 0 0"
 ycoef=" 0 0 1 0 0 0">
<Contour name="d01" hidden="false" closed="true" simplified="true" border="1 1 0" fill="1 0.5 0" mode="11"
 points="4.05304 3.58983,
	4.05818 3.56924,
	4.07877 3.54866,
	4.08906 3.53836,
	4.09421 3.53322,
	4.13538 3.53064,
	4.14825 3.54866,
	4.16112 3.58983,
	4.16369 3.61042,
	4.22288 3.69277,
	4.2203 3.71335,
	4.17913 3.7185,
	4.13796 3.7185,
	4.12766 3.7185,
	4.1148 3.70049,
	4.08134 3.65931,
	4.06848 3.63873,
	4.05304 3.59755,
	4.05304 3.5924,
	"/>
</Transform>

<Transform dim="0"
 xcoef=" 0 1 0 0 0 0"
 ycoef=" 0 0 1 0 0 0">
<Contour name="d02" hidden="false" closed="true" simplified="true" border="0.502 0 1" fill="1 0.5 0" mode="11"
 points="4.38192 3.99853,
	4.39319 3.98274,
	4.3977 3.97823,
	4.40221 3.97823,
	4.418 3.96019,
	4.42702 3.94215,
	4.42702 3.9241,
	4.42251 3.91734,
	4.42251 3.90832,
	4.42251 3.90381,
	4.42928 3.89479,
	4.43153 3.87674,
	4.43153 3.86772,
	4.42025 3.85194,
	4.42025 3.84743,
	4.41349 3.83841,
	4.41574 3.80232,
	4.41574 3.79781,
	4.42025 3.7933,
	4.42251 3.78428,
	4.42702 3.77977,
	4.42928 3.74369,
	4.44506 3.7076,
	4.45634 3.69181,
	4.46085 3.6873,
	4.46085 3.68279,
	4.49017 3.64897,
	4.50821 3.6422,
	4.54429 3.63994,
	4.56233 3.6422,
	4.58038 3.65348,
	4.61646 3.65348,
	4.68863 3.66926,
	4.69765 3.67377,
	4.73373 3.67828,
	4.75177 3.68054,
	4.78786 3.69181,
	4.79688 3.69633,
	4.80139 3.69633,
	4.83747 3.71662,
	4.851 3.73015,
	4.851 3.73466,
	4.85777 3.74369,
	4.86905 3.77977,
	4.87356 3.78879,
	4.87807 3.79105,
	4.87807 3.79556,
	4.9119 3.82487,
	4.9119 3.82938,
	4.91641 3.83389,
	4.91641 3.85194,
	4.9119 3.86998,
	4.89611 3.88576,
	4.88709 3.89028,
	4.88258 3.89479,
	4.87807 3.89479,
	4.84424 3.9241,
	4.84198 3.94215,
	4.84198 3.94666,
	4.8262 3.9647,
	4.81718 3.97372,
	4.80815 3.97597,
	4.79913 3.98274,
	4.79462 3.98274,
	4.77658 3.99627,
	4.76305 4.01206,
	4.75628 4.0301,
	4.75628 4.03461,
	4.72246 4.07069,
	4.71569 4.07746,
	4.70667 4.07746,
	4.67059 4.08874,
	4.65254 4.09325,
	4.64352 4.09776,
	4.62548 4.09776,
	4.60744 4.10227,
	4.53527 4.10227,
	4.49919 4.10227,
	4.49017 4.10227,
	4.45408 4.08874,
	4.43604 4.08423,
	4.40221 4.05942,
	4.38643 4.04138,
	4.38192 4.03236,
	4.38192 4.01431,
	4.38192 4.00529,
	4.38192 4.00078,
	"/>
</Transform>

<Transform dim="0"
 xcoef=" 0 1 0 0 0 0"
 ycoef=" 0 0 1 0 0 0">
<Contour name="d02" hidden="false" closed="true" simplified="true" border="0.502 0 1" fill="1 0.5 0" mode="11"
 points="4.02108 4.75403,
	4.02784 4.73599,
	4.03461 4.72697,
	4.04814 4.69088,
	4.05491 4.68412,
	4.05491 4.67961,
	4.06167 4.67059,
	4.06393 4.66156,
	4.06844 4.65705,
	4.07069 4.64803,
	4.0752 4.64352,
	4.0752 4.63901,
	4.08197 4.62999,
	4.10903 4.55782,
	4.12482 4.52174,
	4.14286 4.50595,
	4.17895 4.49468,
	4.19473 4.4834,
	4.21728 4.45183,
	4.23533 4.43604,
	4.27141 4.43379,
	4.28945 4.43379,
	4.29847 4.43379,
	4.31426 4.418,
	4.32554 4.40672,
	4.33005 4.40672,
	4.33456 4.40221,
	4.3526 4.40221,
	4.36162 4.40221,
	4.36613 4.40221,
	4.36838 4.40672,
	4.38643 4.41349,
	4.42251 4.41349,
	4.43153 4.41349,
	4.44957 4.40447,
	4.52174 4.40221,
	4.55782 4.40221,
	4.57587 4.40221,
	4.58489 4.40221,
	4.61872 4.42251,
	4.62774 4.42702,
	4.63676 4.42702,
	4.64127 4.43153,
	4.65931 4.4383,
	4.6751 4.44957,
	4.68186 4.45634,
	4.68412 4.49242,
	4.68186 4.52851,
	4.67735 4.54655,
	4.6751 4.55557,
	4.66156 4.57136,
	4.64352 4.58489,
	4.62548 4.59165,
	4.5894 4.59842,
	4.57136 4.59842,
	4.53753 4.6142,
	4.51949 4.62097,
	4.51046 4.62774,
	4.50144 4.62774,
	4.46536 4.64127,
	4.45634 4.64803,
	4.45183 4.64803,
	4.43604 4.66608,
	4.43153 4.6751,
	4.43153 4.67961,
	4.3977 4.70892,
	4.36162 4.72246,
	4.34358 4.72922,
	4.30749 4.72922,
	4.28945 4.72922,
	4.27141 4.73599,
	4.26239 4.73599,
	4.2263 4.74952,
	4.21728 4.74952,
	4.20826 4.75628,
	4.19924 4.75628,
	4.16316 4.76982,
	4.14512 4.78109,
	4.12707 4.78786,
	4.10903 4.78786,
	4.10001 4.78786,
	4.08197 4.78109,
	4.04589 4.77884,
	4.02784 4.77658,
	4.02108 4.76982,
	4.02108 4.76079,
	4.02108 4.75628,
	"/>
</Transform>

<Transform dim="0"
 xcoef=" 0 1 0 0 0 0"
 ycoef=" 0 0 1 0 0 0">
<Contour name="d03" hidden="false" closed="true" simplified="true" border="1 0 0.501961" fill="1 0.5 0" mode="11"
 points="2.70845 3.48519,
	2.71521 3.46718,
	2.72421 3.46043,
	2.74222 3.45592,
	2.75798 3.44692,
	2.77374 3.43341,
	2.78725 3.4154,
	2.78725 3.41089,
	2.80076 3.39288,
	2.81877 3.38163,
	2.83678 3.37487,
	2.8548 3.37487,
	2.87281 3.36812,
	2.89082 3.35461,
	2.92684 3.35236,
	2.93134 3.35236,
	2.9426 3.36587,
	2.95836 3.37262,
	2.97637 3.37262,
	2.98538 3.37262,
	3.0214 3.39739,
	3.04617 3.4244,
	3.05967 3.44241,
	3.06418 3.45142,
	3.06868 3.45592,
	3.07318 3.47393,
	3.07093 3.50996,
	3.05967 3.52572,
	3.04166 3.53697,
	3.02365 3.54373,
	2.98763 3.54598,
	2.95161 3.55949,
	2.91558 3.56624,
	2.89757 3.5775,
	2.86155 3.57975,
	2.84354 3.57975,
	2.82553 3.58425,
	2.7895 3.582,
	2.77149 3.5775,
	2.73547 3.55499,
	2.71971 3.53697,
	2.70845 3.51896,
	2.70845 3.50095,
	2.70845 3.49195,
	2.70845 3.48744,
	"/>
</Transform>

<Transform dim="0"
 xcoef=" 0 1 0 0 0 0"
 ycoef=" 0 0 1 0 0 0">
<Contour name="d03" hidden="false" closed="true" simplified="true" border="1 0 0.501961" fill="1 0.5 0" mode="11"
 points="3.37262 2.84129,
	3.37487 2.83228,
	3.38388 2.82553,
	3.40189 2.82328,
	3.41089 2.82328,
	3.42891 2.83453,
	3.44241 2.85029,
	3.44692 2.8548,
	3.44692 2.8593,
	3.46043 2.87731,
	3.46268 2.88631,
	3.46718 2.89082,
	3.46718 2.89532,
	3.49195 2.93134,
	3.4942 2.94935,
	3.49195 2.96737,
	3.48744 2.97637,
	3.48294 2.98087,
	3.46493 2.98087,
	3.44692 2.97412,
	3.42891 2.96061,
	3.4154 2.9471,
	3.38838 2.91108,
	3.37712 2.89307,
	3.37262 2.88406,
	3.37262 2.84804,
	3.37262 2.84354,
	"/>
</Transform>

<Transform dim="0"
 xcoef=" 0 1 0 0 0 0"
 ycoef=" 0 0 1 0 0 0">
<Contour name="d03" hidden="false" closed="true" simplified="true" border="1 0 0.501961" fill="1 0.5 0" mode="11"
 points="4.20339 2.81877,
	4.2124 2.80076,
	4.2124 2.78275,
	4.2124 2.77374,
	4.2169 2.76474,
	4.2169 2.72872,
	4.2079 2.72196,
	4.20564 2.71296,
	4.2169 2.6972,
	4.23491 2.69269,
	4.24392 2.69269,
	4.27994 2.67918,
	4.28444 2.67918,
	4.30246 2.66793,
	4.30696 2.66568,
	4.31822 2.62965,
	4.32047 2.62065,
	4.33398 2.60489,
	4.35199 2.59813,
	4.38801 2.60039,
	4.42403 2.60714,
	4.43304 2.60489,
	4.46681 2.57787,
	4.48482 2.56436,
	4.52084 2.56436,
	4.53885 2.55536,
	4.54786 2.54635,
	4.61991 2.5441,
	4.65593 2.5441,
	4.66493 2.5441,
	4.66944 2.5441,
	4.68745 2.53059,
	4.70546 2.53059,
	4.71446 2.53059,
	4.73248 2.52384,
	4.75049 2.52384,
	4.75949 2.52384,
	4.7685 2.51708,
	4.773 2.51708,
	4.79101 2.50357,
	4.79552 2.50357,
	4.81353 2.49232,
	4.82929 2.48556,
	4.83829 2.48556,
	4.84505 2.49007,
	4.86306 2.48331,
	4.87882 2.4698,
	4.89683 2.46305,
	4.90133 2.46305,
	4.91034 2.45404,
	4.92835 2.44504,
	4.94636 2.43153,
	4.98238 2.41802,
	4.99139 2.41577,
	5.00039 2.40901,
	5.03642 2.39776,
	5.05443 2.38875,
	5.07244 2.38875,
	5.08145 2.39325,
	5.0882 2.40226,
	5.0927 2.43828,
	5.09946 2.45629,
	5.10171 2.49232,
	5.09721 2.52834,
	5.09946 2.56436,
	5.10396 2.57337,
	5.10846 2.57787,
	5.11522 2.61389,
	5.11522 2.6319,
	5.12197 2.66793,
	5.13773 2.70395,
	5.14674 2.72196,
	5.15124 2.73997,
	5.16024 2.75798,
	5.1625 2.76699,
	5.16925 2.77374,
	5.16925 2.80977,
	5.1625 2.84579,
	5.15799 2.8638,
	5.15574 2.87281,
	5.14448 2.89082,
	5.11522 2.92009,
	5.09721 2.93134,
	5.07919 2.93134,
	5.06118 2.9381,
	5.05218 2.94035,
	5.04317 2.9471,
	5.03417 2.9471,
	5.02516 2.95386,
	5.01615 2.95386,
	5.01165 2.95836,
	4.99364 2.96511,
	4.96437 2.99438,
	4.95311 3.01239,
	4.94411 3.0214,
	4.9261 3.0259,
	4.91709 3.02815,
	4.89908 3.03941,
	4.89007 3.04617,
	4.87206 3.05292,
	4.83604 3.05517,
	4.81803 3.06193,
	4.81128 3.07093,
	4.80452 3.08894,
	4.79552 3.0957,
	4.7775 3.09795,
	4.7685 3.10245,
	4.764 3.10245,
	4.75724 3.10921,
	4.75724 3.11371,
	4.73923 3.12271,
	4.70321 3.12722,
	4.6942 3.12947,
	4.67619 3.14298,
	4.66268 3.16099,
	4.62891 3.19476,
	4.6109 3.20602,
	4.60189 3.21052,
	4.59739 3.21052,
	4.58163 3.22628,
	4.57488 3.24429,
	4.57263 3.2533,
	4.55912 3.27131,
	4.55236 3.28932,
	4.54561 3.36136,
	4.53435 3.39739,
	4.52985 3.40639,
	4.52985 3.4154,
	4.52985 3.4199,
	4.53435 3.4244,
	4.53435 3.43341,
	4.53885 3.43791,
	4.54111 3.47393,
	4.5366 3.47844,
	4.51859 3.47844,
	4.51409 3.47844,
	4.50959 3.47393,
	4.49383 3.46718,
	4.47581 3.45592,
	4.4578 3.45367,
	4.4488 3.45142,
	4.46231 3.37937,
	4.46906 3.37037,
	4.47807 3.33435,
	4.48032 3.29832,
	4.47581 3.2623,
	4.47581 3.2533,
	4.45555 3.21952,
	4.41953 3.19476,
	4.41277 3.18575,
	4.40827 3.16774,
	4.40827 3.15874,
	4.40377 3.14973,
	4.39476 3.14298,
	4.38576 3.14298,
	4.36775 3.13397,
	4.35199 3.11596,
	4.33398 3.1047,
	4.30696 3.07543,
	4.3002 3.06643,
	4.28895 3.03041,
	4.28219 3.01239,
	4.27994 2.99438,
	4.27319 2.97637,
	4.26868 2.94035,
	4.26643 2.92234,
	4.26193 2.91333,
	4.24392 2.89982,
	4.23942 2.89532,
	4.23942 2.89082,
	4.23266 2.88181,
	4.23266 2.87281,
	4.2214 2.86155,
	4.21915 2.85254,
	4.20339 2.83904,
	4.20339 2.82102,
	"/>
</Transform>

<Transform dim="0"
 xcoef=" 0 1 0 0 0 0"
 ycoef=" 0 0 1 0 0 0">
<Contour name="d03" hidden="false" closed="true" simplified="true" border="1 0 0.501961" fill="1 0.5 0" mode="11"
 points="5.32685 2.86155,
	5.35162 2.82778,
	5.38088 2.80301,
	5.39664 2.79401,
	5.40565 2.7895,
	5.44167 2.79176,
	5.45968 2.79626,
	5.46869 2.79626,
	5.47769 2.79176,
	5.4822 2.78725,
	5.50021 2.78725,
	5.50921 2.78725,
	5.51822 2.79176,
	5.53623 2.79401,
	5.54524 2.79851,
	5.54974 2.80752,
	5.55424 2.80977,
	5.55424 2.81427,
	5.56325 2.81427,
	5.57225 2.80752,
	5.58126 2.80977,
	5.58126 2.82778,
	5.561 2.89982,
	5.54749 2.93585,
	5.54524 2.94485,
	5.53848 2.95386,
	5.53398 2.95836,
	5.53398 2.96286,
	5.52948 2.96737,
	5.52948 3.00339,
	5.52948 3.01239,
	5.51822 3.02815,
	5.4822 3.03041,
	5.44617 3.03716,
	5.41015 3.03491,
	5.39214 3.03266,
	5.38764 3.02815,
	5.37188 3.0214,
	5.35387 3.01014,
	5.34036 3.00114,
	5.3336 2.99213,
	5.32685 2.95611,
	5.32685 2.88406,
	5.32685 2.86605,
	5.32685 2.8638,
	"/>
</Transform>

<Transform dim="0"
 xcoef=" 0 1 0 0 0 0"
 ycoef=" 0 0 1 0 0 0">
<Contour name="d04" hidden="false" closed="true" simplified="true" border="1 0 0" fill="1 0.5 0" mode="11"
 points="2.29488 5.81591,
	2.31652 5.78639,
	2.32833 5.77458,
	2.34408 5.76474,
	2.37557 5.7549,
	2.37951 5.7549,
	2.40903 5.72931,
	2.42084 5.71357,
	2.43068 5.70176,
	2.44446 5.68995,
	2.4602 5.68405,
	2.49169 5.68405,
	2.49956 5.68405,
	2.51531 5.67814,
	2.53105 5.66437,
	2.56254 5.65059,
	2.59404 5.64075,
	2.59797 5.64075,
	2.60191 5.63681,
	2.61765 5.63091,
	2.6334 5.62107,
	2.64914 5.62107,
	2.66489 5.625,
	2.69638 5.64272,
	2.71016 5.65452,
	2.71409 5.65452,
	2.74165 5.67224,
	2.75739 5.68208,
	2.77314 5.69586,
	2.77904 5.70373,
	2.78101 5.73522,
	2.77904 5.75096,
	2.77314 5.76671,
	2.7692 5.77261,
	2.7692 5.8356,
	2.7692 5.85134,
	2.77511 5.85921,
	2.77511 5.86709,
	2.78101 5.87496,
	2.77904 5.93794,
	2.77511 5.94581,
	2.76723 5.95369,
	2.75936 5.95565,
	2.75542 5.95959,
	2.74755 5.95959,
	2.73181 5.96549,
	2.72393 5.96549,
	2.66095 5.99108,
	2.65308 5.99502,
	2.64521 5.99502,
	2.58223 6.01863,
	2.56648 6.01863,
	2.55074 6.01273,
	2.53499 6.00289,
	2.5035 6.00486,
	2.48775 6.00683,
	2.47988 6.00683,
	2.44839 5.99502,
	2.43461 5.98714,
	2.42871 5.98321,
	2.4169 5.96943,
	2.4169 5.96549,
	2.40116 5.95565,
	2.38541 5.95565,
	2.37754 5.95369,
	2.3736 5.95369,
	2.37163 5.92219,
	2.36967 5.91432,
	2.35392 5.90054,
	2.34605 5.8848,
	2.3244 5.85528,
	2.31062 5.84544,
	2.29881 5.83166,
	2.29488 5.82772,
	2.29488 5.81985,
	2.29488 5.81788,
	"/>
</Transform>

<Transform dim="0"
 xcoef=" 0 1 0 0 0 0"
 ycoef=" 0 0 1 0 0 0">
<Contour name="d04" hidden="false" closed="true" simplified="true" border="1 0 0" fill="1 0.5 0" mode="11"
 points="2.58419 4.14888,
	2.58813 4.14101,
	2.58813 4.13707,
	2.60781 4.10558,
	2.61372 4.09968,
	2.62946 4.09574,
	2.66095 4.09574,
	2.69244 4.09968,
	2.69441 4.10361,
	2.7259 4.10558,
	2.72984 4.10558,
	2.73771 4.11149,
	2.74165 4.11149,
	2.75739 4.12133,
	2.77314 4.12526,
	2.78101 4.1292,
	2.78888 4.1292,
	2.80463 4.1351,
	2.86761 4.13707,
	2.93059 4.14691,
	3.05655 4.14691,
	3.11953 4.14495,
	3.15102 4.14495,
	3.18252 4.13117,
	3.19039 4.12526,
	3.20613 4.12133,
	3.22188 4.12133,
	3.22975 4.12133,
	3.24353 4.1292,
	3.26715 4.15282,
	3.27896 4.16266,
	3.28289 4.1666,
	3.28092 4.22958,
	3.28092 4.23745,
	3.26911 4.25319,
	3.23762 4.27878,
	3.22975 4.28272,
	3.22581 4.28665,
	3.19432 4.29649,
	3.17858 4.3024,
	3.17071 4.30437,
	3.17071 4.3083,
	3.1648 4.31618,
	3.1589 4.33192,
	3.14512 4.3457,
	3.13725 4.3516,
	3.1215 4.35751,
	3.10576 4.35751,
	3.07427 4.36735,
	3.04278 4.38113,
	3.0349 4.38113,
	3.02703 4.38506,
	2.99554 4.38703,
	2.97979 4.38703,
	2.9483 4.39884,
	2.94043 4.40081,
	2.9365 4.40474,
	2.92862 4.40474,
	2.91288 4.41065,
	2.88139 4.41065,
	2.87351 4.41065,
	2.84202 4.39293,
	2.81053 4.3949,
	2.8066 4.39884,
	2.77511 4.39687,
	2.75936 4.39293,
	2.75542 4.39293,
	2.74755 4.38703,
	2.73968 4.38506,
	2.70819 4.36144,
	2.70622 4.35751,
	2.70228 4.35751,
	2.69441 4.3516,
	2.67867 4.34767,
	2.66292 4.33979,
	2.65898 4.33979,
	2.65308 4.33192,
	2.65308 4.32798,
	2.64718 4.32011,
	2.64127 4.30437,
	2.62946 4.29059,
	2.62356 4.28272,
	2.61765 4.26697,
	2.61765 4.2591,
	2.60191 4.22761,
	2.59994 4.21974,
	2.58813 4.20596,
	2.58419 4.19809,
	2.58419 4.1666,
	2.58419 4.15085,
	"/>
</Transform>

<Transform dim="0"
 xcoef=" 0 1 0 0 0 0"
 ycoef=" 0 0 1 0 0 0">
<Contour name="d05" hidden="false" closed="true" simplified="true" border="1 0.501961 0" fill="1 0.5 0" mode="11"
 points="5.39159 4.50358,
	5.40585 4.48284,
	5.40585 4.47765,
	5.41493 4.46728,
	5.43567 4.45562,
	5.45641 4.44654,
	5.47586 4.42969,
	5.51734 4.40765,
	5.52382 4.39728,
	5.53419 4.38821,
	5.54457 4.38691,
	5.55494 4.39339,
	5.56012 4.39209,
	5.57049 4.38432,
	5.59123 4.38302,
	5.59642 4.38302,
	5.61716 4.37395,
	5.62753 4.36746,
	5.62753 4.36487,
	5.63272 4.35969,
	5.64309 4.3558,
	5.65346 4.3558,
	5.65735 4.35061,
	5.65865 4.34543,
	5.65994 4.34283,
	5.67031 4.34413,
	5.6755 4.34413,
	5.69624 4.33117,
	5.70661 4.32598,
	5.7481 4.32468,
	5.76884 4.32079,
	5.78958 4.31172,
	5.79217 4.30913,
	5.79736 4.30783,
	5.79995 4.30524,
	5.82069 4.30524,
	5.83106 4.30524,
	5.8518 4.29616,
	5.87255 4.2845,
	5.91403 4.26505,
	5.9244 4.26116,
	5.92959 4.25857,
	5.93996 4.25857,
	5.94514 4.25727,
	5.95422 4.25079,
	5.97496 4.25079,
	5.98533 4.25598,
	5.9957 4.26505,
	6.00867 4.28579,
	6.01126 4.29098,
	6.01126 4.29616,
	6.01644 4.30653,
	6.02552 4.31691,
	6.03589 4.32468,
	6.04626 4.33505,
	6.05145 4.34024,
	6.07219 4.34931,
	6.09293 4.3532,
	6.1033 4.3545,
	6.14478 4.37135,
	6.16553 4.37783,
	6.1759 4.38691,
	6.18368 4.39728,
	6.18627 4.39987,
	6.18627 4.40247,
	6.20312 4.42321,
	6.2446 4.4245,
	6.25498 4.4245,
	6.29646 4.43876,
	6.30683 4.44654,
	6.31202 4.45173,
	6.31202 4.45432,
	6.32109 4.46469,
	6.33146 4.47247,
	6.33794 4.48154,
	6.34313 4.48284,
	6.34831 4.47895,
	6.35868 4.47636,
	6.36906 4.47765,
	6.37424 4.48154,
	6.37683 4.48154,
	6.37943 4.48414,
	6.40017 4.48284,
	6.41054 4.48154,
	6.42091 4.47117,
	6.42869 4.4608,
	6.43387 4.45691,
	6.43517 4.45432,
	6.44036 4.45302,
	6.44554 4.44913,
	6.44813 4.44654,
	6.46888 4.44784,
	6.47406 4.45043,
	6.47665 4.45043,
	6.48573 4.4608,
	6.49091 4.47117,
	6.49221 4.47636,
	6.51166 4.48803,
	6.5324 4.50747,
	6.55055 4.52562,
	6.55833 4.5347,
	6.56481 4.55544,
	6.56481 4.56062,
	6.56481 4.56322,
	6.5687 4.5684,
	6.56999 4.57877,
	6.56351 4.59951,
	6.55962 4.60988,
	6.55314 4.62026,
	6.54277 4.62674,
	6.52203 4.63581,
	6.50129 4.65526,
	6.48054 4.66952,
	6.47536 4.67211,
	6.45462 4.6747,
	6.44425 4.676,
	6.43387 4.6747,
	6.41313 4.66692,
	6.40276 4.65915,
	6.39758 4.65526,
	6.3872 4.63452,
	6.38202 4.62414,
	6.37943 4.61896,
	6.37683 4.61637,
	6.37165 4.61507,
	6.35091 4.59692,
	6.34183 4.58785,
	6.34054 4.57748,
	6.32239 4.55933,
	6.31331 4.55025,
	6.30294 4.54507,
	6.29257 4.53599,
	6.28479 4.52562,
	6.26405 4.52303,
	6.2446 4.51266,
	6.23423 4.50747,
	6.22905 4.50488,
	6.20831 4.50617,
	6.19794 4.50747,
	6.18756 4.51136,
	6.18238 4.51266,
	6.17201 4.52173,
	6.15256 4.5347,
	6.14219 4.54118,
	6.13182 4.54507,
	6.12663 4.54507,
	6.10589 4.55414,
	6.08515 4.56581,
	6.0683 4.58655,
	6.05404 4.60729,
	6.04626 4.61766,
	6.04237 4.62803,
	6.03459 4.63711,
	6.02422 4.641,
	6.01904 4.64359,
	6.01126 4.65396,
	6.00867 4.66433,
	6.00089 4.67341,
	5.99052 4.67859,
	5.98792 4.68118,
	5.98792 4.68378,
	5.98403 4.68896,
	5.97626 4.73045,
	5.96848 4.75119,
	5.94644 4.79267,
	5.94125 4.80304,
	5.93737 4.82379,
	5.93737 4.82897,
	5.92699 4.84971,
	5.90625 4.87045,
	5.88551 4.87434,
	5.86477 4.87564,
	5.8544 4.87953,
	5.84403 4.88083,
	5.82328 4.87823,
	5.82199 4.87564,
	5.8194 4.87564,
	5.81421 4.87175,
	5.79347 4.86786,
	5.78828 4.86916,
	5.78569 4.86916,
	5.7818 4.87434,
	5.77143 4.87564,
	5.76106 4.87434,
	5.75069 4.87045,
	5.7481 4.86786,
	5.7455 4.86786,
	5.74032 4.86397,
	5.71958 4.86008,
	5.67809 4.86008,
	5.65735 4.85879,
	5.65216 4.85879,
	5.64698 4.85619,
	5.64179 4.85619,
	5.63142 4.85231,
	5.61068 4.83934,
	5.5692 4.82508,
	5.54845 4.83156,
	5.52771 4.83156,
	5.52253 4.83156,
	5.50179 4.82508,
	5.48104 4.81601,
	5.47456 4.80693,
	5.47327 4.79656,
	5.46938 4.79138,
	5.46419 4.78878,
	5.45382 4.78749,
	5.44345 4.7836,
	5.43956 4.77323,
	5.44086 4.76286,
	5.44215 4.75767,
	5.45123 4.7486,
	5.45252 4.73822,
	5.44863 4.73304,
	5.44604 4.73174,
	5.43697 4.69026,
	5.43308 4.67989,
	5.43178 4.6747,
	5.42919 4.67211,
	5.42919 4.66692,
	5.42011 4.64618,
	5.40585 4.62544,
	5.40197 4.62155,
	5.40197 4.60081,
	5.40456 4.58007,
	5.40456 4.55933,
	5.40197 4.53858,
	5.39937 4.53599,
	5.39808 4.52562,
	5.39808 4.52043,
	5.39289 4.51525,
	5.39159 4.50488,
	"/>
</Transform>

<Transform dim="0"
 xcoef=" 0 1 0 0 0 0"
 ycoef=" 0 0 1 0 0 0">
<Contour name="d07" hidden="false" closed="true" simplified="true" border="1 0 1" fill="1 0.5 0" mode="11"
 points="1.68059 2.82977,
	1.68455 2.82449,
	1.69511 2.82317,
	1.70567 2.82449,
	1.71491 2.83504,
	1.72018 2.83768,
	1.73074 2.83372,
	1.72282 2.82317,
	1.72282 2.81789,
	1.72546 2.81261,
	1.73602 2.80733,
	1.74658 2.80601,
	1.75714 2.80733,
	1.76242 2.80601,
	1.76902 2.79545,
	1.77298 2.79017,
	1.7743 2.78753,
	1.78485 2.78621,
	1.79541 2.77961,
	1.81653 2.77697,
	1.82709 2.77433,
	1.83765 2.77433,
	1.8482 2.77829,
	1.85876 2.77961,
	1.901 2.77565,
	1.90627 2.77565,
	1.92739 2.78621,
	1.93795 2.78753,
	1.94851 2.78093,
	1.95643 2.77037,
	1.95907 2.76774,
	1.95907 2.7651,
	1.96962 2.75718,
	1.98018 2.7519,
	1.99074 2.75058,
	2.01186 2.75322,
	2.02242 2.75322,
	2.03297 2.74926,
	2.03825 2.74926,
	2.04221 2.75322,
	2.04089 2.76378,
	2.03957 2.76906,
	2.03297 2.77961,
	2.03033 2.78489,
	2.02901 2.78621,
	2.03165 2.79017,
	2.01846 2.81129,
	2.0079 2.81921,
	1.98678 2.82845,
	1.97622 2.83504,
	1.97094 2.83636,
	1.96039 2.84428,
	1.95511 2.84824,
	1.95247 2.85352,
	1.94191 2.86276,
	1.92079 2.87728,
	1.91023 2.88124,
	1.90759 2.88124,
	1.90232 2.8852,
	1.89044 2.88916,
	1.87988 2.88784,
	1.86932 2.88916,
	1.8482 2.90103,
	1.84029 2.90631,
	1.82973 2.91027,
	1.82445 2.91423,
	1.82181 2.91423,
	1.81125 2.92215,
	1.80069 2.92743,
	1.79541 2.93007,
	1.78485 2.92875,
	1.78221 2.92611,
	1.77958 2.92611,
	1.77034 2.91819,
	1.74922 2.91423,
	1.7281 2.90631,
	1.72282 2.90499,
	1.71755 2.89971,
	1.71491 2.89707,
	1.70963 2.89575,
	1.70699 2.89575,
	1.70303 2.89048,
	1.70171 2.86936,
	1.70039 2.8588,
	1.69115 2.84824,
	1.68983 2.8456,
	1.68719 2.8456,
	1.68059 2.83504,
	1.68059 2.83108,
	"/>
</Transform>

<Transform dim="0"
 xcoef=" 0 1 0 0 0 0"
 ycoef=" 0 0 1 0 0 0">
<Contour name="d07" hidden="false" closed="true" simplified="true" border="1 0 1" fill="1 0.5 0" mode="11"
 points="2.77476 2.16404,
	2.77931 2.15798,
	2.78537 2.15495,
	2.7884 2.15343,
	2.78688 2.14737,
	2.7884 2.14131,
	2.80961 2.12767,
	2.82174 2.11706,
	2.8278 2.111,
	2.83083 2.10797,
	2.83386 2.10797,
	2.84295 2.09888,
	2.8475 2.09433,
	2.87175 2.09281,
	2.88387 2.09433,
	2.8869 2.09584,
	2.88539 2.10797,
	2.87932 2.11858,
	2.87781 2.1307,
	2.87023 2.14131,
	2.85962 2.1504,
	2.85508 2.15646,
	2.85508 2.16252,
	2.85811 2.16859,
	2.85659 2.18071,
	2.85659 2.18677,
	2.85962 2.19283,
	2.85962 2.19889,
	2.86417 2.21102,
	2.86417 2.23526,
	2.86265 2.2383,
	2.85053 2.23981,
	2.83841 2.2383,
	2.83235 2.2383,
	2.8081 2.22769,
	2.80658 2.22466,
	2.80355 2.22466,
	2.79446 2.21405,
	2.79143 2.20799,
	2.7884 2.20496,
	2.7884 2.20193,
	2.77931 2.19132,
	2.77476 2.17919,
	2.77476 2.16707,
	2.77476 2.16555,
	"/>
</Transform>

<Transform dim="0"
 xcoef=" 0 1 0 0 0 0"
 ycoef=" 0 0 1 0 0 0">
<Contour name="d07" hidden="false" closed="true" simplified="true" border="1 0 1" fill="1 0.5 0" mode="11"
 points="2.06099 1.85186,
	2.06857 1.83974,
	2.07918 1.83216,
	2.08372 1.82004,
	2.0913 1.80791,
	2.10191 1.79579,
	2.10494 1.79276,
	2.10797 1.78063,
	2.111 1.77457,
	2.111 1.77154,
	2.11555 1.76548,
	2.12009 1.75336,
	2.12161 1.74123,
	2.12615 1.72911,
	2.13373 1.72002,
	2.13373 1.71699,
	2.14131 1.70638,
	2.14282 1.69426,
	2.14131 1.68213,
	2.13828 1.67607,
	2.13828 1.65182,
	2.13828 1.6397,
	2.13828 1.63364,
	2.14282 1.62151,
	2.15949 1.59727,
	2.17919 1.57454,
	2.19283 1.55029,
	2.19435 1.54423,
	2.19889 1.53817,
	2.19889 1.53513,
	2.20193 1.53362,
	2.20193 1.53059,
	2.21253 1.51846,
	2.22466 1.51089,
	2.23072 1.50634,
	2.23375 1.50634,
	2.24587 1.49876,
	2.258 1.49422,
	2.28224 1.48967,
	2.28831 1.48816,
	2.28831 1.48513,
	2.2974 1.47452,
	2.30346 1.46846,
	2.31558 1.46391,
	2.32164 1.46088,
	2.32771 1.46088,
	2.33074 1.46088,
	2.3368 1.44875,
	2.33831 1.44269,
	2.34438 1.43815,
	2.3565 1.43815,
	2.36256 1.43966,
	2.36862 1.43815,
	2.37165 1.43815,
	2.38378 1.43057,
	2.3959 1.41996,
	2.44439 1.41845,
	2.45652 1.4139,
	2.46258 1.41087,
	2.46561 1.40935,
	2.46561 1.40632,
	2.47622 1.39571,
	2.49895 1.37904,
	2.5035 1.3745,
	2.50653 1.3745,
	2.51259 1.36995,
	2.53684 1.36692,
	2.54896 1.36692,
	2.56108 1.36389,
	2.5626 1.36086,
	2.56563 1.36086,
	2.57624 1.35177,
	2.60048 1.35025,
	2.60655 1.34722,
	2.60958 1.34722,
	2.61867 1.33813,
	2.62322 1.33358,
	2.63534 1.33358,
	2.6414 1.33358,
	2.64746 1.33661,
	2.67171 1.33661,
	2.69596 1.33207,
	2.70202 1.32904,
	2.70505 1.32904,
	2.70808 1.326,
	2.7202 1.32449,
	2.72627 1.31994,
	2.73839 1.31691,
	2.75051 1.31691,
	2.75354 1.31691,
	2.7596 1.32146,
	2.76264 1.32146,
	2.76567 1.32449,
	2.77779 1.32904,
	2.78991 1.33055,
	2.80204 1.326,
	2.82628 1.32449,
	2.82931 1.32449,
	2.83841 1.31388,
	2.84144 1.31085,
	2.86569 1.30176,
	2.88993 1.29873,
	2.91418 1.30024,
	2.9263 1.29721,
	2.92933 1.29721,
	2.93994 1.28812,
	2.946 1.276,
	2.96873 1.26084,
	2.99298 1.25175,
	2.99601 1.25175,
	3.00056 1.2472,
	3.00056 1.23508,
	3.00056 1.22902,
	3.00359 1.22599,
	3.02784 1.22599,
	3.03087 1.22599,
	3.03693 1.23205,
	3.03844 1.24266,
	3.05057 1.24569,
	3.05057 1.25781,
	3.03996 1.26993,
	3.0339 1.27903,
	3.02784 1.29115,
	3.02632 1.30327,
	3.01874 1.3154,
	3.01571 1.31994,
	3.00511 1.33207,
	3.00056 1.34419,
	2.99753 1.36844,
	2.9945 1.36844,
	2.99601 1.39268,
	3.00056 1.41693,
	3.00056 1.42905,
	3.00056 1.43512,
	3.00511 1.44724,
	3.00814 1.4533,
	3.00965 1.46542,
	3.02329 1.48816,
	3.03996 1.50937,
	3.05057 1.5215,
	3.06269 1.52604,
	3.06875 1.52907,
	3.07178 1.52907,
	3.09149 1.5518,
	3.10512 1.57454,
	3.10967 1.5806,
	3.11422 1.59272,
	3.1127 1.64121,
	3.1127 1.64425,
	3.10361 1.65485,
	3.10058 1.65485,
	3.07936 1.67304,
	3.07785 1.68516,
	3.07785 1.69122,
	3.08391 1.70335,
	3.093 1.71547,
	3.10512 1.72305,
	3.1127 1.72911,
	3.11876 1.73063,
	3.13998 1.74426,
	3.15665 1.76396,
	3.15968 1.77003,
	3.15968 1.79427,
	3.15968 1.8064,
	3.15968 1.80943,
	3.15059 1.82004,
	3.14756 1.8261,
	3.12634 1.8458,
	3.10361 1.85944,
	3.09755 1.87005,
	3.08845 1.88217,
	3.07633 1.88975,
	3.06421 1.89429,
	3.05815 1.89732,
	3.05511 1.89732,
	3.05208 1.90035,
	3.04602 1.90035,
	3.04299 1.90338,
	2.9945 1.90187,
	2.97025 1.90793,
	2.946 1.90945,
	2.93994 1.91399,
	2.9354 1.9246,
	2.93388 1.93066,
	2.92933 1.93672,
	2.91721 1.9443,
	2.91115 1.94733,
	2.90812 1.95036,
	2.88387 1.94885,
	2.87175 1.94582,
	2.8475 1.9443,
	2.84144 1.94127,
	2.81719 1.94127,
	2.80507 1.9443,
	2.79294 1.95036,
	2.78234 1.95946,
	2.77627 1.964,
	2.77324 1.964,
	2.76718 1.96855,
	2.76415 1.96855,
	2.75809 1.97309,
	2.74597 1.97764,
	2.69747 1.98673,
	2.68535 1.98673,
	2.67323 1.99128,
	2.66262 2.00037,
	2.65807 2.00492,
	2.63382 2.00947,
	2.6217 2.01553,
	2.59745 2.01553,
	2.58533 2.01401,
	2.57321 2.01856,
	2.57018 2.01856,
	2.55805 2.02765,
	2.55199 2.0322,
	2.52774 2.03977,
	2.51562 2.04432,
	2.50956 2.04584,
	2.50653 2.04584,
	2.5035 2.04887,
	2.49743 2.05038,
	2.4944 2.05038,
	2.48228 2.05796,
	2.47319 2.06554,
	2.44894 2.08221,
	2.44439 2.08675,
	2.44136 2.08675,
	2.43076 2.09584,
	2.42621 2.10039,
	2.42318 2.10039,
	2.42166 2.10342,
	2.39742 2.10797,
	2.37317 2.10797,
	2.34892 2.10494,
	2.32468 2.10494,
	2.31255 2.10494,
	2.30043 2.10039,
	2.29437 2.09888,
	2.29285 2.09584,
	2.28679 2.09433,
	2.26406 2.07766,
	2.25193 2.07008,
	2.24284 2.06402,
	2.23375 2.05493,
	2.22769 2.04432,
	2.22466 2.04129,
	2.22466 2.03826,
	2.21556 2.02765,
	2.20496 2.02007,
	2.19283 2.01553,
	2.18374 2.00492,
	2.18374 1.99886,
	2.17919 1.98673,
	2.17162 1.97613,
	2.15949 1.97309,
	2.15646 1.97309,
	2.14585 1.964,
	2.14282 1.95794,
	2.14282 1.95491,
	2.13979 1.95491,
	2.12918 1.94582,
	2.12615 1.94582,
	2.11555 1.93521,
	2.10948 1.92915,
	2.09736 1.92157,
	2.08524 1.91702,
	2.07766 1.90642,
	2.07463 1.90338,
	2.07918 1.87914,
	2.07918 1.87308,
	2.07918 1.87005,
	2.06705 1.86853,
	2.06099 1.86247,
	2.06099 1.85641,
	2.06099 1.85338,
	"/>
</Transform>

<Transform dim="0"
 xcoef=" 0 1 0 0 0 0"
 ycoef=" 0 0 1 0 0 0">
<Contour name="d07" hidden="false" closed="true" simplified="true" border="1 0 1" fill="1 0.5 0" mode="11"
 points="1.51998 1.35783,
	1.52453 1.35177,
	1.52604 1.34874,
	1.52907 1.34874,
	1.53059 1.34571,
	1.54271 1.34419,
	1.54877 1.34267,
	1.5518 1.34267,
	1.56241 1.33358,
	1.56999 1.32146,
	1.57908 1.31237,
	1.57908 1.30933,
	1.58817 1.30176,
	1.6003 1.2957,
	1.61242 1.29267,
	1.61848 1.28963,
	1.62455 1.28963,
	1.63515 1.28054,
	1.64121 1.27448,
	1.65334 1.27448,
	1.67759 1.28054,
	1.68971 1.28509,
	1.69577 1.28963,
	1.70789 1.29418,
	1.71092 1.29418,
	1.71699 1.29873,
	1.72911 1.30327,
	1.74123 1.30176,
	1.7473 1.30024,
	1.75942 1.30327,
	1.76548 1.30479,
	1.77154 1.30933,
	1.77609 1.32146,
	1.77609 1.33358,
	1.77306 1.34571,
	1.76851 1.35177,
	1.76851 1.37601,
	1.75942 1.38662,
	1.7473 1.39268,
	1.74426 1.39571,
	1.73214 1.40026,
	1.72608 1.40481,
	1.72305 1.40632,
	1.72305 1.40935,
	1.70183 1.43057,
	1.69577 1.43512,
	1.69426 1.43815,
	1.69122 1.43815,
	1.68516 1.44269,
	1.67304 1.44724,
	1.66395 1.45482,
	1.65334 1.46542,
	1.64728 1.46997,
	1.62303 1.46997,
	1.61091 1.46997,
	1.58666 1.46542,
	1.5806 1.46391,
	1.56847 1.45482,
	1.5609 1.44421,
	1.5518 1.43663,
	1.54574 1.4336,
	1.53968 1.4336,
	1.53362 1.42754,
	1.53362 1.42451,
	1.52907 1.41845,
	1.5215 1.3942,
	1.52301 1.38208,
	1.52907 1.37753,
	1.52907 1.3745,
	1.52301 1.36995,
	1.51998 1.36844,
	1.51998 1.36238,
	1.51998 1.35934,
	"/>
</Transform>

<Transform dim="0"
 xcoef=" 0 1 0 0 0 0"
 ycoef=" 0 0 1 0 0 0">
<Contour name="d07" hidden="false" closed="true" simplified="true" border="1 0 1" fill="1 0.5 0" mode="11"
 points="2.12918 1.20629,
	2.13828 1.19719,
	2.14585 1.18507,
	2.14737 1.17295,
	2.15798 1.1487,
	2.16859 1.13809,
	2.18071 1.13506,
	2.19283 1.13506,
	2.19889 1.13506,
	2.21102 1.13051,
	2.22011 1.12142,
	2.22617 1.11687,
	2.25042 1.11536,
	2.26254 1.11233,
	2.27467 1.10324,
	2.28679 1.09869,
	2.29891 1.09869,
	2.30497 1.09869,
	2.30801 1.09869,
	2.31104 1.10475,
	2.31255 1.11687,
	2.3171 1.12294,
	2.31861 1.12597,
	2.32164 1.12597,
	2.32619 1.13051,
	2.33831 1.13506,
	2.36105 1.15476,
	2.36408 1.16082,
	2.36408 1.16688,
	2.37165 1.17749,
	2.3959 1.19416,
	2.41257 1.21841,
	2.41257 1.23053,
	2.40499 1.25478,
	2.40045 1.25781,
	2.39135 1.26993,
	2.37923 1.27903,
	2.36711 1.28357,
	2.36105 1.28357,
	2.34892 1.28812,
	2.34438 1.29115,
	2.34135 1.28812,
	2.32922 1.29267,
	2.32316 1.29267,
	2.29891 1.30176,
	2.28679 1.3063,
	2.28376 1.3063,
	2.27164 1.3154,
	2.26103 1.32752,
	2.25497 1.33055,
	2.25345 1.33358,
	2.25042 1.33358,
	2.24436 1.33813,
	2.22011 1.33964,
	2.20799 1.33207,
	2.20496 1.32904,
	2.19889 1.32752,
	2.18677 1.31843,
	2.17768 1.3063,
	2.17465 1.30479,
	2.17465 1.30176,
	2.16252 1.30176,
	2.15495 1.29115,
	2.15343 1.2669,
	2.15192 1.25478,
	2.1504 1.24872,
	2.14737 1.24569,
	2.14737 1.24266,
	2.14282 1.23811,
	2.13979 1.23811,
	2.1307 1.22599,
	2.12918 1.21386,
	2.12918 1.2078,
	"/>
</Transform>

<Transform dim="0"
 xcoef=" 0 1 0 0 0 0"
 ycoef=" 0 0 1 0 0 0">
<Contour name="d10" hidden="false" closed="true" simplified="true" border="0 1 1" fill="1 0.5 0" mode="11"
 points="5.732 5.99269,
	5.74774 5.96752,
	5.75403 5.95493,
	5.76347 5.94234,
	5.78865 5.92503,
	5.81383 5.91244,
	5.82642 5.89985,
	5.83586 5.88726,
	5.84845 5.87468,
	5.86104 5.86838,
	5.88621 5.86209,
	5.91139 5.86209,
	5.92398 5.85894,
	5.94916 5.84478,
	5.96174 5.83691,
	5.98692 5.83219,
	6.0121 5.83062,
	6.02469 5.83062,
	6.07504 5.81488,
	6.10022 5.80386,
	6.15057 5.80229,
	6.16316 5.80229,
	6.17575 5.80701,
	6.18834 5.81488,
	6.19463 5.81803,
	6.20722 5.81803,
	6.21981 5.81488,
	6.24499 5.80072,
	6.27017 5.79128,
	6.37087 5.7897,
	6.39605 5.79442,
	6.42123 5.80229,
	6.42752 5.80386,
	6.4527 5.82117,
	6.45899 5.82432,
	6.47158 5.82432,
	6.47788 5.82432,
	6.48102 5.82747,
	6.48102 5.83376,
	6.48417 5.84006,
	6.50935 5.8495,
	6.53453 5.85107,
	6.5597 5.8495,
	6.57229 5.85107,
	6.58488 5.85579,
	6.59117 5.86209,
	6.59275 5.87468,
	6.59589 5.88097,
	6.60848 5.88254,
	6.61478 5.88254,
	6.62737 5.87625,
	6.63366 5.8731,
	6.64625 5.8731,
	6.65254 5.87625,
	6.65726 5.88884,
	6.65726 5.90143,
	6.65726 5.90772,
	6.66041 5.91402,
	6.66041 5.91716,
	6.67143 5.92975,
	6.68401 5.93762,
	6.69503 5.95021,
	6.6966 5.9565,
	6.70919 5.96594,
	6.70919 5.97853,
	6.7029 5.99112,
	6.69818 5.99741,
	6.6966 6.01,
	6.69503 6.0163,
	6.68401 6.02889,
	6.67143 6.03361,
	6.62107 6.06823,
	6.59589 6.07767,
	6.58331 6.08553,
	6.57072 6.09812,
	6.56285 6.11071,
	6.55656 6.11701,
	6.54869 6.12959,
	6.54554 6.14218,
	6.53767 6.15477,
	6.52508 6.16579,
	6.51879 6.16893,
	6.5062 6.18152,
	6.49991 6.19411,
	6.48889 6.20513,
	6.4826 6.20985,
	6.45742 6.21142,
	6.43224 6.22558,
	6.41965 6.23345,
	6.40707 6.23817,
	6.35671 6.24604,
	6.33153 6.25705,
	6.31895 6.25863,
	6.29377 6.25391,
	6.28118 6.24919,
	6.26859 6.24919,
	6.256 6.25391,
	6.25128 6.25391,
	6.20093 6.25548,
	6.17575 6.25548,
	6.16946 6.25548,
	6.14428 6.26335,
	6.09392 6.26177,
	6.08763 6.26807,
	6.08291 6.28066,
	6.08291 6.28223,
	6.07819 6.29325,
	6.0656 6.30111,
	6.05931 6.30741,
	6.05616 6.31056,
	6.05616 6.32314,
	6.05616 6.32944,
	6.05616 6.33259,
	6.04357 6.33416,
	6.03098 6.33259,
	6.01839 6.32,
	6.0058 6.31056,
	5.99322 6.30583,
	5.96804 6.30111,
	5.96174 6.29954,
	5.93657 6.27436,
	5.91139 6.26335,
	5.9051 6.2602,
	5.88307 6.2366,
	5.87048 6.23188,
	5.8453 6.21299,
	5.83901 6.20827,
	5.83271 6.2067,
	5.82484 6.19883,
	5.8217 6.18624,
	5.8154 6.17365,
	5.80911 6.16893,
	5.78393 6.16107,
	5.75875 6.15005,
	5.74616 6.14376,
	5.73987 6.13746,
	5.73515 6.12487,
	5.73515 6.11229,
	5.73987 6.0997,
	5.74774 6.08711,
	5.76033 6.07609,
	5.77292 6.06823,
	5.7855 6.05721,
	5.78865 6.05564,
	5.78865 6.04934,
	5.78865 6.0462,
	5.77764 6.03361,
	5.75246 6.02102,
	5.73987 6.01315,
	5.73515 6.00686,
	5.732 5.99427,
	"/>
</Transform>

<Transform dim="0"
 xcoef=" 0 1 0 0 0 0"
 ycoef=" 0 0 1 0 0 0">
<Contour name="d11" hidden="false" closed="true" simplified="true" border="1 0.501961 0" fill="1 0.5 0" mode="11"
 points="3.00524 6.404,
	3.02145 6.38041,
	3.03029 6.36862,
	3.04208 6.36125,
	3.05387 6.35094,
	3.05977 6.34504,
	3.08335 6.3303,
	3.09514 6.32293,
	3.10693 6.31851,
	3.13052 6.31851,
	3.14231 6.31851,
	3.16589 6.32441,
	3.18947 6.32588,
	3.23663 6.32293,
	3.26022 6.31704,
	3.27201 6.31409,
	3.2779 6.31114,
	3.28085 6.31114,
	3.30443 6.29493,
	3.31033 6.29198,
	3.33391 6.29198,
	3.35749 6.2964,
	3.38107 6.30525,
	3.39287 6.30819,
	3.44003 6.30672,
	3.46361 6.29935,
	3.51078 6.29788,
	3.55794 6.3023,
	3.58152 6.29788,
	3.6051 6.29788,
	3.61689 6.3023,
	3.62279 6.30525,
	3.64637 6.32588,
	3.65816 6.3362,
	3.68175 6.34799,
	3.69354 6.35536,
	3.70533 6.35978,
	3.71122 6.36273,
	3.72301 6.36273,
	3.7466 6.35536,
	3.77018 6.35683,
	3.78197 6.36125,
	3.79376 6.36862,
	3.81439 6.39221,
	3.82029 6.404,
	3.82324 6.40989,
	3.83355 6.41873,
	3.84092 6.42905,
	3.85271 6.4379,
	3.86156 6.44821,
	3.87335 6.47179,
	3.88072 6.49538,
	3.9102 6.54254,
	3.91609 6.55433,
	3.92346 6.57791,
	3.93378 6.6015,
	3.93525 6.60739,
	3.95736 6.62508,
	3.96326 6.63097,
	3.98684 6.64424,
	3.99273 6.64866,
	3.99273 6.65456,
	3.99273 6.6575,
	3.98831 6.6634,
	3.98684 6.66929,
	3.98979 6.68109,
	3.98831 6.68698,
	3.97652 6.69582,
	3.96768 6.70761,
	3.96473 6.7312,
	3.96473 6.73414,
	3.95441 6.74446,
	3.94852 6.74888,
	3.94704 6.75478,
	3.93673 6.7651,
	3.93083 6.77099,
	3.90725 6.78426,
	3.88367 6.80342,
	3.86008 6.81521,
	3.8365 6.83142,
	3.82471 6.83879,
	3.81882 6.84469,
	3.79523 6.85795,
	3.78344 6.86532,
	3.75986 6.88595,
	3.74807 6.89332,
	3.74217 6.89774,
	3.73038 6.90069,
	3.68322 6.90069,
	3.65964 6.90659,
	3.64785 6.90806,
	3.63605 6.90659,
	3.58889 6.8889,
	3.56531 6.88743,
	3.55352 6.8889,
	3.52994 6.90069,
	3.48277 6.93312,
	3.47098 6.93901,
	3.4474 6.93901,
	3.40023 6.92575,
	3.37665 6.92427,
	3.35307 6.91691,
	3.34128 6.91396,
	3.33538 6.91101,
	3.3118 6.91248,
	3.28822 6.90806,
	3.26464 6.90069,
	3.24106 6.89627,
	3.21747 6.8948,
	3.19389 6.89627,
	3.1821 6.89774,
	3.15852 6.8948,
	3.14673 6.89332,
	3.13494 6.8889,
	3.12315 6.88153,
	3.11725 6.87564,
	3.10251 6.85205,
	3.09514 6.82847,
	3.09072 6.80489,
	3.09072 6.799,
	3.06861 6.75183,
	3.02882 6.70467,
	3.0244 6.69877,
	3.02292 6.68698,
	3.0244 6.68109,
	3.0185 6.6575,
	3.0185 6.61034,
	3.0185 6.59855,
	3.00818 6.55138,
	3.00966 6.5278,
	3.01408 6.51601,
	3.01555 6.49243,
	3.00524 6.44526,
	3.00524 6.42168,
	3.00524 6.40989,
	3.00524 6.40547,
	"/>
</Transform>

<Transform dim="0"
 xcoef=" 0 1 0 0 0 0"
 ycoef=" 0 0 1 0 0 0">
<Contour name="d02c06" hidden="false" closed="true" simplified="true" border="1 0 0" fill="1 0 1" mode="11"
 points="4.40102 4.66178,
	4.40771 4.6484,
	4.41941 4.63503,
	4.43278 4.625,
	4.43947 4.62166,
	4.44281 4.61832,
	4.4495 4.61665,
	4.47624 4.6016,
	4.50299 4.59325,
	4.52973 4.59325,
	4.5431 4.59325,
	4.5548 4.60495,
	4.55647 4.61832,
	4.5548 4.625,
	4.54812 4.63169,
	4.54477 4.63503,
	4.54644 4.6367,
	4.53976 4.64172,
	4.52639 4.64673,
	4.49964 4.66345,
	4.4729 4.67515,
	4.46621 4.67849,
	4.46287 4.68183,
	4.43613 4.69019,
	4.40938 4.69353,
	4.4027 4.68852,
	4.40102 4.66345,
	"/>
<Contour name="d02c06" hidden="false" closed="true" simplified="true" border="1 0 0" fill="1 0 1" mode="11"
 points="4.14027 4.76207,
	4.15197 4.74869,
	4.16535 4.73867,
	4.19209 4.72696,
	4.24558 4.71025,
	4.25895 4.71025,
	4.26563 4.71025,
	4.29238 4.72529,
	4.29739 4.73198,
	4.29906 4.74535,
	4.28569 4.75872,
	4.27901 4.76541,
	4.22552 4.7838,
	4.19877 4.79215,
	4.1854 4.7955,
	4.15866 4.79382,
	4.14529 4.78547,
	4.14027 4.77878,
	4.14027 4.76541,
	4.14027 4.76374,
	"/>
</Transform>

<Transform dim="0"
 xcoef=" 0 1 0 0 0 0"
 ycoef=" 0 0 1 0 0 0">
<Contour name="d02cfa06" hidden="false" closed="false" simplified="false" border="0 0 1" fill="1 0 1" mode="11"
 points="4.42834 4.68709,
	4.46846 4.6453,
	4.5537 4.61355,
	"/>
<Contour name="d02cfa06" hidden="false" closed="false" simplified="false" border="0 0 1" fill="1 0 1" mode="11"
 points="4.14419 4.78571,
	4.18096 4.77234,
	4.23612 4.75228,
	4.29295 4.73724,
	"/>
</Transform>

<Transform dim="0"
 xcoef=" 0 1 0 0 0 0"
 ycoef=" 0 0 1 0 0 0">
<Contour name="d03p11" hidden="false" closed="true" simplified="false" border="0 0 1" fill="0 0 1" mode="11"
 points="4.51496 3.2304,
	4.50437 3.22687,
	4.51496 3.22333,
	4.5079 3.21273,
	4.5185 3.2198,
	4.52203 3.2092,
	4.52556 3.2198,
	4.53616 3.21273,
	4.5291 3.22333,
	4.5397 3.22687,
	4.5291 3.2304,
	4.53616 3.241,
	4.52556 3.23393,
	4.52203 3.24453,
	4.5185 3.23393,
	4.5079 3.241,
	"/>
</Transform>

<Transform dim="0"
 xcoef=" 0 1 0 0 0 0"
 ycoef=" 0 0 1 0 0 0">
<Contour name="d04p09" hidden="false" closed="true" simplified="false" border="1 0 0" fill="0 1 0" mode="11"
 points="2.40825 5.12266,
	2.40825 5.09875,
	2.43216 5.09875,
	2.43216 5.07484,
	2.45607 5.07484,
	2.45607 5.09875,
	2.47998 5.09875,
	2.47998 5.12266,
	2.45607 5.12266,
	2.45607 5.14657,
	2.43216 5.14657,
	2.43216 5.12266,
	"/>
</Transform>

<Transform dim="0"
 xcoef=" 0 1 0 0 0 0"
 ycoef=" 0 0 1 0 0 0">
<Contour name="d04c10" hidden="false" closed="true" simplified="true" border="1 0 0" fill="1 0 0" mode="11"
 points="2.72963 4.1128,
	2.73881 4.09995,
	2.76816 4.10179,
	2.78283 4.10362,
	2.79751 4.10913,
	2.91491 4.1183,
	2.94426 4.1183,
	2.95894 4.1183,
	2.96261 4.12013,
	2.96077 4.12197,
	2.99012 4.12197,
	3.0048 4.1183,
	3.01947 4.10913,
	3.07818 4.1128,
	3.13688 4.1128,
	3.14422 4.11463,
	3.15706 4.12564,
	3.16256 4.13297,
	3.16256 4.14765,
	3.15889 4.15499,
	3.14422 4.16783,
	3.11486 4.177,
	2.99746 4.17333,
	2.93876 4.17333,
	2.90941 4.177,
	2.88006 4.17517,
	2.86538 4.16966,
	2.85804 4.16783,
	2.85071 4.16232,
	2.82136 4.16599,
	2.792 4.16599,
	2.76265 4.15682,
	2.73514 4.13297,
	2.72963 4.12564,
	2.72963 4.1183,
	2.72963 4.11463,
	"/>
</Transform>

<Transform dim="0"
 xcoef=" 0 1 0 0 0 0"
 ycoef=" 0 0 1 0 0 0">
<Contour name="d04cfa10" hidden="false" closed="false" simplified="false" border="0 0 1" fill="0 0 1" mode="11"
 points="3.15871 4.15094,
	3.04497 4.15277,
	2.94591 4.15094,
	2.84869 4.1491,
	2.77531 4.1381,
	2.73312 4.11425,
	"/>
</Transform>

<Transform dim="0"
 xcoef=" 0 1 0 0 0 0"
 ycoef=" 0 0 1 0 0 0">
<Contour name="d05p12" hidden="false" closed="true" simplified="false" border="0 0 1" fill="1 0 0" mode="11"
 points="6.14092 4.48974,
	6.15277 4.47315,
	6.14092 4.45656,
	6.14803 4.45656,
	6.15751 4.47078,
	6.16699 4.45656,
	6.17409 4.45656,
	6.16225 4.47315,
	6.17409 4.48974,
	6.16699 4.48974,
	6.15751 4.47552,
	6.14803 4.48974,
	"/>
</Transform>

<Transform dim="0"
 xcoef=" 0 1 0 0 0 0"
 ycoef=" 0 0 1 0 0 0">
<Contour name="d07p16" hidden="false" closed="true" simplified="false" border="0 0 1" fill="1 0 1" mode="11"
 points="2.93126 1.36076,
	2.93126 1.34576,
	2.94626 1.33076,
	2.96127 1.33076,
	2.97627 1.34576,
	2.97627 1.36076,
	2.96127 1.37576,
	2.94626 1.37576,
	"/>
</Transform>

<Transform dim="0"
 xcoef=" 0 1 0 0 0 0"
 ycoef=" 0 0 1 0 0 0">
<Contour name="d07" hidden="false" closed="true" simplified="true" border="1 0 1" fill="1 0.5 0" mode="11"
 points="2.70073 2.1993,
	2.71283 2.17779,
	2.72358 2.17107,
	2.74509 2.17107,
	2.75585 2.17241,
	2.76122 2.1751,
	2.76391 2.17645,
	2.76391 2.1872,
	2.75988 2.19795,
	2.75585 2.20333,
	2.74509 2.20871,
	2.7424 2.2114,
	2.73702 2.2114,
	2.72627 2.21543,
	2.70476 2.21409,
	2.70073 2.21005,
	2.70073 2.20064,
	"/>
</Transform>

<Transform dim="0"
 xcoef=" 0 1 0 0 0 0"
 ycoef=" 0 0 1 0 0 0">
<Contour name="d03c10a" hidden="false" closed="true" simplified="true" border="1 0 0" fill="1 0 0" mode="11"
 points="2.84431 3.56878,
	2.86687 3.55469,
	2.95707 3.52368,
	2.9768 3.5265,
	2.97399 3.52932,
	3.01909 3.53214,
	3.02755 3.54059,
	3.02755 3.55187,
	3.02755 3.55751,
	3.01627 3.56878,
	2.97117 3.58852,
	2.94862 3.59415,
	2.90351 3.59415,
	2.85841 3.58852,
	2.84713 3.5857,
	2.84431 3.57442,
	2.84431 3.5716,
	"/>
</Transform>

<Transform dim="0"
 xcoef=" 0 1 0 0 0 0"
 ycoef=" 0 0 1 0 0 0">
<Contour name="d03cfa10a" hidden="false" closed="false" simplified="false" border="0 0 1" fill="0 0 1" mode="11"
 points="2.85288 3.5824,
	3.02484 3.54858,
	"/>
</Transform>

<Transform dim="0"
 xcoef=" 0 1 0 0 0 0"
 ycoef=" 0 0 1 0 0 0">
<Contour name="d11p11" hidden="false" closed="true" simplified="false" border="1 0 0" fill="1 0.5 0" mode="11"
 points="3.089 6.64325,
	3.089 6.63907,
	3.09319 6.63488,
	3.09737 6.63488,
	3.10156 6.63907,
	3.10156 6.64325,
	3.09737 6.64744,
	3.09319 6.64744,
	"/>
</Transform>

<Transform dim="0"
 xcoef=" 0 1 0 0 0 0"
 ycoef=" 0 0 1 0 0 0">
<Contour name="d11c11" hidden="false" closed="true" simplified="true" border="1 0 0" fill="1 0 0" mode="11"
 points="2.9711 6.47993,
	2.98156 6.44645,
	2.98575 6.43808,
	2.99412 6.42971,
	3.01085 6.42971,
	3.02759 6.44017,
	3.03805 6.45482,
	3.03805 6.52177,
	3.03596 6.53851,
	3.03178 6.54061,
	3.03387 6.60756,
	3.03596 6.64104,
	3.03805 6.65778,
	3.03805 6.66614,
	3.0527 6.69962,
	3.06316 6.71636,
	3.07781 6.7331,
	3.09873 6.76658,
	3.10501 6.78332,
	3.10501 6.81679,
	3.10501 6.83353,
	3.10292 6.83772,
	3.08618 6.83562,
	3.07781 6.83144,
	3.0527 6.79796,
	3.01504 6.73101,
	2.98993 6.66405,
	2.98156 6.63058,
	2.97738 6.5971,
	2.97738 6.56362,
	2.9711 6.53014,
	2.9711 6.49667,
	2.9711 6.48202,
	"/>
</Transform>

<Transform dim="0"
 xcoef=" 0 1 0 0 0 0"
 ycoef=" 0 0 1 0 0 0">
<Contour name="d11cfa11" hidden="false" closed="false" simplified="false" border="0 0 1" fill="0 0 1" mode="11"
 points="3.08691 6.83575,
	3.08273 6.81482,
	3.07436 6.78972,
	3.05134 6.76252,
	3.02623 6.72485,
	3.00531 6.68092,
	2.99485 6.58676,
	2.99694 6.54282,
	3.00113 6.48633,
	2.99485 6.42984,
	"/>
</Transform>

<Transform dim="0"
 xcoef=" 0 1 0 0 0 0"
 ycoef=" 0 0 1 0 0 0">
<Contour name="d01ser" hidden="false" closed="true" simplified="true" border="0 0.501961 0.501961" fill="0 0.501961 0.501961" mode="-9"
 points="3.88797 4.32184,
	3.8936 4.31761,
	3.90487 4.31761,
	3.90769 4.32043,
	3.91332 4.32184,
	3.92459 4.33029,
	3.93023 4.3317,
	3.93304 4.33311,
	3.93868 4.3317,
	3.9429 4.33593,
	3.9429 4.33874,
	3.93304 4.3486,
	3.92177 4.3486,
	3.91614 4.3472,
	3.91191 4.34297,
	3.90064 4.33874,
	3.89501 4.33734,
	3.88937 4.3317,
	3.88797 4.32607,
	3.88797 4.32325,
	"/>
</Transform>

<Transform dim="0"
 xcoef=" 0 1 0 0 0 0"
 ycoef=" 0 0 1 0 0 0">
<Contour name="d01ser" hidden="false" closed="true" simplified="true" border="0 0.501961 0.501961" fill="0 0.501961 0.501961" mode="-9"
 points="4.06939 4.53193,
	4.07067 4.53065,
	4.08092 4.53962,
	4.08348 4.54218,
	4.08092 4.54346,
	4.07195 4.53449,
	4.07067 4.53321,
	"/>
</Transform>

<Transform dim="0"
 xcoef=" 0 1 0 0 0 0"
 ycoef=" 0 0 1 0 0 0">
<Contour name="d01ser" hidden="false" closed="true" simplified="true" border="0 0.501961 0.501961" fill="0 0.501961 0.501961" mode="-9"
 points="3.63227 4.70103,
	3.63479 4.69851,
	3.64488 4.69599,
	3.65244 4.68591,
	3.66252 4.67709,
	3.66756 4.67457,
	3.67764 4.67457,
	3.68269 4.67457,
	3.69151 4.68339,
	3.70159 4.67835,
	3.72176 4.67583,
	3.74192 4.67709,
	3.74696 4.67835,
	3.74822 4.67961,
	3.7457 4.68465,
	3.72554 4.69599,
	3.70537 4.69725,
	3.70033 4.69725,
	3.68017 4.70986,
	3.67008 4.71112,
	3.66 4.70986,
	3.64992 4.71364,
	3.63984 4.71238,
	3.63479 4.71112,
	3.63227 4.7086,
	3.63227 4.70355,
	3.63227 4.70229,
	"/>
<Contour name="d01ser" hidden="false" closed="true" simplified="true" border="0 0.501961 0.501961" fill="0 0.501961 0.501961" mode="-9"
 points="3.2088 4.47417,
	3.21762 4.46535,
	3.22141 4.46157,
	3.23149 4.46031,
	3.23401 4.46031,
	3.24409 4.46787,
	3.23653 4.47543,
	3.22645 4.48174,
	3.22141 4.48552,
	3.21636 4.48552,
	3.21132 4.483,
	3.2088 4.48174,
	3.2088 4.47669,
	3.2088 4.47543,
	"/>
</Transform>

<Transform dim="0"
 xcoef=" 0 1 0 0 0 0"
 ycoef=" 0 0 1 0 0 0">
<Contour name="d02ser" hidden="false" closed="true" simplified="true" border="0.251 0.502 0.502" fill="0 0.502 0.502" mode="-9"
 points="4.4437 3.83466,
	4.45032 3.83135,
	4.45529 3.80487,
	4.46191 3.80156,
	4.46853 3.80156,
	4.47184 3.80321,
	4.47184 3.81645,
	4.46356 3.84293,
	4.46025 3.84955,
	4.45363 3.85452,
	4.44701 3.85286,
	4.4437 3.84624,
	4.4437 3.83962,
	4.4437 3.83631,
	"/>
</Transform>

<Transform dim="0"
 xcoef=" 0 1 0 0 0 0"
 ycoef=" 0 0 1 0 0 0">
<Contour name="d02ser" hidden="false" closed="true" simplified="true" border="0.251 0.502 0.502" fill="0 0.502 0.502" mode="-9"
 points="4.67871 4.01505,
	4.69361 3.98857,
	4.69857 3.97533,
	4.70023 3.96871,
	4.70519 3.96375,
	4.71181 3.96209,
	4.71512 3.96375,
	4.71512 3.97699,
	4.71512 3.98361,
	4.72009 3.99023,
	4.72174 4.00347,
	4.72174 4.01009,
	4.71678 4.01505,
	4.71512 4.0134,
	4.71512 4.02002,
	4.71016 4.02664,
	4.70354 4.02829,
	4.69692 4.02498,
	4.68368 4.03491,
	4.68037 4.03491,
	4.67871 4.02167,
	4.67871 4.01671,
	"/>
</Transform>

<Transform dim="0"
 xcoef=" 0 1 0 0 0 0"
 ycoef=" 0 0 1 0 0 0">
<Contour name="d02ser" hidden="false" closed="true" simplified="true" border="0.251 0.502 0.502" fill="0 0.502 0.502" mode="-9"
 points="4.1268 4.59868,
	4.13195 4.58495,
	4.1371 4.5575,
	4.13881 4.55063,
	4.15082 4.53862,
	4.17828 4.54377,
	4.19201 4.53862,
	4.21775 4.51632,
	4.22461 4.51632,
	4.23319 4.52833,
	4.24005 4.53176,
	4.25378 4.53348,
	4.25721 4.5472,
	4.25721 4.56093,
	4.25035 4.58839,
	4.24348 4.60211,
	4.23319 4.61584,
	4.21946 4.62442,
	4.19201 4.62957,
	4.17828 4.63472,
	4.15082 4.63643,
	4.14396 4.63643,
	4.13023 4.62614,
	4.1268 4.61927,
	4.1268 4.60554,
	4.1268 4.6004,
	"/>
</Transform>

<Transform dim="0"
 xcoef=" 0 1 0 0 0 0"
 ycoef=" 0 0 1 0 0 0">
<Contour name="d01" hidden="false" closed="true" simplified="true" border="1 1 0" fill="1 0.5 0" mode="11"
 points="3.51984 3.66846,
	3.53223 3.62883,
	3.53223 3.61892,
	3.53718 3.61397,
	3.54213 3.59415,
	3.54709 3.5892,
	3.55947 3.54956,
	3.5669 3.50993,
	3.54461 3.4703,
	3.54213 3.45048,
	3.54213 3.44058,
	3.54709 3.43067,
	3.54709 3.42571,
	3.5669 3.40837,
	3.58672 3.39599,
	3.60654 3.38856,
	3.64617 3.38608,
	3.66598 3.38113,
	3.70562 3.35883,
	3.72543 3.3514,
	3.73534 3.34893,
	3.75516 3.35388,
	3.79479 3.37617,
	3.8047 3.39599,
	3.8047 3.40094,
	3.76754 3.43314,
	3.75268 3.45048,
	3.74525 3.46039,
	3.74525 3.46535,
	3.73782 3.47278,
	3.73534 3.48269,
	3.74525 3.5025,
	3.78488 3.52975,
	3.79727 3.54956,
	3.79974 3.55947,
	3.78736 3.57929,
	3.76754 3.58177,
	3.72791 3.57929,
	3.70809 3.58424,
	3.68828 3.59415,
	3.67094 3.61397,
	3.66103 3.63378,
	3.65608 3.67342,
	3.64865 3.69323,
	3.64617 3.70314,
	3.63874 3.71305,
	3.63626 3.72296,
	3.63131 3.72791,
	3.62883 3.73782,
	3.6214 3.74773,
	3.6214 3.75268,
	3.61644 3.75763,
	3.61644 3.76259,
	3.60901 3.7725,
	3.60158 3.79231,
	3.59167 3.80222,
	3.57186 3.8047,
	3.56195 3.79974,
	3.54956 3.77993,
	3.54213 3.76011,
	3.52975 3.74277,
	3.52479 3.73286,
	3.52479 3.71305,
	3.51984 3.69323,
	3.51984 3.67342,
	3.51984 3.67094,
	"/>
</Transform>

<Transform dim="0"
 xcoef=" 0 1 0 0 0 0"
 ycoef=" 0 0 1 0 0 0">
<Contour name="d01MT1" hidden="false" closed="true" simplified="false" border="1 0.501961 0" fill="1 0.498039 0" mode="-9"
 points="3.55265 4.24371,
	3.55265 4.23786,
	3.55851 4.232,
	3.56437 4.232,
	3.57022 4.23786,
	3.57022 4.24371,
	3.56437 4.24957,
	3.55851 4.24957,
	"/>
</Transform>

<Transform dim="0"
 xcoef=" 0 1 0 0 0 0"
 ycoef=" 0 0 1 0 0 0">
<Contour name="d01MT2" hidden="false" closed="true" simplified="false" border="1 0.501961 0" fill="1 0.498039 0" mode="-9"
 points="3.87417 4.40748,
	3.87417 4.40104,
	3.8806 4.39461,
	3.88704 4.39461,
	3.89347 4.40104,
	3.89347 4.40748,
	3.88704 4.41392,
	3.8806 4.41392,
	"/>
</Transform>

<Transform dim="0"
 xcoef=" 0 1 0 0 0 0"
 ycoef=" 0 0 1 0 0 0">
<Contour name="d01MT3" hidden="false" closed="true" simplified="false" border="1 0.501961 0" fill="1 0.498039 0" mode="-9"
 points="3.67278 4.27273,
	3.67278 4.26606,
	3.67945 4.25939,
	3.68612 4.25939,
	3.69279 4.26606,
	3.69279 4.27273,
	3.68612 4.27939,
	3.67945 4.27939,
	"/>
</Transform>

<Transform dim="0"
 xcoef=" 0 1 0 0 0 0"
 ycoef=" 0 0 1 0 0 0">
<Contour name="d01MT4" hidden="false" closed="true" simplified="false" border="1 0.502 0" fill="1 0.498 0" mode="-9"
 points="3.2927 4.41276,
	3.2927 4.40609,
	3.29937 4.39942,
	3.30604 4.39942,
	3.3127 4.40609,
	3.3127 4.41276,
	3.30604 4.41942,
	3.29937 4.41942,
	"/>
</Transform>

<Transform dim="0"
 xcoef=" 0 1 0 0 0 0"
 ycoef=" 0 0 1 0 0 0">
<Contour name="d01MT5" hidden="false" closed="true" simplified="false" border="1 0.502 0" fill="1 0.498 0" mode="-9"
 points="3.23958 4.5752,
	3.23958 4.56864,
	3.24615 4.56207,
	3.25271 4.56207,
	3.25928 4.56864,
	3.25928 4.5752,
	3.25271 4.58177,
	3.24615 4.58177,
	"/>
</Transform>

<Transform dim="0"
 xcoef=" 0 1 0 0 0 0"
 ycoef=" 0 0 1 0 0 0">
<Contour name="d01MT6" hidden="false" closed="true" simplified="false" border="1 0.502 0" fill="1 0.498 0" mode="-9"
 points="3.42849 4.3746,
	3.42849 4.36876,
	3.43434 4.36291,
	3.44018 4.36291,
	3.44603 4.36876,
	3.44603 4.3746,
	3.44018 4.38045,
	3.43434 4.38045,
	"/>
</Transform>

<Transform dim="0"
 xcoef=" 0 1 0 0 0 0"
 ycoef=" 0 0 1 0 0 0">
<Contour name="d01MT7" hidden="false" closed="true" simplified="false" border="1 0.502 0" fill="1 0.498 0" mode="-9"
 points="3.36835 4.44693,
	3.36835 4.44121,
	3.37407 4.43548,
	3.3798 4.43548,
	3.38552 4.44121,
	3.38552 4.44693,
	3.3798 4.45266,
	3.37407 4.45266,
	"/>
</Transform>

<Transform dim="0"
 xcoef=" 0 1 0 0 0 0"
 ycoef=" 0 0 1 0 0 0">
<Contour name="d01MT9" hidden="false" closed="true" simplified="false" border="1 0.502 0" fill="1 0.498 0" mode="-9"
 points="3.54027 4.35698,
	3.54027 4.35157,
	3.54568 4.34616,
	3.55109 4.34616,
	3.5565 4.35157,
	3.5565 4.35698,
	3.55109 4.36239,
	3.54568 4.36239,
	"/>
</Transform>

<Transform dim="0"
 xcoef=" 0 1 0 0 0 0"
 ycoef=" 0 0 1 0 0 0">
<Contour name="d01MT10" hidden="false" closed="true" simplified="false" border="1 0.502 0" fill="1 0.498 0" mode="-9"
 points="3.77668 4.53349,
	3.77668 4.52716,
	3.78302 4.52082,
	3.78935 4.52082,
	3.79568 4.52716,
	3.79568 4.53349,
	3.78935 4.53982,
	3.78302 4.53982,
	"/>
</Transform>

<Transform dim="0"
 xcoef=" 0 1 0 0 0 0"
 ycoef=" 0 0 1 0 0 0">
<Contour name="d01MT14" hidden="false" closed="true" simplified="false" border="1 0.502 0" fill="1 0.498 0" mode="-9"
 points="3.42158 4.23592,
	3.42158 4.23025,
	3.42725 4.22458,
	3.43292 4.22458,
	3.43859 4.23025,
	3.43859 4.23592,
	3.43292 4.24159,
	3.42725 4.24159,
	"/>
</Transform>

<Transform dim="0"
 xcoef=" 0 1 0 0 0 0"
 ycoef=" 0 0 1 0 0 0">
<Contour name="d01MT15" hidden="false" closed="true" simplified="false" border="1 0.502 0" fill="1 0.498 0" mode="-9"
 points="3.75667 4.24578,
	3.75667 4.24119,
	3.76126 4.2366,
	3.76585 4.2366,
	3.77044 4.24119,
	3.77044 4.24578,
	3.76585 4.25037,
	3.76126 4.25037,
	"/>
</Transform>

<Transform dim="0"
 xcoef=" 0 1 0 0 0 0"
 ycoef=" 0 0 1 0 0 0">
<Contour name="d01MT16" hidden="false" closed="true" simplified="false" border="1 0.502 0" fill="1 0.498 0" mode="-9"
 points="3.81175 4.33299,
	3.81175 4.3284,
	3.81634 4.32381,
	3.82093 4.32381,
	3.82552 4.3284,
	3.82552 4.33299,
	3.82093 4.33758,
	3.81634 4.33758,
	"/>
</Transform>

<Transform dim="0"
 xcoef=" 0 1 0 0 0 0"
 ycoef=" 0 0 1 0 0 0">
<Contour name="d01MT17" hidden="false" closed="true" simplified="false" border="1 0.502 0" fill="1 0.498 0" mode="-9"
 points="3.30453 4.29627,
	3.30453 4.29168,
	3.30912 4.28709,
	3.31371 4.28709,
	3.3183 4.29168,
	3.3183 4.29627,
	3.31371 4.30086,
	3.30912 4.30086,
	"/>
</Transform>

<Transform dim="0"
 xcoef=" 0 1 0 0 0 0"
 ycoef=" 0 0 1 0 0 0">
<Contour name="d01MT18" hidden="false" closed="true" simplified="false" border="1 0.502 0" fill="1 0.498 0" mode="-9"
 points="3.42567 4.32374,
	3.42567 4.31654,
	3.43287 4.30934,
	3.44006 4.30934,
	3.44726 4.31654,
	3.44726 4.32374,
	3.44006 4.33094,
	3.43287 4.33094,
	"/>
</Transform>

<Transform dim="0"
 xcoef=" 0 1 0 0 0 0"
 ycoef=" 0 0 1 0 0 0">
<Contour name="d01MT19" hidden="false" closed="true" simplified="false" border="1 0.502 0" fill="1 0.498 0" mode="-9"
 points="3.60925 4.43893,
	3.60925 4.43173,
	3.61644 4.42453,
	3.62364 4.42453,
	3.63084 4.43173,
	3.63084 4.43893,
	3.62364 4.44613,
	3.61644 4.44613,
	"/>
</Transform>

<Transform dim="0"
 xcoef=" 0 1 0 0 0 0"
 ycoef=" 0 0 1 0 0 0">
<Contour name="d01MT20" hidden="false" closed="true" simplified="false" border="1 0.502 0" fill="1 0.498 0" mode="-9"
 points="3.1521 4.48932,
	3.1521 4.48212,
	3.1593 4.47492,
	3.1665 4.47492,
	3.17369 4.48212,
	3.17369 4.48932,
	3.1665 4.49652,
	3.1593 4.49652,
	"/>
</Transform>

<Transform dim="0"
 xcoef=" 0 1 0 0 0 0"
 ycoef=" 0 0 1 0 0 0">
<Contour name="Ax01" hidden="false" closed="true" simplified="true" border="1 0.502 0" fill="1 0.498 0" mode="-11"
 points="3.67626 4.94322,
	3.69011 4.92938,
	3.73857 4.89476,
	3.79396 4.85668,
	3.90127 4.8186,
	3.92896 4.81514,
	3.95666 4.8186,
	3.97396 4.87399,
	3.9705 4.92938,
	3.95319 4.95361,
	3.9255 4.96053,
	3.91165 4.97092,
	3.90473 4.97092,
	3.84934 5.00207,
	3.82165 5.01592,
	3.76627 5.01938,
	3.73857 5.01592,
	3.71088 5.00553,
	3.69703 4.99861,
	3.68319 4.98476,
	3.67626 4.97092,
	3.67626 4.94669,
	"/>
</Transform>

<Transform dim="0"
 xcoef=" 0 1 0 0 0 0"
 ycoef=" 0 0 1 0 0 0">
<Contour name="Ax03" hidden="false" closed="true" simplified="true" border="1 0.502 0.753" fill="1 0.502 0.753" mode="-11"
 points="5.07858 4.71463,
	5.08526 4.68792,
	5.0886 4.67457,
	5.12533 4.62114,
	5.13868 4.61113,
	5.15204 4.60779,
	5.15872 4.60111,
	5.1654 4.60111,
	5.17207 4.59443,
	5.17875 4.59443,
	5.18543 4.58775,
	5.23885 4.57106,
	5.24887 4.56438,
	5.26223 4.55102,
	5.26556 4.53767,
	5.28894 4.5143,
	5.29562 4.50762,
	5.34904 4.51096,
	5.37575 4.53099,
	5.38243 4.53767,
	5.38911 4.56438,
	5.39245 4.6178,
	5.4225 4.67123,
	5.43251 4.72465,
	5.43251 4.77807,
	5.41582 4.8315,
	5.39245 4.85153,
	5.37909 4.85487,
	5.36573 4.86489,
	5.35238 4.86823,
	5.33902 4.87824,
	5.2856 4.8916,
	5.27224 4.89828,
	5.26556 4.89828,
	5.23885 4.91497,
	5.18543 4.90496,
	5.13534 4.86489,
	5.12199 4.85487,
	5.11531 4.84819,
	5.10863 4.82148,
	5.09194 4.79477,
	5.08192 4.76806,
	5.07858 4.71797,
	"/>
</Transform>

<Transform dim="0"
 xcoef=" 0 1 0 0 0 0"
 ycoef=" 0 0 1 0 0 0">
<Contour name="Ax03B04ssvr139" hidden="false" closed="true" simplified="false" border="0.251 0 0.502" fill="0.251 0 0.502" mode="-9"
 points="5.313 4.69933,
	5.30298 4.69599,
	5.313 4.69265,
	5.30632 4.68263,
	5.31634 4.68931,
	5.31968 4.67929,
	5.32302 4.68931,
	5.33303 4.68263,
	5.32635 4.69265,
	5.33637 4.69599,
	5.32635 4.69933,
	5.33303 4.70934,
	5.32302 4.70267,
	5.31968 4.71268,
	5.31634 4.70267,
	5.30632 4.70934,
	"/>
<Contour name="Ax03B04ssvr140" hidden="false" closed="true" simplified="false" border="0.251 0 0.502" fill="0.251 0 0.502" mode="-9"
 points="5.24288 4.82287,
	5.23286 4.81953,
	5.24288 4.81619,
	5.2362 4.80617,
	5.24622 4.81285,
	5.24956 4.80284,
	5.2529 4.81285,
	5.26291 4.80617,
	5.25624 4.81619,
	5.26625 4.81953,
	5.25624 4.82287,
	5.26291 4.83289,
	5.2529 4.82621,
	5.24956 4.83622,
	5.24622 4.82621,
	5.2362 4.83289,
	"/>
<Contour name="Ax03B04ssvr141" hidden="false" closed="true" simplified="false" border="0.251 0 0.502" fill="0.251 0 0.502" mode="-9"
 points="5.21617 4.85292,
	5.20615 4.84958,
	5.21617 4.84624,
	5.20949 4.83622,
	5.21951 4.8429,
	5.22285 4.83289,
	5.22618 4.8429,
	5.2362 4.83622,
	5.22952 4.84624,
	5.23954 4.84958,
	5.22952 4.85292,
	5.2362 4.86294,
	5.22618 4.85626,
	5.22285 4.86628,
	5.21951 4.85626,
	5.20949 4.86294,
	"/>
</Transform>

<Transform dim="0"
 xcoef=" 0 1 0 0 0 0"
 ycoef=" 0 0 1 0 0 0">
<Contour name="Ax04" hidden="false" closed="true" simplified="true" border="1 0 0" fill="1 0 0" mode="-11"
 points="0.5724 1.42575,
	0.598656 1.38899,
	0.617036 1.37323,
	0.638042 1.36273,
	0.659047 1.35748,
	0.680053 1.36011,
	0.690555 1.36536,
	0.693181 1.36798,
	0.698433 1.36536,
	0.716812 1.38374,
	0.722064 1.40474,
	0.724689 1.44675,
	0.722064 1.46776,
	0.695807 1.50714,
	0.685304 1.51765,
	0.664299 1.52552,
	0.643293 1.52815,
	0.622288 1.52552,
	0.611785 1.52552,
	0.590779 1.51502,
	0.580277 1.50452,
	0.5724 1.46251,
	0.5724 1.4415,
	0.5724 1.431,
	0.5724 1.42837,
	"/>
</Transform>

<Transform dim="0"
 xcoef=" 0 1 0 0 0 0"
 ycoef=" 0 0 1 0 0 0">
<Contour name="Ax04" hidden="false" closed="true" simplified="true" border="1 0 0" fill="1 0 0" mode="-11"
 points="7.7589 5.64785,
	7.76415 5.63735,
	7.76678 5.61634,
	7.76678 5.60584,
	7.77466 5.58483,
	7.79041 5.56383,
	7.79829 5.55333,
	7.81929 5.54282,
	7.8613 5.52969,
	7.88231 5.52182,
	7.92432 5.52444,
	7.93482 5.52969,
	7.94533 5.5402,
	7.96633 5.5507,
	7.97683 5.55595,
	8.06086 5.55333,
	8.08186 5.55333,
	8.10287 5.54807,
	8.14488 5.5507,
	8.18689 5.55858,
	8.20789 5.55858,
	8.24728 5.58746,
	8.28667 5.62159,
	8.31555 5.65835,
	8.32868 5.67936,
	8.33655 5.68986,
	8.33655 5.69511,
	8.3418 5.70036,
	8.34706 5.72137,
	8.34706 5.73187,
	8.3418 5.74238,
	8.3418 5.75288,
	8.32868 5.77388,
	8.28929 5.80277,
	8.24728 5.82115,
	8.24203 5.82115,
	8.23678 5.8264,
	8.19477 5.83427,
	8.15276 5.83165,
	8.13175 5.82902,
	8.12125 5.82902,
	8.11074 5.82377,
	8.06873 5.82377,
	8.02672 5.82902,
	8.00572 5.82377,
	7.99521 5.81852,
	7.97683 5.80014,
	7.95583 5.78964,
	7.94533 5.78701,
	7.94007 5.78701,
	7.91907 5.77388,
	7.89806 5.77126,
	7.87706 5.77914,
	7.86656 5.78439,
	7.84555 5.78439,
	7.83505 5.78176,
	7.81404 5.76601,
	7.79566 5.745,
	7.77466 5.70562,
	7.76678 5.69511,
	7.7589 5.67411,
	7.7589 5.6531,
	7.7589 5.65048,
	"/>
</Transform>

<Transform dim="0"
 xcoef=" 0 1 0 0 0 0"
 ycoef=" 0 0 1 0 0 0">
<Contour name="Ax04B06ssvr1" hidden="false" closed="true" simplified="false" border="0.251 0 0.502" fill="0.251 0 0.502" mode="-9"
 points="8.14731 5.61654,
	8.13924 5.61385,
	8.14731 5.61115,
	8.14193 5.60307,
	8.15001 5.60846,
	8.1527 5.60038,
	8.15539 5.60846,
	8.16347 5.60307,
	8.15809 5.61115,
	8.16617 5.61385,
	8.15809 5.61654,
	8.16347 5.62462,
	8.15539 5.61923,
	8.1527 5.62731,
	8.15001 5.61923,
	8.14193 5.62462,
	"/>
<Contour name="Ax04B06ssvr2" hidden="false" closed="true" simplified="false" border="0.251 0 0.502" fill="0.251 0 0.502" mode="-9"
 points="8.12038 5.68925,
	8.11231 5.68656,
	8.12038 5.68386,
	8.115 5.67578,
	8.12308 5.68117,
	8.12577 5.67309,
	8.12846 5.68117,
	8.13654 5.67578,
	8.13116 5.68386,
	8.13924 5.68656,
	8.13116 5.68925,
	8.13654 5.69733,
	8.12846 5.69194,
	8.12577 5.70002,
	8.12308 5.69194,
	8.115 5.69733,
	"/>
<Contour name="Ax04B06ssvr3" hidden="false" closed="true" simplified="false" border="0.251 0 0.502" fill="0.251 0 0.502" mode="-9"
 points="8.12577 5.73772,
	8.11769 5.73503,
	8.12577 5.73234,
	8.12038 5.72426,
	8.12846 5.72965,
	8.13116 5.72157,
	8.13385 5.72965,
	8.14193 5.72426,
	8.13654 5.73234,
	8.14462 5.73503,
	8.13654 5.73772,
	8.14193 5.7458,
	8.13385 5.74042,
	8.13116 5.7485,
	8.12846 5.74042,
	8.12038 5.7458,
	"/>
<Contour name="Ax04B06ssvr4" hidden="false" closed="true" simplified="false" border="0.251 0 0.502" fill="0.251 0 0.502" mode="-9"
 points="8.05844 5.71618,
	8.05037 5.71349,
	8.05844 5.71079,
	8.05306 5.70272,
	8.06114 5.7081,
	8.06383 5.70002,
	8.06652 5.7081,
	8.0746 5.70272,
	8.06922 5.71079,
	8.0773 5.71349,
	8.06922 5.71618,
	8.0746 5.72426,
	8.06652 5.71887,
	8.06383 5.72695,
	8.06114 5.71887,
	8.05306 5.72426,
	"/>
<Contour name="Ax04B06ssvr5" hidden="false" closed="true" simplified="false" border="0.251 0 0.502" fill="0.251 0 0.502" mode="-9"
 points="8.02613 5.67309,
	8.01805 5.6704,
	8.02613 5.66771,
	8.02074 5.65963,
	8.02882 5.66501,
	8.03151 5.65693,
	8.03421 5.66501,
	8.04229 5.65963,
	8.0369 5.66771,
	8.04498 5.6704,
	8.0369 5.67309,
	8.04229 5.68117,
	8.03421 5.67578,
	8.03151 5.68386,
	8.02882 5.67578,
	8.02074 5.68117,
	"/>
<Contour name="Ax04B06ssvr6" hidden="false" closed="true" simplified="false" border="0.251 0 0.502" fill="0.251 0 0.502" mode="-9"
 points="7.95342 5.64885,
	7.94534 5.64616,
	7.95342 5.64347,
	7.94803 5.63539,
	7.95611 5.64078,
	7.9588 5.6327,
	7.9615 5.64078,
	7.96958 5.63539,
	7.96419 5.64347,
	7.97227 5.64616,
	7.96419 5.64885,
	7.96958 5.65693,
	7.9615 5.65155,
	7.9588 5.65963,
	7.95611 5.65155,
	7.94803 5.65693,
	"/>
<Contour name="Ax04B06ssvr7" hidden="false" closed="true" simplified="false" border="0.251 0 0.502" fill="0.251 0 0.502" mode="-9"
 points="7.98843 5.60846,
	7.98035 5.60577,
	7.98843 5.60307,
	7.98304 5.59499,
	7.99112 5.60038,
	7.99381 5.5923,
	7.99651 5.60038,
	8.00458 5.59499,
	7.9992 5.60307,
	8.00728 5.60577,
	7.9992 5.60846,
	8.00458 5.61654,
	7.99651 5.61115,
	7.99381 5.61923,
	7.99112 5.61115,
	7.98304 5.61654,
	"/>
</Transform>

<Transform dim="0"
 xcoef=" 0 1 0 0 0 0"
 ycoef=" 0 0 1 0 0 0">
<Contour name="Ax06" hidden="false" closed="true" simplified="true" border="0 0 0.627" fill="0 0 0.502" mode="11"
 points="2.35625 8.00456,
	2.36293 7.99119,
	2.36962 7.98451,
	2.36627 7.93103,
	2.36962 7.91766,
	2.3763 7.91098,
	2.37964 7.88424,
	2.40304 7.8575,
	2.40638 7.83076,
	2.40638 7.82408,
	2.42978 7.80403,
	2.44315 7.79734,
	2.44983 7.79066,
	2.47657 7.78063,
	2.5033 7.76392,
	2.51667 7.75724,
	2.52336 7.75055,
	2.57683 7.73384,
	2.60357 7.72047,
	2.62362 7.70376,
	2.63365 7.69039,
	2.65705 7.67368,
	2.68378 7.66366,
	2.69715 7.65697,
	2.75063 7.66031,
	2.77736 7.66366,
	2.79073 7.667,
	2.79742 7.67368,
	2.81079 7.67702,
	2.82416 7.68705,
	2.83084 7.68705,
	2.85424 7.74053,
	2.86426 7.794,
	2.87095 7.80737,
	2.8676 7.86084,
	2.86426 7.88758,
	2.86426 7.89427,
	2.84087 7.91766,
	2.81747 7.93437,
	2.81079 7.94106,
	2.8041 7.94106,
	2.78071 7.96111,
	2.6771 8.01793,
	2.62362 8.02461,
	2.59689 8.02795,
	2.57015 8.04467,
	2.54675 8.06806,
	2.51333 8.12154,
	2.49328 8.14493,
	2.47991 8.17167,
	2.45651 8.19841,
	2.44315 8.19841,
	2.43646 8.19841,
	2.42643 8.18504,
	2.42643 8.17835,
	2.41975 8.17167,
	2.40972 8.11819,
	2.37964 8.06472,
	2.36293 8.04132,
	2.35625 8.02795,
	2.35625 8.01459,
	2.35625 8.0079,
	"/>
</Transform>

<Transform dim="0"
 xcoef=" 0 1 0 0 0 0"
 ycoef=" 0 0 1 0 0 0">
<Contour name="Ax06B01ssvr4" hidden="false" closed="true" simplified="false" border="0.251 0 0.502" fill="0.251 0 0.502" mode="-9"
 points="2.49075 7.84121,
	2.48073 7.83787,
	2.49075 7.83452,
	2.48407 7.8245,
	2.4941 7.83118,
	2.49744 7.82115,
	2.50078 7.83118,
	2.51081 7.8245,
	2.50412 7.83452,
	2.51415 7.83787,
	2.50412 7.84121,
	2.51081 7.85123,
	2.50078 7.84455,
	2.49744 7.85458,
	2.4941 7.84455,
	2.48407 7.85123,
	"/>
<Contour name="Ax06B01ssvr5" hidden="false" closed="true" simplified="false" border="0.251 0 0.502" fill="0.251 0 0.502" mode="-9"
 points="2.5342 7.8245,
	2.52418 7.82115,
	2.5342 7.81781,
	2.52752 7.80779,
	2.53754 7.81447,
	2.54089 7.80444,
	2.54423 7.81447,
	2.55426 7.80779,
	2.54757 7.81781,
	2.5576 7.82115,
	2.54757 7.8245,
	2.55426 7.83452,
	2.54423 7.82784,
	2.54089 7.83787,
	2.53754 7.82784,
	2.52752 7.83452,
	"/>
<Contour name="Ax06B01ssvr6" hidden="false" closed="true" simplified="false" border="0.251 0 0.502" fill="0.251 0 0.502" mode="-9"
 points="2.66121 7.79442,
	2.65118 7.79107,
	2.66121 7.78773,
	2.65452 7.77771,
	2.66455 7.78439,
	2.66789 7.77436,
	2.67123 7.78439,
	2.68126 7.77771,
	2.67457 7.78773,
	2.6846 7.79107,
	2.67457 7.79442,
	2.68126 7.80444,
	2.67123 7.79776,
	2.66789 7.80779,
	2.66455 7.79776,
	2.65452 7.80444,
	"/>
<Contour name="Ax06B01ssvr7" hidden="false" closed="true" simplified="false" border="0.251 0 0.502" fill="0.251 0 0.502" mode="-9"
 points="2.75145 7.77436,
	2.74142 7.77102,
	2.75145 7.76768,
	2.74476 7.75765,
	2.75479 7.76434,
	2.75813 7.75431,
	2.76147 7.76434,
	2.7715 7.75765,
	2.76481 7.76768,
	2.77484 7.77102,
	2.76481 7.77436,
	2.7715 7.78439,
	2.76147 7.77771,
	2.75813 7.78773,
	2.75479 7.77771,
	2.74476 7.78439,
	"/>
<Contour name="Ax06B01ssvr8" hidden="false" closed="true" simplified="false" border="0.251 0 0.502" fill="0.251 0 0.502" mode="-9"
 points="2.72137 7.88466,
	2.71134 7.88131,
	2.72137 7.87797,
	2.71468 7.86795,
	2.72471 7.87463,
	2.72805 7.8646,
	2.73139 7.87463,
	2.74142 7.86795,
	2.73473 7.87797,
	2.74476 7.88131,
	2.73473 7.88466,
	2.74142 7.89468,
	2.73139 7.888,
	2.72805 7.89803,
	2.72471 7.888,
	2.71468 7.89468,
	"/>
<Contour name="Ax06B01ssvr9" hidden="false" closed="true" simplified="false" border="0.251 0 0.502" fill="0.251 0 0.502" mode="-9"
 points="2.5576 7.98826,
	2.54757 7.98492,
	2.5576 7.98158,
	2.55091 7.97155,
	2.56094 7.97824,
	2.56428 7.96821,
	2.56762 7.97824,
	2.57765 7.97155,
	2.57097 7.98158,
	2.58099 7.98492,
	2.57097 7.98826,
	2.57765 7.99829,
	2.56762 7.99161,
	2.56428 8.00163,
	2.56094 7.99161,
	2.55091 7.99829,
	"/>
<Contour name="Ax06B01ssvr10" hidden="false" closed="true" simplified="false" border="0.251 0 0.502" fill="0.251 0 0.502" mode="-9"
 points="2.54423 7.93479,
	2.5342 7.93145,
	2.54423 7.9281,
	2.53754 7.91808,
	2.54757 7.92476,
	2.55091 7.91474,
	2.55426 7.92476,
	2.56428 7.91808,
	2.5576 7.9281,
	2.56762 7.93145,
	2.5576 7.93479,
	2.56428 7.94482,
	2.55426 7.93813,
	2.55091 7.94816,
	2.54757 7.93813,
	2.53754 7.94482,
	"/>
<Contour name="Ax06B01ssvr11" hidden="false" closed="true" simplified="false" border="0.251 0 0.502" fill="0.251 0 0.502" mode="-9"
 points="2.60439 7.86126,
	2.59436 7.85792,
	2.60439 7.85458,
	2.5977 7.84455,
	2.60773 7.85123,
	2.61107 7.84121,
	2.61442 7.85123,
	2.62444 7.84455,
	2.61776 7.85458,
	2.62778 7.85792,
	2.61776 7.86126,
	2.62444 7.87129,
	2.61442 7.8646,
	2.61107 7.87463,
	2.60773 7.8646,
	2.5977 7.87129,
	"/>
</Transform>

<Transform dim="0"
 xcoef=" 0 1 0 0 0 0"
 ycoef=" 0 0 1 0 0 0">
<Contour name="Ax09" hidden="false" closed="true" simplified="true" border="0 1 0.251" fill="0 1 0" mode="11"
 points="6.07734 4.02651,
	6.09431 4.00954,
	6.1331 3.99015,
	6.15249 3.98045,
	6.16219 3.97803,
	6.23734 3.92955,
	6.2737 3.90773,
	6.28339 3.90046,
	6.29309 3.89803,
	6.30279 3.89076,
	6.32218 3.88349,
	6.33188 3.87864,
	6.34157 3.88591,
	6.35127 3.88833,
	6.35612 3.89803,
	6.36097 3.90288,
	6.36824 3.92227,
	6.36824 3.94167,
	6.36339 3.96106,
	6.35854 3.96591,
	6.35127 3.9853,
	6.33673 4.00469,
	6.32703 4.02166,
	6.31248 4.04106,
	6.29551 4.05318,
	6.28582 4.0556,
	6.27612 4.06287,
	6.23734 4.07499,
	6.19855 4.07742,
	6.15976 4.07015,
	6.12098 4.05075,
	6.08219 4.04348,
	6.07734 4.03378,
	6.07734 4.02894,
	"/>
</Transform>

<Transform dim="1"
 xcoef=" 0.19 1 0 0 0 0"
 ycoef=" 0.5 0 1 0 0 0">
<Contour name="Brick Analysis" hidden="false" closed="false" simplified="true" border="1 0 0" fill="1 0 1" mode="9"
 points="2.25768 8.13338,
	2.25768 6.38338,
	2.25768 2.88338,
	5.75768 2.88338,
	5.75768 1.13338,
	"/>
<Contour name="Brick Analysis" hidden="false" closed="false" simplified="true" border="0 1 0" fill="1 0 1" mode="9"
 points="2.25768 6.38338,
	5.75768 6.38338,
	5.75768 2.88338,
	"/>
</Transform>

<Transform dim="0"
 xcoef=" 0 1 0 0 0 0"
 ycoef=" 0 0 1 0 0 0">
<Contour name="Brax01" hidden="false" closed="true" simplified="false" border="1 0.502 0" fill="1 0.498 0" mode="-9"
 points="3.55546 3.93048,
	3.55546 3.92137,
	3.56457 3.91226,
	3.57368 3.91226,
	3.5828 3.92137,
	3.5828 3.93048,
	3.57368 3.9396,
	3.56457 3.9396,
	"/>
</Transform>

<Transform dim="0"
 xcoef=" 0 1 0 0 0 0"
 ycoef=" 0 0 1 0 0 0">
<Contour name="Brax02" hidden="false" closed="true" simplified="false" border="0.251 0 0.502" fill="0.251 0 0.502" mode="-9"
 points="4.45765 4.91469,
	4.44398 4.91013,
	4.45765 4.90558,
	4.44853 4.89191,
	4.4622 4.90102,
	4.46676 4.88735,
	4.47132 4.90102,
	4.48498 4.89191,
	4.47587 4.90558,
	4.48954 4.91013,
	4.47587 4.91469,
	4.48498 4.92836,
	4.47132 4.91925,
	4.46676 4.93292,
	4.4622 4.91925,
	4.44853 4.92836,
	"/>
</Transform>

<Transform dim="0"
 xcoef=" 0 1 0 0 0 0"
 ycoef=" 0 0 1 0 0 0">
<Contour name="Brax04" hidden="false" closed="true" simplified="false" border="1 0 0" fill="1 0 0" mode="-9"
 points="3.59647 2.86426,
	3.61925 2.83237,
	3.59647 2.80047,
	3.61013 2.80047,
	3.62836 2.82781,
	3.64659 2.80047,
	3.66026 2.80047,
	3.63747 2.83237,
	3.66026 2.86426,
	3.64659 2.86426,
	3.62836 2.83692,
	3.61013 2.86426,
	"/>
</Transform>

<Transform dim="0"
 xcoef=" 0 1 0 0 0 0"
 ycoef=" 0 0 1 0 0 0">
<Contour name="Brax05" hidden="false" closed="true" simplified="false" border="1 1 0" fill="1 1 0" mode="-9"
 points="5.05455 3.3108,
	5.05455 3.2379,
	4.98164 3.2379,
	4.98164 3.30169,
	4.97253 3.3108,
	4.97253 3.22878,
	5.06366 3.22878,
	5.06366 3.31991,
	4.97253 3.31991,
	4.98164 3.3108,
	"/>
</Transform>

<Transform dim="0"
 xcoef=" 0 1 0 0 0 0"
 ycoef=" 0 0 1 0 0 0">
<Contour name="Brax07" hidden="false" closed="true" simplified="false" border="1 0 1" fill="1 0 1" mode="-9"
 points="3.7362 3.10119,
	3.7362 3.08454,
	3.75285 3.06788,
	3.76951 3.06788,
	3.78616 3.08454,
	3.78616 3.10119,
	3.76951 3.11784,
	3.75285 3.11784,
	"/>
</Transform>

<Transform dim="0"
 xcoef=" 0 1 0 0 0 0"
 ycoef=" 0 0 1 0 0 0">
<Contour name="Brax08" hidden="false" closed="true" simplified="false" border="1 0 0" fill="1 0 0" mode="-9"
 points="2.98684 3.85055,
	2.96187 3.85055,
	2.96187 3.86303,
	2.97435 3.87552,
	3.01182 3.88801,
	2.98684 3.9005,
	2.97435 3.92548,
	2.94938 3.9005,
	2.93689 3.87552,
	2.93689 3.85055,
	2.91191 3.85055,
	2.94938 3.82557,
	"/>
</Transform>

<Transform dim="0"
 xcoef=" 0 1 0 0 0 0"
 ycoef=" 0 0 1 0 0 0">
<Contour name="Brax09" hidden="false" closed="true" simplified="false" border="0 1 0.251" fill="0 1 0" mode="-9"
 points="5.84273 2.95132,
	5.84273 2.91801,
	5.87603 2.91801,
	5.87603 2.88471,
	5.90934 2.88471,
	5.90934 2.91801,
	5.94264 2.91801,
	5.94264 2.95132,
	5.90934 2.95132,
	5.90934 2.98462,
	5.87603 2.98462,
	5.87603 2.95132,
	"/>
</Transform>

<Transform dim="0"
 xcoef=" 0 1 0 0 0 0"
 ycoef=" 0 0 1 0 0 0">
<Contour name="Brax12" hidden="false" closed="true" simplified="false" border="0.251 0 0.502" fill="0.251 0 0.502" mode="-9"
 points="4.85781 4.16989,
	4.8448 4.16555,
	4.85781 4.16122,
	4.84914 4.14821,
	4.86215 4.15688,
	4.86648 4.14387,
	4.87082 4.15688,
	4.88383 4.14821,
	4.87516 4.16122,
	4.88817 4.16555,
	4.87516 4.16989,
	4.88383 4.1829,
	4.87082 4.17423,
	4.86648 4.18724,
	4.86215 4.17423,
	4.84914 4.1829,
	"/>
<Contour name="Brax12" hidden="false" closed="true" simplified="false" border="0.251 0 0.502" fill="0.251 0 0.502" mode="-9"
 points="5.14836 3.71455,
	5.13535 3.71021,
	5.14836 3.70588,
	5.13969 3.69287,
	5.1527 3.70154,
	5.15703 3.68853,
	5.16137 3.70154,
	5.17438 3.69287,
	5.16571 3.70588,
	5.17871 3.71021,
	5.16571 3.71455,
	5.17438 3.72756,
	5.16137 3.71889,
	5.15703 3.7319,
	5.1527 3.71889,
	5.13969 3.72756,
	"/>
</Transform>

<Transform dim="0"
 xcoef=" 0 1 0 0 0 0"
 ycoef=" 0 0 1 0 0 0">
<Contour name="Brax15" hidden="false" closed="true" simplified="false" border="0 0 1" fill="0 0 1" mode="-9"
 points="3.9081 5.17597,
	3.9081 5.10659,
	3.83872 5.10659,
	3.83872 5.1673,
	3.83004 5.17597,
	3.83004 5.09791,
	3.91678 5.09791,
	3.91678 5.18464,
	3.83004 5.18464,
	3.83872 5.17597,
	"/>
</Transform>

<Transform dim="0"
 xcoef=" 0 1 0 0 0 0"
 ycoef=" 0 0 1 0 0 0">
<Contour name="Brax18" hidden="false" closed="true" simplified="false" border="0 0 1" fill="1 0 0" mode="-9"
 points="5.61237 5.2627,
	5.58635 5.2627,
	5.58635 5.27571,
	5.59936 5.28872,
	5.63839 5.30173,
	5.61237 5.31474,
	5.59936 5.34076,
	5.57334 5.31474,
	5.56033 5.28872,
	5.56033 5.2627,
	5.53431 5.2627,
	5.57334 5.23668,
	"/>
</Transform>

<Transform dim="0"
 xcoef=" 0 1 0 0 0 0"
 ycoef=" 0 0 1 0 0 0">
<Contour name="Brax19" hidden="false" closed="true" simplified="false" border="0 1 0.251" fill="0 1 0.251" mode="-9"
 points="5.43024 5.96523,
	5.43024 5.93053,
	5.46493 5.93053,
	5.46493 5.89584,
	5.49962 5.89584,
	5.49962 5.93053,
	5.53431 5.93053,
	5.53431 5.96523,
	5.49962 5.96523,
	5.49962 5.99992,
	5.46493 5.99992,
	5.46493 5.96523,
	"/>
</Transform>

<Transform dim="0"
 xcoef=" 0 1 0 0 0 0"
 ycoef=" 0 0 1 0 0 0">
<Contour name="Brax20" hidden="false" closed="true" simplified="false" border="0 1 1" fill="0 1 1" mode="-9"
 points="3.62623 5.53591,
	3.64357 5.51856,
	3.57419 5.44917,
	3.59153 5.43183,
	3.66092 5.50121,
	3.67827 5.48387,
	3.67827 5.53591,
	"/>
</Transform>

<Transform dim="0"
 xcoef=" 0 1 0 0 0 0"
 ycoef=" 0 0 1 0 0 0">
<Contour name="Brax21" hidden="false" closed="true" simplified="false" border="1 0.502 0" fill="1 0.498 0" mode="-9"
 points="4.67567 5.67468,
	4.67567 5.666,
	4.68435 5.65733,
	4.69302 5.65733,
	4.70169 5.666,
	4.70169 5.67468,
	4.69302 5.68335,
	4.68435 5.68335,
	"/>
</Transform>

<Transform dim="0"
 xcoef=" 0 1 0 0 0 0"
 ycoef=" 0 0 1 0 0 0">
<Contour name="Brax24" hidden="false" closed="true" simplified="false" border="1 0 0" fill="1 0 0" mode="-9"
 points="3.26196 5.87416,
	3.28364 5.8438,
	3.26196 5.81345,
	3.27497 5.81345,
	3.29231 5.83947,
	3.30966 5.81345,
	3.32267 5.81345,
	3.30098 5.8438,
	3.32267 5.87416,
	3.30966 5.87416,
	3.29231 5.84814,
	3.27497 5.87416,
	"/>
</Transform>

<Transform dim="0"
 xcoef=" 0 1 0 0 0 0"
 ycoef=" 0 0 1 0 0 0">
<Contour name="Brax25" hidden="false" closed="true" simplified="false" border="1 1 0" fill="1 1 0" mode="-9"
 points="5.6991 3.96607,
	5.6991 3.89669,
	5.62972 3.89669,
	5.62972 3.9574,
	5.62104 3.96607,
	5.62104 3.88801,
	5.70778 3.88801,
	5.70778 3.97474,
	5.62104 3.97474,
	5.62972 3.96607,
	"/>
</Transform>

<Transform dim="0"
 xcoef=" 0 1 0 0 0 0"
 ycoef=" 0 0 1 0 0 0">
<Contour name="Brax26" hidden="false" closed="true" simplified="false" border="0 0 0.627" fill="0 0 0.502" mode="-9"
 points="4.16396 3.17248,
	4.1336 3.14212,
	4.16396 3.11177,
	4.19432 3.14212,
	"/>
</Transform>

<Transform dim="0"
 xcoef=" 0 1 0 0 0 0"
 ycoef=" 0 0 1 0 0 0">
<Contour name="Brax28" hidden="false" closed="true" simplified="false" border="1 0 0" fill="1 0 0" mode="-9"
 points="5.556 2.63475,
	5.52998 2.63475,
	5.52998 2.64776,
	5.54299 2.66077,
	5.58202 2.67378,
	5.556 2.68679,
	5.54299 2.71281,
	5.51697 2.68679,
	5.50396 2.66077,
	5.50396 2.63475,
	5.47794 2.63475,
	5.51697 2.60873,
	"/>
</Transform>

<Transform dim="0"
 xcoef=" 0 1 0 0 0 0"
 ycoef=" 0 0 1 0 0 0">
<Contour name="Brax41" hidden="false" closed="true" simplified="false" border="1 0.502 0" fill="1 0.498 0" mode="-9"
 points="5.2625 4.7361,
	5.2625 4.72754,
	5.27106 4.71897,
	5.27963 4.71897,
	5.28819 4.72754,
	5.28819 4.7361,
	5.27963 4.74467,
	5.27106 4.74467,
	"/>
</Transform>

<Transform dim="0"
 xcoef=" 0 1 0 0 0 0"
 ycoef=" 0 0 1 0 0 0">
<Contour name="d03p03dia" hidden="false" closed="true" simplified="true" border="1 0 0.501961" fill="1 0.502 0.753" mode="-11"
 points="5.20448 2.25501,
	5.20968 2.24981,
	5.20968 2.24461,
	5.22009 2.23421,
	5.22529 2.2264,
	5.24349 2.2082,
	5.27731 2.17959,
	5.29811 2.17439,
	5.30332 2.16918,
	5.30852 2.16918,
	5.34753 2.14057,
	5.35794 2.13277,
	5.36314 2.13277,
	5.37354 2.12497,
	5.37874 2.12497,
	5.39955 2.11196,
	5.40735 2.10416,
	5.41776 2.10156,
	5.45677 2.07295,
	5.49579 2.04954,
	5.51659 2.03914,
	5.59982 2.04174,
	5.64144 2.04694,
	5.66225 2.04954,
	5.66745 2.04954,
	5.67005 2.05474,
	5.71166 2.07035,
	5.73247 2.07555,
	5.74287 2.07555,
	5.76368 2.08855,
	5.77669 2.10416,
	5.78449 2.11456,
	5.79229 2.13537,
	5.79749 2.14578,
	5.8157 2.16398,
	5.83651 2.17439,
	5.84691 2.17699,
	5.86772 2.18999,
	5.87552 2.19779,
	5.87552 2.2082,
	5.85732 2.22901,
	5.84691 2.23681,
	5.76368 2.23421,
	5.74287 2.2264,
	5.73247 2.2238,
	5.72727 2.2186,
	5.72207 2.2186,
	5.70386 2.20039,
	5.69346 2.19259,
	5.65184 2.19259,
	5.63103 2.18999,
	5.61023 2.18219,
	5.58942 2.18219,
	5.56861 2.17699,
	5.5504 2.16398,
	5.5296 2.17439,
	5.51139 2.18999,
	5.49839 2.2108,
	5.49579 2.23161,
	5.49839 2.25241,
	5.51139 2.27322,
	5.51139 2.27842,
	5.5426 2.30703,
	5.55301 2.31484,
	5.63363 2.34865,
	5.65444 2.35385,
	5.67265 2.36425,
	5.70646 2.39547,
	5.75588 2.47609,
	5.77148 2.4943,
	5.78189 2.51251,
	5.78709 2.53332,
	5.78709 2.55412,
	5.77409 2.57493,
	5.76368 2.58013,
	5.75848 2.58533,
	5.74808 2.58793,
	5.74287 2.58793,
	5.73767 2.59314,
	5.69606 2.59314,
	5.67525 2.59574,
	5.63624 2.61394,
	5.61543 2.61134,
	5.57381 2.59314,
	5.5348 2.56973,
	5.5244 2.56193,
	5.51919 2.56193,
	5.48018 2.53332,
	5.44377 2.4995,
	5.41776 2.45789,
	5.38134 2.41887,
	5.37094 2.40847,
	5.34753 2.37206,
	5.33193 2.35385,
	5.31372 2.34345,
	5.30592 2.33564,
	5.30071 2.33564,
	5.27991 2.31744,
	5.2591 2.30963,
	5.2539 2.30443,
	5.2487 2.30443,
	5.24349 2.29923,
	5.22269 2.29403,
	5.20448 2.27582,
	5.20448 2.25762,
	"/>
</Transform>

<Transform dim="0"
 xcoef=" 0 1 0 0 0 0"
 ycoef=" 0 0 1 0 0 0">
<Contour name="d03p37" hidden="false" closed="true" simplified="false" border="1 0 1" fill="1 0 1" mode="-9"
 points="4.9519 2.53885,
	4.9519 2.52845,
	4.96231 2.51804,
	4.97271 2.51804,
	4.98311 2.52845,
	4.98311 2.53885,
	4.97271 2.54925,
	4.96231 2.54925,
	"/>
</Transform>

<Transform dim="0"
 xcoef=" 0 1 0 0 0 0"
 ycoef=" 0 0 1 0 0 0">
<Contour name="d03c37" hidden="false" closed="true" simplified="true" border="0 1 0.251" fill="0 1 0.251" mode="-9"
 points="5.45677 2.23161,
	5.46717 2.2108,
	5.46978 2.20039,
	5.46978 2.19519,
	5.48018 2.18479,
	5.50099 2.17439,
	5.52179 2.17699,
	5.5322 2.17959,
	5.5374 2.20039,
	5.5322 2.2108,
	5.5322 2.23161,
	5.5348 2.24201,
	5.55301 2.25762,
	5.59462 2.27062,
	5.61543 2.27842,
	5.62583 2.28623,
	5.63624 2.28883,
	5.64664 2.29663,
	5.68825 2.31484,
	5.72987 2.34345,
	5.74808 2.35905,
	5.75588 2.36425,
	5.76628 2.37466,
	5.77148 2.37466,
	5.8053 2.41367,
	5.8131 2.42147,
	5.8131 2.42668,
	5.8183 2.43188,
	5.8183 2.43708,
	5.8235 2.44228,
	5.8261 2.4839,
	5.8235 2.52551,
	5.8131 2.54632,
	5.8053 2.55412,
	5.78449 2.55152,
	5.77409 2.54892,
	5.76888 2.54892,
	5.75328 2.53071,
	5.74548 2.52031,
	5.74548 2.51511,
	5.71426 2.47609,
	5.69866 2.45529,
	5.69086 2.44488,
	5.68305 2.42408,
	5.64664 2.38506,
	5.60502 2.36946,
	5.58422 2.36165,
	5.57381 2.35645,
	5.56861 2.35645,
	5.55821 2.34865,
	5.51659 2.33044,
	5.48278 2.29403,
	5.47238 2.28362,
	5.46197 2.26282,
	5.45677 2.25762,
	5.45677 2.23681,
	5.45677 2.23421,
	"/>
<Contour name="d03cfa37" hidden="false" closed="false" simplified="false" border="0 1 1" fill="0 1 1" mode="-9"
 points="5.779 2.54665,
	5.7686 2.50504,
	5.75039 2.47123,
	5.71658 2.42701,
	5.68277 2.388,
	5.65676 2.35938,
	5.60994 2.34638,
	5.55532 2.31257,
	5.52411 2.29956,
	5.4981 2.26315,
	5.4903 2.21633,
	5.51631 2.17472,
	"/>
</Transform>

<Transform dim="6"
 xcoef=" 1.22847106728494 0.97103398106182 -0.0896701816968603 0 0 0"
 ycoef=" 0.180442758498189 0.0660307792607995 1.00634449036812 0 0 0">
<Image mag="0.00217549" contrast="1.155" brightness="0.015" red="true" green="true" blue="true"
 src="JYBWM.78.jpg" />
<Contour name="domain1" hidden="false" closed="true" simplified="false" border="1 0 1" fill="1 0 1" mode="11"
 points="0 0,
	4083 0,
	4083 4083,
	0 4083,
	"/>
</Transform>

<Transform dim="0"
 xcoef=" 0 1 0 0 0 0"
 ycoef=" 0 0 1 0 0 0">
<Contour name="d04" hidden="false" closed="true" simplified="true" border="1 0 0" fill="1 0.5 0" mode="11"
 points="1.90912 4.88104,
	1.91305 4.8771,
	1.94454 4.87513,
	1.97603 4.88497,
	2.00556 4.91253,
	2.03508 4.93418,
	2.0646 4.95189,
	2.08035 4.95976,
	2.08822 4.96173,
	2.10396 4.97157,
	2.11971 4.97157,
	2.12758 4.96567,
	2.14333 4.96764,
	2.14923 4.97157,
	2.15317 4.97945,
	2.18269 4.98141,
	2.19056 4.98732,
	2.1945 4.99322,
	2.20828 5.00897,
	2.20828 5.0129,
	2.21615 5.01487,
	2.22008 5.01881,
	2.22796 5.02078,
	2.23189 5.02471,
	2.26338 5.03259,
	2.29488 5.0444,
	2.29881 5.04833,
	2.30275 5.04833,
	2.31062 5.05424,
	2.32637 5.06014,
	2.38935 5.05817,
	2.40509 5.05817,
	2.42084 5.05424,
	2.42871 5.04833,
	2.42281 5.0444,
	2.42084 5.04046,
	2.42281 5.03652,
	2.4543 5.03062,
	2.47004 5.03062,
	2.47791 5.02471,
	2.48185 5.02471,
	2.49563 5.0129,
	2.49956 5.0129,
	2.51334 4.99913,
	2.53499 4.96961,
	2.53696 4.96567,
	2.5409 4.96567,
	2.57042 4.94402,
	2.57829 4.94008,
	2.58223 4.94008,
	2.58616 4.93615,
	2.61765 4.92237,
	2.62159 4.91843,
	2.62553 4.91843,
	2.6393 4.90859,
	2.65505 4.90269,
	2.66292 4.90072,
	2.67867 4.89088,
	2.71016 4.87907,
	2.7259 4.8712,
	2.73377 4.8712,
	2.76527 4.85939,
	2.79676 4.85152,
	2.80463 4.84758,
	2.8125 4.84758,
	2.82825 4.84167,
	2.84399 4.83971,
	2.85974 4.84167,
	2.86564 4.83577,
	2.9916 4.83183,
	3.02309 4.82987,
	3.05458 4.83183,
	3.07033 4.84167,
	3.0782 4.84758,
	3.08214 4.84758,
	3.10969 4.86923,
	3.12544 4.88301,
	3.13331 4.88694,
	3.14906 4.88497,
	3.15693 4.88301,
	3.16087 4.88301,
	3.17267 4.86923,
	3.18055 4.86332,
	3.19629 4.86332,
	3.20417 4.86529,
	3.21204 4.8712,
	3.21597 4.87907,
	3.21597 4.89481,
	3.21597 4.90269,
	3.20613 4.91843,
	3.20023 4.93221,
	3.2022 4.94796,
	3.20613 4.94992,
	3.20613 4.95386,
	3.21204 4.96173,
	3.21204 4.96567,
	3.21794 4.97354,
	3.21794 4.98141,
	3.23959 5.0444,
	3.24156 5.06014,
	3.24156 5.06801,
	3.24156 5.07195,
	3.25731 5.08179,
	3.25927 5.09754,
	3.25337 5.10541,
	3.2514 5.12115,
	3.24746 5.12903,
	3.24746 5.1369,
	3.24353 5.14083,
	3.23566 5.17233,
	3.22581 5.18807,
	3.21204 5.19988,
	3.19629 5.20578,
	3.18252 5.21759,
	3.17464 5.2235,
	3.17071 5.2235,
	3.15693 5.23727,
	3.14709 5.25302,
	3.14709 5.26089,
	3.14118 5.26877,
	3.14118 5.2727,
	3.13528 5.27861,
	3.13331 5.28254,
	3.12938 5.28254,
	3.12347 5.28845,
	3.10773 5.29435,
	3.08214 5.31403,
	3.07033 5.32978,
	3.04474 5.3534,
	2.98176 5.37505,
	2.96602 5.37898,
	2.95815 5.38292,
	2.95027 5.38292,
	2.92075 5.3967,
	2.88926 5.42031,
	2.87351 5.43212,
	2.86564 5.43803,
	2.86171 5.44196,
	2.84596 5.4459,
	2.72 5.44,
	2.71213 5.43606,
	2.70425 5.43606,
	2.68851 5.43015,
	2.68063 5.42819,
	2.6767 5.42425,
	2.66883 5.42228,
	2.66489 5.41835,
	2.66095 5.41835,
	2.61175 5.36521,
	2.59797 5.35143,
	2.5901 5.34552,
	2.58813 5.34159,
	2.58419 5.34159,
	2.55467 5.31994,
	2.53893 5.3101,
	2.53499 5.30616,
	2.52712 5.30419,
	2.52318 5.30026,
	2.51531 5.29829,
	2.51137 5.29435,
	2.5035 5.29238,
	2.48972 5.28057,
	2.47595 5.26483,
	2.4602 5.23531,
	2.45626 5.22743,
	2.45233 5.2235,
	2.44642 5.20775,
	2.44642 5.19988,
	2.44052 5.19201,
	2.44052 5.18807,
	2.411 5.16445,
	2.37951 5.14477,
	2.36376 5.13296,
	2.34802 5.12706,
	2.28503 5.12509,
	2.25354 5.12509,
	2.2378 5.12312,
	2.23386 5.11919,
	2.21812 5.11328,
	2.20237 5.10344,
	2.19844 5.0995,
	2.19056 5.0995,
	2.17482 5.0936,
	2.11184 5.09163,
	2.09609 5.09163,
	2.08822 5.08769,
	2.08428 5.08769,
	2.06854 5.07589,
	2.05476 5.06014,
	2.04492 5.02865,
	2.03901 5.0129,
	2.02721 4.99716,
	2.01146 4.98535,
	2.00752 4.98141,
	1.99965 4.97945,
	1.99571 4.97551,
	1.98784 4.97551,
	1.97997 4.96961,
	1.97603 4.96961,
	1.96226 4.95386,
	1.95635 4.93811,
	1.94454 4.92237,
	1.93077 4.91056,
	1.91502 4.90269,
	1.90912 4.89678,
	1.90912 4.88301,
	"/>
</Transform>

<Transform dim="0"
 xcoef=" 0 1 0 0 0 0"
 ycoef=" 0 0 1 0 0 0">
<Contour name="d01ax13" hidden="false" closed="true" simplified="true" border="0 1 1" fill="0 1 1" mode="-11"
 points="3.09608 5.62674,
	3.10525 5.60229,
	3.12359 5.57784,
	3.13581 5.55339,
	3.14498 5.54116,
	3.1511 5.52894,
	3.16027 5.51824,
	3.18472 5.50296,
	3.20458 5.48003,
	3.2382 5.43113,
	3.25501 5.40668,
	3.2596 5.39446,
	3.26112 5.38834,
	3.26724 5.38529,
	3.27946 5.38529,
	3.30391 5.37153,
	3.31614 5.36542,
	3.32836 5.35472,
	3.34365 5.33027,
	3.35587 5.32263,
	3.40477 5.30277,
	3.45367 5.28901,
	3.55148 5.27526,
	3.60038 5.26915,
	3.64928 5.26609,
	3.67373 5.26915,
	3.69818 5.27832,
	3.72263 5.29207,
	3.74708 5.30277,
	3.77153 5.30582,
	3.79599 5.30124,
	3.84489 5.29818,
	3.89379 5.29971,
	3.90601 5.29971,
	3.91824 5.29665,
	3.94269 5.2829,
	3.96714 5.27373,
	4.06494 5.26456,
	4.0894 5.26303,
	4.10162 5.26151,
	4.12607 5.26456,
	4.1383 5.26915,
	4.16275 5.2722,
	4.21165 5.26915,
	4.22387 5.26762,
	4.2361 5.26915,
	4.26055 5.27832,
	4.30945 5.27984,
	4.31557 5.28137,
	4.32168 5.28596,
	4.34613 5.29207,
	4.37058 5.2936,
	4.39503 5.29818,
	4.40114 5.29971,
	4.4042 5.30124,
	4.41031 5.29818,
	4.43476 5.29665,
	4.45921 5.29818,
	4.47144 5.29818,
	4.49589 5.30429,
	4.54479 5.30277,
	4.59369 5.30582,
	4.61814 5.30888,
	4.64259 5.30735,
	4.6915 5.28596,
	4.71595 5.28443,
	4.72206 5.28443,
	4.77096 5.30124,
	4.78319 5.30277,
	4.80764 5.31346,
	4.85348 5.35778,
	4.87641 5.3807,
	4.88099 5.39293,
	4.87946 5.41738,
	4.87488 5.4296,
	4.86418 5.44183,
	4.86112 5.44489,
	4.83667 5.44336,
	4.82445 5.43725,
	4.77555 5.42655,
	4.75109 5.42502,
	4.73887 5.42196,
	4.71442 5.42196,
	4.68997 5.42655,
	4.67774 5.43113,
	4.65329 5.43266,
	4.62884 5.43113,
	4.60439 5.43266,
	4.59216 5.43266,
	4.56771 5.4403,
	4.55549 5.44489,
	4.54938 5.44947,
	4.50047 5.451,
	4.45157 5.44641,
	4.43935 5.44336,
	4.4149 5.43266,
	4.40878 5.4296,
	4.35988 5.43419,
	4.34766 5.43725,
	4.29876 5.43877,
	4.2743 5.4403,
	4.26208 5.44183,
	4.23763 5.45253,
	4.2254 5.4617,
	4.18873 5.5106,
	4.1765 5.53505,
	4.16886 5.54727,
	4.15816 5.5595,
	4.13371 5.57478,
	4.10926 5.58701,
	4.08481 5.60382,
	4.07564 5.61604,
	4.05119 5.63285,
	4.02674 5.64355,
	4.00229 5.64966,
	3.99006 5.65272,
	3.94116 5.67564,
	3.91671 5.68175,
	3.89226 5.68328,
	3.86781 5.68787,
	3.84336 5.68939,
	3.81891 5.69398,
	3.77001 5.69703,
	3.72111 5.69398,
	3.69665 5.69245,
	3.68443 5.69245,
	3.65998 5.69703,
	3.56217 5.70468,
	3.53772 5.7062,
	3.48882 5.72301,
	3.46437 5.72913,
	3.41547 5.73371,
	3.39102 5.73524,
	3.36657 5.73982,
	3.31767 5.7383,
	3.29322 5.73677,
	3.26877 5.72913,
	3.24431 5.71384,
	3.21986 5.70315,
	3.17096 5.68787,
	3.14651 5.68022,
	3.13429 5.67717,
	3.12206 5.67106,
	3.10984 5.66189,
	3.10219 5.65119,
	3.09761 5.63896,
	3.09608 5.62827,
	"/>
</Transform>

<Transform dim="0"
 xcoef=" 0 1 0 0 0 0"
 ycoef=" 0 0 1 0 0 0">
<Contour name="d01ax10" hidden="false" closed="true" simplified="true" border="0 1 1" fill="0 1 1" mode="-11"
 points="3.78725 5.7364,
	3.79602 5.71302,
	3.80625 5.70279,
	3.81209 5.69841,
	3.9056 5.6838,
	3.92898 5.67941,
	3.94067 5.67503,
	3.96405 5.65604,
	3.98743 5.64581,
	3.99911 5.64142,
	4.04587 5.63558,
	4.06925 5.63412,
	4.09263 5.62681,
	4.116 5.62389,
	4.13938 5.62681,
	4.18614 5.63996,
	4.20952 5.64873,
	4.2329 5.66042,
	4.24458 5.66919,
	4.25627 5.68088,
	4.27088 5.70425,
	4.29426 5.72471,
	4.30303 5.7364,
	4.31034 5.75978,
	4.30887 5.78315,
	4.30741 5.79484,
	4.29426 5.81822,
	4.27235 5.8416,
	4.24897 5.86059,
	4.22559 5.87521,
	4.2139 5.88251,
	4.19052 5.89128,
	4.16714 5.89274,
	4.14377 5.88689,
	4.09701 5.88543,
	4.07363 5.88543,
	4.06194 5.88543,
	4.01519 5.87667,
	3.96843 5.87813,
	3.92167 5.87521,
	3.8983 5.86498,
	3.89537 5.86498,
	3.89245 5.86206,
	3.88076 5.86206,
	3.85738 5.86644,
	3.83401 5.8679,
	3.82232 5.86352,
	3.81209 5.85329,
	3.80478 5.8416,
	3.8004 5.81822,
	3.8004 5.80653,
	3.80332 5.79484,
	3.80332 5.79192,
	3.79456 5.78023,
	3.78871 5.76854,
	3.78725 5.74517,
	3.78725 5.73932,
	3.78725 5.73786,
	"/>
</Transform>

<Transform dim="0"
 xcoef=" 0 1 0 0 0 0"
 ycoef=" 0 0 1 0 0 0">
<Contour name="d04ax12" hidden="false" closed="true" simplified="true" border="0 1 1" fill="0 1 1" mode="-11"
 points="4.10769 5.58925,
	4.1166 5.57886,
	4.15965 5.53284,
	4.17301 5.50909,
	4.17301 5.50315,
	4.18637 5.48088,
	4.21013 5.46158,
	4.23388 5.45416,
	4.24575 5.44971,
	4.29326 5.4408,
	4.34076 5.43932,
	4.36452 5.4408,
	4.37639 5.4408,
	4.4239 5.44822,
	4.44765 5.45565,
	4.45953 5.4601,
	4.4714 5.46752,
	4.47734 5.47049,
	4.48773 5.48237,
	4.49516 5.49424,
	4.49516 5.518,
	4.49219 5.54175,
	4.4907 5.55362,
	4.48031 5.57738,
	4.4432 5.62488,
	4.43429 5.63676,
	4.42984 5.64863,
	4.42835 5.67239,
	4.4239 5.68426,
	4.41351 5.69614,
	4.40757 5.70208,
	4.39569 5.70802,
	4.37194 5.71395,
	4.32443 5.71544,
	4.30068 5.71544,
	4.28881 5.71544,
	4.27693 5.71098,
	4.25318 5.68872,
	4.22942 5.67239,
	4.21755 5.66348,
	4.20567 5.65903,
	4.19973 5.65606,
	4.1938 5.65606,
	4.17004 5.64567,
	4.12254 5.61301,
	4.11808 5.60707,
	4.11215 5.60558,
	4.10769 5.60113,
	4.10769 5.59074,
	"/>
</Transform>

<Transform dim="0"
 xcoef=" 0 1 0 0 0 0"
 ycoef=" 0 0 1 0 0 0">
<Contour name="d01ax10ssvr" hidden="false" closed="true" simplified="false" border="0 1 0" fill="0 0 0.502" mode="11"
 points="3.87786 5.75295,
	3.87031 5.74541,
	3.87786 5.73786,
	3.8854 5.74541,
	"/>
<Contour name="d01ax10ssvr" hidden="false" closed="true" simplified="false" border="0 1 0" fill="0 0 0.502" mode="11"
 points="3.91988 5.83052,
	3.91233 5.82298,
	3.91988 5.81544,
	3.92742 5.82298,
	"/>
</Transform>

<Transform dim="0"
 xcoef=" 0 1 0 0 0 0"
 ycoef=" 0 0 1 0 0 0">
<Contour name="d01ax13ssvr" hidden="false" closed="true" simplified="false" border="0 1 0" fill="0 0 0.502" mode="11"
 points="3.27236 5.50614,
	3.26265 5.49643,
	3.27236 5.48672,
	3.28207 5.49643,
	"/>
<Contour name="d01ax13ssvr" hidden="false" closed="true" simplified="false" border="0 1 0" fill="0 0 0.502" mode="11"
 points="3.28762 5.47006,
	3.27791 5.46035,
	3.28762 5.45064,
	3.29734 5.46035,
	"/>
<Contour name="d01ax13ssvr" hidden="false" closed="true" simplified="false" border="0 1 0" fill="0 0 0.502" mode="11"
 points="3.34313 5.47006,
	3.33342 5.46035,
	3.34313 5.45064,
	3.35284 5.46035,
	"/>
<Contour name="d01ax13ssvr" hidden="false" closed="true" simplified="false" border="0 1 0" fill="0 0 0.502" mode="11"
 points="3.38059 5.43399,
	3.37088 5.42427,
	3.38059 5.41456,
	3.39031 5.42427,
	"/>
<Contour name="d01ax13ssvr" hidden="false" closed="true" simplified="false" border="0 1 0" fill="0 0 0.502" mode="11"
 points="3.33342 5.42566,
	3.3237 5.41595,
	3.33342 5.40623,
	3.34313 5.41595,
	"/>
<Contour name="d01ax13ssvr" hidden="false" closed="true" simplified="false" border="0 1 0" fill="0 0 0.502" mode="11"
 points="3.35562 5.38403,
	3.3459 5.37432,
	3.35562 5.36461,
	3.36533 5.37432,
	"/>
<Contour name="d01ax13ssvr" hidden="false" closed="true" simplified="false" border="0 1 0" fill="0 0 0.502" mode="11"
 points="3.34729 5.51863,
	3.33758 5.50892,
	3.34729 5.4992,
	3.35701 5.50892,
	"/>
<Contour name="d01ax13ssvr" hidden="false" closed="true" simplified="false" border="0 1 0" fill="0 0 0.502" mode="11"
 points="3.31121 5.54222,
	3.3015 5.53251,
	3.31121 5.52279,
	3.32093 5.53251,
	"/>
<Contour name="d01ax13ssvr" hidden="false" closed="true" simplified="false" border="0 1 0" fill="0 0 0.502" mode="11"
 points="3.3459 5.56442,
	3.33619 5.55471,
	3.3459 5.545,
	3.35562 5.55471,
	"/>
<Contour name="d01ax13ssvr" hidden="false" closed="true" simplified="false" border="0 1 0" fill="0 0 0.502" mode="11"
 points="3.29317 5.59079,
	3.28346 5.58107,
	3.29317 5.57136,
	3.30289 5.58107,
	"/>
<Contour name="d01ax13ssvr" hidden="false" closed="true" simplified="false" border="0 1 0" fill="0 0 0.502" mode="11"
 points="3.22379 5.59356,
	3.21408 5.58385,
	3.22379 5.57414,
	3.23351 5.58385,
	"/>
<Contour name="d01ax13ssvr" hidden="false" closed="true" simplified="false" border="0 1 0" fill="0 0 0.502" mode="11"
 points="3.25571 5.64768,
	3.246 5.63797,
	3.25571 5.62825,
	3.26542 5.63797,
	"/>
<Contour name="d01ax13ssvr" hidden="false" closed="true" simplified="false" border="0 1 0" fill="0 0 0.502" mode="11"
 points="3.30705 5.65878,
	3.29734 5.64907,
	3.30705 5.63935,
	3.31676 5.64907,
	"/>
<Contour name="d01ax13ssvr" hidden="false" closed="true" simplified="false" border="0 1 0" fill="0 0 0.502" mode="11"
 points="3.31399 5.7018,
	3.30428 5.69208,
	3.31399 5.68237,
	3.3237 5.69208,
	"/>
<Contour name="d01ax13ssvr" hidden="false" closed="true" simplified="false" border="0 1 0" fill="0 0 0.502" mode="11"
 points="3.38476 5.67266,
	3.37504 5.66294,
	3.38476 5.65323,
	3.39447 5.66294,
	"/>
<Contour name="d01ax13ssvr" hidden="false" closed="true" simplified="false" border="0 1 0" fill="0 0 0.502" mode="11"
 points="3.35978 5.62687,
	3.35007 5.61715,
	3.35978 5.60744,
	3.36949 5.61715,
	"/>
<Contour name="d01ax13ssvr" hidden="false" closed="true" simplified="false" border="0 1 0" fill="0 0 0.502" mode="11"
 points="3.41806 5.61715,
	3.40835 5.60744,
	3.41806 5.59773,
	3.42777 5.60744,
	"/>
<Contour name="d01ax13ssvr" hidden="false" closed="true" simplified="false" border="0 1 0" fill="0 0 0.502" mode="11"
 points="3.4694 5.63242,
	3.45969 5.6227,
	3.4694 5.61299,
	3.47911 5.6227,
	"/>
<Contour name="d01ax13ssvr" hidden="false" closed="true" simplified="false" border="0 1 0" fill="0 0 0.502" mode="11"
 points="3.45414 5.68098,
	3.44442 5.67127,
	3.45414 5.66156,
	3.46385 5.67127,
	"/>
<Contour name="d01ax13ssvr" hidden="false" closed="true" simplified="false" border="0 1 0" fill="0 0 0.502" mode="11"
 points="3.41528 5.70735,
	3.40557 5.69763,
	3.41528 5.68792,
	3.425 5.69763,
	"/>
<Contour name="d01ax13ssvr" hidden="false" closed="true" simplified="false" border="0 1 0" fill="0 0 0.502" mode="11"
 points="3.36672 5.54083,
	3.35701 5.53112,
	3.36672 5.52141,
	3.37643 5.53112,
	"/>
</Transform>

<Transform dim="0"
 xcoef=" 0 1 0 0 0 0"
 ycoef=" 0 0 1 0 0 0">
<Contour name="d10ax14" hidden="false" closed="true" simplified="true" border="0 1 1" fill="0 1 1" mode="-11"
 points="7.04393 6.39221,
	7.04653 6.38528,
	7.06039 6.37142,
	7.08812 6.35496,
	7.10198 6.35322,
	7.11584 6.34976,
	7.11931 6.34976,
	7.13317 6.34283,
	7.1609 6.32376,
	7.17476 6.3203,
	7.20249 6.31856,
	7.20942 6.3177,
	7.21635 6.31943,
	7.22328 6.31943,
	7.23022 6.3177,
	7.25794 6.3177,
	7.28567 6.3255,
	7.29953 6.32896,
	7.30647 6.33069,
	7.30993 6.33329,
	7.3108 6.33416,
	7.32033 6.34716,
	7.32379 6.35409,
	7.32726 6.36795,
	7.32726 6.38182,
	7.32553 6.39568,
	7.32466 6.39828,
	7.3186 6.40521,
	7.30473 6.41474,
	7.29174 6.42687,
	7.27787 6.4364,
	7.25101 6.44767,
	7.22328 6.46066,
	7.19556 6.47193,
	7.18863 6.47626,
	7.1609 6.48666,
	7.15397 6.48926,
	7.1401 6.49099,
	7.12624 6.49099,
	7.11931 6.49186,
	7.11238 6.49099,
	7.10891 6.49099,
	7.10718 6.49186,
	7.10371 6.49012,
	7.10025 6.49012,
	7.09678 6.48752,
	7.09245 6.48059,
	7.08812 6.46673,
	7.08292 6.4598,
	7.06905 6.44853,
	7.05692 6.43467,
	7.05086 6.42774,
	7.04479 6.41388,
	7.04393 6.40001,
	7.04393 6.39308,
	"/>
</Transform>

</Section>