<?xml version="1.0"?>
<!DOCTYPE Section SYSTEM "section.dtd">

<Section index="171" thickness="0.0471499" alignLocked="true">
<Transform dim="6"
 xcoef=" 2.79882648484008 0.891880315851322 -0.205399021142291 0 0 0"
 ycoef=" 0.554741763695321 0.0932211779964493 1.05448070220458 0 0 0">
<Image mag="0.00217549" contrast="1.155" brightness="0.015" red="true" green="true" blue="true"
 src="JYBWM.189.jpg" />
<Contour name="domain1" hidden="false" closed="true" simplified="false" border="1 0 1" fill="1 0 1" mode="11"
 points="0 0,
	4083 0,
	4083 4083,
	0 4083,
	"/>
</Transform>

<Transform dim="0"
 xcoef=" 0 1 0 0 0 0"
 ycoef=" 0 0 1 0 0 0">
<Contour name="mito8" hidden="false" closed="false" simplified="true" border="1 0.5 0" fill="1 0.5 0" mode="13"
 points="5.8061 2.21028,
	5.91998 2.44427,
	"/>
</Transform>

<Transform dim="0"
 xcoef=" 0 1 0 0 0 0"
 ycoef=" 0 0 1 0 0 0">
<Contour name="d09" hidden="false" closed="true" simplified="true" border="0 1 0" fill="0 1 0" mode="-11"
 points="5.82931 4.46078,
	5.83453 4.45033,
	5.83976 4.44511,
	5.84498 4.42422,
	5.8502 4.41377,
	5.84759 4.39288,
	5.84237 4.38243,
	5.84237 4.36154,
	5.84498 4.35109,
	5.85543 4.34064,
	5.86065 4.34064,
	5.87893 4.32236,
	5.89199 4.30147,
	5.88938 4.25968,
	5.89199 4.23879,
	5.89983 4.22834,
	5.90766 4.20745,
	5.91288 4.20745,
	5.91811 4.20222,
	5.95989 4.18916,
	5.98079 4.18394,
	5.99123 4.17872,
	6.01213 4.1761,
	6.02258 4.1761,
	6.04347 4.16827,
	6.06436 4.16566,
	6.10615 4.1526,
	6.12704 4.14999,
	6.13749 4.1526,
	6.17928 4.13954,
	6.20017 4.13171,
	6.21062 4.12909,
	6.21323 4.12387,
	6.23412 4.11865,
	6.23935 4.11342,
	6.28113 4.10037,
	6.30203 4.09775,
	6.34381 4.0847,
	6.3856 4.08731,
	6.46918 4.11342,
	6.49007 4.11865,
	6.51096 4.13171,
	6.55275 4.13693,
	6.59454 4.13693,
	6.61543 4.13954,
	6.62588 4.13954,
	6.70945 4.16827,
	6.7199 4.17088,
	6.74079 4.18394,
	6.76169 4.20222,
	6.77736 4.22312,
	6.79564 4.2649,
	6.82437 4.30669,
	6.83742 4.32758,
	6.84526 4.33542,
	6.84787 4.34587,
	6.85571 4.35631,
	6.86354 4.37721,
	6.86615 4.3981,
	6.86615 4.40855,
	6.85048 4.42683,
	6.85048 4.43205,
	6.84265 4.4425,
	6.82175 4.45556,
	6.81653 4.45556,
	6.77474 4.48429,
	6.74602 4.52346,
	6.73296 4.54435,
	6.72512 4.5548,
	6.72512 4.56002,
	6.68595 4.59659,
	6.65199 4.63315,
	6.57625 4.69322,
	6.5423 4.72978,
	6.52141 4.74807,
	6.48223 4.77418,
	6.47701 4.77941,
	6.47179 4.77941,
	6.43522 4.80291,
	6.41694 4.81858,
	6.37515 4.83948,
	6.33598 4.85515,
	6.32553 4.86298,
	6.30464 4.8682,
	6.22106 4.86559,
	6.20017 4.85776,
	6.18972 4.85515,
	6.15316 4.82119,
	6.14794 4.81075,
	6.12965 4.79247,
	6.08787 4.76635,
	6.04608 4.76374,
	6.02519 4.76374,
	6.00429 4.7559,
	5.99385 4.75329,
	5.98862 4.74807,
	5.94684 4.73501,
	5.90505 4.72717,
	5.8946 4.72456,
	5.88938 4.72456,
	5.88416 4.71934,
	5.87371 4.71673,
	5.85281 4.70367,
	5.83453 4.68539,
	5.83192 4.6436,
	5.83192 4.63315,
	5.84498 4.61487,
	5.86326 4.59659,
	5.88416 4.58353,
	5.8946 4.57569,
	5.89721 4.57047,
	5.8946 4.56002,
	5.86065 4.52607,
	5.84498 4.50779,
	5.84237 4.49734,
	5.83453 4.48951,
	5.82931 4.46861,
	5.82931 4.46339,
	"/>
</Transform>

<Transform dim="0"
 xcoef=" 0 1 0 0 0 0"
 ycoef=" 0 0 1 0 0 0">
<Contour name="d09" hidden="false" closed="true" simplified="true" border="0 1 0" fill="0 1 0" mode="-11"
 points="6.97323 3.65377,
	6.97846 3.63287,
	6.99151 3.61198,
	6.99674 3.60153,
	7.01763 3.58586,
	7.02808 3.57803,
	7.06987 3.57019,
	7.15344 3.56236,
	7.17433 3.56236,
	7.19523 3.55713,
	7.20567 3.55974,
	7.20829 3.55452,
	7.22918 3.56497,
	7.23701 3.57541,
	7.23701 3.58064,
	7.25268 3.60153,
	7.26052 3.62242,
	7.27097 3.706,
	7.28141 3.72167,
	7.28925 3.73212,
	7.30753 3.74517,
	7.33887 3.78435,
	7.34409 3.7948,
	7.34409 3.80002,
	7.34932 3.80524,
	7.34671 3.82614,
	7.34148 3.83658,
	7.32059 3.84964,
	7.31537 3.85487,
	7.27358 3.87054,
	7.25268 3.87315,
	7.2109 3.86531,
	7.12732 3.82614,
	7.11688 3.8183,
	7.10643 3.81569,
	7.09598 3.80786,
	7.09076 3.80786,
	7.08554 3.80263,
	7.08031 3.80263,
	7.04375 3.7739,
	7.02808 3.75562,
	7.01241 3.74256,
	6.98629 3.70339,
	6.97584 3.68249,
	6.97323 3.6616,
	6.97323 3.65638,
	"/>
</Transform>

<Transform dim="0"
 xcoef=" 0 1 0 0 0 0"
 ycoef=" 0 0 1 0 0 0">
<Contour name="d09p47" hidden="false" closed="true" simplified="false" border="1 0 1" fill="1 0 1" mode="-9"
 points="5.91437 4.65782,
	5.91437 4.64222,
	5.92997 4.62661,
	5.94558 4.62661,
	5.96118 4.64222,
	5.96118 4.65782,
	5.94558 4.67343,
	5.92997 4.67343,
	"/>
</Transform>

<Transform dim="0"
 xcoef=" 0 1 0 0 0 0"
 ycoef=" 0 0 1 0 0 0">
<Contour name="d09c48" hidden="false" closed="true" simplified="true" border="0 0.502 1" fill="0 0.502 1" mode="-9"
 points="7.24624 3.62793,
	7.25008 3.59716,
	7.25201 3.58178,
	7.26547 3.57217,
	7.26931 3.56833,
	7.28469 3.56833,
	7.29238 3.57025,
	7.29623 3.57025,
	7.30584 3.60101,
	7.31161 3.63177,
	7.31353 3.66253,
	7.31545 3.67791,
	7.32891 3.70868,
	7.3366 3.72406,
	7.34814 3.73751,
	7.3539 3.75289,
	7.35583 3.76059,
	7.35006 3.77597,
	7.33468 3.78173,
	7.3193 3.77789,
	7.31161 3.77212,
	7.30199 3.75674,
	7.28854 3.74136,
	7.28085 3.73367,
	7.27508 3.72982,
	7.26162 3.71444,
	7.2597 3.69906,
	7.26354 3.69137,
	7.25393 3.66061,
	7.24816 3.64523,
	7.24624 3.62985,
	"/>
<Contour name="d09cfa48" hidden="false" closed="false" simplified="false" border="0 1 1" fill="0 1 1" mode="9"
 points="7.34144 3.77641,
	7.3299 3.76679,
	7.3126 3.74565,
	7.29722 3.73411,
	7.27992 3.71488,
	7.2703 3.68797,
	7.26454 3.65336,
	7.25877 3.62068,
	7.24915 3.59376,
	"/>
</Transform>

<Transform dim="0"
 xcoef=" 0 1 0 0 0 0"
 ycoef=" 0 0 1 0 0 0">
<Contour name="d01" hidden="false" closed="true" simplified="true" border="1 1 0" fill="1 0.5 0" mode="11"
 points="2.32818 4.54478,
	2.33376 4.5299,
	2.33562 4.52247,
	2.34119 4.51689,
	2.37095 4.50759,
	2.3914 4.47784,
	2.39698 4.47226,
	2.42673 4.4797,
	2.44161 4.48527,
	2.45649 4.49457,
	2.45835 4.50945,
	2.45649 4.52433,
	2.45649 4.53176,
	2.43231 4.59127,
	2.41744 4.62102,
	2.41 4.6359,
	2.38768 4.66565,
	2.38396 4.66937,
	2.36909 4.67309,
	2.36165 4.67495,
	2.34677 4.66937,
	2.33376 4.60987,
	2.32818 4.59499,
	2.32818 4.56524,
	2.32818 4.55036,
	2.32818 4.54664,
	"/>
<Contour name="d01" hidden="false" closed="true" simplified="true" border="1 1 0" fill="1 0.5 0" mode="11"
 points="1.21616 5.00967,
	1.23103 4.9948,
	1.23847 4.98736,
	1.23661 4.92785,
	1.23847 4.8981,
	1.25149 4.88322,
	1.27566 4.82372,
	1.29984 4.79396,
	1.32215 4.73446,
	1.33331 4.7047,
	1.34819 4.67495,
	1.36306 4.66007,
	1.37794 4.65078,
	1.38538 4.64706,
	1.41513 4.64706,
	1.43001 4.64706,
	1.45976 4.63404,
	1.47464 4.6266,
	1.48207 4.62102,
	1.48765 4.60615,
	1.49137 4.59871,
	1.48951 4.56896,
	1.49137 4.55408,
	1.52113 4.54478,
	1.55088 4.5392,
	1.58063 4.5392,
	1.61038 4.54292,
	1.64014 4.54106,
	1.66989 4.53362,
	1.68477 4.53176,
	1.71452 4.53734,
	1.77403 4.56524,
	1.80378 4.57639,
	1.81866 4.58197,
	1.83167 4.59685,
	1.83911 4.60429,
	1.85399 4.60801,
	1.86143 4.60987,
	1.86515 4.60987,
	1.8763 4.62474,
	1.88188 4.63218,
	1.91163 4.65078,
	1.92651 4.66007,
	1.93395 4.66379,
	1.99346 4.66379,
	2.00833 4.66379,
	2.02321 4.66751,
	2.0511 4.69541,
	2.05854 4.70284,
	2.06226 4.71772,
	2.06412 4.72516,
	2.03623 4.78466,
	2.01763 4.81442,
	2.01019 4.82929,
	2.00647 4.84417,
	1.99903 4.85905,
	1.96928 4.87206,
	1.94511 4.89996,
	1.93767 4.9074,
	1.90792 4.92041,
	1.84841 4.95574,
	1.7889 4.99666,
	1.77403 5.00781,
	1.74427 5.03757,
	1.68477 5.04872,
	1.65501 5.0543,
	1.64014 5.05802,
	1.63642 5.05802,
	1.62154 5.07104,
	1.6141 5.07662,
	1.5546 5.09521,
	1.53972 5.09707,
	1.48021 5.08963,
	1.45046 5.08406,
	1.42071 5.07476,
	1.40583 5.06732,
	1.39839 5.0636,
	1.36864 5.08034,
	1.33889 5.08034,
	1.30913 5.08406,
	1.24963 5.08406,
	1.23475 5.08406,
	1.22731 5.08034,
	1.22359 5.07848,
	1.21802 5.04872,
	1.21616 5.01897,
	1.21616 5.01153,
	"/>
</Transform>

<Transform dim="0"
 xcoef=" 0 1 0 0 0 0"
 ycoef=" 0 0 1 0 0 0">
<Contour name="d02" hidden="false" closed="true" simplified="true" border="0.502 0 1" fill="1 0.5 0" mode="11"
 points="3.00346 2.40276,
	3.00836 2.38315,
	3.01081 2.37334,
	3.04514 2.33411,
	3.05494 2.32921,
	3.06475 2.32921,
	3.07456 2.32431,
	3.10888 2.28753,
	3.1285 2.28017,
	3.14811 2.26791,
	3.17998 2.23114,
	3.21921 2.19926,
	3.29767 2.16004,
	3.37613 2.12571,
	3.39574 2.12326,
	3.43497 2.13061,
	3.45459 2.13797,
	3.4742 2.15023,
	3.51343 2.1821,
	3.55266 2.19681,
	3.57227 2.20662,
	3.6115 2.23604,
	3.61886 2.25566,
	3.62376 2.29488,
	3.63112 2.3145,
	3.64828 2.33411,
	3.65563 2.35373,
	3.65809 2.35863,
	3.63847 2.37579,
	3.62866 2.3807,
	3.55021 2.3807,
	3.5404 2.38315,
	3.52078 2.39786,
	3.48156 2.41993,
	3.44233 2.44935,
	3.4031 2.47141,
	3.38348 2.48613,
	3.30503 2.518,
	3.2658 2.53516,
	3.24618 2.54497,
	3.20695 2.54497,
	3.16773 2.53271,
	3.14811 2.53026,
	3.14321 2.54987,
	3.1334 2.55723,
	3.11379 2.55232,
	3.10398 2.54987,
	3.06475 2.52045,
	3.05249 2.50084,
	3.05004 2.48122,
	3.04514 2.47141,
	3.02552 2.45425,
	3.01571 2.44444,
	3.00346 2.40522,
	"/>
</Transform>

<Transform dim="0"
 xcoef=" 0 1 0 0 0 0"
 ycoef=" 0 0 1 0 0 0">
<Contour name="d03" hidden="false" closed="true" simplified="true" border="1 0 0.502" fill="1 0.5 0" mode="11"
 points="0.960817 3.93206,
	0.962403 3.91937,
	0.97033 3.90669,
	0.976672 3.90193,
	0.978258 3.89876,
	0.981429 3.89876,
	0.992527 3.88766,
	1.01472 3.87181,
	1.02582 3.86547,
	1.03692 3.85595,
	1.03851 3.84961,
	1.03375 3.82424,
	1.03375 3.81156,
	1.03851 3.79887,
	1.05753 3.77509,
	1.05753 3.77192,
	1.07656 3.75131,
	1.07814 3.73863,
	1.07814 3.73228,
	1.07814 3.72911,
	1.08924 3.72119,
	1.10193 3.71801,
	1.10827 3.71643,
	1.12888 3.69423,
	1.13839 3.68472,
	1.15108 3.67996,
	1.15742 3.67996,
	1.1812 3.66728,
	1.18596 3.66411,
	1.19072 3.65776,
	1.19547 3.64508,
	1.19706 3.63874,
	1.20816 3.62923,
	1.2145 3.62605,
	1.21767 3.62288,
	1.23035 3.61813,
	1.23352 3.61813,
	1.23987 3.61337,
	1.24304 3.61337,
	1.25255 3.60386,
	1.26206 3.59117,
	1.26841 3.58483,
	1.27158 3.58483,
	1.28268 3.57532,
	1.33341 3.5769,
	1.3461 3.58007,
	1.35878 3.58642,
	1.36512 3.59117,
	1.36512 3.59434,
	1.37622 3.60227,
	1.40159 3.60386,
	1.40793 3.60227,
	1.4111 3.5991,
	1.41744 3.59752,
	1.42061 3.59434,
	1.4333 3.59434,
	1.44598 3.5991,
	1.45232 3.5991,
	1.47769 3.60861,
	1.52843 3.61971,
	1.57917 3.63715,
	1.6299 3.63715,
	1.64259 3.63874,
	1.64893 3.64191,
	1.6521 3.64191,
	1.65527 3.64508,
	1.66795 3.64825,
	1.68857 3.66569,
	1.69332 3.67045,
	1.69649 3.67045,
	1.70125 3.67521,
	1.71393 3.67838,
	1.72028 3.68155,
	1.72662 3.68789,
	1.73296 3.70057,
	1.73613 3.70692,
	1.73613 3.7196,
	1.73613 3.72594,
	1.74089 3.73863,
	1.74089 3.7418,
	1.75674 3.76716,
	1.76467 3.77985,
	1.76625 3.78461,
	1.77577 3.7957,
	1.78845 3.80522,
	1.80114 3.80997,
	1.80748 3.81473,
	1.80748 3.8179,
	1.81699 3.82741,
	1.82016 3.82741,
	1.83285 3.83693,
	1.84553 3.83851,
	1.85187 3.84168,
	1.85821 3.84168,
	1.86456 3.84644,
	1.88992 3.84803,
	1.90261 3.85595,
	1.90736 3.8623,
	1.90736 3.86864,
	1.90419 3.87181,
	1.90736 3.88449,
	1.90895 3.89083,
	1.90736 3.90352,
	1.90261 3.90986,
	1.89944 3.91303,
	1.89944 3.9384,
	1.89785 3.94474,
	1.89785 3.94791,
	1.88517 3.95108,
	1.87248 3.95901,
	1.84712 3.96694,
	1.83443 3.97011,
	1.82809 3.9717,
	1.82175 3.97645,
	1.82175 3.97962,
	1.81858 3.98279,
	1.81858 4.03353,
	1.81541 4.04621,
	1.81699 4.07158,
	1.82175 4.08427,
	1.82175 4.09695,
	1.81699 4.10329,
	1.81699 4.12866,
	1.81382 4.15403,
	1.81223 4.16037,
	1.81223 4.16354,
	1.80431 4.17623,
	1.80114 4.18891,
	1.79955 4.21428,
	1.79955 4.22062,
	1.79162 4.2333,
	1.78528 4.23647,
	1.78211 4.23965,
	1.76943 4.2444,
	1.76308 4.24599,
	1.75991 4.24599,
	1.75833 4.24916,
	1.74564 4.25392,
	1.73296 4.26184,
	1.70759 4.26184,
	1.68222 4.25709,
	1.66954 4.25233,
	1.66637 4.24916,
	1.66003 4.24757,
	1.63466 4.2333,
	1.63149 4.23013,
	1.6188 4.22696,
	1.59343 4.22696,
	1.58075 4.22696,
	1.55538 4.23489,
	1.5427 4.23965,
	1.53001 4.24757,
	1.52684 4.24916,
	1.52684 4.25233,
	1.51733 4.26343,
	1.51099 4.26977,
	1.4983 4.2777,
	1.47294 4.28245,
	1.4222 4.28245,
	1.40952 4.28404,
	1.3889 4.30465,
	1.37622 4.31734,
	1.37305 4.32051,
	1.36988 4.32051,
	1.34768 4.34112,
	1.335 4.35063,
	1.31439 4.37441,
	1.30804 4.37917,
	1.30646 4.38234,
	1.30329 4.38234,
	1.29219 4.39185,
	1.28902 4.39185,
	1.2795 4.40295,
	1.2795 4.42832,
	1.27792 4.44101,
	1.26682 4.46637,
	1.26365 4.47272,
	1.25731 4.47747,
	1.24938 4.46637,
	1.24304 4.46162,
	1.23035 4.4632,
	1.22401 4.4632,
	1.2145 4.4521,
	1.2145 4.42674,
	1.2145 4.42039,
	1.2256 4.41088,
	1.22718 4.40454,
	1.21925 4.39344,
	1.20657 4.38234,
	1.20023 4.37758,
	1.19389 4.376,
	1.18913 4.36966,
	1.18596 4.36649,
	1.18596 4.36332,
	1.1812 4.35697,
	1.17169 4.33161,
	1.17169 4.32526,
	1.15425 4.2999,
	1.15108 4.28721,
	1.15108 4.27453,
	1.14791 4.26184,
	1.14791 4.2555,
	1.13839 4.23013,
	1.13364 4.21745,
	1.13205 4.21111,
	1.11144 4.18574,
	1.10351 4.17305,
	1.08449 4.15403,
	1.08132 4.14769,
	1.08132 4.14452,
	1.0718 4.13342,
	1.07022 4.13025,
	1.06388 4.12866,
	1.05278 4.11756,
	1.04643 4.11281,
	1.03375 4.10805,
	1.02741 4.10646,
	1.02424 4.10329,
	1.01155 4.09854,
	1.00045 4.09061,
	0.987771 4.07951,
	0.9846 4.07317,
	0.981429 4.07,
	0.983014 4.04463,
	0.995698 4.02085,
	1.00045 4.00816,
	0.998869 3.99548,
	0.995698 3.98914,
	0.995698 3.98279,
	0.990942 3.97804,
	0.9846 3.97645,
	0.981429 3.97328,
	0.978258 3.97328,
	0.965574 3.96377,
	0.962403 3.96218,
	0.960817 3.93681,
	0.960817 3.93364,
	"/>
</Transform>

<Transform dim="0"
 xcoef=" 0 1 0 0 0 0"
 ycoef=" 0 0 1 0 0 0">
<Contour name="d03" hidden="false" closed="true" simplified="true" border="1 0 0.502" fill="1 0.5 0" mode="11"
 points="-0.604109 4.24381,
	-0.571861 4.22017,
	-0.565412 4.21587,
	-0.548213 4.20082,
	-0.541763 4.19437,
	-0.524565 4.19007,
	-0.507366 4.17932,
	-0.505216 4.17502,
	-0.500916 4.17502,
	-0.483717 4.16212,
	-0.479418 4.15782,
	-0.462219 4.15567,
	-0.457919 4.15137,
	-0.423521 4.15137,
	-0.406323 4.15137,
	-0.389124 4.15567,
	-0.380524 4.15997,
	-0.346127 4.15997,
	-0.328928 4.15997,
	-0.29453 4.15352,
	-0.260132 4.15137,
	-0.225735 4.15567,
	-0.191337 4.16642,
	-0.182738 4.16857,
	-0.178438 4.16857,
	-0.161239 4.17932,
	-0.15264 4.18147,
	-0.118242 4.20727,
	-0.109643 4.21372,
	-0.105343 4.21372,
	-0.0881441 4.22447,
	-0.0709452 4.22661,
	-0.0537464 4.23306,
	-0.0214986 4.26101,
	-0.0193487 4.26531,
	-0.015049 4.26531,
	0 4.28036,
	0.00644957 4.29756,
	0.0107493 4.29971,
	0.0171988 4.33411,
	0.0193487 4.34271,
	0.0322478 4.35776,
	0.0322478 4.36206,
	0.0558962 4.3943,
	0.0644957 4.4115,
	0.0644957 4.4287,
	0.0644957 4.4373,
	0.0580461 4.44375,
	0.0580461 4.44805,
	0.0494467 4.45665,
	0.0408472 4.47385,
	0.0386974 4.50825,
	0.0386974 4.52544,
	0.030098 4.54264,
	0.015049 4.55339,
	0.00644957 4.55769,
	0.00214986 4.56199,
	0.00859942 4.57919,
	0.0128991 4.58349,
	0.0128991 4.58779,
	0.0193487 4.59424,
	0.0193487 4.62864,
	0.0171988 4.64584,
	0.00859942 4.65444,
	0 4.65874,
	-0.00214986 4.66304,
	-0.00644957 4.66304,
	-0.015049 4.66949,
	-0.0193487 4.66949,
	-0.0279481 4.67593,
	-0.045147 4.68238,
	-0.0623458 4.69313,
	-0.0967435 4.70388,
	-0.131141 4.70818,
	-0.139741 4.71033,
	-0.14404 4.71463,
	-0.178438 4.72753,
	-0.212836 4.75333,
	-0.230034 4.76623,
	-0.236484 4.77268,
	-0.247233 4.80493,
	-0.251533 4.82212,
	-0.251533 4.82642,
	-0.264432 4.84362,
	-0.29883 4.86942,
	-0.333228 4.88017,
	-0.341827 4.88232,
	-0.356876 4.89522,
	-0.367625 4.90597,
	-0.367625 4.91027,
	-0.371925 4.91457,
	-0.376225 4.93177,
	-0.382674 4.93822,
	-0.417072 4.94897,
	-0.421372 4.95327,
	-0.429971 4.95327,
	-0.464369 4.96617,
	-0.481568 4.97046,
	-0.498766 4.97046,
	-0.507366 4.96831,
	-0.513815 4.96187,
	-0.515965 4.95327,
	-0.507366 4.91887,
	-0.498766 4.90167,
	-0.485867 4.88662,
	-0.453619 4.86942,
	-0.436421 4.85652,
	-0.434271 4.85222,
	-0.429971 4.85222,
	-0.397723 4.81997,
	-0.395573 4.81138,
	-0.391274 4.80708,
	-0.384824 4.78988,
	-0.384824 4.78558,
	-0.380524 4.78128,
	-0.369775 4.74688,
	-0.365475 4.72968,
	-0.367625 4.69528,
	-0.378374 4.62649,
	-0.382674 4.60929,
	-0.386974 4.60069,
	-0.391274 4.59639,
	-0.391274 4.59209,
	-0.404173 4.57489,
	-0.404173 4.57059,
	-0.410622 4.56199,
	-0.417072 4.54479,
	-0.417072 4.5104,
	-0.417072 4.4932,
	-0.410622 4.476,
	-0.406323 4.4674,
	-0.404173 4.4502,
	-0.402023 4.4416,
	-0.406323 4.4244,
	-0.429971 4.39215,
	-0.462219 4.35991,
	-0.515965 4.30831,
	-0.531014 4.29756,
	-0.539614 4.29326,
	-0.556812 4.29111,
	-0.565412 4.28896,
	-0.574011 4.28251,
	-0.578311 4.28036,
	-0.578311 4.27606,
	-0.59121 4.26101,
	-0.59981 4.25456,
	-0.604109 4.25026,
	-0.604109 4.24596,
	"/>
</Transform>

<Transform dim="0"
 xcoef=" 0 1 0 0 0 0"
 ycoef=" 0 0 1 0 0 0">
<Contour name="d04" hidden="false" closed="true" simplified="true" border="1 0 0" fill="1 0.5 0" mode="11"
 points="1.45853 4.47713,
	1.46717 4.46201,
	1.47149 4.45336,
	1.48662 4.43824,
	1.4931 4.4296,
	1.49526 4.42527,
	1.49958 4.42527,
	1.51038 4.41447,
	1.52767 4.41447,
	1.56224 4.42527,
	1.57089 4.43176,
	1.58817 4.43176,
	1.59682 4.43176,
	1.63139 4.41879,
	1.64003 4.41663,
	1.64435 4.41231,
	1.67892 4.41231,
	1.7135 4.40583,
	1.72214 4.40583,
	1.72646 4.40583,
	1.73294 4.39718,
	1.7351 4.39286,
	1.73943 4.39502,
	1.75239 4.37774,
	1.75455 4.36909,
	1.75887 4.36477,
	1.75887 4.36045,
	1.77184 4.34533,
	1.77832 4.32804,
	1.77832 4.3194,
	1.76536 4.30643,
	1.76752 4.27186,
	1.77184 4.2697,
	1.77184 4.26538,
	1.78696 4.25457,
	1.79561 4.24809,
	1.80209 4.2308,
	1.80209 4.21352,
	1.80425 4.20487,
	1.81073 4.19839,
	1.81073 4.19407,
	1.8237 4.17895,
	1.82586 4.14437,
	1.83666 4.12925,
	1.83666 4.09467,
	1.8345 4.07739,
	1.83234 4.06875,
	1.82154 4.05146,
	1.8237 4.01689,
	1.83234 4.00824,
	1.83882 3.99096,
	1.84314 3.99096,
	1.85611 3.97799,
	1.85611 3.97367,
	1.86475 3.96935,
	1.86907 3.96503,
	1.88636 3.96287,
	1.895 3.96287,
	1.91013 3.95206,
	1.91013 3.94342,
	1.90365 3.92613,
	1.90797 3.91749,
	1.92525 3.90237,
	1.9339 3.89804,
	1.93822 3.89372,
	1.9555 3.88724,
	1.99008 3.88076,
	1.99872 3.88076,
	2.01601 3.87428,
	2.02465 3.86779,
	2.02465 3.85051,
	2.05706 3.8181,
	2.08947 3.79865,
	2.12405 3.78784,
	2.14133 3.78568,
	2.14349 3.7684,
	2.15214 3.75759,
	2.16942 3.75111,
	2.23857 3.74895,
	2.24721 3.74463,
	2.2645 3.74463,
	2.33364 3.72302,
	2.40279 3.72086,
	2.42007 3.72086,
	2.43736 3.72518,
	2.45464 3.73382,
	2.46329 3.74031,
	2.46545 3.74463,
	2.47409 3.74679,
	2.47625 3.75111,
	2.48489 3.75111,
	2.49354 3.75759,
	2.49786 3.76624,
	2.5065 3.77488,
	2.52379 3.78352,
	2.53891 3.79865,
	2.54324 3.80297,
	2.56052 3.80945,
	2.57349 3.82458,
	2.57997 3.83322,
	2.61238 3.85267,
	2.61454 3.86995,
	2.61238 3.88724,
	2.6059 3.90237,
	2.61022 3.91965,
	2.59942 3.93694,
	2.59942 3.95422,
	2.59942 3.96287,
	2.60806 3.98015,
	2.61238 3.9888,
	2.61238 4.00608,
	2.60374 4.02337,
	2.56917 4.05146,
	2.56052 4.05362,
	2.5454 4.06658,
	2.54108 4.06658,
	2.52811 4.07955,
	2.52811 4.08387,
	2.49354 4.099,
	2.47625 4.10548,
	2.46761 4.10548,
	2.45032 4.11412,
	2.44816 4.11844,
	2.44384 4.11844,
	2.43088 4.13573,
	2.42223 4.15085,
	2.40927 4.16382,
	2.40495 4.16382,
	2.37037 4.18327,
	2.36605 4.18327,
	2.35093 4.19623,
	2.34661 4.19623,
	2.33796 4.20271,
	2.33364 4.20271,
	2.32716 4.2092,
	2.32716 4.21352,
	2.29691 4.24161,
	2.29259 4.24161,
	2.2753 4.25241,
	2.24073 4.26322,
	2.22344 4.26754,
	2.2148 4.27402,
	2.21048 4.27402,
	2.20183 4.2805,
	2.16726 4.29347,
	2.14997 4.29995,
	2.14565 4.29995,
	2.13701 4.30643,
	2.11972 4.31291,
	2.11108 4.3194,
	2.07651 4.33236,
	2.06786 4.33884,
	1.99872 4.35397,
	1.98143 4.36045,
	1.97279 4.36477,
	1.96415 4.36477,
	1.94686 4.37558,
	1.92957 4.3799,
	1.92093 4.38422,
	1.90365 4.38422,
	1.86907 4.39502,
	1.85179 4.40583,
	1.8345 4.41231,
	1.83018 4.41663,
	1.82154 4.41663,
	1.78696 4.43176,
	1.76968 4.4404,
	1.74375 4.46849,
	1.74375 4.47281,
	1.71566 4.49874,
	1.70053 4.50738,
	1.68325 4.5117,
	1.6141 4.5117,
	1.59682 4.5117,
	1.56224 4.52035,
	1.54496 4.52467,
	1.52767 4.52467,
	1.51038 4.51819,
	1.4931 4.50522,
	1.47581 4.49658,
	1.46717 4.49442,
	1.45853 4.48794,
	1.45853 4.47929,
	"/>
</Transform>

<Transform dim="0"
 xcoef=" 0 1 0 0 0 0"
 ycoef=" 0 0 1 0 0 0">
<Contour name="d04" hidden="false" closed="true" simplified="true" border="1 0 0" fill="1 0.5 0" mode="11"
 points="2.02033 3.26061,
	2.04626 3.23036,
	2.05922 3.21524,
	2.05922 3.19795,
	2.0549 3.18931,
	2.03977 3.17418,
	2.03977 3.1569,
	2.04194 3.14825,
	2.05706 3.13745,
	2.07435 3.13313,
	2.08299 3.13313,
	2.10028 3.12016,
	2.1046 3.12016,
	2.11756 3.1072,
	2.11972 3.09856,
	2.1154 3.08127,
	2.09812 3.06831,
	2.08947 3.06614,
	2.07219 3.05102,
	2.07435 3.03373,
	2.08083 3.01645,
	2.09812 3.00348,
	2.11324 2.96891,
	2.12837 2.95378,
	2.14565 2.94298,
	2.16294 2.9365,
	2.19751 2.93434,
	2.23208 2.94514,
	2.23857 2.95162,
	2.24289 2.95162,
	2.25585 2.96459,
	2.2753 2.99484,
	2.27746 3.00348,
	2.28394 3.01212,
	2.2861 3.02077,
	2.29042 3.02509,
	2.29691 3.04238,
	2.31203 3.05318,
	2.38118 3.08127,
	2.41575 3.09423,
	2.43304 3.1072,
	2.446 3.12449,
	2.45464 3.13097,
	2.48922 3.14177,
	2.5065 3.14825,
	2.52379 3.15906,
	2.53027 3.16554,
	2.53459 3.16554,
	2.54324 3.17202,
	2.56052 3.17634,
	2.56917 3.1785,
	2.57349 3.1785,
	2.58213 3.18499,
	2.59726 3.2174,
	2.64479 3.28438,
	2.65127 3.30167,
	2.64911 3.33624,
	2.64695 3.35353,
	2.64263 3.36217,
	2.62535 3.3773,
	2.6167 3.3773,
	2.61238 3.38162,
	2.60374 3.38378,
	2.58645 3.39674,
	2.57997 3.40323,
	2.57565 3.40323,
	2.56052 3.41619,
	2.52595 3.41835,
	2.49354 3.43348,
	2.47625 3.44212,
	2.40711 3.44428,
	2.38982 3.45076,
	2.32068 3.44644,
	2.31635 3.44644,
	2.30771 3.4378,
	2.30123 3.42051,
	2.29907 3.41187,
	2.29907 3.40755,
	2.29475 3.40323,
	2.26017 3.39674,
	2.2256 3.39674,
	2.2148 3.38594,
	2.21264 3.36865,
	2.20183 3.35353,
	2.18671 3.34488,
	2.15646 3.31679,
	2.15214 3.31247,
	2.13485 3.31247,
	2.11756 3.30599,
	2.11324 3.30599,
	2.10892 3.30167,
	2.09163 3.30167,
	2.07867 3.31031,
	2.0441 3.30383,
	2.03545 3.29735,
	2.03329 3.29303,
	2.02897 3.29303,
	2.02249 3.28438,
	2.02033 3.2671,
	2.02033 3.26278,
	"/>
</Transform>

<Transform dim="0"
 xcoef=" 0 1 0 0 0 0"
 ycoef=" 0 0 1 0 0 0">
<Contour name="d04" hidden="false" closed="true" simplified="true" border="1 0 0" fill="1 0.5 0" mode="11"
 points="3.2671 3.47669,
	3.2779 3.46157,
	3.2779 3.45725,
	3.3384 3.40106,
	3.34488 3.39242,
	3.34921 3.39026,
	3.35137 3.35569,
	3.34921 3.3384,
	3.34921 3.32976,
	3.33192 3.29519,
	3.32544 3.2779,
	3.32544 3.26061,
	3.32976 3.24333,
	3.34488 3.2282,
	3.36217 3.22604,
	3.37081 3.2282,
	3.38594 3.24117,
	3.39242 3.24765,
	3.39674 3.24765,
	3.40971 3.26061,
	3.41835 3.27574,
	3.41835 3.29303,
	3.42483 3.31031,
	3.43564 3.32544,
	3.46805 3.34921,
	3.47669 3.35353,
	3.48101 3.35353,
	3.48317 3.35785,
	3.50046 3.36217,
	3.5091 3.36433,
	3.51775 3.37081,
	3.53503 3.3773,
	3.53935 3.3773,
	3.55664 3.3881,
	3.57393 3.39458,
	3.58257 3.39674,
	3.5977 3.40755,
	3.60634 3.41403,
	3.64091 3.42483,
	3.67548 3.42699,
	3.71006 3.41619,
	3.74463 3.41619,
	3.7792 3.42483,
	3.78784 3.42916,
	3.79217 3.42916,
	3.80081 3.43564,
	3.80513 3.43564,
	3.82242 3.44644,
	3.89156 3.4486,
	3.92613 3.44644,
	3.93478 3.44212,
	4.00392 3.43132,
	4.03849 3.42699,
	4.05578 3.42267,
	4.07307 3.42267,
	4.09035 3.42916,
	4.09467 3.42916,
	4.10548 3.44428,
	4.10548 3.4486,
	4.1098 3.45292,
	4.11628 3.4875,
	4.11628 3.49614,
	4.12709 3.50694,
	4.13141 3.50694,
	4.13789 3.51559,
	4.13789 3.55016,
	4.12493 3.56312,
	4.11628 3.56961,
	4.11196 3.56961,
	4.09684 3.58041,
	4.06226 3.59121,
	4.04498 3.5977,
	4.02769 3.5977,
	4.01905 3.5977,
	4.0104 3.60202,
	4.00176 3.60202,
	3.96719 3.61498,
	3.89804 3.62146,
	3.88076 3.62363,
	3.87211 3.62795,
	3.86347 3.62795,
	3.83106 3.64307,
	3.81377 3.65388,
	3.81377 3.6582,
	3.79865 3.67116,
	3.79001 3.67548,
	3.75543 3.67548,
	3.72086 3.67981,
	3.68629 3.69277,
	3.548 3.69061,
	3.51343 3.69061,
	3.47885 3.68629,
	3.46157 3.68629,
	3.39242 3.65604,
	3.35785 3.64307,
	3.33408 3.61066,
	3.30167 3.58257,
	3.28438 3.56744,
	3.27142 3.53287,
	3.2671 3.51559,
	3.2671 3.48101,
	3.2671 3.47885,
	"/>
</Transform>

<Transform dim="0"
 xcoef=" 0 1 0 0 0 0"
 ycoef=" 0 0 1 0 0 0">
<Contour name="d05" hidden="false" closed="true" simplified="true" border="1 0.502 0" fill="1 0.5 0" mode="11"
 points="3.42049 4.42353,
	3.42612 4.4085,
	3.43739 4.39536,
	3.44491 4.38784,
	3.46181 4.35967,
	3.47496 4.35027,
	3.48435 4.33713,
	3.48811 4.32961,
	3.48811 4.3221,
	3.4975 4.30707,
	3.51065 4.2958,
	3.52192 4.28078,
	3.52192 4.27702,
	3.55009 4.2526,
	3.55197 4.24884,
	3.58203 4.25072,
	3.61208 4.26763,
	3.62711 4.27514,
	3.65716 4.28078,
	3.67219 4.28641,
	3.70224 4.28829,
	3.7323 4.30332,
	3.75671 4.32398,
	3.76986 4.32961,
	3.77738 4.33149,
	3.78113 4.33525,
	3.77925 4.35027,
	3.77362 4.35591,
	3.77174 4.35967,
	3.75671 4.3653,
	3.75859 4.37282,
	3.76423 4.37845,
	3.76611 4.39348,
	3.76047 4.39911,
	3.74544 4.40287,
	3.71539 4.40475,
	3.70036 4.40663,
	3.68534 4.41226,
	3.67782 4.4179,
	3.67594 4.42165,
	3.67219 4.42165,
	3.65904 4.43292,
	3.62899 4.44983,
	3.60457 4.47049,
	3.60457 4.47425,
	3.60081 4.478,
	3.59518 4.49303,
	3.59142 4.50054,
	3.58766 4.50054,
	3.58203 4.50618,
	3.52192 4.5043,
	3.49187 4.5043,
	3.47684 4.50242,
	3.45242 4.48552,
	3.44679 4.45546,
	3.43176 4.44795,
	3.42612 4.44419,
	3.42049 4.43668,
	3.42049 4.42917,
	3.42049 4.42541,
	"/>
</Transform>

<Transform dim="0"
 xcoef=" 0 1 0 0 0 0"
 ycoef=" 0 0 1 0 0 0">
<Contour name="d05" hidden="false" closed="true" simplified="true" border="1 0.502 0" fill="1 0.5 0" mode="11"
 points="3.37998 3.97889,
	3.3854 3.97165,
	3.39988 3.9626,
	3.40531 3.95718,
	3.40531 3.94994,
	3.40712 3.94632,
	3.43607 3.94451,
	3.46502 3.93546,
	3.47949 3.92823,
	3.48673 3.92461,
	3.49397 3.91737,
	3.50482 3.88842,
	3.50663 3.87394,
	3.50844 3.86671,
	3.53739 3.8468,
	3.56634 3.8468,
	3.58082 3.84861,
	3.59529 3.86128,
	3.60072 3.86671,
	3.60072 3.88118,
	3.59529 3.89566,
	3.59349 3.92461,
	3.60796 3.93908,
	3.62244 3.94813,
	3.62786 3.95175,
	3.63148 3.95175,
	3.64596 3.9626,
	3.6532 3.96441,
	3.65681 3.96803,
	3.67129 3.96803,
	3.67853 3.96803,
	3.693 3.9807,
	3.69481 3.98794,
	3.69843 3.99156,
	3.70024 3.99879,
	3.71291 4.00965,
	3.71653 4.00965,
	3.74367 4.03679,
	3.75452 4.04946,
	3.78347 4.04946,
	3.79795 4.04946,
	3.81242 4.05488,
	3.81604 4.05488,
	3.82328 4.06031,
	3.83052 4.06212,
	3.83414 4.06574,
	3.83776 4.06574,
	3.8468 4.0766,
	3.8649 4.10555,
	3.87033 4.11098,
	3.87213 4.1146,
	3.90108 4.1146,
	3.91556 4.11098,
	3.92823 4.10193,
	3.93004 4.09831,
	3.95899 4.08926,
	3.97346 4.08745,
	3.98613 4.08203,
	4.01327 4.06393,
	4.02051 4.06031,
	4.02774 4.06031,
	4.04222 4.05488,
	4.04946 4.04946,
	4.05669 4.04765,
	4.06031 4.04403,
	4.06393 4.04403,
	4.0766 4.03498,
	4.08384 4.03136,
	4.08745 4.02774,
	4.09107 4.02774,
	4.10374 4.01689,
	4.10736 4.01689,
	4.1164 4.00422,
	4.12907 3.99156,
	4.14355 3.98251,
	4.14716 3.97889,
	4.15078 3.97889,
	4.16164 3.96441,
	4.16888 3.95899,
	4.18335 3.95718,
	4.19059 3.95175,
	4.19421 3.95175,
	4.22135 3.93365,
	4.23583 3.92461,
	4.24668 3.91556,
	4.25392 3.91013,
	4.28287 3.91194,
	4.29735 3.91375,
	4.30458 3.91375,
	4.31906 3.91918,
	4.34801 3.9228,
	4.37696 3.93184,
	4.38058 3.93184,
	4.3842 3.93546,
	4.39143 3.93546,
	4.40591 3.9427,
	4.41315 3.94632,
	4.42219 3.9608,
	4.42219 3.96803,
	4.42581 3.97527,
	4.42039 4.09107,
	4.41315 4.10555,
	4.40048 4.12002,
	4.38963 4.12726,
	4.37515 4.13631,
	4.36067 4.14174,
	4.35344 4.14536,
	4.34982 4.14536,
	4.34258 4.15078,
	4.32811 4.15621,
	4.2702 4.15621,
	4.25754 4.15802,
	4.2503 4.16164,
	4.23583 4.17612,
	4.22316 4.20507,
	4.21592 4.21954,
	4.2123 4.22678,
	4.2123 4.2304,
	4.19059 4.25392,
	4.17973 4.26659,
	4.16707 4.27563,
	4.15259 4.28106,
	4.14897 4.28106,
	4.14174 4.28649,
	4.13812 4.28649,
	4.13088 4.29192,
	4.1164 4.29735,
	4.10193 4.29915,
	4.09831 4.30277,
	4.09107 4.30277,
	4.0766 4.3082,
	4.06212 4.3082,
	4.05488 4.31363,
	4.04765 4.31363,
	3.98975 4.32991,
	3.9608 4.33896,
	3.93184 4.34077,
	3.90289 4.3462,
	3.87394 4.34439,
	3.86671 4.34439,
	3.85947 4.34077,
	3.84499 4.33896,
	3.83052 4.33353,
	3.82328 4.32811,
	3.82328 4.32449,
	3.79433 4.31544,
	3.78709 4.31363,
	3.77985 4.3082,
	3.77262 4.3082,
	3.75814 4.30277,
	3.72919 4.29735,
	3.71472 4.28468,
	3.70929 4.27744,
	3.70205 4.27382,
	3.64415 4.27201,
	3.62967 4.26839,
	3.62244 4.26478,
	3.6152 4.26478,
	3.60796 4.25935,
	3.60434 4.25935,
	3.57539 4.23763,
	3.54644 4.22135,
	3.53197 4.21049,
	3.52835 4.21049,
	3.51568 4.19783,
	3.50663 4.18335,
	3.49397 4.1725,
	3.49035 4.1725,
	3.47587 4.16164,
	3.47226 4.16164,
	3.45778 4.15259,
	3.4433 4.14716,
	3.42883 4.13812,
	3.41797 4.12726,
	3.41797 4.12364,
	3.41254 4.1164,
	3.40712 4.10193,
	3.39445 4.08926,
	3.3854 4.07479,
	3.38359 4.01689,
	3.37998 4.00241,
	3.37998 3.98794,
	3.37998 3.9807,
	"/>
</Transform>

<Transform dim="0"
 xcoef=" 0 1 0 0 0 0"
 ycoef=" 0 0 1 0 0 0">
<Contour name="d05" hidden="false" closed="true" simplified="true" border="1 0.502 0" fill="1 0.5 0" mode="11"
 points="4.27331 4.44719,
	4.2818 4.42457,
	4.2931 4.40195,
	4.29735 4.39064,
	4.29876 4.38499,
	4.31714 4.36661,
	4.31996 4.36661,
	4.32986 4.35813,
	4.34117 4.35389,
	4.34682 4.34965,
	4.34965 4.34965,
	4.36944 4.33693,
	4.38075 4.32844,
	4.38358 4.32844,
	4.39488 4.31996,
	4.40337 4.31148,
	4.41326 4.30583,
	4.41609 4.303,
	4.42174 4.30159,
	4.4274 4.29735,
	4.43022 4.29169,
	4.43588 4.28604,
	4.43871 4.28604,
	4.44436 4.2818,
	4.45001 4.2818,
	4.45991 4.27614,
	4.45567 4.27049,
	4.45284 4.26766,
	4.45284 4.26201,
	4.45991 4.2507,
	4.47122 4.24363,
	4.47687 4.24222,
	4.47829 4.23939,
	4.48111 4.23939,
	4.48677 4.23515,
	4.49808 4.23091,
	4.5009 4.23091,
	4.54473 4.20122,
	4.55038 4.19698,
	4.55321 4.19698,
	4.55886 4.19274,
	4.56452 4.19133,
	4.56734 4.1885,
	4.57017 4.1885,
	4.58148 4.18143,
	4.58713 4.1786,
	4.58855 4.17578,
	4.59137 4.17578,
	4.59703 4.17154,
	4.59986 4.17154,
	4.62247 4.1574,
	4.63237 4.15033,
	4.6776 4.13478,
	4.68891 4.13195,
	4.71153 4.13195,
	4.73415 4.1263,
	4.74546 4.12489,
	4.75677 4.1263,
	4.75818 4.13761,
	4.75959 4.14326,
	4.76525 4.1475,
	4.78786 4.14609,
	4.79352 4.14609,
	4.79635 4.14609,
	4.79917 4.15033,
	4.80483 4.15174,
	4.81614 4.14892,
	4.82179 4.14609,
	4.84441 4.1475,
	4.85572 4.15033,
	4.86137 4.15174,
	4.86703 4.15033,
	4.86985 4.15033,
	4.87975 4.13902,
	4.8854 4.13478,
	4.89671 4.13478,
	4.90802 4.13054,
	4.91933 4.12065,
	4.92781 4.10934,
	4.93064 4.10368,
	4.93064 4.10085,
	4.93488 4.0952,
	4.93912 4.08389,
	4.94195 4.07824,
	4.9476 4.074,
	4.97022 4.074,
	4.97587 4.07541,
	4.98718 4.07117,
	4.99284 4.07117,
	4.99566 4.07117,
	5.00132 4.08248,
	5.01263 4.08389,
	5.0197 4.0952,
	5.031 4.09944,
	5.03524 4.1051,
	5.03524 4.1164,
	5.03807 4.12206,
	5.03807 4.12771,
	5.04231 4.13337,
	5.04373 4.13902,
	5.05221 4.1475,
	5.05645 4.15316,
	5.05645 4.16447,
	5.05221 4.17012,
	5.05221 4.17295,
	5.04514 4.18284,
	5.0409 4.19415,
	5.03949 4.21677,
	5.03949 4.22808,
	5.03949 4.23373,
	5.03242 4.24504,
	5.0098 4.24787,
	5.00415 4.2507,
	5.00132 4.25211,
	5.00132 4.26342,
	5.00132 4.26907,
	5.01121 4.29028,
	5.01121 4.30159,
	5.00697 4.3242,
	5.0098 4.34682,
	5.00839 4.35813,
	5.00273 4.36944,
	5.01263 4.39064,
	5.0197 4.40195,
	5.031 4.41185,
	5.04797 4.42881,
	5.05928 4.43022,
	5.06917 4.43871,
	5.07341 4.44436,
	5.07341 4.44719,
	5.07765 4.45284,
	5.07765 4.4585,
	5.08048 4.46132,
	5.08189 4.46698,
	5.09038 4.47829,
	5.09179 4.48394,
	5.09462 4.48677,
	5.0932 4.49808,
	5.09038 4.50232,
	5.09038 4.50797,
	5.09038 4.5108,
	5.09462 4.51645,
	5.09462 4.51928,
	5.10168 4.53059,
	5.10168 4.5419,
	5.09886 4.54755,
	5.09886 4.55038,
	5.08896 4.55745,
	5.07765 4.56028,
	5.07341 4.5631,
	5.06493 4.58572,
	5.05645 4.5942,
	5.04514 4.59844,
	5.02252 4.60127,
	5.01404 4.60834,
	5.00556 4.61823,
	4.9999 4.62389,
	4.99708 4.62954,
	4.99849 4.6352,
	5.00132 4.63802,
	5.00697 4.63944,
	5.0098 4.64226,
	5.0098 4.64792,
	5.0098 4.65075,
	5.00556 4.65499,
	5.00415 4.6663,
	4.9999 4.6776,
	4.99708 4.68326,
	4.99708 4.68609,
	4.99284 4.69174,
	4.98577 4.71436,
	4.98294 4.72567,
	4.9787 4.73132,
	4.96739 4.73839,
	4.96456 4.73839,
	4.95326 4.74687,
	4.95043 4.74687,
	4.94619 4.75111,
	4.94336 4.75111,
	4.93771 4.75535,
	4.93488 4.75818,
	4.91226 4.75818,
	4.90095 4.75677,
	4.87834 4.74828,
	4.87268 4.74546,
	4.87127 4.74263,
	4.86844 4.74263,
	4.85713 4.73556,
	4.8119 4.73415,
	4.76666 4.74687,
	4.72708 4.77656,
	4.72284 4.77938,
	4.71294 4.78928,
	4.7087 4.79352,
	4.7087 4.79635,
	4.70022 4.80766,
	4.68891 4.81472,
	4.64368 4.81614,
	4.62106 4.81614,
	4.59844 4.82038,
	4.59279 4.8232,
	4.57017 4.82179,
	4.55886 4.81896,
	4.55321 4.81472,
	4.54755 4.81472,
	4.54473 4.8119,
	4.53342 4.80907,
	4.52776 4.80624,
	4.52211 4.80624,
	4.5009 4.79352,
	4.4896 4.78504,
	4.48394 4.78362,
	4.48111 4.7808,
	4.4585 4.77232,
	4.45284 4.7709,
	4.45001 4.76807,
	4.43871 4.76807,
	4.43305 4.76807,
	4.41326 4.75111,
	4.40337 4.74122,
	4.40195 4.72991,
	4.40478 4.7186,
	4.40478 4.70729,
	4.40337 4.70164,
	4.40054 4.69881,
	4.40054 4.69315,
	4.38782 4.67195,
	4.37933 4.66064,
	4.37792 4.65499,
	4.37509 4.65216,
	4.37509 4.6465,
	4.37085 4.6352,
	4.37085 4.63237,
	4.36803 4.63096,
	4.36378 4.61965,
	4.34965 4.59703,
	4.34541 4.59137,
	4.33975 4.58855,
	4.33693 4.58572,
	4.3341 4.58572,
	4.3242 4.57582,
	4.32562 4.55321,
	4.32703 4.54755,
	4.3242 4.54331,
	4.32138 4.54331,
	4.31714 4.53907,
	4.31431 4.53907,
	4.30865 4.53483,
	4.30583 4.53483,
	4.28886 4.51363,
	4.28604 4.5108,
	4.27897 4.48818,
	4.27473 4.47687,
	4.27331 4.45426,
	4.27331 4.4486,
	"/>
</Transform>

<Transform dim="0"
 xcoef=" 0 1 0 0 0 0"
 ycoef=" 0 0 1 0 0 0">
<Contour name="d07" hidden="false" closed="true" simplified="true" border="1 0 1" fill="1 0.5 0" mode="11"
 points="1.52019 1.39081,
	1.52962 1.38407,
	1.5404 1.38407,
	1.56197 1.38811,
	1.58353 1.3962,
	1.60509 1.39755,
	1.61587 1.40024,
	1.63744 1.40024,
	1.659 1.40294,
	1.70213 1.40024,
	1.72369 1.3962,
	1.73447 1.39351,
	1.73986 1.39351,
	1.74525 1.39081,
	1.76681 1.38811,
	1.80994 1.38677,
	1.8315 1.38138,
	1.84228 1.37733,
	1.85307 1.37599,
	1.86385 1.37868,
	1.88541 1.37599,
	1.89619 1.37329,
	1.90697 1.3679,
	1.91775 1.3652,
	1.92854 1.3652,
	1.93932 1.36251,
	1.9501 1.35712,
	1.95549 1.35308,
	1.96088 1.35308,
	1.97166 1.35981,
	1.9811 1.36925,
	2.00266 1.37464,
	2.01344 1.37733,
	2.03096 1.39755,
	2.04039 1.41911,
	2.05522 1.50536,
	2.06061 1.54849,
	2.06061 1.55927,
	2.06735 1.58083,
	2.07948 1.6024,
	2.097 1.62261,
	2.10778 1.63205,
	2.11856 1.63878,
	2.14012 1.64687,
	2.16169 1.65091,
	2.16708 1.65361,
	2.18594 1.67517,
	2.18594 1.68595,
	2.17651 1.69673,
	2.15495 1.70482,
	2.14956 1.70482,
	2.13878 1.70078,
	2.11721 1.70078,
	2.09565 1.69404,
	2.05252 1.66439,
	2.04174 1.65496,
	2.03096 1.65361,
	2.02153 1.64552,
	2.01344 1.63474,
	1.99188 1.62666,
	1.98244 1.61857,
	1.97975 1.61453,
	1.95953 1.6024,
	1.94875 1.60105,
	1.93797 1.59701,
	1.93258 1.59431,
	1.92584 1.58353,
	1.90563 1.56601,
	1.88406 1.55388,
	1.8625 1.54445,
	1.85711 1.54175,
	1.85172 1.54175,
	1.84094 1.53636,
	1.8315 1.52693,
	1.82072 1.52019,
	1.79916 1.51884,
	1.78838 1.5148,
	1.78164 1.50536,
	1.7722 1.49728,
	1.75064 1.49728,
	1.73986 1.49997,
	1.7183 1.49997,
	1.70752 1.49997,
	1.70213 1.49997,
	1.69134 1.50536,
	1.68056 1.50806,
	1.67517 1.51075,
	1.65361 1.50941,
	1.64283 1.50132,
	1.64013 1.49863,
	1.61857 1.49458,
	1.60779 1.49458,
	1.6024 1.49323,
	1.59162 1.48515,
	1.58488 1.47437,
	1.57949 1.46898,
	1.55792 1.45954,
	1.54714 1.4555,
	1.54175 1.4528,
	1.53232 1.44337,
	1.52962 1.44067,
	1.52962 1.43798,
	1.52693 1.43528,
	1.52558 1.41372,
	1.52558 1.40833,
	1.52019 1.39755,
	1.52019 1.39216,
	"/>
</Transform>

<Transform dim="0"
 xcoef=" 0 1 0 0 0 0"
 ycoef=" 0 0 1 0 0 0">
<Contour name="d07" hidden="false" closed="true" simplified="true" border="1 0 1" fill="1 0.5 0" mode="11"
 points="1.79646 2.04174,
	1.79916 2.03635,
	1.80455 2.03231,
	1.82611 2.02692,
	1.84768 2.01209,
	1.85846 2.00535,
	1.86924 2.00131,
	1.87328 1.99592,
	1.89484 1.98649,
	1.90563 1.98514,
	1.92719 1.97705,
	1.93662 1.96627,
	1.9474 1.96088,
	1.96897 1.96088,
	1.97975 1.96088,
	2.00131 1.9501,
	2.02153 1.93258,
	2.04174 1.91236,
	2.05118 1.90293,
	2.06196 1.88137,
	2.066 1.87059,
	2.07813 1.84902,
	2.097 1.83016,
	2.09969 1.82476,
	2.11047 1.82342,
	2.11586 1.82342,
	2.1253 1.81398,
	2.12934 1.80859,
	2.13069 1.79781,
	2.13204 1.79242,
	2.16573 1.75334,
	2.17112 1.74929,
	2.1819 1.7466,
	2.20346 1.74525,
	2.21425 1.7439,
	2.22503 1.73986,
	2.24659 1.73851,
	2.28972 1.73986,
	2.3005 1.73986,
	2.32206 1.7439,
	2.34362 1.74525,
	2.36519 1.75064,
	2.37597 1.75199,
	2.39753 1.75873,
	2.41909 1.76816,
	2.42448 1.7722,
	2.42718 1.7722,
	2.44874 1.78838,
	2.47031 1.80724,
	2.49187 1.81668,
	2.51343 1.81668,
	2.52421 1.81264,
	2.53499 1.81398,
	2.54578 1.82342,
	2.54847 1.82611,
	2.55386 1.82476,
	2.55656 1.82476,
	2.55925 1.82207,
	2.57003 1.82207,
	2.58082 1.82476,
	2.5916 1.83285,
	2.59429 1.83555,
	2.60507 1.8342,
	2.61046 1.8342,
	2.63203 1.84363,
	2.65359 1.85711,
	2.66437 1.86385,
	2.66976 1.86654,
	2.69133 1.86789,
	2.69672 1.86789,
	2.71828 1.88272,
	2.73984 1.89484,
	2.74523 1.89889,
	2.75601 1.90158,
	2.77758 1.91236,
	2.79914 1.92045,
	2.8207 1.93393,
	2.83148 1.93797,
	2.8517 1.95953,
	2.85709 1.96492,
	2.86383 1.97301,
	2.86787 1.9784,
	2.86652 1.98918,
	2.85574 1.99727,
	2.84496 2.00266,
	2.83957 2.00805,
	2.83553 2.01883,
	2.83553 2.04039,
	2.84227 2.08352,
	2.85709 2.10508,
	2.86787 2.11586,
	2.88809 2.13338,
	2.89483 2.14417,
	2.89483 2.15495,
	2.89078 2.16573,
	2.88 2.17516,
	2.85844 2.18594,
	2.85305 2.18729,
	2.84227 2.19403,
	2.83688 2.19673,
	2.83148 2.19673,
	2.82609 2.19942,
	2.8234 2.19942,
	2.81262 2.20616,
	2.80184 2.21559,
	2.79645 2.22098,
	2.77488 2.22503,
	2.7641 2.22637,
	2.74254 2.23311,
	2.72097 2.23581,
	2.69941 2.2412,
	2.67785 2.25063,
	2.66707 2.25468,
	2.6455 2.2695,
	2.63472 2.27624,
	2.61316 2.27759,
	2.60238 2.27893,
	2.58082 2.28702,
	2.55925 2.29106,
	2.54847 2.29241,
	2.52691 2.3005,
	2.51613 2.30454,
	2.50535 2.30589,
	2.49995 2.30589,
	2.48917 2.3005,
	2.46761 2.30858,
	2.44605 2.31128,
	2.43527 2.31263,
	2.42448 2.31802,
	2.41909 2.32206,
	2.40831 2.3261,
	2.38675 2.33823,
	2.36519 2.34632,
	2.3544 2.35171,
	2.33284 2.35575,
	2.32206 2.3598,
	2.31128 2.36653,
	2.3005 2.36788,
	2.29511 2.36249,
	2.28972 2.3598,
	2.26815 2.36653,
	2.25737 2.37192,
	2.25198 2.37192,
	2.2412 2.36788,
	2.23581 2.36519,
	2.22503 2.36653,
	2.22233 2.36653,
	2.21155 2.37327,
	2.16842 2.37866,
	2.14686 2.38001,
	2.13608 2.38136,
	2.1253 2.3854,
	2.1226 2.3854,
	2.10104 2.40427,
	2.09026 2.4137,
	2.0687 2.4137,
	2.04713 2.40562,
	2.02557 2.39484,
	2.00401 2.38675,
	1.98244 2.37192,
	1.97571 2.36114,
	1.97166 2.35036,
	1.97031 2.33958,
	1.97031 2.33419,
	1.96358 2.32341,
	1.95279 2.31397,
	1.9501 2.30858,
	1.94875 2.2978,
	1.94471 2.28702,
	1.94471 2.28163,
	1.9501 2.27624,
	1.95279 2.2722,
	1.94606 2.26141,
	1.93662 2.25063,
	1.92584 2.24929,
	1.92045 2.24389,
	1.91641 2.23311,
	1.90563 2.22368,
	1.89484 2.21964,
	1.85172 2.22637,
	1.84094 2.22772,
	1.83555 2.22772,
	1.83285 2.22772,
	1.82746 2.22233,
	1.81398 2.20212,
	1.81264 2.18055,
	1.80859 2.15899,
	1.80051 2.14821,
	1.79646 2.13743,
	1.79646 2.12665,
	1.80051 2.11586,
	1.80455 2.11047,
	1.80051 2.09969,
	1.79781 2.0943,
	1.79916 2.07274,
	1.79781 2.05118,
	1.79646 2.04578,
	1.79646 2.04309,
	"/>
</Transform>

<Transform dim="0"
 xcoef=" 0 1 0 0 0 0"
 ycoef=" 0 0 1 0 0 0">
<Contour name="d07" hidden="false" closed="true" simplified="true" border="1 0 1" fill="1 0.5 0" mode="11"
 points="1.71157 2.79426,
	1.71515 2.78711,
	1.72944 2.77461,
	1.7348 2.7621,
	1.73123 2.75674,
	1.72408 2.74959,
	1.72051 2.74602,
	1.71872 2.71743,
	1.72229 2.70314,
	1.73301 2.68885,
	1.73659 2.67456,
	1.73659 2.64597,
	1.73659 2.63882,
	1.74909 2.62453,
	1.75624 2.61024,
	1.75981 2.60666,
	1.7616 2.57808,
	1.76517 2.56379,
	1.76696 2.55664,
	1.77946 2.54235,
	1.79376 2.53163,
	1.82234 2.52091,
	1.85093 2.51376,
	1.87951 2.50304,
	1.89381 2.49947,
	1.92239 2.50125,
	1.93669 2.50304,
	1.94383 2.5084,
	1.94741 2.51555,
	1.97599 2.5352,
	2.00458 2.55843,
	2.01887 2.57272,
	2.04031 2.6013,
	2.04746 2.60845,
	2.05282 2.62274,
	2.05103 2.63704,
	2.05282 2.65133,
	2.05996 2.66562,
	2.05996 2.67992,
	2.05996 2.68706,
	2.05996 2.69064,
	2.04746 2.70493,
	2.04567 2.71207,
	2.04746 2.72637,
	2.04567 2.73351,
	2.03852 2.73887,
	2.03852 2.75317,
	2.02959 2.76746,
	2.0278 2.78175,
	2.01708 2.79426,
	1.9885 2.8157,
	1.9742 2.82463,
	1.95991 2.83714,
	1.93133 2.85322,
	1.91703 2.86036,
	1.88845 2.86751,
	1.85986 2.8818,
	1.83128 2.88538,
	1.82592 2.89252,
	1.79733 2.89252,
	1.78304 2.88716,
	1.77053 2.87466,
	1.74195 2.8693,
	1.72765 2.86036,
	1.71515 2.84607,
	1.71157 2.83892,
	1.71336 2.83178,
	1.72587 2.82106,
	1.72408 2.81391,
	1.71157 2.79962,
	1.71157 2.79605,
	"/>
</Transform>

<Transform dim="0"
 xcoef=" 0 1 0 0 0 0"
 ycoef=" 0 0 1 0 0 0">
<Contour name="d07" hidden="false" closed="true" simplified="true" border="1 0 1" fill="1 0.5 0" mode="11"
 points="2.72542 0.770072,
	2.73548 0.747085,
	2.75128 0.725534,
	2.76134 0.718351,
	2.78433 0.722661,
	2.80732 0.721224,
	2.81881 0.718351,
	2.8303 0.719788,
	2.83605 0.721224,
	2.84754 0.729845,
	2.85329 0.735591,
	2.85616 0.741338,
	2.86766 0.749958,
	2.89064 0.762889,
	2.91363 0.771509,
	2.91938 0.774382,
	2.928 0.785876,
	2.95099 0.804553,
	2.97254 0.82754,
	2.97828 0.830414,
	3.06305 0.906559,
	3.0846 0.928109,
	3.09466 0.939603,
	3.10184 0.951097,
	3.1119 0.974084,
	3.12052 0.985577,
	3.12052 0.991324,
	3.12483 1.00282,
	3.14638 1.02437,
	3.16649 1.04305,
	3.17511 1.05454,
	3.1866 1.06172,
	3.1981 1.06316,
	3.20384 1.06316,
	3.20959 1.06603,
	3.2139 1.07178,
	3.23689 1.07465,
	3.24838 1.0804,
	3.25988 1.08902,
	3.27137 1.10051,
	3.27999 1.11201,
	3.2843 1.1235,
	3.2843 1.12925,
	3.27424 1.1393,
	3.25126 1.15223,
	3.20528 1.16517,
	3.19379 1.17091,
	3.18229 1.17379,
	3.17655 1.17666,
	3.1708 1.17666,
	3.14781 1.18815,
	3.12483 1.19534,
	3.10184 1.19965,
	3.09035 1.20108,
	3.07885 1.20827,
	3.07311 1.21114,
	3.05012 1.2097,
	3.00414 1.19246,
	2.95817 1.17235,
	2.93518 1.16229,
	2.92369 1.16086,
	2.91794 1.15798,
	2.91507 1.15798,
	2.91219 1.15511,
	2.9007 1.1508,
	2.87771 1.13212,
	2.85473 1.11919,
	2.84467 1.1077,
	2.83461 1.08471,
	2.8303 1.07896,
	2.82887 1.05598,
	2.82599 1.04448,
	2.82456 1.03874,
	2.8145 1.02868,
	2.79151 1.02006,
	2.78002 1.01575,
	2.76852 1.00569,
	2.75272 0.982704,
	2.74841 0.959717,
	2.74841 0.93673,
	2.74841 0.925236,
	2.75272 0.902249,
	2.75272 0.890755,
	2.75128 0.885008,
	2.74266 0.873515,
	2.74123 0.862021,
	2.74266 0.856274,
	2.74554 0.853401,
	2.74123 0.807426,
	2.73548 0.795933,
	2.72686 0.784439,
	2.72542 0.772946,
	2.72542 0.771509,
	"/>
</Transform>

<Transform dim="0"
 xcoef=" 0 1 0 0 0 0"
 ycoef=" 0 0 1 0 0 0">
<Contour name="d08" hidden="false" closed="true" simplified="true" border="1 0 0" fill="1 0.5 0" mode="11"
 points="5.72311 2.61399,
	5.73497 2.61844,
	5.74682 2.61992,
	5.74831 2.60807,
	5.76016 2.60065,
	5.76609 2.60214,
	5.76906 2.6051,
	5.78092 2.59472,
	5.78685 2.5888,
	5.81056 2.5799,
	5.81353 2.57842,
	5.81353 2.57249,
	5.81056 2.56656,
	5.81056 2.5547,
	5.81056 2.55174,
	5.81501 2.54581,
	5.81649 2.54284,
	5.84021 2.54729,
	5.84317 2.54581,
	5.84614 2.52209,
	5.85207 2.51023,
	5.87134 2.48652,
	5.88319 2.47911,
	5.90691 2.46873,
	5.91877 2.46428,
	5.93063 2.4628,
	5.93656 2.4628,
	5.94841 2.45539,
	5.95138 2.44946,
	5.95138 2.4465,
	5.95731 2.44205,
	5.96917 2.43908,
	5.98103 2.43019,
	5.98547 2.42426,
	5.98547 2.4124,
	5.9914 2.40796,
	6.01512 2.40351,
	6.02698 2.40203,
	6.03291 2.39906,
	6.04476 2.39906,
	6.05069 2.39906,
	6.06255 2.40647,
	6.08627 2.40796,
	6.1337 2.40351,
	6.14556 2.39906,
	6.15742 2.39165,
	6.16335 2.3872,
	6.18706 2.3872,
	6.21078 2.39758,
	6.22264 2.40203,
	6.22857 2.40203,
	6.2345 2.40499,
	6.23746 2.40499,
	6.24043 2.40796,
	6.26414 2.40796,
	6.27007 2.40796,
	6.28193 2.41537,
	6.30565 2.41389,
	6.3175 2.41092,
	6.32936 2.41092,
	6.33529 2.4124,
	6.34715 2.42278,
	6.3516 2.43464,
	6.3516 2.44057,
	6.35753 2.45242,
	6.36049 2.45687,
	6.37235 2.4628,
	6.37531 2.46577,
	6.37383 2.47762,
	6.36642 2.48948,
	6.36346 2.49541,
	6.36494 2.50727,
	6.37235 2.51913,
	6.37828 2.52506,
	6.38421 2.52802,
	6.40348 2.55026,
	6.41534 2.54729,
	6.42719 2.55174,
	6.43757 2.56211,
	6.44202 2.56804,
	6.4435 2.57101,
	6.45536 2.56656,
	6.47907 2.56804,
	6.49093 2.5799,
	6.49834 2.59176,
	6.49983 2.61548,
	6.50131 2.62733,
	6.51317 2.63919,
	6.53095 2.66291,
	6.53392 2.66587,
	6.53244 2.67773,
	6.50872 2.69552,
	6.50427 2.70145,
	6.50427 2.71331,
	6.52058 2.76074,
	6.52947 2.78446,
	6.5354 2.80817,
	6.5354 2.82003,
	6.53244 2.82448,
	6.52651 2.82744,
	6.51465 2.8393,
	6.50724 2.85116,
	6.50131 2.87488,
	6.49834 2.88081,
	6.48649 2.87636,
	6.47611 2.88377,
	6.46277 2.90749,
	6.45832 2.91935,
	6.45832 2.94306,
	6.45832 2.95492,
	6.45684 2.96085,
	6.44498 2.97271,
	6.44053 2.99642,
	6.43757 3.00235,
	6.4183 3.02607,
	6.41237 3.03793,
	6.41089 3.06165,
	6.40644 3.0735,
	6.38273 3.08684,
	6.35753 3.13428,
	6.35308 3.14614,
	6.34567 3.15799,
	6.32343 3.17875,
	6.32195 3.18468,
	6.32492 3.19653,
	6.32788 3.20246,
	6.33381 3.20839,
	6.33677 3.21432,
	6.36049 3.23359,
	6.37087 3.24397,
	6.37235 3.24693,
	6.36642 3.25879,
	6.36049 3.26324,
	6.35456 3.25879,
	6.34863 3.25731,
	6.33677 3.2662,
	6.33381 3.2662,
	6.32195 3.25583,
	6.31899 3.25286,
	6.30713 3.25286,
	6.3012 3.25583,
	6.28934 3.25434,
	6.28341 3.24841,
	6.27155 3.24248,
	6.2597 3.24248,
	6.25377 3.24248,
	6.24191 3.24693,
	6.23005 3.24693,
	6.22412 3.24397,
	6.21226 3.23211,
	6.2004 3.22766,
	6.17669 3.22766,
	6.15297 3.22321,
	6.12925 3.20987,
	6.11443 3.18616,
	6.10998 3.1743,
	6.09813 3.16392,
	6.07441 3.16244,
	6.06255 3.15503,
	6.05662 3.1491,
	6.03291 3.14614,
	6.00919 3.13576,
	5.98547 3.11353,
	5.97361 3.10463,
	5.96176 3.09277,
	5.94249 3.06906,
	5.91877 3.04682,
	5.89505 3.032,
	5.88319 3.02162,
	5.88023 3.01866,
	5.85651 3.01125,
	5.84465 3.00532,
	5.82094 2.98753,
	5.81501 2.98308,
	5.81204 2.97716,
	5.78981 2.95344,
	5.78536 2.94158,
	5.78388 2.93565,
	5.77202 2.92972,
	5.76165 2.91786,
	5.75868 2.9149,
	5.74682 2.91342,
	5.73497 2.90452,
	5.71125 2.90304,
	5.69939 2.89711,
	5.67716 2.87636,
	5.67567 2.87043,
	5.67716 2.8645,
	5.68901 2.86005,
	5.69494 2.85857,
	5.69791 2.85709,
	5.69791 2.84523,
	5.69643 2.8393,
	5.6905 2.83337,
	5.68901 2.82151,
	5.69198 2.80966,
	5.69198 2.7978,
	5.68901 2.78594,
	5.68605 2.78001,
	5.6905 2.73258,
	5.6905 2.70886,
	5.69494 2.68514,
	5.69494 2.68218,
	5.69939 2.67625,
	5.70236 2.66439,
	5.70236 2.65995,
	5.71421 2.63475,
	5.71718 2.62289,
	5.72014 2.61696,
	5.72014 2.61548,
	"/>
</Transform>

<Transform dim="0"
 xcoef=" 0 1 0 0 0 0"
 ycoef=" 0 0 1 0 0 0">
<Contour name="d10" hidden="false" closed="true" simplified="true" border="0 1 1" fill="1 0.5 0" mode="11"
 points="4.56557 6.65207,
	4.57051 6.63887,
	4.57381 6.63228,
	4.58536 6.61908,
	4.61175 6.60589,
	4.66453 6.57455,
	4.67113 6.5696,
	4.69752 6.56135,
	4.71071 6.55475,
	4.71731 6.55146,
	4.73051 6.53991,
	4.7569 6.52506,
	4.77009 6.52012,
	4.79648 6.51682,
	4.82287 6.51682,
	4.84926 6.52671,
	4.87565 6.52836,
	4.88885 6.53331,
	4.90205 6.54156,
	4.92349 6.56795,
	4.93173 6.58114,
	4.94493 6.58939,
	4.95813 6.60094,
	4.96802 6.61413,
	4.97297 6.62073,
	4.97627 6.62238,
	4.97297 6.62568,
	4.97297 6.65207,
	4.96637 6.67846,
	4.95648 6.69165,
	4.94988 6.71805,
	4.94328 6.72464,
	4.91689 6.73949,
	4.86411 6.75103,
	4.83772 6.75928,
	4.83112 6.76093,
	4.80473 6.77907,
	4.77834 6.78402,
	4.76514 6.78732,
	4.73875 6.78732,
	4.71236 6.79722,
	4.69917 6.79722,
	4.68597 6.79392,
	4.65958 6.77742,
	4.65298 6.77577,
	4.62659 6.75598,
	4.6134 6.74444,
	4.6002 6.73784,
	4.59361 6.73619,
	4.58041 6.72464,
	4.56557 6.69825,
	4.56557 6.67186,
	4.56557 6.65867,
	4.56557 6.65372,
	"/>
</Transform>

<Transform dim="0"
 xcoef=" 0 1 0 0 0 0"
 ycoef=" 0 0 1 0 0 0">
<Contour name="d10" hidden="false" closed="true" simplified="true" border="0 1 1" fill="1 0.5 0" mode="11"
 points="6.20673 5.82901,
	6.22322 5.80262,
	6.22487 5.78943,
	6.22322 5.78283,
	6.21498 5.76963,
	6.21333 5.74324,
	6.21827 5.71685,
	6.22817 5.70366,
	6.23147 5.69706,
	6.23147 5.67067,
	6.23642 5.65748,
	6.24796 5.64758,
	6.26116 5.64263,
	6.31394 5.64428,
	6.32054 5.64593,
	6.33373 5.65418,
	6.34033 5.65912,
	6.36672 5.66737,
	6.37332 5.67067,
	6.37662 5.67067,
	6.38981 5.67892,
	6.39641 5.68387,
	6.40796 5.68552,
	6.51352 5.72345,
	6.53991 5.7317,
	6.5531 5.73665,
	6.60589 5.73335,
	6.65867 5.73335,
	6.67186 5.73665,
	6.68506 5.74324,
	6.6966 5.75479,
	6.6966 5.75809,
	6.6999 5.76139,
	6.69825 5.77458,
	6.69001 5.78778,
	6.67846 5.80097,
	6.65207 5.81912,
	6.62568 5.84221,
	6.61908 5.84881,
	6.61413 5.862,
	6.61248 5.8752,
	6.59929 5.88344,
	6.58609 5.88509,
	6.5795 5.88674,
	6.5663 5.89829,
	6.5531 5.90654,
	6.52671 5.91478,
	6.51352 5.91643,
	6.50692 5.91808,
	6.49373 5.92633,
	6.48053 5.93128,
	6.42775 5.92963,
	6.42115 5.92633,
	6.40796 5.92468,
	6.39476 5.91973,
	6.38157 5.91148,
	6.37497 5.90654,
	6.34858 5.90489,
	6.2958 5.90819,
	6.2826 5.90654,
	6.25621 5.89499,
	6.24302 5.88674,
	6.23312 5.87355,
	6.22652 5.86695,
	6.21992 5.86365,
	6.20838 5.85046,
	6.20673 5.83726,
	6.20673 5.83066,
	"/>
</Transform>

<Transform dim="0"
 xcoef=" 0 1 0 0 0 0"
 ycoef=" 0 0 1 0 0 0">
<Contour name="d10" hidden="false" closed="true" simplified="true" border="0 1 1" fill="1 0.5 0" mode="11"
 points="5.18574 6.48218,
	5.18904 6.47558,
	5.18904 6.46239,
	5.18904 6.45579,
	5.20059 6.44424,
	5.22698 6.44094,
	5.23028 6.44094,
	5.25502 6.41785,
	5.28141 6.39806,
	5.2946 6.38981,
	5.3078 6.38486,
	5.36058 6.37662,
	5.38697 6.37332,
	5.39357 6.37332,
	5.41996 6.36177,
	5.47109 6.32384,
	5.48429 6.32219,
	5.49088 6.32219,
	5.50408 6.33373,
	5.50903 6.33868,
	5.52222 6.33703,
	5.53377 6.32714,
	5.54202 6.30074,
	5.55356 6.2892,
	5.56016 6.28425,
	5.57336 6.2793,
	5.59975 6.26281,
	5.61294 6.24961,
	5.62944 6.22322,
	5.63603 6.21662,
	5.64923 6.21168,
	5.67562 6.20838,
	5.68881 6.20673,
	5.69541 6.20508,
	5.70861 6.19683,
	5.735 6.19188,
	5.76139 6.19188,
	5.77458 6.18199,
	5.80097 6.18199,
	5.81417 6.18364,
	5.84056 6.19188,
	5.89334 6.19353,
	5.91973 6.19188,
	5.97251 6.18199,
	5.9989 6.17539,
	6.0121 6.17209,
	6.06488 6.17374,
	6.09127 6.17539,
	6.11766 6.18364,
	6.12426 6.18529,
	6.12756 6.18858,
	6.14075 6.19353,
	6.15395 6.20178,
	6.16054 6.20838,
	6.18694 6.22652,
	6.20013 6.23312,
	6.22157 6.25456,
	6.24796 6.26281,
	6.26116 6.26776,
	6.2727 6.28095,
	6.27765 6.28755,
	6.2793 6.29415,
	6.2892 6.30569,
	6.30239 6.31394,
	6.31394 6.32549,
	6.31889 6.33868,
	6.32054 6.36507,
	6.32219 6.37827,
	6.32384 6.38486,
	6.33373 6.39806,
	6.34528 6.40796,
	6.35518 6.43435,
	6.36177 6.44754,
	6.36507 6.45414,
	6.37827 6.46734,
	6.37992 6.49373,
	6.37332 6.50692,
	6.37002 6.52012,
	6.34528 6.54486,
	6.33373 6.55805,
	6.30734 6.5696,
	6.29415 6.57455,
	6.28095 6.58609,
	6.27106 6.59929,
	6.25786 6.60754,
	6.24466 6.61908,
	6.23972 6.63228,
	6.23972 6.65867,
	6.24137 6.67186,
	6.24961 6.68506,
	6.25126 6.71145,
	6.25126 6.71805,
	6.24631 6.72464,
	6.23312 6.72959,
	6.21992 6.72959,
	6.21333 6.72959,
	6.18694 6.71969,
	6.17374 6.7131,
	6.14735 6.71145,
	6.12096 6.70155,
	6.10776 6.6966,
	6.08137 6.70155,
	6.05498 6.71145,
	6.05168 6.71475,
	6.03849 6.71969,
	6.0121 6.72134,
	5.9989 6.72134,
	5.98571 6.71805,
	5.88015 6.71805,
	5.82736 6.6999,
	5.81417 6.69001,
	5.79438 6.66526,
	5.78283 6.65207,
	5.76963 6.64217,
	5.75644 6.63722,
	5.74984 6.63228,
	5.74654 6.62898,
	5.74489 6.61578,
	5.72015 6.59269,
	5.70696 6.58279,
	5.68057 6.5696,
	5.66737 6.563,
	5.66077 6.56135,
	5.64758 6.5531,
	5.62119 6.54321,
	5.5948 6.54321,
	5.5816 6.54321,
	5.55521 6.53661,
	5.54202 6.53331,
	5.52882 6.52506,
	5.50243 6.50362,
	5.47604 6.49208,
	5.44965 6.48383,
	5.43645 6.47888,
	5.42326 6.46898,
	5.41006 6.46734,
	5.39687 6.46239,
	5.38367 6.46239,
	5.35728 6.47063,
	5.34409 6.47558,
	5.33749 6.47723,
	5.31275 6.49867,
	5.30945 6.50527,
	5.30285 6.51187,
	5.27646 6.51187,
	5.26986 6.51352,
	5.25667 6.52342,
	5.24347 6.52836,
	5.23028 6.52836,
	5.21708 6.52506,
	5.20389 6.51682,
	5.19069 6.50527,
	5.18574 6.49867,
	5.18574 6.48548,
	5.18574 6.48383,
	"/>
</Transform>

<Transform dim="0"
 xcoef=" 0 1 0 0 0 0"
 ycoef=" 0 0 1 0 0 0">
<Contour name="d03" hidden="false" closed="true" simplified="true" border="1 0 0.501961" fill="1 0.5 0" mode="11"
 points="1.27399 3.3458,
	1.28034 3.33734,
	1.28245 3.32041,
	1.29938 3.30983,
	1.3142 3.2929,
	1.32054 3.28443,
	1.33747 3.28231,
	1.34594 3.2802,
	1.35017 3.2802,
	1.3671 3.2675,
	1.38403 3.26538,
	1.40096 3.2675,
	1.41789 3.2802,
	1.42424 3.28866,
	1.44117 3.29501,
	1.44964 3.30136,
	1.45387 3.30983,
	1.45387 3.31406,
	1.43694 3.32676,
	1.42847 3.32887,
	1.41366 3.34369,
	1.40731 3.37755,
	1.39673 3.39448,
	1.38826 3.40082,
	1.3798 3.40294,
	1.37768 3.40506,
	1.37557 3.40082,
	1.35864 3.40717,
	1.32478 3.40929,
	1.31631 3.40929,
	1.29938 3.40082,
	1.28457 3.38813,
	1.2761 3.3712,
	1.27399 3.35427,
	1.27399 3.34792,
	"/>
</Transform>

<Transform dim="0"
 xcoef=" 0 1 0 0 0 0"
 ycoef=" 0 0 1 0 0 0">
<Contour name="d03c31" hidden="false" closed="true" simplified="true" border="1 0 0" fill="1 0 0" mode="11"
 points="-0.4296 4.57746,
	-0.421135 4.56053,
	-0.404205 4.55842,
	-0.387275 4.56265,
	-0.37881 4.56688,
	-0.370345 4.57535,
	-0.366112 4.57958,
	-0.34495 4.6473,
	-0.338601 4.68116,
	-0.338601 4.71502,
	-0.349182 4.74888,
	-0.359764 4.76581,
	-0.376694 4.78062,
	-0.385159 4.78486,
	-0.402089 4.78274,
	-0.406321 4.78274,
	-0.414786 4.77427,
	-0.416903 4.74041,
	-0.406321 4.70655,
	-0.406321 4.67269,
	-0.406321 4.65576,
	-0.414786 4.6219,
	-0.425368 4.60497,
	-0.4296 4.60074,
	-0.4296 4.58381,
	-0.4296 4.57958,
	"/>
</Transform>

<Transform dim="0"
 xcoef=" 0 1 0 0 0 0"
 ycoef=" 0 0 1 0 0 0">
<Contour name="d04p31" hidden="false" closed="true" simplified="false" border="0 0 1" fill="0 0 1" mode="11"
 points="1.87328 4.32469,
	1.86432 4.3217,
	1.87328 4.31871,
	1.8673 4.30974,
	1.87627 4.31572,
	1.87926 4.30675,
	1.88225 4.31572,
	1.89121 4.30974,
	1.88524 4.31871,
	1.8942 4.3217,
	1.88524 4.32469,
	1.89121 4.33365,
	1.88225 4.32767,
	1.87926 4.33664,
	1.87627 4.32767,
	1.8673 4.33365,
	"/>
</Transform>

<Transform dim="0"
 xcoef=" 0 1 0 0 0 0"
 ycoef=" 0 0 1 0 0 0">
<Contour name="d04c32" hidden="false" closed="true" simplified="true" border="1 0 0" fill="1 0 0" mode="11"
 points="2.40972 3.10199,
	2.41237 3.09671,
	2.42293 3.08878,
	2.44407 3.08878,
	2.45464 3.0901,
	2.49692 3.11388,
	2.51806 3.12709,
	2.52334 3.13106,
	2.52598 3.13238,
	2.52334 3.1337,
	2.5273 3.14427,
	2.52598 3.1654,
	2.51673 3.17465,
	2.51145 3.17862,
	2.49031 3.17729,
	2.47974 3.17333,
	2.47446 3.17201,
	2.46389 3.1654,
	2.45332 3.15616,
	2.44804 3.15351,
	2.4269 3.13634,
	2.41633 3.12577,
	2.41237 3.12049,
	2.40972 3.11784,
	2.40972 3.10728,
	2.40972 3.10331,
	"/>
<Contour name="d04cfa32" hidden="false" closed="false" simplified="false" border="0 0 1" fill="0 0 1" mode="11"
 points="2.52973 3.15001,
	2.48877 3.13019,
	2.45574 3.12094,
	2.42007 3.08792,
	"/>
</Transform>

<Transform dim="0"
 xcoef=" 0 1 0 0 0 0"
 ycoef=" 0 0 1 0 0 0">
<Contour name="d04c33" hidden="false" closed="true" simplified="true" border="1 0 0" fill="1 0 1" mode="11"
 points="3.50261 3.3513,
	3.52067 3.34001,
	3.53874 3.34001,
	3.54326 3.34001,
	3.56132 3.35356,
	3.59745 3.37163,
	3.66972 3.39195,
	3.68779 3.40098,
	3.69456 3.41002,
	3.69682 3.41905,
	3.69456 3.43712,
	3.6923 3.44615,
	3.65617 3.4597,
	3.62004 3.46196,
	3.60197 3.46196,
	3.58391 3.45744,
	3.54777 3.43712,
	3.5139 3.40324,
	3.50712 3.39421,
	3.50261 3.37614,
	3.50261 3.35808,
	3.50261 3.35356,
	"/>
<Contour name="d04c33" hidden="false" closed="true" simplified="true" border="1 0 0" fill="1 0 1" mode="11"
 points="3.79393 3.42357,
	3.8007 3.41453,
	3.81877 3.40776,
	3.83683 3.40776,
	3.8549 3.41228,
	3.86393 3.41679,
	3.9362 3.42131,
	3.95426 3.42357,
	3.9633 3.42357,
	3.97233 3.42808,
	3.97459 3.4326,
	3.96781 3.45067,
	3.95878 3.4597,
	3.88652 3.46196,
	3.85038 3.46196,
	3.81425 3.45518,
	3.79618 3.44389,
	3.79393 3.42582,
	"/>
</Transform>

<Transform dim="0"
 xcoef=" 0 1 0 0 0 0"
 ycoef=" 0 0 1 0 0 0">
<Contour name="d04cfa33" hidden="false" closed="false" simplified="false" border="0 0 1" fill="1 0 1" mode="11"
 points="3.79554 3.44064,
	3.81813 3.44516,
	3.89491 3.45419,
	3.96717 3.4429,
	"/>
<Contour name="d04cfa33" hidden="false" closed="false" simplified="false" border="0 0 1" fill="1 0 1" mode="11"
 points="3.50196 3.37967,
	3.50874 3.38193,
	3.55165 3.40225,
	3.63295 3.42935,
	3.69618 3.42935,
	"/>
</Transform>

<Transform dim="0"
 xcoef=" 0 1 0 0 0 0"
 ycoef=" 0 0 1 0 0 0">
<Contour name="d05p36" hidden="false" closed="true" simplified="false" border="1 0 0" fill="1 0 0" mode="11"
 points="4.91244 4.2151,
	4.9282 4.19303,
	4.91244 4.17096,
	4.9219 4.17096,
	4.93451 4.18988,
	4.94712 4.17096,
	4.95658 4.17096,
	4.94081 4.19303,
	4.95658 4.2151,
	4.94712 4.2151,
	4.93451 4.19618,
	4.9219 4.2151,
	"/>
</Transform>

<Transform dim="0"
 xcoef=" 0 1 0 0 0 0"
 ycoef=" 0 0 1 0 0 0">
<Contour name="d05c32" hidden="false" closed="true" simplified="true" border="1 0 0" fill="1 0 0" mode="11"
 points="3.4162 4.38518,
	3.43535 4.3341,
	3.44972 4.30856,
	3.46728 4.28302,
	3.49122 4.25907,
	3.49442 4.25588,
	3.50719 4.25588,
	3.51996 4.26067,
	3.52634 4.26705,
	3.52634 4.27982,
	3.50559 4.33091,
	3.49122 4.35645,
	3.48005 4.38199,
	3.46409 4.40753,
	3.45291 4.4203,
	3.44014 4.4203,
	3.43376 4.4203,
	3.42737 4.41711,
	3.4162 4.40434,
	3.4162 4.39157,
	3.4162 4.38678,
	"/>
</Transform>

<Transform dim="0"
 xcoef=" 0 1 0 0 0 0"
 ycoef=" 0 0 1 0 0 0">
<Contour name="d05cfa32" hidden="false" closed="false" simplified="false" border="0 0 1" fill="0 0 1" mode="11"
 points="3.42142 4.40155,
	3.44855 4.36005,
	3.46132 4.3393,
	3.46931 4.31375,
	3.49006 4.28981,
	3.5172 4.26267,
	"/>
</Transform>

<Transform dim="0"
 xcoef=" 0 1 0 0 0 0"
 ycoef=" 0 0 1 0 0 0">
<Contour name="d05c35" hidden="false" closed="true" simplified="true" border="1 0 0" fill="0 1 0" mode="11"
 points="3.67012 3.9736,
	3.67554 3.96276,
	3.69722 3.96276,
	3.7189 3.96953,
	3.72973 3.97902,
	3.74599 4.00069,
	3.78528 4.04134,
	3.78664 4.05217,
	3.78528 4.05759,
	3.77986 4.06166,
	3.76902 4.06301,
	3.74735 4.05895,
	3.72567 4.04947,
	3.68367 4.01153,
	3.6769 4.00069,
	3.67283 3.99527,
	3.67012 3.98444,
	3.67012 3.97495,
	"/>
</Transform>

<Transform dim="0"
 xcoef=" 0 1 0 0 0 0"
 ycoef=" 0 0 1 0 0 0">
<Contour name="d05c35" hidden="false" closed="true" simplified="true" border="1 0 0" fill="0 1 0" mode="11"
 points="3.86386 4.09282,
	3.86657 4.0874,
	3.87199 4.08333,
	3.89366 4.08333,
	3.9045 4.08333,
	3.92618 4.07792,
	3.96953 4.05759,
	3.98037 4.05082,
	4.02372 4.03321,
	4.06708 4.00882,
	4.11043 3.98037,
	4.12127 3.97631,
	4.13211 3.97631,
	4.13753 3.97766,
	4.14295 3.98173,
	4.1443 3.99256,
	4.1294 4.01424,
	4.11991 4.02372,
	4.11449 4.02914,
	4.11179 4.03185,
	4.11179 4.03456,
	4.06843 4.06301,
	4.02508 4.08604,
	3.98173 4.10366,
	3.96005 4.11179,
	3.93837 4.12262,
	3.9167 4.12804,
	3.89502 4.12669,
	3.88418 4.12262,
	3.87334 4.11585,
	3.86521 4.10637,
	3.86386 4.09553,
	3.86386 4.09417,
	"/>
</Transform>

<Transform dim="0"
 xcoef=" 0 1 0 0 0 0"
 ycoef=" 0 0 1 0 0 0">
<Contour name="d05cfa35" hidden="false" closed="false" simplified="false" border="0 0 1" fill="0 0.502 1" mode="11"
 points="3.78888 4.04276,
	3.78075 4.0414,
	3.76584 4.04005,
	3.75365 4.03192,
	3.72249 4.00347,
	3.70759 3.99263,
	3.68185 3.96282,
	"/>
<Contour name="d05cfa35" hidden="false" closed="false" simplified="false" border="0 0 1" fill="0 0.502 1" mode="11"
 points="4.13706 3.97773,
	4.1208 3.98856,
	4.10319 4.00347,
	4.0788 4.02243,
	4.05848 4.03598,
	4.02461 4.04682,
	3.99345 4.06308,
	3.94874 4.07934,
	3.92164 4.09695,
	3.89997 4.10508,
	3.87152 4.10372,
	"/>
</Transform>

<Transform dim="0"
 xcoef=" 0 1 0 0 0 0"
 ycoef=" 0 0 1 0 0 0">
<Contour name="d07c40" hidden="false" closed="true" simplified="true" border="1 0 0" fill="1 0 0" mode="11"
 points="1.69282 2.74418,
	1.7213 2.66492,
	1.72749 2.64511,
	1.73616 2.60548,
	1.74978 2.56585,
	1.75474 2.55595,
	1.7634 2.54604,
	1.77331 2.54356,
	1.77827 2.54356,
	1.78198 2.55347,
	1.78322 2.56338,
	1.78198 2.57328,
	1.76588 2.61291,
	1.7634 2.62282,
	1.74978 2.64263,
	1.74607 2.64758,
	1.74483 2.6674,
	1.74359 2.6773,
	1.7374 2.69712,
	1.73245 2.70702,
	1.72997 2.71693,
	1.72997 2.73675,
	1.7374 2.75656,
	1.73864 2.77637,
	1.73988 2.77761,
	1.74111 2.77637,
	1.74235 2.78133,
	1.73245 2.78999,
	1.72749 2.79495,
	1.72625 2.81476,
	1.7213 2.81971,
	1.71139 2.82095,
	1.70273 2.81228,
	1.69653 2.79247,
	1.69406 2.78256,
	1.69406 2.76275,
	1.69282 2.75284,
	1.69282 2.74789,
	1.69282 2.74541,
	"/>
</Transform>

<Transform dim="0"
 xcoef=" 0 1 0 0 0 0"
 ycoef=" 0 0 1 0 0 0">
<Contour name="d07cfa40" hidden="false" closed="false" simplified="false" border="0 0 1" fill="0 0 1" mode="11"
 points="1.76721 2.54643,
	1.7573 2.55263,
	1.74987 2.57863,
	1.74739 2.59225,
	1.74368 2.60464,
	1.7313 2.62569,
	1.7313 2.65541,
	1.7313 2.67275,
	1.71891 2.69627,
	1.71148 2.72228,
	1.71148 2.73838,
	1.7152 2.75324,
	1.71644 2.76562,
	1.70901 2.77677,
	1.70405 2.7941,
	1.70653 2.80525,
	1.71767 2.81639,
	"/>
</Transform>

<Transform dim="0"
 xcoef=" 0 1 0 0 0 0"
 ycoef=" 0 0 1 0 0 0">
<Contour name="d07c41" hidden="false" closed="true" simplified="true" border="1 0 0" fill="1 0 1" mode="11"
 points="2.93212 0.815632,
	2.93905 0.80639,
	2.97602 0.804079,
	2.9945 0.813321,
	3.03147 0.841048,
	3.04996 0.854912,
	3.0592 0.861843,
	3.07768 0.868775,
	3.09386 0.884949,
	3.11465 0.921918,
	3.1262 0.958887,
	3.13314 0.977372,
	3.14469 0.995857,
	3.18166 1.02358,
	3.1909 1.03052,
	3.19552 1.03514,
	3.19552 1.04438,
	3.1909 1.05362,
	3.18166 1.06055,
	3.17242 1.06286,
	3.13545 1.04669,
	3.09848 1.01896,
	3.08692 1.00048,
	3.07075 0.963509,
	3.05458 0.945024,
	3.01761 0.919608,
	2.98295 0.88957,
	2.94829 0.854912,
	2.93443 0.836427,
	2.93212 0.817943,
	"/>
</Transform>

<Transform dim="0"
 xcoef=" 0 1 0 0 0 0"
 ycoef=" 0 0 1 0 0 0">
<Contour name="d07cfa41" hidden="false" closed="false" simplified="false" border="0 0 1" fill="1 0 1" mode="11"
 points="3.18275 1.0502,
	3.13423 1.00399,
	3.09726 0.925432,
	3.05336 0.881531,
	2.96787 0.807592,
	"/>
</Transform>

<Transform dim="0"
 xcoef=" 0 1 0 0 0 0"
 ycoef=" 0 0 1 0 0 0">
<Contour name="d10p31" hidden="false" closed="true" simplified="false" border="0 0 1" fill="0 0 1" mode="11"
 points="5.49446 6.40572,
	5.53242 6.40572,
	5.51344 6.44051,
	"/>
</Transform>

<Transform dim="0"
 xcoef=" 0 1 0 0 0 0"
 ycoef=" 0 0 1 0 0 0">
<Contour name="d03cfa31" hidden="false" closed="false" simplified="false" border="0 0 1" fill="0 0 1" mode="11"
 points="-0.395796 4.78155,
	-0.378313 4.69278,
	-0.394452 4.61478,
	-0.42404 4.56367,
	"/>
</Transform>

<Transform dim="0"
 xcoef=" 0 1 0 0 0 0"
 ycoef=" 0 0 1 0 0 0">
<Contour name="d10cfa30" hidden="false" closed="false" simplified="false" border="0 0 1" fill="0 0 1" mode="11"
 points="6.63001 5.7288,
	6.54766 5.72658,
	6.36516 5.65536,
	6.31397 5.63533,
	6.28727 5.63978,
	"/>
</Transform>

<Transform dim="0"
 xcoef=" 0 1 0 0 0 0"
 ycoef=" 0 0 1 0 0 0">
<Contour name="d01ser" hidden="false" closed="true" simplified="true" border="0.251 0.502 0.502" fill="0 0.502 0.502" mode="-9"
 points="1.57066 4.83699,
	1.57873 4.82892,
	1.58679 4.82489,
	1.59486 4.82489,
	1.59889 4.82489,
	1.60494 4.84102,
	1.60494 4.84909,
	1.59687 4.85513,
	1.58074 4.85715,
	1.57268 4.85513,
	1.57066 4.839,
	"/>
<Contour name="d01ser" hidden="false" closed="true" simplified="true" border="0.251 0.502 0.502" fill="0 0.502 0.502" mode="-9"
 points="1.35694 4.71198,
	1.37307 4.70996,
	1.38113 4.70996,
	1.38517 4.714,
	1.3892 4.73013,
	1.39121 4.73819,
	1.3892 4.74222,
	1.37307 4.74021,
	1.35895 4.72609,
	1.35694 4.71803,
	1.35694 4.714,
	"/>
<Contour name="d01ser" hidden="false" closed="true" simplified="true" border="0.251 0.502 0.502" fill="0 0.502 0.502" mode="-9"
 points="1.69365 4.68174,
	1.6997 4.67367,
	1.71583 4.67367,
	1.7239 4.67367,
	1.72793 4.67367,
	1.73196 4.6777,
	1.76422 4.67166,
	1.79648 4.67166,
	1.82874 4.6898,
	1.84487 4.69585,
	1.87713 4.69787,
	1.90939 4.70392,
	1.94165 4.72811,
	1.9477 4.73618,
	1.95173 4.74021,
	1.94972 4.75634,
	1.9477 4.76037,
	1.93157 4.75835,
	1.91544 4.74626,
	1.89931 4.74626,
	1.88318 4.73819,
	1.86705 4.72609,
	1.85898 4.72005,
	1.79446 4.69585,
	1.7622 4.69383,
	1.75414 4.69383,
	1.73801 4.70392,
	1.72994 4.70795,
	1.71381 4.70795,
	1.70575 4.70795,
	1.69768 4.70392,
	1.69365 4.7019,
	1.69365 4.68577,
	1.69365 4.68375,
	"/>
</Transform>

<Transform dim="0"
 xcoef=" 0 1 0 0 0 0"
 ycoef=" 0 0 1 0 0 0">
<Contour name="d01ser" hidden="false" closed="true" simplified="true" border="0.251 0.502 0.502" fill="0 0.502 0.502" mode="-9"
 points="1.65534 4.96804,
	1.66341 4.962,
	1.67954 4.95796,
	1.6876 4.95393,
	1.70373 4.95393,
	1.7118 4.95595,
	1.71986 4.962,
	1.72793 4.962,
	1.73599 4.95595,
	1.74406 4.95595,
	1.74809 4.95796,
	1.74809 4.97409,
	1.74003 4.98014,
	1.72994 4.99426,
	1.72188 4.99224,
	1.70978 4.97813,
	1.70172 4.97611,
	1.68559 4.98014,
	1.67752 4.98619,
	1.66139 4.98619,
	1.65534 4.98014,
	1.65534 4.97208,
	1.65534 4.97006,
	"/>
</Transform>

<Transform dim="0"
 xcoef=" 0 1 0 0 0 0"
 ycoef=" 0 0 1 0 0 0">
<Contour name="d02ser" hidden="false" closed="true" simplified="true" border="0.251 0.502 0.502" fill="0 0.502 0.502" mode="-9"
 points="3.37291 2.23095,
	3.38284 2.21771,
	3.38946 2.21275,
	3.39277 2.20944,
	3.40601 2.21109,
	3.43249 2.22268,
	3.44573 2.22764,
	3.44573 2.24088,
	3.44242 2.25412,
	3.44573 2.25578,
	3.44573 2.26902,
	3.44573 2.27564,
	3.44077 2.28226,
	3.41429 2.28226,
	3.40767 2.2806,
	3.39442 2.27067,
	3.38284 2.25743,
	3.37456 2.24419,
	3.37291 2.23261,
	"/>
<Contour name="d02ser" hidden="false" closed="true" simplified="true" border="0.251 0.502 0.502" fill="0 0.502 0.502" mode="-9"
 points="3.46725 2.39149,
	3.47056 2.38487,
	3.4838 2.37163,
	3.48876 2.36501,
	3.49538 2.36335,
	3.50862 2.36666,
	3.51359 2.37163,
	3.51193 2.38487,
	3.50697 2.38983,
	3.50035 2.38983,
	3.48711 2.39811,
	3.47387 2.39976,
	3.46725 2.39645,
	3.46725 2.39314,
	"/>
</Transform>

<Transform dim="0"
 xcoef=" 0 1 0 0 0 0"
 ycoef=" 0 0 1 0 0 0">
<Contour name="d01MT1" hidden="false" closed="true" simplified="false" border="1 0.501961 0" fill="1 0.498039 0" mode="-9"
 points="1.59647 4.93482,
	1.59647 4.92896,
	1.60232 4.92311,
	1.60818 4.92311,
	1.61404 4.92896,
	1.61404 4.93482,
	1.60818 4.94068,
	1.60232 4.94068,
	"/>
</Transform>

<Transform dim="0"
 xcoef=" 0 1 0 0 0 0"
 ycoef=" 0 0 1 0 0 0">
<Contour name="d01MT3" hidden="false" closed="true" simplified="false" border="1 0.501961 0" fill="1 0.498039 0" mode="-9"
 points="1.82237 4.82952,
	1.82237 4.82285,
	1.82904 4.81618,
	1.83571 4.81618,
	1.84238 4.82285,
	1.84238 4.82952,
	1.83571 4.83618,
	1.82904 4.83618,
	"/>
</Transform>

<Transform dim="0"
 xcoef=" 0 1 0 0 0 0"
 ycoef=" 0 0 1 0 0 0">
<Contour name="d01MT5" hidden="false" closed="true" simplified="false" border="1 0.502 0" fill="1 0.498 0" mode="-9"
 points="1.51602 5.01184,
	1.51602 5.00527,
	1.52258 4.99871,
	1.52915 4.99871,
	1.53572 5.00527,
	1.53572 5.01184,
	1.52915 5.01841,
	1.52258 5.01841,
	"/>
</Transform>

<Transform dim="0"
 xcoef=" 0 1 0 0 0 0"
 ycoef=" 0 0 1 0 0 0">
<Contour name="d01MT6" hidden="false" closed="true" simplified="false" border="1 0.502 0" fill="1 0.498 0" mode="-9"
 points="1.46964 4.83947,
	1.46964 4.83362,
	1.47548 4.82777,
	1.48133 4.82777,
	1.48718 4.83362,
	1.48718 4.83947,
	1.48133 4.84531,
	1.47548 4.84531,
	"/>
</Transform>

<Transform dim="1"
 xcoef=" 0.06 1 0 0 0 0"
 ycoef=" 0.12 0 1 0 0 0">
<Contour name="d01MT2" hidden="false" closed="true" simplified="false" border="1 0.501961 0" fill="1 0.498039 0" mode="-9"
 points="1.72773 4.78077,
	1.72773 4.77434,
	1.73417 4.7679,
	1.7406 4.7679,
	1.74704 4.77434,
	1.74704 4.78077,
	1.7406 4.78721,
	1.73417 4.78721,
	"/>
</Transform>

<Transform dim="0"
 xcoef=" 0 1 0 0 0 0"
 ycoef=" 0 0 1 0 0 0">
<Contour name="d01MT7" hidden="false" closed="true" simplified="false" border="1 0.502 0" fill="1 0.498 0" mode="-9"
 points="1.79346 4.71995,
	1.79346 4.71566,
	1.79774 4.71137,
	1.80203 4.71137,
	1.80632 4.71566,
	1.80632 4.71995,
	1.80203 4.72424,
	1.79774 4.72424,
	"/>
</Transform>

<Transform dim="0"
 xcoef=" 0 1 0 0 0 0"
 ycoef=" 0 0 1 0 0 0">
<Contour name="d01MT4" hidden="false" closed="true" simplified="false" border="1 0.502 0" fill="1 0.498 0" mode="-9"
 points="1.5004 4.91429,
	1.5004 4.90888,
	1.50581 4.90347,
	1.51122 4.90347,
	1.51663 4.90888,
	1.51663 4.91429,
	1.51122 4.9197,
	1.50581 4.9197,
	"/>
</Transform>

<Transform dim="0"
 xcoef=" 0 1 0 0 0 0"
 ycoef=" 0 0 1 0 0 0">
<Contour name="d01MT9" hidden="false" closed="true" simplified="false" border="1 0.502 0" fill="1 0.498 0" mode="-9"
 points="1.63026 4.72221,
	1.63026 4.7168,
	1.63567 4.71139,
	1.64108 4.71139,
	1.64649 4.7168,
	1.64649 4.72221,
	1.64108 4.72762,
	1.63567 4.72762,
	"/>
</Transform>

<Transform dim="0"
 xcoef=" 0 1 0 0 0 0"
 ycoef=" 0 0 1 0 0 0">
<Contour name="d01MT14" hidden="false" closed="true" simplified="false" border="1 0.502 0" fill="1 0.498 0" mode="-9"
 points="1.49713 4.71207,
	1.49713 4.70641,
	1.5028 4.70074,
	1.50847 4.70074,
	1.51414 4.70641,
	1.51414 4.71207,
	1.50847 4.71774,
	1.5028 4.71774,
	"/>
</Transform>

<Transform dim="0"
 xcoef=" 0 1 0 0 0 0"
 ycoef=" 0 0 1 0 0 0">
<Contour name="d01MT17" hidden="false" closed="true" simplified="false" border="1 0.502 0" fill="1 0.498 0" mode="-9"
 points="1.42003 5.02602,
	1.42003 5.02103,
	1.42502 5.01604,
	1.43001 5.01604,
	1.435 5.02103,
	1.435 5.02602,
	1.43001 5.03101,
	1.42502 5.03101,
	"/>
</Transform>

<Transform dim="0"
 xcoef=" 0 1 0 0 0 0"
 ycoef=" 0 0 1 0 0 0">
<Contour name="d01MT19" hidden="false" closed="true" simplified="false" border="1 0.502 0" fill="1 0.498 0" mode="-9"
 points="1.83825 4.76649,
	1.83825 4.75929,
	1.84545 4.75209,
	1.85265 4.75209,
	1.85984 4.75929,
	1.85984 4.76649,
	1.85265 4.77369,
	1.84545 4.77369,
	"/>
</Transform>

<Transform dim="0"
 xcoef=" 0 1 0 0 0 0"
 ycoef=" 0 0 1 0 0 0">
<Contour name="d01MT20" hidden="false" closed="true" simplified="false" border="1 0.502 0" fill="1 0.498 0" mode="-9"
 points="1.77345 4.89248,
	1.77345 4.88528,
	1.78065 4.87808,
	1.78785 4.87808,
	1.79505 4.88528,
	1.79505 4.89248,
	1.78785 4.89968,
	1.78065 4.89968,
	"/>
</Transform>

<Transform dim="0"
 xcoef=" 0 1 0 0 0 0"
 ycoef=" 0 0 1 0 0 0">
<Contour name="d01MT21" hidden="false" closed="true" simplified="false" border="1 0.502 0" fill="1 0.498 0" mode="-9"
 points="1.70146 4.97527,
	1.70146 4.96807,
	1.70866 4.96087,
	1.71586 4.96087,
	1.72306 4.96807,
	1.72306 4.97527,
	1.71586 4.98247,
	1.70866 4.98247,
	"/>
<Contour name="d01MT22" hidden="false" closed="true" simplified="false" border="1 0.502 0" fill="1 0.498 0" mode="-9"
 points="1.3775 4.83488,
	1.3775 4.82768,
	1.3847 4.82048,
	1.3919 4.82048,
	1.3991 4.82768,
	1.3991 4.83488,
	1.3919 4.84208,
	1.3847 4.84208,
	"/>
<Contour name="d01MT24" hidden="false" closed="true" simplified="false" border="1 0.502 0" fill="1 0.498 0" mode="-9"
 points="1.66187 4.82408,
	1.66187 4.81689,
	1.66907 4.80969,
	1.67627 4.80969,
	1.68346 4.81689,
	1.68346 4.82408,
	1.67627 4.83128,
	1.66907 4.83128,
	"/>
<Contour name="d01MT25" hidden="false" closed="true" simplified="false" border="1 0.502 0" fill="1 0.498 0" mode="-9"
 points="1.73026 4.78089,
	1.73026 4.77369,
	1.73746 4.76649,
	1.74466 4.76649,
	1.75186 4.77369,
	1.75186 4.78089,
	1.74466 4.78809,
	1.73746 4.78809,
	"/>
</Transform>

<Transform dim="0"
 xcoef=" 0 1 0 0 0 0"
 ycoef=" 0 0 1 0 0 0">
<Contour name="d01MT26" hidden="false" closed="true" simplified="false" border="1 0.502 0" fill="1 0.498 0" mode="-9"
 points="1.55388 4.79169,
	1.55388 4.78449,
	1.56108 4.77729,
	1.56828 4.77729,
	1.57548 4.78449,
	1.57548 4.79169,
	1.56828 4.79889,
	1.56108 4.79889,
	"/>
</Transform>

<Transform dim="0"
 xcoef=" 0 1 0 0 0 0"
 ycoef=" 0 0 1 0 0 0">
<Contour name="Ax08" hidden="false" closed="true" simplified="true" border="1 0 0" fill="1 0 0" mode="11"
 points="0.0786258 4.51116,
	0.114663 4.46529,
	0.134319 4.44236,
	0.235877 4.37356,
	0.248982 4.37028,
	0.255534 4.37028,
	0.304675 4.4096,
	0.347264 4.45219,
	0.353816 4.46529,
	0.353816 4.47839,
	0.337436 4.5046,
	0.285019 4.53736,
	0.25881 4.55702,
	0.206393 4.57995,
	0.180184 4.57995,
	0.173632 4.5734,
	0.121215 4.5734,
	0.0950062 4.57013,
	0.085178 4.5603,
	0.0786258 4.53409,
	0.0786258 4.52098,
	0.0786258 4.51443,
	"/>
</Transform>

<Transform dim="0"
 xcoef=" 0 1 0 0 0 0"
 ycoef=" 0 0 1 0 0 0">
<Contour name="Ax09" hidden="false" closed="true" simplified="true" border="0 1 0.251" fill="0 1 0" mode="11"
 points="2.04032 2.78551,
	2.04683 2.75948,
	2.04683 2.75297,
	2.05659 2.73995,
	2.05985 2.68789,
	2.06961 2.66186,
	2.07286 2.64884,
	2.08263 2.63582,
	2.1054 2.62281,
	2.11191 2.6163,
	2.13795 2.61955,
	2.16398 2.62932,
	2.18676 2.65535,
	2.19327 2.66511,
	2.21604 2.69114,
	2.25184 2.73345,
	2.2616 2.75948,
	2.25835 2.7725,
	2.23557 2.79853,
	2.20954 2.81805,
	2.15747 2.83432,
	2.1054 2.83432,
	2.07937 2.83107,
	2.06636 2.82782,
	2.04683 2.80829,
	2.04032 2.80178,
	2.04032 2.78877,
	"/>
</Transform>

<Transform dim="0"
 xcoef=" 0 1 0 0 0 0"
 ycoef=" 0 0 1 0 0 0">
<Contour name="Ax10" hidden="false" closed="true" simplified="true" border="0 1 1" fill="0 1 1" mode="11"
 points="2.85668 7.06885,
	2.87251 7.05301,
	2.87884 7.05301,
	2.88518 7.04668,
	2.98652 7.04984,
	3.01186 7.04351,
	3.02453 7.03718,
	3.0372 7.03718,
	3.04987 7.04351,
	3.0562 7.04984,
	3.05937 7.07518,
	3.0657 7.08152,
	3.06887 7.09418,
	3.11004 7.14169,
	3.11321 7.15436,
	3.10687 7.16703,
	3.0942 7.17653,
	3.08787 7.18286,
	3.06253 7.18603,
	3.04987 7.18919,
	3.04036 7.20186,
	3.0372 7.21453,
	3.01186 7.2177,
	2.98652 7.2082,
	2.97702 7.20186,
	2.95169 7.20503,
	2.93902 7.20503,
	2.91368 7.19236,
	2.90101 7.17653,
	2.90101 7.17019,
	2.88518 7.14802,
	2.88518 7.12269,
	2.88835 7.11002,
	2.86301 7.08785,
	2.85668 7.07518,
	2.85668 7.07201,
	"/>
</Transform>

<Transform dim="0"
 xcoef=" 0 1 0 0 0 0"
 ycoef=" 0 0 1 0 0 0">
<Contour name="d05p32dia" hidden="false" closed="false" simplified="true" border="0.251 0 0.502" fill="0.251 0 0.502" mode="-9"
 points="3.59315 4.25963,
	3.45762 4.4974,
	"/>
</Transform>

<Transform dim="0"
 xcoef=" 0 1 0 0 0 0"
 ycoef=" 0 0 1 0 0 0">
<Contour name="d08" hidden="false" closed="true" simplified="true" border="1 0 0" fill="1 0 0" mode="-11"
 points="5.66728 2.0296,
	5.67883 2.0065,
	5.69615 1.98341,
	5.70193 1.97474,
	5.72503 1.97186,
	5.77122 1.98052,
	5.78277 1.98341,
	5.78854 1.97763,
	5.80009 1.98341,
	5.80586 1.98341,
	5.81741 1.99207,
	5.82318 1.99207,
	5.84339 2.01228,
	5.84917 2.02382,
	5.89536 2.05558,
	5.91557 2.0729,
	5.93289 2.096,
	5.93578 2.14219,
	5.93578 2.14797,
	5.89247 2.17395,
	5.88093 2.17972,
	5.83473 2.17684,
	5.81164 2.16529,
	5.7972 2.14219,
	5.79143 2.13064,
	5.77122 2.11332,
	5.76544 2.10466,
	5.75967 2.10466,
	5.73657 2.09023,
	5.71348 2.08445,
	5.69038 2.0729,
	5.67017 2.05558,
	5.66728 2.03248,
	"/>
</Transform>

<Transform dim="0"
 xcoef=" 0 1 0 0 0 0"
 ycoef=" 0 0 1 0 0 0">
<Contour name="d08" hidden="false" closed="true" simplified="true" border="1 0 0" fill="1 0 0" mode="-11"
 points="4.63083 1.99495,
	4.65393 1.98052,
	4.6597 1.98052,
	4.66548 1.97474,
	4.75786 1.93433,
	4.77518 1.91989,
	4.78096 1.917,
	4.78096 1.91123,
	4.78673 1.90834,
	4.79251 1.88525,
	4.79539 1.8737,
	4.79539 1.86792,
	4.78673 1.85637,
	4.78096 1.83328,
	4.78096 1.81018,
	4.78673 1.80441,
	4.83293 1.79286,
	4.85602 1.78709,
	4.90222 1.78997,
	4.90799 1.79575,
	4.91954 1.79863,
	4.94263 1.82173,
	4.9513 1.83328,
	4.96862 1.84771,
	4.99171 1.85637,
	5.01481 1.85926,
	5.1072 1.85349,
	5.13029 1.8506,
	5.13895 1.84483,
	5.18515 1.83617,
	5.19669 1.83328,
	5.20247 1.83328,
	5.20824 1.8275,
	5.21979 1.8275,
	5.24289 1.81884,
	5.28908 1.81596,
	5.33527 1.81884,
	5.34682 1.82173,
	5.34971 1.86792,
	5.34682 1.89102,
	5.33527 1.91412,
	5.3295 1.92566,
	5.3295 1.93144,
	5.32084 1.94299,
	5.27464 1.96608,
	5.26887 1.97186,
	5.08699 2.0296,
	5.06389 2.03826,
	5.05234 2.04403,
	5.04657 2.04403,
	5.04079 2.04981,
	4.9946 2.06136,
	4.9715 2.07002,
	4.92531 2.0729,
	4.90222 2.0729,
	4.85602 2.08445,
	4.76364 2.08734,
	4.74054 2.07868,
	4.69435 2.0729,
	4.67125 2.07002,
	4.6597 2.06713,
	4.63661 2.04981,
	4.63083 2.04403,
	4.63083 1.99784,
	"/>
</Transform>

<Transform dim="0"
 xcoef=" 0 1 0 0 0 0"
 ycoef=" 0 0 1 0 0 0">
<Contour name="d08c24" hidden="false" closed="true" simplified="true" border="0 1 0.251" fill="0 1 0.251" mode="-9"
 points="4.68075 1.96506,
	4.68634 1.95016,
	4.6882 1.94643,
	4.7031 1.94084,
	4.71055 1.93526,
	4.718 1.93339,
	4.71987 1.92967,
	4.72359 1.92967,
	4.73663 1.92036,
	4.74594 1.90732,
	4.75898 1.89614,
	4.76457 1.89055,
	4.76829 1.88869,
	4.76829 1.88497,
	4.78319 1.87379,
	4.79064 1.87379,
	4.79437 1.87379,
	4.80741 1.88869,
	4.80927 1.90359,
	4.80368 1.91849,
	4.79437 1.93339,
	4.78319 1.94271,
	4.76829 1.95202,
	4.76084 1.95761,
	4.7478 1.9632,
	4.74408 1.9632,
	4.74035 1.96692,
	4.71055 1.97623,
	4.69565 1.97623,
	4.6882 1.97437,
	4.68075 1.96878,
	4.68075 1.96692,
	"/>
<Contour name="d08c24" hidden="false" closed="true" simplified="true" border="0 1 0.251" fill="0 1 0.251" mode="-9"
 points="4.96201 1.84399,
	4.97691 1.84026,
	5.00671 1.84213,
	5.02161 1.84399,
	5.08121 1.84213,
	5.11101 1.83281,
	5.11846 1.82909,
	5.14827 1.8235,
	5.17807 1.82536,
	5.18552 1.82722,
	5.18738 1.83468,
	5.18552 1.84213,
	5.17807 1.84958,
	5.17434 1.84958,
	5.17062 1.8533,
	5.11101 1.87193,
	5.09611 1.87565,
	5.08121 1.87565,
	5.07376 1.87938,
	5.01416 1.8831,
	4.99926 1.88124,
	4.98436 1.87565,
	4.97132 1.86634,
	4.96201 1.85144,
	4.96201 1.84585,
	"/>
<Contour name="d08cfa24" hidden="false" closed="false" simplified="false" border="0 1 1" fill="0 1 1" mode="-9"
 points="4.68272 1.97028,
	4.73115 1.95165,
	4.77585 1.9144,
	4.79261 1.87529,
	"/>
<Contour name="d08cfa24" hidden="false" closed="false" simplified="false" border="0 1 1" fill="0 1 1" mode="-9"
 points="4.96211 1.84921,
	4.9826 1.86039,
	5.04593 1.86411,
	5.10553 1.85852,
	5.18749 1.83245,
	"/>
</Transform>

<Transform dim="0"
 xcoef=" 0 1 0 0 0 0"
 ycoef=" 0 0 1 0 0 0">
<Contour name="d10p30dia" hidden="false" closed="false" simplified="true" border="0 1 1" fill="0 1 1" mode="-9"
 points="6.23021 5.67701,
	6.68856 5.78679,
	"/>
</Transform>

<Transform dim="0"
 xcoef=" 0 1 0 0 0 0"
 ycoef=" 0 0 1 0 0 0">
<Contour name="d10ax30" hidden="false" closed="true" simplified="true" border="0 1 1" fill="0 1 1" mode="-11"
 points="6.23913 5.56861,
	6.24497 5.55693,
	6.25373 5.54524,
	6.2552 5.5394,
	6.26396 5.52771,
	6.28733 5.50872,
	6.29025 5.5058,
	6.29318 5.5058,
	6.31655 5.49119,
	6.3633 5.47512,
	6.38667 5.47366,
	6.41004 5.47658,
	6.42173 5.4795,
	6.51522 5.4795,
	6.56197 5.4795,
	6.60871 5.48389,
	6.63208 5.49119,
	6.63793 5.49119,
	6.6613 5.49849,
	6.67299 5.50288,
	6.71973 5.51164,
	6.76648 5.51164,
	6.78985 5.51164,
	6.80154 5.51164,
	6.81323 5.51456,
	6.81907 5.51456,
	6.84244 5.52479,
	6.85413 5.53355,
	6.86581 5.54524,
	6.87458 5.55401,
	6.88188 5.56569,
	6.88188 5.57738,
	6.87896 5.58907,
	6.8702 5.60075,
	6.85851 5.61098,
	6.81176 5.64019,
	6.80884 5.64019,
	6.78547 5.65334,
	6.7621 5.66941,
	6.75625 5.67379,
	6.75333 5.67671,
	6.74165 5.6811,
	6.71827 5.6957,
	6.71243 5.70009,
	6.70074 5.70301,
	6.68906 5.71031,
	6.66568 5.72054,
	6.61894 5.73076,
	6.59556 5.73515,
	6.57219 5.73515,
	6.52545 5.72492,
	6.50207 5.71908,
	6.40858 5.68256,
	6.36183 5.66211,
	6.31509 5.64604,
	6.29172 5.63727,
	6.26834 5.62412,
	6.24789 5.60367,
	6.24059 5.59199,
	6.23913 5.57007,
	"/>
</Transform>

<Transform dim="0"
 xcoef=" 0 1 0 0 0 0"
 ycoef=" 0 0 1 0 0 0">
<Contour name="d10ax30ssvr" hidden="false" closed="true" simplified="false" border="0 1 0" fill="0 0 0.502" mode="11"
 points="6.42798 5.55998,
	6.41704 5.54904,
	6.42798 5.5381,
	6.43893 5.54904,
	"/>
<Contour name="d10ax30ssvr" hidden="false" closed="true" simplified="false" border="0 1 0" fill="0 0 0.502" mode="11"
 points="6.49363 5.56624,
	6.48269 5.5553,
	6.49363 5.54435,
	6.50458 5.5553,
	"/>
<Contour name="d10ax30ssvr" hidden="false" closed="true" simplified="false" border="0 1 0" fill="0 0 0.502" mode="11"
 points="6.51864 5.54435,
	6.5077 5.53341,
	6.51864 5.52247,
	6.52958 5.53341,
	"/>
<Contour name="d10ax30ssvr" hidden="false" closed="true" simplified="false" border="0 1 0" fill="0 0 0.502" mode="11"
 points="6.41861 5.60062,
	6.40766 5.58968,
	6.41861 5.57874,
	6.42955 5.58968,
	"/>
<Contour name="d10ax30ssvr" hidden="false" closed="true" simplified="false" border="0 1 0" fill="0 0 0.502" mode="11"
 points="6.34983 5.59906,
	6.33889 5.58812,
	6.34983 5.57718,
	6.36077 5.58812,
	"/>
<Contour name="d10ax30ssvr" hidden="false" closed="true" simplified="false" border="0 1 0" fill="0 0 0.502" mode="11"
 points="6.45925 5.63345,
	6.4483 5.62251,
	6.45925 5.61157,
	6.47019 5.62251,
	"/>
<Contour name="d10ax30ssvr" hidden="false" closed="true" simplified="false" border="0 1 0" fill="0 0 0.502" mode="11"
 points="6.50458 5.6569,
	6.49363 5.64595,
	6.50458 5.63501,
	6.51552 5.64595,
	"/>
<Contour name="d10ax30ssvr" hidden="false" closed="true" simplified="false" border="0 1 0" fill="0 0 0.502" mode="11"
 points="6.55459 5.63658,
	6.54365 5.62563,
	6.55459 5.61469,
	6.56554 5.62563,
	"/>
<Contour name="d10ax30ssvr" hidden="false" closed="true" simplified="false" border="0 1 0" fill="0 0 0.502" mode="11"
 points="6.68277 5.62251,
	6.67182 5.61157,
	6.68277 5.60062,
	6.69371 5.61157,
	"/>
<Contour name="d10ax30ssvd" hidden="false" closed="true" simplified="false" border="1 0.502 0" fill="0 0 1" mode="11"
 points="6.47957 5.6819,
	6.46862 5.67096,
	6.47957 5.66002,
	6.49051 5.67096,
	"/>
<Contour name="d10ax30ssvd" hidden="false" closed="true" simplified="false" border="1 0.502 0" fill="0 0 1" mode="11"
 points="6.43267 5.66471,
	6.42173 5.65377,
	6.43267 5.64283,
	6.44362 5.65377,
	"/>
<Contour name="d10ax30ssvd" hidden="false" closed="true" simplified="false" border="1 0.502 0" fill="0 0 1" mode="11"
 points="6.37015 5.64595,
	6.35921 5.63501,
	6.37015 5.62407,
	6.38109 5.63501,
	"/>
</Transform>

<Transform dim="0"
 xcoef=" 0 1 0 0 0 0"
 ycoef=" 0 0 1 0 0 0">
<Contour name="d05ax30a" hidden="false" closed="true" simplified="true" border="0 1 1" fill="0 1 1" mode="-11"
 points="2.05434 5.44445,
	2.06231 5.43534,
	2.09875 5.41029,
	2.10786 5.4046,
	2.11242 5.40232,
	2.14886 5.3989,
	2.1853 5.3989,
	2.22174 5.40118,
	2.23996 5.40118,
	2.2764 5.39776,
	2.29462 5.39548,
	2.33106 5.39662,
	2.3675 5.39435,
	2.37661 5.39321,
	2.39483 5.38524,
	2.41191 5.37385,
	2.42899 5.36588,
	2.44721 5.36246,
	2.46543 5.36246,
	2.48365 5.36474,
	2.48821 5.36474,
	2.49276 5.36702,
	2.49732 5.36702,
	2.50643 5.37157,
	2.51326 5.3784,
	2.51896 5.38751,
	2.52123 5.39207,
	2.52579 5.39662,
	2.52807 5.40573,
	2.52807 5.40801,
	2.53034 5.41029,
	2.53148 5.41484,
	2.53376 5.41712,
	2.53604 5.42623,
	2.53604 5.43079,
	2.53945 5.4399,
	2.54173 5.45812,
	2.54059 5.47634,
	2.53831 5.48545,
	2.53376 5.49456,
	2.51554 5.50936,
	2.50757 5.51619,
	2.49276 5.53441,
	2.48024 5.5515,
	2.47227 5.56061,
	2.46771 5.56516,
	2.46202 5.57427,
	2.44607 5.58908,
	2.42785 5.60274,
	2.40963 5.61413,
	2.39141 5.62779,
	2.35611 5.65057,
	2.35383 5.65057,
	2.34472 5.65626,
	2.3265 5.6631,
	2.30828 5.66537,
	2.29917 5.66651,
	2.26273 5.66537,
	2.24451 5.66651,
	2.20807 5.66196,
	2.17163 5.65171,
	2.15341 5.64601,
	2.14886 5.64374,
	2.14658 5.64146,
	2.13747 5.63804,
	2.12836 5.63121,
	2.1238 5.62665,
	2.11811 5.61754,
	2.11469 5.61299,
	2.11469 5.61071,
	2.11128 5.60616,
	2.09647 5.57086,
	2.08395 5.55264,
	2.07711 5.54352,
	2.07256 5.53441,
	2.0737 5.51619,
	2.07256 5.49797,
	2.07142 5.49342,
	2.06914 5.49228,
	2.06914 5.49,
	2.06459 5.48545,
	2.05548 5.46723,
	2.05434 5.44901,
	2.05434 5.44559,
	"/>
</Transform>

<Transform dim="0"
 xcoef=" 0 1 0 0 0 0"
 ycoef=" 0 0 1 0 0 0">
<Contour name="d10c30" hidden="false" closed="true" simplified="true" border="1 0 0" fill="1 0 0" mode="11"
 points="6.2826 5.67017,
	6.29067 5.60565,
	6.29117 5.60162,
	6.29167 5.60061,
	6.42071 5.6364,
	6.42878 5.63892,
	6.43281 5.63993,
	6.49733 5.67471,
	6.51346 5.68327,
	6.51749 5.68479,
	6.58201 5.69033,
	6.61427 5.69336,
	6.62234 5.69386,
	6.62637 5.69436,
	6.62839 5.69487,
	6.63091 5.72713,
	6.63192 5.74326,
	6.63242 5.75132,
	6.63292 5.75536,
	6.63242 5.75636,
	6.5679 5.75687,
	6.53564 5.75687,
	6.51951 5.75687,
	6.51144 5.75687,
	6.50741 5.75687,
	6.37837 5.70848,
	6.31385 5.68428,
	6.29772 5.67823,
	6.28966 5.67521,
	6.28563 5.6737,
	6.28361 5.67269,
	6.2826 5.67219,
	6.2826 5.67067,
	"/>
</Transform>

</Section>