<?xml version="1.0"?>
<!DOCTYPE Section SYSTEM "section.dtd">

<Section index="170" thickness="0.0471499" alignLocked="true">
<Transform dim="0"
 xcoef=" 0 1 0 0 0 0"
 ycoef=" 0 0 1 0 0 0">
<Contour name="D06" hidden="false" closed="true" simplified="true" border="0 0 1" fill="0 0 1" mode="-9"
 points="-1.20144 2.65382,
	-1.19143 2.60328,
	-1.16239 2.55769,
	-1.11716 2.5215,
	-1.06017 2.49827,
	-0.996994 2.49027,
	-0.933817 2.49827,
	-0.876824 2.5215,
	-0.831594 2.55769,
	-0.802555 2.60328,
	-0.792549 2.65382,
	-0.802555 2.70436,
	-0.831594 2.74996,
	-0.876824 2.78614,
	-0.933817 2.80937,
	-0.996994 2.81738,
	-1.06017 2.80937,
	-1.11716 2.78614,
	-1.16239 2.74996,
	"/>
</Transform>

<Transform dim="0"
 xcoef=" 0 1 0 0 0 0"
 ycoef=" 0 0 1 0 0 0">
<Contour name="d09" hidden="false" closed="true" simplified="true" border="0 1 0" fill="0 1 0" mode="-11"
 points="5.8267 4.43989,
	5.83976 4.3981,
	5.84498 4.35631,
	5.84498 4.34587,
	5.85281 4.32497,
	5.8711 4.30408,
	5.87371 4.29363,
	5.88677 4.27274,
	5.90505 4.25707,
	5.9155 4.24923,
	5.92072 4.24401,
	5.92594 4.24401,
	5.93639 4.23617,
	5.95728 4.23095,
	5.96251 4.22573,
	5.9834 4.2205,
	6.06697 4.21267,
	6.15055 4.18655,
	6.17144 4.17872,
	6.17667 4.17872,
	6.18189 4.17349,
	6.20278 4.16827,
	6.22368 4.15782,
	6.2289 4.15782,
	6.23935 4.14999,
	6.24979 4.14738,
	6.25502 4.14215,
	6.2968 4.12648,
	6.3177 4.11604,
	6.32292 4.11604,
	6.32814 4.11081,
	6.36993 4.10298,
	6.41172 4.10037,
	6.42216 4.09775,
	6.43261 4.10037,
	6.4744 4.12387,
	6.49529 4.13432,
	6.50052 4.13954,
	6.52141 4.14476,
	6.52663 4.14476,
	6.53186 4.14999,
	6.57364 4.15521,
	6.61543 4.15521,
	6.63632 4.16827,
	6.63632 4.17349,
	6.64677 4.18133,
	6.65199 4.18133,
	6.65722 4.18655,
	6.66244 4.18655,
	6.66766 4.19177,
	6.68856 4.19439,
	6.70945 4.20222,
	6.7199 4.20483,
	6.73035 4.21267,
	6.75124 4.2205,
	6.76169 4.22834,
	6.77213 4.24662,
	6.77474 4.26751,
	6.78258 4.28841,
	6.8087 4.32758,
	6.82437 4.34587,
	6.84526 4.36676,
	6.86093 4.38504,
	6.86615 4.38765,
	6.86354 4.40855,
	6.86093 4.41899,
	6.82698 4.45817,
	6.7878 4.49212,
	6.74602 4.52085,
	6.71206 4.55741,
	6.70945 4.56786,
	6.67811 4.60965,
	6.64416 4.6436,
	6.62588 4.65666,
	6.58931 4.69322,
	6.55536 4.71934,
	6.53969 4.73501,
	6.53447 4.73501,
	6.51619 4.75329,
	6.4979 4.76635,
	6.45873 4.80291,
	6.41955 4.83164,
	6.40388 4.84992,
	6.38299 4.86559,
	6.3412 4.88126,
	6.32031 4.88649,
	6.27852 4.88649,
	6.26807 4.88649,
	6.26285 4.88649,
	6.25763 4.88126,
	6.17405 4.87343,
	6.16361 4.86559,
	6.16099 4.85515,
	6.15316 4.8447,
	6.15055 4.83425,
	6.13227 4.81597,
	6.12182 4.80552,
	6.03825 4.77941,
	5.95728 4.74023,
	5.91811 4.71673,
	5.89721 4.70889,
	5.87893 4.69322,
	5.87371 4.68277,
	5.86326 4.67233,
	5.85281 4.65143,
	5.8502 4.60965,
	5.85804 4.56786,
	5.86065 4.54697,
	5.83714 4.50518,
	5.8267 4.48429,
	5.8267 4.4425,
	"/>
</Transform>

<Transform dim="0"
 xcoef=" 0 1 0 0 0 0"
 ycoef=" 0 0 1 0 0 0">
<Contour name="d09" hidden="false" closed="true" simplified="true" border="0 1 0" fill="0 1 0" mode="-11"
 points="6.99935 3.66682,
	7.00457 3.64593,
	7.01502 3.62504,
	7.01763 3.61459,
	7.03853 3.59631,
	7.05942 3.58847,
	7.06987 3.58325,
	7.09076 3.58325,
	7.13255 3.59108,
	7.17433 3.59108,
	7.18478 3.59108,
	7.19523 3.58586,
	7.20567 3.59631,
	7.21873 3.6172,
	7.22657 3.65899,
	7.22918 3.70078,
	7.23179 3.72167,
	7.23963 3.73212,
	7.24224 3.74256,
	7.29447 3.82353,
	7.2997 3.84442,
	7.29708 3.86531,
	7.28664 3.87576,
	7.26574 3.87576,
	7.22396 3.8627,
	7.18217 3.84442,
	7.09859 3.82091,
	7.05942 3.80002,
	7.04114 3.78174,
	7.01502 3.73995,
	7.00196 3.71906,
	6.99935 3.67727,
	6.99935 3.66944,
	"/>
</Transform>

<Transform dim="0"
 xcoef=" 0 1 0 0 0 0"
 ycoef=" 0 0 1 0 0 0">
<Contour name="d09c48" hidden="false" closed="true" simplified="true" border="0 0.502 1" fill="0 0.502 1" mode="-9"
 points="7.21356 3.61062,
	7.2174 3.60293,
	7.22509 3.59524,
	7.24047 3.58947,
	7.24432 3.58563,
	7.24816 3.58563,
	7.25585 3.57986,
	7.27123 3.58755,
	7.27892 3.5914,
	7.29046 3.60678,
	7.29046 3.62216,
	7.28085 3.68368,
	7.28085 3.69906,
	7.2943 3.76059,
	7.31545 3.79135,
	7.33276 3.82019,
	7.34237 3.83557,
	7.34237 3.85095,
	7.33852 3.86633,
	7.32891 3.87979,
	7.32122 3.88363,
	7.30584 3.88363,
	7.29815 3.88171,
	7.2943 3.88171,
	7.28661 3.87402,
	7.28469 3.85864,
	7.28661 3.84326,
	7.28661 3.83557,
	7.29046 3.82788,
	7.28469 3.81249,
	7.2597 3.78366,
	7.24624 3.76828,
	7.23663 3.75482,
	7.23086 3.74713,
	7.23086 3.74328,
	7.22701 3.73944,
	7.22125 3.70868,
	7.22125 3.67791,
	7.21356 3.64715,
	7.21356 3.61639,
	7.21356 3.61255,
	"/>
<Contour name="d09cfa48" hidden="false" closed="false" simplified="false" border="0 1 1" fill="0 1 1" mode="9"
 points="7.30106 3.8783,
	7.30491 3.86292,
	7.30683 3.83985,
	7.30299 3.81294,
	7.28568 3.78794,
	7.26261 3.76103,
	7.24339 3.72834,
	7.2357 3.69566,
	7.23185 3.66105,
	7.2357 3.62837,
	7.24146 3.58799,
	"/>
</Transform>

<Transform dim="0"
 xcoef=" 0 1 0 0 0 0"
 ycoef=" 0 0 1 0 0 0">
<Contour name="d01" hidden="false" closed="true" simplified="true" border="1 1 0" fill="1 0.5 0" mode="11"
 points="0.991149 5.22538,
	0.996728 5.19563,
	1.00789 5.16588,
	1.01904 5.151,
	1.0488 5.12868,
	1.07855 5.11567,
	1.1083 5.11009,
	1.11574 5.11009,
	1.13062 5.0822,
	1.13991 5.06732,
	1.15293 5.0543,
	1.16037 5.04872,
	1.19012 5.045,
	1.19756 5.04314,
	1.20686 5.02827,
	1.21988 4.99851,
	1.22917 4.98364,
	1.23289 4.9762,
	1.26265 4.96132,
	1.27752 4.94645,
	1.28496 4.93901,
	1.28496 4.92413,
	1.2831 4.91669,
	1.27752 4.90926,
	1.27566 4.9074,
	1.29054 4.89252,
	1.30542 4.88322,
	1.31657 4.8702,
	1.31471 4.85533,
	1.31471 4.84789,
	1.31471 4.84417,
	1.3017 4.82929,
	1.29798 4.81442,
	1.29984 4.80698,
	1.32587 4.78466,
	1.33145 4.76979,
	1.33145 4.71028,
	1.34633 4.68053,
	1.36678 4.65078,
	1.38166 4.64148,
	1.41141 4.63032,
	1.47092 4.61358,
	1.50067 4.59499,
	1.5267 4.56524,
	1.53972 4.55036,
	1.5453 4.54292,
	1.60481 4.52619,
	1.63456 4.52247,
	1.66431 4.52247,
	1.72382 4.51503,
	1.75357 4.51689,
	1.76845 4.51689,
	1.82795 4.55036,
	1.85771 4.56524,
	1.88746 4.57639,
	1.91721 4.58383,
	1.93209 4.58569,
	1.96184 4.61173,
	1.96556 4.61544,
	2.02507 4.61544,
	2.03251 4.61544,
	2.05668 4.64334,
	2.07156 4.65264,
	2.079 4.6545,
	2.09387 4.65078,
	2.12363 4.66379,
	2.15338 4.68797,
	2.1478 4.71772,
	2.14594 4.72516,
	2.11619 4.75305,
	2.08643 4.77723,
	2.07156 4.78838,
	2.02507 4.84603,
	2.01019 4.85905,
	2.00275 4.86649,
	1.98788 4.8702,
	1.95812 4.88508,
	1.95069 4.8888,
	1.94697 4.89066,
	1.94511 4.90554,
	1.91535 4.93157,
	1.85585 4.96132,
	1.82609 4.9762,
	1.81122 4.98178,
	1.79634 4.99108,
	1.79262 5.00595,
	1.79076 5.01339,
	1.76101 5.03013,
	1.73126 5.03571,
	1.71638 5.03757,
	1.70894 5.03757,
	1.64944 5.05616,
	1.61968 5.06732,
	1.60481 5.0729,
	1.59737 5.07662,
	1.53786 5.06918,
	1.50811 5.0636,
	1.4486 5.05988,
	1.3891 5.05988,
	1.35934 5.06918,
	1.34447 5.07476,
	1.31471 5.08034,
	1.29984 5.0822,
	1.2924 5.08406,
	1.26636 5.11195,
	1.23661 5.12868,
	1.22545 5.1417,
	1.21988 5.14914,
	1.19012 5.15472,
	1.1864 5.1696,
	1.1864 5.17703,
	1.18268 5.18447,
	1.16781 5.19749,
	1.15293 5.20307,
	1.14549 5.20679,
	1.14177 5.21237,
	1.13991 5.22724,
	1.099 5.28675,
	1.08041 5.3165,
	1.07111 5.33138,
	1.04136 5.35369,
	1.03392 5.35927,
	1.01904 5.36113,
	1.00417 5.35927,
	0.993009 5.34439,
	0.991149 5.22724,
	"/>
</Transform>

<Transform dim="0"
 xcoef=" 0 1 0 0 0 0"
 ycoef=" 0 0 1 0 0 0">
<Contour name="d01" hidden="false" closed="true" simplified="true" border="1 1 0" fill="1 0.5 0" mode="11"
 points="2.14594 4.6266,
	2.15896 4.61173,
	2.18871 4.58941,
	2.20359 4.58011,
	2.26309 4.55966,
	2.3226 4.52433,
	2.35235 4.49643,
	2.35979 4.48899,
	2.37653 4.45924,
	2.3914 4.44808,
	2.40628 4.44436,
	2.41372 4.44064,
	2.44347 4.43879,
	2.47322 4.42949,
	2.4881 4.42577,
	2.49926 4.44064,
	2.50112 4.4704,
	2.48996 4.50015,
	2.48438 4.51503,
	2.48252 4.52247,
	2.46207 4.55222,
	2.45835 4.5671,
	2.45649 4.57453,
	2.43789 4.60429,
	2.42859 4.61916,
	2.42487 4.6266,
	2.39512 4.64706,
	2.38025 4.65635,
	2.37281 4.66007,
	2.34863 4.68983,
	2.33376 4.70098,
	2.31888 4.70284,
	2.31144 4.70098,
	2.304 4.69541,
	2.27425 4.68983,
	2.2445 4.68797,
	2.21474 4.69727,
	2.20731 4.69912,
	2.20359 4.70098,
	2.17011 4.64334,
	2.1571 4.63404,
	2.14966 4.63032,
	2.1478 4.62846,
	"/>
</Transform>

<Transform dim="0"
 xcoef=" 0 1 0 0 0 0"
 ycoef=" 0 0 1 0 0 0">
<Contour name="d02" hidden="false" closed="true" simplified="true" border="0.502 0 1" fill="1 0.5 0" mode="11"
 points="3.00836 2.40276,
	3.01081 2.38315,
	3.01817 2.36354,
	3.02307 2.35373,
	3.04268 2.34147,
	3.07946 2.30469,
	3.11869 2.27772,
	3.13585 2.25811,
	3.15547 2.25811,
	3.16527 2.25566,
	3.17508 2.2483,
	3.17998 2.2434,
	3.18244 2.20417,
	3.18979 2.19681,
	3.22902 2.18946,
	3.23883 2.18701,
	3.27806 2.15268,
	3.29767 2.14042,
	3.37613 2.12816,
	3.39574 2.12571,
	3.43497 2.13061,
	3.45459 2.13552,
	3.53304 2.17965,
	3.55266 2.18701,
	3.57227 2.19926,
	3.59189 2.21888,
	3.6066 2.23849,
	3.62621 2.27772,
	3.63357 2.29734,
	3.63602 2.30714,
	3.65563 2.31695,
	3.66544 2.32431,
	3.66789 2.33411,
	3.66544 2.34392,
	3.65318 2.36354,
	3.63357 2.37089,
	3.59434 2.37334,
	3.57472 2.37579,
	3.5355 2.39296,
	3.51588 2.41257,
	3.50607 2.42238,
	3.49627 2.44199,
	3.49136 2.4518,
	3.47175 2.46896,
	3.46194 2.47877,
	3.44233 2.48613,
	3.4031 2.49348,
	3.38348 2.49838,
	3.34426 2.49838,
	3.30503 2.518,
	3.2658 2.53271,
	3.22657 2.54006,
	3.14811 2.54742,
	3.1285 2.55232,
	3.08927 2.53516,
	3.01326 2.46161,
	3.01081 2.42238,
	3.00836 2.40522,
	"/>
</Transform>

<Transform dim="0"
 xcoef=" 0 1 0 0 0 0"
 ycoef=" 0 0 1 0 0 0">
<Contour name="d03" hidden="false" closed="true" simplified="true" border="1 0 0.502" fill="1 0.5 0" mode="11"
 points="0.989356 3.87974,
	0.990942 3.87339,
	1.00045 3.86071,
	1.00521 3.85595,
	1.0179 3.8512,
	1.03058 3.8401,
	1.03692 3.83376,
	1.06229 3.82583,
	1.06546 3.82583,
	1.08924 3.8068,
	1.09241 3.80046,
	1.09559 3.79729,
	1.09717 3.77192,
	1.09559 3.75924,
	1.10034 3.74655,
	1.10034 3.74338,
	1.12412 3.72911,
	1.13047 3.72436,
	1.13364 3.72119,
	1.13681 3.72119,
	1.14949 3.71167,
	1.15266 3.71167,
	1.17803 3.69582,
	1.18437 3.68472,
	1.18754 3.67838,
	1.19389 3.67203,
	1.19706 3.66886,
	1.22243 3.67045,
	1.23511 3.67362,
	1.24779 3.67362,
	1.25414 3.67362,
	1.26682 3.66886,
	1.29219 3.65142,
	1.30487 3.64825,
	1.31756 3.64825,
	1.32073 3.64508,
	1.3239 3.64508,
	1.32865 3.64032,
	1.32865 3.63715,
	1.33975 3.62923,
	1.35244 3.62447,
	1.35878 3.6213,
	1.38415 3.6213,
	1.39049 3.6213,
	1.40317 3.61496,
	1.40634 3.61179,
	1.43171 3.60227,
	1.4444 3.5991,
	1.49513 3.60069,
	1.5205 3.60386,
	1.52684 3.60703,
	1.53001 3.60703,
	1.54111 3.61496,
	1.5538 3.61971,
	1.57917 3.6213,
	1.59185 3.62605,
	1.60453 3.63398,
	1.61088 3.63557,
	1.61722 3.63398,
	1.62039 3.63081,
	1.64576 3.63081,
	1.6521 3.6324,
	1.65527 3.63557,
	1.66161 3.63715,
	1.66478 3.64032,
	1.66795 3.64032,
	1.67905 3.65142,
	1.68539 3.65618,
	1.68857 3.65935,
	1.71393 3.66094,
	1.72028 3.66094,
	1.72662 3.66411,
	1.7393 3.66569,
	1.7504 3.67521,
	1.75991 3.68789,
	1.76467 3.70057,
	1.76467 3.72594,
	1.75674 3.75131,
	1.75674 3.75765,
	1.76467 3.77034,
	1.76625 3.77509,
	1.7726 3.77985,
	1.77577 3.78302,
	1.78845 3.78778,
	1.80114 3.78936,
	1.80748 3.78936,
	1.81382 3.79253,
	1.82016 3.79253,
	1.8265 3.79729,
	1.83285 3.79729,
	1.85821 3.80839,
	1.86139 3.81156,
	1.86456 3.81156,
	1.88834 3.82583,
	1.91371 3.82583,
	1.92639 3.82583,
	1.92956 3.82583,
	1.9359 3.83059,
	1.93908 3.83376,
	1.93908 3.84644,
	1.93908 3.85278,
	1.93273 3.86547,
	1.93273 3.87815,
	1.93115 3.88449,
	1.92005 3.89559,
	1.90736 3.90035,
	1.90102 3.90193,
	1.89785 3.90193,
	1.89468 3.9051,
	1.89151 3.9051,
	1.86773 3.92572,
	1.85663 3.93364,
	1.8487 3.94474,
	1.84394 3.95108,
	1.84077 3.95425,
	1.83602 3.96694,
	1.83126 3.9717,
	1.83126 3.97487,
	1.8265 3.97962,
	1.82333 3.98121,
	1.82175 3.99389,
	1.82175 3.99706,
	1.81858 4.00023,
	1.81382 4.0256,
	1.81382 4.03829,
	1.81858 4.05097,
	1.82492 4.05731,
	1.8265 4.06365,
	1.82968 4.06683,
	1.82809 4.09219,
	1.82016 4.10329,
	1.81699 4.10646,
	1.81541 4.13183,
	1.81223 4.13817,
	1.81223 4.14452,
	1.79796 4.1683,
	1.79004 4.1794,
	1.78687 4.18257,
	1.7837 4.18257,
	1.78211 4.18574,
	1.76943 4.18732,
	1.75674 4.19208,
	1.73296 4.21586,
	1.72662 4.22221,
	1.72028 4.22538,
	1.7171 4.22855,
	1.70442 4.2333,
	1.67905 4.23172,
	1.65368 4.22379,
	1.64734 4.21903,
	1.62197 4.21903,
	1.59661 4.22538,
	1.57124 4.22379,
	1.5649 4.22062,
	1.53953 4.21903,
	1.52684 4.22062,
	1.51416 4.22696,
	1.50782 4.22855,
	1.50465 4.22855,
	1.50148 4.23172,
	1.47611 4.23172,
	1.46342 4.23172,
	1.45074 4.23647,
	1.43805 4.24599,
	1.43171 4.24916,
	1.42854 4.25233,
	1.40317 4.26184,
	1.4 4.26184,
	1.39208 4.27294,
	1.3889 4.27611,
	1.38415 4.2888,
	1.38415 4.29197,
	1.37939 4.29831,
	1.37146 4.30465,
	1.35878 4.30941,
	1.35244 4.31575,
	1.34927 4.32209,
	1.3461 4.32526,
	1.34451 4.33161,
	1.34134 4.33319,
	1.34134 4.33953,
	1.33658 4.35222,
	1.335 4.3649,
	1.33024 4.37758,
	1.32231 4.39027,
	1.32231 4.39344,
	1.3128 4.40454,
	1.31121 4.42991,
	1.30487 4.45527,
	1.29853 4.46796,
	1.29377 4.4743,
	1.28902 4.49967,
	1.28426 4.51235,
	1.2795 4.5187,
	1.27316 4.5187,
	1.26682 4.51552,
	1.25889 4.49016,
	1.25572 4.47747,
	1.24462 4.4521,
	1.24304 4.42674,
	1.24462 4.41405,
	1.24938 4.40137,
	1.24938 4.3982,
	1.25255 4.39503,
	1.25255 4.38234,
	1.25097 4.376,
	1.24145 4.36649,
	1.23828 4.3649,
	1.23828 4.36173,
	1.23352 4.35539,
	1.23352 4.35222,
	1.23035 4.35063,
	1.22877 4.32526,
	1.23035 4.2999,
	1.23035 4.28721,
	1.22877 4.28087,
	1.21925 4.26818,
	1.21925 4.26501,
	1.2145 4.25867,
	1.21291 4.24599,
	1.2145 4.23965,
	1.2256 4.23172,
	1.22401 4.21903,
	1.21767 4.21269,
	1.21133 4.20001,
	1.20974 4.17464,
	1.20023 4.16671,
	1.18754 4.16196,
	1.17645 4.15244,
	1.16852 4.13976,
	1.16218 4.11439,
	1.16218 4.10171,
	1.15742 4.07634,
	1.15108 4.07475,
	1.14474 4.07634,
	1.14157 4.07634,
	1.13681 4.08902,
	1.13681 4.10171,
	1.13205 4.11439,
	1.11937 4.11281,
	1.09559 4.09536,
	1.09083 4.09061,
	1.08766 4.09061,
	1.07656 4.0811,
	1.07339 4.0811,
	1.06229 4.07158,
	1.05912 4.07158,
	1.04802 4.06207,
	1.04009 4.04938,
	1.04009 4.0367,
	1.04009 4.03036,
	1.04643 4.01767,
	1.05753 4.00499,
	1.06229 3.99389,
	1.06229 3.98121,
	1.05278 3.97011,
	1.04009 3.96218,
	1.03217 3.95267,
	1.02265 3.93999,
	1.0179 3.93364,
	1.01472 3.93206,
	1.01472 3.92889,
	1.00997 3.92413,
	1.0068 3.92413,
	0.997284 3.91145,
	0.990942 3.89876,
	0.989356 3.88608,
	0.989356 3.88132,
	"/>
</Transform>

<Transform dim="0"
 xcoef=" 0 1 0 0 0 0"
 ycoef=" 0 0 1 0 0 0">
<Contour name="d03" hidden="false" closed="true" simplified="true" border="1 0 0.502" fill="1 0.5 0" mode="11"
 points="-0.582434 4.19769,
	-0.575984 4.18049,
	-0.558785 4.16974,
	-0.541587 4.16329,
	-0.507189 4.14179,
	-0.48999 4.13319,
	-0.455592 4.13319,
	-0.438393 4.13319,
	-0.421195 4.1289,
	-0.386797 4.1289,
	-0.369598 4.13105,
	-0.3352 4.1246,
	-0.300803 4.12675,
	-0.292203 4.1289,
	-0.275005 4.13964,
	-0.257806 4.13964,
	-0.223408 4.13319,
	-0.206209 4.13534,
	-0.171811 4.15039,
	-0.154613 4.15254,
	-0.137414 4.14609,
	-0.122365 4.15469,
	-0.113765 4.15899,
	-0.100866 4.17404,
	-0.0686184 4.19339,
	-0.0428202 4.22779,
	-0.0385205 4.23639,
	-0.0213216 4.24929,
	-0.0191718 4.25789,
	-0.0105723 4.26434,
	-0.00627263 4.26434,
	0.00232679 4.27079,
	0.0066265 4.27509,
	0.00877636 4.34388,
	0.00877636 4.36108,
	0.0195256 4.39548,
	0.0195256 4.41268,
	0.0109262 4.44707,
	0.00877636 4.48147,
	0.0152259 4.51587,
	0.0173758 4.55027,
	0.0152259 4.56747,
	0.0195256 4.60186,
	0.0195256 4.61906,
	0.0195256 4.62766,
	0.0173758 4.63196,
	0.00877636 4.63626,
	-0.00842248 4.63411,
	-0.0170219 4.63411,
	-0.0492697 4.65776,
	-0.0535694 4.66206,
	-0.0707683 4.66851,
	-0.090117 4.67926,
	-0.124515 4.67926,
	-0.158912 4.69861,
	-0.176111 4.70721,
	-0.204059 4.7416,
	-0.206209 4.7502,
	-0.212659 4.7588,
	-0.212659 4.7631,
	-0.247056 4.79535,
	-0.264255 4.80825,
	-0.298653 4.8276,
	-0.315852 4.8362,
	-0.333051 4.8491,
	-0.3481 4.8663,
	-0.354549 4.87489,
	-0.356699 4.87919,
	-0.360999 4.87919,
	-0.395396 4.90714,
	-0.412595 4.91789,
	-0.446993 4.93079,
	-0.464192 4.93939,
	-0.472791 4.94369,
	-0.507189 4.94154,
	-0.515788 4.93724,
	-0.524388 4.93724,
	-0.532987 4.93079,
	-0.535137 4.92219,
	-0.532987 4.91359,
	-0.532987 4.90929,
	-0.526538 4.90069,
	-0.524388 4.88349,
	-0.49214 4.85125,
	-0.481391 4.83405,
	-0.472791 4.82545,
	-0.438393 4.8061,
	-0.429794 4.8018,
	-0.403996 4.7674,
	-0.388947 4.75235,
	-0.367448 4.71796,
	-0.358849 4.70076,
	-0.356699 4.68356,
	-0.352399 4.67496,
	-0.352399 4.64056,
	-0.352399 4.62336,
	-0.358849 4.61476,
	-0.360999 4.60616,
	-0.367448 4.59756,
	-0.371748 4.59326,
	-0.371748 4.58896,
	-0.384647 4.57177,
	-0.399696 4.53737,
	-0.403996 4.52017,
	-0.403996 4.48577,
	-0.395396 4.45137,
	-0.395396 4.44707,
	-0.391097 4.44277,
	-0.391097 4.42558,
	-0.393247 4.41698,
	-0.397546 4.41268,
	-0.401846 4.39548,
	-0.401846 4.38688,
	-0.423345 4.35248,
	-0.453442 4.31808,
	-0.466342 4.30303,
	-0.48354 4.28583,
	-0.49214 4.28368,
	-0.526538 4.26004,
	-0.535137 4.25359,
	-0.569535 4.23854,
	-0.580284 4.22779,
	-0.582434 4.21059,
	-0.582434 4.20199,
	-0.582434 4.19984,
	"/>
</Transform>

<Transform dim="0"
 xcoef=" 0 1 0 0 0 0"
 ycoef=" 0 0 1 0 0 0">
<Contour name="d04" hidden="false" closed="true" simplified="true" border="1 0 0" fill="1 0.5 0" mode="11"
 points="1.77184 4.23296,
	1.78048 4.22432,
	1.78912 4.22216,
	1.79561 4.21136,
	1.80641 4.17678,
	1.81073 4.1595,
	1.83234 4.12493,
	1.83666 4.1206,
	1.83666 4.11628,
	1.84314 4.1098,
	1.84314 4.09251,
	1.83666 4.05794,
	1.83666 3.9888,
	1.8453 3.97151,
	1.87556 3.9391,
	1.88852 3.92397,
	1.89068 3.91965,
	1.895 3.91965,
	1.92741 3.89588,
	1.93822 3.88724,
	1.94686 3.88508,
	1.94902 3.88076,
	1.96631 3.87644,
	2.00088 3.86131,
	2.00952 3.85915,
	2.01385 3.85483,
	2.02249 3.85267,
	2.02681 3.84835,
	2.03113 3.84835,
	2.0657 3.82242,
	2.07003 3.82242,
	2.08515 3.80945,
	2.08947 3.80945,
	2.10244 3.79865,
	2.13701 3.78352,
	2.14565 3.77704,
	2.18023 3.77488,
	2.18887 3.77704,
	2.20615 3.77056,
	2.22344 3.75975,
	2.23208 3.75759,
	2.24073 3.75111,
	2.30771 3.7295,
	2.31635 3.72518,
	2.3855 3.72518,
	2.40279 3.72518,
	2.41143 3.73166,
	2.42871 3.73815,
	2.446 3.73815,
	2.46329 3.74895,
	2.48057 3.75111,
	2.49786 3.76408,
	2.51082 3.77488,
	2.54108 3.80729,
	2.57133 3.8289,
	2.57997 3.83106,
	2.58429 3.83106,
	2.58861 3.83538,
	2.59726 3.83754,
	2.61454 3.85267,
	2.6167 3.86995,
	2.61238 3.88724,
	2.60158 3.90453,
	2.59726 3.91101,
	2.59293 3.91317,
	2.58861 3.93046,
	2.58861 3.94774,
	2.59293 3.96503,
	2.59942 3.97367,
	2.59942 3.97799,
	2.6059 3.98664,
	2.6059 4.00392,
	2.60374 4.01257,
	2.59293 4.02985,
	2.567 4.05578,
	2.54972 4.07091,
	2.54108 4.07307,
	2.53243 4.07955,
	2.46329 4.10332,
	2.446 4.10548,
	2.42871 4.11196,
	2.41791 4.12493,
	2.41143 4.14221,
	2.39846 4.15734,
	2.36389 4.17678,
	2.34012 4.20487,
	2.33148 4.21136,
	2.31419 4.21568,
	2.27962 4.24161,
	2.21048 4.26754,
	2.20183 4.27402,
	2.19751 4.27402,
	2.18023 4.28698,
	2.17158 4.28698,
	2.1543 4.29347,
	2.13701 4.29347,
	2.11972 4.29995,
	2.11108 4.30643,
	2.10676 4.30643,
	2.10028 4.31291,
	2.09595 4.31291,
	2.09163 4.31723,
	2.07435 4.3194,
	2.05706 4.32588,
	2.05274 4.3302,
	2.01817 4.33668,
	2.00952 4.33884,
	2.0052 4.33884,
	2.00088 4.34316,
	1.99224 4.34533,
	1.97711 4.35613,
	1.95983 4.36261,
	1.92525 4.36477,
	1.90797 4.36693,
	1.87339 4.36477,
	1.83882 4.35181,
	1.83018 4.34965,
	1.83018 4.34533,
	1.8237 4.33668,
	1.8237 4.32804,
	1.8237 4.32372,
	1.80641 4.30859,
	1.79777 4.30643,
	1.79345 4.30643,
	1.77832 4.29131,
	1.77832 4.28266,
	1.77184 4.26538,
	1.77184 4.24809,
	1.77184 4.23945,
	1.77184 4.23513,
	"/>
</Transform>

<Transform dim="0"
 xcoef=" 0 1 0 0 0 0"
 ycoef=" 0 0 1 0 0 0">
<Contour name="d04" hidden="false" closed="true" simplified="true" border="1 0 0" fill="1 0.5 0" mode="11"
 points="1.46717 4.4404,
	1.48229 4.42527,
	1.49958 4.41879,
	1.52767 4.3907,
	1.53631 4.38854,
	1.54496 4.3907,
	1.55792 4.40799,
	1.57305 4.42095,
	1.57953 4.42743,
	1.57737 4.43176,
	1.60978 4.45769,
	1.62707 4.46849,
	1.64435 4.47497,
	1.653 4.47713,
	1.65948 4.48361,
	1.65732 4.49226,
	1.64003 4.49874,
	1.63139 4.50306,
	1.56224 4.50522,
	1.54496 4.50738,
	1.52767 4.50522,
	1.51038 4.49442,
	1.50174 4.48794,
	1.49742 4.48794,
	1.48013 4.47713,
	1.47365 4.47281,
	1.47365 4.46849,
	1.46717 4.46201,
	1.46717 4.44472,
	1.46717 4.44256,
	"/>
</Transform>

<Transform dim="0"
 xcoef=" 0 1 0 0 0 0"
 ycoef=" 0 0 1 0 0 0">
<Contour name="d04" hidden="false" closed="true" simplified="true" border="1 0 0" fill="1 0.5 0" mode="11"
 points="2.10676 3.23901,
	2.11756 3.22388,
	2.13485 3.21092,
	2.14781 3.19363,
	2.16294 3.18283,
	2.1651 3.1785,
	2.16942 3.1785,
	2.18239 3.16554,
	2.18239 3.14825,
	2.17374 3.13097,
	2.16942 3.12665,
	2.16942 3.118,
	2.16294 3.10072,
	2.16294 3.09207,
	2.14997 3.0575,
	2.12621 3.02725,
	2.12405 3.01861,
	2.12621 3.00996,
	2.12621 3.00564,
	2.13917 2.99052,
	2.15646 2.97755,
	2.19103 2.96243,
	2.19535 2.96243,
	2.19967 2.95811,
	2.20832 2.95811,
	2.24289 2.94514,
	2.26017 2.93434,
	2.26882 2.92569,
	2.2861 2.92785,
	2.30123 2.9365,
	2.31635 2.95378,
	2.34877 2.97971,
	2.35741 2.9862,
	2.36173 2.99052,
	2.36605 2.99052,
	2.38118 3.00348,
	2.3855 3.00348,
	2.40279 3.01645,
	2.40927 3.01861,
	2.40279 3.02509,
	2.43736 3.04886,
	2.46761 3.07263,
	2.48489 3.08559,
	2.50218 3.09423,
	2.51731 3.1072,
	2.52163 3.1072,
	2.55404 3.14177,
	2.56917 3.1569,
	2.58213 3.1677,
	2.59293 3.18499,
	2.59293 3.21956,
	2.59293 3.2282,
	2.60374 3.23685,
	2.61238 3.23901,
	2.61886 3.24549,
	2.62102 3.25413,
	2.63183 3.26926,
	2.63183 3.28654,
	2.63183 3.29519,
	2.62102 3.31031,
	2.60374 3.32544,
	2.59293 3.3384,
	2.58861 3.3384,
	2.55404 3.35785,
	2.48489 3.38378,
	2.41575 3.39026,
	2.39846 3.39026,
	2.32932 3.36865,
	2.32068 3.36433,
	2.30339 3.36217,
	2.29907 3.35785,
	2.29042 3.35785,
	2.2861 3.35353,
	2.26882 3.34705,
	2.26017 3.3384,
	2.25153 3.32544,
	2.23641 3.31247,
	2.22776 3.31031,
	2.22344 3.31031,
	2.21912 3.30599,
	2.21048 3.30383,
	2.20832 3.29951,
	2.20399 3.29951,
	2.1759 3.26926,
	2.16078 3.25413,
	2.12621 3.25413,
	2.10892 3.25197,
	2.10676 3.24333,
	2.10676 3.24117,
	"/>
</Transform>

<Transform dim="0"
 xcoef=" 0 1 0 0 0 0"
 ycoef=" 0 0 1 0 0 0">
<Contour name="d04" hidden="false" closed="true" simplified="true" border="1 0 0" fill="1 0.5 0" mode="11"
 points="3.32328 3.23469,
	3.3276 3.2174,
	3.34056 3.20227,
	3.37514 3.20227,
	3.38378 3.20227,
	3.3881 3.20227,
	3.39458 3.20876,
	3.42916 3.21092,
	3.44644 3.22172,
	3.45508 3.22604,
	3.46157 3.23469,
	3.46589 3.26926,
	3.48534 3.30383,
	3.49182 3.31247,
	3.49614 3.31463,
	3.49614 3.31896,
	3.51126 3.33624,
	3.51991 3.34488,
	3.53503 3.35569,
	3.54368 3.36001,
	3.548 3.36433,
	3.58257 3.3773,
	3.59121 3.38378,
	3.59986 3.38378,
	3.61714 3.39026,
	3.68629 3.3881,
	3.72086 3.3881,
	3.73815 3.39026,
	3.74679 3.39026,
	3.78136 3.40323,
	3.79001 3.40539,
	3.79433 3.40971,
	3.81161 3.41403,
	3.84619 3.41619,
	3.86347 3.42267,
	3.87211 3.42916,
	3.87644 3.42916,
	3.88292 3.43564,
	3.9002 3.4378,
	3.93478 3.42699,
	3.95206 3.41835,
	4.02121 3.41403,
	4.02985 3.41403,
	4.03849 3.40971,
	4.07307 3.40539,
	4.09035 3.40755,
	4.099 3.40971,
	4.11196 3.42699,
	4.11628 3.43348,
	4.11412 3.45076,
	4.10764 3.46805,
	4.10764 3.47669,
	4.10764 3.48101,
	4.11412 3.48966,
	4.11412 3.50694,
	4.12276 3.52423,
	4.12276 3.54152,
	4.1098 3.55664,
	4.07523 3.56528,
	4.05794 3.56961,
	4.04498 3.58473,
	4.04066 3.58905,
	3.97151 3.61498,
	3.96287 3.62146,
	3.94558 3.62146,
	3.93694 3.62146,
	3.92829 3.61498,
	3.91965 3.61498,
	3.90237 3.62146,
	3.88508 3.63227,
	3.85051 3.64307,
	3.84186 3.64739,
	3.83322 3.64739,
	3.79865 3.66252,
	3.79433 3.66684,
	3.78568 3.66684,
	3.77704 3.67116,
	3.7079 3.67332,
	3.63875 3.66684,
	3.60418 3.66468,
	3.59553 3.66468,
	3.58689 3.66036,
	3.56961 3.6582,
	3.55232 3.65172,
	3.55016 3.64739,
	3.54584 3.64739,
	3.53935 3.64091,
	3.47021 3.63659,
	3.45292 3.63443,
	3.44428 3.63443,
	3.42699 3.62146,
	3.39242 3.61066,
	3.38594 3.60202,
	3.38162 3.5977,
	3.38162 3.58905,
	3.37297 3.57177,
	3.35785 3.5588,
	3.34921 3.55664,
	3.34272 3.55016,
	3.3384 3.55016,
	3.32544 3.53503,
	3.32544 3.50046,
	3.33192 3.48317,
	3.33624 3.47453,
	3.33624 3.43996,
	3.33192 3.43132,
	3.33192 3.41403,
	3.33624 3.40971,
	3.3384 3.40106,
	3.35137 3.38378,
	3.35569 3.37514,
	3.35569 3.35785,
	3.35569 3.34921,
	3.36001 3.34056,
	3.36001 3.32328,
	3.35569 3.31463,
	3.35569 3.31031,
	3.34056 3.29519,
	3.32976 3.28006,
	3.32328 3.26278,
	3.32328 3.24549,
	3.32328 3.23685,
	"/>
</Transform>

<Transform dim="0"
 xcoef=" 0 1 0 0 0 0"
 ycoef=" 0 0 1 0 0 0">
<Contour name="d05" hidden="false" closed="true" simplified="true" border="1 0.502 0" fill="1 0.5 0" mode="11"
 points="3.40734 4.4179,
	3.41297 4.40287,
	3.42424 4.38972,
	3.42988 4.37657,
	3.44866 4.34652,
	3.46181 4.33149,
	3.46557 4.32773,
	3.46557 4.31271,
	3.47872 4.29768,
	3.49374 4.29017,
	3.50126 4.28641,
	3.50501 4.28265,
	3.50314 4.26951,
	3.49938 4.26199,
	3.49562 4.25824,
	3.49562 4.24321,
	3.49938 4.2357,
	3.51441 4.23006,
	3.57451 4.23194,
	3.60457 4.24321,
	3.61772 4.24884,
	3.62523 4.25072,
	3.62899 4.25448,
	3.6365 4.25636,
	3.66655 4.27326,
	3.66843 4.27702,
	3.66843 4.27326,
	3.67219 4.27138,
	3.68721 4.2789,
	3.69097 4.28265,
	3.75108 4.28829,
	3.76611 4.28829,
	3.79616 4.30707,
	3.80367 4.31459,
	3.81682 4.32398,
	3.82058 4.33149,
	3.82058 4.34652,
	3.8187 4.35403,
	3.80743 4.36718,
	3.7924 4.37845,
	3.78677 4.38221,
	3.78489 4.39723,
	3.77738 4.41038,
	3.76235 4.41226,
	3.7323 4.40663,
	3.72478 4.40663,
	3.71727 4.41038,
	3.70412 4.42541,
	3.68909 4.43668,
	3.67407 4.44044,
	3.65904 4.44983,
	3.64026 4.47612,
	3.62523 4.48552,
	3.59518 4.49491,
	3.56512 4.50054,
	3.53507 4.50242,
	3.50501 4.50054,
	3.47496 4.48927,
	3.44491 4.47425,
	3.43739 4.47049,
	3.42424 4.45546,
	3.42049 4.45358,
	3.42049 4.44983,
	3.41485 4.44231,
	3.41485 4.4348,
	3.40922 4.42917,
	3.40734 4.42165,
	3.40734 4.41977,
	"/>
</Transform>

<Transform dim="0"
 xcoef=" 0 1 0 0 0 0"
 ycoef=" 0 0 1 0 0 0">
<Contour name="d05" hidden="false" closed="true" simplified="true" border="1 0.502 0" fill="1 0.5 0" mode="11"
 points="3.40712 4.0386,
	3.41435 4.03136,
	3.41797 4.02774,
	3.4234 3.99879,
	3.43064 3.98432,
	3.45778 3.95718,
	3.47226 3.9427,
	3.48673 3.93546,
	3.51387 3.90832,
	3.53197 3.87937,
	3.53739 3.8649,
	3.53739 3.86128,
	3.55006 3.8468,
	3.57901 3.84499,
	3.59349 3.85042,
	3.60796 3.85947,
	3.62605 3.88842,
	3.62786 3.91737,
	3.62786 3.92461,
	3.64053 3.93908,
	3.65501 3.94813,
	3.68396 3.95718,
	3.69119 3.95718,
	3.69843 3.9626,
	3.71291 3.96622,
	3.72014 3.97165,
	3.72738 3.98613,
	3.75633 4.00965,
	3.87213 4.06936,
	3.8848 4.09831,
	3.88661 4.10193,
	3.91556 4.09831,
	3.93004 4.0965,
	3.93727 4.09288,
	3.94451 4.09288,
	3.95175 4.08745,
	3.95899 4.08745,
	3.97346 4.07841,
	3.9807 4.07479,
	3.98432 4.07117,
	3.99156 4.06936,
	4.00603 4.0585,
	4.02051 4.05488,
	4.02774 4.04946,
	4.03498 4.04765,
	4.0386 4.04403,
	4.04584 4.04222,
	4.04946 4.0386,
	4.05669 4.03679,
	4.06031 4.03317,
	4.06755 4.03136,
	4.07479 4.02593,
	4.13269 4.00603,
	4.13993 4.0006,
	4.14355 3.99698,
	4.15802 3.99336,
	4.16164 3.98975,
	4.16164 3.98251,
	4.18878 3.96622,
	4.21773 3.94632,
	4.23221 3.93546,
	4.23944 3.93004,
	4.26839 3.92099,
	4.29735 3.90832,
	4.3263 3.90832,
	4.34077 3.91194,
	4.39867 3.94089,
	4.41315 3.94632,
	4.42581 3.95899,
	4.43124 3.96622,
	4.43486 3.9807,
	4.44753 3.98975,
	4.45476 3.99156,
	4.462 3.99698,
	4.46562 3.99698,
	4.4801 4.00784,
	4.48733 4.01327,
	4.49095 4.01689,
	4.49095 4.03136,
	4.48914 4.0386,
	4.47829 4.05127,
	4.46381 4.0585,
	4.44934 4.07117,
	4.44572 4.07841,
	4.44029 4.10736,
	4.41134 4.12907,
	4.39686 4.13269,
	4.33896 4.13269,
	4.31001 4.13269,
	4.29554 4.1345,
	4.26659 4.15078,
	4.25211 4.15983,
	4.24306 4.17431,
	4.23221 4.20326,
	4.22316 4.21773,
	4.20868 4.2304,
	4.17973 4.24125,
	4.16526 4.24668,
	4.15259 4.25935,
	4.14355 4.27382,
	4.1146 4.29735,
	4.10012 4.30458,
	4.09288 4.3082,
	4.08564 4.3082,
	4.07117 4.31363,
	4.06393 4.31363,
	4.04946 4.31906,
	3.99156 4.31906,
	3.9626 4.31906,
	3.94813 4.31906,
	3.91918 4.32449,
	3.89023 4.3263,
	3.87575 4.32087,
	3.86128 4.31182,
	3.85766 4.3082,
	3.85042 4.30639,
	3.83595 4.29735,
	3.82147 4.29373,
	3.807 4.28649,
	3.77805 4.27925,
	3.72014 4.27925,
	3.69119 4.27563,
	3.6351 4.24668,
	3.60615 4.23221,
	3.5772 4.22135,
	3.56273 4.21049,
	3.55549 4.20688,
	3.54825 4.19964,
	3.54463 4.19964,
	3.51568 4.17431,
	3.49035 4.14536,
	3.47949 4.13088,
	3.45235 4.1146,
	3.43788 4.10917,
	3.4234 4.10012,
	3.4234 4.07117,
	3.41254 4.05669,
	3.40712 4.04946,
	3.40712 4.04222,
	3.40712 4.04041,
	"/>
</Transform>

<Transform dim="0"
 xcoef=" 0 1 0 0 0 0"
 ycoef=" 0 0 1 0 0 0">
<Contour name="d05" hidden="false" closed="true" simplified="true" border="1 0.502 0" fill="1 0.5 0" mode="11"
 points="4.27744 4.52352,
	4.28106 4.52171,
	4.28106 4.51809,
	4.28649 4.51267,
	4.29011 4.45476,
	4.29373 4.44029,
	4.29373 4.43667,
	4.29735 4.43305,
	4.29915 4.42581,
	4.30277 4.42219,
	4.30277 4.41858,
	4.31544 4.40591,
	4.33896 4.38601,
	4.34258 4.38601,
	4.34982 4.38058,
	4.35706 4.37877,
	4.36248 4.3661,
	4.36429 4.35887,
	4.36429 4.35525,
	4.36791 4.35163,
	4.36791 4.34439,
	4.37515 4.33715,
	4.38239 4.33715,
	4.38963 4.34077,
	4.39505 4.32811,
	4.40591 4.31544,
	4.42039 4.30277,
	4.43124 4.29373,
	4.46019 4.27201,
	4.46743 4.26659,
	4.47467 4.26478,
	4.47829 4.26116,
	4.48191 4.26116,
	4.49457 4.24849,
	4.49457 4.24125,
	4.49457 4.23763,
	4.50181 4.23221,
	4.50543 4.22859,
	4.51267 4.22678,
	4.51628 4.22316,
	4.5199 4.22316,
	4.53438 4.21411,
	4.56333 4.20145,
	4.56876 4.19421,
	4.57057 4.18697,
	4.58504 4.18154,
	4.59228 4.17973,
	4.60675 4.17069,
	4.61399 4.16888,
	4.64113 4.14716,
	4.64837 4.14174,
	4.65199 4.13812,
	4.70989 4.13812,
	4.72256 4.13631,
	4.72437 4.13993,
	4.72256 4.14174,
	4.72979 4.14174,
	4.74427 4.13631,
	4.75151 4.13812,
	4.76236 4.14897,
	4.76779 4.1544,
	4.76779 4.15802,
	4.77865 4.17069,
	4.79131 4.17792,
	4.80579 4.18154,
	4.86369 4.17973,
	4.89264 4.17612,
	4.89988 4.1725,
	4.9035 4.16888,
	4.93245 4.16888,
	4.94692 4.17431,
	4.97587 4.19602,
	4.9813 4.20145,
	4.98311 4.21592,
	4.97949 4.2304,
	4.9813 4.24487,
	4.98492 4.25211,
	4.98492 4.25573,
	4.99035 4.26297,
	4.99035 4.2702,
	4.99578 4.28468,
	4.99578 4.2883,
	5.01568 4.31725,
	5.01749 4.33172,
	5.01568 4.33896,
	5.01025 4.3462,
	5.00663 4.3462,
	5.00482 4.35344,
	5.01206 4.36791,
	5.02292 4.37877,
	5.05187 4.39867,
	5.05549 4.40229,
	5.05911 4.40229,
	5.06996 4.41315,
	5.08444 4.42762,
	5.09349 4.43848,
	5.10615 4.45115,
	5.11158 4.45657,
	5.11158 4.48552,
	5.1152 4.5,
	5.1152 4.52895,
	5.1152 4.54343,
	5.10977 4.5579,
	5.10434 4.56514,
	5.10253 4.56876,
	5.08806 4.57238,
	5.0772 4.58685,
	5.06996 4.59409,
	5.05549 4.60133,
	5.02654 4.60675,
	5.01387 4.61218,
	5.00844 4.62666,
	5.00663 4.65561,
	4.99578 4.66646,
	4.98854 4.67008,
	4.98673 4.67732,
	4.99216 4.6918,
	4.99578 4.69542,
	4.99397 4.70989,
	4.99397 4.71351,
	4.98311 4.72798,
	4.97768 4.73522,
	4.97406 4.73703,
	4.97406 4.74065,
	4.95959 4.75151,
	4.95235 4.75513,
	4.95054 4.75874,
	4.94692 4.75874,
	4.93426 4.76779,
	4.90531 4.76779,
	4.87636 4.77141,
	4.86912 4.77503,
	4.86188 4.77503,
	4.85464 4.78046,
	4.84198 4.78589,
	4.81303 4.78589,
	4.79855 4.78589,
	4.78408 4.79131,
	4.78046 4.79131,
	4.76779 4.80217,
	4.76779 4.80579,
	4.76236 4.81303,
	4.76236 4.81665,
	4.75151 4.82931,
	4.75151 4.83293,
	4.74065 4.8456,
	4.74065 4.84922,
	4.73341 4.85283,
	4.71894 4.85283,
	4.7117 4.85102,
	4.68456 4.83112,
	4.67008 4.82388,
	4.55428 4.82026,
	4.52533 4.81484,
	4.51086 4.81122,
	4.50362 4.8076,
	4.5 4.8076,
	4.48733 4.79674,
	4.47467 4.78227,
	4.47105 4.77684,
	4.47105 4.77322,
	4.46019 4.76055,
	4.45295 4.75694,
	4.44934 4.75332,
	4.4421 4.75151,
	4.43848 4.74789,
	4.43486 4.74789,
	4.42219 4.73703,
	4.42219 4.72256,
	4.424 4.71532,
	4.42219 4.68637,
	4.42219 4.67913,
	4.41677 4.66466,
	4.41496 4.65018,
	4.40953 4.63751,
	4.39505 4.62847,
	4.38058 4.61399,
	4.36791 4.60314,
	4.35887 4.59047,
	4.34439 4.58142,
	4.33715 4.5778,
	4.33534 4.57418,
	4.32087 4.57238,
	4.31363 4.56876,
	4.29915 4.56695,
	4.2883 4.55609,
	4.28468 4.54885,
	4.28106 4.54523,
	4.28106 4.54162,
	4.27744 4.53981,
	4.27744 4.52533,
	"/>
<Contour name="d05" hidden="false" closed="true" simplified="true" border="1 0.502 0" fill="1 0.5 0" mode="11"
 points="4.94053 4.08813,
	4.94336 4.08248,
	4.95467 4.07258,
	4.97587 4.06269,
	4.98153 4.05986,
	4.98436 4.05703,
	4.99566 4.05279,
	5.01828 4.05279,
	5.02394 4.05279,
	5.03524 4.05703,
	5.0409 4.05986,
	5.04938 4.07117,
	5.05079 4.074,
	5.04938 4.07682,
	5.04514 4.07824,
	5.05362 4.08672,
	5.05645 4.08955,
	5.05645 4.11216,
	5.05928 4.12347,
	5.05928 4.13478,
	5.05645 4.14609,
	5.04797 4.1574,
	5.03807 4.16588,
	5.03383 4.17012,
	5.02252 4.17436,
	5.01121 4.17436,
	5.00556 4.17436,
	4.99425 4.16871,
	4.9886 4.16588,
	4.96598 4.16588,
	4.96315 4.16588,
	4.95326 4.15599,
	4.9476 4.13337,
	4.9476 4.11075,
	4.94619 4.1051,
	4.94619 4.10227,
	4.94195 4.09661,
	4.94053 4.09096,
	4.94053 4.08955,
	"/>
</Transform>

<Transform dim="0"
 xcoef=" 0 1 0 0 0 0"
 ycoef=" 0 0 1 0 0 0">
<Contour name="d07" hidden="false" closed="true" simplified="true" border="1 0 1" fill="1 0.5 0" mode="11"
 points="1.44741 1.36655,
	1.4555 1.35712,
	1.45819 1.35442,
	1.50132 1.35038,
	1.50671 1.35173,
	1.50941 1.35173,
	1.5148 1.35577,
	1.52019 1.35712,
	1.52558 1.36116,
	1.52827 1.36386,
	1.52962 1.36925,
	1.5404 1.37329,
	1.56197 1.37329,
	1.57275 1.37329,
	1.59431 1.37868,
	1.60509 1.38407,
	1.61587 1.38677,
	1.659 1.38542,
	1.68056 1.37868,
	1.69134 1.37733,
	1.71291 1.37059,
	1.73447 1.37194,
	1.75603 1.3652,
	1.79916 1.36386,
	1.82072 1.36386,
	1.84228 1.36655,
	1.86385 1.3652,
	1.87463 1.3652,
	1.91775 1.35577,
	1.93932 1.34499,
	1.96088 1.3396,
	1.98244 1.33825,
	2.00401 1.3396,
	2.02557 1.34499,
	2.03096 1.34768,
	2.04039 1.35712,
	2.05522 1.37868,
	2.05791 1.38407,
	2.05657 1.4272,
	2.05657 1.43259,
	2.05387 1.43798,
	2.05118 1.45954,
	2.05118 1.48111,
	2.05657 1.50267,
	2.07274 1.54579,
	2.08487 1.56736,
	2.08891 1.57275,
	2.09295 1.58353,
	2.10104 1.59431,
	2.10374 1.5997,
	2.1253 1.61453,
	2.14686 1.62396,
	2.16842 1.63609,
	2.17921 1.64283,
	2.19403 1.66439,
	2.21425 1.68326,
	2.22503 1.69,
	2.24659 1.69808,
	2.26815 1.71021,
	2.27354 1.71425,
	2.27893 1.7156,
	2.28972 1.72234,
	2.33284 1.72234,
	2.34362 1.72908,
	2.34901 1.73312,
	2.37058 1.73851,
	2.39214 1.74795,
	2.40292 1.75469,
	2.42448 1.76412,
	2.43527 1.76951,
	2.44605 1.78029,
	2.45548 1.78838,
	2.46087 1.78838,
	2.46626 1.78568,
	2.46896 1.78299,
	2.47974 1.78029,
	2.48243 1.78029,
	2.48243 1.7776,
	2.48783 1.77625,
	2.49861 1.78029,
	2.5013 1.78029,
	2.504 1.78299,
	2.50939 1.78433,
	2.52017 1.79107,
	2.52556 1.79377,
	2.53365 1.80455,
	2.53904 1.81533,
	2.54308 1.81937,
	2.55386 1.81398,
	2.57542 1.81264,
	2.58082 1.81533,
	2.5916 1.81668,
	2.61316 1.82342,
	2.62394 1.82881,
	2.62933 1.83016,
	2.64011 1.83689,
	2.6455 1.84094,
	2.65629 1.84498,
	2.66168 1.84768,
	2.67246 1.84768,
	2.67785 1.84768,
	2.68324 1.85037,
	2.69402 1.8598,
	2.71154 1.88137,
	2.72232 1.88945,
	2.74389 1.89619,
	2.76545 1.89754,
	2.78701 1.90428,
	2.80857 1.91641,
	2.81936 1.92449,
	2.82475 1.92988,
	2.82744 1.93527,
	2.82744 1.94606,
	2.82475 1.95145,
	2.82475 1.96223,
	2.82205 1.97301,
	2.81801 1.9784,
	2.81936 1.98918,
	2.82879 2.01075,
	2.84361 2.03096,
	2.85305 2.04174,
	2.86652 2.0633,
	2.86922 2.08487,
	2.87057 2.09026,
	2.88944 2.11182,
	2.88944 2.11721,
	2.88944 2.11991,
	2.88 2.12934,
	2.87057 2.13608,
	2.849 2.14282,
	2.84361 2.14417,
	2.8234 2.16438,
	2.81262 2.17247,
	2.80723 2.17651,
	2.79645 2.18055,
	2.79105 2.1819,
	2.76949 2.19403,
	2.76006 2.19942,
	2.75467 2.20346,
	2.7331 2.21155,
	2.72232 2.2129,
	2.71693 2.21559,
	2.71424 2.21559,
	2.69267 2.22907,
	2.64955 2.24929,
	2.63877 2.25333,
	2.6172 2.25602,
	2.57408 2.25602,
	2.5633 2.26007,
	2.52017 2.28837,
	2.49861 2.30184,
	2.47704 2.30319,
	2.46626 2.30454,
	2.46087 2.30724,
	2.45009 2.31667,
	2.4447 2.32071,
	2.42314 2.32206,
	2.41235 2.32206,
	2.40157 2.3261,
	2.39079 2.33554,
	2.38675 2.34093,
	2.38405 2.34362,
	2.36249 2.34362,
	2.3571 2.34362,
	2.35171 2.34632,
	2.33823 2.36788,
	2.32745 2.37597,
	2.32206 2.37866,
	2.3005 2.37866,
	2.28972 2.38136,
	2.26815 2.39349,
	2.25737 2.39888,
	2.23581 2.40562,
	2.22503 2.41101,
	2.21425 2.40966,
	2.21155 2.40696,
	2.20616 2.40562,
	2.19538 2.40966,
	2.1846 2.4164,
	2.17921 2.42044,
	2.17381 2.42179,
	2.16303 2.42987,
	2.14147 2.43122,
	2.09834 2.42179,
	2.08756 2.4164,
	2.066 2.40966,
	2.04444 2.39618,
	2.02287 2.3854,
	2.00131 2.37058,
	1.98783 2.34901,
	1.9811 2.33823,
	1.97166 2.3288,
	1.96627 2.3261,
	1.96358 2.3261,
	1.95414 2.31532,
	1.94471 2.29376,
	1.94336 2.2722,
	1.94067 2.26141,
	1.93258 2.25063,
	1.91236 2.23581,
	1.90697 2.23446,
	1.90158 2.23042,
	1.8908 2.22637,
	1.88002 2.22637,
	1.86924 2.22907,
	1.85846 2.23446,
	1.84768 2.23446,
	1.83689 2.22772,
	1.8315 2.21694,
	1.82746 2.21155,
	1.82342 2.20077,
	1.82072 2.19538,
	1.81803 2.17381,
	1.81803 2.17112,
	1.82746 2.16303,
	1.83824 2.14147,
	1.84094 2.13069,
	1.84094 2.11991,
	1.83555 2.10913,
	1.8315 2.10374,
	1.8315 2.09295,
	1.83824 2.08217,
	1.84363 2.07678,
	1.84902 2.07409,
	1.85441 2.0687,
	1.85711 2.0633,
	1.85711 2.05791,
	1.86115 2.04713,
	1.8625 2.02557,
	1.8625 2.02018,
	1.88272 2.00131,
	1.89215 1.99053,
	1.90293 1.98244,
	1.91371 1.9784,
	1.93527 1.97571,
	1.94606 1.97571,
	1.95145 1.97436,
	1.97301 1.95953,
	1.99323 1.93932,
	1.99996 1.92854,
	2.00266 1.91775,
	2.0094 1.90697,
	2.01748 1.89889,
	2.02287 1.89484,
	2.03366 1.89215,
	2.04444 1.88541,
	2.05252 1.87463,
	2.05791 1.86385,
	2.06061 1.85846,
	2.06061 1.84768,
	2.06061 1.84228,
	2.07948 1.82476,
	2.097 1.78164,
	2.10104 1.7776,
	2.10374 1.7776,
	2.11317 1.75603,
	2.11452 1.74525,
	2.11317 1.73986,
	2.09834 1.7183,
	2.09161 1.70752,
	2.09026 1.68595,
	2.08622 1.67517,
	2.066 1.659,
	2.04444 1.64552,
	2.03366 1.63878,
	2.02826 1.63609,
	2.00805 1.61587,
	1.98649 1.60105,
	1.96492 1.58892,
	1.94336 1.58083,
	1.93258 1.58083,
	1.9218 1.57544,
	1.91102 1.56601,
	1.90563 1.56062,
	1.90158 1.55792,
	1.89619 1.54714,
	1.87463 1.53501,
	1.85307 1.53097,
	1.84768 1.52962,
	1.82611 1.51614,
	1.81533 1.50941,
	1.80994 1.50671,
	1.78838 1.50671,
	1.76681 1.5121,
	1.74525 1.51345,
	1.72369 1.5121,
	1.7183 1.5121,
	1.69673 1.50402,
	1.68595 1.50402,
	1.68056 1.50536,
	1.659 1.50132,
	1.63744 1.49458,
	1.62666 1.49054,
	1.61587 1.48919,
	1.60509 1.49054,
	1.58353 1.48919,
	1.57814 1.48919,
	1.57275 1.4865,
	1.56736 1.4865,
	1.52423 1.46628,
	1.50267 1.45415,
	1.49189 1.44337,
	1.48919 1.43798,
	1.47841 1.42989,
	1.45685 1.41776,
	1.44741 1.3962,
	1.44741 1.37464,
	1.44741 1.36925,
	1.44741 1.3679,
	"/>
</Transform>

<Transform dim="0"
 xcoef=" 0 1 0 0 0 0"
 ycoef=" 0 0 1 0 0 0">
<Contour name="d07" hidden="false" closed="true" simplified="true" border="1 0 1" fill="1 0.5 0" mode="11"
 points="1.73123 2.81212,
	1.75088 2.78354,
	1.75088 2.76925,
	1.75088 2.7621,
	1.74731 2.75495,
	1.74731 2.74066,
	1.75266 2.71207,
	1.75088 2.69778,
	1.74552 2.68349,
	1.74731 2.6692,
	1.75445 2.6549,
	1.75445 2.62632,
	1.75981 2.59773,
	1.76338 2.59059,
	1.76338 2.58701,
	1.78125 2.55843,
	1.78661 2.54413,
	1.79733 2.52984,
	1.81162 2.51555,
	1.84021 2.50661,
	1.8545 2.50125,
	1.91167 2.49947,
	1.92597 2.50483,
	1.95455 2.50661,
	1.98314 2.51912,
	1.99743 2.52448,
	2.02423 2.54949,
	2.03674 2.56379,
	2.04031 2.57093,
	2.0546 2.58344,
	2.06175 2.58701,
	2.06889 2.59416,
	2.06532 2.65133,
	2.06889 2.66562,
	2.06889 2.67277,
	2.06532 2.67992,
	2.06532 2.68706,
	2.04924 2.71565,
	2.0421 2.72994,
	2.0421 2.75853,
	2.01887 2.78533,
	2.00458 2.79605,
	1.99028 2.80319,
	1.96348 2.82999,
	1.95634 2.83535,
	1.94205 2.83892,
	1.92775 2.83892,
	1.91346 2.8425,
	1.89917 2.85143,
	1.89202 2.85679,
	1.86343 2.85858,
	1.83485 2.8693,
	1.80626 2.86751,
	1.77768 2.85858,
	1.74909 2.8425,
	1.7348 2.83178,
	1.73123 2.82463,
	1.73123 2.81748,
	1.73123 2.81391,
	"/>
</Transform>

<Transform dim="0"
 xcoef=" 0 1 0 0 0 0"
 ycoef=" 0 0 1 0 0 0">
<Contour name="d07" hidden="false" closed="true" simplified="true" border="1 0 1" fill="1 0.5 0" mode="11"
 points="2.72255 0.742775,
	2.72973 0.731281,
	2.73548 0.725534,
	2.73835 0.722661,
	2.78433 0.721224,
	2.80732 0.719788,
	2.81881 0.721224,
	2.82456 0.722661,
	2.8303 0.726971,
	2.83605 0.738465,
	2.83892 0.744212,
	2.8418 0.747085,
	2.86478 0.748522,
	2.87053 0.751395,
	2.87197 0.757142,
	2.87628 0.762889,
	2.89926 0.767199,
	2.91076 0.770072,
	2.93375 0.780129,
	2.94524 0.787313,
	2.94668 0.793059,
	2.94668 0.795933,
	2.95817 0.80599,
	2.98116 0.81892,
	3.00271 0.837597,
	3.0142 0.849091,
	3.03 0.872078,
	3.05155 0.893629,
	3.07023 0.912306,
	3.07885 0.923799,
	3.10471 0.969774,
	3.11333 0.981267,
	3.12483 0.992761,
	3.13632 1.00138,
	3.14207 1.00569,
	3.1435 1.00713,
	3.14207 1.01,
	3.15787 1.03299,
	3.16649 1.04448,
	3.17798 1.0531,
	3.20097 1.06603,
	3.22396 1.06747,
	3.23545 1.07178,
	3.2412 1.07465,
	3.24551 1.0804,
	3.24695 1.10339,
	3.24551 1.11488,
	3.23402 1.13787,
	3.22252 1.14936,
	3.21103 1.15511,
	3.18804 1.15798,
	3.16505 1.16373,
	3.15356 1.16373,
	3.13057 1.17091,
	3.10759 1.17522,
	3.09609 1.17522,
	3.07311 1.18241,
	3.02713 1.18097,
	3.01564 1.17666,
	2.99265 1.17235,
	2.94668 1.15798,
	2.93518 1.15223,
	2.93231 1.15223,
	2.92081 1.14505,
	2.89926 1.12494,
	2.89495 1.11919,
	2.89352 1.1077,
	2.88346 1.09764,
	2.87197 1.0962,
	2.86191 1.08902,
	2.85616 1.08327,
	2.84898 1.07178,
	2.83749 1.06316,
	2.82887 1.05167,
	2.82312 1.04592,
	2.82456 1.04017,
	2.82743 1.0373,
	2.82599 1.02581,
	2.8145 1.01575,
	2.80301 1.01,
	2.78002 1.00569,
	2.75703 0.989888,
	2.74697 0.982704,
	2.7441 0.976957,
	2.7441 0.97121,
	2.76565 0.952533,
	2.76852 0.94966,
	2.76852 0.943913,
	2.76134 0.933856,
	2.74985 0.923799,
	2.74554 0.918052,
	2.7441 0.912306,
	2.74697 0.900812,
	2.75559 0.889318,
	2.75847 0.883572,
	2.75847 0.880698,
	2.76134 0.877825,
	2.76421 0.866331,
	2.75703 0.843344,
	2.75272 0.820357,
	2.75128 0.808863,
	2.74697 0.797369,
	2.74554 0.791623,
	2.74554 0.788749,
	2.72542 0.765762,
	2.72255 0.760015,
	2.72255 0.748522,
	2.72255 0.744212,
	"/>
</Transform>

<Transform dim="0"
 xcoef=" 0 1 0 0 0 0"
 ycoef=" 0 0 1 0 0 0">
<Contour name="d08" hidden="false" closed="true" simplified="true" border="1 0 0" fill="1 0.5 0" mode="11"
 points="5.67568 2.71852,
	5.68013 2.70666,
	5.69347 2.68294,
	5.69643 2.67701,
	5.69643 2.66515,
	5.69347 2.6533,
	5.69347 2.65033,
	5.68309 2.63996,
	5.68309 2.63403,
	5.68309 2.63106,
	5.68902 2.62513,
	5.70088 2.62069,
	5.70533 2.61476,
	5.70533 2.60883,
	5.71126 2.59697,
	5.72311 2.58956,
	5.72756 2.58363,
	5.72904 2.5777,
	5.73942 2.56584,
	5.74535 2.55398,
	5.74535 2.54805,
	5.75424 2.53768,
	5.77796 2.53027,
	5.80168 2.52878,
	5.81353 2.52137,
	5.81946 2.51841,
	5.82095 2.51396,
	5.81946 2.49024,
	5.82391 2.47839,
	5.83577 2.46653,
	5.84763 2.4606,
	5.84614 2.44874,
	5.84911 2.44281,
	5.85504 2.44281,
	5.8669 2.45022,
	5.87283 2.45467,
	5.87579 2.45763,
	5.88172 2.45763,
	5.88468 2.45763,
	5.8832 2.43392,
	5.8832 2.42206,
	5.88765 2.4102,
	5.89061 2.40724,
	5.90247 2.40279,
	5.94991 2.39686,
	5.99734 2.38352,
	6.0092 2.38352,
	6.01513 2.38352,
	6.02698 2.39093,
	6.03884 2.3939,
	6.0507 2.39241,
	6.06997 2.37166,
	6.08183 2.36721,
	6.10555 2.36573,
	6.12926 2.3598,
	6.1767 2.3598,
	6.18855 2.36129,
	6.19448 2.36129,
	6.20634 2.3687,
	6.2182 2.37018,
	6.22413 2.37018,
	6.22709 2.37166,
	6.22561 2.37463,
	6.23154 2.37611,
	6.2434 2.38352,
	6.24933 2.38797,
	6.27304 2.39538,
	6.29676 2.39834,
	6.30862 2.40427,
	6.32048 2.41317,
	6.32492 2.41909,
	6.33678 2.42058,
	6.34271 2.42058,
	6.34864 2.42354,
	6.35457 2.42947,
	6.36791 2.4769,
	6.36939 2.48876,
	6.37829 2.51248,
	6.39459 2.5362,
	6.40645 2.54509,
	6.43017 2.5525,
	6.45388 2.55546,
	6.46574 2.55843,
	6.48946 2.57325,
	6.50132 2.58066,
	6.50576 2.58659,
	6.50576 2.63403,
	6.50725 2.64588,
	6.50725 2.64885,
	6.51317 2.65478,
	6.52503 2.65626,
	6.53096 2.65774,
	6.53096 2.6696,
	6.52059 2.69332,
	6.51614 2.70518,
	6.51317 2.80004,
	6.51169 2.82376,
	6.51169 2.82969,
	6.50428 2.84155,
	6.49983 2.84748,
	6.49983 2.8534,
	6.49983 2.85637,
	6.50576 2.86082,
	6.51169 2.8623,
	6.51317 2.86526,
	6.50873 2.87712,
	6.50576 2.88305,
	6.48649 2.90677,
	6.47908 2.93048,
	6.47612 2.94234,
	6.47019 2.9542,
	6.46722 2.96013,
	6.45537 2.97051,
	6.44351 2.97792,
	6.43461 2.98829,
	6.43017 2.99422,
	6.42868 3.00015,
	6.41683 3.01201,
	6.40645 3.01942,
	6.3857 3.04166,
	6.3768 3.06537,
	6.37087 3.07723,
	6.36198 3.08909,
	6.35753 3.11281,
	6.35753 3.12466,
	6.35309 3.13652,
	6.34271 3.14393,
	6.33085 3.1469,
	6.32789 3.14838,
	6.32789 3.1721,
	6.32789 3.17506,
	6.33975 3.17803,
	6.34568 3.18247,
	6.34419 3.20619,
	6.34271 3.21805,
	6.34419 3.22398,
	6.34864 3.22991,
	6.39607 3.25807,
	6.39904 3.25807,
	6.40497 3.26252,
	6.40497 3.26845,
	6.39607 3.27882,
	6.38422 3.27734,
	6.33678 3.27882,
	6.28935 3.25659,
	6.27749 3.25214,
	6.26563 3.25066,
	6.24192 3.24325,
	6.23006 3.23732,
	6.22413 3.23287,
	6.21227 3.22842,
	6.20634 3.22546,
	6.18262 3.22398,
	6.17077 3.22249,
	6.15891 3.21805,
	6.15298 3.21212,
	6.1426 3.1884,
	6.12333 3.16469,
	6.12333 3.15876,
	6.12037 3.15283,
	6.10851 3.14393,
	6.08479 3.13504,
	6.07294 3.13059,
	6.06701 3.12911,
	6.04329 3.11577,
	6.02105 3.09354,
	6.01364 3.08168,
	6.00327 3.0713,
	5.99141 3.06389,
	5.94546 3.01794,
	5.92174 3.01053,
	5.89802 2.99867,
	5.87727 2.97495,
	5.86541 2.96754,
	5.8417 2.96309,
	5.82984 2.96309,
	5.82391 2.96013,
	5.81353 2.94827,
	5.80909 2.93641,
	5.80612 2.93048,
	5.80019 2.92604,
	5.78834 2.92307,
	5.76462 2.90232,
	5.7409 2.89194,
	5.72904 2.88898,
	5.71719 2.88157,
	5.71274 2.87564,
	5.70829 2.86378,
	5.70088 2.85192,
	5.69792 2.84896,
	5.69792 2.84303,
	5.70236 2.8371,
	5.70385 2.83117,
	5.69347 2.80745,
	5.68754 2.7956,
	5.68754 2.77188,
	5.68606 2.76002,
	5.68606 2.75409,
	5.67568 2.74223,
	5.67568 2.72,
	"/>
</Transform>

<Transform dim="0"
 xcoef=" 0 1 0 0 0 0"
 ycoef=" 0 0 1 0 0 0">
<Contour name="d10" hidden="false" closed="true" simplified="true" border="0 1 1" fill="1 0.5 0" mode="11"
 points="4.63814 6.64052,
	4.64969 6.61413,
	4.65463 6.60094,
	4.65793 6.59434,
	4.68267 6.56795,
	4.68927 6.56465,
	4.69257 6.56135,
	4.71896 6.5531,
	4.73216 6.54651,
	4.75855 6.52836,
	4.78494 6.51682,
	4.81133 6.51022,
	4.82452 6.50362,
	4.83112 6.50032,
	4.83442 6.50032,
	4.83772 6.49702,
	4.8905 6.50692,
	4.90369 6.51352,
	4.91524 6.52342,
	4.92844 6.53661,
	4.94163 6.54486,
	4.95483 6.55805,
	4.95813 6.56465,
	4.96307 6.59104,
	4.96472 6.59764,
	4.96802 6.60094,
	4.99441 6.59929,
	5.00101 6.60094,
	5.00431 6.60094,
	5.01091 6.60754,
	5.01256 6.62073,
	4.99441 6.67351,
	4.98452 6.6999,
	4.98287 6.7065,
	4.97132 6.71805,
	4.96802 6.72134,
	4.95483 6.72464,
	4.92844 6.72464,
	4.90205 6.72794,
	4.84926 6.74114,
	4.82287 6.74609,
	4.79648 6.74609,
	4.78329 6.74609,
	4.77009 6.75103,
	4.7437 6.77413,
	4.73051 6.77413,
	4.72391 6.77413,
	4.71071 6.76588,
	4.70412 6.75928,
	4.69752 6.75763,
	4.68597 6.74609,
	4.67113 6.71969,
	4.66618 6.7065,
	4.65463 6.69495,
	4.63979 6.66856,
	4.63814 6.64217,
	"/>
</Transform>

<Transform dim="0"
 xcoef=" 0 1 0 0 0 0"
 ycoef=" 0 0 1 0 0 0">
<Contour name="d10" hidden="false" closed="true" simplified="true" border="0 1 1" fill="1 0.5 0" mode="11"
 points="6.21992 5.82407,
	6.23807 5.79767,
	6.24302 5.79108,
	6.24796 5.76469,
	6.24961 5.7383,
	6.26446 5.71191,
	6.26941 5.69871,
	6.27106 5.67232,
	6.276 5.65912,
	6.2793 5.65253,
	6.2925 5.64428,
	6.30569 5.63933,
	6.33208 5.63933,
	6.35847 5.64758,
	6.41126 5.67232,
	6.46404 5.69211,
	6.47723 5.69706,
	6.48383 5.69871,
	6.51022 5.7152,
	6.52342 5.7251,
	6.52671 5.7251,
	6.53001 5.7284,
	6.5564 5.73665,
	6.58279 5.74159,
	6.60918 5.74159,
	6.63557 5.735,
	6.66197 5.73335,
	6.67516 5.7383,
	6.68176 5.74159,
	6.70815 5.76469,
	6.7098 5.77788,
	6.7098 5.78448,
	6.6966 5.79603,
	6.69001 5.79932,
	6.68176 5.81252,
	6.67681 5.81912,
	6.66361 5.82736,
	6.65537 5.83891,
	6.62898 5.86365,
	6.62238 5.86695,
	6.60918 5.88015,
	6.58444 5.89994,
	6.58114 5.90324,
	6.5795 5.90983,
	6.57455 5.91643,
	6.54816 5.92633,
	6.53991 5.93952,
	6.52671 5.94447,
	6.50032 5.94942,
	6.47393 5.95932,
	6.46734 5.95932,
	6.46074 5.95437,
	6.43435 5.94942,
	6.42115 5.94447,
	6.41455 5.94282,
	6.41126 5.93952,
	6.35847 5.94282,
	6.34528 5.94117,
	6.31889 5.92798,
	6.31229 5.92633,
	6.2991 5.91313,
	6.2925 5.90819,
	6.2793 5.90324,
	6.2727 5.89994,
	6.26611 5.89334,
	6.26281 5.88674,
	6.23642 5.86365,
	6.22487 5.85046,
	6.21992 5.83726,
	6.21992 5.82571,
	"/>
</Transform>

<Transform dim="0"
 xcoef=" 0 1 0 0 0 0"
 ycoef=" 0 0 1 0 0 0">
<Contour name="d10" hidden="false" closed="true" simplified="true" border="0 1 1" fill="1 0.5 0" mode="11"
 points="5.17915 6.48878,
	5.18409 6.47558,
	5.18574 6.46898,
	5.19564 6.45579,
	5.20884 6.44259,
	5.22203 6.4327,
	5.24842 6.42445,
	5.26162 6.4195,
	5.26821 6.41455,
	5.27316 6.40136,
	5.27481 6.39476,
	5.27976 6.38981,
	5.33254 6.37167,
	5.34574 6.36837,
	5.39852 6.36507,
	5.4513 6.34693,
	5.47769 6.33538,
	5.49088 6.32714,
	5.54367 6.32219,
	5.57006 6.32384,
	5.58325 6.32054,
	5.5948 6.30899,
	5.6014 6.30239,
	5.62779 6.29085,
	5.64098 6.28755,
	5.64758 6.2859,
	5.65418 6.28095,
	5.67232 6.25621,
	5.68552 6.25126,
	5.69211 6.25126,
	5.70531 6.23807,
	5.7185 6.23807,
	5.7251 6.23807,
	5.7284 6.23807,
	5.73995 6.22487,
	5.75314 6.21662,
	5.76634 6.21333,
	5.77953 6.20343,
	5.78613 6.19683,
	5.79932 6.19023,
	5.85211 6.18199,
	5.8785 6.17704,
	5.88509 6.17704,
	5.89829 6.17209,
	5.92468 6.17044,
	5.97746 6.17374,
	6.00385 6.17374,
	6.01705 6.17374,
	6.03024 6.17044,
	6.03354 6.16384,
	6.04674 6.16219,
	6.07313 6.17209,
	6.12591 6.18529,
	6.1391 6.18529,
	6.1457 6.18529,
	6.1589 6.19188,
	6.17209 6.20343,
	6.17539 6.20673,
	6.22817 6.22157,
	6.24137 6.22322,
	6.26776 6.23477,
	6.28095 6.24631,
	6.29415 6.25456,
	6.30074 6.25786,
	6.32714 6.28095,
	6.33208 6.33373,
	6.33043 6.36012,
	6.33208 6.37332,
	6.33703 6.38651,
	6.35518 6.4129,
	6.36177 6.4261,
	6.37332 6.4393,
	6.38816 6.46569,
	6.39146 6.47228,
	6.38651 6.49867,
	6.36177 6.52342,
	6.35188 6.54981,
	6.32549 6.57125,
	6.31229 6.5795,
	6.2859 6.60424,
	6.2727 6.61413,
	6.26611 6.62073,
	6.26446 6.64712,
	6.26611 6.67351,
	6.26446 6.6999,
	6.26611 6.7131,
	6.26446 6.72629,
	6.23807 6.72794,
	6.22487 6.72794,
	6.19848 6.72134,
	6.17209 6.71969,
	6.16549 6.71969,
	6.1589 6.7164,
	6.1556 6.7164,
	6.149 6.7098,
	6.14735 6.7065,
	6.09457 6.6933,
	6.06818 6.6933,
	6.05498 6.6933,
	6.04839 6.6933,
	6.03519 6.69825,
	6.0088 6.6999,
	5.9956 6.69825,
	5.96921 6.7032,
	5.91643 6.70155,
	5.89004 6.69165,
	5.87685 6.68506,
	5.86365 6.68341,
	5.85046 6.68671,
	5.83726 6.68671,
	5.81087 6.67516,
	5.79767 6.66691,
	5.77458 6.64052,
	5.76469 6.62733,
	5.74984 6.60094,
	5.74654 6.59434,
	5.73995 6.58774,
	5.72675 6.58279,
	5.72015 6.58114,
	5.70861 6.5696,
	5.70036 6.5564,
	5.64758 6.52836,
	5.64098 6.52342,
	5.61459 6.52506,
	5.60799 6.52506,
	5.5948 6.51847,
	5.5816 6.50527,
	5.55521 6.48878,
	5.54202 6.47723,
	5.52882 6.46898,
	5.47604 6.45414,
	5.42326 6.44259,
	5.39687 6.4327,
	5.37048 6.42775,
	5.34409 6.4294,
	5.33089 6.43765,
	5.31935 6.45084,
	5.3111 6.46404,
	5.3012 6.49043,
	5.2979 6.50362,
	5.28966 6.51682,
	5.28306 6.52177,
	5.26986 6.52506,
	5.21708 6.52671,
	5.20389 6.52671,
	5.19729 6.52671,
	5.19069 6.52342,
	5.17915 6.51022,
	5.17915 6.49702,
	5.17915 6.49043,
	"/>
</Transform>

<Transform dim="0"
 xcoef=" 0 1 0 0 0 0"
 ycoef=" 0 0 1 0 0 0">
<Contour name="d01p30" hidden="false" closed="true" simplified="false" border="1 0.5 0" fill="1 0.5 0" mode="13"
 points="2.07992 4.7029,
	2.07992 4.69481,
	2.08802 4.68671,
	2.09612 4.68671,
	2.10422 4.69481,
	2.10422 4.7029,
	2.09612 4.711,
	2.08802 4.711,
	"/>
</Transform>

<Transform dim="0"
 xcoef=" 0 1 0 0 0 0"
 ycoef=" 0 0 1 0 0 0">
<Contour name="d01p31" hidden="false" closed="true" simplified="false" border="0.5 0 1" fill="0.5 0 1" mode="13"
 points="1.33476 5.00664,
	1.32261 5.00259,
	1.33476 4.99854,
	1.32666 4.98639,
	1.33881 4.99449,
	1.34286 4.98234,
	1.34691 4.99449,
	1.35906 4.98639,
	1.35096 4.99854,
	1.36311 5.00259,
	1.35096 5.00664,
	1.35906 5.01879,
	1.34691 5.01069,
	1.34286 5.02284,
	1.33881 5.01069,
	1.32666 5.01879,
	"/>
</Transform>

<Transform dim="0"
 xcoef=" 0 1 0 0 0 0"
 ycoef=" 0 0 1 0 0 0">
<Contour name="d03p28" hidden="false" closed="true" simplified="false" border="1 0 0" fill="0 1 1" mode="11"
 points="1.27496 4.29038,
	1.28909 4.27625,
	1.23256 4.21971,
	1.24669 4.20558,
	1.30322 4.26211,
	1.31736 4.24798,
	1.31736 4.29038,
	"/>
</Transform>

<Transform dim="0"
 xcoef=" 0 1 0 0 0 0"
 ycoef=" 0 0 1 0 0 0">
<Contour name="d03" hidden="false" closed="true" simplified="true" border="1 0 0.501961" fill="1 0.5 0" mode="11"
 points="1.33113 3.35215,
	1.33747 3.34369,
	1.37133 3.32887,
	1.38615 3.31194,
	1.3925 3.27808,
	1.39461 3.26962,
	1.39461 3.26538,
	1.41154 3.24845,
	1.42847 3.23787,
	1.4454 3.23152,
	1.46233 3.22941,
	1.4708 3.22729,
	1.47503 3.22729,
	1.48561 3.21036,
	1.49196 3.20401,
	1.52582 3.20401,
	1.55968 3.21671,
	1.59354 3.21883,
	1.61047 3.22306,
	1.61894 3.22517,
	1.62105 3.22941,
	1.61682 3.23787,
	1.60835 3.24422,
	1.54063 3.26327,
	1.47291 3.28655,
	1.45598 3.29713,
	1.39885 3.36273,
	1.38192 3.3712,
	1.34806 3.36908,
	1.33113 3.36062,
	1.33113 3.35427,
	"/>
</Transform>

<Transform dim="0"
 xcoef=" 0 1 0 0 0 0"
 ycoef=" 0 0 1 0 0 0">
<Contour name="d03c31" hidden="false" closed="true" simplified="true" border="1 0 0" fill="1 0 0" mode="11"
 points="-0.433833 4.54784,
	-0.427484 4.53091,
	-0.41267 4.51609,
	-0.404205 4.51397,
	-0.387275 4.51821,
	-0.370345 4.52667,
	-0.36188 4.53514,
	-0.353415 4.55207,
	-0.355531 4.56053,
	-0.357647 4.55842,
	-0.334369 4.62614,
	-0.336485 4.69386,
	-0.338601 4.71079,
	-0.34495 4.72772,
	-0.357647 4.74465,
	-0.374577 4.76158,
	-0.391507 4.77216,
	-0.408437 4.77216,
	-0.425368 4.76581,
	-0.425368 4.74888,
	-0.416903 4.73195,
	-0.408437 4.72348,
	-0.391507 4.68962,
	-0.385159 4.67269,
	-0.387275 4.63883,
	-0.393624 4.6219,
	-0.416903 4.58804,
	-0.427484 4.57111,
	-0.433833 4.55418,
	-0.433833 4.54995,
	"/>
</Transform>

<Transform dim="0"
 xcoef=" 0 1 0 0 0 0"
 ycoef=" 0 0 1 0 0 0">
<Contour name="d04c33" hidden="false" closed="true" simplified="true" border="1 0 0" fill="1 0 1" mode="11"
 points="3.52293 3.33323,
	3.52971 3.32646,
	3.56584 3.32872,
	3.6381 3.3513,
	3.65617 3.35582,
	3.6652 3.36033,
	3.73747 3.36259,
	3.75554 3.36485,
	3.79167 3.37614,
	3.8278 3.38292,
	3.90007 3.38518,
	3.9362 3.38743,
	3.95426 3.39421,
	3.97233 3.4055,
	3.97233 3.41453,
	3.97233 3.41905,
	3.95426 3.43486,
	3.94523 3.44163,
	3.92717 3.44615,
	3.89103 3.44615,
	3.87297 3.44615,
	3.83683 3.43712,
	3.8007 3.42357,
	3.76457 3.40324,
	3.75554 3.39873,
	3.7194 3.40098,
	3.68327 3.41453,
	3.64714 3.41453,
	3.611 3.41002,
	3.57487 3.39421,
	3.55681 3.38743,
	3.54777 3.38292,
	3.52971 3.36485,
	3.52293 3.35582,
	3.52293 3.33775,
	3.52293 3.33549,
	"/>
</Transform>

<Transform dim="0"
 xcoef=" 0 1 0 0 0 0"
 ycoef=" 0 0 1 0 0 0">
<Contour name="d04cfa33" hidden="false" closed="false" simplified="false" border="0 0 1" fill="1 0 1" mode="11"
 points="3.54036 3.35031,
	3.57649 3.36386,
	3.64875 3.37064,
	3.7165 3.37515,
	3.78199 3.39322,
	3.85426 3.40677,
	3.96943 3.41129,
	"/>
</Transform>

<Transform dim="0"
 xcoef=" 0 1 0 0 0 0"
 ycoef=" 0 0 1 0 0 0">
<Contour name="d05c32" hidden="false" closed="true" simplified="true" border="1 0 0" fill="1 0 0" mode="11"
 points="3.38746 4.3772,
	3.39544 4.36443,
	3.43854 4.31335,
	3.4561 4.2878,
	3.46409 4.27503,
	3.47366 4.24949,
	3.48484 4.23672,
	3.49122 4.23353,
	3.51677 4.23513,
	3.52315 4.23672,
	3.52954 4.24151,
	3.53273 4.2447,
	3.53113 4.27024,
	3.52794 4.28302,
	3.52156 4.29579,
	3.49601 4.31494,
	3.48324 4.32771,
	3.47526 4.34048,
	3.46568 4.36603,
	3.4577 4.3788,
	3.44493 4.39157,
	3.41939 4.40593,
	3.40662 4.40593,
	3.40023 4.40593,
	3.39385 4.40274,
	3.39065 4.39636,
	3.38746 4.39316,
	3.38746 4.38039,
	3.38746 4.3788,
	"/>
<Contour name="d05cfa32" hidden="false" closed="false" simplified="false" border="0 0 1" fill="0 0 1" mode="11"
 points="3.39587 4.40315,
	3.40545 4.39357,
	3.42621 4.36643,
	3.44217 4.34568,
	3.45654 4.32493,
	3.45654 4.31375,
	3.46292 4.29779,
	3.47569 4.28342,
	3.49006 4.27863,
	3.48846 4.26906,
	3.48527 4.25309,
	3.49006 4.23394,
	"/>
</Transform>

<Transform dim="0"
 xcoef=" 0 1 0 0 0 0"
 ycoef=" 0 0 1 0 0 0">
<Contour name="d05c35" hidden="false" closed="true" simplified="true" border="1 0 0" fill="0 1 0" mode="11"
 points="3.92482 4.08333,
	3.94244 4.06301,
	3.95328 4.05353,
	3.97495 4.04134,
	4.0183 4.02101,
	4.03998 4.01018,
	4.04269 4.01018,
	4.0454 4.00747,
	4.05082 4.00611,
	4.0725 3.99392,
	4.11585 3.97495,
	4.13753 3.96682,
	4.14836 3.96547,
	4.14972 3.96682,
	4.14836 3.96818,
	4.1592 3.96953,
	4.17004 3.9736,
	4.17952 3.98173,
	4.17952 3.99256,
	4.17411 4.0034,
	4.16462 4.01424,
	4.15514 4.02237,
	4.13346 4.03321,
	4.11179 4.03998,
	4.09011 4.04947,
	4.04676 4.06437,
	4.02508 4.07656,
	3.98173 4.09688,
	3.96005 4.10501,
	3.94921 4.10772,
	3.93837 4.10772,
	3.92753 4.10366,
	3.92482 4.1023,
	3.92482 4.09146,
	3.92482 4.08604,
	3.92482 4.08469,
	"/>
<Contour name="d05c35" hidden="false" closed="true" simplified="true" border="1 0 0" fill="0 1 0" mode="11"
 points="3.63354 3.93566,
	3.65522 3.93431,
	3.69857 3.93973,
	3.72025 3.94379,
	3.73109 3.9465,
	3.74193 3.95192,
	3.74735 3.95328,
	3.76902 3.9736,
	3.7907 3.98985,
	3.80154 3.99663,
	3.81238 3.99934,
	3.81509 4.00476,
	3.81509 4.0156,
	3.81238 4.02643,
	3.80154 4.03592,
	3.7907 4.03727,
	3.76902 4.03321,
	3.74735 4.02372,
	3.73651 4.0156,
	3.72296 3.99392,
	3.70399 3.97224,
	3.69316 3.96411,
	3.68232 3.95869,
	3.66064 3.95463,
	3.6498 3.95057,
	3.63896 3.94379,
	3.63354 3.93973,
	3.63354 3.93702,
	"/>
</Transform>

<Transform dim="0"
 xcoef=" 0 1 0 0 0 0"
 ycoef=" 0 0 1 0 0 0">
<Contour name="d05cfa35" hidden="false" closed="false" simplified="false" border="0 0 1" fill="0 0.502 1" mode="11"
 points="3.80649 4.02243,
	3.76991 4.00482,
	3.74552 3.98585,
	3.74146 3.96824,
	3.70217 3.95063,
	3.64527 3.93166,
	"/>
<Contour name="d05cfa35" hidden="false" closed="false" simplified="false" border="0 0 1" fill="0 0.502 1" mode="11"
 points="4.16957 3.97095,
	3.92435 4.08882,
	"/>
</Transform>

<Transform dim="0"
 xcoef=" 0 1 0 0 0 0"
 ycoef=" 0 0 1 0 0 0">
<Contour name="d07p37" hidden="false" closed="true" simplified="false" border="0 0 1" fill="0 0.502 1" mode="11"
 points="2.13758 1.78851,
	2.13758 1.75191,
	2.17418 1.75191,
	2.17418 1.71531,
	2.21078 1.71531,
	2.21078 1.75191,
	2.24738 1.75191,
	2.24738 1.78851,
	2.21078 1.78851,
	2.21078 1.82511,
	2.17418 1.82511,
	2.17418 1.78851,
	"/>
</Transform>

<Transform dim="0"
 xcoef=" 0 1 0 0 0 0"
 ycoef=" 0 0 1 0 0 0">
<Contour name="d07c40" hidden="false" closed="true" simplified="true" border="1 0 0" fill="1 0 0" mode="11"
 points="1.72873 2.63892,
	1.73368 2.59929,
	1.74111 2.57948,
	1.74607 2.56957,
	1.7535 2.55966,
	1.7634 2.55099,
	1.76836 2.54728,
	1.77827 2.54604,
	1.78322 2.54604,
	1.79313 2.55223,
	1.79189 2.57205,
	1.7857 2.59186,
	1.77455 2.61167,
	1.7696 2.62158,
	1.7696 2.64139,
	1.77827 2.68102,
	1.77703 2.70083,
	1.77084 2.72065,
	1.76712 2.73055,
	1.76712 2.74046,
	1.77084 2.76027,
	1.7696 2.78009,
	1.7634 2.78999,
	1.76093 2.79495,
	1.75597 2.79866,
	1.74607 2.79866,
	1.74111 2.79866,
	1.73245 2.78999,
	1.73121 2.77018,
	1.73368 2.75037,
	1.73368 2.73055,
	1.72873 2.69093,
	1.72873 2.6513,
	1.72873 2.64139,
	1.72873 2.64015,
	"/>
</Transform>

<Transform dim="0"
 xcoef=" 0 1 0 0 0 0"
 ycoef=" 0 0 1 0 0 0">
<Contour name="d07cfa40" hidden="false" closed="false" simplified="false" border="0 0 1" fill="0 0 1" mode="11"
 points="1.77464 2.54767,
	1.76845 2.5551,
	1.75606 2.57987,
	1.74863 2.60711,
	1.74368 2.6356,
	1.73873 2.65417,
	1.73996 2.68141,
	1.7412 2.7037,
	1.7412 2.72104,
	1.74244 2.74209,
	1.74244 2.75819,
	1.73873 2.77677,
	1.73873 2.79163,
	"/>
</Transform>

<Transform dim="0"
 xcoef=" 0 1 0 0 0 0"
 ycoef=" 0 0 1 0 0 0">
<Contour name="d07c41" hidden="false" closed="true" simplified="true" border="1 0 0" fill="1 0 1" mode="11"
 points="2.95291 0.8087,
	2.96446 0.792526,
	2.98295 0.792526,
	3.00143 0.804079,
	3.03609 0.841048,
	3.05227 0.857222,
	3.0592 0.864154,
	3.06151 0.861843,
	3.09155 0.898813,
	3.11234 0.935782,
	3.13776 0.972751,
	3.17011 1.00741,
	3.18859 1.02589,
	3.19552 1.03514,
	3.19321 1.05362,
	3.18628 1.06055,
	3.16779 1.06286,
	3.15855 1.06055,
	3.14007 1.04669,
	3.10541 1.00972,
	3.09155 0.991235,
	3.07075 0.954266,
	3.05689 0.935782,
	3.0384 0.917297,
	3.00143 0.88957,
	2.98295 0.873396,
	2.95522 0.836427,
	2.95291 0.817943,
	2.95291 0.811011,
	"/>
</Transform>

<Transform dim="0"
 xcoef=" 0 1 0 0 0 0"
 ycoef=" 0 0 1 0 0 0">
<Contour name="d07cfa41" hidden="false" closed="false" simplified="false" border="0 0 1" fill="1 0 1" mode="11"
 points="3.18737 1.05482,
	3.15733 1.00861,
	3.12037 0.978575,
	3.0834 0.916189,
	3.00253 0.819145,
	2.954 0.793729,
	"/>
</Transform>

<Transform dim="0"
 xcoef=" 0 1 0 0 0 0"
 ycoef=" 0 0 1 0 0 0">
<Contour name="d10p31" hidden="false" closed="true" simplified="false" border="0 0 1" fill="0 0 1" mode="11"
 points="5.51028 6.38358,
	5.54824 6.38358,
	5.52926 6.41837,
	"/>
</Transform>

<Transform dim="0"
 xcoef=" 0 1 0 0 0 0"
 ycoef=" 0 0 1 0 0 0">
<Contour name="d03cfa31" hidden="false" closed="false" simplified="false" border="0 0 1" fill="0 0 1" mode="11"
 points="-0.420005 4.7681,
	-0.405211 4.74792,
	-0.366208 4.68471,
	-0.367553 4.6215,
	-0.399831 4.5677,
	-0.414625 4.51794,
	"/>
</Transform>

<Transform dim="0"
 xcoef=" 0 1 0 0 0 0"
 ycoef=" 0 0 1 0 0 0">
<Contour name="d10c30" hidden="false" closed="true" simplified="true" border="1 0 0" fill="1 0 0" mode="11"
 points="6.36081 5.63971,
	6.36526 5.63526,
	6.40087 5.64193,
	6.47209 5.67309,
	6.5077 5.6909,
	6.54331 5.70425,
	6.56111 5.71093,
	6.57001 5.7176,
	6.57224 5.72651,
	6.57001 5.73541,
	6.56111 5.74209,
	6.55666 5.74654,
	6.52105 5.74654,
	6.48544 5.73318,
	6.44983 5.7087,
	6.41422 5.69312,
	6.39642 5.68422,
	6.38751 5.67977,
	6.37193 5.66419,
	6.36303 5.65529,
	6.36081 5.64638,
	6.36081 5.64193,
	"/>
</Transform>

<Transform dim="0"
 xcoef=" 0 1 0 0 0 0"
 ycoef=" 0 0 1 0 0 0">
<Contour name="d10cfa30" hidden="false" closed="false" simplified="false" border="0 0 1" fill="0 0 1" mode="11"
 points="6.56547 5.7288,
	6.55657 5.7288,
	6.53876 5.72212,
	6.51651 5.70432,
	6.4809 5.68651,
	6.42303 5.66648,
	6.36071 5.63755,
	"/>
</Transform>

<Transform dim="0"
 xcoef=" 0 1 0 0 0 0"
 ycoef=" 0 0 1 0 0 0">
<Contour name="d01ser" hidden="false" closed="true" simplified="true" border="0.251 0.502 0.502" fill="0 0.502 0.502" mode="-9"
 points="1.88116 4.68577,
	1.89729 4.68375,
	1.91342 4.68577,
	1.94568 4.69787,
	1.97794 4.72408,
	1.99206 4.74021,
	2.00012 4.74827,
	2.00819 4.75029,
	2.0102 4.75835,
	2.00819 4.76642,
	2.00012 4.76642,
	1.98399 4.75634,
	1.96786 4.74222,
	1.96383 4.73819,
	1.93157 4.73618,
	1.9235 4.73416,
	1.90737 4.72005,
	1.88116 4.6898,
	1.88116 4.68779,
	"/>
<Contour name="d01ser" hidden="false" closed="true" simplified="true" border="0.251 0.502 0.502" fill="0 0.502 0.502" mode="-9"
 points="1.70777 4.65754,
	1.71583 4.64948,
	1.73196 4.64544,
	1.76422 4.64544,
	1.78035 4.64746,
	1.7864 4.66359,
	1.78035 4.66964,
	1.77229 4.67166,
	1.77027 4.67367,
	1.76825 4.67166,
	1.7622 4.67972,
	1.74607 4.68577,
	1.72994 4.68779,
	1.72188 4.68577,
	1.70777 4.67367,
	1.70777 4.65956,
	"/>
<Contour name="d01ser" hidden="false" closed="true" simplified="true" border="0.251 0.502 0.502" fill="0 0.502 0.502" mode="-9"
 points="1.58074 4.83699,
	1.58477 4.82892,
	1.58881 4.82489,
	1.60494 4.82287,
	1.613 4.82489,
	1.61502 4.83296,
	1.61502 4.83699,
	1.60695 4.84505,
	1.59082 4.84707,
	1.58276 4.84505,
	1.58074 4.839,
	"/>
<Contour name="d01ser" hidden="false" closed="true" simplified="true" border="0.251 0.502 0.502" fill="0 0.502 0.502" mode="-9"
 points="1.39121 4.70593,
	1.39726 4.69988,
	1.41339 4.7019,
	1.42751 4.71601,
	1.43557 4.72206,
	1.4396 4.73013,
	1.43356 4.74626,
	1.42952 4.75029,
	1.41339 4.75029,
	1.40533 4.74827,
	1.39121 4.73416,
	1.39121 4.71803,
	1.39121 4.70996,
	1.39121 4.70795,
	"/>
</Transform>

<Transform dim="0"
 xcoef=" 0 1 0 0 0 0"
 ycoef=" 0 0 1 0 0 0">
<Contour name="d01ser" hidden="false" closed="true" simplified="true" border="0.251 0.502 0.502" fill="0 0.502 0.502" mode="-9"
 points="1.74003 4.94183,
	1.75616 4.93175,
	1.77229 4.93175,
	1.78035 4.93377,
	1.78438 4.9378,
	1.78438 4.94587,
	1.78438 4.9499,
	1.77027 4.96401,
	1.75414 4.97006,
	1.74607 4.96804,
	1.74003 4.95191,
	1.74003 4.94385,
	"/>
</Transform>

<Transform dim="0"
 xcoef=" 0 1 0 0 0 0"
 ycoef=" 0 0 1 0 0 0">
<Contour name="d02ser" hidden="false" closed="true" simplified="true" border="0.251 0.502 0.502" fill="0 0.502 0.502" mode="-9"
 points="3.47718 2.38321,
	3.48214 2.37659,
	3.49538 2.36832,
	3.49869 2.36666,
	3.50035 2.34018,
	3.51359 2.34018,
	3.51524 2.3468,
	3.51193 2.35342,
	3.51193 2.36666,
	3.51028 2.37328,
	3.51524 2.37825,
	3.52848 2.38321,
	3.52683 2.38983,
	3.51359 2.3948,
	3.48711 2.39149,
	3.48049 2.38983,
	3.47718 2.38818,
	3.47718 2.38487,
	"/>
<Contour name="d02ser" hidden="false" closed="true" simplified="true" border="0.251 0.502 0.502" fill="0 0.502 0.502" mode="-9"
 points="3.38118 2.24916,
	3.39277 2.23757,
	3.41925 2.23923,
	3.43249 2.24419,
	3.44077 2.25743,
	3.44242 2.27067,
	3.44242 2.27729,
	3.43911 2.28391,
	3.42587 2.28391,
	3.39939 2.27398,
	3.38615 2.26736,
	3.38118 2.26074,
	3.38118 2.25412,
	3.38118 2.25081,
	"/>
</Transform>

<Transform dim="0"
 xcoef=" 0 1 0 0 0 0"
 ycoef=" 0 0 1 0 0 0">
<Contour name="d01MT1" hidden="false" closed="true" simplified="false" border="1 0.501961 0" fill="1 0.498039 0" mode="-9"
 points="1.61989 4.93189,
	1.61989 4.92604,
	1.62575 4.92018,
	1.63161 4.92018,
	1.63747 4.92604,
	1.63747 4.93189,
	1.63161 4.93775,
	1.62575 4.93775,
	"/>
</Transform>

<Transform dim="0"
 xcoef=" 0 1 0 0 0 0"
 ycoef=" 0 0 1 0 0 0">
<Contour name="d01MT3" hidden="false" closed="true" simplified="false" border="1 0.501961 0" fill="1 0.498039 0" mode="-9"
 points="1.84238 4.80951,
	1.84238 4.80284,
	1.84905 4.79617,
	1.85572 4.79617,
	1.86238 4.80284,
	1.86238 4.80951,
	1.85572 4.81618,
	1.84905 4.81618,
	"/>
</Transform>

<Transform dim="0"
 xcoef=" 0 1 0 0 0 0"
 ycoef=" 0 0 1 0 0 0">
<Contour name="d01MT5" hidden="false" closed="true" simplified="false" border="1 0.502 0" fill="1 0.498 0" mode="-9"
 points="1.54557 4.99543,
	1.54557 4.98886,
	1.55213 4.98229,
	1.5587 4.98229,
	1.56526 4.98886,
	1.56526 4.99543,
	1.5587 5.00199,
	1.55213 5.00199,
	"/>
</Transform>

<Transform dim="0"
 xcoef=" 0 1 0 0 0 0"
 ycoef=" 0 0 1 0 0 0">
<Contour name="d01MT6" hidden="false" closed="true" simplified="false" border="1 0.502 0" fill="1 0.498 0" mode="-9"
 points="1.4901 4.82192,
	1.4901 4.81608,
	1.49595 4.81023,
	1.5018 4.81023,
	1.50764 4.81608,
	1.50764 4.82192,
	1.5018 4.82777,
	1.49595 4.82777,
	"/>
</Transform>

<Transform dim="1"
 xcoef=" 0.05 1 0 0 0 0"
 ycoef=" 0.11 0 1 0 0 0">
<Contour name="d01MT2" hidden="false" closed="true" simplified="false" border="1 0.501961 0" fill="1 0.498039 0" mode="-9"
 points="1.73417 4.75181,
	1.73417 4.74538,
	1.7406 4.73894,
	1.74704 4.73894,
	1.75348 4.74538,
	1.75348 4.75181,
	1.74704 4.75825,
	1.7406 4.75825,
	"/>
</Transform>

<Transform dim="0"
 xcoef=" 0 1 0 0 0 0"
 ycoef=" 0 0 1 0 0 0">
<Contour name="d01MT7" hidden="false" closed="true" simplified="false" border="1 0.502 0" fill="1 0.498 0" mode="-9"
 points="1.81061 4.69208,
	1.81061 4.68779,
	1.81489 4.6835,
	1.81918 4.6835,
	1.82347 4.68779,
	1.82347 4.69208,
	1.81918 4.69637,
	1.81489 4.69637,
	"/>
</Transform>

<Transform dim="0"
 xcoef=" 0 1 0 0 0 0"
 ycoef=" 0 0 1 0 0 0">
<Contour name="d01MT4" hidden="false" closed="true" simplified="false" border="1 0.502 0" fill="1 0.498 0" mode="-9"
 points="1.52746 4.90076,
	1.52746 4.89535,
	1.53287 4.88994,
	1.53828 4.88994,
	1.54369 4.89535,
	1.54369 4.90076,
	1.53828 4.90617,
	1.53287 4.90617,
	"/>
</Transform>

<Transform dim="0"
 xcoef=" 0 1 0 0 0 0"
 ycoef=" 0 0 1 0 0 0">
<Contour name="d01MT9" hidden="false" closed="true" simplified="false" border="1 0.502 0" fill="1 0.498 0" mode="-9"
 points="1.64649 4.71409,
	1.64649 4.70868,
	1.6519 4.70327,
	1.65732 4.70327,
	1.66273 4.70868,
	1.66273 4.71409,
	1.65732 4.7195,
	1.6519 4.7195,
	"/>
</Transform>

<Transform dim="0"
 xcoef=" 0 1 0 0 0 0"
 ycoef=" 0 0 1 0 0 0">
<Contour name="d01MT14" hidden="false" closed="true" simplified="false" border="1 0.502 0" fill="1 0.498 0" mode="-9"
 points="1.5028 4.70074,
	1.5028 4.69507,
	1.50847 4.6894,
	1.51414 4.6894,
	1.5198 4.69507,
	1.5198 4.70074,
	1.51414 4.70641,
	1.50847 4.70641,
	"/>
</Transform>

<Transform dim="0"
 xcoef=" 0 1 0 0 0 0"
 ycoef=" 0 0 1 0 0 0">
<Contour name="d01MT17" hidden="false" closed="true" simplified="false" border="1 0.502 0" fill="1 0.498 0" mode="-9"
 points="1.43251 5.00606,
	1.43251 5.00107,
	1.4375 4.99608,
	1.44249 4.99608,
	1.44748 5.00107,
	1.44748 5.00606,
	1.44249 5.01105,
	1.4375 5.01105,
	"/>
</Transform>

<Transform dim="0"
 xcoef=" 0 1 0 0 0 0"
 ycoef=" 0 0 1 0 0 0">
<Contour name="d01MT19" hidden="false" closed="true" simplified="false" border="1 0.502 0" fill="1 0.498 0" mode="-9"
 points="1.85625 4.75209,
	1.85625 4.74489,
	1.86344 4.73769,
	1.87064 4.73769,
	1.87784 4.74489,
	1.87784 4.75209,
	1.87064 4.75929,
	1.86344 4.75929,
	"/>
</Transform>

<Transform dim="0"
 xcoef=" 0 1 0 0 0 0"
 ycoef=" 0 0 1 0 0 0">
<Contour name="d01MT20" hidden="false" closed="true" simplified="false" border="1 0.502 0" fill="1 0.498 0" mode="-9"
 points="1.78785 4.87808,
	1.78785 4.87088,
	1.79505 4.86368,
	1.80225 4.86368,
	1.80945 4.87088,
	1.80945 4.87808,
	1.80225 4.88528,
	1.79505 4.88528,
	"/>
</Transform>

<Transform dim="0"
 xcoef=" 0 1 0 0 0 0"
 ycoef=" 0 0 1 0 0 0">
<Contour name="d01MT21" hidden="false" closed="true" simplified="false" border="1 0.502 0" fill="1 0.498 0" mode="-9"
 points="1.74826 4.96087,
	1.74826 4.95367,
	1.75546 4.94647,
	1.76266 4.94647,
	1.76985 4.95367,
	1.76985 4.96087,
	1.76266 4.96807,
	1.75546 4.96807,
	"/>
<Contour name="d01MT22" hidden="false" closed="true" simplified="false" border="1 0.502 0" fill="1 0.498 0" mode="-9"
 points="1.3847 4.82048,
	1.3847 4.81329,
	1.3919 4.80609,
	1.3991 4.80609,
	1.4063 4.81329,
	1.4063 4.82048,
	1.3991 4.82768,
	1.3919 4.82768,
	"/>
<Contour name="d01MT24" hidden="false" closed="true" simplified="false" border="1 0.502 0" fill="1 0.498 0" mode="-9"
 points="1.67267 4.80609,
	1.67267 4.79889,
	1.67987 4.79169,
	1.68706 4.79169,
	1.69426 4.79889,
	1.69426 4.80609,
	1.68706 4.81329,
	1.67987 4.81329,
	"/>
<Contour name="d01MT25" hidden="false" closed="true" simplified="false" border="1 0.502 0" fill="1 0.498 0" mode="-9"
 points="1.73386 4.76289,
	1.73386 4.75569,
	1.74106 4.74849,
	1.74826 4.74849,
	1.75546 4.75569,
	1.75546 4.76289,
	1.74826 4.77009,
	1.74106 4.77009,
	"/>
</Transform>

<Transform dim="0"
 xcoef=" 0 1 0 0 0 0"
 ycoef=" 0 0 1 0 0 0">
<Contour name="d01MT26" hidden="false" closed="true" simplified="false" border="1 0.502 0" fill="1 0.498 0" mode="-9"
 points="1.56828 4.76649,
	1.56828 4.75929,
	1.57548 4.75209,
	1.58268 4.75209,
	1.58988 4.75929,
	1.58988 4.76649,
	1.58268 4.77369,
	1.57548 4.77369,
	"/>
</Transform>

<Transform dim="0"
 xcoef=" 0 1 0 0 0 0"
 ycoef=" 0 0 1 0 0 0">
<Contour name="Ax08" hidden="false" closed="true" simplified="true" border="1 0 0" fill="1 0 0" mode="11"
 points="0.0982823 4.46201,
	0.121215 4.43581,
	0.147423 4.41943,
	0.170356 4.39322,
	0.222773 4.36701,
	0.235877 4.36046,
	0.288295 4.35718,
	0.294847 4.35718,
	0.301399 4.36373,
	0.314503 4.36701,
	0.327608 4.38011,
	0.353816 4.39322,
	0.36692 4.39977,
	0.380025 4.39977,
	0.386577 4.39977,
	0.399681 4.41287,
	0.402957 4.41943,
	0.416062 4.4227,
	0.42589 4.43581,
	0.429166 4.44891,
	0.419338 4.47512,
	0.406233 4.48495,
	0.380025 4.49478,
	0.330884 4.52754,
	0.304675 4.53736,
	0.252258 4.54064,
	0.226049 4.53409,
	0.173632 4.53409,
	0.147423 4.52754,
	0.134319 4.52426,
	0.10811 4.5046,
	0.0982823 4.4915,
	0.0982823 4.46529,
	"/>
</Transform>

<Transform dim="0"
 xcoef=" 0 1 0 0 0 0"
 ycoef=" 0 0 1 0 0 0">
<Contour name="Ax09" hidden="false" closed="true" simplified="true" border="0 1 0.251" fill="0 1 0" mode="11"
 points="2.04358 2.80178,
	2.04683 2.77575,
	2.05659 2.75297,
	2.05334 2.72694,
	2.05985 2.71392,
	2.07286 2.70416,
	2.07937 2.67813,
	2.1054 2.6586,
	2.13144 2.64559,
	2.15747 2.64884,
	2.17049 2.65209,
	2.19652 2.67162,
	2.20954 2.67813,
	2.21279 2.69114,
	2.23557 2.70741,
	2.24859 2.71718,
	2.25509 2.73019,
	2.26811 2.74321,
	2.27462 2.74972,
	2.27136 2.77575,
	2.25835 2.79853,
	2.23882 2.82456,
	2.23882 2.83107,
	2.21279 2.84409,
	2.10866 2.83432,
	2.08263 2.83107,
	2.05659 2.82131,
	2.04358 2.81155,
	2.04358 2.80504,
	"/>
</Transform>

<Transform dim="0"
 xcoef=" 0 1 0 0 0 0"
 ycoef=" 0 0 1 0 0 0">
<Contour name="Ax10" hidden="false" closed="true" simplified="true" border="0 1 1" fill="0 1 1" mode="11"
 points="2.90101 7.02768,
	2.90735 7.02134,
	2.95802 7.01184,
	2.98336 7.00867,
	2.99603 7.00234,
	3.0467 7.00551,
	3.07203 7.02134,
	3.09104 7.04351,
	3.11637 7.05935,
	3.12904 7.06885,
	3.14171 7.07201,
	3.15438 7.08468,
	3.15438 7.09735,
	3.13854 7.12269,
	3.11321 7.13852,
	3.10054 7.14486,
	3.04987 7.14169,
	3.02453 7.14802,
	2.99919 7.14486,
	2.97386 7.13535,
	2.94852 7.11635,
	2.93268 7.09102,
	2.91052 7.07201,
	2.90101 7.05935,
	2.90101 7.03401,
	2.90101 7.03084,
	"/>
</Transform>

<Transform dim="0"
 xcoef=" 0 1 0 0 0 0"
 ycoef=" 0 0 1 0 0 0">
<Contour name="d08" hidden="false" closed="true" simplified="true" border="1 0 0" fill="1 0 0" mode="-11"
 points="5.78854 2.10177,
	5.80009 2.09311,
	5.84628 2.08156,
	5.86938 2.08445,
	5.88959 2.09889,
	5.90691 2.1191,
	5.93001 2.13064,
	5.93578 2.13064,
	5.94155 2.13642,
	5.96465 2.13931,
	5.97331 2.14797,
	5.9762 2.15952,
	5.9762 2.16529,
	5.96465 2.17684,
	5.94155 2.18839,
	5.93578 2.18839,
	5.92423 2.19705,
	5.91846 2.19705,
	5.91268 2.20282,
	5.86649 2.20571,
	5.84339 2.20571,
	5.83185 2.20282,
	5.82607 2.20282,
	5.81452 2.19416,
	5.80009 2.17395,
	5.79431 2.16818,
	5.79431 2.12198,
	5.78854 2.11044,
	5.78854 2.10466,
	"/>
</Transform>

<Transform dim="0"
 xcoef=" 0 1 0 0 0 0"
 ycoef=" 0 0 1 0 0 0">
<Contour name="d08" hidden="false" closed="true" simplified="true" border="1 0 0" fill="1 0 0" mode="-11"
 points="4.65682 2.02671,
	4.67125 2.00361,
	4.69146 1.98341,
	4.70301 1.97763,
	4.70878 1.97186,
	4.73188 1.9632,
	4.74343 1.95742,
	4.7492 1.95165,
	4.76075 1.94876,
	4.80406 1.92278,
	4.8156 1.91412,
	4.82715 1.91123,
	4.83293 1.90545,
	4.87912 1.89679,
	4.92531 1.89968,
	4.94841 1.89968,
	4.9715 1.89391,
	4.98305 1.89391,
	4.9946 1.88525,
	5.04079 1.88236,
	5.04657 1.87658,
	5.06966 1.8737,
	5.09276 1.86504,
	5.11586 1.8506,
	5.12741 1.84194,
	5.1736 1.83617,
	5.19669 1.83328,
	5.23711 1.81307,
	5.26021 1.81307,
	5.27176 1.80729,
	5.31795 1.80729,
	5.3295 1.81018,
	5.34105 1.82173,
	5.34105 1.84483,
	5.32661 1.89102,
	5.31506 1.91412,
	5.29774 1.93721,
	5.28908 1.94587,
	5.26598 1.94876,
	5.26021 1.94876,
	5.25444 1.95453,
	5.21113 1.97186,
	5.16494 1.99784,
	5.11874 2.00361,
	5.07544 2.02671,
	5.05812 2.03826,
	5.03502 2.04692,
	5.02347 2.05269,
	4.97728 2.05269,
	4.93109 2.06136,
	4.90799 2.06713,
	4.90222 2.06713,
	4.89644 2.0729,
	4.85025 2.08156,
	4.75786 2.08156,
	4.71167 2.08156,
	4.70012 2.08156,
	4.67703 2.06713,
	4.66548 2.05847,
	4.65682 2.03537,
	4.65682 2.0296,
	"/>
</Transform>

<Transform dim="0"
 xcoef=" 0 1 0 0 0 0"
 ycoef=" 0 0 1 0 0 0">
<Contour name="d08c24" hidden="false" closed="true" simplified="true" border="0 1 0.251" fill="0 1 0.251" mode="-9"
 points="4.64909 2.00231,
	4.65095 1.99486,
	4.66212 1.98368,
	4.67703 1.97065,
	4.68448 1.96506,
	4.69193 1.9632,
	4.70496 1.95202,
	4.71987 1.94643,
	4.7329 1.93712,
	4.73663 1.93712,
	4.76643 1.91663,
	4.78133 1.90918,
	4.78506 1.90918,
	4.78692 1.90545,
	4.79064 1.90545,
	4.80555 1.89614,
	4.86515 1.87379,
	4.8726 1.87193,
	4.87632 1.87193,
	4.88005 1.8682,
	4.90985 1.86634,
	4.96946 1.87006,
	4.99926 1.86448,
	5.02906 1.86261,
	5.04396 1.86261,
	5.05886 1.85703,
	5.06631 1.85516,
	5.07004 1.85516,
	5.0719 1.85144,
	5.0868 1.84958,
	5.1017 1.8533,
	5.10729 1.85703,
	5.10543 1.85889,
	5.10915 1.86634,
	5.10729 1.87379,
	5.09425 1.8831,
	5.06445 1.89242,
	5.06072 1.89242,
	5.057 1.89614,
	5.0272 1.89987,
	5.0123 1.90173,
	5.00857 1.90173,
	5.00485 1.90545,
	4.99739 1.90545,
	4.96759 1.91663,
	4.93779 1.91663,
	4.90799 1.91291,
	4.89309 1.91477,
	4.86329 1.92594,
	4.85584 1.93153,
	4.82603 1.94084,
	4.79623 1.95761,
	4.79251 1.95761,
	4.78878 1.96133,
	4.78133 1.9632,
	4.77388 1.96878,
	4.77016 1.96878,
	4.76643 1.97251,
	4.75898 1.97437,
	4.75525 1.9781,
	4.75153 1.9781,
	4.73663 1.98927,
	4.72918 1.99113,
	4.69938 2.00976,
	4.68448 2.01721,
	4.65467 2.01721,
	4.64909 2.00976,
	4.64909 2.00417,
	"/>
<Contour name="d08cfa24" hidden="false" closed="false" simplified="false" border="0 1 1" fill="0 1 1" mode="-9"
 points="4.65851 2.01126,
	4.69762 1.97959,
	4.74605 1.94793,
	4.82242 1.91626,
	4.88016 1.89391,
	4.92859 1.89577,
	4.99005 1.88274,
	5.04779 1.87529,
	5.10367 1.86039,
	"/>
</Transform>

<Transform dim="0"
 xcoef=" 0 1 0 0 0 0"
 ycoef=" 0 0 1 0 0 0">
<Contour name="d10ax30" hidden="false" closed="true" simplified="true" border="0 1 1" fill="0 1 1" mode="-11"
 points="6.27565 5.55985,
	6.28441 5.53648,
	6.2961 5.52917,
	6.30778 5.51895,
	6.31363 5.5131,
	6.31947 5.51018,
	6.32093 5.50726,
	6.33262 5.50288,
	6.33554 5.49996,
	6.34723 5.49557,
	6.35891 5.49411,
	6.38229 5.48535,
	6.40566 5.48097,
	6.4524 5.48243,
	6.49915 5.48681,
	6.5459 5.48535,
	6.59264 5.48097,
	6.61602 5.4795,
	6.63939 5.48097,
	6.68613 5.49119,
	6.73288 5.5131,
	6.74457 5.51749,
	6.75041 5.52041,
	6.79716 5.52041,
	6.82053 5.51895,
	6.8439 5.52187,
	6.85559 5.52625,
	6.86728 5.53502,
	6.88773 5.55693,
	6.89795 5.56861,
	6.89941 5.5803,
	6.89941 5.58614,
	6.89357 5.59783,
	6.8702 5.61974,
	6.85559 5.64312,
	6.8439 5.65334,
	6.82053 5.66649,
	6.77378 5.68256,
	6.7621 5.68548,
	6.71535 5.70447,
	6.69198 5.71177,
	6.64523 5.722,
	6.62186 5.72638,
	6.57511 5.72492,
	6.55174 5.72054,
	6.50499 5.70593,
	6.48162 5.6957,
	6.43488 5.67964,
	6.4115 5.66941,
	6.38813 5.65334,
	6.34138 5.62705,
	6.3297 5.62412,
	6.31801 5.61682,
	6.2961 5.59637,
	6.28441 5.58614,
	6.28003 5.5803,
	6.27857 5.57446,
	6.27565 5.57154,
	6.27565 5.56131,
	"/>
</Transform>

<Transform dim="0"
 xcoef=" 0 1 0 0 0 0"
 ycoef=" 0 0 1 0 0 0">
<Contour name="d10ax30ssvr" hidden="false" closed="true" simplified="false" border="0 1 0" fill="0 0 0.502" mode="11"
 points="6.43424 5.57093,
	6.4233 5.55998,
	6.43424 5.54904,
	6.44518 5.55998,
	"/>
<Contour name="d10ax30ssvr" hidden="false" closed="true" simplified="false" border="0 1 0" fill="0 0 0.502" mode="11"
 points="6.49051 5.57093,
	6.47957 5.55998,
	6.49051 5.54904,
	6.50145 5.55998,
	"/>
<Contour name="d10ax30ssvr" hidden="false" closed="true" simplified="false" border="0 1 0" fill="0 0 0.502" mode="11"
 points="6.54678 5.55998,
	6.53584 5.54904,
	6.54678 5.5381,
	6.55772 5.54904,
	"/>
<Contour name="d10ax30ssvr" hidden="false" closed="true" simplified="false" border="0 1 0" fill="0 0 0.502" mode="11"
 points="6.51708 5.63658,
	6.50614 5.62563,
	6.51708 5.61469,
	6.52802 5.62563,
	"/>
<Contour name="d10ax30ssvr" hidden="false" closed="true" simplified="false" border="0 1 0" fill="0 0 0.502" mode="11"
 points="6.52802 5.66784,
	6.51708 5.6569,
	6.52802 5.64595,
	6.53896 5.6569,
	"/>
<Contour name="d10ax30ssvr" hidden="false" closed="true" simplified="false" border="0 1 0" fill="0 0 0.502" mode="11"
 points="6.68277 5.58343,
	6.67182 5.57249,
	6.68277 5.56155,
	6.69371 5.57249,
	"/>
<Contour name="d10ax30ssvr" hidden="false" closed="true" simplified="false" border="0 1 0" fill="0 0 0.502" mode="11"
 points="6.42955 5.62876,
	6.41861 5.61782,
	6.42955 5.60688,
	6.44049 5.61782,
	"/>
<Contour name="d10ax30ssvr" hidden="false" closed="true" simplified="false" border="0 1 0" fill="0 0 0.502" mode="11"
 points="6.47175 5.62563,
	6.46081 5.61469,
	6.47175 5.60375,
	6.48269 5.61469,
	"/>
<Contour name="d10ax30ssvr" hidden="false" closed="true" simplified="false" border="0 1 0" fill="0 0 0.502" mode="11"
 points="6.37171 5.60375,
	6.36077 5.59281,
	6.37171 5.58187,
	6.38266 5.59281,
	"/>
<Contour name="d10ax30ssvd" hidden="false" closed="true" simplified="false" border="1 0.502 0" fill="0 0 1" mode="11"
 points="6.44518 5.66784,
	6.43424 5.6569,
	6.44518 5.64595,
	6.45612 5.6569,
	"/>
</Transform>

<Transform dim="6"
 xcoef=" 2.87752528899974 0.897130895798116 -0.258890707612426 0 0 0"
 ycoef=" 0.531634749858389 0.107043111213304 1.04645642789063 0 0 0">
<Image mag="0.00217549" contrast="1.155" brightness="-0.06" red="true" green="true" blue="true"
 src="JYBWM.188.jpg" />
<Contour name="domain1" hidden="false" closed="true" simplified="false" border="1 0 1" fill="1 0 1" mode="11"
 points="0 0,
	4083 0,
	4083 4083,
	0 4083,
	"/>
</Transform>

<Transform dim="0"
 xcoef=" 0 1 0 0 0 0"
 ycoef=" 0 0 1 0 0 0">
<Contour name="d10ax30ssvr" hidden="false" closed="true" simplified="false" border="0 1 0" fill="0 0 0.502" mode="11"
 points="6.65619 5.66784,
	6.64525 5.6569,
	6.65619 5.64595,
	6.66713 5.6569,
	"/>
</Transform>

</Section>