<?xml version="1.0"?>
<!DOCTYPE Section SYSTEM "section.dtd">

<Section index="49" thickness="0.0471499" alignLocked="true">
<Transform dim="0"
 xcoef=" 0 1 0 0 0 0"
 ycoef=" 0 0 1 0 0 0">
<Contour name="mito4" hidden="false" closed="false" simplified="true" border="1 0.5 0" fill="1 0.5 0" mode="13"
 points="3.03781 3.04071,
	3.16028 3.22266,
	"/>
</Transform>

<Transform dim="0"
 xcoef=" 0 1 0 0 0 0"
 ycoef=" 0 0 1 0 0 0">
<Contour name="D01ax01" hidden="false" closed="true" simplified="true" border="1 0.5 0" fill="1 0.5 0" mode="-9"
 points="4.25592 5.24953,
	4.26017 5.22343,
	4.27252 5.19989,
	4.29176 5.1812,
	4.31599 5.16921,
	4.34286 5.16507,
	4.36972 5.16921,
	4.39396 5.1812,
	4.41319 5.19989,
	4.42554 5.22343,
	4.4298 5.24953,
	4.42554 5.27563,
	4.41319 5.29917,
	4.39396 5.31785,
	4.36972 5.32985,
	4.34286 5.33398,
	4.31599 5.32985,
	4.29176 5.31785,
	4.27252 5.29917,
	"/>
</Transform>

<Transform dim="0"
 xcoef=" 0 1 0 0 0 0"
 ycoef=" 0 0 1 0 0 0">
<Contour name="D02ax01" hidden="false" closed="true" simplified="true" border="0.5 0 1" fill="0.5 0 1" mode="-9"
 points="5.13524 4.97878,
	5.14095 4.95498,
	5.15753 4.93352,
	5.18336 4.91648,
	5.21591 4.90554,
	5.25198 4.90178,
	5.28806 4.90554,
	5.3206 4.91648,
	5.34643 4.93352,
	5.36301 4.95498,
	5.36873 4.97878,
	5.36301 5.00257,
	5.34643 5.02404,
	5.3206 5.04107,
	5.28806 5.05201,
	5.25198 5.05578,
	5.21591 5.05201,
	5.18336 5.04107,
	5.15753 5.02404,
	"/>
</Transform>

<Transform dim="0"
 xcoef=" 0 1 0 0 0 0"
 ycoef=" 0 0 1 0 0 0">
<Contour name="d09" hidden="false" closed="true" simplified="true" border="0 1 0" fill="0 1 0" mode="-11"
 points="6.27311 7.3697,
	6.32149 7.32777,
	6.34729 7.31487,
	6.36019 7.30519,
	6.37309 7.30519,
	6.37632 7.30842,
	6.37309 7.31164,
	6.3989 7.31164,
	6.40857 7.32132,
	6.41825 7.37292,
	6.41825 7.37937,
	6.44405 7.3955,
	6.49565 7.40517,
	6.50855 7.4084,
	6.52146 7.41808,
	6.52468 7.46968,
	6.52468 7.48258,
	6.51823 7.48903,
	6.41502 7.48581,
	6.40857 7.48581,
	6.39567 7.47613,
	6.36987 7.46968,
	6.31826 7.46968,
	6.30536 7.45678,
	6.29891 7.43098,
	6.28601 7.41808,
	6.28601 7.41162,
	6.27634 7.39872,
	6.27311 7.37292,
	"/>
<Contour name="d09" hidden="false" closed="true" simplified="true" border="0 1 0" fill="0 1 0" mode="-11"
 points="4.68951 7.51806,
	4.70241 7.50516,
	4.72822 7.49226,
	4.74112 7.48581,
	4.75402 7.48903,
	4.76692 7.50193,
	4.76369 7.55354,
	4.76047 7.57934,
	4.74112 7.60191,
	4.72822 7.60836,
	4.72177 7.60514,
	4.70887 7.61159,
	4.70564 7.60836,
	4.70887 7.60514,
	4.69596 7.59869,
	4.68951 7.58579,
	4.68951 7.53418,
	4.68951 7.52128,
	"/>
<Contour name="d09" hidden="false" closed="true" simplified="true" border="0 1 0" fill="0 1 0" mode="-11"
 points="4.73789 6.54081,
	4.75079 6.52791,
	4.76369 6.52146,
	4.7766 6.52468,
	4.78627 6.53436,
	4.81207 6.54081,
	4.86368 6.54403,
	4.88948 6.56661,
	4.89593 6.57306,
	4.89593 6.62466,
	4.88625 6.65047,
	4.8798 6.65692,
	4.8282 6.65692,
	4.8024 6.65369,
	4.7895 6.64724,
	4.76369 6.62144,
	4.75402 6.60854,
	4.74434 6.58274,
	4.73789 6.57628,
	4.73789 6.55048,
	4.73789 6.54403,
	"/>
<Contour name="d09" hidden="false" closed="true" simplified="true" border="0 1 0" fill="0 1 0" mode="-11"
 points="5.00559 7.13748,
	5.05719 7.03427,
	5.08622 6.98589,
	5.09912 6.96009,
	5.1217 6.93429,
	5.1733 6.90849,
	5.22168 6.86011,
	5.24748 6.85043,
	5.35069 6.85366,
	5.4539 6.85043,
	5.4797 6.84398,
	5.5313 6.84398,
	5.55711 6.84398,
	5.60871 6.83108,
	5.66031 6.83108,
	5.68612 6.83108,
	5.71192 6.83753,
	5.76352 6.83753,
	5.77642 6.83753,
	5.80222 6.81818,
	5.90543 6.8214,
	5.91833 6.82463,
	5.96026 6.87301,
	5.96671 6.92461,
	5.97639 6.95041,
	5.98606 7.00202,
	5.99251 7.01492,
	5.99251 7.02137,
	6.03444 7.07297,
	6.03444 7.12458,
	6.03444 7.15038,
	6.04089 7.17618,
	6.05702 7.20198,
	6.06024 7.25359,
	6.06024 7.26649,
	6.04734 7.29229,
	6.00542 7.33744,
	5.97961 7.35034,
	5.93446 7.38905,
	5.90866 7.39227,
	5.85705 7.38905,
	5.83448 7.40517,
	5.80868 7.41485,
	5.70547 7.41162,
	5.60226 7.41485,
	5.55066 7.41485,
	5.5442 7.41485,
	5.5313 7.40517,
	5.4797 7.39872,
	5.37649 7.40195,
	5.27328 7.3826,
	5.17008 7.38905,
	5.11847 7.38582,
	5.1088 7.36002,
	5.10235 7.34712,
	5.07654 7.32132,
	5.04107 7.26971,
	5.03139 7.24391,
	5.02816 7.19231,
	5.02816 7.18586,
	5.00559 7.16006,
	5.00559 7.14715,
	5.00559 7.1407,
	"/>
</Transform>

<Transform dim="0"
 xcoef=" 0 1 0 0 0 0"
 ycoef=" 0 0 1 0 0 0">
<Contour name="d09" hidden="false" closed="true" simplified="true" border="0 1 0" fill="0 1 0" mode="-11"
 points="6.16668 6.52468,
	6.17958 6.51178,
	6.23118 6.4892,
	6.28279 6.45695,
	6.33439 6.43437,
	6.36019 6.43115,
	6.37309 6.43115,
	6.38277 6.44405,
	6.40857 6.44727,
	6.41502 6.45373,
	6.4118 6.47953,
	6.40535 6.48598,
	6.40535 6.49888,
	6.386 6.52468,
	6.37632 6.55048,
	6.36664 6.56338,
	6.34407 6.57628,
	6.24086 6.57628,
	6.21506 6.57306,
	6.16668 6.53113,
	6.16668 6.52791,
	"/>
</Transform>

<Transform dim="0"
 xcoef=" 0 1 0 0 0 0"
 ycoef=" 0 0 1 0 0 0">
<Contour name="d01" hidden="false" closed="true" simplified="true" border="1 1 0" fill="1 0.5 0" mode="11"
 points="3.06229 4.41845,
	3.06487 4.39787,
	3.07259 4.37728,
	3.08545 4.35669,
	3.0906 4.3464,
	3.13177 4.31809,
	3.15236 4.30522,
	3.17295 4.2975,
	3.18067 4.28978,
	3.18324 4.2692,
	3.18067 4.24861,
	3.17295 4.22802,
	3.13177 4.21001,
	3.11633 4.192,
	3.10861 4.1817,
	3.10604 4.17656,
	3.14721 4.14053,
	3.18067 4.09936,
	3.2064 4.05818,
	3.21669 4.05561,
	3.23728 4.05818,
	3.25787 4.0762,
	3.26816 4.08392,
	3.28875 4.12509,
	3.30934 4.14568,
	3.31963 4.1534,
	3.3608 4.16369,
	3.44315 4.16369,
	3.5255 4.14053,
	3.56667 4.12509,
	3.60785 4.12766,
	3.64902 4.13538,
	3.81371 4.14825,
	3.89606 4.14825,
	3.93723 4.14825,
	3.95782 4.14825,
	3.97841 4.16112,
	4.01701 4.19972,
	4.05046 4.24089,
	4.05561 4.25118,
	4.05818 4.27177,
	4.06076 4.28206,
	4.09678 4.31809,
	4.11222 4.35927,
	4.12252 4.40044,
	4.16369 4.43132,
	4.17141 4.47249,
	4.1817 4.49308,
	4.20229 4.51109,
	4.20486 4.55227,
	4.20229 4.59344,
	4.20229 4.60373,
	4.1817 4.62175,
	4.14053 4.63976,
	4.13024 4.64491,
	4.10708 4.68351,
	4.0659 4.72211,
	4.04532 4.74012,
	3.96297 4.7813,
	3.92179 4.7813,
	3.88062 4.771,
	3.86003 4.76586,
	3.81886 4.77358,
	3.77769 4.77615,
	3.7571 4.77615,
	3.71593 4.76586,
	3.67475 4.74527,
	3.65417 4.73498,
	3.63358 4.71953,
	3.62329 4.71181,
	3.58211 4.70924,
	3.57182 4.70924,
	3.55123 4.72211,
	3.51006 4.73498,
	3.48947 4.73498,
	3.47918 4.73498,
	3.438 4.75556,
	3.39683 4.76586,
	3.31448 4.76843,
	3.2939 4.76843,
	3.28875 4.76843,
	3.2553 4.72725,
	3.23728 4.70667,
	3.23214 4.70152,
	3.23214 4.68093,
	3.22699 4.67064,
	3.22442 4.66549,
	3.18324 4.66035,
	3.17295 4.66035,
	3.15236 4.63976,
	3.14207 4.62947,
	3.12405 4.58829,
	3.11633 4.56771,
	3.11119 4.55741,
	3.11119 4.55227,
	3.10604 4.54712,
	3.08545 4.54197,
	3.07259 4.52396,
	3.06487 4.50337,
	3.06229 4.42103,
	"/>
</Transform>

<Transform dim="0"
 xcoef=" 0 1 0 0 0 0"
 ycoef=" 0 0 1 0 0 0">
<Contour name="d01" hidden="false" closed="true" simplified="true" border="1 1 0" fill="1 0.5 0" mode="11"
 points="4.13796 5.0515,
	4.15082 5.01032,
	4.16112 4.98974,
	4.18942 4.94856,
	4.20229 4.92798,
	4.21773 4.8868,
	4.22288 4.86622,
	4.24346 4.85592,
	4.28464 4.87136,
	4.32581 4.89452,
	4.3361 4.8971,
	4.35669 4.89452,
	4.36699 4.89195,
	4.37213 4.89195,
	4.39272 4.90996,
	4.40301 4.91768,
	4.4236 4.9254,
	4.44419 4.93827,
	4.45448 4.94599,
	4.4622 4.98716,
	4.46477 5.00775,
	4.46992 5.01547,
	4.51109 5.01804,
	4.53168 5.01804,
	4.54197 5.01804,
	4.55227 5.03863,
	4.55741 5.04892,
	4.57543 5.06951,
	4.578 5.07208,
	4.56256 5.0901,
	4.54197 5.09267,
	4.53168 5.09267,
	4.52653 5.09267,
	4.50595 5.11326,
	4.49565 5.12355,
	4.45448 5.12613,
	4.28978 5.11841,
	4.24861 5.11841,
	4.20744 5.10554,
	4.16626 5.09782,
	4.15597 5.09524,
	4.13796 5.05407,
	"/>
</Transform>

<Transform dim="0"
 xcoef=" 0 1 0 0 0 0"
 ycoef=" 0 0 1 0 0 0">
<Contour name="d01" hidden="false" closed="true" simplified="true" border="1 1 0" fill="1 0.5 0" mode="11"
 points="3.16008 5.07466,
	3.16523 5.06436,
	3.18581 5.0515,
	3.26816 5.02062,
	3.30934 5.02834,
	3.32992 5.03091,
	3.34022 5.03863,
	3.34279 5.05922,
	3.34279 5.06951,
	3.34279 5.07466,
	3.3325 5.0798,
	3.31191 5.08238,
	3.29132 5.10296,
	3.28103 5.10296,
	3.27074 5.12355,
	3.26559 5.14414,
	3.26302 5.14929,
	3.24243 5.10811,
	3.22956 5.08752,
	3.20897 5.08238,
	3.1678 5.08238,
	3.16265 5.08238,
	3.16008 5.07723,
	"/>
</Transform>

<Transform dim="0"
 xcoef=" 0 1 0 0 0 0"
 ycoef=" 0 0 1 0 0 0">
<Contour name="d02" hidden="false" closed="true" simplified="true" border="0.502 0 1" fill="1 0.5 0" mode="11"
 points="4.312 4.10678,
	4.31877 4.10001,
	4.31877 4.0955,
	4.33456 4.08423,
	4.34358 4.07746,
	4.34809 4.07295,
	4.3526 4.07295,
	4.36838 4.05942,
	4.3729 4.05942,
	4.38868 4.04589,
	4.3977 4.04363,
	4.40221 4.03912,
	4.40672 4.03912,
	4.41574 4.03236,
	4.43379 4.02559,
	4.45183 4.02559,
	4.46987 4.01882,
	4.47889 4.01657,
	4.4834 4.01206,
	4.49242 4.01206,
	4.51046 4.00529,
	4.58263 4.00304,
	4.61872 4.00529,
	4.63676 4.01206,
	4.64578 4.01882,
	4.65705 4.03687,
	4.66382 4.04363,
	4.67284 4.04589,
	4.67735 4.04589,
	4.69314 4.06167,
	4.70441 4.07295,
	4.72246 4.0752,
	4.73148 4.08197,
	4.73599 4.08648,
	4.7405 4.10452,
	4.75628 4.12256,
	4.75854 4.12482,
	4.76079 4.12031,
	4.77658 4.13384,
	4.80139 4.16767,
	4.81718 4.20375,
	4.8262 4.22179,
	4.83071 4.2263,
	4.83296 4.29847,
	4.83296 4.31651,
	4.83071 4.32554,
	4.82845 4.33005,
	4.82394 4.33005,
	4.82394 4.34809,
	4.81718 4.36613,
	4.81492 4.38417,
	4.80815 4.40221,
	4.79237 4.41574,
	4.75854 4.43604,
	4.7405 4.44281,
	4.72246 4.44281,
	4.71344 4.44281,
	4.70441 4.4383,
	4.68637 4.44055,
	4.66833 4.45183,
	4.65029 4.45859,
	4.6142 4.45634,
	4.59616 4.44957,
	4.58714 4.44957,
	4.57812 4.45634,
	4.56008 4.45634,
	4.55106 4.45408,
	4.54655 4.45408,
	4.53076 4.44055,
	4.524 4.43379,
	4.52174 4.42928,
	4.51723 4.42928,
	4.50144 4.41574,
	4.50144 4.41123,
	4.4834 4.40672,
	4.46536 4.40672,
	4.46085 4.40221,
	4.45634 4.40221,
	4.4383 4.38868,
	4.42477 4.3729,
	4.41574 4.36387,
	4.41123 4.35485,
	4.40672 4.35034,
	4.40672 4.34132,
	4.39996 4.3323,
	4.39996 4.32779,
	4.38643 4.312,
	4.37741 4.30524,
	4.3729 4.30073,
	4.37064 4.28269,
	4.36838 4.27366,
	4.35936 4.27141,
	4.35034 4.26464,
	4.35034 4.25562,
	4.35711 4.2466,
	4.35936 4.24435,
	4.34583 4.23082,
	4.34358 4.21277,
	4.34583 4.20375,
	4.34358 4.19473,
	4.3323 4.18571,
	4.32779 4.18571,
	4.312 4.16992,
	4.312 4.13384,
	4.312 4.1158,
	4.312 4.10903,
	"/>
</Transform>

<Transform dim="0"
 xcoef=" 0 1 0 0 0 0"
 ycoef=" 0 0 1 0 0 0">
<Contour name="d03" hidden="false" closed="true" simplified="true" border="1 0 0.501961" fill="1 0.5 0" mode="11"
 points="2.91675 2.75623,
	2.93364 2.74778,
	2.93575 2.73933,
	2.93575 2.73511,
	2.9442 2.72666,
	2.97588 2.70343,
	3.00968 2.6992,
	3.01812 2.6992,
	3.02657 2.70343,
	3.02657 2.72032,
	3.02235 2.73722,
	3.00968 2.75201,
	3.00123 2.75834,
	2.997 2.75834,
	2.98856 2.76468,
	2.97166 2.76468,
	2.95476 2.77101,
	2.94843 2.77735,
	2.93153 2.77735,
	2.92731 2.77735,
	2.91886 2.77101,
	2.91675 2.76257,
	2.91675 2.75834,
	"/>
</Transform>

<Transform dim="0"
 xcoef=" 0 1 0 0 0 0"
 ycoef=" 0 0 1 0 0 0">
<Contour name="d03" hidden="false" closed="true" simplified="true" border="1 0 0.501961" fill="1 0.5 0" mode="11"
 points="3.63829 3.10695,
	3.6518 3.08894,
	3.65855 3.07994,
	3.67656 3.07318,
	3.69457 3.07093,
	3.7306 3.05517,
	3.7351 3.05067,
	3.7396 3.05067,
	3.75311 3.03941,
	3.77112 3.03041,
	3.82516 2.97637,
	3.85893 2.95611,
	3.87469 2.94485,
	3.87694 2.92684,
	3.87919 2.91783,
	3.8972 2.90207,
	3.93322 2.89532,
	3.95123 2.89532,
	3.98726 2.87956,
	3.99176 2.87506,
	3.99626 2.87506,
	4.01427 2.8593,
	4.01878 2.8548,
	4.02328 2.8548,
	4.03679 2.84129,
	4.0503 2.82328,
	4.0593 2.81652,
	4.09533 2.81427,
	4.10433 2.81202,
	4.11784 2.79626,
	4.13585 2.78725,
	4.17187 2.785,
	4.17638 2.7805,
	4.18088 2.7805,
	4.19664 2.76699,
	4.20564 2.76474,
	4.21015 2.76024,
	4.21465 2.76024,
	4.22366 2.75348,
	4.22816 2.74448,
	4.26418 2.74673,
	4.3002 2.76024,
	4.33623 2.76024,
	4.37225 2.74898,
	4.44429 2.75123,
	4.46231 2.75348,
	4.48032 2.76249,
	4.55236 2.76924,
	4.57037 2.76699,
	4.57938 2.76024,
	4.58839 2.75798,
	4.59289 2.75348,
	4.59739 2.75348,
	4.62666 2.73097,
	4.66043 2.6972,
	4.67394 2.67918,
	4.70546 2.65667,
	4.71897 2.63866,
	4.72572 2.6319,
	4.76174 2.6319,
	4.77075 2.63641,
	4.77525 2.63641,
	4.78876 2.65442,
	4.79101 2.66342,
	4.80227 2.68144,
	4.80677 2.69044,
	4.81128 2.69494,
	4.81128 2.69945,
	4.81803 2.7062,
	4.81803 2.7107,
	4.82253 2.71521,
	4.82478 2.75123,
	4.81353 2.78725,
	4.81353 2.80526,
	4.82028 2.84129,
	4.82478 2.85029,
	4.82478 2.8548,
	4.8518 2.88406,
	4.86531 2.89982,
	4.87206 2.91783,
	4.87206 2.95386,
	4.87206 2.96286,
	4.85856 2.98087,
	4.84054 2.98763,
	4.83604 2.98763,
	4.82704 2.99663,
	4.78651 3.06643,
	4.7775 3.07543,
	4.74373 3.09795,
	4.73248 3.11146,
	4.72797 3.12046,
	4.72347 3.12271,
	4.72347 3.12722,
	4.70996 3.14523,
	4.70996 3.14973,
	4.6987 3.16549,
	4.6942 3.1745,
	4.6852 3.18125,
	4.64917 3.1835,
	4.63116 3.19026,
	4.62216 3.19251,
	4.61765 3.19701,
	4.60865 3.19926,
	4.59064 3.21052,
	4.57263 3.21727,
	4.56812 3.21727,
	4.55912 3.22403,
	4.55461 3.22403,
	4.54561 3.23078,
	4.54111 3.23078,
	4.52309 3.24429,
	4.48707 3.25104,
	4.46906 3.2578,
	4.46005 3.2578,
	4.44204 3.26455,
	4.43529 3.27131,
	4.42628 3.27356,
	4.42178 3.27806,
	4.34974 3.27806,
	4.31371 3.27806,
	4.2957 3.28031,
	4.27769 3.28707,
	4.27094 3.29382,
	4.19889 3.29607,
	4.16287 3.28482,
	4.15386 3.28256,
	4.14936 3.27806,
	4.14035 3.27581,
	4.13585 3.27131,
	4.09983 3.2578,
	4.02778 3.2578,
	4.02328 3.2578,
	4.01878 3.2533,
	3.94673 3.25104,
	3.93773 3.25104,
	3.9017 3.23754,
	3.82966 3.23754,
	3.81165 3.23754,
	3.80264 3.23754,
	3.78463 3.22853,
	3.77562 3.22178,
	3.77112 3.21727,
	3.7351 3.21502,
	3.71709 3.21277,
	3.69908 3.20602,
	3.69007 3.20376,
	3.68332 3.19701,
	3.67881 3.19476,
	3.67656 3.18575,
	3.67206 3.18125,
	3.66981 3.17224,
	3.63829 3.14072,
	3.63829 3.12271,
	3.63829 3.11371,
	3.63829 3.10921,
	"/>
</Transform>

<Transform dim="0"
 xcoef=" 0 1 0 0 0 0"
 ycoef=" 0 0 1 0 0 0">
<Contour name="d03" hidden="false" closed="true" simplified="true" border="1 0 0.501961" fill="1 0.5 0" mode="11"
 points="5.64205 3.40639,
	5.64655 3.38838,
	5.64655 3.35236,
	5.65781 3.33435,
	5.66681 3.32759,
	5.70284 3.31634,
	5.73886 3.31634,
	5.75462 3.30508,
	5.77263 3.30508,
	5.78164 3.30733,
	5.79965 3.32084,
	5.81766 3.32084,
	5.81991 3.32309,
	5.81766 3.32534,
	5.82666 3.32759,
	5.84242 3.33885,
	5.85143 3.34335,
	5.85593 3.34786,
	5.86044 3.34786,
	5.89421 3.37262,
	5.89421 3.39063,
	5.8897 3.39964,
	5.85368 3.42215,
	5.84918 3.42665,
	5.84017 3.42891,
	5.83567 3.43341,
	5.83117 3.43341,
	5.7974 3.46043,
	5.76137 3.46268,
	5.68933 3.46043,
	5.6533 3.45367,
	5.64655 3.44467,
	5.64205 3.42665,
	5.64205 3.40864,
	"/>
</Transform>

<Transform dim="0"
 xcoef=" 0 1 0 0 0 0"
 ycoef=" 0 0 1 0 0 0">
<Contour name="d04" hidden="false" closed="true" simplified="true" border="1 0 0" fill="1 0.5 0" mode="11"
 points="2.49169 5.99698,
	2.50153 5.96549,
	2.50547 5.95762,
	2.50547 5.94975,
	2.51137 5.94188,
	2.51334 5.934,
	2.51728 5.93007,
	2.51728 5.92613,
	2.52318 5.91826,
	2.52515 5.91039,
	2.52909 5.90645,
	2.52909 5.90251,
	2.54286 5.88874,
	2.55074 5.88874,
	2.58223 5.8789,
	2.59797 5.87693,
	2.60584 5.87496,
	2.60978 5.87102,
	2.62553 5.86709,
	2.64127 5.86905,
	2.65702 5.87693,
	2.66489 5.88283,
	2.68063 5.8848,
	2.71213 5.88283,
	2.74362 5.8848,
	2.75936 5.8848,
	2.77511 5.8789,
	2.79085 5.88086,
	2.80463 5.8907,
	2.80463 5.89464,
	2.84596 5.95172,
	2.85186 5.95762,
	2.85777 5.97337,
	2.85777 6.00486,
	2.8558 6.01273,
	2.83021 6.04028,
	2.82628 6.05603,
	2.82628 6.08752,
	2.82825 6.10327,
	2.83415 6.10917,
	2.83415 6.11311,
	2.84399 6.12688,
	2.84596 6.18986,
	2.83612 6.20561,
	2.83218 6.21151,
	2.82431 6.21742,
	2.81644 6.21939,
	2.8125 6.22332,
	2.79676 6.22923,
	2.76527 6.22923,
	2.74952 6.22923,
	2.71803 6.21742,
	2.71016 6.21545,
	2.70622 6.21151,
	2.69835 6.21151,
	2.69048 6.20561,
	2.65898 6.19577,
	2.65111 6.1938,
	2.64324 6.1879,
	2.6393 6.1879,
	2.62356 6.17609,
	2.61765 6.17018,
	2.61372 6.17018,
	2.58813 6.14656,
	2.58419 6.14656,
	2.57042 6.13476,
	2.56648 6.13476,
	2.55074 6.12295,
	2.53499 6.11704,
	2.52712 6.11507,
	2.51925 6.10917,
	2.51531 6.1013,
	2.51137 6.09736,
	2.51137 6.09342,
	2.50547 6.08555,
	2.50547 6.07768,
	2.49366 6.04619,
	2.49169 6.0147,
	2.49169 5.99895,
	"/>
</Transform>

<Transform dim="0"
 xcoef=" 0 1 0 0 0 0"
 ycoef=" 0 0 1 0 0 0">
<Contour name="d04" hidden="false" closed="true" simplified="true" border="1 0 0" fill="1 0.5 0" mode="11"
 points="2.52712 5.45574,
	2.52909 5.44787,
	2.55467 5.41835,
	2.55861 5.41835,
	2.57239 5.40654,
	2.57829 5.40063,
	2.58223 5.40063,
	2.596 5.38882,
	2.62159 5.35733,
	2.63143 5.34356,
	2.6334 5.32781,
	2.6393 5.31994,
	2.65505 5.31206,
	2.67079 5.31206,
	2.6767 5.30419,
	2.6826 5.28845,
	2.68457 5.28057,
	2.69048 5.2727,
	2.72 5.25499,
	2.72393 5.25302,
	2.72393 5.24908,
	2.73377 5.23334,
	2.74755 5.20185,
	2.75936 5.18807,
	2.75936 5.18413,
	2.77117 5.17429,
	2.78298 5.16052,
	2.79872 5.14674,
	2.81447 5.14083,
	2.82037 5.13493,
	2.82431 5.13493,
	2.83612 5.11919,
	2.83612 5.11525,
	2.84793 5.0995,
	2.86367 5.08769,
	2.87942 5.08179,
	2.89516 5.07982,
	2.92665 5.08376,
	2.93453 5.08573,
	2.95027 5.07982,
	2.97586 5.05227,
	3.00735 5.04046,
	3.03884 5.03849,
	3.05458 5.04046,
	3.07033 5.04636,
	3.0782 5.04636,
	3.09395 5.05424,
	3.09788 5.05424,
	3.10182 5.05817,
	3.10576 5.05817,
	3.11363 5.06408,
	3.14512 5.07589,
	3.16087 5.08769,
	3.17661 5.09557,
	3.18055 5.09557,
	3.19629 5.10541,
	3.20417 5.11131,
	3.21991 5.11131,
	3.22581 5.11722,
	3.22975 5.11919,
	3.22975 5.12312,
	3.24156 5.1369,
	3.24156 5.14083,
	3.26124 5.17233,
	3.26518 5.1802,
	3.26518 5.18413,
	3.27896 5.19594,
	3.28289 5.19988,
	3.27699 5.23137,
	3.27108 5.23924,
	3.27108 5.27073,
	3.26518 5.30222,
	3.25927 5.3101,
	3.25731 5.31797,
	3.25337 5.32191,
	3.24746 5.3534,
	3.2455 5.36914,
	3.22581 5.39473,
	3.21991 5.4026,
	3.21794 5.41047,
	3.21204 5.41638,
	3.21204 5.42031,
	3.18842 5.44393,
	3.17661 5.45574,
	3.16677 5.47149,
	3.16283 5.48723,
	3.14709 5.50101,
	3.14118 5.50691,
	3.13922 5.51085,
	3.13528 5.51085,
	3.11757 5.54234,
	3.10379 5.55415,
	3.08804 5.56202,
	3.0723 5.56596,
	3.06443 5.56989,
	3.05655 5.56989,
	3.04081 5.5758,
	3.03294 5.5817,
	3.00144 5.58761,
	2.93846 5.58761,
	2.90697 5.58761,
	2.89123 5.59351,
	2.88335 5.59351,
	2.86761 5.59942,
	2.85186 5.60138,
	2.83612 5.59942,
	2.82825 5.59942,
	2.79676 5.58761,
	2.78101 5.5758,
	2.76527 5.56989,
	2.75739 5.56989,
	2.74165 5.56399,
	2.7259 5.56399,
	2.71016 5.55808,
	2.70228 5.55808,
	2.69441 5.55218,
	2.68654 5.55021,
	2.6826 5.54628,
	2.65111 5.53644,
	2.58813 5.53447,
	2.55861 5.52069,
	2.54483 5.50494,
	2.53893 5.49904,
	2.53499 5.49707,
	2.53499 5.49314,
	2.52909 5.48723,
	2.52712 5.45771,
	"/>
</Transform>

<Transform dim="0"
 xcoef=" 0 1 0 0 0 0"
 ycoef=" 0 0 1 0 0 0">
<Contour name="d05" hidden="false" closed="true" simplified="true" border="1 0.501961 0" fill="1 0.5 0" mode="11"
 points="5.38382 4.58785,
	5.39159 4.57748,
	5.39678 4.57229,
	5.40715 4.57099,
	5.42789 4.57359,
	5.43826 4.57877,
	5.45901 4.58007,
	5.47975 4.57877,
	5.48493 4.57618,
	5.4953 4.57488,
	5.50049 4.57229,
	5.50049 4.5697,
	5.52123 4.55544,
	5.5316 4.55025,
	5.53679 4.54766,
	5.55753 4.52692,
	5.56271 4.52432,
	5.56401 4.52173,
	5.5692 4.52043,
	5.57179 4.51784,
	5.57697 4.51784,
	5.58735 4.51006,
	5.59772 4.50488,
	5.60031 4.50229,
	5.6029 4.50229,
	5.62235 4.48932,
	5.63142 4.48025,
	5.65216 4.47117,
	5.66254 4.46339,
	5.7455 4.4621,
	5.76624 4.4608,
	5.77662 4.4608,
	5.78699 4.46469,
	5.79736 4.47117,
	5.80514 4.47895,
	5.81551 4.47506,
	5.8181 4.47247,
	5.82847 4.47247,
	5.83366 4.47247,
	5.84143 4.48284,
	5.85051 4.49062,
	5.85569 4.49062,
	5.86088 4.49321,
	5.87125 4.49321,
	5.87644 4.49321,
	5.88162 4.49062,
	5.88421 4.49062,
	5.88681 4.48803,
	5.92829 4.47506,
	5.93348 4.47117,
	5.94385 4.46728,
	5.95422 4.4608,
	5.9594 4.45821,
	5.9607 4.45562,
	5.96329 4.45562,
	5.96848 4.45173,
	5.97885 4.45043,
	5.98922 4.45173,
	5.99181 4.45173,
	5.997 4.45691,
	6.00737 4.4608,
	6.01255 4.46339,
	6.01774 4.46339,
	6.02293 4.46728,
	6.04367 4.47247,
	6.04756 4.47377,
	6.04626 4.47506,
	6.08774 4.47895,
	6.09293 4.47895,
	6.1033 4.48284,
	6.11367 4.48414,
	6.11886 4.48414,
	6.12404 4.48673,
	6.13182 4.4971,
	6.13701 4.50747,
	6.14089 4.51266,
	6.14219 4.51784,
	6.14478 4.51914,
	6.14478 4.52173,
	6.14867 4.52562,
	6.15127 4.52562,
	6.16034 4.5334,
	6.16293 4.53599,
	6.16293 4.54636,
	6.16034 4.55155,
	6.16034 4.55414,
	6.15775 4.55673,
	6.15775 4.57748,
	6.14608 4.59822,
	6.14478 4.6034,
	6.15127 4.61118,
	6.15904 4.62155,
	6.16034 4.64229,
	6.15904 4.65266,
	6.16034 4.65785,
	6.16423 4.66174,
	6.16423 4.67211,
	6.14867 4.68896,
	6.1383 4.69674,
	6.12923 4.70711,
	6.12923 4.7097,
	6.12015 4.71878,
	6.11756 4.71878,
	6.11756 4.72137,
	6.11237 4.72656,
	6.10978 4.72656,
	6.10071 4.73434,
	6.09811 4.73434,
	6.08904 4.74082,
	6.0683 4.7473,
	6.06571 4.74989,
	6.05533 4.75378,
	6.05274 4.75378,
	6.03589 4.76804,
	6.032 4.77323,
	6.02941 4.7836,
	6.02811 4.78878,
	6.01774 4.79526,
	5.997 4.79526,
	5.98792 4.80175,
	5.98274 4.80693,
	5.97755 4.80953,
	5.97626 4.81212,
	5.96589 4.81341,
	5.96329 4.81601,
	5.95811 4.81601,
	5.93866 4.82767,
	5.91792 4.83416,
	5.90755 4.83805,
	5.88681 4.83934,
	5.86606 4.84712,
	5.85569 4.84971,
	5.81421 4.85101,
	5.80902 4.8549,
	5.80384 4.85619,
	5.79865 4.86008,
	5.77791 4.86397,
	5.76754 4.86786,
	5.76236 4.87694,
	5.75198 4.88083,
	5.7468 4.88212,
	5.73772 4.8899,
	5.72735 4.89379,
	5.71698 4.89379,
	5.7118 4.89379,
	5.70661 4.8899,
	5.70143 4.8886,
	5.68198 4.86916,
	5.67291 4.86008,
	5.66772 4.8549,
	5.66513 4.8549,
	5.65994 4.85101,
	5.6392 4.84971,
	5.63272 4.84064,
	5.62235 4.83416,
	5.62105 4.83156,
	5.61587 4.83027,
	5.61327 4.82767,
	5.60809 4.82767,
	5.60549 4.82508,
	5.59512 4.82379,
	5.58475 4.8199,
	5.57697 4.81212,
	5.5666 4.80823,
	5.56142 4.80823,
	5.55234 4.79786,
	5.54197 4.79008,
	5.53679 4.78749,
	5.53549 4.78489,
	5.53031 4.7836,
	5.52771 4.781,
	5.52253 4.77971,
	5.51216 4.77323,
	5.49141 4.77063,
	5.48623 4.77063,
	5.48104 4.76804,
	5.47845 4.76804,
	5.47715 4.76545,
	5.47456 4.76545,
	5.45512 4.7486,
	5.44993 4.74341,
	5.44475 4.73434,
	5.44086 4.72915,
	5.44086 4.72656,
	5.43826 4.72396,
	5.43437 4.71359,
	5.42011 4.69285,
	5.40326 4.676,
	5.40067 4.676,
	5.39548 4.67211,
	5.3903 4.67211,
	5.38511 4.66952,
	5.38382 4.64878,
	5.38382 4.6384,
	5.38511 4.63322,
	5.39289 4.62414,
	5.39808 4.62285,
	5.40197 4.61766,
	5.40067 4.60729,
	5.39678 4.60211,
	5.38641 4.59562,
	5.38382 4.59433,
	5.38382 4.58914,
	"/>
</Transform>

<Transform dim="0"
 xcoef=" 0 1 0 0 0 0"
 ycoef=" 0 0 1 0 0 0">
<Contour name="d05" hidden="false" closed="true" simplified="true" border="1 0.501961 0" fill="1 0.5 0" mode="11"
 points="6.19016 4.23394,
	6.20442 4.21449,
	6.20701 4.21449,
	6.2122 4.20931,
	6.22127 4.20282,
	6.24201 4.19505,
	6.2446 4.19505,
	6.25498 4.18727,
	6.25886 4.18338,
	6.26146 4.18338,
	6.27183 4.1756,
	6.27701 4.17301,
	6.2822 4.16782,
	6.28479 4.16782,
	6.30424 4.15616,
	6.32109 4.14449,
	6.32368 4.14449,
	6.34442 4.12893,
	6.3548 4.12245,
	6.35998 4.11726,
	6.36257 4.11726,
	6.36776 4.11338,
	6.37813 4.10949,
	6.38332 4.10949,
	6.40276 4.10041,
	6.41313 4.09393,
	6.41832 4.09004,
	6.4235 4.09004,
	6.43387 4.08486,
	6.45462 4.08356,
	6.47536 4.08745,
	6.48573 4.09134,
	6.49091 4.09263,
	6.49351 4.09523,
	6.49351 4.1056,
	6.4948 4.11078,
	6.50129 4.11726,
	6.51166 4.11856,
	6.51684 4.12115,
	6.51943 4.12115,
	6.52721 4.13023,
	6.52462 4.15097,
	6.52592 4.16134,
	6.52462 4.17171,
	6.51684 4.18208,
	6.51684 4.18468,
	6.50647 4.19116,
	6.50388 4.19375,
	6.50129 4.19375,
	6.48054 4.20931,
	6.47665 4.2132,
	6.47406 4.2132,
	6.46499 4.21968,
	6.45462 4.22357,
	6.41313 4.22097,
	6.39239 4.22746,
	6.38202 4.23394,
	6.37294 4.24431,
	6.37294 4.2469,
	6.36906 4.25209,
	6.36128 4.27283,
	6.35739 4.2832,
	6.3535 4.28709,
	6.3535 4.28968,
	6.33924 4.30913,
	6.33405 4.31431,
	6.32368 4.3182,
	6.30294 4.3182,
	6.29257 4.3182,
	6.2822 4.31302,
	6.27701 4.31042,
	6.27442 4.31042,
	6.26535 4.30394,
	6.26016 4.30135,
	6.24979 4.30005,
	6.24072 4.29487,
	6.22257 4.27801,
	6.22257 4.27542,
	6.21479 4.26635,
	6.21479 4.26375,
	6.20571 4.25468,
	6.20053 4.25209,
	6.19145 4.24172,
	6.19016 4.23653,
	6.19016 4.23523,
	"/>
</Transform>

<Transform dim="0"
 xcoef=" 0 1 0 0 0 0"
 ycoef=" 0 0 1 0 0 0">
<Contour name="d05" hidden="false" closed="true" simplified="true" border="1 0.501961 0" fill="1 0.5 0" mode="11"
 points="4.99361 4.47377,
	4.99879 4.47117,
	5.01954 4.47377,
	5.03898 4.45691,
	5.05972 4.44525,
	5.06491 4.44395,
	5.0675 4.44395,
	5.0688 4.43876,
	5.07787 4.42969,
	5.09732 4.41802,
	5.12714 4.37913,
	5.14269 4.35839,
	5.15436 4.33894,
	5.15695 4.33635,
	5.15695 4.33376,
	5.1764 4.31302,
	5.18029 4.29227,
	5.18029 4.28709,
	5.18806 4.27672,
	5.18806 4.27413,
	5.20362 4.25468,
	5.20362 4.25209,
	5.2101 4.24301,
	5.2114 4.23783,
	5.21399 4.23523,
	5.21658 4.22486,
	5.21918 4.21968,
	5.21918 4.21708,
	5.22696 4.20671,
	5.23214 4.19634,
	5.23084 4.1756,
	5.22955 4.16523,
	5.22566 4.15486,
	5.22436 4.14967,
	5.2127 4.12893,
	5.21399 4.10819,
	5.21658 4.103,
	5.21658 4.10041,
	5.22177 4.09782,
	5.23214 4.09782,
	5.23733 4.09782,
	5.2464 4.09393,
	5.28788 4.09782,
	5.29826 4.09912,
	5.30733 4.1043,
	5.30863 4.10689,
	5.319 4.11078,
	5.32418 4.11078,
	5.34493 4.11986,
	5.34622 4.12245,
	5.34881 4.12245,
	5.35919 4.13152,
	5.36437 4.1419,
	5.37215 4.15227,
	5.37345 4.17301,
	5.37215 4.18338,
	5.37345 4.19375,
	5.37993 4.20412,
	5.38511 4.20801,
	5.38771 4.20801,
	5.39678 4.21449,
	5.40715 4.21838,
	5.41234 4.22097,
	5.42011 4.23134,
	5.424 4.23653,
	5.424 4.23912,
	5.42789 4.24301,
	5.42919 4.25338,
	5.42789 4.26375,
	5.424 4.26894,
	5.424 4.27153,
	5.42011 4.27542,
	5.42011 4.27801,
	5.41234 4.28579,
	5.40197 4.29357,
	5.389 4.31302,
	5.37993 4.33246,
	5.37474 4.34283,
	5.36826 4.36357,
	5.36567 4.37395,
	5.36567 4.41543,
	5.36956 4.43617,
	5.36956 4.44654,
	5.37733 4.48803,
	5.37863 4.49321,
	5.37863 4.4958,
	5.38122 4.4984,
	5.38511 4.50877,
	5.38641 4.52951,
	5.38252 4.5347,
	5.37215 4.5347,
	5.36696 4.5334,
	5.36437 4.5334,
	5.35919 4.52951,
	5.35659 4.52951,
	5.35141 4.52562,
	5.33066 4.51914,
	5.32029 4.51655,
	5.29955 4.51784,
	5.27881 4.51655,
	5.26844 4.51655,
	5.26325 4.51914,
	5.26066 4.52173,
	5.23992 4.52043,
	5.23473 4.52173,
	5.22955 4.53081,
	5.22825 4.5334,
	5.22307 4.5334,
	5.22047 4.5334,
	5.21529 4.52951,
	5.2114 4.51914,
	5.2101 4.51784,
	5.20492 4.52173,
	5.18418 4.52951,
	5.1738 4.5334,
	5.15306 4.53599,
	5.14269 4.53729,
	5.13362 4.54507,
	5.12325 4.54896,
	5.1025 4.55025,
	5.08176 4.54636,
	5.07139 4.54636,
	5.06102 4.53858,
	5.05583 4.5347,
	5.04546 4.53081,
	5.02472 4.52951,
	5.01435 4.52562,
	5.00917 4.52432,
	5.00268 4.51525,
	5.00139 4.51006,
	5.00139 4.50747,
	4.9975 4.50358,
	4.99491 4.50229,
	4.9962 4.49191,
	4.9962 4.48673,
	4.99361 4.48414,
	4.99361 4.47506,
	"/>
</Transform>

<Transform dim="0"
 xcoef=" 0 1 0 0 0 0"
 ycoef=" 0 0 1 0 0 0">
<Contour name="d05" hidden="false" closed="true" simplified="true" border="1 0.501961 0" fill="1 0.5 0" mode="11"
 points="6.55055 4.50617,
	6.55833 4.4971,
	6.56221 4.49321,
	6.58296 4.49321,
	6.6037 4.4971,
	6.62444 4.4984,
	6.62963 4.4984,
	6.63481 4.50099,
	6.64 4.50099,
	6.65037 4.50617,
	6.67111 4.51266,
	6.68148 4.51784,
	6.68148 4.52043,
	6.69185 4.52303,
	6.71259 4.51655,
	6.72296 4.51136,
	6.73334 4.51006,
	6.73852 4.51266,
	6.74111 4.51266,
	6.7813 4.54247,
	6.78649 4.54636,
	6.79038 4.55544,
	6.79038 4.56581,
	6.78649 4.57618,
	6.78649 4.57877,
	6.77352 4.59951,
	6.75408 4.61896,
	6.74371 4.62544,
	6.74111 4.62803,
	6.73593 4.62803,
	6.73074 4.63192,
	6.72556 4.63192,
	6.72037 4.63452,
	6.67889 4.63322,
	6.66852 4.63322,
	6.62703 4.61896,
	6.62444 4.61637,
	6.62185 4.61637,
	6.61277 4.60859,
	6.61018 4.60859,
	6.60111 4.60211,
	6.59592 4.60081,
	6.59073 4.59692,
	6.58814 4.59692,
	6.57907 4.58914,
	6.56221 4.5684,
	6.55055 4.52692,
	6.55055 4.50747,
	"/>
</Transform>

<Transform dim="0"
 xcoef=" 0 1 0 0 0 0"
 ycoef=" 0 0 1 0 0 0">
<Contour name="d07" hidden="false" closed="true" simplified="true" border="1 0 1" fill="1 0.5 0" mode="11"
 points="1.50986 2.1085,
	1.51744 2.10092,
	1.52123 2.09903,
	1.52123 2.09145,
	1.51365 2.08387,
	1.51365 2.0763,
	1.51744 2.06872,
	1.53259 2.05925,
	1.54775 2.04409,
	1.56101 2.03272,
	1.57617 2.02893,
	1.60648 2.03083,
	1.62163 2.02893,
	1.62921 2.02893,
	1.64437 2.02325,
	1.65952 2.02325,
	1.6671 2.02515,
	1.68225 2.03651,
	1.69741 2.03272,
	1.71256 2.03272,
	1.72772 2.03841,
	1.7334 2.04409,
	1.7353 2.04788,
	1.74288 2.04788,
	1.75045 2.05356,
	1.75803 2.05546,
	1.76182 2.05356,
	1.77698 2.05735,
	1.8016 2.07819,
	1.83002 2.09713,
	1.83949 2.1104,
	1.84328 2.12555,
	1.84328 2.15586,
	1.83949 2.17102,
	1.83381 2.1767,
	1.83002 2.1767,
	1.82055 2.18617,
	1.75993 2.18807,
	1.6993 2.18617,
	1.68415 2.18238,
	1.66899 2.18238,
	1.66142 2.18238,
	1.65384 2.18617,
	1.59322 2.18807,
	1.57806 2.18617,
	1.5629 2.1767,
	1.55533 2.17291,
	1.52881 2.14639,
	1.51744 2.13123,
	1.51176 2.12366,
	1.50986 2.1104,
	"/>
</Transform>

<Transform dim="0"
 xcoef=" 0 1 0 0 0 0"
 ycoef=" 0 0 1 0 0 0">
<Contour name="d07" hidden="false" closed="true" simplified="true" border="1 0 1" fill="1 0.5 0" mode="11"
 points="2.05339 1.90571,
	2.06282 1.88057,
	2.06439 1.87429,
	2.07539 1.86172,
	2.07853 1.85701,
	2.07853 1.84444,
	2.08324 1.83815,
	2.08324 1.83501,
	2.08795 1.82873,
	2.08953 1.82559,
	2.09267 1.82559,
	2.11623 1.8083,
	2.12566 1.80045,
	2.13823 1.79259,
	2.14451 1.78631,
	2.14766 1.78002,
	2.14766 1.75489,
	2.14766 1.74232,
	2.14451 1.73603,
	2.14451 1.7109,
	2.1398 1.69833,
	2.14137 1.68576,
	2.14451 1.68419,
	2.14451 1.68105,
	2.15394 1.67162,
	2.17593 1.65748,
	2.18065 1.6512,
	2.18222 1.63863,
	2.18222 1.63234,
	2.18222 1.6292,
	2.19322 1.6182,
	2.19636 1.6182,
	2.20893 1.60721,
	2.21207 1.60092,
	2.21521 1.59935,
	2.21521 1.59621,
	2.2215 1.58992,
	2.23406 1.58521,
	2.24663 1.57579,
	2.26234 1.55536,
	2.26391 1.53022,
	2.26863 1.52394,
	2.29377 1.5098,
	2.30633 1.50352,
	2.3189 1.50037,
	2.32204 1.50037,
	2.32047 1.48781,
	2.33304 1.48152,
	2.33618 1.48152,
	2.34875 1.47209,
	2.35189 1.47209,
	2.36289 1.46267,
	2.36603 1.46267,
	2.38803 1.44382,
	2.39274 1.44067,
	2.40531 1.42968,
	2.40845 1.42968,
	2.41788 1.42182,
	2.42416 1.41711,
	2.43045 1.41554,
	2.45401 1.4014,
	2.46658 1.39668,
	2.47287 1.39511,
	2.48386 1.38411,
	2.48701 1.38097,
	2.49329 1.38097,
	2.49958 1.38411,
	2.50429 1.3794,
	2.50743 1.37783,
	2.50743 1.37469,
	2.51686 1.36526,
	2.52157 1.35898,
	2.52628 1.34641,
	2.531 1.3417,
	2.53414 1.34012,
	2.53571 1.32756,
	2.54042 1.31499,
	2.54828 1.30399,
	2.56085 1.30399,
	2.57342 1.30085,
	2.58284 1.29142,
	2.58756 1.28514,
	2.58756 1.28199,
	2.59227 1.27571,
	2.59698 1.26314,
	2.59698 1.25686,
	2.61426 1.23643,
	2.62369 1.22544,
	2.62055 1.21287,
	2.62212 1.2003,
	2.63312 1.18773,
	2.63469 1.17516,
	2.63469 1.16888,
	2.63469 1.16574,
	2.62997 1.15945,
	2.63155 1.13431,
	2.63312 1.12803,
	2.63312 1.12489,
	2.6394 1.1186,
	2.64254 1.1186,
	2.64883 1.11389,
	2.67396 1.11232,
	2.68653 1.11232,
	2.69282 1.11232,
	2.6991 1.11546,
	2.6991 1.1406,
	2.70381 1.15317,
	2.70381 1.15631,
	2.7101 1.15788,
	2.72267 1.15631,
	2.7478 1.14688,
	2.75409 1.14217,
	2.76666 1.14217,
	2.77294 1.14374,
	2.77608 1.14688,
	2.82636 1.1516,
	2.82636 1.15788,
	2.82636 1.16102,
	2.82007 1.16574,
	2.80751 1.16888,
	2.79494 1.16888,
	2.7698 1.17359,
	2.75723 1.17359,
	2.73524 1.19401,
	2.72895 1.19873,
	2.72581 1.20187,
	2.72581 1.20815,
	2.73681 1.21758,
	2.73995 1.21758,
	2.74152 1.23015,
	2.73524 1.24272,
	2.72581 1.25372,
	2.7211 1.25843,
	2.71795 1.25843,
	2.69753 1.28042,
	2.69439 1.28199,
	2.69439 1.28514,
	2.68968 1.28985,
	2.68968 1.30242,
	2.69439 1.31499,
	2.69439 1.34012,
	2.69439 1.35269,
	2.71324 1.40297,
	2.71324 1.41554,
	2.72267 1.44067,
	2.72267 1.44382,
	2.73052 1.45638,
	2.73052 1.46267,
	2.75566 1.47995,
	2.76509 1.49095,
	2.7698 1.49566,
	2.78237 1.49723,
	2.78865 1.49723,
	2.81379 1.50509,
	2.81693 1.50823,
	2.8185 1.5208,
	2.8185 1.52708,
	2.82479 1.5318,
	2.83107 1.54436,
	2.84364 1.54908,
	2.85621 1.55693,
	2.85935 1.5585,
	2.85935 1.56479,
	2.86249 1.5695,
	2.87506 1.57107,
	2.88135 1.5695,
	2.88606 1.55693,
	2.89706 1.54908,
	2.90963 1.54908,
	2.91591 1.54908,
	2.92848 1.55379,
	2.95362 1.5585,
	2.96618 1.5585,
	2.97247 1.56165,
	2.97404 1.58678,
	2.97718 1.59935,
	2.97718 1.62449,
	2.97718 1.63706,
	2.97718 1.64334,
	2.97718 1.64648,
	2.98661 1.65748,
	2.98661 1.66062,
	2.99761 1.67162,
	3.01489 1.69204,
	3.02588 1.71718,
	3.02903 1.72975,
	3.02903 1.74232,
	3.03374 1.76746,
	3.03845 1.78002,
	3.03845 1.8303,
	3.03845 1.84287,
	3.03845 1.84915,
	3.0416 1.85229,
	3.03688 1.90257,
	3.0306 1.90414,
	3.02746 1.91042,
	3.02746 1.91357,
	3.01489 1.92299,
	3.0086 1.92771,
	3.00546 1.92771,
	2.98189 1.94499,
	2.95833 1.96541,
	2.95362 1.97012,
	2.95362 1.97327,
	2.94419 1.98426,
	2.93162 1.99369,
	2.90648 2.00155,
	2.89391 2.00626,
	2.88763 2.0094,
	2.88292 2.01569,
	2.88292 2.01883,
	2.8782 2.02511,
	2.85307 2.03611,
	2.80279 2.05182,
	2.79965 2.05496,
	2.79337 2.05496,
	2.7808 2.06439,
	2.76823 2.06753,
	2.74309 2.06753,
	2.71795 2.07067,
	2.70539 2.07539,
	2.68182 2.0911,
	2.65668 2.0911,
	2.64411 2.09424,
	2.64097 2.09738,
	2.5907 2.10681,
	2.57813 2.10681,
	2.56713 2.11466,
	2.54199 2.11623,
	2.52943 2.11781,
	2.51686 2.12409,
	2.50429 2.12723,
	2.47915 2.13823,
	2.46658 2.14137,
	2.45401 2.14766,
	2.44459 2.15551,
	2.44302 2.16808,
	2.44302 2.17436,
	2.44773 2.18693,
	2.4493 2.1995,
	2.44773 2.20579,
	2.43045 2.23092,
	2.42259 2.24349,
	2.4116 2.25292,
	2.40688 2.25763,
	2.40845 2.2702,
	2.40688 2.28277,
	2.39903 2.29377,
	2.39746 2.30633,
	2.38803 2.31733,
	2.38175 2.32204,
	2.35661 2.33304,
	2.33776 2.35347,
	2.32833 2.35975,
	2.30476 2.37703,
	2.30162 2.38017,
	2.27648 2.3896,
	2.2592 2.41002,
	2.25606 2.41317,
	2.24349 2.4116,
	2.23721 2.41002,
	2.22621 2.39746,
	2.22464 2.37232,
	2.22621 2.35975,
	2.22935 2.35347,
	2.22935 2.3409,
	2.22935 2.33461,
	2.21992 2.32676,
	2.2215 2.27648,
	2.22307 2.26391,
	2.22464 2.25763,
	2.23406 2.24506,
	2.23406 2.24192,
	2.23878 2.23721,
	2.23721 2.21207,
	2.23249 2.18693,
	2.23249 2.17436,
	2.22935 2.16808,
	2.22778 2.14294,
	2.23092 2.13666,
	2.24349 2.13352,
	2.2482 2.13037,
	2.24349 2.11781,
	2.21992 2.09738,
	2.20107 2.07381,
	2.19636 2.0691,
	2.19322 2.0691,
	2.17279 2.04868,
	2.17279 2.04554,
	2.16022 2.03768,
	2.15394 2.0314,
	2.14766 2.02982,
	2.14451 2.02668,
	2.14137 2.02668,
	2.13194 2.01411,
	2.12095 2.00783,
	2.11466 2.00626,
	2.10681 1.99526,
	2.10209 1.98269,
	2.10209 1.97955,
	2.09738 1.97327,
	2.08953 1.94813,
	2.08167 1.93713,
	2.0691 1.92771,
	2.06282 1.92613,
	2.05968 1.92299,
	2.05653 1.92299,
	2.05339 1.91671,
	2.05339 1.91042,
	2.05339 1.90728,
	"/>
</Transform>

<Transform dim="0"
 xcoef=" 0 1 0 0 0 0"
 ycoef=" 0 0 1 0 0 0">
<Contour name="d07" hidden="false" closed="true" simplified="true" border="1 0 1" fill="1 0.5 0" mode="11"
 points="2.68026 0.867246,
	2.69453 0.84048,
	2.70524 0.829773,
	2.71951 0.820851,
	2.72665 0.819066,
	2.73022 0.819066,
	2.73736 0.813713,
	2.7445 0.813713,
	2.77305 0.803006,
	2.8016 0.80479,
	2.80874 0.808359,
	2.82301 0.808359,
	2.83015 0.808359,
	2.8587 0.824419,
	2.87119 0.835126,
	2.9283 0.835126,
	2.93543 0.835126,
	2.94971 0.84048,
	2.96398 0.842264,
	2.97112 0.845833,
	2.99967 0.844048,
	3.05678 0.822635,
	3.06034 0.819066,
	3.0889 0.810144,
	3.11745 0.80479,
	3.146 0.803006,
	3.16027 0.803006,
	3.16741 0.80479,
	3.1799 0.813713,
	3.18883 0.822635,
	3.19061 0.836911,
	3.18883 0.851186,
	3.17277 0.876169,
	3.16741 0.881522,
	3.16741 0.885091,
	3.14065 0.910073,
	3.11388 0.929702,
	3.10317 0.942194,
	3.09782 0.956469,
	3.09603 0.963607,
	3.09247 0.967176,
	3.09068 0.974314,
	3.08711 0.977883,
	3.08711 0.981452,
	3.0657 1.00465,
	3.03715 1.01,
	3.02287 1.01,
	3.01573 1.01,
	2.98718 1.01893,
	2.97291 1.02428,
	2.96577 1.02606,
	2.95506 1.03677,
	2.94614 1.05105,
	2.94257 1.05283,
	2.94257 1.0564,
	2.93186 1.06711,
	2.91759 1.07603,
	2.86049 1.07781,
	2.84621 1.07424,
	2.81766 1.07424,
	2.80338 1.06532,
	2.79625 1.06175,
	2.79446 1.05818,
	2.79089 1.05818,
	2.77662 1.04926,
	2.76948 1.04569,
	2.76591 1.04212,
	2.75877 1.04034,
	2.7445 1.03142,
	2.73379 1.02071,
	2.72844 1.01536,
	2.72487 1.01357,
	2.72487 1.01,
	2.71416 0.997512,
	2.70881 0.983236,
	2.70881 0.954685,
	2.70702 0.940409,
	2.70167 0.926134,
	2.6981 0.922565,
	2.69632 0.915427,
	2.69275 0.911858,
	2.68739 0.899367,
	2.68561 0.892229,
	2.68204 0.88866,
	2.68026 0.874384,
	2.68026 0.869031,
	"/>
</Transform>

<Transform dim="0"
 xcoef=" 0 1 0 0 0 0"
 ycoef=" 0 0 1 0 0 0">
<Contour name="d10" hidden="false" closed="true" simplified="true" border="0 1 1" fill="1 0.5 0" mode="11"
 points="5.68532 6.04095,
	5.70106 6.01577,
	5.70893 6.00318,
	5.7105 5.97801,
	5.72309 5.96699,
	5.72781 5.9607,
	5.73096 5.94811,
	5.7341 5.94182,
	5.74669 5.93395,
	5.74984 5.93395,
	5.75456 5.92765,
	5.75456 5.91506,
	5.75456 5.90877,
	5.75928 5.89618,
	5.76872 5.88517,
	5.77502 5.87887,
	5.78288 5.8537,
	5.78603 5.84111,
	5.7939 5.82852,
	5.80491 5.8175,
	5.83009 5.80334,
	5.84268 5.79862,
	5.86786 5.79862,
	5.91821 5.80334,
	5.94339 5.81121,
	5.95598 5.81121,
	5.96227 5.80963,
	5.97486 5.79862,
	6.02521 5.7876,
	6.0378 5.7876,
	6.06298 5.78131,
	6.08816 5.78288,
	6.13851 5.80491,
	6.18887 5.82222,
	6.20145 5.82852,
	6.20775 5.83167,
	6.23293 5.83324,
	6.23922 5.83481,
	6.26282 5.85527,
	6.27541 5.86471,
	6.30059 5.87258,
	6.32577 5.871,
	6.33836 5.871,
	6.36353 5.87573,
	6.37612 5.87887,
	6.38242 5.87887,
	6.395 5.88359,
	6.44536 5.88517,
	6.47054 5.89618,
	6.49571 5.90248,
	6.52089 5.90248,
	6.53348 5.90248,
	6.58383 5.89461,
	6.60901 5.89146,
	6.6216 5.88831,
	6.64678 5.87258,
	6.67195 5.86628,
	6.68454 5.86471,
	6.70972 5.86786,
	6.72231 5.86628,
	6.7349 5.86156,
	6.73804 5.86156,
	6.76322 5.84268,
	6.76637 5.83953,
	6.77896 5.83953,
	6.78525 5.84111,
	6.81043 5.85527,
	6.82302 5.86314,
	6.82931 5.86786,
	6.83088 5.88045,
	6.82774 5.89303,
	6.82459 5.89933,
	6.82302 5.92451,
	6.82144 5.93709,
	6.81672 5.94968,
	6.81515 5.95598,
	6.80728 5.96857,
	6.80256 5.98115,
	6.80099 5.99374,
	6.79627 6.00633,
	6.79312 6.01263,
	6.78682 6.01892,
	6.78053 6.02207,
	6.77738 6.02521,
	6.76479 6.02994,
	6.7585 6.03151,
	6.7349 6.05511,
	6.70972 6.07557,
	6.6987 6.08658,
	6.68612 6.0913,
	6.66094 6.09603,
	6.63576 6.10861,
	6.61058 6.13064,
	6.58541 6.14795,
	6.5618 6.16998,
	6.55394 6.18257,
	6.54921 6.19516,
	6.54764 6.20145,
	6.52404 6.22348,
	6.51617 6.23607,
	6.51302 6.24866,
	6.51145 6.29902,
	6.5083 6.31161,
	6.50673 6.3179,
	6.49886 6.33049,
	6.49571 6.34308,
	6.49571 6.34937,
	6.49257 6.35567,
	6.48627 6.36196,
	6.48312 6.36511,
	6.43277 6.36668,
	6.42018 6.3777,
	6.41074 6.38871,
	6.38556 6.40917,
	6.36039 6.41546,
	6.3478 6.41703,
	6.3415 6.42018,
	6.33836 6.42333,
	6.33521 6.42333,
	6.33206 6.42648,
	6.28171 6.44536,
	6.26912 6.4548,
	6.26125 6.46739,
	6.24866 6.4784,
	6.22348 6.49099,
	6.17313 6.50358,
	6.16684 6.50673,
	6.15425 6.51932,
	6.14166 6.52718,
	6.12907 6.52876,
	6.11648 6.52404,
	6.10389 6.51617,
	6.07872 6.49257,
	6.07242 6.48942,
	6.04724 6.48942,
	6.02207 6.48312,
	6.01105 6.47054,
	5.99689 6.44536,
	5.97801 6.42018,
	5.97014 6.40759,
	5.95283 6.35724,
	5.95126 6.35094,
	5.95126 6.3478,
	5.94811 6.34465,
	5.94339 6.33206,
	5.93395 6.32105,
	5.92765 6.31633,
	5.91506 6.31318,
	5.90877 6.31318,
	5.88359 6.29115,
	5.871 6.28328,
	5.85842 6.27856,
	5.85212 6.27699,
	5.82852 6.25338,
	5.81908 6.24079,
	5.81436 6.22821,
	5.80649 6.21562,
	5.78603 6.19044,
	5.78288 6.18415,
	5.76085 6.15897,
	5.73568 6.14166,
	5.71207 6.1212,
	5.70263 6.09603,
	5.70106 6.08973,
	5.68532 6.06455,
	5.68532 6.05197,
	5.68532 6.04567,
	5.68532 6.04252,
	"/>
</Transform>

<Transform dim="0"
 xcoef=" 0 1 0 0 0 0"
 ycoef=" 0 0 1 0 0 0">
<Contour name="d10" hidden="false" closed="true" simplified="true" border="0 1 1" fill="1 0.5 0" mode="11"
 points="5.72151 5.62867,
	5.73882 5.6035,
	5.74354 5.5972,
	5.74827 5.58461,
	5.75141 5.57832,
	5.75771 5.57203,
	5.764 5.56888,
	5.77659 5.57045,
	5.78288 5.57517,
	5.78918 5.58776,
	5.79075 5.59406,
	5.7939 5.5972,
	5.80649 5.60035,
	5.80491 5.60664,
	5.79547 5.61923,
	5.78288 5.63025,
	5.77974 5.63339,
	5.76715 5.63497,
	5.76085 5.63812,
	5.75456 5.64441,
	5.74197 5.64913,
	5.72938 5.64756,
	5.72309 5.64441,
	5.72151 5.63182,
	5.72151 5.63025,
	"/>
</Transform>

<Transform dim="0"
 xcoef=" 0 1 0 0 0 0"
 ycoef=" 0 0 1 0 0 0">
<Contour name="d10" hidden="false" closed="true" simplified="true" border="0 1 1" fill="1 0.5 0" mode="11"
 points="7.00398 5.75141,
	7.01657 5.7404,
	7.02286 5.73882,
	7.03545 5.72781,
	7.06063 5.71365,
	7.07321 5.7105,
	7.12357 5.7105,
	7.14875 5.7105,
	7.16133 5.70893,
	7.16448 5.70893,
	7.16606 5.71207,
	7.16448 5.71365,
	7.17078 5.71365,
	7.18337 5.71837,
	7.18966 5.72151,
	7.20225 5.73253,
	7.20854 5.73882,
	7.21641 5.764,
	7.21798 5.78918,
	7.21798 5.79547,
	7.21326 5.80806,
	7.20697 5.81436,
	7.19438 5.81593,
	7.1692 5.81278,
	7.14403 5.80334,
	7.11885 5.80334,
	7.09367 5.80806,
	7.06849 5.81593,
	7.0622 5.81908,
	7.05905 5.81908,
	7.05591 5.82222,
	7.03073 5.82065,
	7.02129 5.80963,
	7.0087 5.80177,
	7.00398 5.79705,
	7.00555 5.79075,
	7.00555 5.7876,
	7.01027 5.78131,
	7.01185 5.76872,
	7.00398 5.76085,
	7.00398 5.75456,
	7.00398 5.75299,
	"/>
</Transform>

<Transform dim="0"
 xcoef=" 0 1 0 0 0 0"
 ycoef=" 0 0 1 0 0 0">
<Contour name="d11" hidden="false" closed="true" simplified="true" border="1 0.501961 0" fill="1 0.5 0" mode="11"
 points="2.87111 6.47327,
	2.87701 6.46148,
	2.8888 6.45116,
	2.89469 6.44674,
	2.89469 6.44084,
	2.8888 6.43495,
	2.88585 6.432,
	2.88733 6.42021,
	2.89764 6.40989,
	2.90354 6.40547,
	2.90501 6.38189,
	2.89912 6.35831,
	2.89617 6.35241,
	2.89764 6.30525,
	2.89912 6.29346,
	2.90796 6.26987,
	2.91533 6.25808,
	2.92712 6.24629,
	2.93891 6.23745,
	2.96249 6.22713,
	2.97428 6.22271,
	2.99787 6.22418,
	3.00966 6.21976,
	3.03324 6.20502,
	3.05682 6.19323,
	3.06861 6.18734,
	3.07451 6.18439,
	3.0863 6.1726,
	3.10988 6.16375,
	3.13346 6.15786,
	3.14525 6.15491,
	3.15115 6.15196,
	3.19831 6.15196,
	3.24548 6.15638,
	3.29264 6.17407,
	3.29854 6.17702,
	3.32212 6.18144,
	3.32801 6.18291,
	3.3516 6.2006,
	3.36339 6.2065,
	3.38697 6.20797,
	3.39876 6.21092,
	3.40466 6.21239,
	3.41645 6.22271,
	3.42824 6.23008,
	3.44003 6.2404,
	3.44592 6.24629,
	3.44887 6.25219,
	3.47245 6.27577,
	3.48425 6.28461,
	3.49604 6.28903,
	3.50783 6.28903,
	3.51962 6.2964,
	3.52109 6.3023,
	3.52109 6.30525,
	3.52699 6.31114,
	3.53878 6.31556,
	3.55057 6.32293,
	3.56236 6.32735,
	3.60953 6.3303,
	3.61542 6.33178,
	3.639 6.35094,
	3.6449 6.35388,
	3.65374 6.36568,
	3.65374 6.37157,
	3.65816 6.37452,
	3.66848 6.38484,
	3.69206 6.39221,
	3.70385 6.39663,
	3.71417 6.404,
	3.72154 6.41579,
	3.72596 6.42758,
	3.73628 6.43495,
	3.74807 6.43937,
	3.74954 6.44526,
	3.74512 6.45706,
	3.73628 6.46737,
	3.73333 6.49095,
	3.72301 6.51454,
	3.7127 6.52485,
	3.7068 6.53075,
	3.69943 6.54254,
	3.67732 6.56612,
	3.65374 6.58528,
	3.63016 6.60002,
	3.61837 6.60739,
	3.61247 6.61181,
	3.60658 6.61329,
	3.60363 6.61623,
	3.59184 6.62066,
	3.58005 6.62803,
	3.56973 6.63834,
	3.56383 6.64424,
	3.54762 6.66782,
	3.52404 6.68698,
	3.47688 6.71351,
	3.46509 6.72088,
	3.4415 6.72972,
	3.34717 6.78426,
	3.32359 6.79457,
	3.3118 6.799,
	3.28822 6.799,
	3.27643 6.79605,
	3.26464 6.79015,
	3.24106 6.78278,
	3.22926 6.77836,
	3.22337 6.77541,
	3.22042 6.77247,
	3.20863 6.76804,
	3.19684 6.76067,
	3.188 6.74888,
	3.17621 6.73857,
	3.16441 6.73267,
	3.15262 6.7312,
	3.14673 6.7312,
	3.09956 6.70614,
	3.09662 6.70614,
	3.08482 6.69877,
	3.07303 6.68845,
	3.06124 6.68256,
	3.05535 6.67961,
	3.04356 6.67961,
	3.03177 6.68256,
	3.00818 6.68256,
	2.99639 6.67961,
	2.9846 6.67224,
	2.97281 6.66192,
	2.94923 6.64719,
	2.93744 6.63982,
	2.93154 6.63392,
	2.9168 6.61034,
	2.90501 6.59855,
	2.89322 6.59265,
	2.88143 6.58381,
	2.87406 6.57202,
	2.87259 6.54844,
	2.87996 6.52485,
	2.87848 6.51306,
	2.87848 6.50717,
	2.87553 6.50127,
	2.87406 6.48948,
	2.87111 6.48359,
	2.87111 6.47769,
	2.87111 6.47474,
	"/>
</Transform>

<Transform dim="0"
 xcoef=" 0 1 0 0 0 0"
 ycoef=" 0 0 1 0 0 0">
<Contour name="d01" hidden="false" closed="true" simplified="true" border="1 1 0" fill="1 0.5 0" mode="11"
 points="4.73818 3.85411,
	4.74753 3.84477,
	4.7689 3.83008,
	4.77825 3.82073,
	4.79294 3.79936,
	4.80229 3.79001,
	4.80496 3.78601,
	4.82499 3.76597,
	4.83167 3.74461,
	4.833 3.73392,
	4.83434 3.72858,
	4.84368 3.71923,
	4.84636 3.71656,
	4.85704 3.71256,
	4.87841 3.71122,
	4.89977 3.70321,
	4.91046 3.69787,
	4.92114 3.68985,
	4.93182 3.67917,
	4.93717 3.67383,
	4.94785 3.66715,
	4.95319 3.66314,
	4.96387 3.66047,
	5.00661 3.66181,
	5.01729 3.66047,
	5.03866 3.65246,
	5.06003 3.64044,
	5.07071 3.63376,
	5.15618 3.60706,
	5.19891 3.5937,
	5.22028 3.58702,
	5.23097 3.58302,
	5.2737 3.55898,
	5.29507 3.54562,
	5.31643 3.53494,
	5.3378 3.52693,
	5.38054 3.51491,
	5.39122 3.51224,
	5.43395 3.51224,
	5.44464 3.50823,
	5.466 3.49354,
	5.47135 3.48954,
	5.49271 3.48954,
	5.5034 3.4882,
	5.50874 3.48687,
	5.53011 3.47218,
	5.54079 3.4655,
	5.56216 3.45882,
	5.58352 3.45749,
	5.60489 3.46016,
	5.61023 3.46149,
	5.61958 3.47084,
	5.62092 3.48152,
	5.61825 3.49221,
	5.6089 3.50156,
	5.60356 3.50423,
	5.5862 3.52559,
	5.56616 3.54562,
	5.5448 3.55764,
	5.50206 3.58969,
	5.49271 3.59771,
	5.48337 3.61907,
	5.47402 3.62976,
	5.46333 3.63777,
	5.44197 3.64445,
	5.42193 3.66181,
	5.41125 3.66582,
	5.40591 3.66715,
	5.38454 3.68184,
	5.37252 3.70321,
	5.37119 3.70855,
	5.35516 3.72858,
	5.34448 3.73793,
	5.33914 3.7406,
	5.31911 3.76063,
	5.30174 3.782,
	5.28171 3.80203,
	5.26035 3.81939,
	5.255 3.83008,
	5.23631 3.85144,
	5.22162 3.87281,
	5.21895 3.87548,
	5.2136 3.89685,
	5.2136 3.91822,
	5.2136 3.9289,
	5.22028 3.95027,
	5.22295 3.96095,
	5.22963 3.97163,
	5.24031 3.98098,
	5.251 3.98766,
	5.26035 3.99834,
	5.26302 4.00368,
	5.2737 4.01303,
	5.29507 4.02505,
	5.30575 4.03039,
	5.3151 4.03974,
	5.31911 4.05043,
	5.32044 4.06111,
	5.32712 4.07179,
	5.34849 4.08381,
	5.35516 4.0945,
	5.35383 4.11586,
	5.35249 4.11853,
	5.34715 4.1172,
	5.33647 4.10919,
	5.3151 4.10117,
	5.30442 4.09717,
	5.26168 4.09182,
	5.24031 4.09182,
	5.22963 4.09182,
	5.21895 4.08915,
	5.21628 4.08915,
	5.17888 4.04775,
	5.16419 4.02639,
	5.15618 4.0157,
	5.15084 4.01036,
	5.14817 4.00769,
	5.14283 4.00769,
	5.12146 3.99567,
	5.11077 3.989,
	5.10009 3.98499,
	5.01462 3.98766,
	5.00394 3.98632,
	4.98257 3.97831,
	4.9799 3.97831,
	4.95853 3.96229,
	4.94785 3.95694,
	4.92648 3.95294,
	4.90512 3.94626,
	4.88375 3.9289,
	4.87306 3.92089,
	4.86238 3.91688,
	4.85704 3.91421,
	4.85437 3.91421,
	4.833 3.90086,
	4.79027 3.88082,
	4.74753 3.86747,
	4.73818 3.86079,
	4.73818 3.85545,
	"/>
</Transform>

<Transform dim="0"
 xcoef=" 0 1 0 0 0 0"
 ycoef=" 0 0 1 0 0 0">
<Contour name="d01c06" hidden="false" closed="true" simplified="true" border="1 0 0" fill="1 0 0" mode="11"
 points="5.22744 3.82529,
	5.23206 3.81605,
	5.25054 3.79757,
	5.26902 3.78371,
	5.27826 3.77909,
	5.31522 3.74675,
	5.36834 3.67283,
	5.4053 3.64512,
	5.42378 3.6405,
	5.44226 3.6405,
	5.4515 3.6405,
	5.45381 3.65898,
	5.45381 3.6636,
	5.43764 3.68207,
	5.40299 3.7121,
	5.37758 3.74906,
	5.37296 3.7583,
	5.37296 3.76292,
	5.35449 3.7814,
	5.31753 3.80912,
	5.28288 3.84377,
	5.27364 3.85301,
	5.25516 3.86456,
	5.23668 3.86687,
	5.23206 3.86687,
	5.22744 3.85763,
	5.22744 3.83915,
	5.22744 3.82991,
	5.22744 3.8276,
	"/>
</Transform>

<Transform dim="0"
 xcoef=" 0 1 0 0 0 0"
 ycoef=" 0 0 1 0 0 0">
<Contour name="d01cfa06" hidden="false" closed="false" simplified="false" border="0 0 1" fill="1 0 0" mode="11"
 points="5.23267 3.85728,
	5.3574 3.72793,
	5.43825 3.64708,
	"/>
</Transform>

<Transform dim="0"
 xcoef=" 0 1 0 0 0 0"
 ycoef=" 0 0 1 0 0 0">
<Contour name="d01c08" hidden="false" closed="true" simplified="true" border="1 0 0" fill="1 0 0" mode="11"
 points="4.18668 5.10683,
	4.19339 5.10012,
	4.20873 5.10012,
	4.21639 5.10108,
	4.23173 5.10587,
	4.2624 5.11162,
	4.32279 5.11354,
	4.31895 5.11546,
	4.31799 5.11642,
	4.44068 5.11642,
	4.47135 5.11737,
	4.47902 5.11929,
	4.48285 5.12313,
	4.48285 5.13079,
	4.47806 5.13846,
	4.47039 5.14517,
	4.46273 5.14996,
	4.45889 5.15284,
	4.45122 5.15476,
	4.44739 5.15667,
	4.41672 5.15667,
	4.38605 5.15476,
	4.35538 5.14996,
	4.3247 5.14805,
	4.26336 5.14709,
	4.24802 5.14613,
	4.21735 5.1375,
	4.20202 5.13175,
	4.18764 5.11737,
	4.18668 5.10971,
	4.18668 5.10779,
	"/>
</Transform>

<Transform dim="0"
 xcoef=" 0 1 0 0 0 0"
 ycoef=" 0 0 1 0 0 0">
<Contour name="d01cfa08" hidden="false" closed="false" simplified="false" border="0 0 1" fill="1 0 0" mode="11"
 points="4.18956 5.10714,
	4.24132 5.1244,
	4.29691 5.12919,
	4.41097 5.1359,
	4.47998 5.13111,
	"/>
</Transform>

<Transform dim="0"
 xcoef=" 0 1 0 0 0 0"
 ycoef=" 0 0 1 0 0 0">
<Contour name="d05p10" hidden="false" closed="true" simplified="false" border="0 0 1" fill="0 0 1" mode="11"
 points="5.43717 4.61769,
	5.43006 4.61532,
	5.43717 4.61295,
	5.43243 4.60584,
	5.43954 4.61058,
	5.44191 4.60347,
	5.44428 4.61058,
	5.45139 4.60584,
	5.44665 4.61295,
	5.45376 4.61532,
	5.44665 4.61769,
	5.45139 4.6248,
	5.44428 4.62006,
	5.44191 4.62717,
	5.43954 4.62006,
	5.43243 4.6248,
	"/>
</Transform>

<Transform dim="0"
 xcoef=" 0 1 0 0 0 0"
 ycoef=" 0 0 1 0 0 0">
<Contour name="d05c10" hidden="false" closed="true" simplified="true" border="1 0 0" fill="1 0 0" mode="11"
 points="5.12164 4.34942,
	5.15349 4.30696,
	5.19064 4.22204,
	5.1986 4.20081,
	5.21718 4.17958,
	5.23841 4.16631,
	5.24902 4.16366,
	5.25433 4.16366,
	5.26494 4.18489,
	5.26494 4.22735,
	5.24637 4.2698,
	5.2331 4.29103,
	5.21452 4.31226,
	5.20656 4.33349,
	5.16676 4.3733,
	5.14553 4.37861,
	5.1243 4.37595,
	5.12164 4.35472,
	5.12164 4.35207,
	"/>
</Transform>

<Transform dim="0"
 xcoef=" 0 1 0 0 0 0"
 ycoef=" 0 0 1 0 0 0">
<Contour name="d05cfa10" hidden="false" closed="false" simplified="false" border="0 0 1" fill="0 0 1" mode="11"
 points="5.14107 4.37284,
	5.17292 4.33569,
	5.20211 4.27997,
	5.21803 4.25608,
	5.23926 4.21362,
	5.24457 4.16586,
	"/>
</Transform>

<Transform dim="0"
 xcoef=" 0 1 0 0 0 0"
 ycoef=" 0 0 1 0 0 0">
<Contour name="d05c12" hidden="false" closed="true" simplified="true" border="1 0 0" fill="1 0 0" mode="11"
 points="6.54811 4.56773,
	6.55009 4.56377,
	6.55801 4.55684,
	6.56593 4.55387,
	6.58177 4.55486,
	6.58969 4.55882,
	6.59563 4.56674,
	6.5996 4.57466,
	6.60653 4.58159,
	6.61049 4.58457,
	6.61445 4.58457,
	6.61643 4.58556,
	6.61544 4.58754,
	6.63128 4.59348,
	6.64712 4.6014,
	6.66297 4.60635,
	6.67881 4.60833,
	6.69465 4.60734,
	6.69861 4.60536,
	6.70654 4.60437,
	6.72238 4.59843,
	6.72634 4.59645,
	6.73426 4.59645,
	6.73822 4.59744,
	6.7402 4.59744,
	6.74812 4.60338,
	6.75208 4.60734,
	6.75604 4.61526,
	6.75604 4.62318,
	6.75307 4.6311,
	6.74515 4.63903,
	6.72931 4.64992,
	6.71347 4.65685,
	6.69762 4.66081,
	6.68178 4.65982,
	6.65009 4.65091,
	6.64217 4.64794,
	6.62633 4.64695,
	6.61049 4.64101,
	6.59464 4.63209,
	6.58672 4.62714,
	6.57088 4.61229,
	6.55801 4.59645,
	6.5491 4.5806,
	6.54811 4.57268,
	6.54811 4.56872,
	"/>
</Transform>

<Transform dim="1"
 xcoef=" -0.01 1 0 0 0 0"
 ycoef=" 0 0 1 0 0 0">
<Contour name="d05cfa12" hidden="false" closed="true" simplified="true" border="0 0 1" fill="1 0 0" mode="11"
 points="6.54811 4.56773,
	6.55009 4.56377,
	6.55801 4.55684,
	6.56593 4.55387,
	6.58177 4.55486,
	6.58969 4.55882,
	6.59563 4.56674,
	6.5996 4.57466,
	6.60653 4.58159,
	6.61049 4.58457,
	6.61445 4.58457,
	6.61643 4.58556,
	6.61544 4.58754,
	6.63128 4.59348,
	6.64712 4.6014,
	6.66297 4.60635,
	6.67881 4.60833,
	6.69465 4.60734,
	6.69861 4.60536,
	6.70654 4.60437,
	6.72238 4.59843,
	6.72634 4.59645,
	6.73426 4.59645,
	6.73822 4.59744,
	6.7402 4.59744,
	6.74812 4.60338,
	6.75208 4.60734,
	6.75604 4.61526,
	6.75604 4.62318,
	6.75307 4.6311,
	6.74515 4.63903,
	6.72931 4.64992,
	6.71347 4.65685,
	6.69762 4.66081,
	6.68178 4.65982,
	6.65009 4.65091,
	6.64217 4.64794,
	6.62633 4.64695,
	6.61049 4.64101,
	6.59464 4.63209,
	6.58672 4.62714,
	6.57088 4.61229,
	6.55801 4.59645,
	6.5491 4.5806,
	6.54811 4.57268,
	6.54811 4.56872,
	"/>
<Contour name="d05cfa12" hidden="false" closed="false" simplified="false" border="0 0 1" fill="1 0 0" mode="11"
 points="6.75347 4.61441,
	6.75347 4.61837,
	6.75149 4.6253,
	6.74555 4.63124,
	6.72575 4.64313,
	6.70792 4.65501,
	6.68416 4.65501,
	6.65544 4.64907,
	6.62277 4.63917,
	6.59702 4.63025,
	6.57722 4.6154,
	6.55246 4.5857,
	6.5485 4.5649,
	"/>
</Transform>

<Transform dim="0"
 xcoef=" 0 1 0 0 0 0"
 ycoef=" 0 0 1 0 0 0">
<Contour name="d07p12" hidden="false" closed="true" simplified="false" border="0 0 1" fill="0 0 1" mode="11"
 points="2.34241 2.12214,
	2.38742 2.12214,
	2.36491 2.1634,
	"/>
</Transform>

<Transform dim="0"
 xcoef=" 0 1 0 0 0 0"
 ycoef=" 0 0 1 0 0 0">
<Contour name="d07p13" hidden="false" closed="true" simplified="false" border="0 0 1" fill="1 0 0" mode="11"
 points="2.59745 1.40952,
	2.61621 1.38327,
	2.59745 1.35701,
	2.60871 1.35701,
	2.62371 1.37951,
	2.63871 1.35701,
	2.64996 1.35701,
	2.63121 1.38327,
	2.64996 1.40952,
	2.63871 1.40952,
	2.62371 1.38702,
	2.60871 1.40952,
	"/>
</Transform>

<Transform dim="0"
 xcoef=" 0 1 0 0 0 0"
 ycoef=" 0 0 1 0 0 0">
<Contour name="d07c13" hidden="false" closed="true" simplified="true" border="1 0 0" fill="1 0 0" mode="11"
 points="2.81557 0.813117,
	2.82285 0.803408,
	2.90052 0.803408,
	2.93936 0.803408,
	2.97819 0.796127,
	2.99761 0.791272,
	3.03645 0.791272,
	3.05586 0.793699,
	3.07528 0.800981,
	3.08499 0.808263,
	3.08499 0.813117,
	3.06557 0.832535,
	3.05586 0.842244,
	3.01703 0.859234,
	2.93936 0.859234,
	2.90052 0.85438,
	2.82285 0.82768,
	2.81557 0.820399,
	2.81557 0.815544,
	"/>
<Contour name="d07cfa13" hidden="false" closed="false" simplified="false" border="0 0 1" fill="0 0 1" mode="11"
 points="3.07941 0.802952,
	2.98718 0.836933,
	2.93621 0.824797,
	2.87795 0.824797,
	2.83912 0.800525,
	"/>
</Transform>

<Transform dim="0"
 xcoef=" 0 1 0 0 0 0"
 ycoef=" 0 0 1 0 0 0">
<Contour name="d01ser" hidden="false" closed="true" simplified="true" border="0 0.501961 0.501961" fill="0 0.501961 0.501961" mode="-9"
 points="3.78907 4.19516,
	3.79251 4.19172,
	3.81087 4.19287,
	3.82004 4.19746,
	3.82463 4.19975,
	3.82578 4.20434,
	3.82234 4.20778,
	3.81316 4.20778,
	3.80857 4.20893,
	3.80398 4.21237,
	3.79481 4.21122,
	3.79022 4.20778,
	3.78907 4.19861,
	3.78907 4.19631,
	"/>
</Transform>

<Transform dim="0"
 xcoef=" 0 1 0 0 0 0"
 ycoef=" 0 0 1 0 0 0">
<Contour name="d01mito01" hidden="false" closed="true" simplified="true" border="1 0 0" fill="1 0 0" mode="11"
 points="3.45664 4.23163,
	3.462 4.2209,
	3.48211 4.20079,
	3.49284 4.19409,
	3.51295 4.17397,
	3.52368 4.16727,
	3.52636 4.16459,
	3.54781 4.1552,
	3.55854 4.14716,
	3.64435 4.1485,
	3.68726 4.14984,
	3.69798 4.15118,
	3.71944 4.16057,
	3.72212 4.16593,
	3.7315 4.17532,
	3.74625 4.19677,
	3.75296 4.2075,
	3.75698 4.21822,
	3.75564 4.23968,
	3.75028 4.2504,
	3.73016 4.27051,
	3.72212 4.28124,
	3.71273 4.28794,
	3.70201 4.29197,
	3.69128 4.29867,
	3.68055 4.3094,
	3.66983 4.3161,
	3.66446 4.31878,
	3.62156 4.31878,
	3.6001 4.32281,
	3.58938 4.32683,
	3.57865 4.32817,
	3.56792 4.32683,
	3.54647 4.31744,
	3.50356 4.30269,
	3.49418 4.29331,
	3.49016 4.28258,
	3.48747 4.27722,
	3.47675 4.27185,
	3.47138 4.26917,
	3.46066 4.25979,
	3.45664 4.25442,
	3.45664 4.23297,
	"/>
</Transform>

<Transform dim="0"
 xcoef=" 0 1 0 0 0 0"
 ycoef=" 0 0 1 0 0 0">
<Contour name="d01ser" hidden="false" closed="true" simplified="true" border="0 0.501961 0.501961" fill="0 0.501961 0.501961" mode="-9"
 points="3.21529 4.52527,
	3.22601 4.51723,
	3.23138 4.51588,
	3.2421 4.51723,
	3.25283 4.52125,
	3.26356 4.53063,
	3.26356 4.53331,
	3.26624 4.53466,
	3.26758 4.54002,
	3.26356 4.55075,
	3.26222 4.55343,
	3.25149 4.55209,
	3.23272 4.53197,
	3.22199 4.53197,
	3.21663 4.53063,
	3.21529 4.52661,
	"/>
</Transform>

<Transform dim="0"
 xcoef=" 0 1 0 0 0 0"
 ycoef=" 0 0 1 0 0 0">
<Contour name="d01ser" hidden="false" closed="true" simplified="true" border="0 0.501961 0.501961" fill="0 0.501961 0.501961" mode="-9"
 points="3.80285 4.72297,
	3.81556 4.71502,
	3.82192 4.70867,
	3.83463 4.70708,
	3.84099 4.70708,
	3.8537 4.71502,
	3.85847 4.72138,
	3.85688 4.73409,
	3.85688 4.73727,
	3.84893 4.7484,
	3.85052 4.75157,
	3.83781 4.75952,
	3.8251 4.75952,
	3.81874 4.75952,
	3.81556 4.75952,
	3.81238 4.75634,
	3.81238 4.74363,
	3.81238 4.74045,
	3.80603 4.73409,
	3.80285 4.73251,
	3.80285 4.72615,
	3.80285 4.72456,
	"/>
</Transform>

<Transform dim="0"
 xcoef=" 0 1 0 0 0 0"
 ycoef=" 0 0 1 0 0 0">
<Contour name="d01ser" hidden="false" closed="true" simplified="true" border="0 0.501961 0.501961" fill="0 0.501961 0.501961" mode="-9"
 points="4.02851 4.34793,
	4.03487 4.34316,
	4.06029 4.33204,
	4.07301 4.33363,
	4.07777 4.33839,
	4.07936 4.34475,
	4.08572 4.34952,
	4.0889 4.35429,
	4.08731 4.36064,
	4.08254 4.367,
	4.05711 4.36382,
	4.0444 4.35905,
	4.03169 4.35905,
	4.02851 4.35746,
	4.02851 4.35111,
	4.02851 4.34952,
	"/>
</Transform>

<Transform dim="0"
 xcoef=" 0 1 0 0 0 0"
 ycoef=" 0 0 1 0 0 0">
<Contour name="d01ser" hidden="false" closed="true" simplified="true" border="0 0.501961 0.501961" fill="0 0.501961 0.501961" mode="-9"
 points="3.32495 4.50118,
	3.33264 4.49221,
	3.35314 4.49349,
	3.35827 4.49734,
	3.35955 4.51784,
	3.35827 4.52296,
	3.35827 4.52553,
	3.3493 4.53449,
	3.34417 4.53065,
	3.33905 4.52168,
	3.33136 4.51271,
	3.32624 4.50887,
	3.32495 4.50374,
	3.32495 4.50246,
	"/>
</Transform>

<Transform dim="0"
 xcoef=" 0 1 0 0 0 0"
 ycoef=" 0 0 1 0 0 0">
<Contour name="d02ser" hidden="false" closed="true" simplified="true" border="0.251 0.502 0.502" fill="0 0.502 0.502" mode="-9"
 points="4.58272 4.42384,
	4.58769 4.41888,
	4.60093 4.41722,
	4.60258 4.43046,
	4.60093 4.43708,
	4.59431 4.44039,
	4.58769 4.44039,
	4.58272 4.43377,
	4.58272 4.42715,
	4.58272 4.4255,
	"/>
</Transform>

<Transform dim="0"
 xcoef=" 0 1 0 0 0 0"
 ycoef=" 0 0 1 0 0 0">
<Contour name="d02ser" hidden="false" closed="true" simplified="true" border="0.251 0.502 0.502" fill="0 0.502 0.502" mode="-9"
 points="4.4106 4.08291,
	4.42219 4.06967,
	4.42881 4.05643,
	4.44205 4.04319,
	4.44867 4.03988,
	4.47515 4.03822,
	4.48177 4.03822,
	4.48342 4.05146,
	4.48011 4.0647,
	4.48177 4.06967,
	4.47846 4.07629,
	4.47846 4.08953,
	4.4768 4.09615,
	4.46522 4.10939,
	4.43874 4.11766,
	4.43212 4.11766,
	4.4255 4.11435,
	4.41391 4.10111,
	4.4106 4.09449,
	4.4106 4.08787,
	4.4106 4.08456,
	"/>
</Transform>

<Transform dim="0"
 xcoef=" 0 1 0 0 0 0"
 ycoef=" 0 0 1 0 0 0">
<Contour name="d02ser" hidden="false" closed="true" simplified="true" border="0.251 0.502 0.502" fill="0 0.502 0.502" mode="-9"
 points="4.53969 4.11932,
	4.55293 4.11766,
	4.56617 4.10608,
	4.57279 4.10111,
	4.58603 4.10277,
	4.58603 4.10939,
	4.57941 4.12263,
	4.57776 4.12925,
	4.57279 4.13421,
	4.5761 4.13587,
	4.57445 4.13918,
	4.56948 4.14083,
	4.55624 4.13752,
	4.55128 4.13256,
	4.54466 4.13256,
	4.53969 4.12594,
	4.53969 4.12097,
	"/>
</Transform>

<Transform dim="0"
 xcoef=" 0 1 0 0 0 0"
 ycoef=" 0 0 1 0 0 0">
<Contour name="d03ser" hidden="false" closed="true" simplified="true" border="0.251 0.502 0.502" fill="0 0.502 0.502" mode="-9"
 points="4.32928 2.82369,
	4.33507 2.81596,
	4.33894 2.8121,
	4.3544 2.81403,
	4.36213 2.81983,
	4.36407 2.82756,
	4.36986 2.83336,
	4.37373 2.83529,
	4.37373 2.83142,
	4.37759 2.82949,
	4.38533 2.83336,
	4.39306 2.84109,
	4.39499 2.84882,
	4.39112 2.86428,
	4.37953 2.87974,
	4.36407 2.88941,
	4.3486 2.88941,
	4.33894 2.87588,
	4.32928 2.84495,
	4.32928 2.82949,
	4.32928 2.82563,
	"/>
<Contour name="d03ser" hidden="false" closed="true" simplified="true" border="0.251 0.502 0.502" fill="0 0.502 0.502" mode="-9"
 points="4.12634 2.81596,
	4.1418 2.81403,
	4.15726 2.8179,
	4.165 2.81596,
	4.17079 2.82176,
	4.17079 2.83722,
	4.16693 2.84495,
	4.16306 2.84882,
	4.15533 2.84882,
	4.1418 2.83529,
	4.12634 2.82949,
	4.12634 2.82176,
	4.12634 2.8179,
	"/>
</Transform>

<Transform dim="0"
 xcoef=" 0 1 0 0 0 0"
 ycoef=" 0 0 1 0 0 0">
<Contour name="d03ser" hidden="false" closed="true" simplified="true" border="0.251 0.502 0.502" fill="0 0.502 0.502" mode="-9"
 points="4.47616 3.21217,
	4.48389 3.19671,
	4.49162 3.19091,
	4.55347 3.18898,
	4.56893 3.18511,
	4.59986 3.16965,
	4.6617 3.12906,
	4.66943 3.12906,
	4.6733 3.12906,
	4.67523 3.13679,
	4.6733 3.14452,
	4.66557 3.14646,
	4.63464 3.16772,
	4.61918 3.17351,
	4.61145 3.17545,
	4.58053 3.19671,
	4.54961 3.21024,
	4.53414 3.21217,
	4.50322 3.2257,
	4.48776 3.23923,
	4.48003 3.24116,
	4.47616 3.23343,
	4.47616 3.21797,
	4.47616 3.2141,
	"/>
</Transform>

<Transform dim="0"
 xcoef=" 0 1 0 0 0 0"
 ycoef=" 0 0 1 0 0 0">
<Contour name="d01MT1" hidden="false" closed="true" simplified="false" border="1 0.501961 0" fill="1 0.498039 0" mode="-9"
 points="3.7225 4.34328,
	3.7225 4.33742,
	3.72836 4.33157,
	3.73421 4.33157,
	3.74007 4.33742,
	3.74007 4.34328,
	3.73421 4.34914,
	3.72836 4.34914,
	"/>
<Contour name="d01MT2" hidden="false" closed="true" simplified="false" border="1 0.501961 0" fill="1 0.498039 0" mode="-9"
 points="4.11784 4.43992,
	4.11784 4.43406,
	4.12369 4.42821,
	4.12955 4.42821,
	4.13541 4.43406,
	4.13541 4.43992,
	4.12955 4.44578,
	4.12369 4.44578,
	"/>
<Contour name="d01MT3" hidden="false" closed="true" simplified="false" border="1 0.501961 0" fill="1 0.498039 0" mode="-9"
 points="3.87185 4.26714,
	3.87185 4.26129,
	3.87771 4.25543,
	3.88356 4.25543,
	3.88942 4.26129,
	3.88942 4.26714,
	3.88356 4.273,
	3.87771 4.273,
	"/>
<Contour name="d01MT4" hidden="false" closed="true" simplified="false" border="1 0.501961 0" fill="1 0.498039 0" mode="-9"
 points="3.33302 4.50727,
	3.33302 4.50142,
	3.33888 4.49556,
	3.34473 4.49556,
	3.35059 4.50142,
	3.35059 4.50727,
	3.34473 4.51313,
	3.33888 4.51313,
	"/>
<Contour name="d01MT5" hidden="false" closed="true" simplified="false" border="1 0.501961 0" fill="1 0.498039 0" mode="-9"
 points="3.42087 4.68883,
	3.42087 4.68298,
	3.42673 4.67712,
	3.43259 4.67712,
	3.43844 4.68298,
	3.43844 4.68883,
	3.43259 4.69469,
	3.42673 4.69469,
	"/>
<Contour name="d01MT6" hidden="false" closed="true" simplified="false" border="1 0.501961 0" fill="1 0.498039 0" mode="-9"
 points="3.43259 4.42821,
	3.43259 4.42235,
	3.43844 4.41649,
	3.4443 4.41649,
	3.45016 4.42235,
	3.45016 4.42821,
	3.4443 4.43406,
	3.43844 4.43406,
	"/>
<Contour name="d01MT7" hidden="false" closed="true" simplified="false" border="1 0.501961 0" fill="1 0.498039 0" mode="-9"
 points="3.42673 4.56291,
	3.42673 4.55706,
	3.43259 4.5512,
	3.43844 4.5512,
	3.4443 4.55706,
	3.4443 4.56291,
	3.43844 4.56877,
	3.43259 4.56877,
	"/>
</Transform>

<Transform dim="0"
 xcoef=" 0 1 0 0 0 0"
 ycoef=" 0 0 1 0 0 0">
<Contour name="d01MT9" hidden="false" closed="true" simplified="false" border="1 0.501961 0" fill="1 0.498039 0" mode="-9"
 points="3.59072 4.39014,
	3.59072 4.38428,
	3.59658 4.37842,
	3.60243 4.37842,
	3.60829 4.38428,
	3.60829 4.39014,
	3.60243 4.39599,
	3.59658 4.39599,
	"/>
</Transform>

<Transform dim="0"
 xcoef=" 0 1 0 0 0 0"
 ycoef=" 0 0 1 0 0 0">
<Contour name="d01MT10" hidden="false" closed="true" simplified="false" border="1 0.501961 0" fill="1 0.498039 0" mode="-9"
 points="3.68443 4.62734,
	3.68443 4.62148,
	3.69029 4.61562,
	3.69614 4.61562,
	3.702 4.62148,
	3.702 4.62734,
	3.69614 4.63319,
	3.69029 4.63319,
	"/>
</Transform>

<Transform dim="0"
 xcoef=" 0 1 0 0 0 0"
 ycoef=" 0 0 1 0 0 0">
<Contour name="d01MT14" hidden="false" closed="true" simplified="false" border="1 0.501961 0" fill="1 0.498039 0" mode="-9"
 points="3.33888 4.39892,
	3.33888 4.39306,
	3.34473 4.38721,
	3.35059 4.38721,
	3.35645 4.39306,
	3.35645 4.39892,
	3.35059 4.40478,
	3.34473 4.40478,
	"/>
<Contour name="d01MT15" hidden="false" closed="true" simplified="false" border="1 0.501961 0" fill="1 0.498039 0" mode="-9"
 points="3.9597 4.24371,
	3.9597 4.23786,
	3.96556 4.232,
	3.97142 4.232,
	3.97727 4.23786,
	3.97727 4.24371,
	3.97142 4.24957,
	3.96556 4.24957,
	"/>
<Contour name="d01MT16" hidden="false" closed="true" simplified="false" border="1 0.501961 0" fill="1 0.498039 0" mode="-9"
 points="4.05634 4.35207,
	4.05634 4.34621,
	4.0622 4.34035,
	4.06805 4.34035,
	4.07391 4.34621,
	4.07391 4.35207,
	4.06805 4.35792,
	4.0622 4.35792,
	"/>
<Contour name="d01MT17" hidden="false" closed="true" simplified="false" border="1 0.501961 0" fill="1 0.498039 0" mode="-9"
 points="3.3828 4.31693,
	3.3828 4.31107,
	3.38866 4.30521,
	3.39452 4.30521,
	3.40037 4.31107,
	3.40037 4.31693,
	3.39452 4.32278,
	3.38866 4.32278,
	"/>
<Contour name="d01MT18" hidden="false" closed="true" simplified="false" border="1 0.501961 0" fill="1 0.498039 0" mode="-9"
 points="3.49115 4.37549,
	3.49115 4.36964,
	3.49701 4.36378,
	3.50287 4.36378,
	3.50873 4.36964,
	3.50873 4.37549,
	3.50287 4.38135,
	3.49701 4.38135,
	"/>
<Contour name="d01MT19" hidden="false" closed="true" simplified="false" border="1 0.501961 0" fill="1 0.498039 0" mode="-9"
 points="3.54679 4.5307,
	3.54679 4.52484,
	3.55265 4.51899,
	3.55851 4.51899,
	3.56437 4.52484,
	3.56437 4.5307,
	3.55851 4.53656,
	3.55265 4.53656,
	"/>
</Transform>

<Transform dim="0"
 xcoef=" 0 1 0 0 0 0"
 ycoef=" 0 0 1 0 0 0">
<Contour name="d01MT20" hidden="false" closed="true" simplified="false" border="1 0.502 0" fill="1 0.498 0" mode="-9"
 points="3.30328 4.6657,
	3.30328 4.6585,
	3.31048 4.6513,
	3.31768 4.6513,
	3.32488 4.6585,
	3.32488 4.6657,
	3.31768 4.6729,
	3.31048 4.6729,
	"/>
</Transform>

<Transform dim="0"
 xcoef=" 0 1 0 0 0 0"
 ycoef=" 0 0 1 0 0 0">
<Contour name="Ax01" hidden="false" closed="true" simplified="true" border="1 0.502 0" fill="1 0.498 0" mode="-11"
 points="3.33356 4.97092,
	3.34395 4.95707,
	3.37164 4.94322,
	3.42702 4.93284,
	3.48241 4.93284,
	3.5378 4.93976,
	3.56549 4.95361,
	3.57934 4.95707,
	3.60703 4.94669,
	3.62088 4.93976,
	3.64857 4.9363,
	3.65549 4.93284,
	3.68319 4.9363,
	3.69703 4.95015,
	3.69357 4.96399,
	3.68319 4.97784,
	3.63126 5.01246,
	3.52049 5.05746,
	3.4651 5.06438,
	3.40972 5.06438,
	3.38202 5.06438,
	3.36818 5.06438,
	3.34741 5.04015,
	3.33702 5.01246,
	3.33356 4.98476,
	3.33356 4.97438,
	"/>
</Transform>

<Transform dim="0"
 xcoef=" 0 1 0 0 0 0"
 ycoef=" 0 0 1 0 0 0">
<Contour name="Ax03" hidden="false" closed="true" simplified="true" border="1 0.502 0.753" fill="1 0.502 0.753" mode="-11"
 points="5.69629 5.16206,
	5.71299 5.13534,
	5.7397 5.10863,
	5.84655 5.09528,
	5.89997 5.09862,
	5.91333 5.10195,
	5.93002 5.12867,
	5.9367 5.12867,
	5.95005 5.13868,
	5.96341 5.14202,
	5.97677 5.15204,
	5.98344 5.15204,
	6.01016 5.16873,
	6.02351 5.17875,
	6.03687 5.20546,
	6.04021 5.21882,
	6.05022 5.23217,
	6.06024 5.25889,
	6.06358 5.27224,
	6.05356 5.32567,
	6.04689 5.35238,
	6.00348 5.39912,
	5.98011 5.41248,
	5.92668 5.41582,
	5.91333 5.41248,
	5.8599 5.37575,
	5.84655 5.36907,
	5.83987 5.3624,
	5.81316 5.35572,
	5.75973 5.32567,
	5.75306 5.31231,
	5.74638 5.30897,
	5.74638 5.30229,
	5.72634 5.27892,
	5.71299 5.2689,
	5.69629 5.21548,
	5.69629 5.1654,
	"/>
</Transform>

<Transform dim="0"
 xcoef=" 0 1 0 0 0 0"
 ycoef=" 0 0 1 0 0 0">
<Contour name="Ax04" hidden="false" closed="true" simplified="true" border="1 0 0" fill="1 0 0" mode="-11"
 points="-0.0210055 1.58066,
	-0.0131284 1.57016,
	0.00787706 1.56228,
	0.049888 1.56228,
	0.091899 1.55703,
	0.13391 1.55703,
	0.154915 1.55441,
	0.196926 1.55966,
	0.217932 1.55966,
	0.228435 1.55441,
	0.270446 1.55703,
	0.312457 1.56753,
	0.333462 1.56753,
	0.354468 1.57541,
	0.359719 1.57541,
	0.396479 1.60955,
	0.404356 1.62005,
	0.412233 1.64105,
	0.414858 1.66206,
	0.412233 1.68306,
	0.406981 1.69357,
	0.396479 1.70144,
	0.391227 1.7067,
	0.380724 1.70932,
	0.375473 1.71457,
	0.354468 1.72245,
	0.343965 1.7277,
	0.338714 1.7277,
	0.333462 1.73295,
	0.291451 1.74083,
	0.24944 1.73558,
	0.207429 1.72245,
	0.186424 1.7172,
	0.144413 1.71457,
	0.13391 1.71195,
	0.11553 1.69619,
	0.110279 1.68569,
	0.105027 1.68044,
	0.102402 1.66994,
	0.0866476 1.65156,
	0.0761449 1.64631,
	0.0708935 1.64105,
	0.049888 1.63318,
	0.0288825 1.63055,
	0.00787706 1.62267,
	-0.0131284 1.60955,
	-0.0183798 1.60429,
	-0.0210055 1.58329,
	"/>
</Transform>

<Transform dim="0"
 xcoef=" 0 1 0 0 0 0"
 ycoef=" 0 0 1 0 0 0">
<Contour name="Ax04" hidden="false" closed="true" simplified="true" border="1 0 0" fill="1 0 0" mode="-11"
 points="7.83242 6.30165,
	7.85605 6.25964,
	7.86918 6.24126,
	7.90594 6.20712,
	7.92695 6.19924,
	7.96108 6.16249,
	8.00309 6.12573,
	8.00572 6.10472,
	7.99259 6.06271,
	7.97946 6.0417,
	7.97158 6.0207,
	7.96108 6.0102,
	7.95583 6.0102,
	7.9532 6.00494,
	7.9427 6.00232,
	7.9322 5.99444,
	7.91119 5.98919,
	7.90069 5.98131,
	7.89544 5.97606,
	7.89806 5.95506,
	7.93745 5.9288,
	7.95583 5.91305,
	7.96633 5.91042,
	7.98471 5.89204,
	8.02672 5.87629,
	8.03197 5.87629,
	8.07136 5.8474,
	8.07924 5.8369,
	8.08711 5.81852,
	8.10549 5.80014,
	8.116 5.79226,
	8.11862 5.77126,
	8.116 5.76076,
	8.10287 5.73975,
	8.10024 5.71874,
	8.10287 5.69774,
	8.116 5.67673,
	8.12125 5.66623,
	8.14225 5.6531,
	8.15276 5.64523,
	8.17376 5.63997,
	8.18426 5.63472,
	8.20527 5.63735,
	8.22627 5.64785,
	8.26829 5.65573,
	8.28929 5.65835,
	8.3103 5.66886,
	8.3208 5.67673,
	8.32605 5.67936,
	8.32605 5.68461,
	8.3313 5.68986,
	8.3313 5.69511,
	8.33655 5.70036,
	8.3418 5.72137,
	8.3418 5.72662,
	8.34706 5.72662,
	8.35231 5.73187,
	8.39432 5.73187,
	8.41532 5.72925,
	8.45733 5.7345,
	8.46259 5.73712,
	8.45733 5.75813,
	8.45208 5.76863,
	8.45208 5.77388,
	8.47309 5.76338,
	8.48359 5.76601,
	8.49147 5.77651,
	8.50985 5.78964,
	8.50197 5.83165,
	8.48097 5.87103,
	8.47046 5.89204,
	8.46521 5.90254,
	8.46521 5.91305,
	8.47046 5.92355,
	8.46784 5.94455,
	8.46521 5.95506,
	8.44421 5.97081,
	8.4337 5.97869,
	8.4232 5.98131,
	8.40482 6.00232,
	8.38119 6.04433,
	8.34968 6.08371,
	8.30767 6.1126,
	8.27091 6.14936,
	8.23153 6.18087,
	8.22102 6.18349,
	8.17901 6.20975,
	8.16851 6.21762,
	8.14225 6.25701,
	8.12912 6.27539,
	8.12387 6.28589,
	8.08711 6.32528,
	8.07398 6.34628,
	8.06348 6.38829,
	8.06348 6.3988,
	8.05823 6.4093,
	8.05823 6.4198,
	8.0451 6.44081,
	8.0346 6.44869,
	7.99259 6.45656,
	7.90857 6.45656,
	7.88756 6.45131,
	7.87706 6.44606,
	7.85868 6.42505,
	7.8508 6.40405,
	7.83242 6.32003,
	7.83242 6.30952,
	7.83242 6.30427,
	"/>
<Contour name="Ax04" hidden="false" closed="true" simplified="true" border="1 0 0" fill="1 0 0" mode="-11"
 points="7.96633 6.71388,
	7.97683 6.69287,
	7.99521 6.67449,
	8.00572 6.66662,
	8.01622 6.64824,
	8.00572 6.62723,
	8.00047 6.61673,
	8.00309 6.57472,
	8.01622 6.55371,
	8.03723 6.54058,
	8.04773 6.53533,
	8.08974 6.53796,
	8.11074 6.54584,
	8.19477 6.54846,
	8.23153 6.57734,
	8.24203 6.58522,
	8.24728 6.58522,
	8.25778 6.5931,
	8.27879 6.60097,
	8.29454 6.62198,
	8.31555 6.64036,
	8.3313 6.65874,
	8.32342 6.70075,
	8.30767 6.72176,
	8.3208 6.74014,
	8.32868 6.75064,
	8.32605 6.77164,
	8.32342 6.78215,
	8.30242 6.80053,
	8.29192 6.81103,
	8.26303 6.84779,
	8.25253 6.85304,
	8.16851 6.84516,
	8.1475 6.83729,
	8.137 6.83729,
	8.116 6.82678,
	8.10549 6.82416,
	8.10024 6.81891,
	8.05823 6.80053,
	8.03723 6.78477,
	8.01622 6.77427,
	7.97683 6.74276,
	7.96896 6.73488,
	7.96633 6.71651,
	"/>
</Transform>

<Transform dim="0"
 xcoef=" 0 1 0 0 0 0"
 ycoef=" 0 0 1 0 0 0">
<Contour name="Ax04B06ssvr523" hidden="false" closed="true" simplified="false" border="0.251 0 0.502" fill="0.251 0 0.502" mode="-9"
 points="8.1904 5.71079,
	8.18232 5.7081,
	8.1904 5.70541,
	8.18502 5.69733,
	8.1931 5.70272,
	8.19579 5.69464,
	8.19848 5.70272,
	8.20656 5.69733,
	8.20117 5.70541,
	8.20925 5.7081,
	8.20117 5.71079,
	8.20656 5.71887,
	8.19848 5.71349,
	8.19579 5.72157,
	8.1931 5.71349,
	8.18502 5.71887,
	"/>
<Contour name="Ax04B06ssvr524" hidden="false" closed="true" simplified="false" border="0.251 0 0.502" fill="0.251 0 0.502" mode="-9"
 points="8.13654 5.82121,
	8.12846 5.81851,
	8.13654 5.81582,
	8.13116 5.80774,
	8.13924 5.81313,
	8.14193 5.80505,
	8.14462 5.81313,
	8.1527 5.80774,
	8.14731 5.81582,
	8.15539 5.81851,
	8.14731 5.82121,
	8.1527 5.82929,
	8.14462 5.8239,
	8.14193 5.83198,
	8.13924 5.8239,
	8.13116 5.82929,
	"/>
<Contour name="Ax04B06ssvr525" hidden="false" closed="true" simplified="false" border="0.251 0 0.502" fill="0.251 0 0.502" mode="-9"
 points="8.10423 5.84275,
	8.09615 5.84006,
	8.10423 5.83737,
	8.09884 5.82929,
	8.10692 5.83467,
	8.10961 5.82659,
	8.11231 5.83467,
	8.12038 5.82929,
	8.115 5.83737,
	8.12308 5.84006,
	8.115 5.84275,
	8.12038 5.85083,
	8.11231 5.84544,
	8.10961 5.85352,
	8.10692 5.84544,
	8.09884 5.85083,
	"/>
<Contour name="Ax04B06ssvr526" hidden="false" closed="true" simplified="false" border="0.251 0 0.502" fill="0.251 0 0.502" mode="-9"
 points="8.06922 5.89661,
	8.06114 5.89392,
	8.06922 5.89123,
	8.06383 5.88315,
	8.07191 5.88853,
	8.0746 5.88045,
	8.0773 5.88853,
	8.08537 5.88315,
	8.07999 5.89123,
	8.08807 5.89392,
	8.07999 5.89661,
	8.08537 5.90469,
	8.0773 5.8993,
	8.0746 5.90738,
	8.07191 5.8993,
	8.06383 5.90469,
	"/>
<Contour name="Ax04B06ssvr527" hidden="false" closed="true" simplified="false" border="0.251 0 0.502" fill="0.251 0 0.502" mode="-9"
 points="8.03151 5.94509,
	8.02344 5.94239,
	8.03151 5.9397,
	8.02613 5.93162,
	8.03421 5.93701,
	8.0369 5.92893,
	8.03959 5.93701,
	8.04767 5.93162,
	8.04229 5.9397,
	8.05037 5.94239,
	8.04229 5.94509,
	8.04767 5.95317,
	8.03959 5.94778,
	8.0369 5.95586,
	8.03421 5.94778,
	8.02613 5.95317,
	"/>
<Contour name="Ax04B06ssvr528" hidden="false" closed="true" simplified="false" border="0.251 0 0.502" fill="0.251 0 0.502" mode="-9"
 points="8.0746 5.96124,
	8.06652 5.95855,
	8.0746 5.95586,
	8.06922 5.94778,
	8.0773 5.95317,
	8.07999 5.94509,
	8.08268 5.95317,
	8.09076 5.94778,
	8.08537 5.95586,
	8.09345 5.95855,
	8.08537 5.96124,
	8.09076 5.96932,
	8.08268 5.96394,
	8.07999 5.97202,
	8.0773 5.96394,
	8.06922 5.96932,
	"/>
<Contour name="Ax04B06ssvr529" hidden="false" closed="true" simplified="false" border="0.251 0 0.502" fill="0.251 0 0.502" mode="-9"
 points="8.02882 6.00433,
	8.02074 6.00164,
	8.02882 5.99895,
	8.02344 5.99087,
	8.03151 5.99625,
	8.03421 5.98817,
	8.0369 5.99625,
	8.04498 5.99087,
	8.03959 5.99895,
	8.04767 6.00164,
	8.03959 6.00433,
	8.04498 6.01241,
	8.0369 6.00703,
	8.03421 6.0151,
	8.03151 6.00703,
	8.02344 6.01241,
	"/>
<Contour name="Ax04B06ssvr530" hidden="false" closed="true" simplified="false" border="0.251 0 0.502" fill="0.251 0 0.502" mode="-9"
 points="8.115 6.05011,
	8.10692 6.04742,
	8.115 6.04473,
	8.10961 6.03665,
	8.11769 6.04203,
	8.12038 6.03396,
	8.12308 6.04203,
	8.13116 6.03665,
	8.12577 6.04473,
	8.13385 6.04742,
	8.12577 6.05011,
	8.13116 6.05819,
	8.12308 6.05281,
	8.12038 6.06089,
	8.11769 6.05281,
	8.10961 6.05819,
	"/>
<Contour name="Ax04B06ssvr531" hidden="false" closed="true" simplified="false" border="0.251 0 0.502" fill="0.251 0 0.502" mode="-9"
 points="8.16078 6.07974,
	8.1527 6.07704,
	8.16078 6.07435,
	8.15539 6.06627,
	8.16347 6.07166,
	8.16617 6.06358,
	8.16886 6.07166,
	8.17694 6.06627,
	8.17155 6.07435,
	8.17963 6.07704,
	8.17155 6.07974,
	8.17694 6.08782,
	8.16886 6.08243,
	8.16617 6.09051,
	8.16347 6.08243,
	8.15539 6.08782,
	"/>
<Contour name="Ax04B06ssvr532" hidden="false" closed="true" simplified="false" border="0.251 0 0.502" fill="0.251 0 0.502" mode="-9"
 points="8.1931 6.02857,
	8.18502 6.02588,
	8.1931 6.02318,
	8.18771 6.0151,
	8.19579 6.02049,
	8.19848 6.01241,
	8.20117 6.02049,
	8.20925 6.0151,
	8.20387 6.02318,
	8.21195 6.02588,
	8.20387 6.02857,
	8.20925 6.03665,
	8.20117 6.03126,
	8.19848 6.03934,
	8.19579 6.03126,
	8.18771 6.03665,
	"/>
<Contour name="Ax04B06ssvr533" hidden="false" closed="true" simplified="false" border="0.251 0 0.502" fill="0.251 0 0.502" mode="-9"
 points="8.17694 5.98279,
	8.16886 5.9801,
	8.17694 5.9774,
	8.17155 5.96932,
	8.17963 5.97471,
	8.18232 5.96663,
	8.18502 5.97471,
	8.1931 5.96932,
	8.18771 5.9774,
	8.19579 5.9801,
	8.18771 5.98279,
	8.1931 5.99087,
	8.18502 5.98548,
	8.18232 5.99356,
	8.17963 5.98548,
	8.17155 5.99087,
	"/>
<Contour name="Ax04B06ssvr534" hidden="false" closed="true" simplified="false" border="0.251 0 0.502" fill="0.251 0 0.502" mode="-9"
 points="8.115 5.98279,
	8.10692 5.9801,
	8.115 5.9774,
	8.10961 5.96932,
	8.11769 5.97471,
	8.12038 5.96663,
	8.12308 5.97471,
	8.13116 5.96932,
	8.12577 5.9774,
	8.13385 5.9801,
	8.12577 5.98279,
	8.13116 5.99087,
	8.12308 5.98548,
	8.12038 5.99356,
	8.11769 5.98548,
	8.10961 5.99087,
	"/>
<Contour name="Ax04B06ssvr535" hidden="false" closed="true" simplified="false" border="0.251 0 0.502" fill="0.251 0 0.502" mode="-9"
 points="8.14462 5.93162,
	8.13654 5.92893,
	8.14462 5.92624,
	8.13924 5.91816,
	8.14731 5.92354,
	8.15001 5.91546,
	8.1527 5.92354,
	8.16078 5.91816,
	8.15539 5.92624,
	8.16347 5.92893,
	8.15539 5.93162,
	8.16078 5.9397,
	8.1527 5.93431,
	8.15001 5.94239,
	8.14731 5.93431,
	8.13924 5.9397,
	"/>
<Contour name="Ax04B06ssvr536" hidden="false" closed="true" simplified="false" border="0.251 0 0.502" fill="0.251 0 0.502" mode="-9"
 points="8.14193 5.88853,
	8.13385 5.88584,
	8.14193 5.88315,
	8.13654 5.87507,
	8.14462 5.88045,
	8.14731 5.87237,
	8.15001 5.88045,
	8.15809 5.87507,
	8.1527 5.88315,
	8.16078 5.88584,
	8.1527 5.88853,
	8.15809 5.89661,
	8.15001 5.89123,
	8.14731 5.8993,
	8.14462 5.89123,
	8.13654 5.89661,
	"/>
<Contour name="Ax04B06ssvr537" hidden="false" closed="true" simplified="false" border="0.251 0 0.502" fill="0.251 0 0.502" mode="-9"
 points="8.17963 5.8643,
	8.17155 5.8616,
	8.17963 5.85891,
	8.17424 5.85083,
	8.18232 5.85622,
	8.18502 5.84814,
	8.18771 5.85622,
	8.19579 5.85083,
	8.1904 5.85891,
	8.19848 5.8616,
	8.1904 5.8643,
	8.19579 5.87237,
	8.18771 5.86699,
	8.18502 5.87507,
	8.18232 5.86699,
	8.17424 5.87237,
	"/>
<Contour name="Ax04B06ssvr538" hidden="false" closed="true" simplified="false" border="0.251 0 0.502" fill="0.251 0 0.502" mode="-9"
 points="8.21464 5.82929,
	8.20656 5.82659,
	8.21464 5.8239,
	8.20925 5.81582,
	8.21733 5.82121,
	8.22003 5.81313,
	8.22272 5.82121,
	8.2308 5.81582,
	8.22541 5.8239,
	8.23349 5.82659,
	8.22541 5.82929,
	8.2308 5.83737,
	8.22272 5.83198,
	8.22003 5.84006,
	8.21733 5.83198,
	8.20925 5.83737,
	"/>
<Contour name="Ax04B06ssvr539" hidden="false" closed="true" simplified="false" border="0.251 0 0.502" fill="0.251 0 0.502" mode="-9"
 points="8.22541 5.95855,
	8.21733 5.95586,
	8.22541 5.95317,
	8.22003 5.94509,
	8.2281 5.95047,
	8.2308 5.94239,
	8.23349 5.95047,
	8.24157 5.94509,
	8.23618 5.95317,
	8.24426 5.95586,
	8.23618 5.95855,
	8.24157 5.96663,
	8.23349 5.96124,
	8.2308 5.96932,
	8.2281 5.96124,
	8.22003 5.96663,
	"/>
<Contour name="Ax04B06ssvr540" hidden="false" closed="true" simplified="false" border="0.251 0 0.502" fill="0.251 0 0.502" mode="-9"
 points="8.26581 6.01241,
	8.25773 6.00972,
	8.26581 6.00703,
	8.26042 5.99895,
	8.2685 6.00433,
	8.27119 5.99625,
	8.27389 6.00433,
	8.28196 5.99895,
	8.27658 6.00703,
	8.28466 6.00972,
	8.27658 6.01241,
	8.28196 6.02049,
	8.27389 6.0151,
	8.27119 6.02318,
	8.2685 6.0151,
	8.26042 6.02049,
	"/>
<Contour name="Ax04B06ssvr541" hidden="false" closed="true" simplified="false" border="0.251 0 0.502" fill="0.251 0 0.502" mode="-9"
 points="8.24696 6.06089,
	8.23888 6.05819,
	8.24696 6.0555,
	8.24157 6.04742,
	8.24965 6.05281,
	8.25234 6.04473,
	8.25503 6.05281,
	8.26311 6.04742,
	8.25773 6.0555,
	8.26581 6.05819,
	8.25773 6.06089,
	8.26311 6.06896,
	8.25503 6.06358,
	8.25234 6.07166,
	8.24965 6.06358,
	8.24157 6.06896,
	"/>
<Contour name="Ax04B06ssvr542" hidden="false" closed="true" simplified="false" border="0.251 0 0.502" fill="0.251 0 0.502" mode="-9"
 points="8.22272 6.12282,
	8.21464 6.12013,
	8.22272 6.11744,
	8.21733 6.10936,
	8.22541 6.11475,
	8.2281 6.10667,
	8.2308 6.11475,
	8.23888 6.10936,
	8.23349 6.11744,
	8.24157 6.12013,
	8.23349 6.12282,
	8.23888 6.1309,
	8.2308 6.12552,
	8.2281 6.1336,
	8.22541 6.12552,
	8.21733 6.1309,
	"/>
<Contour name="Ax04B06ssvr543" hidden="false" closed="true" simplified="false" border="0.251 0 0.502" fill="0.251 0 0.502" mode="-9"
 points="8.37083 5.93162,
	8.36276 5.92893,
	8.37083 5.92624,
	8.36545 5.91816,
	8.37353 5.92354,
	8.37622 5.91546,
	8.37891 5.92354,
	8.38699 5.91816,
	8.38161 5.92624,
	8.38969 5.92893,
	8.38161 5.93162,
	8.38699 5.9397,
	8.37891 5.93431,
	8.37622 5.94239,
	8.37353 5.93431,
	8.36545 5.9397,
	"/>
</Transform>

<Transform dim="0"
 xcoef=" 0 1 0 0 0 0"
 ycoef=" 0 0 1 0 0 0">
<Contour name="Ax04B07ssvr1" hidden="false" closed="true" simplified="false" border="0.251 0 0.502" fill="0.251 0 0.502" mode="-9"
 points="8.14462 6.77184,
	8.13654 6.76915,
	8.14462 6.76645,
	8.13924 6.75838,
	8.14731 6.76376,
	8.15001 6.75568,
	8.1527 6.76376,
	8.16078 6.75838,
	8.15539 6.76645,
	8.16347 6.76915,
	8.15539 6.77184,
	8.16078 6.77992,
	8.1527 6.77453,
	8.15001 6.78261,
	8.14731 6.77453,
	8.13924 6.77992,
	"/>
</Transform>

<Transform dim="0"
 xcoef=" 0 1 0 0 0 0"
 ycoef=" 0 0 1 0 0 0">
<Contour name="Ax04B07c01" hidden="false" closed="true" simplified="true" border="0 1 0.251" fill="0 1 0.251" mode="11"
 points="7.93361 6.75407,
	7.94438 6.73253,
	7.95516 6.72445,
	7.9767 6.72714,
	8.01979 6.74599,
	8.10327 6.80793,
	8.11404 6.81601,
	8.15713 6.82678,
	8.20022 6.84294,
	8.22176 6.85102,
	8.23254 6.86179,
	8.22984 6.88334,
	8.2083 6.89142,
	8.16521 6.88872,
	8.12212 6.87526,
	8.11674 6.87526,
	8.11135 6.86987,
	8.08981 6.86718,
	8.00632 6.82678,
	7.99555 6.8214,
	7.99016 6.81601,
	7.97939 6.81332,
	7.95785 6.79985,
	7.939 6.77831,
	7.93361 6.76754,
	7.93361 6.75677,
	"/>
<Contour name="Ax04B07cfa01" hidden="false" closed="false" simplified="false" border="0 1 1" fill="0 1 1" mode="11"
 points="8.22541 6.87956,
	8.16347 6.8634,
	8.09076 6.82301,
	7.99651 6.77723,
	7.94265 6.72606,
	"/>
</Transform>

<Transform dim="0"
 xcoef=" 0 1 0 0 0 0"
 ycoef=" 0 0 1 0 0 0">
<Contour name="Ax09" hidden="false" closed="true" simplified="true" border="0 1 0.251" fill="0 1 0" mode="11"
 points="6.47733 4.04833,
	6.48702 4.02894,
	6.49672 4.01924,
	6.51369 4.00712,
	6.53308 3.99985,
	6.57187 4.00227,
	6.59126 4.00712,
	6.60096 4.00954,
	6.61793 4.02409,
	6.62762 4.03136,
	6.64702 4.03621,
	6.65671 4.03621,
	6.66641 4.04106,
	6.67853 4.06045,
	6.68095 4.09924,
	6.67853 4.11863,
	6.67126 4.13802,
	6.65914 4.15742,
	6.63974 4.16711,
	6.62035 4.17196,
	6.60096 4.17196,
	6.59126 4.16954,
	6.58641 4.16954,
	6.51611 4.1162,
	6.49672 4.10166,
	6.4846 4.08227,
	6.47733 4.06287,
	6.47733 4.05318,
	6.47733 4.05075,
	"/>
</Transform>

<Transform dim="0"
 xcoef=" 0 1 0 0 0 0"
 ycoef=" 0 0 1 0 0 0">
<Contour name="Brax03" hidden="false" closed="true" simplified="false" border="1 0.502 0.753" fill="1 0.502 0.753" mode="-9"
 points="4.49865 3.57963,
	4.55333 3.57963,
	4.52599 3.62976,
	"/>
</Transform>

<Transform dim="0"
 xcoef=" 0 1 0 0 0 0"
 ycoef=" 0 0 1 0 0 0">
<Contour name="Brax05" hidden="false" closed="true" simplified="false" border="1 1 0" fill="1 1 0" mode="-9"
 points="5.17757 3.26068,
	5.17757 3.18777,
	5.10467 3.18777,
	5.10467 3.25156,
	5.09556 3.26068,
	5.09556 3.17866,
	5.18669 3.17866,
	5.18669 3.26979,
	5.09556 3.26979,
	5.10467 3.26068,
	"/>
</Transform>

<Transform dim="0"
 xcoef=" 0 1 0 0 0 0"
 ycoef=" 0 0 1 0 0 0">
<Contour name="Brax06" hidden="false" closed="true" simplified="false" border="0 0 0.627" fill="0 0 0.502" mode="-9"
 points="5.77612 3.73814,
	5.74698 3.709,
	5.77612 3.67986,
	5.80526 3.709,
	"/>
</Transform>

<Transform dim="0"
 xcoef=" 0 1 0 0 0 0"
 ycoef=" 0 0 1 0 0 0">
<Contour name="Brax09" hidden="false" closed="true" simplified="false" border="0 1 0.251" fill="0 1 0" mode="-9"
 points="5.38479 2.88887,
	5.38479 2.85556,
	5.41809 2.85556,
	5.41809 2.82226,
	5.4514 2.82226,
	5.4514 2.85556,
	5.4847 2.85556,
	5.4847 2.88887,
	5.4514 2.88887,
	5.4514 2.92217,
	5.41809 2.92217,
	5.41809 2.88887,
	"/>
</Transform>

<Transform dim="0"
 xcoef=" 0 1 0 0 0 0"
 ycoef=" 0 0 1 0 0 0">
<Contour name="Brax10" hidden="false" closed="true" simplified="false" border="0 1 1" fill="0 1 1" mode="-9"
 points="5.23908 4.98707,
	5.25573 4.97042,
	5.18912 4.90381,
	5.20578 4.88716,
	5.27238 4.95377,
	5.28904 4.93711,
	5.28904 4.98707,
	"/>
</Transform>

<Transform dim="0"
 xcoef=" 0 1 0 0 0 0"
 ycoef=" 0 0 1 0 0 0">
<Contour name="Brax11" hidden="false" closed="true" simplified="false" border="1 0.502 0.251" fill="1 0.5 0" mode="-9"
 points="3.15753 4.89132,
	3.15753 4.88299,
	3.16586 4.87467,
	3.17418 4.87467,
	3.18251 4.88299,
	3.18251 4.89132,
	3.17418 4.89965,
	3.16586 4.89965,
	"/>
</Transform>

<Transform dim="0"
 xcoef=" 0 1 0 0 0 0"
 ycoef=" 0 0 1 0 0 0">
<Contour name="Brax13" hidden="false" closed="true" simplified="false" border="0 0 1" fill="0 0 1" mode="-9"
 points="2.68519 4.92011,
	2.73723 4.92011,
	2.71121 4.96782,
	"/>
</Transform>

<Transform dim="0"
 xcoef=" 0 1 0 0 0 0"
 ycoef=" 0 0 1 0 0 0">
<Contour name="Brax14" hidden="false" closed="true" simplified="false" border="0 0 1" fill="1 0 0" mode="-9"
 points="2.63315 4.01377,
	2.65484 3.98342,
	2.63315 3.95306,
	2.64616 3.95306,
	2.66351 3.97908,
	2.68086 3.95306,
	2.69387 3.95306,
	2.67218 3.98342,
	2.69387 4.01377,
	2.68086 4.01377,
	2.66351 3.98775,
	2.64616 4.01377,
	"/>
</Transform>

<Transform dim="0"
 xcoef=" 0 1 0 0 0 0"
 ycoef=" 0 0 1 0 0 0">
<Contour name="Brax16" hidden="false" closed="true" simplified="false" border="0 0 1" fill="0 0 1" mode="-9"
 points="4.36344 5.30607,
	4.33309 5.27571,
	4.36344 5.24536,
	4.3938 5.27571,
	"/>
</Transform>

<Transform dim="0"
 xcoef=" 0 1 0 0 0 0"
 ycoef=" 0 0 1 0 0 0">
<Contour name="Brax17" hidden="false" closed="true" simplified="false" border="0 0 1" fill="1 0 1" mode="-9"
 points="3.57419 5.37979,
	3.57419 5.36244,
	3.59153 5.3451,
	3.60888 5.3451,
	3.62623 5.36244,
	3.62623 5.37979,
	3.60888 5.39714,
	3.59153 5.39714,
	"/>
</Transform>

<Transform dim="0"
 xcoef=" 0 1 0 0 0 0"
 ycoef=" 0 0 1 0 0 0">
<Contour name="Brax22" hidden="false" closed="true" simplified="false" border="0.251 0 0.502" fill="0.251 0 0.502" mode="-9"
 points="3.01477 6.09532,
	3.00176 6.09099,
	3.01477 6.08665,
	3.0061 6.07364,
	3.01911 6.08231,
	3.02344 6.0693,
	3.02778 6.08231,
	3.04079 6.07364,
	3.03212 6.08665,
	3.04513 6.09099,
	3.03212 6.09532,
	3.04079 6.10833,
	3.02778 6.09966,
	3.02344 6.11267,
	3.01911 6.09966,
	3.0061 6.10833,
	"/>
</Transform>

<Transform dim="0"
 xcoef=" 0 1 0 0 0 0"
 ycoef=" 0 0 1 0 0 0">
<Contour name="Brax23" hidden="false" closed="true" simplified="false" border="1 0.502 0.753" fill="1 0.502 0.753" mode="-9"
 points="5.17438 5.82212,
	5.22642 5.82212,
	5.2004 5.86982,
	"/>
</Transform>

<Transform dim="0"
 xcoef=" 0 1 0 0 0 0"
 ycoef=" 0 0 1 0 0 0">
<Contour name="d03p12bdia" hidden="false" closed="false" simplified="true" border="0.251 0 0.502" fill="0.251 0 0.502" mode="-9"
 points="5.64115 3.41277,
	5.89344 3.37635,
	"/>
</Transform>

<Transform dim="0"
 xcoef=" 0 1 0 0 0 0"
 ycoef=" 0 0 1 0 0 0">
<Contour name="d05p10dia" hidden="false" closed="false" simplified="true" border="0 1 1" fill="0 1 1" mode="-9"
 points="5.06497 4.5402,
	5.35505 4.12647,
	"/>
</Transform>

<Transform dim="0"
 xcoef=" 0 1 0 0 0 0"
 ycoef=" 0 0 1 0 0 0">
<Contour name="d01ax13" hidden="false" closed="true" simplified="true" border="0 1 1" fill="0 1 1" mode="-11"
 points="2.63156 5.57156,
	2.64059 5.55952,
	2.65262 5.55351,
	2.6767 5.552,
	2.68873 5.55351,
	2.71281 5.56253,
	2.76095 5.57156,
	2.78503 5.58209,
	2.8091 5.60165,
	2.83318 5.60466,
	2.85725 5.61219,
	2.9054 5.61369,
	2.91743 5.61219,
	2.94151 5.60316,
	2.96558 5.59714,
	3.01373 5.59263,
	3.06188 5.58059,
	3.07391 5.57607,
	3.08595 5.57457,
	3.09197 5.57307,
	3.11604 5.57758,
	3.12206 5.58209,
	3.14613 5.5836,
	3.15817 5.5851,
	3.18224 5.59714,
	3.20632 5.61369,
	3.21836 5.62272,
	3.23039 5.62874,
	3.25447 5.6483,
	3.25898 5.65431,
	3.26199 5.66635,
	3.26199 5.67237,
	3.23792 5.69193,
	3.21384 5.69644,
	3.18977 5.69644,
	3.16569 5.69193,
	3.14162 5.6814,
	3.11755 5.66786,
	3.09347 5.6483,
	3.04533 5.65732,
	3.02125 5.66334,
	2.99718 5.67989,
	2.9731 5.70246,
	2.96107 5.71299,
	2.93699 5.72202,
	2.8407 5.72052,
	2.81663 5.71901,
	2.76848 5.70547,
	2.7444 5.69343,
	2.72033 5.67688,
	2.69927 5.65431,
	2.69024 5.64228,
	2.64209 5.59864,
	2.63457 5.58661,
	2.63156 5.57457,
	2.63156 5.57307,
	"/>
</Transform>

<Transform dim="6"
 xcoef=" 0.933030575284663 0.96181335344186 -0.0473418209492287 0 0 0"
 ycoef=" 0.168214312437373 0.0587017753566107 1.0245114056153 0 0 0">
<Image mag="0.00217549" contrast="1.155" brightness="0.015" red="true" green="true" blue="true"
 src="JYBWM.67.jpg" />
<Contour name="domain1" hidden="false" closed="true" simplified="false" border="1 0 1" fill="1 0 1" mode="11"
 points="0 0,
	4083 0,
	4083 4083,
	0 4083,
	"/>
</Transform>

<Transform dim="0"
 xcoef=" 0 1 0 0 0 0"
 ycoef=" 0 0 1 0 0 0">
<Contour name="d01ax11" hidden="false" closed="true" simplified="true" border="0 1 1" fill="0 1 1" mode="-11"
 points="2.23369 4.18634,
	2.23905 4.17205,
	2.24084 4.15775,
	2.25871 4.10057,
	2.26407 4.07198,
	2.26585 4.05769,
	2.26228 4.0291,
	2.26049 4.01481,
	2.25513 4.00051,
	2.25156 3.97192,
	2.25335 3.94333,
	2.25513 3.92904,
	2.26049 3.91474,
	2.26764 3.85757,
	2.26585 3.82898,
	2.26764 3.81468,
	2.26764 3.80753,
	2.32482 3.75393,
	2.34805 3.72534,
	2.35698 3.71105,
	2.41059 3.65566,
	2.46777 3.63779,
	2.52494 3.63243,
	2.53924 3.62885,
	2.54639 3.62885,
	2.56068 3.61992,
	2.58927 3.59669,
	2.61786 3.5824,
	2.67504 3.56453,
	2.70362 3.56274,
	2.73221 3.56453,
	2.78939 3.57346,
	2.80369 3.56989,
	2.91804 3.51628,
	2.93234 3.50914,
	2.93591 3.50735,
	2.94485 3.50556,
	2.95914 3.50914,
	3.01632 3.51092,
	3.0735 3.50914,
	3.13067 3.51628,
	3.18785 3.53058,
	3.20215 3.53594,
	3.20929 3.53773,
	3.22359 3.54845,
	3.23431 3.56274,
	3.23967 3.57704,
	3.24146 3.58418,
	3.2361 3.61277,
	3.22359 3.64136,
	3.22001 3.64851,
	3.21644 3.65208,
	3.21644 3.65566,
	3.19679 3.68246,
	3.18249 3.69497,
	3.1539 3.7039,
	3.14676 3.70569,
	3.14318 3.70926,
	3.13961 3.70926,
	3.13246 3.71641,
	3.12889 3.71998,
	3.12889 3.74857,
	3.13246 3.76286,
	3.14497 3.77537,
	3.15926 3.78431,
	3.17356 3.78967,
	3.18785 3.79145,
	3.195 3.79324,
	3.22359 3.81111,
	3.23074 3.81647,
	3.2361 3.8254,
	3.24682 3.85399,
	3.25218 3.86829,
	3.25575 3.92546,
	3.25218 3.98264,
	3.25218 3.98979,
	3.23788 4.01838,
	3.19679 4.07556,
	3.18607 4.08985,
	3.18428 4.097,
	3.17713 4.10415,
	3.17713 4.10772,
	3.16284 4.12201,
	3.04848 4.18277,
	3.01989 4.20063,
	2.9913 4.20957,
	2.93412 4.21136,
	2.90554 4.21136,
	2.87695 4.20063,
	2.86265 4.19706,
	2.8555 4.19349,
	2.82692 4.19349,
	2.79833 4.19706,
	2.76974 4.20957,
	2.75544 4.21672,
	2.72685 4.22208,
	2.71256 4.22922,
	2.65538 4.24173,
	2.62679 4.25781,
	2.61964 4.26496,
	2.61071 4.27925,
	2.5982 4.29355,
	2.56961 4.3132,
	2.54639 4.34179,
	2.53745 4.35609,
	2.52494 4.37038,
	2.51065 4.37932,
	2.50708 4.37932,
	2.49278 4.39004,
	2.48563 4.39718,
	2.45704 4.40969,
	2.44275 4.41327,
	2.41416 4.41327,
	2.38557 4.4079,
	2.35698 4.39361,
	2.34269 4.38468,
	2.3141 4.35787,
	2.28908 4.32928,
	2.273 4.3007,
	2.25335 4.27211,
	2.24441 4.25781,
	2.23548 4.22922,
	2.23369 4.20063,
	2.23369 4.18813,
	"/>
</Transform>

<Transform dim="0"
 xcoef=" 0 1 0 0 0 0"
 ycoef=" 0 0 1 0 0 0">
<Contour name="d01ax11" hidden="false" closed="true" simplified="true" border="0 1 1" fill="0 1 1" mode="-11"
 points="3.86327 3.42158,
	3.92045 3.41086,
	3.94904 3.40729,
	4.00621 3.41443,
	4.06339 3.43052,
	4.09198 3.43588,
	4.12057 3.44481,
	4.13486 3.44838,
	4.19204 3.44302,
	4.24922 3.44838,
	4.27781 3.45017,
	4.33499 3.4466,
	4.36358 3.44481,
	4.42076 3.45017,
	4.47793 3.46268,
	4.50652 3.47161,
	4.5637 3.47876,
	4.59229 3.48233,
	4.60658 3.48412,
	4.63517 3.49484,
	4.66376 3.5002,
	4.72094 3.50199,
	4.77812 3.50735,
	4.80671 3.50914,
	4.8353 3.5145,
	4.84959 3.52343,
	4.90677 3.58061,
	4.91928 3.5949,
	4.93357 3.60562,
	4.94072 3.61277,
	4.94608 3.62707,
	4.94608 3.64136,
	4.93893 3.65566,
	4.92464 3.66816,
	4.89605 3.68424,
	4.83887 3.7039,
	4.72451 3.72713,
	4.66734 3.73249,
	4.65304 3.73428,
	4.62445 3.74321,
	4.59586 3.75572,
	4.53869 3.75393,
	4.48151 3.7575,
	4.45292 3.75214,
	4.42433 3.74142,
	4.36715 3.71283,
	4.30997 3.69497,
	4.25279 3.68424,
	4.19562 3.68246,
	4.13844 3.68424,
	4.10985 3.6896,
	4.08126 3.69854,
	4.02408 3.70926,
	3.9669 3.70569,
	3.95261 3.70569,
	3.92402 3.69497,
	3.86684 3.66638,
	3.80966 3.64672,
	3.78108 3.63957,
	3.77393 3.636,
	3.77035 3.636,
	3.76678 3.63064,
	3.76857 3.60205,
	3.78108 3.54487,
	3.78822 3.53058,
	3.81145 3.50199,
	3.82396 3.4734,
	3.84004 3.44481,
	3.84897 3.43052,
	3.85433 3.42516,
	"/>
</Transform>

<Transform dim="0"
 xcoef=" 0 1 0 0 0 0"
 ycoef=" 0 0 1 0 0 0">
<Contour name="d01ax11" hidden="false" closed="true" simplified="true" border="0 1 1" fill="0 1 1" mode="-11"
 points="5.57488 3.28668,
	5.58082 3.27479,
	5.58973 3.26291,
	5.60162 3.25251,
	5.62539 3.2421,
	5.64917 3.23468,
	5.69671 3.2317,
	5.72049 3.22725,
	5.76803 3.2109,
	5.81558 3.2005,
	5.83935 3.19159,
	5.86313 3.1797,
	5.91068 3.13512,
	5.93445 3.11878,
	5.94634 3.11284,
	5.99388 3.10095,
	6.04143 3.09352,
	6.05332 3.09203,
	6.10086 3.09946,
	6.12464 3.10987,
	6.17218 3.12175,
	6.18407 3.12621,
	6.19001 3.13067,
	6.18853 3.15444,
	6.18853 3.16038,
	6.17515 3.18416,
	6.16475 3.19604,
	6.14098 3.20942,
	6.11721 3.21536,
	6.06966 3.21833,
	6.05777 3.2213,
	6.034 3.23319,
	6.02211 3.23913,
	5.97457 3.25399,
	5.92702 3.26439,
	5.87947 3.27777,
	5.8557 3.28519,
	5.83193 3.2956,
	5.78438 3.30897,
	5.68928 3.32531,
	5.64174 3.3268,
	5.61796 3.32383,
	5.59419 3.3164,
	5.5823 3.30897,
	5.57636 3.30302,
	5.57488 3.29114,
	5.57488 3.28817,
	"/>
</Transform>

<Transform dim="0"
 xcoef=" 0 1 0 0 0 0"
 ycoef=" 0 0 1 0 0 0">
<Contour name="d04ax12" hidden="false" closed="true" simplified="true" border="0 1 1" fill="0 1 1" mode="-11"
 points="4.46546 5.44525,
	4.46695 5.43932,
	4.47734 5.42892,
	4.50109 5.41853,
	4.51297 5.41259,
	4.52485 5.40369,
	4.53524 5.39181,
	4.53969 5.37993,
	4.5486 5.36806,
	4.55157 5.36212,
	4.57532 5.34876,
	4.59907 5.33985,
	4.62282 5.33391,
	4.64658 5.32352,
	4.67033 5.31016,
	4.68221 5.30274,
	4.68814 5.29829,
	4.73565 5.27899,
	4.7594 5.27453,
	4.80691 5.27008,
	4.83066 5.26711,
	4.87816 5.25523,
	4.92567 5.24781,
	4.94942 5.24633,
	4.97317 5.25078,
	4.98505 5.25523,
	4.99693 5.26266,
	5.00732 5.27305,
	5.0088 5.2968,
	5.00732 5.32055,
	5.00286 5.33243,
	4.99396 5.34431,
	4.9895 5.35024,
	4.98802 5.374,
	4.98505 5.38587,
	4.97911 5.39775,
	4.96724 5.40963,
	4.91973 5.44674,
	4.89598 5.46455,
	4.8841 5.47198,
	4.87816 5.47346,
	4.83066 5.5076,
	4.80691 5.52839,
	4.79503 5.53581,
	4.78909 5.53878,
	4.78612 5.54175,
	4.76237 5.54323,
	4.71487 5.53729,
	4.66736 5.52839,
	4.61986 5.52393,
	4.60798 5.52542,
	4.58423 5.53284,
	4.56047 5.53729,
	4.53672 5.53878,
	4.52485 5.53729,
	4.51297 5.53136,
	4.4907 5.51206,
	4.4714 5.48831,
	4.46695 5.47643,
	4.46546 5.45268,
	4.46546 5.44674,
	"/>
</Transform>

<Transform dim="0"
 xcoef=" 0 1 0 0 0 0"
 ycoef=" 0 0 1 0 0 0">
<Contour name="d05ax07" hidden="false" closed="true" simplified="true" border="0 1 1" fill="0 1 1" mode="-11"
 points="3.6314 7.13285,
	3.63385 7.11323,
	3.63385 7.10833,
	3.63753 7.09852,
	3.63876 7.09362,
	3.65347 7.074,
	3.67309 7.05684,
	3.69148 7.03722,
	3.69883 7.02741,
	3.70128 7.02496,
	3.70251 7.02006,
	3.72213 7.00902,
	3.74174 7.00535,
	3.78097 6.98696,
	3.80059 6.97592,
	3.80549 6.97347,
	3.80795 6.97102,
	3.81285 6.96979,
	3.83247 6.95876,
	3.8717 6.94772,
	3.89131 6.94772,
	3.90112 6.94895,
	3.92074 6.95631,
	3.93055 6.96489,
	3.93422 6.96979,
	3.93545 6.9796,
	3.93177 6.99922,
	3.91706 7.01883,
	3.90725 7.02864,
	3.88764 7.04213,
	3.86802 7.05316,
	3.85821 7.06052,
	3.8484 7.07032,
	3.83737 7.08994,
	3.82143 7.10833,
	3.81162 7.11814,
	3.80182 7.12549,
	3.79691 7.12795,
	3.78833 7.13775,
	3.77484 7.15737,
	3.76994 7.16227,
	3.75032 7.17453,
	3.73684 7.19292,
	3.72703 7.20151,
	3.71722 7.20764,
	3.70741 7.21131,
	3.6878 7.21254,
	3.67799 7.21254,
	3.66818 7.21009,
	3.65837 7.20396,
	3.64979 7.19538,
	3.63753 7.17576,
	3.63385 7.16595,
	3.6314 7.14634,
	3.6314 7.13653,
	3.6314 7.13408,
	"/>
</Transform>

<Transform dim="0"
 xcoef=" 0 1 0 0 0 0"
 ycoef=" 0 0 1 0 0 0">
<Contour name="d10ax10" hidden="false" closed="true" simplified="true" border="0 1 1" fill="0 1 1" mode="-11"
 points="3.50683 5.97275,
	3.52027 5.95931,
	3.53564 5.95354,
	3.551 5.94394,
	3.61246 5.91897,
	3.64318 5.90169,
	3.65087 5.89593,
	3.68159 5.88441,
	3.69696 5.87672,
	3.75841 5.86328,
	3.78914 5.85368,
	3.81987 5.84792,
	3.83523 5.84792,
	3.8506 5.84408,
	3.91205 5.84408,
	3.92742 5.846,
	3.98887 5.8652,
	4.0196 5.8748,
	4.03305 5.89017,
	4.04073 5.89785,
	4.04457 5.90553,
	4.04265 5.93626,
	4.03305 5.95162,
	4.02536 5.95931,
	3.99464 5.97275,
	3.96391 5.98235,
	3.90245 5.98427,
	3.87172 5.98427,
	3.841 5.99387,
	3.82563 6.00348,
	3.81795 6.0054,
	3.78722 6.02268,
	3.77186 6.02652,
	3.74113 6.0246,
	3.72577 6.0246,
	3.66431 6.00732,
	3.60285 6.00924,
	3.57213 6.00924,
	3.55676 6.00924,
	3.5414 6.0054,
	3.53372 6.0054,
	3.51835 5.99579,
	3.51067 5.98811,
	3.50683 5.98043,
	3.50683 5.97467,
	"/>
</Transform>

<Transform dim="0"
 xcoef=" 0 1 0 0 0 0"
 ycoef=" 0 0 1 0 0 0">
<Contour name="d01ax10" hidden="false" closed="true" simplified="true" border="0 1 1" fill="0 1 1" mode="-11"
 points="4.57435 5.87791,
	4.57589 5.87485,
	4.57589 5.87331,
	4.58049 5.86717,
	4.59277 5.85873,
	4.59891 5.8549,
	4.62346 5.84876,
	4.63573 5.84646,
	4.64187 5.84416,
	4.65415 5.84339,
	4.66642 5.84109,
	4.69098 5.83955,
	4.71553 5.83648,
	4.74008 5.83648,
	4.76463 5.83878,
	4.77691 5.84262,
	4.78918 5.84492,
	4.81374 5.85336,
	4.83829 5.8595,
	4.86284 5.86717,
	4.88739 5.87791,
	4.89967 5.88482,
	4.90581 5.88712,
	4.90734 5.88866,
	4.90888 5.88866,
	4.91501 5.89326,
	4.93957 5.90477,
	4.95184 5.91014,
	4.97639 5.92395,
	4.98176 5.92855,
	4.9879 5.93469,
	4.99251 5.94083,
	4.99557 5.94697,
	4.99634 5.95924,
	4.99481 5.97152,
	4.99097 5.97766,
	4.98483 5.98303,
	4.98176 5.98456,
	4.98023 5.9861,
	4.97716 5.98686,
	4.97409 5.98917,
	4.96182 5.99147,
	4.94954 5.99147,
	4.92499 5.9861,
	4.90044 5.97766,
	4.89737 5.97766,
	4.89123 5.97536,
	4.86668 5.97229,
	4.81757 5.96922,
	4.79302 5.96692,
	4.76847 5.96615,
	4.75619 5.96615,
	4.70709 5.96001,
	4.68254 5.95541,
	4.67026 5.95387,
	4.65798 5.9508,
	4.65185 5.94927,
	4.63957 5.9439,
	4.63343 5.94083,
	4.6319 5.93929,
	4.62883 5.93853,
	4.60428 5.92241,
	4.592 5.91244,
	4.58203 5.90093,
	4.57742 5.89556,
	4.57435 5.88942,
	4.57435 5.88329,
	4.57435 5.88022,
	4.57435 5.87868,
	"/>
</Transform>

</Section>