<?xml version="1.0"?>
<!DOCTYPE Section SYSTEM "section.dtd">

<Section index="162" thickness="0.0471499" alignLocked="true">
<Transform dim="0"
 xcoef=" 0 1 0 0 0 0"
 ycoef=" 0 0 1 0 0 0">
<Contour name="d09" hidden="false" closed="true" simplified="true" border="0 1 0" fill="0 1 0" mode="-11"
 points="7.21873 4.21789,
	7.23963 4.21006,
	7.28141 4.20222,
	7.29186 4.20222,
	7.30231 4.197,
	7.34409 4.19961,
	7.35454 4.20483,
	7.39633 4.20483,
	7.41722 4.21267,
	7.42767 4.20745,
	7.44856 4.22312,
	7.45901 4.24401,
	7.45901 4.2649,
	7.45901 4.27535,
	7.45117 4.2858,
	7.45117 4.29102,
	7.43028 4.3093,
	7.40939 4.3093,
	7.38849 4.30408,
	7.34671 4.27535,
	7.32581 4.26751,
	7.31537 4.26229,
	7.29447 4.25968,
	7.28403 4.25968,
	7.26313 4.25184,
	7.25268 4.25184,
	7.23179 4.23879,
	7.22396 4.22834,
	7.21873 4.22312,
	7.21873 4.2205,
	"/>
</Transform>

<Transform dim="0"
 xcoef=" 0 1 0 0 0 0"
 ycoef=" 0 0 1 0 0 0">
<Contour name="d09" hidden="false" closed="true" simplified="true" border="0 1 0" fill="0 1 0" mode="-11"
 points="5.50807 5.19467,
	5.51852 5.18683,
	5.60209 5.19989,
	5.64388 5.19728,
	5.66477 5.19728,
	5.68567 5.2025,
	5.76924 5.18683,
	5.77969 5.18683,
	5.79013 5.18161,
	5.83192 5.17377,
	5.85281 5.17116,
	5.8946 5.179,
	5.90505 5.18683,
	5.9155 5.18944,
	5.93639 5.2025,
	5.94161 5.2025,
	5.95989 5.2234,
	5.96773 5.24429,
	5.97034 5.26518,
	5.96251 5.30697,
	5.95728 5.31742,
	5.95728 5.32264,
	5.94684 5.33309,
	5.92855 5.34615,
	5.90766 5.36443,
	5.89199 5.38271,
	5.8502 5.39316,
	5.82931 5.40099,
	5.74574 5.41405,
	5.72484 5.41405,
	5.68305 5.42711,
	5.66216 5.43494,
	5.65171 5.43755,
	5.64649 5.44278,
	5.6047 5.45061,
	5.58381 5.44539,
	5.57336 5.44278,
	5.55508 5.4245,
	5.54986 5.41405,
	5.54986 5.39316,
	5.55769 5.35137,
	5.55247 5.30958,
	5.54725 5.28869,
	5.54725 5.27824,
	5.54202 5.26779,
	5.54202 5.26257,
	5.52635 5.24168,
	5.52113 5.23123,
	5.51591 5.22601,
	5.50807 5.20511,
	5.50807 5.19728,
	"/>
<Contour name="d09" hidden="false" closed="true" simplified="true" border="0 1 0" fill="0 1 0" mode="-11"
 points="5.67522 4.84992,
	5.68044 4.82903,
	5.67783 4.78724,
	5.68305 4.74545,
	5.68305 4.70367,
	5.68567 4.68277,
	5.69611 4.66188,
	5.71701 4.64882,
	5.75879 4.63054,
	5.76924 4.62532,
	5.77446 4.62532,
	5.81625 4.59659,
	5.83714 4.57831,
	5.86848 4.54435,
	5.90766 4.5104,
	5.94945 4.48951,
	5.95467 4.48429,
	5.99646 4.466,
	6.01735 4.45033,
	6.0513 4.41116,
	6.09309 4.38765,
	6.09831 4.38765,
	6.1401 4.36415,
	6.15055 4.35631,
	6.15577 4.35631,
	6.16622 4.34848,
	6.20801 4.34325,
	6.24979 4.33281,
	6.27069 4.32236,
	6.27591 4.32236,
	6.28113 4.31714,
	6.29158 4.31452,
	6.30203 4.30669,
	6.30725 4.30147,
	6.31247 4.30147,
	6.3177 4.29624,
	6.35948 4.29624,
	6.36471 4.29624,
	6.36993 4.30147,
	6.45351 4.31975,
	6.53708 4.32758,
	6.57887 4.33542,
	6.59976 4.33542,
	6.64155 4.34587,
	6.66244 4.35631,
	6.67289 4.36154,
	6.67811 4.3537,
	6.7199 4.37198,
	6.73035 4.37721,
	6.77213 4.37982,
	6.81392 4.39288,
	6.83481 4.3981,
	6.84526 4.40593,
	6.85571 4.40855,
	6.87399 4.42944,
	6.88705 4.45033,
	6.90272 4.49212,
	6.90272 4.51301,
	6.89488 4.52346,
	6.87399 4.5313,
	6.86354 4.53391,
	6.85309 4.54174,
	6.82959 4.58353,
	6.82698 4.59398,
	6.77474 4.67494,
	6.7434 4.71411,
	6.6755 4.78202,
	6.66766 4.80291,
	6.66505 4.81336,
	6.65199 4.83425,
	6.61804 4.87082,
	6.60498 4.8891,
	6.57103 4.92566,
	6.55797 4.94394,
	6.53969 4.96484,
	6.53186 4.97528,
	6.51357 4.98834,
	6.50835 4.98834,
	6.4979 4.99879,
	6.48746 5.01968,
	6.48223 5.03013,
	6.48223 5.03535,
	6.47179 5.04058,
	6.46656 5.0458,
	6.45612 5.04841,
	6.44567 5.05625,
	6.43783 5.07714,
	6.43783 5.08759,
	6.43 5.10848,
	6.41694 5.12676,
	6.41433 5.13721,
	6.42216 5.179,
	6.42216 5.18422,
	6.43 5.19467,
	6.44306 5.23645,
	6.45351 5.25735,
	6.46134 5.26779,
	6.46395 5.27824,
	6.51357 5.3592,
	6.53186 5.40099,
	6.53969 5.42188,
	6.5423 5.43233,
	6.54753 5.43755,
	6.54491 5.45845,
	6.54491 5.46367,
	6.52924 5.48457,
	6.50835 5.4924,
	6.46656 5.49501,
	6.42478 5.48195,
	6.40388 5.47151,
	6.39344 5.4689,
	6.38821 5.4689,
	6.38299 5.46367,
	6.3621 5.45584,
	6.35687 5.45061,
	6.35165 5.45061,
	6.34643 5.44539,
	6.33598 5.44278,
	6.3177 5.42972,
	6.30725 5.42711,
	6.29941 5.41927,
	6.27852 5.41144,
	6.25763 5.39838,
	6.24718 5.39577,
	6.23673 5.38793,
	6.23412 5.37749,
	6.23412 5.37226,
	6.22368 5.36704,
	6.22106 5.34615,
	6.2289 5.32525,
	6.23151 5.3148,
	6.24979 5.29652,
	6.26807 5.28346,
	6.2733 5.28346,
	6.27852 5.27824,
	6.28374 5.27824,
	6.29419 5.27041,
	6.30464 5.26779,
	6.30986 5.26257,
	6.33076 5.25735,
	6.33598 5.25735,
	6.34904 5.24429,
	6.35687 5.2025,
	6.35687 5.19206,
	6.3621 5.18161,
	6.35948 5.17116,
	6.34381 5.15549,
	6.33598 5.14504,
	6.31509 5.13199,
	6.23412 5.09803,
	6.19234 5.08498,
	6.17144 5.07714,
	6.16622 5.07192,
	6.12443 5.07975,
	6.08264 5.07975,
	6.04086 5.07192,
	6.01996 5.07192,
	5.97818 5.08498,
	5.95728 5.09281,
	5.94684 5.09803,
	5.92594 5.09542,
	5.92072 5.09542,
	5.9155 5.0902,
	5.8946 5.08759,
	5.88416 5.08759,
	5.86326 5.07714,
	5.85281 5.07453,
	5.84237 5.06408,
	5.75879 5.00401,
	5.7379 4.98573,
	5.71701 4.97267,
	5.70656 4.96745,
	5.69872 4.957,
	5.69872 4.95178,
	5.6935 4.94656,
	5.69089 4.93611,
	5.68305 4.92566,
	5.67522 4.88387,
	5.67522 4.86298,
	5.67522 4.85253,
	"/>
</Transform>

<Transform dim="0"
 xcoef=" 0 1 0 0 0 0"
 ycoef=" 0 0 1 0 0 0">
<Contour name="d09c44" hidden="false" closed="true" simplified="true" border="0 0.502 1" fill="0 0.502 1" mode="-9"
 points="5.44862 5.27366,
	5.45823 5.2429,
	5.46015 5.23521,
	5.464 5.23137,
	5.464 5.22752,
	5.47746 5.21406,
	5.48515 5.20829,
	5.49284 5.20637,
	5.50053 5.2006,
	5.50822 5.2006,
	5.51206 5.2006,
	5.53898 5.23137,
	5.54859 5.24675,
	5.55436 5.26213,
	5.55628 5.27751,
	5.55628 5.28135,
	5.56013 5.2852,
	5.56013 5.29289,
	5.56397 5.30058,
	5.56782 5.33134,
	5.56397 5.39286,
	5.54859 5.42362,
	5.5409 5.42939,
	5.52552 5.43132,
	5.52168 5.43132,
	5.51399 5.42555,
	5.49861 5.41978,
	5.48515 5.40632,
	5.47553 5.39094,
	5.45439 5.32942,
	5.44862 5.29866,
	5.44862 5.28328,
	5.44862 5.27559,
	"/>
</Transform>

<Transform dim="1"
 xcoef=" 0.01 1 0 0 0 0"
 ycoef=" -0.01 0 1 0 0 0">
<Contour name="d09cfa44" hidden="false" closed="true" simplified="true" border="0 0.502 1" fill="0 0.502 1" mode="-9"
 points="5.44862 5.27366,
	5.45823 5.2429,
	5.46015 5.23521,
	5.464 5.23137,
	5.464 5.22752,
	5.47746 5.21406,
	5.48515 5.20829,
	5.49284 5.20637,
	5.50053 5.2006,
	5.50822 5.2006,
	5.51206 5.2006,
	5.53898 5.23137,
	5.54859 5.24675,
	5.55436 5.26213,
	5.55628 5.27751,
	5.55628 5.28135,
	5.56013 5.2852,
	5.56013 5.29289,
	5.56397 5.30058,
	5.56782 5.33134,
	5.56397 5.39286,
	5.54859 5.42362,
	5.5409 5.42939,
	5.52552 5.43132,
	5.52168 5.43132,
	5.51399 5.42555,
	5.49861 5.41978,
	5.48515 5.40632,
	5.47553 5.39094,
	5.45439 5.32942,
	5.44862 5.29866,
	5.44862 5.28328,
	5.44862 5.27559,
	"/>
<Contour name="d09cfa44" hidden="false" closed="false" simplified="false" border="0 1 1" fill="0 1 1" mode="9"
 points="5.55766 5.40061,
	5.55766 5.38523,
	5.56535 5.36023,
	5.5692 5.32947,
	5.56343 5.29871,
	5.55574 5.2641,
	5.54805 5.24103,
	5.53267 5.22181,
	5.51921 5.20643,
	"/>
</Transform>

<Transform dim="0"
 xcoef=" 0 1 0 0 0 0"
 ycoef=" 0 0 1 0 0 0">
<Contour name="d09c46" hidden="false" closed="true" simplified="true" border="0 0.502 1" fill="0 0.502 1" mode="-9"
 points="6.24265 5.40824,
	6.24457 5.40055,
	6.25226 5.39479,
	6.25611 5.39094,
	6.27149 5.39094,
	6.30225 5.40055,
	6.30994 5.4044,
	6.31378 5.40824,
	6.34455 5.4217,
	6.35608 5.43132,
	6.38492 5.44477,
	6.38876 5.44477,
	6.39261 5.44862,
	6.4003 5.44862,
	6.41568 5.45439,
	6.42337 5.45823,
	6.42722 5.45823,
	6.43491 5.464,
	6.4426 5.46592,
	6.47144 5.48323,
	6.47913 5.48899,
	6.48297 5.49668,
	6.48297 5.50437,
	6.48297 5.50822,
	6.46951 5.52168,
	6.43875 5.52744,
	6.37723 5.51399,
	6.36185 5.50822,
	6.358 5.50822,
	6.35416 5.50437,
	6.34647 5.50245,
	6.33109 5.49284,
	6.32724 5.49284,
	6.32532 5.48899,
	6.32147 5.48899,
	6.29264 5.464,
	6.27725 5.45246,
	6.26572 5.44093,
	6.25034 5.42747,
	6.24457 5.41978,
	6.24265 5.41209,
	6.24265 5.41017,
	"/>
<Contour name="d09cfa46" hidden="false" closed="false" simplified="false" border="0 1 1" fill="0 1 1" mode="9"
 points="6.48396 5.49905,
	6.45128 5.49136,
	6.40129 5.47598,
	6.34938 5.44714,
	6.28786 5.4183,
	6.24941 5.39523,
	"/>
</Transform>

<Transform dim="0"
 xcoef=" 0 1 0 0 0 0"
 ycoef=" 0 0 1 0 0 0">
<Contour name="d09p46dia" hidden="false" closed="false" simplified="true" border="0 0 1" fill="0 0 1" mode="-9"
 points="6.2321 5.31063,
	6.54164 5.45291,
	"/>
</Transform>

<Transform dim="0"
 xcoef=" 0 1 0 0 0 0"
 ycoef=" 0 0 1 0 0 0">
<Contour name="d01" hidden="false" closed="true" simplified="true" border="1 1 0" fill="1 0.5 0" mode="11"
 points="1.49917 5.03105,
	1.50481 4.97093,
	1.50481 4.8507,
	1.50481 4.79058,
	1.50668 4.76052,
	1.52171 4.7004,
	1.52735 4.67035,
	1.55365 4.64029,
	1.5668 4.62526,
	1.59686 4.60459,
	1.61189 4.5952,
	1.64195 4.58393,
	1.65698 4.57829,
	1.68704 4.55011,
	1.69079 4.54635,
	1.75091 4.54635,
	1.81103 4.56138,
	1.84109 4.57078,
	1.87114 4.57266,
	1.88617 4.57266,
	1.89369 4.57266,
	2.01392 4.60835,
	2.07404 4.6215,
	2.1041 4.63841,
	2.13416 4.66095,
	2.14355 4.67598,
	2.14543 4.6835,
	2.16985 4.71355,
	2.19803 4.74173,
	2.20179 4.75676,
	2.23185 4.76616,
	2.26003 4.79434,
	2.25815 4.8244,
	2.25439 4.83942,
	2.25251 4.84694,
	2.25251 4.8507,
	2.22245 4.86197,
	2.21494 4.86573,
	2.21306 4.89578,
	2.21682 4.92584,
	2.21682 4.9559,
	2.21494 4.97093,
	2.15482 5.00475,
	2.12476 5.01978,
	2.10973 5.02729,
	2.07968 5.02917,
	2.06465 5.02917,
	2.04962 5.04044,
	2.0421 5.04608,
	2.02332 5.07614,
	1.99326 5.09868,
	1.97823 5.10056,
	1.9632 5.09868,
	1.93314 5.11183,
	1.91811 5.11934,
	1.88805 5.14001,
	1.82793 5.16068,
	1.76782 5.16255,
	1.7077 5.1588,
	1.67764 5.15692,
	1.55741 5.13062,
	1.52735 5.12498,
	1.51983 5.1231,
	1.51608 5.1231,
	1.51232 5.09304,
	1.50293 5.06299,
	1.49917 5.03293,
	"/>
</Transform>

<Transform dim="0"
 xcoef=" 0 1 0 0 0 0"
 ycoef=" 0 0 1 0 0 0">
<Contour name="d01" hidden="false" closed="true" simplified="true" border="1 1 0" fill="1 0.5 0" mode="11"
 points="0.812743 5.9898,
	0.822021 5.97496,
	0.827587 5.96754,
	0.842432 5.95826,
	0.857277 5.95269,
	0.886966 5.95269,
	0.946344 5.93228,
	0.961189 5.92857,
	0.990878 5.93042,
	1.00572 5.93599,
	1.01871 5.94527,
	1.02057 5.97496,
	1.01871 6.03434,
	1.01686 6.04918,
	1.015 6.0566,
	1.00387 6.07145,
	0.996445 6.08629,
	0.994589 6.09372,
	0.9816 6.1067,
	0.966756 6.11598,
	0.907377 6.11413,
	0.892533 6.09928,
	0.88511 6.09186,
	0.855421 6.08258,
	0.840576 6.07701,
	0.833154 6.0733,
	0.818309 6.05846,
	0.812743 6.05104,
	0.812743 5.99166,
	"/>
</Transform>

<Transform dim="0"
 xcoef=" 0 1 0 0 0 0"
 ycoef=" 0 0 1 0 0 0">
<Contour name="d02" hidden="false" closed="true" simplified="true" border="0.502 0 1" fill="1 0.5 0" mode="11"
 points="3.25844 3.29277,
	3.29277 3.25354,
	3.29767 3.24864,
	3.29767 3.22902,
	3.29767 3.21921,
	3.28541 3.20205,
	3.29032 3.18244,
	3.30257 3.16282,
	3.32219 3.14566,
	3.36142 3.1285,
	3.40065 3.11624,
	3.42026 3.11133,
	3.43988 3.09908,
	3.44968 3.09417,
	3.4693 3.09908,
	3.4791 3.10398,
	3.49136 3.12359,
	3.49872 3.16282,
	3.49872 3.17263,
	3.42271 3.21431,
	3.38348 3.23638,
	3.36387 3.25109,
	3.35406 3.25599,
	3.31483 3.28786,
	3.29522 3.29767,
	3.28541 3.30257,
	3.2658 3.30257,
	3.25844 3.29522,
	"/>
</Transform>

<Transform dim="0"
 xcoef=" 0 1 0 0 0 0"
 ycoef=" 0 0 1 0 0 0">
<Contour name="d03" hidden="false" closed="true" simplified="true" border="1 0 0.502" fill="1 0.5 0" mode="11"
 points="1.35878 3.85437,
	1.36671 3.829,
	1.36988 3.82266,
	1.36988 3.81949,
	1.37463 3.81314,
	1.37781 3.80997,
	1.37939 3.78461,
	1.38098 3.77192,
	1.3889 3.75924,
	1.3889 3.75607,
	1.40793 3.73228,
	1.41903 3.72436,
	1.4444 3.71484,
	1.4555 3.7085,
	1.46342 3.70057,
	1.46342 3.69423,
	1.46818 3.68947,
	1.48086 3.68472,
	1.49355 3.67679,
	1.51257 3.65301,
	1.5205 3.64032,
	1.53319 3.63715,
	1.55855 3.63715,
	1.5649 3.64191,
	1.57282 3.65301,
	1.57917 3.65618,
	1.58234 3.65935,
	1.58551 3.65935,
	1.59661 3.66886,
	1.60136 3.67362,
	1.61405 3.67679,
	1.63941 3.67521,
	1.66478 3.66886,
	1.67112 3.66411,
	1.6743 3.66411,
	1.67905 3.65935,
	1.67905 3.65618,
	1.68222 3.65459,
	1.68064 3.64191,
	1.67905 3.63874,
	1.67588 3.63874,
	1.66954 3.63081,
	1.66954 3.61813,
	1.67112 3.61179,
	1.6743 3.61179,
	1.67747 3.60861,
	1.7282 3.59752,
	1.77894 3.58959,
	1.79162 3.588,
	1.79796 3.588,
	1.81065 3.58325,
	1.81382 3.58007,
	1.83919 3.57215,
	1.84236 3.56898,
	1.84553 3.56898,
	1.85663 3.55946,
	1.8598 3.55946,
	1.87883 3.53885,
	1.88834 3.52934,
	1.8931 3.52458,
	1.89468 3.52141,
	1.89785 3.52141,
	1.90895 3.5119,
	1.91371 3.50714,
	1.91688 3.50714,
	1.94066 3.48812,
	1.96603 3.48812,
	1.97871 3.48812,
	1.9803 3.48177,
	1.98347 3.4786,
	1.98823 3.46592,
	2.00091 3.46433,
	2.01359 3.46909,
	2.02469 3.48019,
	2.02469 3.48336,
	2.02786 3.48336,
	2.03896 3.49129,
	2.0453 3.49446,
	2.04848 3.49763,
	2.05165 3.49763,
	2.07067 3.51824,
	2.07384 3.52458,
	2.07226 3.54995,
	2.0675 3.56263,
	2.05006 3.588,
	2.04689 3.59434,
	2.04848 3.60703,
	2.05957 3.61971,
	2.06274 3.62288,
	2.06274 3.62605,
	2.0675 3.6324,
	2.07384 3.65776,
	2.07701 3.66411,
	2.07701 3.66728,
	2.08653 3.67996,
	2.08811 3.70533,
	2.08811 3.71167,
	2.09128 3.71643,
	2.09763 3.72119,
	2.1008 3.72436,
	2.10238 3.7307,
	2.10555 3.73228,
	2.10555 3.74497,
	2.1008 3.75765,
	2.09921 3.77034,
	2.1008 3.78302,
	2.10555 3.7957,
	2.10714 3.82107,
	2.1119 3.83376,
	2.11031 3.85912,
	2.10872 3.8623,
	2.10555 3.8623,
	2.09445 3.87022,
	2.06909 3.87974,
	2.0564 3.88291,
	2.05323 3.88608,
	2.04055 3.89083,
	2.01518 3.90827,
	2.0025 3.91779,
	1.99615 3.91937,
	1.98981 3.92413,
	1.97713 3.92889,
	1.97079 3.93364,
	1.96444 3.93523,
	1.96127 3.9384,
	1.9581 3.9384,
	1.94859 3.94633,
	1.9359 3.95584,
	1.92322 3.96852,
	1.90895 3.99072,
	1.89627 3.99865,
	1.88358 4.00341,
	1.86931 4.02719,
	1.86614 4.03036,
	1.84077 4.03829,
	1.83443 4.03829,
	1.80906 4.0478,
	1.7837 4.06207,
	1.76467 4.08268,
	1.75357 4.09536,
	1.73296 4.11439,
	1.72979 4.11439,
	1.70601 4.12866,
	1.68064 4.13817,
	1.66954 4.14293,
	1.65844 4.15086,
	1.64734 4.16354,
	1.63941 4.17305,
	1.62832 4.18574,
	1.62197 4.19208,
	1.61088 4.19684,
	1.58551 4.19842,
	1.56014 4.19367,
	1.5538 4.1905,
	1.54745 4.1905,
	1.54111 4.18732,
	1.51574 4.1905,
	1.51257 4.1905,
	1.5094 4.19367,
	1.49672 4.19525,
	1.48403 4.20001,
	1.45867 4.20001,
	1.44598 4.19525,
	1.44281 4.19525,
	1.43488 4.18415,
	1.43488 4.17147,
	1.43647 4.16513,
	1.44123 4.15878,
	1.44123 4.15561,
	1.44598 4.15086,
	1.45074 4.12549,
	1.45074 4.11281,
	1.45074 4.10646,
	1.44123 4.0811,
	1.44123 4.07792,
	1.43647 4.07158,
	1.43171 4.06048,
	1.42696 4.05414,
	1.42537 4.0478,
	1.41586 4.03512,
	1.4111 4.02877,
	1.4 4.02402,
	1.39366 4.02243,
	1.39049 4.02243,
	1.38098 4.01292,
	1.37622 4.00023,
	1.37463 3.97487,
	1.37463 3.96218,
	1.36829 3.93681,
	1.36512 3.92413,
	1.36354 3.91779,
	1.36354 3.91462,
	1.36037 3.91145,
	1.35878 3.86071,
	1.35878 3.85595,
	"/>
<Contour name="d03" hidden="false" closed="true" simplified="true" border="1 0 0.502" fill="1 0.5 0" mode="11"
 points="0.956061 4.5726,
	0.957646 4.56626,
	0.967159 4.55358,
	0.9846 4.53296,
	0.992527 4.52028,
	0.995698 4.51394,
	0.998869 4.51077,
	0.998869 4.5076,
	1.00838 4.49491,
	1.01314 4.48223,
	1.01314 4.47906,
	1.0179 4.47272,
	1.02582 4.44735,
	1.02741 4.44101,
	1.03851 4.42991,
	1.04485 4.42515,
	1.094 4.4093,
	1.10668 4.40454,
	1.10985 4.40137,
	1.13522 4.39344,
	1.16059 4.38868,
	1.17328 4.38868,
	1.19864 4.38234,
	1.22401 4.37283,
	1.22718 4.37283,
	1.23987 4.3649,
	1.24621 4.36173,
	1.24938 4.35856,
	1.26206 4.3538,
	1.3128 4.35539,
	1.32548 4.3538,
	1.33817 4.34905,
	1.34292 4.34429,
	1.34927 4.3427,
	1.35561 4.33795,
	1.35719 4.33478,
	1.36037 4.33478,
	1.38098 4.31416,
	1.38256 4.30782,
	1.3889 4.30307,
	1.40159 4.30148,
	1.40793 4.30307,
	1.42061 4.31575,
	1.4333 4.32526,
	1.44598 4.33002,
	1.45867 4.33161,
	1.46501 4.33478,
	1.46659 4.34112,
	1.4555 4.3538,
	1.45232 4.36014,
	1.44915 4.36173,
	1.44915 4.3649,
	1.43964 4.37758,
	1.43805 4.38076,
	1.43488 4.38076,
	1.42854 4.38551,
	1.41586 4.3871,
	1.40634 4.3982,
	1.40159 4.40454,
	1.37622 4.41405,
	1.36671 4.42674,
	1.35561 4.43625,
	1.34292 4.43783,
	1.33024 4.44259,
	1.32548 4.44893,
	1.32548 4.45527,
	1.32231 4.46162,
	1.32231 4.46479,
	1.31597 4.46954,
	1.30329 4.46954,
	1.2906 4.47272,
	1.28743 4.4743,
	1.28109 4.49967,
	1.26841 4.5076,
	1.25889 4.51711,
	1.25889 4.52028,
	1.25255 4.52504,
	1.23987 4.52504,
	1.23352 4.52821,
	1.22877 4.53455,
	1.2256 4.53772,
	1.2256 4.54089,
	1.22084 4.54723,
	1.21767 4.55992,
	1.21133 4.5726,
	1.19864 4.58053,
	1.17328 4.5837,
	1.16059 4.58529,
	1.15425 4.59004,
	1.10351 4.60907,
	1.05278 4.60907,
	1.04009 4.60907,
	1.01472 4.60431,
	0.963988 4.60431,
	0.957646 4.59956,
	0.956061 4.57419,
	"/>
</Transform>

<Transform dim="0"
 xcoef=" 0 1 0 0 0 0"
 ycoef=" 0 0 1 0 0 0">
<Contour name="d03" hidden="false" closed="true" simplified="true" border="1 0 0.502" fill="1 0.5 0" mode="11"
 points="2.03896 3.30737,
	2.04372 3.30261,
	2.04372 3.29944,
	2.05482 3.28676,
	2.05957 3.27407,
	2.05957 3.26139,
	2.05957 3.25505,
	2.06433 3.24236,
	2.0675 3.23919,
	2.0675 3.23602,
	2.07226 3.22968,
	2.07543 3.22651,
	2.07543 3.22016,
	2.0675 3.20907,
	2.0675 3.19638,
	2.0675 3.19004,
	2.07701 3.17736,
	2.0897 3.15199,
	2.09921 3.12662,
	2.10238 3.12028,
	2.10872 3.11711,
	2.11507 3.11711,
	2.12458 3.10601,
	2.12934 3.09967,
	2.13251 3.08698,
	2.13409 3.08064,
	2.14519 3.06954,
	2.14836 3.06954,
	2.1547 3.06479,
	2.15946 3.0521,
	2.15946 3.03942,
	2.16263 3.02673,
	2.1658 3.02039,
	2.16739 3.00771,
	2.17214 3.00295,
	2.17214 2.99978,
	2.19117 2.97758,
	2.20227 2.9649,
	2.22764 2.96331,
	2.25301 2.96648,
	2.26569 2.96173,
	2.29106 2.96014,
	2.2974 2.96014,
	2.30057 2.96014,
	2.31167 2.95063,
	2.32435 2.94746,
	2.33704 2.94904,
	2.34972 2.9538,
	2.36241 2.95539,
	2.37509 2.95063,
	2.38143 2.94587,
	2.39412 2.94587,
	2.40046 2.94587,
	2.41314 2.95221,
	2.41631 2.95221,
	2.41948 2.95539,
	2.42583 2.95539,
	2.43217 2.96014,
	2.45754 2.97124,
	2.46071 2.97441,
	2.46388 2.97441,
	2.47656 2.98551,
	2.4829 2.99819,
	2.494 3.01088,
	2.50034 3.01405,
	2.50352 3.01722,
	2.50669 3.01722,
	2.51303 3.02356,
	2.50827 3.03625,
	2.49083 3.06161,
	2.48608 3.06796,
	2.48449 3.0743,
	2.48132 3.07747,
	2.47973 3.09015,
	2.47498 3.10284,
	2.47181 3.10918,
	2.45912 3.11711,
	2.45595 3.11711,
	2.44327 3.12821,
	2.43058 3.13296,
	2.4179 3.13455,
	2.41156 3.13455,
	2.39887 3.1393,
	2.39253 3.14406,
	2.37985 3.14882,
	2.36716 3.15833,
	2.34179 3.16467,
	2.33545 3.16784,
	2.33228 3.16784,
	2.32435 3.18053,
	2.32118 3.18687,
	2.31484 3.18687,
	2.3085 3.19004,
	2.30374 3.19638,
	2.30216 3.20907,
	2.29423 3.22175,
	2.28789 3.22809,
	2.28154 3.23126,
	2.2752 3.23126,
	2.26886 3.23443,
	2.26569 3.23443,
	2.24191 3.25187,
	2.21654 3.26139,
	2.20385 3.26297,
	2.19117 3.26773,
	2.18483 3.26773,
	2.17849 3.27249,
	2.17532 3.27249,
	2.1658 3.28359,
	2.15946 3.30895,
	2.15629 3.31054,
	2.15629 3.31371,
	2.13409 3.32956,
	2.12299 3.33908,
	2.10872 3.36445,
	2.10714 3.37079,
	2.09604 3.38189,
	2.07067 3.38347,
	2.06433 3.38347,
	2.05165 3.37713,
	2.04372 3.3692,
	2.03896 3.31847,
	2.03896 3.31212,
	2.03896 3.30895,
	"/>
</Transform>

<Transform dim="0"
 xcoef=" 0 1 0 0 0 0"
 ycoef=" 0 0 1 0 0 0">
<Contour name="d04" hidden="false" closed="true" simplified="true" border="1 0 0" fill="1 0.5 0" mode="11"
 points="0.63959 5.02813,
	0.650394 5.01301,
	0.652555 5.00868,
	0.656877 5.00868,
	0.715218 4.95899,
	0.747629 4.93738,
	0.756272 4.9309,
	0.760594 4.9309,
	0.77788 4.92009,
	0.795166 4.91361,
	0.829739 4.91361,
	0.847025 4.91361,
	0.864311 4.91793,
	0.872954 4.92225,
	0.907527 4.92441,
	0.942099 4.93738,
	0.959386 4.94386,
	0.968029 4.94386,
	0.985315 4.95466,
	1.0026 4.95683,
	1.01989 4.95466,
	1.02853 4.95034,
	1.04582 4.95034,
	1.0631 4.94386,
	1.07175 4.9417,
	1.08903 4.92874,
	1.102 4.91145,
	1.10848 4.89416,
	1.1128 4.88552,
	1.1128 4.8812,
	1.14521 4.85311,
	1.14953 4.84446,
	1.15169 4.77532,
	1.15169 4.75803,
	1.14737 4.74939,
	1.13873 4.74075,
	1.13657 4.7321,
	1.12577 4.71698,
	1.1236 4.69969,
	1.12577 4.69105,
	1.12577 4.68673,
	1.13225 4.67808,
	1.13441 4.6608,
	1.13657 4.65216,
	1.13657 4.64783,
	1.14305 4.64135,
	1.14305 4.63703,
	1.16034 4.62407,
	1.16898 4.61758,
	1.17114 4.61326,
	1.17546 4.61326,
	1.18195 4.60678,
	1.18627 4.60678,
	1.19059 4.60246,
	1.19923 4.6003,
	1.20788 4.60246,
	1.22516 4.61974,
	1.23164 4.62839,
	1.23164 4.63703,
	1.24461 4.6716,
	1.24893 4.68889,
	1.25109 4.72346,
	1.25109 4.74075,
	1.25757 4.77532,
	1.25973 4.79261,
	1.26838 4.80989,
	1.27054 4.84446,
	1.26189 4.86175,
	1.25757 4.87039,
	1.25757 4.90497,
	1.25757 4.92225,
	1.25757 4.9309,
	1.26406 4.93954,
	1.26838 4.95683,
	1.26838 4.96547,
	1.26189 4.97411,
	1.25757 4.97411,
	1.25109 4.9914,
	1.23813 5.00868,
	1.23597 5.01301,
	1.21868 5.01949,
	1.2122 5.02813,
	1.21004 5.0627,
	1.20571 5.06702,
	1.19923 5.08431,
	1.20139 5.15346,
	1.20139 5.1621,
	1.18843 5.17939,
	1.18195 5.18803,
	1.16898 5.19883,
	1.15386 5.21612,
	1.14305 5.22692,
	1.13441 5.22908,
	1.13009 5.22908,
	1.12577 5.2334,
	1.12144 5.2334,
	1.10848 5.24637,
	1.09984 5.25501,
	1.09119 5.25933,
	1.08687 5.26366,
	1.06959 5.27014,
	1.0523 5.2723,
	1.04798 5.2723,
	1.0415 5.28959,
	1.02853 5.30471,
	0.993958 5.30471,
	0.989636 5.30471,
	0.974511 5.29175,
	0.957225 5.28742,
	0.942099 5.27662,
	0.942099 5.2723,
	0.937778 5.2723,
	0.922652 5.25933,
	0.918331 5.25933,
	0.885919 5.23557,
	0.868633 5.22476,
	0.864311 5.22044,
	0.855668 5.21828,
	0.851347 5.21396,
	0.847025 5.21396,
	0.838382 5.20748,
	0.83406 5.20748,
	0.771398 5.16426,
	0.762755 5.15994,
	0.760594 5.15562,
	0.756272 5.15562,
	0.723861 5.12753,
	0.719539 5.12321,
	0.684967 5.11672,
	0.654716 5.09079,
	0.643912 5.07999,
	0.643912 5.07135,
	0.63959 5.0627,
	0.63959 5.03029,
	"/>
</Transform>

<Transform dim="0"
 xcoef=" 0 1 0 0 0 0"
 ycoef=" 0 0 1 0 0 0">
<Contour name="d04" hidden="false" closed="true" simplified="true" border="1 0 0" fill="1 0.5 0" mode="11"
 points="1.57305 4.20704,
	1.60762 4.20487,
	1.62491 4.19839,
	1.62923 4.19839,
	1.64651 4.18543,
	1.68109 4.16814,
	1.70918 4.14005,
	1.71566 4.13357,
	1.73294 4.12709,
	1.73943 4.12493,
	1.74591 4.11628,
	1.76103 4.10764,
	1.76752 4.10332,
	1.76536 4.10116,
	1.774 4.09467,
	1.77832 4.09467,
	1.79345 4.07955,
	1.80857 4.06875,
	1.82586 4.06442,
	1.8345 4.0601,
	1.83882 4.05578,
	1.84314 4.05578,
	1.84747 4.05146,
	1.86475 4.05146,
	1.89932 4.04066,
	1.91661 4.03201,
	1.9339 4.02985,
	2.00304 4.00608,
	2.02033 4.00392,
	2.0549 3.99096,
	2.07219 3.98448,
	2.08515 3.97151,
	2.08947 3.96287,
	2.09379 3.95855,
	2.10244 3.95638,
	2.11108 3.94774,
	2.14565 3.93478,
	2.18023 3.91317,
	2.19751 3.89804,
	2.20183 3.89372,
	2.20615 3.89372,
	2.21048 3.8894,
	2.22776 3.88508,
	2.26233 3.88508,
	2.29691 3.8894,
	2.33148 3.89804,
	2.34877 3.9002,
	2.36605 3.90885,
	2.38334 3.91101,
	2.40062 3.90453,
	2.40495 3.9002,
	2.41359 3.9002,
	2.43088 3.89156,
	2.4352 3.88724,
	2.44384 3.88724,
	2.45248 3.88292,
	2.48706 3.88076,
	2.49138 3.88076,
	2.50002 3.87428,
	2.56917 3.8786,
	2.57781 3.8786,
	2.59509 3.88724,
	2.62751 3.91317,
	2.66208 3.92613,
	2.69665 3.92613,
	2.73122 3.9391,
	2.73987 3.9391,
	2.77444 3.95422,
	2.78956 3.96287,
	2.79821 3.96719,
	2.80037 3.97151,
	2.80469 3.97151,
	2.81549 3.9888,
	2.81982 3.99312,
	2.82414 4.0104,
	2.83926 4.04498,
	2.83926 4.06226,
	2.83926 4.07091,
	2.82414 4.10548,
	2.80037 4.13573,
	2.79821 4.14437,
	2.79389 4.14869,
	2.79389 4.15302,
	2.7874 4.16166,
	2.7874 4.16598,
	2.78092 4.17462,
	2.7658 4.2092,
	2.7658 4.21352,
	2.76147 4.21568,
	2.75931 4.22432,
	2.75499 4.22864,
	2.74203 4.26322,
	2.73555 4.2805,
	2.73338 4.31507,
	2.7269 4.33236,
	2.70962 4.34316,
	2.67504 4.34533,
	2.64047 4.35829,
	2.63183 4.36045,
	2.62967 4.36477,
	2.62535 4.36477,
	2.61238 4.37774,
	2.60374 4.38422,
	2.58645 4.3907,
	2.56917 4.39286,
	2.55188 4.39934,
	2.54108 4.41663,
	2.53243 4.42095,
	2.51515 4.42311,
	2.5065 4.42527,
	2.50218 4.42527,
	2.50002 4.4296,
	2.48273 4.43608,
	2.46761 4.4512,
	2.46113 4.45985,
	2.44384 4.46849,
	2.43952 4.46849,
	2.43088 4.47497,
	2.3963 4.47497,
	2.37902 4.47497,
	2.36173 4.46849,
	2.35309 4.46633,
	2.34877 4.46201,
	2.31419 4.44904,
	2.29691 4.4404,
	2.29259 4.4404,
	2.28826 4.43608,
	2.21912 4.41447,
	2.20183 4.40799,
	2.19751 4.40367,
	2.19319 4.40367,
	2.16294 4.3799,
	2.1543 4.37774,
	2.14997 4.37774,
	2.14133 4.37125,
	2.13701 4.37125,
	2.12837 4.36477,
	2.12405 4.36477,
	2.08947 4.33884,
	2.08083 4.33236,
	2.06354 4.32588,
	2.02897 4.32156,
	1.9944 4.29995,
	1.95983 4.29779,
	1.94254 4.29563,
	1.92525 4.28914,
	1.91661 4.28698,
	1.90797 4.2805,
	1.90365 4.2805,
	1.88852 4.26754,
	1.87988 4.26105,
	1.86259 4.25673,
	1.82802 4.25457,
	1.81938 4.25241,
	1.81721 4.24809,
	1.81289 4.24809,
	1.79777 4.23513,
	1.78912 4.23513,
	1.78048 4.2308,
	1.71134 4.2308,
	1.67676 4.23513,
	1.64219 4.24809,
	1.60762 4.24809,
	1.59033 4.23513,
	1.57953 4.22,
	1.57305 4.21136,
	1.57305 4.2092,
	"/>
</Transform>

<Transform dim="0"
 xcoef=" 0 1 0 0 0 0"
 ycoef=" 0 0 1 0 0 0">
<Contour name="d04" hidden="false" closed="true" simplified="true" border="1 0 0" fill="1 0.5 0" mode="11"
 points="1.40018 4.26538,
	1.40451 4.25673,
	1.42179 4.25025,
	1.43044 4.24377,
	1.43476 4.24377,
	1.4434 4.23729,
	1.44772 4.23729,
	1.48229 4.21784,
	1.49958 4.21568,
	1.50822 4.21136,
	1.52551 4.21136,
	1.53199 4.21568,
	1.54928 4.21568,
	1.55792 4.21784,
	1.57305 4.2308,
	1.58385 4.24593,
	1.58385 4.26322,
	1.58169 4.27186,
	1.57521 4.2805,
	1.57521 4.28482,
	1.56008 4.29779,
	1.55144 4.30211,
	1.54712 4.30643,
	1.51254 4.31723,
	1.47797 4.3194,
	1.46069 4.3194,
	1.42611 4.30643,
	1.40883 4.29563,
	1.40018 4.27834,
	1.40018 4.2697,
	1.40018 4.26754,
	"/>
</Transform>

<Transform dim="0"
 xcoef=" 0 1 0 0 0 0"
 ycoef=" 0 0 1 0 0 0">
<Contour name="d04" hidden="false" closed="true" simplified="true" border="1 0 0" fill="1 0.5 0" mode="11"
 points="3.98448 3.40539,
	3.99312 3.39674,
	4.02769 3.38378,
	4.09684 3.38162,
	4.13141 3.38594,
	4.16598 3.40971,
	4.17462 3.41619,
	4.17678 3.43348,
	4.17678 3.4378,
	4.1595 3.44644,
	4.15085 3.4486,
	4.14653 3.4486,
	4.12925 3.46157,
	4.11196 3.46805,
	4.09467 3.47021,
	4.06226 3.48317,
	4.04498 3.48317,
	4.03633 3.47885,
	4.03201 3.47885,
	4.00824 3.44644,
	3.99096 3.43348,
	3.98448 3.42483,
	3.98448 3.40755,
	"/>
</Transform>

<Transform dim="0"
 xcoef=" 0 1 0 0 0 0"
 ycoef=" 0 0 1 0 0 0">
<Contour name="d05" hidden="false" closed="true" simplified="true" border="1 0.502 0" fill="1 0.5 0" mode="11"
 points="3.984 4.31083,
	3.99902 4.29768,
	4.01405 4.29205,
	4.0441 4.29205,
	4.07416 4.30144,
	4.08918 4.30332,
	4.0967 4.30707,
	4.12675 4.30707,
	4.1399 4.31646,
	4.14366 4.32398,
	4.14366 4.33149,
	4.1399 4.33525,
	4.1399 4.339,
	4.11736 4.36906,
	4.0873 4.37094,
	4.07228 4.37469,
	4.06476 4.37845,
	4.03471 4.37657,
	4.02156 4.3653,
	4.00654 4.35779,
	3.99902 4.35779,
	3.98775 4.34464,
	3.984 4.33713,
	3.984 4.3221,
	3.984 4.31459,
	3.984 4.31271,
	"/>
</Transform>

<Transform dim="0"
 xcoef=" 0 1 0 0 0 0"
 ycoef=" 0 0 1 0 0 0">
<Contour name="d05" hidden="false" closed="true" simplified="true" border="1 0.502 0" fill="1 0.5 0" mode="11"
 points="4.23231 4.57266,
	4.24113 4.55855,
	4.24466 4.5515,
	4.24818 4.54974,
	4.25171 4.53563,
	4.25171 4.52152,
	4.24818 4.50741,
	4.24113 4.49331,
	4.2376 4.48625,
	4.2376 4.47214,
	4.23937 4.46509,
	4.23937 4.46156,
	4.24289 4.45804,
	4.24466 4.45098,
	4.24818 4.44746,
	4.25347 4.43335,
	4.27111 4.4069,
	4.28169 4.39632,
	4.27816 4.3681,
	4.28169 4.33988,
	4.29051 4.32754,
	4.29051 4.32401,
	4.31343 4.30109,
	4.32578 4.29227,
	4.35399 4.29051,
	4.3681 4.28874,
	4.38221 4.27993,
	4.39632 4.27993,
	4.41042 4.27464,
	4.42277 4.26582,
	4.45098 4.257,
	4.47743 4.24113,
	4.49154 4.22879,
	4.51799 4.21468,
	4.53034 4.20586,
	4.53387 4.20586,
	4.53739 4.20233,
	4.56561 4.20057,
	4.59382 4.19352,
	4.60088 4.18999,
	4.60793 4.18999,
	4.63438 4.17765,
	4.64849 4.17059,
	4.67671 4.17236,
	4.70492 4.17941,
	4.76135 4.20057,
	4.78957 4.20586,
	4.81778 4.21468,
	4.83189 4.21997,
	4.83894 4.22173,
	4.846 4.22702,
	4.86011 4.23231,
	4.86363 4.23231,
	4.87069 4.2376,
	4.92712 4.24818,
	4.94123 4.24818,
	4.95533 4.257,
	4.96239 4.26053,
	4.96062 4.25347,
	4.95886 4.24995,
	4.96239 4.24818,
	4.97649 4.25524,
	5.00295 4.27816,
	5.00824 4.28345,
	5.01176 4.29756,
	5.01176 4.32578,
	5.01353 4.33283,
	5.01353 4.33636,
	5.02058 4.34165,
	5.03469 4.34517,
	5.04174 4.35047,
	5.03998 4.37868,
	5.04174 4.39279,
	5.05409 4.40337,
	5.05761 4.41042,
	5.05585 4.43864,
	5.05056 4.45275,
	5.04174 4.46509,
	5.03822 4.47214,
	5.03469 4.47391,
	5.03469 4.47743,
	5.02411 4.48978,
	5.01705 4.50389,
	5.01353 4.50565,
	5.01353 4.50918,
	5.00295 4.52152,
	4.99766 4.52858,
	4.99942 4.55679,
	4.99766 4.58501,
	4.99237 4.59911,
	4.9906 4.60617,
	4.98002 4.61851,
	4.97473 4.63262,
	4.97297 4.66083,
	4.96768 4.66789,
	4.96944 4.682,
	4.97473 4.6961,
	4.97649 4.70316,
	4.98179 4.71021,
	4.98179 4.71374,
	4.99413 4.72432,
	5.00118 4.72785,
	5.00647 4.7349,
	5.00824 4.76312,
	5.01353 4.77722,
	5.01705 4.78428,
	5.01705 4.79133,
	5.00824 4.80368,
	5.00118 4.8072,
	4.99766 4.8072,
	4.9712 4.82836,
	4.96239 4.84247,
	4.9571 4.84953,
	4.94475 4.85482,
	4.91654 4.85658,
	4.90243 4.85482,
	4.89538 4.85482,
	4.88127 4.84953,
	4.87421 4.84424,
	4.87069 4.84424,
	4.85658 4.83365,
	4.85305 4.83365,
	4.84247 4.82307,
	4.83894 4.82307,
	4.81778 4.80368,
	4.80368 4.79662,
	4.77546 4.79133,
	4.77193 4.7878,
	4.74372 4.77899,
	4.73666 4.77899,
	4.72961 4.77546,
	4.67318 4.77546,
	4.65907 4.77722,
	4.65202 4.78075,
	4.63791 4.78075,
	4.6238 4.78428,
	4.61675 4.78604,
	4.61322 4.78604,
	4.60617 4.79133,
	4.57795 4.79309,
	4.5709 4.79662,
	4.51447 4.79662,
	4.50741 4.79839,
	4.49683 4.81073,
	4.46862 4.8072,
	4.46156 4.80191,
	4.45804 4.80191,
	4.44746 4.79309,
	4.39279 4.74901,
	4.36457 4.72961,
	4.35047 4.72961,
	4.33636 4.72608,
	4.3293 4.72256,
	4.32578 4.72256,
	4.29756 4.70139,
	4.28522 4.69258,
	4.26758 4.66436,
	4.257 4.65202,
	4.24818 4.6238,
	4.24818 4.61675,
	4.24289 4.60264,
	4.23231 4.58853,
	4.23231 4.57443,
	"/>
</Transform>

<Transform dim="0"
 xcoef=" 0 1 0 0 0 0"
 ycoef=" 0 0 1 0 0 0">
<Contour name="d05" hidden="false" closed="true" simplified="true" border="1 0.502 0" fill="1 0.5 0" mode="11"
 points="4.34341 5.0488,
	4.3487 5.04174,
	4.3487 5.03822,
	4.35928 5.02587,
	4.36105 5.01882,
	4.36457 5.01529,
	4.36457 5.01176,
	4.37692 4.99766,
	4.39102 4.97297,
	4.39984 4.96062,
	4.40337 4.95357,
	4.4069 4.95004,
	4.40866 4.94299,
	4.41219 4.93946,
	4.41748 4.92535,
	4.41748 4.91125,
	4.41748 4.90419,
	4.41748 4.90067,
	4.421 4.89714,
	4.44746 4.90948,
	4.46156 4.91477,
	4.46862 4.92006,
	4.47214 4.92006,
	4.49507 4.94123,
	4.50918 4.94299,
	4.52328 4.95004,
	4.53034 4.95533,
	4.53387 4.96239,
	4.53739 4.96591,
	4.53916 4.97297,
	4.54268 4.97473,
	4.54445 5.00295,
	4.54268 5.03116,
	4.54268 5.03822,
	4.53739 5.04527,
	4.53739 5.07349,
	4.53563 5.08054,
	4.5321 5.0823,
	4.53034 5.09641,
	4.5321 5.11052,
	4.53034 5.12463,
	4.52681 5.13168,
	4.52328 5.13521,
	4.49507 5.13521,
	4.48096 5.13521,
	4.47391 5.13697,
	4.46685 5.14226,
	4.43864 5.13873,
	4.42453 5.1405,
	4.41924 5.14579,
	4.39102 5.14579,
	4.37692 5.1405,
	4.36634 5.12639,
	4.36457 5.11934,
	4.35928 5.11228,
	4.3487 5.08407,
	4.34341 5.06996,
	4.34341 5.05585,
	4.34341 5.05056,
	"/>
</Transform>

<Transform dim="0"
 xcoef=" 0 1 0 0 0 0"
 ycoef=" 0 0 1 0 0 0">
<Contour name="d05" hidden="false" closed="true" simplified="true" border="1 0.502 0" fill="1 0.5 0" mode="11"
 points="4.06538 5.52318,
	4.06773 5.51848,
	4.06773 5.51613,
	4.08066 5.49849,
	4.08302 5.49379,
	4.08302 5.47498,
	4.08184 5.46557,
	4.08302 5.45617,
	4.08889 5.44676,
	4.09007 5.44206,
	4.09242 5.44089,
	4.09242 5.43853,
	4.09947 5.4303,
	4.09947 5.42795,
	4.10653 5.41972,
	4.10653 5.41737,
	4.12064 5.40091,
	4.12181 5.39856,
	4.12416 5.39856,
	4.12416 5.39621,
	4.13122 5.39033,
	4.14062 5.38328,
	4.14297 5.38093,
	4.14532 5.38093,
	4.15355 5.37387,
	4.16296 5.37035,
	4.16766 5.36682,
	4.20528 5.36564,
	4.2429 5.36682,
	4.26171 5.37035,
	4.26642 5.37152,
	4.26759 5.37387,
	4.26994 5.37387,
	4.27935 5.38093,
	4.29346 5.39504,
	4.31227 5.40562,
	4.31697 5.40562,
	4.32637 5.40914,
	4.33108 5.41267,
	4.33343 5.41267,
	4.34166 5.41972,
	4.34636 5.4209,
	4.35341 5.4303,
	4.35577 5.43266,
	4.35577 5.45147,
	4.35459 5.45617,
	4.35224 5.45852,
	4.35341 5.47733,
	4.35224 5.48203,
	4.35224 5.48438,
	4.34871 5.48909,
	4.34871 5.49144,
	4.33225 5.50672,
	4.32402 5.51378,
	4.32402 5.51613,
	4.30992 5.53259,
	4.29346 5.54552,
	4.28875 5.54905,
	4.2864 5.54905,
	4.277 5.5561,
	4.27465 5.5561,
	4.26759 5.56198,
	4.26289 5.56433,
	4.25348 5.57256,
	4.24408 5.57608,
	4.22527 5.57726,
	4.21586 5.57726,
	4.21116 5.57726,
	4.20176 5.57373,
	4.19235 5.57491,
	4.18765 5.57491,
	4.18295 5.57726,
	4.18059 5.57726,
	4.17589 5.58079,
	4.15708 5.58079,
	4.14768 5.57961,
	4.14532 5.57726,
	4.14062 5.57726,
	4.12181 5.57021,
	4.103 5.5655,
	4.0936 5.56198,
	4.08537 5.5561,
	4.08302 5.5561,
	4.06891 5.54199,
	4.06538 5.53259,
	4.06538 5.52436,
	"/>
</Transform>

<Transform dim="0"
 xcoef=" 0 1 0 0 0 0"
 ycoef=" 0 0 1 0 0 0">
<Contour name="d05" hidden="false" closed="true" simplified="true" border="1 0.502 0" fill="1 0.5 0" mode="11"
 points="4.98984 4.90625,
	4.9944 4.90169,
	5.04304 4.90169,
	5.06736 4.90017,
	5.07952 4.90017,
	5.09168 4.90473,
	5.1008 4.91689,
	5.11295 4.92601,
	5.11295 4.93209,
	5.11751 4.93817,
	5.11903 4.95032,
	5.12967 4.95944,
	5.14183 4.964,
	5.14487 4.96704,
	5.14487 4.9792,
	5.14335 4.98528,
	5.13879 4.99136,
	5.12663 4.9944,
	5.12359 4.9944,
	5.11295 5.00504,
	5.10991 5.0172,
	5.10991 5.02024,
	5.0856 5.02176,
	5.08256 5.01872,
	5.07648 5.0172,
	5.06736 5.00808,
	5.0552 5.00048,
	5.04912 4.99592,
	5.03696 4.99136,
	5.03392 4.99136,
	5.02328 4.98224,
	5.01872 4.97008,
	5.01872 4.95792,
	5.02176 4.95184,
	5.02176 4.93969,
	5.02176 4.93665,
	5.01872 4.93361,
	5.01872 4.93057,
	5.01568 4.93057,
	5.00504 4.92145,
	4.99896 4.92145,
	4.99288 4.91689,
	4.98984 4.91537,
	4.98984 4.90929,
	4.98984 4.90777,
	"/>
</Transform>

<Transform dim="0"
 xcoef=" 0 1 0 0 0 0"
 ycoef=" 0 0 1 0 0 0">
<Contour name="d05" hidden="false" closed="true" simplified="true" border="1 0.502 0" fill="1 0.5 0" mode="11"
 points="3.8649 4.07298,
	3.87033 4.06574,
	3.89928 4.06574,
	3.91375 4.06031,
	3.91918 4.05488,
	3.9228 4.05488,
	3.93546 4.04403,
	3.9427 4.0386,
	3.95718 4.04041,
	3.96984 4.04584,
	3.97708 4.0585,
	3.97889 4.05669,
	3.98794 4.06574,
	4.01689 4.07117,
	4.02412 4.07298,
	4.02774 4.0766,
	4.02774 4.08384,
	4.01327 4.08926,
	3.98432 4.09107,
	3.96984 4.09107,
	3.95537 4.0965,
	3.95175 4.11098,
	3.94813 4.11821,
	3.94813 4.12183,
	3.94089 4.12364,
	3.93365 4.11821,
	3.93365 4.1146,
	3.92099 4.10012,
	3.91737 4.0965,
	3.88842 4.08926,
	3.87394 4.08384,
	3.86671 4.08022,
	3.8649 4.07479,
	"/>
</Transform>

<Transform dim="0"
 xcoef=" 0 1 0 0 0 0"
 ycoef=" 0 0 1 0 0 0">
<Contour name="d05" hidden="false" closed="true" simplified="true" border="1 0.502 0" fill="1 0.5 0" mode="11"
 points="4.6465 4.13054,
	4.65499 4.10792,
	4.65923 4.10368,
	4.66347 4.09237,
	4.67054 4.08106,
	4.67195 4.07541,
	4.67195 4.07258,
	4.66771 4.06693,
	4.66771 4.05562,
	4.67054 4.04997,
	4.68184 4.0429,
	4.70446 4.03866,
	4.70729 4.03583,
	4.71294 4.03583,
	4.71577 4.033,
	4.72708 4.03017,
	4.73273 4.02735,
	4.77797 4.02593,
	4.78928 4.02593,
	4.79493 4.02593,
	4.80624 4.02169,
	4.82886 4.02169,
	4.84017 4.02169,
	4.86279 4.02876,
	4.87409 4.03159,
	4.89671 4.03159,
	4.90237 4.03583,
	4.92498 4.03866,
	4.97022 4.03866,
	5.01545 4.0429,
	5.02676 4.0429,
	5.02959 4.0429,
	5.031 4.04007,
	5.04231 4.04007,
	5.0621 4.03159,
	5.07341 4.03159,
	5.07907 4.03159,
	5.09038 4.03724,
	5.09603 4.04007,
	5.10168 4.04007,
	5.10734 4.03724,
	5.12996 4.03866,
	5.14126 4.04007,
	5.15257 4.03866,
	5.16388 4.03442,
	5.16954 4.03159,
	5.19215 4.03159,
	5.19781 4.03159,
	5.20346 4.02735,
	5.20629 4.02735,
	5.21194 4.02311,
	5.22325 4.02311,
	5.22891 4.02311,
	5.27273 4.04431,
	5.27838 4.04431,
	5.301 4.05138,
	5.30666 4.05279,
	5.30948 4.05279,
	5.31938 4.06269,
	5.32221 4.074,
	5.32362 4.07965,
	5.32362 4.08248,
	5.3321 4.09237,
	5.33351 4.11499,
	5.33069 4.1263,
	5.32786 4.12771,
	5.32786 4.13054,
	5.31938 4.14044,
	5.31514 4.14468,
	5.31514 4.1475,
	5.30666 4.1574,
	5.30666 4.16023,
	5.30242 4.16588,
	5.301 4.17154,
	5.29252 4.18284,
	5.28969 4.1885,
	5.28828 4.19133,
	5.28545 4.19133,
	5.27414 4.19981,
	5.26001 4.21818,
	5.25859 4.22384,
	5.25577 4.22525,
	5.25577 4.22808,
	5.24446 4.23232,
	5.22184 4.23232,
	5.19922 4.23515,
	5.1766 4.23373,
	5.15399 4.23515,
	5.14833 4.23797,
	5.1031 4.23797,
	5.08048 4.24504,
	5.06917 4.24787,
	5.06352 4.2507,
	5.0409 4.2507,
	5.03524 4.25211,
	5.03242 4.25211,
	5.02252 4.26342,
	5.01121 4.26342,
	5.00556 4.25918,
	4.9999 4.25918,
	4.9886 4.25211,
	4.98294 4.24928,
	4.98011 4.24646,
	4.9575 4.23797,
	4.95184 4.23797,
	4.92922 4.23091,
	4.90661 4.22949,
	4.8953 4.22808,
	4.88964 4.22525,
	4.84441 4.22101,
	4.8331 4.21677,
	4.82745 4.21536,
	4.82462 4.21253,
	4.802 4.20688,
	4.7808 4.19839,
	4.76949 4.19415,
	4.76666 4.19415,
	4.76383 4.19133,
	4.75818 4.19133,
	4.75252 4.1885,
	4.72991 4.18708,
	4.7186 4.18284,
	4.71294 4.18284,
	4.71012 4.18002,
	4.69881 4.17719,
	4.69315 4.17436,
	4.6875 4.17436,
	4.66488 4.16588,
	4.65923 4.16164,
	4.65781 4.1574,
	4.64792 4.14609,
	4.6465 4.13478,
	4.6465 4.13195,
	"/>
</Transform>

<Transform dim="0"
 xcoef=" 0 1 0 0 0 0"
 ycoef=" 0 0 1 0 0 0">
<Contour name="d07" hidden="false" closed="true" simplified="true" border="1 0 1" fill="1 0.5 0" mode="11"
 points="1.75064 2.07948,
	1.7722 2.06465,
	1.77625 2.05926,
	1.77894 2.04848,
	1.78164 2.04309,
	1.78164 2.04039,
	1.79107 2.02961,
	1.81264 2.01479,
	1.82342 2.0067,
	1.84498 1.99592,
	1.85576 1.98918,
	1.85846 1.98918,
	1.88002 1.97705,
	1.92315 1.95953,
	1.94471 1.95414,
	1.9501 1.95145,
	1.97166 1.95145,
	1.98244 1.95145,
	1.99323 1.95549,
	1.99592 1.95549,
	2.00535 1.94606,
	2.01209 1.93527,
	2.02287 1.92584,
	2.10913 1.87598,
	2.11991 1.87328,
	2.1253 1.87059,
	2.14686 1.86924,
	2.16842 1.8652,
	2.21155 1.84498,
	2.23311 1.84094,
	2.25468 1.83959,
	2.26546 1.83959,
	2.28702 1.84633,
	2.2978 1.84902,
	2.31936 1.84768,
	2.34093 1.84094,
	2.35171 1.8342,
	2.37327 1.83285,
	2.37866 1.83555,
	2.40023 1.83959,
	2.40562 1.83959,
	2.42718 1.85441,
	2.44874 1.86654,
	2.45952 1.86924,
	2.48109 1.87059,
	2.48648 1.87193,
	2.49187 1.87598,
	2.49456 1.87867,
	2.51613 1.87867,
	2.53769 1.88676,
	2.54712 1.89754,
	2.5579 1.90428,
	2.60103 1.90563,
	2.62259 1.90563,
	2.63338 1.90563,
	2.64281 1.91371,
	2.6482 1.91641,
	2.6509 1.9191,
	2.66168 1.9191,
	2.66707 1.9191,
	2.67246 1.92315,
	2.68593 1.94471,
	2.68593 1.9474,
	2.68863 1.9474,
	2.69941 1.95684,
	2.71019 1.96358,
	2.71558 1.96762,
	2.73715 1.97166,
	2.75871 1.9784,
	2.76141 1.9784,
	2.78162 1.99457,
	2.79105 2.01614,
	2.79375 2.02692,
	2.7951 2.03231,
	2.81666 2.04713,
	2.82609 2.05791,
	2.83014 2.0633,
	2.83418 2.066,
	2.84227 2.07678,
	2.84361 2.08217,
	2.84766 2.08756,
	2.849 2.10913,
	2.85574 2.11991,
	2.86518 2.12934,
	2.88539 2.14417,
	2.89617 2.1509,
	2.91774 2.15899,
	2.9393 2.16977,
	2.94873 2.18055,
	2.94873 2.19133,
	2.94873 2.19673,
	2.94604 2.20212,
	2.94604 2.22368,
	2.94334 2.24524,
	2.94065 2.25063,
	2.93526 2.25602,
	2.91369 2.26007,
	2.90291 2.26007,
	2.88135 2.26681,
	2.87057 2.2722,
	2.85979 2.27489,
	2.83822 2.27489,
	2.82744 2.2722,
	2.81666 2.26681,
	2.80723 2.25872,
	2.80184 2.25333,
	2.78027 2.24255,
	2.77488 2.23985,
	2.75332 2.23985,
	2.74254 2.23985,
	2.72097 2.24659,
	2.69941 2.25602,
	2.67785 2.26815,
	2.66707 2.27489,
	2.6455 2.28163,
	2.63472 2.28567,
	2.5916 2.29376,
	2.58082 2.29511,
	2.55925 2.30454,
	2.51613 2.31532,
	2.473 2.31667,
	2.45144 2.31532,
	2.42987 2.31936,
	2.41909 2.32341,
	2.40831 2.33419,
	2.40562 2.33688,
	2.40023 2.33823,
	2.38944 2.34497,
	2.38405 2.34901,
	2.36249 2.3544,
	2.34093 2.3571,
	2.33015 2.35845,
	2.30858 2.36653,
	2.28702 2.36788,
	2.26546 2.37192,
	2.25468 2.37462,
	2.23311 2.38675,
	2.22772 2.38944,
	2.20616 2.38944,
	2.16303 2.38271,
	2.14147 2.3854,
	2.13069 2.3881,
	2.11991 2.39349,
	2.11452 2.39349,
	2.09295 2.38675,
	2.08217 2.38405,
	2.06061 2.38675,
	2.04983 2.38675,
	2.03905 2.38001,
	2.01748 2.37732,
	2.0067 2.37597,
	1.99592 2.37192,
	1.98514 2.36384,
	1.96897 2.34362,
	1.9474 2.33419,
	1.93662 2.3261,
	1.92584 2.32206,
	1.91506 2.31532,
	1.90428 2.30589,
	1.88272 2.29241,
	1.87328 2.28298,
	1.86115 2.26141,
	1.84228 2.24255,
	1.83555 2.23177,
	1.8315 2.22637,
	1.82881 2.21559,
	1.82072 2.20616,
	1.81533 2.20212,
	1.80994 2.20077,
	1.80724 2.19807,
	1.8059 2.19268,
	1.78838 2.17112,
	1.78299 2.16573,
	1.77625 2.15495,
	1.76547 2.14551,
	1.76142 2.14012,
	1.75738 2.097,
	1.75603 2.09161,
	1.75199 2.08622,
	1.75064 2.08082,
	"/>
</Transform>

<Transform dim="0"
 xcoef=" 0 1 0 0 0 0"
 ycoef=" 0 0 1 0 0 0">
<Contour name="d07" hidden="false" closed="true" simplified="true" border="1 0 1" fill="1 0.5 0" mode="11"
 points="2.46626 2.92987,
	2.48648 2.90965,
	2.50804 2.89483,
	2.51882 2.88809,
	2.54712 2.84631,
	2.55521 2.83688,
	2.56599 2.82609,
	2.57408 2.81531,
	2.59564 2.79645,
	2.60103 2.7924,
	2.60238 2.77084,
	2.60373 2.76006,
	2.61855 2.73849,
	2.62125 2.7331,
	2.62125 2.72771,
	2.6172 2.71693,
	2.6172 2.69537,
	2.6172 2.68998,
	2.62125 2.6792,
	2.62394 2.6765,
	2.62394 2.67381,
	2.62664 2.67111,
	2.62933 2.66033,
	2.62933 2.64955,
	2.62394 2.63877,
	2.62259 2.62798,
	2.62394 2.62259,
	2.64416 2.60912,
	2.6455 2.59834,
	2.64281 2.58755,
	2.63338 2.57947,
	2.6199 2.5579,
	2.6199 2.55521,
	2.6172 2.55251,
	2.61316 2.54173,
	2.60642 2.53095,
	2.60238 2.52556,
	2.60103 2.48243,
	2.60238 2.43931,
	2.60507 2.41775,
	2.60777 2.40696,
	2.62259 2.3854,
	2.63068 2.37462,
	2.65224 2.3598,
	2.67381 2.34901,
	2.6792 2.34767,
	2.70076 2.33284,
	2.71154 2.3261,
	2.72232 2.32206,
	2.72771 2.31936,
	2.74928 2.31532,
	2.7924 2.30184,
	2.80318 2.2978,
	2.82475 2.29511,
	2.84631 2.29511,
	2.86787 2.2978,
	2.87865 2.30184,
	2.88404 2.30319,
	2.90561 2.31802,
	2.91639 2.32745,
	2.92717 2.33419,
	2.93795 2.33823,
	2.95951 2.35171,
	2.96221 2.35171,
	2.96491 2.3544,
	2.97569 2.35575,
	2.98108 2.3571,
	2.98377 2.35845,
	2.98243 2.36114,
	2.99725 2.38271,
	3.01881 2.38944,
	3.0242 2.39214,
	3.03364 2.40292,
	3.04846 2.42448,
	3.05655 2.43527,
	3.07676 2.45144,
	3.08215 2.45683,
	3.10372 2.47165,
	3.1145 2.47704,
	3.13606 2.48109,
	3.15762 2.48109,
	3.17919 2.48783,
	3.18997 2.49322,
	3.19401 2.49861,
	3.19536 2.52017,
	3.19401 2.54173,
	3.18997 2.5633,
	3.18997 2.56869,
	3.18593 2.57947,
	3.18458 2.58486,
	3.17784 2.5916,
	3.15628 2.59564,
	3.1455 2.59699,
	3.12393 2.60373,
	3.08081 2.62394,
	3.06059 2.63742,
	3.04307 2.65898,
	3.01477 2.70076,
	3.01342 2.70615,
	3.00129 2.72771,
	2.99321 2.74928,
	2.99051 2.76006,
	2.97299 2.80318,
	2.9676 2.82475,
	2.96491 2.86787,
	2.95547 2.88944,
	2.95547 2.89213,
	2.93526 2.91369,
	2.92717 2.92448,
	2.91639 2.93391,
	2.911 2.9393,
	2.90561 2.94199,
	2.90291 2.94469,
	2.89213 2.94739,
	2.87057 2.96086,
	2.849 2.9676,
	2.83822 2.97164,
	2.81666 2.97569,
	2.7951 2.98782,
	2.75197 3.00129,
	2.73041 3.00129,
	2.71963 2.99995,
	2.70885 3.00129,
	2.69806 3.00668,
	2.6765 3.00534,
	2.66572 3.00264,
	2.66033 3.00264,
	2.63877 3.01342,
	2.62798 3.01342,
	2.60642 3.00668,
	2.58486 3.00803,
	2.5633 3.00534,
	2.55251 3.00399,
	2.54173 2.99995,
	2.53904 2.99995,
	2.52826 2.99321,
	2.52556 2.99051,
	2.51478 2.99051,
	2.504 2.98782,
	2.48243 2.97299,
	2.47435 2.96221,
	2.47435 2.95951,
	2.47031 2.95412,
	2.46896 2.94334,
	2.46626 2.93795,
	2.46626 2.93256,
	2.46626 2.93121,
	"/>
</Transform>

<Transform dim="0"
 xcoef=" 0 1 0 0 0 0"
 ycoef=" 0 0 1 0 0 0">
<Contour name="d07" hidden="false" closed="true" simplified="true" border="1 0 1" fill="1 0.5 0" mode="11"
 points="1.59162 1.22235,
	1.60644 1.20079,
	1.61048 1.19001,
	1.60914 1.16844,
	1.60914 1.16305,
	1.61318 1.15227,
	1.61992 1.14149,
	1.6307 1.13205,
	1.63609 1.12801,
	1.63878 1.12801,
	1.64148 1.12532,
	1.65226 1.12262,
	1.65765 1.11723,
	1.67921 1.1078,
	1.68461 1.1078,
	1.69539 1.10375,
	1.70078 1.10106,
	1.78703 1.09297,
	1.80859 1.08893,
	1.85172 1.07545,
	1.8625 1.07276,
	1.8652 1.07276,
	1.86789 1.07006,
	1.88945 1.06467,
	1.90023 1.05928,
	1.9218 1.05254,
	1.94336 1.05389,
	1.95414 1.05524,
	1.95953 1.05389,
	1.97031 1.04715,
	1.9811 1.0458,
	1.99188 1.04715,
	1.99727 1.04715,
	1.99996 1.04715,
	2.01075 1.03906,
	2.01614 1.03906,
	2.02153 1.04176,
	2.02692 1.05254,
	2.03635 1.06332,
	2.04174 1.06871,
	2.05118 1.09028,
	2.06061 1.09971,
	2.0633 1.1051,
	2.066 1.1078,
	2.06465 1.12936,
	2.07274 1.15092,
	2.07409 1.17249,
	2.07409 1.17788,
	2.07004 1.18866,
	2.06735 1.19405,
	2.0687 1.20483,
	2.07139 1.21022,
	2.07139 1.23178,
	2.06735 1.25335,
	2.06735 1.25874,
	2.05387 1.2803,
	2.04444 1.29108,
	2.03905 1.29512,
	2.01748 1.29647,
	1.99592 1.28973,
	1.98514 1.28434,
	1.97436 1.28434,
	1.93123 1.29647,
	1.90967 1.30456,
	1.89889 1.30995,
	1.87732 1.31669,
	1.86654 1.31804,
	1.85576 1.31669,
	1.8342 1.30456,
	1.82881 1.30186,
	1.81803 1.30186,
	1.80724 1.3086,
	1.79646 1.30995,
	1.79107 1.3086,
	1.78029 1.30186,
	1.7749 1.29917,
	1.76412 1.29917,
	1.74256 1.30995,
	1.72099 1.3113,
	1.69943 1.30591,
	1.67787 1.29108,
	1.66709 1.28569,
	1.66169 1.28569,
	1.61857 1.26008,
	1.60779 1.25469,
	1.59835 1.24526,
	1.59162 1.23448,
	1.59162 1.2237,
	"/>
</Transform>

<Transform dim="0"
 xcoef=" 0 1 0 0 0 0"
 ycoef=" 0 0 1 0 0 0">
<Contour name="d08" hidden="false" closed="true" simplified="true" border="1 0 0" fill="1 0.5 0" mode="11"
 points="5.6427 2.46497,
	5.64715 2.44121,
	5.662 2.41745,
	5.67091 2.39369,
	5.67685 2.38181,
	5.67685 2.37884,
	5.68724 2.36845,
	5.69912 2.36102,
	5.711 2.35657,
	5.72288 2.35657,
	5.74664 2.34914,
	5.75258 2.34766,
	5.75852 2.3432,
	5.76446 2.33132,
	5.76891 2.32538,
	5.78079 2.31796,
	5.78673 2.31499,
	5.7897 2.31202,
	5.79267 2.31202,
	5.80455 2.30163,
	5.81049 2.29717,
	5.82386 2.27341,
	5.83425 2.26153,
	5.83871 2.24965,
	5.84019 2.24371,
	5.84465 2.23777,
	5.8684 2.22886,
	5.87434 2.22738,
	5.88622 2.21996,
	5.89662 2.20956,
	5.92038 2.19768,
	5.96789 2.19917,
	5.97977 2.19917,
	6.00353 2.19323,
	6.02729 2.19323,
	6.07481 2.19768,
	6.12233 2.19768,
	6.1342 2.19768,
	6.14608 2.20511,
	6.16984 2.20511,
	6.18172 2.20362,
	6.20548 2.19323,
	6.253 2.19174,
	6.26488 2.19323,
	6.28864 2.20214,
	6.30052 2.20511,
	6.34803 2.20511,
	6.37179 2.20362,
	6.38367 2.19917,
	6.38961 2.1962,
	6.40149 2.1962,
	6.40446 2.1962,
	6.42822 2.21253,
	6.43861 2.22293,
	6.45346 2.24668,
	6.47128 2.27044,
	6.49504 2.28232,
	6.5188 2.30311,
	6.53068 2.31054,
	6.5381 2.32241,
	6.53959 2.34617,
	6.54553 2.36993,
	6.54998 2.38181,
	6.55147 2.40557,
	6.54404 2.45309,
	6.53662 2.46497,
	6.52474 2.47239,
	6.52028 2.48427,
	6.51731 2.50803,
	6.51731 2.51397,
	6.52028 2.51991,
	6.52177 2.54367,
	6.52028 2.54961,
	6.51434 2.55555,
	6.50246 2.56,
	6.49059 2.5704,
	6.48613 2.57634,
	6.48613 2.58822,
	6.49504 2.61197,
	6.49653 2.61791,
	6.49949 2.62088,
	6.49801 2.63276,
	6.49356 2.6387,
	6.49504 2.64464,
	6.49949 2.65058,
	6.49801 2.66246,
	6.4891 2.68622,
	6.48168 2.6981,
	6.4594 2.72037,
	6.44752 2.72928,
	6.44158 2.73225,
	6.43564 2.73225,
	6.4297 2.73522,
	6.38219 2.73374,
	6.35843 2.73522,
	6.34655 2.73819,
	6.32279 2.75156,
	6.31091 2.75601,
	6.28715 2.75898,
	6.27527 2.76047,
	6.25151 2.76789,
	6.204 2.7768,
	6.18024 2.78571,
	6.15648 2.79016,
	6.10896 2.79165,
	6.09708 2.79462,
	6.09114 2.7961,
	6.0852 2.80056,
	6.07332 2.80056,
	6.04956 2.79165,
	6.02581 2.77977,
	5.97829 2.76344,
	5.95453 2.76344,
	5.93077 2.76641,
	5.91889 2.76789,
	5.89513 2.76492,
	5.87137 2.75453,
	5.86543 2.75304,
	5.86246 2.75007,
	5.83871 2.73968,
	5.81495 2.72631,
	5.80307 2.71592,
	5.79119 2.70849,
	5.76743 2.68919,
	5.74367 2.67286,
	5.73476 2.66098,
	5.73031 2.6491,
	5.72882 2.64316,
	5.72882 2.64019,
	5.71843 2.63128,
	5.71249 2.62979,
	5.70061 2.6194,
	5.6917 2.60752,
	5.68724 2.59564,
	5.68724 2.57188,
	5.68279 2.54812,
	5.67833 2.53624,
	5.67091 2.52436,
	5.64864 2.50358,
	5.64418 2.49764,
	5.6427 2.47388,
	5.6427 2.46794,
	5.6427 2.46645,
	"/>
</Transform>

<Transform dim="0"
 xcoef=" 0 1 0 0 0 0"
 ycoef=" 0 0 1 0 0 0">
<Contour name="d08" hidden="false" closed="true" simplified="true" border="1 0 0" fill="1 0.5 0" mode="11"
 points="6.54875 3.4226,
	6.55171 3.41075,
	6.5532 3.40482,
	6.55913 3.39889,
	6.57098 3.39889,
	6.57691 3.40037,
	6.57988 3.40333,
	6.59174 3.40185,
	6.59767 3.39889,
	6.60063 3.39592,
	6.61249 3.39592,
	6.61842 3.39592,
	6.63028 3.40185,
	6.64213 3.40482,
	6.66585 3.40482,
	6.68957 3.41075,
	6.7118 3.42705,
	6.72218 3.43743,
	6.72811 3.44336,
	6.73552 3.45521,
	6.73404 3.47893,
	6.72959 3.48486,
	6.72959 3.49079,
	6.73848 3.50116,
	6.73848 3.50709,
	6.73552 3.51302,
	6.72959 3.51895,
	6.70587 3.52043,
	6.69401 3.5234,
	6.6703 3.52192,
	6.66437 3.51895,
	6.64065 3.52043,
	6.62879 3.52488,
	6.62286 3.52785,
	6.61693 3.52785,
	6.60508 3.52043,
	6.59915 3.51599,
	6.57543 3.51154,
	6.5695 3.50858,
	6.55913 3.49672,
	6.55913 3.48486,
	6.55913 3.47893,
	6.56209 3.473,
	6.56802 3.46855,
	6.56654 3.4567,
	6.56505 3.45077,
	6.55468 3.44039,
	6.54875 3.43594,
	6.54875 3.42409,
	"/>
</Transform>

<Transform dim="0"
 xcoef=" 0 1 0 0 0 0"
 ycoef=" 0 0 1 0 0 0">
<Contour name="d10" hidden="false" closed="true" simplified="true" border="0 1 1" fill="1 0.5 0" mode="11"
 points="5.01421 6.62403,
	5.0208 6.61743,
	5.04719 6.60918,
	5.05709 6.59764,
	5.07029 6.59104,
	5.08348 6.58774,
	5.09008 6.58774,
	5.09668 6.58444,
	5.09997 6.58444,
	5.11317 6.57455,
	5.11977 6.56795,
	5.13296 6.56135,
	5.18574 6.563,
	5.19894 6.57125,
	5.20719 6.59764,
	5.21049 6.61083,
	5.19894 6.62403,
	5.20059 6.65042,
	5.18904 6.66197,
	5.17585 6.66361,
	5.16265 6.66197,
	5.15605 6.66197,
	5.12966 6.65372,
	5.11647 6.64877,
	5.09008 6.65042,
	5.0373 6.64712,
	5.0241 6.64382,
	5.0175 6.64052,
	5.01421 6.63887,
	5.01421 6.62568,
	"/>
</Transform>

<Transform dim="0"
 xcoef=" 0 1 0 0 0 0"
 ycoef=" 0 0 1 0 0 0">
<Contour name="d10" hidden="false" closed="true" simplified="true" border="0 1 1" fill="1 0.5 0" mode="11"
 points="6.09787 7.09081,
	6.10282 7.08421,
	6.10447 7.08092,
	6.13086 7.08256,
	6.15725 7.08751,
	6.18364 7.09576,
	6.19683 7.10071,
	6.21003 7.11225,
	6.22982 7.13864,
	6.25456 7.19143,
	6.25951 7.20462,
	6.26116 7.23101,
	6.25951 7.2574,
	6.25456 7.2706,
	6.25456 7.2739,
	6.24466 7.28544,
	6.24137 7.28874,
	6.23477 7.28874,
	6.23147 7.28709,
	6.23312 7.2739,
	6.23972 7.2607,
	6.23972 7.24751,
	6.23477 7.23431,
	6.22157 7.22112,
	6.20838 7.21122,
	6.19518 7.20627,
	6.18858 7.20297,
	6.18529 7.20297,
	6.17209 7.19308,
	6.149 7.16668,
	6.13745 7.15349,
	6.13251 7.14029,
	6.12426 7.1271,
	6.09787 7.10566,
	6.09787 7.09246,
	"/>
</Transform>

<Transform dim="0"
 xcoef=" 0 1 0 0 0 0"
 ycoef=" 0 0 1 0 0 0">
<Contour name="d10" hidden="false" closed="true" simplified="true" border="0 1 1" fill="1 0.5 0" mode="11"
 points="5.51563 6.57125,
	5.54037 6.54651,
	5.55356 6.53991,
	5.56676 6.53826,
	5.57336 6.53496,
	5.5915 6.50857,
	5.60634 6.48218,
	5.60964 6.47888,
	5.60964 6.46569,
	5.59975 6.45249,
	5.5981 6.4261,
	5.6014 6.4129,
	5.61294 6.40136,
	5.61954 6.40136,
	5.62614 6.39806,
	5.63933 6.38486,
	5.65253 6.37497,
	5.65912 6.37167,
	5.66242 6.37167,
	5.66572 6.36837,
	5.7185 6.34528,
	5.7317 6.34033,
	5.75809 6.34033,
	5.77128 6.34198,
	5.78448 6.33538,
	5.79767 6.32549,
	5.80427 6.32219,
	5.83066 6.32384,
	5.85705 6.33208,
	5.90983 6.33043,
	5.91643 6.32878,
	5.92963 6.31889,
	5.93623 6.31394,
	5.93952 6.31064,
	5.96591 6.31064,
	5.97911 6.31394,
	6.0055 6.31064,
	6.03189 6.31229,
	6.04509 6.31229,
	6.05168 6.31229,
	6.06488 6.31724,
	6.07807 6.31889,
	6.10447 6.31394,
	6.13086 6.31394,
	6.15725 6.31064,
	6.18364 6.31229,
	6.21003 6.31724,
	6.23642 6.32714,
	6.24631 6.34033,
	6.25126 6.35353,
	6.25456 6.37992,
	6.25951 6.39311,
	6.26776 6.40631,
	6.27106 6.4195,
	6.2859 6.44589,
	6.2991 6.45909,
	6.31229 6.46734,
	6.32054 6.48053,
	6.32549 6.49373,
	6.32714 6.54651,
	6.32714 6.5597,
	6.32384 6.5729,
	6.31724 6.58609,
	6.31394 6.59269,
	6.30074 6.60424,
	6.29415 6.60589,
	6.26776 6.62733,
	6.26281 6.63393,
	6.26446 6.66032,
	6.26611 6.67351,
	6.26281 6.68671,
	6.26116 6.6933,
	6.24961 6.7065,
	6.23642 6.7164,
	6.22982 6.71969,
	6.22322 6.71969,
	6.21003 6.72629,
	6.19683 6.73619,
	6.17044 6.74609,
	6.15725 6.75103,
	6.13086 6.77248,
	6.10447 6.78732,
	6.09787 6.78897,
	6.08467 6.79722,
	6.07148 6.80217,
	6.06488 6.80711,
	6.03849 6.81536,
	5.98571 6.82526,
	5.93293 6.84505,
	5.90654 6.84835,
	5.88015 6.8467,
	5.86695 6.8434,
	5.84056 6.82691,
	5.83726 6.82691,
	5.82407 6.81866,
	5.81087 6.81536,
	5.80427 6.81206,
	5.79603 6.78567,
	5.78778 6.77248,
	5.76304 6.75433,
	5.74984 6.75103,
	5.73665 6.74114,
	5.72675 6.72794,
	5.71355 6.71969,
	5.70366 6.7065,
	5.67727 6.68671,
	5.66407 6.67681,
	5.65418 6.66361,
	5.64098 6.65207,
	5.63768 6.64877,
	5.61129 6.64382,
	5.5981 6.64052,
	5.5849 6.64052,
	5.57171 6.63722,
	5.54532 6.62073,
	5.53212 6.60754,
	5.51892 6.59764,
	5.51563 6.59434,
	5.51563 6.58114,
	5.51563 6.57455,
	5.51563 6.5729,
	"/>
</Transform>

<Transform dim="0"
 xcoef=" 0 1 0 0 0 0"
 ycoef=" 0 0 1 0 0 0">
<Contour name="d10" hidden="false" closed="true" simplified="true" border="0 1 1" fill="1 0.5 0" mode="11"
 points="4.55237 6.75928,
	4.55897 6.75268,
	4.58536 6.73784,
	4.60845 6.71145,
	4.62165 6.6999,
	4.64804 6.68671,
	4.67443 6.67846,
	4.68762 6.67186,
	4.71401 6.66526,
	4.7404 6.66361,
	4.76679 6.65867,
	4.79318 6.65042,
	4.79978 6.65042,
	4.82617 6.64217,
	4.87895 6.64217,
	4.90534 6.63722,
	4.95813 6.63887,
	4.97132 6.64217,
	4.99771 6.64382,
	5.0241 6.64877,
	5.05049 6.65702,
	5.06369 6.66197,
	5.09008 6.66361,
	5.10327 6.66526,
	5.11482 6.67351,
	5.12801 6.67516,
	5.14121 6.68176,
	5.14781 6.68671,
	5.15276 6.6999,
	5.15605 6.7065,
	5.15441 6.73289,
	5.14781 6.74609,
	5.14121 6.75268,
	5.11482 6.76918,
	5.10162 6.78072,
	5.09503 6.78732,
	5.08183 6.79557,
	5.07358 6.80876,
	5.07029 6.81536,
	5.05709 6.82691,
	5.04389 6.83185,
	5.03895 6.83845,
	5.0274 6.86484,
	5.01421 6.87639,
	5.00761 6.87969,
	4.95483 6.87804,
	4.92844 6.87804,
	4.90205 6.88299,
	4.88885 6.88299,
	4.88225 6.88299,
	4.87565 6.87969,
	4.82287 6.87969,
	4.77009 6.86979,
	4.71731 6.86979,
	4.66453 6.86649,
	4.63814 6.86484,
	4.62494 6.86154,
	4.61175 6.8533,
	4.6002 6.84175,
	4.58206 6.81536,
	4.55732 6.79062,
	4.55237 6.77742,
	4.55237 6.76423,
	4.55237 6.76093,
	"/>
</Transform>

<Transform dim="0"
 xcoef=" 0 1 0 0 0 0"
 ycoef=" 0 0 1 0 0 0">
<Contour name="d01" hidden="false" closed="true" simplified="true" border="1 1 0" fill="1 0.5 0" mode="11"
 points="0.925768 4.83049,
	0.967932 4.77183,
	0.986264 4.7425,
	0.98993 4.73517,
	1.0046 4.72233,
	1.01926 4.71317,
	1.07792 4.71317,
	1.10726 4.71683,
	1.11459 4.7205,
	1.12192 4.72783,
	1.14025 4.75716,
	1.14575 4.77183,
	1.14392 4.80116,
	1.13842 4.83049,
	1.13842 4.83416,
	1.11092 4.86349,
	1.10176 4.87816,
	1.09809 4.89282,
	1.09076 4.90749,
	1.08709 4.91482,
	1.07242 4.92949,
	1.05776 4.93865,
	0.999096 4.94048,
	0.969765 4.93498,
	0.955099 4.92582,
	0.940434 4.91299,
	0.931268 4.89832,
	0.925768 4.86899,
	0.925768 4.83966,
	0.925768 4.83233,
	"/>
</Transform>

<Transform dim="0"
 xcoef=" 0 1 0 0 0 0"
 ycoef=" 0 0 1 0 0 0">
<Contour name="d01" hidden="false" closed="true" simplified="true" border="1 1 0" fill="1 0.5 0" mode="11"
 points="0.925768 4.83049,
	0.967932 4.77183,
	0.986264 4.7425,
	0.98993 4.73517,
	1.0046 4.72233,
	1.01926 4.71317,
	1.07792 4.71317,
	1.10726 4.71683,
	1.11459 4.7205,
	1.12192 4.72783,
	1.14025 4.75716,
	1.14575 4.77183,
	1.14392 4.80116,
	1.13842 4.83049,
	1.13842 4.83416,
	1.11092 4.86349,
	1.10176 4.87816,
	1.09809 4.89282,
	1.09076 4.90749,
	1.08709 4.91482,
	1.07242 4.92949,
	1.05776 4.93865,
	0.999096 4.94048,
	0.969765 4.93498,
	0.955099 4.92582,
	0.940434 4.91299,
	0.931268 4.89832,
	0.925768 4.86899,
	0.925768 4.83966,
	0.925768 4.83233,
	"/>
<Contour name="d01c29" hidden="false" closed="true" simplified="true" border="1 0 0" fill="1 0 0" mode="11"
 points="0.934934 4.81033,
	0.9386 4.80299,
	0.951433 4.78833,
	0.958766 4.77366,
	0.978931 4.74433,
	0.98993 4.72967,
	1.01926 4.71317,
	1.04859 4.71133,
	1.07792 4.71867,
	1.08526 4.72233,
	1.09992 4.737,
	1.11092 4.75166,
	1.12559 4.7645,
	1.12742 4.79383,
	1.12375 4.80849,
	1.11459 4.82316,
	1.10726 4.83049,
	1.09259 4.83599,
	1.06326 4.85616,
	1.03393 4.86899,
	1.01926 4.87266,
	0.98993 4.87266,
	0.960599 4.85982,
	0.945933 4.85249,
	0.936767 4.83783,
	0.934934 4.82316,
	0.934934 4.81583,
	0.934934 4.81216,
	"/>
</Transform>

<Transform dim="1"
 xcoef=" 0 1 0 0 0 0"
 ycoef=" -0.01 0 1 0 0 0">
<Contour name="d01cfa29" hidden="false" closed="true" simplified="true" border="0 0 1" fill="1 0 0" mode="11"
 points="0.934934 4.81033,
	0.9386 4.80299,
	0.951433 4.78833,
	0.958766 4.77366,
	0.978931 4.74433,
	0.98993 4.72967,
	1.01926 4.71317,
	1.04859 4.71133,
	1.07792 4.71867,
	1.08526 4.72233,
	1.09992 4.737,
	1.11092 4.75166,
	1.12559 4.7645,
	1.12742 4.79383,
	1.12375 4.80849,
	1.11459 4.82316,
	1.10726 4.83049,
	1.09259 4.83599,
	1.06326 4.85616,
	1.03393 4.86899,
	1.01926 4.87266,
	0.98993 4.87266,
	0.960599 4.85982,
	0.945933 4.85249,
	0.936767 4.83783,
	0.934934 4.82316,
	0.934934 4.81583,
	0.934934 4.81216,
	"/>
</Transform>

<Transform dim="0"
 xcoef=" 0 1 0 0 0 0"
 ycoef=" 0 0 1 0 0 0">
<Contour name="d02c12" hidden="false" closed="true" simplified="true" border="1 0 0" fill="1 0 0" mode="11"
 points="3.30026 3.27116,
	3.31481 3.25419,
	3.35361 3.22024,
	3.35846 3.21539,
	3.36816 3.21297,
	3.40696 3.18872,
	3.42393 3.16932,
	3.44333 3.15719,
	3.46273 3.15962,
	3.48213 3.17174,
	3.50395 3.21054,
	3.4991 3.22024,
	3.4797 3.23964,
	3.44333 3.27116,
	3.42635 3.28814,
	3.42151 3.29299,
	3.34391 3.29541,
	3.32451 3.29299,
	3.30511 3.28571,
	3.30026 3.28086,
	3.30026 3.27359,
	"/>
</Transform>

<Transform dim="1"
 xcoef=" -0.01 1 0 0 0 0"
 ycoef=" 0 0 1 0 0 0">
<Contour name="d02cfa12" hidden="false" closed="true" simplified="true" border="0 0 1" fill="1 0 0" mode="11"
 points="3.30026 3.27116,
	3.31481 3.25419,
	3.35361 3.22024,
	3.35846 3.21539,
	3.36816 3.21297,
	3.40696 3.18872,
	3.42393 3.16932,
	3.44333 3.15719,
	3.46273 3.15962,
	3.48213 3.17174,
	3.50395 3.21054,
	3.4991 3.22024,
	3.4797 3.23964,
	3.44333 3.27116,
	3.42635 3.28814,
	3.42151 3.29299,
	3.34391 3.29541,
	3.32451 3.29299,
	3.30511 3.28571,
	3.30026 3.28086,
	3.30026 3.27359,
	"/>
</Transform>

<Transform dim="0"
 xcoef=" 0 1 0 0 0 0"
 ycoef=" 0 0 1 0 0 0">
<Contour name="d02cfa12" hidden="false" closed="false" simplified="false" border="0 0 1" fill="1 0 0" mode="11"
 points="3.33082 3.28283,
	3.33567 3.28283,
	3.37447 3.28768,
	3.41812 3.28526,
	3.43509 3.26829,
	3.47874 3.23434,
	3.49086 3.21251,
	3.48601 3.18584,
	"/>
</Transform>

<Transform dim="0"
 xcoef=" 0 1 0 0 0 0"
 ycoef=" 0 0 1 0 0 0">
<Contour name="d03c25" hidden="false" closed="true" simplified="true" border="1 0 0" fill="1 0 0" mode="11"
 points="0.948083 4.53937,
	0.958664 4.52244,
	0.986176 4.48858,
	1.00311 4.47588,
	1.00945 4.46953,
	1.01369 4.4526,
	1.01792 4.44414,
	1.01792 4.43991,
	1.02638 4.43356,
	1.04331 4.43144,
	1.04755 4.43991,
	1.04755 4.45684,
	1.03697 4.47377,
	1.03273 4.478,
	1.02427 4.51186,
	1.02004 4.52879,
	1.01157 4.54572,
	1.00311 4.55207,
	1.00099 4.55418,
	1.00311 4.5563,
	0.969245 4.569,
	0.952315 4.56688,
	0.948083 4.56265,
	0.948083 4.54572,
	0.948083 4.54149,
	"/>
</Transform>

<Transform dim="0"
 xcoef=" 0 1 0 0 0 0"
 ycoef=" 0 0 1 0 0 0">
<Contour name="d03cfa25" hidden="false" closed="false" simplified="false" border="0 0 1" fill="1 0 0" mode="11"
 points="0.962238 4.5637,
	1.00456 4.51503,
	1.02784 4.46212,
	1.03631 4.4325,
	"/>
</Transform>

<Transform dim="0"
 xcoef=" 0 1 0 0 0 0"
 ycoef=" 0 0 1 0 0 0">
<Contour name="d03c26" hidden="false" closed="true" simplified="true" border="1 0 0" fill="0 1 0" mode="11"
 points="2.19667 2.94371,
	2.2136 2.93525,
	2.24746 2.93313,
	2.26439 2.93313,
	2.28132 2.93736,
	2.28979 2.9416,
	2.29402 2.9416,
	2.30249 2.95006,
	2.3046 2.95853,
	2.3046 2.96276,
	2.29825 2.96699,
	2.30037 2.97122,
	2.23265 2.97546,
	2.21572 2.97334,
	2.20726 2.96911,
	2.19879 2.96064,
	2.19667 2.94583,
	"/>
</Transform>

<Transform dim="0"
 xcoef=" 0 1 0 0 0 0"
 ycoef=" 0 0 1 0 0 0">
<Contour name="d04p29" hidden="false" closed="true" simplified="false" border="1 0 0" fill="0 1 1" mode="11"
 points="1.83144 4.19617,
	1.84339 4.18422,
	1.79558 4.1364,
	1.80753 4.12445,
	1.85535 4.17226,
	1.8673 4.16031,
	1.8673 4.19617,
	"/>
</Transform>

<Transform dim="0"
 xcoef=" 0 1 0 0 0 0"
 ycoef=" 0 0 1 0 0 0">
<Contour name="d04c29b" hidden="false" closed="true" simplified="true" border="1 0 0" fill="1 0 0" mode="11"
 points="0.700895 5.12655,
	0.708405 5.11653,
	0.72843 5.11653,
	0.738443 5.11904,
	0.818545 5.16159,
	0.858597 5.18913,
	0.938699 5.25671,
	0.956221 5.27173,
	0.961228 5.27674,
	0.958724 5.29676,
	0.918673 5.29426,
	0.898648 5.28675,
	0.738443 5.18412,
	0.700895 5.15158,
	0.700895 5.13155,
	0.700895 5.12905,
	"/>
</Transform>

<Transform dim="0"
 xcoef=" 0 1 0 0 0 0"
 ycoef=" 0 0 1 0 0 0">
<Contour name="d04cfa29b" hidden="false" closed="false" simplified="false" border="0 0 1" fill="0 0 1" mode="11"
 points="0.946789 5.29166,
	0.698973 5.12395,
	"/>
</Transform>

<Transform dim="0"
 xcoef=" 0 1 0 0 0 0"
 ycoef=" 0 0 1 0 0 0">
<Contour name="d05p33" hidden="false" closed="true" simplified="false" border="0 0 1" fill="0 1 1" mode="11"
 points="4.88091 4.78257,
	4.89353 4.76996,
	4.84308 4.71951,
	4.85569 4.7069,
	4.90614 4.75735,
	4.91875 4.74473,
	4.91875 4.78257,
	"/>
</Transform>

<Transform dim="0"
 xcoef=" 0 1 0 0 0 0"
 ycoef=" 0 0 1 0 0 0">
<Contour name="d05c36" hidden="false" closed="true" simplified="true" border="1 0 0" fill="0 1 1" mode="11"
 points="4.86183 4.01685,
	4.86746 4.01122,
	4.91245 3.99576,
	4.93494 3.99435,
	4.95744 3.99576,
	5.00243 4.00841,
	5.02492 4.00982,
	5.04742 4.00841,
	5.06991 4.00279,
	5.09241 4.00279,
	5.1374 4.01122,
	5.1599 4.01544,
	5.17114 4.01544,
	5.18239 4.01825,
	5.1852 4.02106,
	5.19083 4.02247,
	5.19645 4.02669,
	5.19786 4.03231,
	5.19645 4.03794,
	5.19645 4.04075,
	5.19083 4.04497,
	5.16833 4.05481,
	5.15708 4.06184,
	5.14584 4.06324,
	5.10085 4.05762,
	5.07835 4.05481,
	5.05586 4.05481,
	5.04461 4.05481,
	5.03336 4.05762,
	5.02774 4.05762,
	5.01649 4.06184,
	4.9715 4.06324,
	4.949 4.06184,
	4.90401 4.04918,
	4.88152 4.04215,
	4.87027 4.03794,
	4.86464 4.03372,
	4.86183 4.03091,
	4.86183 4.01966,
	4.86183 4.01825,
	"/>
</Transform>

<Transform dim="0"
 xcoef=" 0 1 0 0 0 0"
 ycoef=" 0 0 1 0 0 0">
<Contour name="d05cfa36" hidden="false" closed="false" simplified="false" border="0 0 1" fill="0 1 1" mode="11"
 points="5.19024 4.02656,
	5.17618 4.02656,
	5.14665 4.02656,
	5.10307 4.02093,
	5.06792 4.02374,
	5.03277 4.02796,
	4.97794 4.02656,
	4.9217 4.01953,
	4.86265 4.01671,
	"/>
</Transform>

<Transform dim="0"
 xcoef=" 0 1 0 0 0 0"
 ycoef=" 0 0 1 0 0 0">
<Contour name="d07" hidden="false" closed="true" simplified="true" border="1 0 1" fill="1 0.5 0" mode="11"
 points="3.0175 2.21283,
	3.01915 2.20624,
	3.02575 2.19964,
	3.05213 2.1947,
	3.07851 2.19305,
	3.10489 2.1881,
	3.15766 2.18645,
	3.17085 2.18315,
	3.17745 2.17986,
	3.18074 2.17986,
	3.20713 2.16337,
	3.23351 2.16502,
	3.25989 2.16337,
	3.28627 2.15842,
	3.29287 2.15512,
	3.31925 2.15512,
	3.33244 2.15512,
	3.34563 2.15183,
	3.35223 2.14853,
	3.35883 2.14193,
	3.41159 2.12379,
	3.42478 2.1172,
	3.43797 2.1139,
	3.45116 2.1073,
	3.46436 2.10401,
	3.47755 2.09576,
	3.50393 2.06938,
	3.53031 2.05949,
	3.5567 2.04135,
	3.56824 2.02816,
	3.57648 2.01497,
	3.58143 2.00837,
	3.59462 2.00672,
	3.60122 2.00837,
	3.60122 2.03475,
	3.60286 2.04794,
	3.60781 2.05454,
	3.60946 2.06114,
	3.60781 2.06773,
	3.59957 2.08092,
	3.59792 2.08752,
	3.59957 2.1139,
	3.59462 2.12709,
	3.58967 2.13369,
	3.58473 2.16007,
	3.55834 2.18151,
	3.52866 2.23427,
	3.51053 2.26065,
	3.50228 2.27384,
	3.49074 2.28539,
	3.47755 2.29033,
	3.45116 2.29198,
	3.42478 2.28704,
	3.37202 2.27055,
	3.34563 2.259,
	3.33244 2.25406,
	3.32585 2.25406,
	3.31266 2.24746,
	3.28627 2.22932,
	3.27308 2.22273,
	3.22032 2.22438,
	3.19394 2.23262,
	3.08841 2.23427,
	3.06202 2.23592,
	3.04883 2.23592,
	3.03564 2.23262,
	3.02245 2.22438,
	3.0175 2.21778,
	3.0175 2.21448,
	"/>
</Transform>

<Transform dim="0"
 xcoef=" 0 1 0 0 0 0"
 ycoef=" 0 0 1 0 0 0">
<Contour name="d07p35" hidden="false" closed="true" simplified="false" border="0 0 1" fill="1 0 1" mode="11"
 points="2.75981 2.18198,
	2.75981 2.16368,
	2.77811 2.14538,
	2.79641 2.14538,
	2.81471 2.16368,
	2.81471 2.18198,
	2.79641 2.20028,
	2.77811 2.20028,
	"/>
</Transform>

<Transform dim="0"
 xcoef=" 0 1 0 0 0 0"
 ycoef=" 0 0 1 0 0 0">
<Contour name="d07c36" hidden="false" closed="true" simplified="true" border="1 0 0" fill="1 0 0" mode="11"
 points="2.96844 2.72943,
	2.97959 2.70394,
	2.98118 2.69756,
	3.01464 2.64658,
	3.03058 2.62108,
	3.05129 2.59559,
	3.06404 2.58444,
	3.08953 2.57647,
	3.10228 2.57647,
	3.10865 2.57647,
	3.1214 2.58444,
	3.13415 2.59718,
	3.13733 2.60993,
	3.13574 2.62268,
	3.12459 2.63383,
	3.09909 2.64498,
	3.0736 2.6657,
	3.05129 2.69119,
	3.04014 2.70394,
	3.0258 2.72943,
	3.02898 2.73102,
	3.02261 2.74377,
	3.01464 2.76927,
	3.01146 2.77564,
	2.99871 2.7852,
	2.98596 2.7852,
	2.97322 2.77723,
	2.97003 2.77086,
	2.96844 2.74536,
	2.96844 2.73262,
	2.96844 2.73102,
	"/>
</Transform>

<Transform dim="0"
 xcoef=" 0 1 0 0 0 0"
 ycoef=" 0 0 1 0 0 0">
<Contour name="d07cfa36" hidden="false" closed="false" simplified="false" border="0 0 1" fill="0 0 1" mode="11"
 points="2.99257 2.782,
	3.00706 2.7482,
	3.03844 2.69267,
	3.05897 2.65525,
	3.10243 2.62386,
	3.13381 2.60334,
	"/>
</Transform>

<Transform dim="0"
 xcoef=" 0 1 0 0 0 0"
 ycoef=" 0 0 1 0 0 0">
<Contour name="d03cfa26" hidden="false" closed="false" simplified="false" border="0 0 1" fill="0 0 1" mode="11"
 points="2.19607 2.95096,
	2.30319 2.94814,
	"/>
</Transform>

<Transform dim="0"
 xcoef=" 0 1 0 0 0 0"
 ycoef=" 0 0 1 0 0 0">
<Contour name="d01ser" hidden="false" closed="true" simplified="true" border="0.251 0.502 0.502" fill="0 0.502 0.502" mode="-9"
 points="2.0969 4.86723,
	2.10497 4.86522,
	2.11908 4.87933,
	2.12715 4.88538,
	2.15941 4.88538,
	2.17554 4.88538,
	2.19167 4.89143,
	2.19167 4.89949,
	2.18763 4.90756,
	2.17957 4.91159,
	2.16344 4.91159,
	2.15537 4.91159,
	2.14731 4.91764,
	2.13924 4.91764,
	2.12311 4.90756,
	2.10698 4.89344,
	2.10093 4.88538,
	2.0969 4.88135,
	2.0969 4.87328,
	2.0969 4.86925,
	"/>
</Transform>

<Transform dim="0"
 xcoef=" 0 1 0 0 0 0"
 ycoef=" 0 0 1 0 0 0">
<Contour name="d01ser" hidden="false" closed="true" simplified="true" border="0.251 0.502 0.502" fill="0 0.502 0.502" mode="-9"
 points="1.66139 4.58899,
	1.67752 4.58294,
	1.69365 4.58294,
	1.70172 4.58496,
	1.70575 4.59302,
	1.70575 4.60109,
	1.6997 4.60915,
	1.69164 4.61318,
	1.67551 4.61117,
	1.66744 4.60714,
	1.66139 4.59907,
	1.66139 4.59101,
	"/>
</Transform>

<Transform dim="0"
 xcoef=" 0 1 0 0 0 0"
 ycoef=" 0 0 1 0 0 0">
<Contour name="d01ser" hidden="false" closed="true" simplified="true" border="0.251 0.502 0.502" fill="0 0.502 0.502" mode="-9"
 points="1.61099 4.71198,
	1.61905 4.70795,
	1.63518 4.70996,
	1.65131 4.71601,
	1.65938 4.71803,
	1.66542 4.72609,
	1.66542 4.73416,
	1.65736 4.74021,
	1.6251 4.74626,
	1.62107 4.74626,
	1.61502 4.73819,
	1.61099 4.72206,
	1.61099 4.714,
	"/>
</Transform>

<Transform dim="0"
 xcoef=" 0 1 0 0 0 0"
 ycoef=" 0 0 1 0 0 0">
<Contour name="d01ser" hidden="false" closed="true" simplified="true" border="0.251 0.502 0.502" fill="0 0.502 0.502" mode="-9"
 points="2.04246 4.90352,
	2.05859 4.90151,
	2.06666 4.90352,
	2.08077 4.91764,
	2.08077 4.9257,
	2.07069 4.93982,
	2.06263 4.9378,
	2.04851 4.92369,
	2.04246 4.91562,
	2.04246 4.90756,
	2.04246 4.90554,
	"/>
</Transform>

<Transform dim="0"
 xcoef=" 0 1 0 0 0 0"
 ycoef=" 0 0 1 0 0 0">
<Contour name="d02" hidden="false" closed="true" simplified="true" border="0.502 0 1" fill="1 0.5 0" mode="11"
 points="3.01046 2.28557,
	3.0237 2.27233,
	3.03032 2.26571,
	3.0568 2.25412,
	3.07004 2.25081,
	3.123 2.2475,
	3.14948 2.24419,
	3.20244 2.25081,
	3.20906 2.25081,
	3.21237 2.25247,
	3.23885 2.24088,
	3.25209 2.23592,
	3.26533 2.23923,
	3.27195 2.23923,
	3.32491 2.2624,
	3.35139 2.27233,
	3.40435 2.29715,
	3.51028 2.31039,
	3.53676 2.31205,
	3.54338 2.3137,
	3.55496 2.32529,
	3.56986 2.35177,
	3.57482 2.37825,
	3.57648 2.39149,
	3.58972 2.41797,
	3.59799 2.43121,
	3.59965 2.43452,
	3.59799 2.44776,
	3.59965 2.461,
	3.62447 2.51396,
	3.62613 2.5272,
	3.63109 2.54044,
	3.63606 2.54706,
	3.63771 2.57354,
	3.64268 2.58016,
	3.64764 2.58347,
	3.64433 2.59671,
	3.6344 2.60995,
	3.62116 2.61988,
	3.5682 2.64305,
	3.55496 2.64967,
	3.52848 2.65464,
	3.47552 2.65795,
	3.3696 2.65464,
	3.34312 2.65464,
	3.31664 2.65133,
	3.3034 2.64802,
	3.29016 2.6414,
	3.26368 2.61823,
	3.25044 2.60499,
	3.24382 2.59837,
	3.21568 2.5454,
	3.21072 2.53216,
	3.20741 2.50568,
	3.20244 2.49244,
	3.19913 2.48582,
	3.14617 2.46596,
	3.11969 2.45603,
	3.10645 2.45107,
	3.09983 2.44941,
	3.07335 2.42293,
	3.05846 2.39645,
	3.0568 2.38983,
	3.03032 2.36335,
	3.01874 2.35011,
	3.01212 2.32363,
	3.01046 2.29715,
	3.01046 2.29053,
	3.01046 2.28722,
	"/>
<Contour name="d02ser" hidden="false" closed="true" simplified="true" border="0.251 0.502 0.502" fill="0 0.502 0.502" mode="-9"
 points="3.59965 2.55865,
	3.60627 2.5454,
	3.61123 2.53878,
	3.61785 2.53547,
	3.62447 2.53547,
	3.62778 2.53547,
	3.63275 2.54871,
	3.6344 2.5752,
	3.64102 2.58182,
	3.64102 2.58844,
	3.64102 2.59175,
	3.62778 2.59506,
	3.62116 2.59506,
	3.6162 2.59009,
	3.60958 2.58844,
	3.60627 2.58844,
	3.6013 2.58182,
	3.59965 2.56858,
	3.59965 2.56196,
	3.59965 2.5603,
	"/>
</Transform>

<Transform dim="0"
 xcoef=" 0 1 0 0 0 0"
 ycoef=" 0 0 1 0 0 0">
<Contour name="d02ser" hidden="false" closed="true" simplified="true" border="0.251 0.502 0.502" fill="0 0.502 0.502" mode="-9"
 points="3.42918 2.37494,
	3.4358 2.37163,
	3.43084 2.35839,
	3.43249 2.35177,
	3.43911 2.34846,
	3.44077 2.33522,
	3.44077 2.33191,
	3.44739 2.32694,
	3.47387 2.33191,
	3.48711 2.33356,
	3.49869 2.34515,
	3.50531 2.35011,
	3.51855 2.35342,
	3.52352 2.36666,
	3.52352 2.37328,
	3.51193 2.38487,
	3.50531 2.38818,
	3.502 2.39149,
	3.49538 2.39314,
	3.49207 2.39645,
	3.46559 2.39645,
	3.45235 2.3948,
	3.43911 2.38983,
	3.43249 2.38652,
	3.42918 2.3799,
	3.42918 2.37659,
	"/>
</Transform>

<Transform dim="0"
 xcoef=" 0 1 0 0 0 0"
 ycoef=" 0 0 1 0 0 0">
<Contour name="d01MT1" hidden="false" closed="true" simplified="false" border="1 0.501961 0" fill="1 0.498039 0" mode="-9"
 points="1.91274 5.04903,
	1.91274 5.04317,
	1.91859 5.03732,
	1.92445 5.03732,
	1.93031 5.04317,
	1.93031 5.04903,
	1.92445 5.05489,
	1.91859 5.05489,
	"/>
</Transform>

<Transform dim="0"
 xcoef=" 0 1 0 0 0 0"
 ycoef=" 0 0 1 0 0 0">
<Contour name="d01MT3" hidden="false" closed="true" simplified="false" border="1 0.501961 0" fill="1 0.498039 0" mode="-9"
 points="1.99908 4.7795,
	1.99908 4.77284,
	2.00575 4.76617,
	2.01242 4.76617,
	2.01908 4.77284,
	2.01908 4.7795,
	2.01242 4.78617,
	2.00575 4.78617,
	"/>
</Transform>

<Transform dim="0"
 xcoef=" 0 1 0 0 0 0"
 ycoef=" 0 0 1 0 0 0">
<Contour name="d01MT5" hidden="false" closed="true" simplified="false" border="1 0.502 0" fill="1 0.498 0" mode="-9"
 points="1.81477 5.01841,
	1.81477 5.01184,
	1.82134 5.00527,
	1.8279 5.00527,
	1.83447 5.01184,
	1.83447 5.01841,
	1.8279 5.02497,
	1.82134 5.02497,
	"/>
</Transform>

<Transform dim="0"
 xcoef=" 0 1 0 0 0 0"
 ycoef=" 0 0 1 0 0 0">
<Contour name="d01MT6" hidden="false" closed="true" simplified="false" border="1 0.502 0" fill="1 0.498 0" mode="-9"
 points="1.71522 4.81315,
	1.71522 4.80731,
	1.72107 4.80146,
	1.72692 4.80146,
	1.73277 4.80731,
	1.73277 4.81315,
	1.72692 4.819,
	1.72107 4.819,
	"/>
</Transform>

<Transform dim="1"
 xcoef=" 0.05 1 0 0 0 0"
 ycoef=" 0.09 0 1 0 0 0">
<Contour name="d01MT2" hidden="false" closed="true" simplified="false" border="1 0.501961 0" fill="1 0.498039 0" mode="-9"
 points="1.90151 4.7132,
	1.90151 4.70676,
	1.90794 4.70032,
	1.91438 4.70032,
	1.92081 4.70676,
	1.92081 4.7132,
	1.91438 4.71963,
	1.90794 4.71963,
	"/>
</Transform>

<Transform dim="0"
 xcoef=" 0 1 0 0 0 0"
 ycoef=" 0 0 1 0 0 0">
<Contour name="d01MT7" hidden="false" closed="true" simplified="false" border="1 0.502 0" fill="1 0.498 0" mode="-9"
 points="1.9478 4.66636,
	1.9478 4.66207,
	1.95209 4.65778,
	1.95638 4.65778,
	1.96067 4.66207,
	1.96067 4.66636,
	1.95638 4.67064,
	1.95209 4.67064,
	"/>
</Transform>

<Transform dim="0"
 xcoef=" 0 1 0 0 0 0"
 ycoef=" 0 0 1 0 0 0">
<Contour name="d01MT4" hidden="false" closed="true" simplified="false" border="1 0.502 0" fill="1 0.498 0" mode="-9"
 points="1.8521 4.92511,
	1.8521 4.9197,
	1.85751 4.91429,
	1.86293 4.91429,
	1.86834 4.9197,
	1.86834 4.92511,
	1.86293 4.93052,
	1.85751 4.93052,
	"/>
</Transform>

<Transform dim="0"
 xcoef=" 0 1 0 0 0 0"
 ycoef=" 0 0 1 0 0 0">
<Contour name="d01MT9" hidden="false" closed="true" simplified="false" border="1 0.502 0" fill="1 0.498 0" mode="-9"
 points="1.81964 4.72221,
	1.81964 4.7168,
	1.82505 4.71139,
	1.83046 4.71139,
	1.83587 4.7168,
	1.83587 4.72221,
	1.83046 4.72762,
	1.82505 4.72762,
	"/>
</Transform>

<Transform dim="0"
 xcoef=" 0 1 0 0 0 0"
 ycoef=" 0 0 1 0 0 0">
<Contour name="d01MT14" hidden="false" closed="true" simplified="false" border="1 0.502 0" fill="1 0.498 0" mode="-9"
 points="1.64734 4.66389,
	1.64734 4.65822,
	1.65301 4.65255,
	1.65868 4.65255,
	1.66435 4.65822,
	1.66435 4.66389,
	1.65868 4.66956,
	1.65301 4.66956,
	"/>
</Transform>

<Transform dim="0"
 xcoef=" 0 1 0 0 0 0"
 ycoef=" 0 0 1 0 0 0">
<Contour name="d01MT17" hidden="false" closed="true" simplified="false" border="1 0.502 0" fill="1 0.498 0" mode="-9"
 points="1.6695 5.01105,
	1.6695 5.00606,
	1.67449 5.00107,
	1.67948 5.00107,
	1.68447 5.00606,
	1.68447 5.01105,
	1.67948 5.01604,
	1.67449 5.01604,
	"/>
</Transform>

<Transform dim="0"
 xcoef=" 0 1 0 0 0 0"
 ycoef=" 0 0 1 0 0 0">
<Contour name="d01MT19" hidden="false" closed="true" simplified="false" border="1 0.502 0" fill="1 0.498 0" mode="-9"
 points="2.10462 4.76649,
	2.10462 4.75929,
	2.11182 4.75209,
	2.11902 4.75209,
	2.12621 4.75929,
	2.12621 4.76649,
	2.11902 4.77369,
	2.11182 4.77369,
	"/>
</Transform>

<Transform dim="0"
 xcoef=" 0 1 0 0 0 0"
 ycoef=" 0 0 1 0 0 0">
<Contour name="d01MT20" hidden="false" closed="true" simplified="false" border="1 0.502 0" fill="1 0.498 0" mode="-9"
 points="2.01823 4.84568,
	2.01823 4.83848,
	2.02543 4.83128,
	2.03262 4.83128,
	2.03982 4.83848,
	2.03982 4.84568,
	2.03262 4.85288,
	2.02543 4.85288,
	"/>
</Transform>

<Transform dim="0"
 xcoef=" 0 1 0 0 0 0"
 ycoef=" 0 0 1 0 0 0">
<Contour name="d01MT21" hidden="false" closed="true" simplified="false" border="1 0.502 0" fill="1 0.498 0" mode="-9"
 points="2.05782 4.92847,
	2.05782 4.92127,
	2.06502 4.91407,
	2.07222 4.91407,
	2.07942 4.92127,
	2.07942 4.92847,
	2.07222 4.93567,
	2.06502 4.93567,
	"/>
<Contour name="d01MT22" hidden="false" closed="true" simplified="false" border="1 0.502 0" fill="1 0.498 0" mode="-9"
 points="1.60067 4.77369,
	1.60067 4.76649,
	1.60787 4.75929,
	1.61507 4.75929,
	1.62227 4.76649,
	1.62227 4.77369,
	1.61507 4.78089,
	1.60787 4.78089,
	"/>
</Transform>

<Transform dim="0"
 xcoef=" 0 1 0 0 0 0"
 ycoef=" 0 0 1 0 0 0">
<Contour name="d01MT23" hidden="false" closed="true" simplified="false" border="1 0.502 0" fill="1 0.498 0" mode="-9"
 points="1.92824 4.80249,
	1.92824 4.79529,
	1.93544 4.78809,
	1.94264 4.78809,
	1.94983 4.79529,
	1.94983 4.80249,
	1.94264 4.80969,
	1.93544 4.80969,
	"/>
</Transform>

<Transform dim="0"
 xcoef=" 0 1 0 0 0 0"
 ycoef=" 0 0 1 0 0 0">
<Contour name="d01MT26" hidden="false" closed="true" simplified="false" border="1 0.502 0" fill="1 0.498 0" mode="-9"
 points="1.73746 4.7125,
	1.73746 4.7053,
	1.74466 4.6981,
	1.75186 4.6981,
	1.75906 4.7053,
	1.75906 4.7125,
	1.75186 4.7197,
	1.74466 4.7197,
	"/>
</Transform>

<Transform dim="0"
 xcoef=" 0 1 0 0 0 0"
 ycoef=" 0 0 1 0 0 0">
<Contour name="Ax08" hidden="false" closed="true" simplified="true" border="1 0 0" fill="1 0 0" mode="11"
 points="0.511068 4.30149,
	0.527448 4.27855,
	0.553657 4.2589,
	0.606074 4.23597,
	0.632283 4.23269,
	0.645387 4.23269,
	0.658491 4.22614,
	0.6847 4.22614,
	0.737117 4.24252,
	0.789534 4.23924,
	0.815743 4.23597,
	0.828847 4.22941,
	0.881264 4.23269,
	0.907473 4.24579,
	0.95989 4.26217,
	0.972994 4.272,
	0.999203 4.27528,
	1.02541 4.26545,
	1.03852 4.26217,
	1.05162 4.26545,
	1.07455 4.28511,
	1.08766 4.29821,
	1.11387 4.31132,
	1.12697 4.31132,
	1.15318 4.3277,
	1.15973 4.3408,
	1.15645 4.3539,
	1.13025 4.37356,
	1.11714 4.37684,
	1.10404 4.38666,
	1.07783 4.39649,
	1.05162 4.41287,
	1.03852 4.4227,
	1.01231 4.42925,
	0.986099 4.44236,
	0.966442 4.46529,
	0.953338 4.47184,
	0.900921 4.46857,
	0.887816 4.46857,
	0.861608 4.45546,
	0.855056 4.45546,
	0.828847 4.43908,
	0.802638 4.42925,
	0.789534 4.42598,
	0.782982 4.41943,
	0.756773 4.41287,
	0.750221 4.40632,
	0.697804 4.38994,
	0.645387 4.38666,
	0.619178 4.38011,
	0.59297 4.38011,
	0.540552 4.36373,
	0.51762 4.34735,
	0.511068 4.32114,
	0.511068 4.30804,
	0.511068 4.30476,
	"/>
</Transform>

<Transform dim="0"
 xcoef=" 0 1 0 0 0 0"
 ycoef=" 0 0 1 0 0 0">
<Contour name="Ax09" hidden="false" closed="true" simplified="true" border="0 1 0.251" fill="0 1 0" mode="11"
 points="2.15096 2.79202,
	2.15422 2.76599,
	2.15422 2.75297,
	2.17049 2.72694,
	2.22255 2.69765,
	2.24859 2.70091,
	2.27462 2.71392,
	2.2974 2.7367,
	2.29414 2.74321,
	2.32018 2.75297,
	2.36248 2.80178,
	2.38526 2.82782,
	2.41129 2.84734,
	2.43407 2.87337,
	2.43732 2.89941,
	2.43407 2.91242,
	2.41454 2.9352,
	2.36248 2.94496,
	2.31041 2.94822,
	2.25835 2.94496,
	2.23231 2.94171,
	2.20628 2.93195,
	2.1835 2.90917,
	2.18025 2.89615,
	2.17049 2.88314,
	2.16723 2.87012,
	2.15747 2.8571,
	2.15096 2.83107,
	2.15096 2.80504,
	2.15096 2.79527,
	"/>
</Transform>

<Transform dim="0"
 xcoef=" 0 1 0 0 0 0"
 ycoef=" 0 0 1 0 0 0">
<Contour name="Ax10" hidden="false" closed="true" simplified="true" border="0 1 1" fill="0 1 1" mode="11"
 points="3.17971 6.92316,
	3.18288 6.91049,
	3.20505 6.88833,
	3.23039 6.87249,
	3.28106 6.85349,
	3.3064 6.85032,
	3.31906 6.84399,
	3.36974 6.84715,
	3.42041 6.86299,
	3.42991 6.87249,
	3.43308 6.88516,
	3.43308 6.89149,
	3.42358 6.90416,
	3.41091 6.91049,
	3.40774 6.91683,
	3.40141 6.91683,
	3.39507 6.92316,
	3.38874 6.92316,
	3.3634 6.939,
	3.31273 6.958,
	3.26206 6.96433,
	3.21138 6.96117,
	3.20505 6.96117,
	3.18288 6.94217,
	3.17971 6.9295,
	3.17971 6.92633,
	"/>
</Transform>

<Transform dim="0"
 xcoef=" 0 1 0 0 0 0"
 ycoef=" 0 0 1 0 0 0">
<Contour name="d01p29dia" hidden="false" closed="false" simplified="true" border="0 1 0.251" fill="0 1 0" mode="-9"
 points="1.10591 4.72266,
	0.967188 4.92834,
	"/>
</Transform>

<Transform dim="0"
 xcoef=" 0 1 0 0 0 0"
 ycoef=" 0 0 1 0 0 0">
<Contour name="d03p24dia" hidden="false" closed="false" simplified="true" border="1 0 0" fill="1 0 0" mode="-9"
 points="1.12823 4.39397,
	1.04264 4.61063,
	"/>
</Transform>

<Transform dim="0"
 xcoef=" 0 1 0 0 0 0"
 ycoef=" 0 0 1 0 0 0">
<Contour name="d04p29bdia" hidden="false" closed="false" simplified="true" border="0 1 0.251" fill="0 1 0" mode="-9"
 points="0.69594 4.96742,
	1.14144 5.22763,
	"/>
</Transform>

<Transform dim="6"
 xcoef=" 2.81673351726007 0.914114533135249 -0.22835801032355 0 0 0"
 ycoef=" 0.50084219250117 0.0606620881801948 1.04540134359734 0 0 0">
<Image mag="0.00217549" contrast="1.155" brightness="0.015" red="true" green="true" blue="true"
 src="JYBWM.180.jpg" />
<Contour name="domain1" hidden="false" closed="true" simplified="false" border="1 0 1" fill="1 0 1" mode="11"
 points="0 0,
	4083 0,
	4083 4083,
	0 4083,
	"/>
</Transform>

<Transform dim="0"
 xcoef=" 0 1 0 0 0 0"
 ycoef=" 0 0 1 0 0 0">
<Contour name="d10ax31" hidden="false" closed="true" simplified="true" border="0 1 1" fill="0 1 1" mode="-11"
 points="4.32599 6.19497,
	4.33115 6.18121,
	4.34146 6.16746,
	4.35522 6.15886,
	4.36897 6.1537,
	4.39648 6.15198,
	4.41024 6.15198,
	4.46526 6.16574,
	4.49277 6.17605,
	4.50652 6.18293,
	4.50996 6.18293,
	4.52372 6.19153,
	4.5306 6.19325,
	4.55811 6.21216,
	4.5839 6.23967,
	4.59249 6.25343,
	4.60453 6.28094,
	4.60625 6.30845,
	4.60281 6.33596,
	4.59421 6.36347,
	4.59593 6.39098,
	4.60109 6.41849,
	4.60281 6.446,
	4.60281 6.45975,
	4.59937 6.47351,
	4.59077 6.48726,
	4.57702 6.4993,
	4.56326 6.50446,
	4.54951 6.50446,
	4.522 6.49758,
	4.50824 6.48898,
	4.49449 6.47695,
	4.46354 6.42193,
	4.46354 6.41849,
	4.43431 6.36347,
	4.41368 6.33596,
	4.39304 6.3136,
	4.36725 6.29297,
	4.34146 6.2689,
	4.32943 6.25686,
	4.32599 6.24999,
	4.32599 6.19669,
	"/>
</Transform>

<Transform dim="0"
 xcoef=" 0 1 0 0 0 0"
 ycoef=" 0 0 1 0 0 0">
<Contour name="d10ax30" hidden="false" closed="true" simplified="true" border="0 1 1" fill="0 1 1" mode="-11"
 points="6.63208 5.61828,
	6.63793 5.60659,
	6.64669 5.59491,
	6.67007 5.5803,
	6.68175 5.57154,
	6.7285 5.55254,
	6.74018 5.54962,
	6.74603 5.5467,
	6.79277 5.53794,
	6.81615 5.53209,
	6.86289 5.52917,
	6.88627 5.52771,
	6.90964 5.52187,
	7.00313 5.51456,
	7.04988 5.52187,
	7.09662 5.53209,
	7.14337 5.5394,
	7.16674 5.5467,
	7.17843 5.55254,
	7.18427 5.55839,
	7.18573 5.56423,
	7.18281 5.57007,
	7.18427 5.57592,
	7.18281 5.5876,
	7.18135 5.59345,
	7.16382 5.6139,
	7.11853 5.65042,
	7.09516 5.66503,
	7.07179 5.67525,
	7.04842 5.6811,
	7.00167 5.69863,
	6.9783 5.70739,
	6.93155 5.71616,
	6.88481 5.722,
	6.83806 5.71908,
	6.81469 5.71762,
	6.803 5.71616,
	6.79131 5.71177,
	6.78547 5.71177,
	6.73872 5.69863,
	6.69198 5.67817,
	6.68613 5.67671,
	6.68321 5.67379,
	6.68029 5.67379,
	6.67737 5.67087,
	6.67445 5.67087,
	6.65108 5.65626,
	6.63939 5.64604,
	6.63208 5.63435,
	6.63208 5.62266,
	6.63208 5.61974,
	"/>
</Transform>

<Transform dim="0"
 xcoef=" 0 1 0 0 0 0"
 ycoef=" 0 0 1 0 0 0">
<Contour name="d05ax30a" hidden="false" closed="true" simplified="true" border="0 1 1" fill="0 1 1" mode="-11"
 points="2.53225 5.29221,
	"/>
<Contour name="d05ax30a" hidden="false" closed="true" simplified="true" border="0 1 1" fill="0 1 1" mode="-11"
 points="2.53339 5.28993,
	2.53908 5.27171,
	2.54136 5.2626,
	2.55161 5.24552,
	2.56983 5.23299,
	2.58805 5.2273,
	2.60627 5.22388,
	2.64271 5.22388,
	2.66093 5.22388,
	2.67915 5.2216,
	2.68826 5.22046,
	2.7247 5.20566,
	2.73381 5.19997,
	2.73837 5.19655,
	2.77481 5.18744,
	2.78392 5.18516,
	2.79303 5.17947,
	2.81125 5.17264,
	2.82036 5.16922,
	2.83858 5.15783,
	2.84769 5.15328,
	2.86363 5.1362,
	2.86705 5.13164,
	2.87161 5.11342,
	2.87844 5.0952,
	2.88299 5.08609,
	2.89096 5.07698,
	2.89552 5.07356,
	2.90463 5.07129,
	2.92285 5.06104,
	2.95929 5.05876,
	2.96385 5.05876,
	2.98207 5.06445,
	2.99118 5.06787,
	3.02762 5.09292,
	3.06406 5.09862,
	3.1005 5.10203,
	3.11872 5.10431,
	3.13694 5.11228,
	3.14149 5.11456,
	3.1506 5.12367,
	3.1563 5.14189,
	3.1563 5.151,
	3.1506 5.16922,
	3.14491 5.17833,
	3.14149 5.18744,
	3.12669 5.20566,
	3.09253 5.2421,
	3.07658 5.26032,
	3.06975 5.26943,
	3.0652 5.27854,
	3.0595 5.29676,
	3.05153 5.31498,
	3.04811 5.32409,
	3.03673 5.34231,
	3.03103 5.35142,
	3.01395 5.36737,
	3.00484 5.37534,
	3.00029 5.37989,
	2.98207 5.39014,
	2.94563 5.40494,
	2.87274 5.42203,
	2.8363 5.43114,
	2.79986 5.4448,
	2.76342 5.45619,
	2.75431 5.45961,
	2.71787 5.46302,
	2.68143 5.46872,
	2.66321 5.47441,
	2.64499 5.48466,
	2.57211 5.51427,
	2.53567 5.51996,
	2.51745 5.52338,
	2.44457 5.51541,
	2.43546 5.51313,
	2.4309 5.51313,
	2.42862 5.50971,
	2.43318 5.5006,
	2.43546 5.49605,
	2.43773 5.49377,
	2.43773 5.49149,
	2.46393 5.45619,
	2.4662 5.45163,
	2.47076 5.44708,
	2.48329 5.42886,
	2.48784 5.41975,
	2.49126 5.41519,
	2.4924 5.41064,
	2.49467 5.40836,
	2.50151 5.39014,
	2.50378 5.38786,
	2.51517 5.35142,
	2.52086 5.3332,
	2.52428 5.31498,
	2.52997 5.29676,
	"/>
</Transform>

</Section>