<?xml version="1.0"?>
<!DOCTYPE Section SYSTEM "section.dtd">

<Section index="32" thickness="0.0471499" alignLocked="true">
<Transform dim="6"
 xcoef=" 0.60096106916487 0.998164203488246 -0.0833981792896788 0 0 0"
 ycoef=" -0.0270373966108307 0.063719702627683 1.0354913189277 0 0 0">
<Image mag="0.00217549" contrast="1.155" brightness="0.015" red="true" green="true" blue="true"
 src="JYBWM.50.jpg" />
<Contour name="domain1" hidden="false" closed="true" simplified="false" border="1 0 1" fill="1 0 1" mode="11"
 points="0 0,
	4083 0,
	4083 4083,
	0 4083,
	"/>
</Transform>

<Transform dim="0"
 xcoef=" 0 1 0 0 0 0"
 ycoef=" 0 0 1 0 0 0">
<Contour name="d09" hidden="false" closed="true" simplified="true" border="0 1 0" fill="0 1 0" mode="-11"
 points="5.01672 7.52365,
	5.03969 7.4777,
	5.04257 7.46621,
	5.0598 7.44324,
	5.07128 7.42314,
	5.14882 7.33699,
	5.16892 7.32263,
	5.18902 7.30253,
	5.19476 7.29392,
	5.20625 7.28243,
	5.22061 7.25946,
	5.23784 7.24223,
	5.24932 7.23648,
	5.26081 7.21351,
	5.28378 7.19054,
	5.32398 7.16469,
	5.34409 7.15608,
	5.36706 7.15895,
	5.39003 7.15321,
	5.43598 7.12449,
	5.45895 7.11013,
	5.47044 7.09865,
	5.49341 7.09003,
	5.5049 7.09003,
	5.51638 7.09577,
	5.53936 7.11875,
	5.54797 7.12736,
	5.63986 7.13311,
	5.68581 7.13311,
	5.6973 7.13598,
	5.74324 7.17044,
	5.76621 7.17905,
	5.78919 7.17905,
	5.80067 7.18767,
	5.84662 7.18767,
	5.86959 7.18767,
	5.88108 7.19054,
	5.89257 7.19915,
	5.90405 7.20202,
	5.92415 7.225,
	5.9299 7.23361,
	5.95287 7.23361,
	5.96436 7.23361,
	5.97584 7.23936,
	5.98159 7.25084,
	6.02466 7.2853,
	6.04476 7.3054,
	6.05625 7.31689,
	6.07348 7.36284,
	6.08209 7.37145,
	6.08496 7.4174,
	6.08784 7.42888,
	6.13378 7.46621,
	6.15388 7.48632,
	6.15101 7.53226,
	6.15101 7.54375,
	6.12804 7.55811,
	6.11655 7.56672,
	6.09358 7.57246,
	6.04763 7.57246,
	6.02466 7.57246,
	6.01317 7.57246,
	6.0103 7.58108,
	6.00169 7.59257,
	5.95861 7.62128,
	5.93564 7.62702,
	5.88969 7.6299,
	5.86672 7.63277,
	5.85523 7.63851,
	5.83226 7.66148,
	5.82652 7.68446,
	5.82652 7.77635,
	5.83801 7.79932,
	5.86959 7.84527,
	5.90692 7.89121,
	5.92703 7.91132,
	5.9299 7.95726,
	5.92703 8.00321,
	5.91267 8.02618,
	5.90405 8.07213,
	5.90405 8.0951,
	5.89831 8.10659,
	5.88682 8.11807,
	5.86959 8.16402,
	5.86959 8.18699,
	5.86385 8.19848,
	5.86385 8.20996,
	5.84949 8.23294,
	5.82652 8.23294,
	5.81503 8.23294,
	5.79493 8.24442,
	5.78344 8.25304,
	5.7375 8.26165,
	5.72601 8.26165,
	5.71453 8.25591,
	5.70878 8.25591,
	5.70304 8.25017,
	5.65709 8.24155,
	5.64561 8.23868,
	5.59966 8.19561,
	5.55946 8.15253,
	5.55084 8.14104,
	5.55371 8.11807,
	5.57382 8.07213,
	5.58243 8.04915,
	5.58243 8.02618,
	5.60253 8.00321,
	5.64848 7.98023,
	5.69442 7.97162,
	5.74037 7.96875,
	5.76334 7.963,
	5.78632 7.95152,
	5.83226 7.9429,
	5.85523 7.9429,
	5.86672 7.9429,
	5.87246 7.93142,
	5.87246 7.90844,
	5.86959 7.89696,
	5.86098 7.88547,
	5.81503 7.8826,
	5.79206 7.87973,
	5.78057 7.87973,
	5.7576 7.86824,
	5.71165 7.8625,
	5.61976 7.85963,
	5.57382 7.85675,
	5.55084 7.85675,
	5.5049 7.8424,
	5.48192 7.83665,
	5.45895 7.83665,
	5.43598 7.82804,
	5.41301 7.80794,
	5.36706 7.79932,
	5.32111 7.79645,
	5.27517 7.78209,
	5.22922 7.78209,
	5.18328 7.76773,
	5.1603 7.75338,
	5.14882 7.74763,
	5.10287 7.73902,
	5.0799 7.72466,
	5.06841 7.71317,
	5.0598 7.66723,
	5.03682 7.62128,
	5.03108 7.6098,
	5.03108 7.59831,
	5.01959 7.57534,
	5.01672 7.52939,
	5.01672 7.52652,
	"/>
</Transform>

<Transform dim="0"
 xcoef=" 0 1 0 0 0 0"
 ycoef=" 0 0 1 0 0 0">
<Contour name="d09" hidden="false" closed="true" simplified="true" border="0 1 0" fill="0 1 0" mode="-11"
 points="5.71735 6.75772,
	5.73618 6.7436,
	5.75501 6.73419,
	5.77384 6.72006,
	5.79267 6.71065,
	5.83033 6.69888,
	5.83504 6.69653,
	5.83975 6.70594,
	5.83975 6.71065,
	5.85858 6.71065,
	5.86799 6.71065,
	5.8727 6.71065,
	5.87505 6.72948,
	5.8727 6.73889,
	5.85387 6.75537,
	5.84916 6.76008,
	5.83033 6.76479,
	5.82092 6.76714,
	5.81621 6.77185,
	5.74089 6.77655,
	5.72206 6.77655,
	5.71735 6.77185,
	5.71735 6.76243,
	5.71735 6.76008,
	"/>
</Transform>

<Transform dim="0"
 xcoef=" 0 1 0 0 0 0"
 ycoef=" 0 0 1 0 0 0">
<Contour name="d09" hidden="false" closed="true" simplified="true" border="0 1 0" fill="0 1 0" mode="-11"
 points="6.54265 6.44649,
	6.55267 6.43247,
	6.56869 6.43047,
	6.57671 6.43047,
	6.58071 6.43047,
	6.59674 6.44249,
	6.60475 6.44649,
	6.60876 6.44649,
	6.61677 6.4525,
	6.62078 6.45651,
	6.6368 6.46252,
	6.65283 6.47654,
	6.71693 6.47855,
	6.73296 6.47855,
	6.74097 6.48055,
	6.74698 6.48856,
	6.77903 6.49858,
	6.79506 6.50659,
	6.85917 6.50659,
	6.89122 6.50659,
	6.92327 6.53464,
	6.92928 6.53864,
	6.9433 6.55467,
	6.94731 6.56268,
	6.94731 6.59473,
	6.9413 6.61076,
	6.9393 6.61877,
	6.92527 6.6348,
	6.89322 6.65283,
	6.88921 6.65283,
	6.8812 6.65884,
	6.87719 6.66285,
	6.87319 6.66285,
	6.85716 6.67487,
	6.84114 6.68288,
	6.83312 6.68488,
	6.82511 6.69089,
	6.76101 6.69289,
	6.74498 6.69089,
	6.73697 6.68288,
	6.72094 6.67687,
	6.68889 6.65684,
	6.67286 6.64081,
	6.66886 6.64081,
	6.65283 6.62679,
	6.64482 6.62078,
	6.6368 6.60475,
	6.62478 6.58873,
	6.62078 6.58071,
	6.55868 6.51661,
	6.54465 6.50058,
	6.54265 6.46853,
	6.54265 6.4525,
	6.54265 6.4485,
	"/>
</Transform>

<Transform dim="0"
 xcoef=" 0 1 0 0 0 0"
 ycoef=" 0 0 1 0 0 0">
<Contour name="d09c12" hidden="false" closed="true" simplified="true" border="0 0.501961 1" fill="0 0.501961 1" mode="-9"
 points="6.60399 6.43237,
	6.60857 6.42322,
	6.61772 6.41635,
	6.62687 6.41406,
	6.64518 6.41864,
	6.65433 6.42093,
	6.65891 6.42093,
	6.66349 6.4255,
	6.68179 6.43237,
	6.69095 6.43695,
	6.69323 6.43466,
	6.69781 6.43923,
	6.71612 6.44152,
	6.72527 6.44381,
	6.72985 6.44381,
	6.73442 6.44839,
	6.77104 6.46212,
	6.80765 6.46898,
	6.8168 6.46898,
	6.83511 6.47585,
	6.87172 6.48042,
	6.88087 6.48271,
	6.89003 6.48958,
	6.89232 6.50788,
	6.87859 6.52619,
	6.84197 6.53534,
	6.80536 6.53534,
	6.78705 6.53534,
	6.7779 6.53534,
	6.77332 6.53534,
	6.76875 6.53077,
	6.75044 6.52619,
	6.74586 6.52161,
	6.70925 6.51017,
	6.69095 6.50331,
	6.67264 6.50102,
	6.63603 6.485,
	6.61772 6.47356,
	6.60857 6.46669,
	6.60399 6.45754,
	6.60399 6.43923,
	6.60399 6.43466,
	"/>
<Contour name="d09cfa12" hidden="false" closed="false" simplified="false" border="0 1 1" fill="0 1 1" mode="9"
 points="6.89337 6.5079,
	6.8293 6.5079,
	6.79269 6.49875,
	6.73548 6.48502,
	6.67369 6.47358,
	6.63708 6.45985,
	6.60733 6.44383,
	"/>
</Transform>

<Transform dim="0"
 xcoef=" 0 1 0 0 0 0"
 ycoef=" 0 0 1 0 0 0">
<Contour name="d01" hidden="false" closed="true" simplified="true" border="1 1 0" fill="1 0.5 0" mode="11"
 points="3.32478 4.50337,
	3.36595 4.4622,
	3.40712 4.42875,
	3.42771 4.41073,
	3.44058 4.39015,
	3.44572 4.38243,
	3.4869 4.37985,
	3.50748 4.36699,
	3.54608 4.32581,
	3.55895 4.3078,
	3.5641 4.30265,
	3.60527 4.29236,
	3.64645 4.26148,
	3.68247 4.22288,
	3.72365 4.20229,
	3.76482 4.18942,
	3.80599 4.18428,
	3.82658 4.18428,
	3.84717 4.17913,
	3.88834 4.16112,
	3.92951 4.15854,
	3.93981 4.15854,
	3.98098 4.18685,
	4.00157 4.19972,
	4.04274 4.20486,
	4.08392 4.20486,
	4.12509 4.19457,
	4.13538 4.18942,
	4.13796 4.14825,
	4.14053 4.13796,
	4.14053 4.13538,
	4.1817 4.17656,
	4.19714 4.19714,
	4.19972 4.21773,
	4.19457 4.23832,
	4.18942 4.24861,
	4.18428 4.25376,
	4.1817 4.27434,
	4.18942 4.29493,
	4.20229 4.31552,
	4.21001 4.32581,
	4.25118 4.33868,
	4.27177 4.3464,
	4.25118 4.38757,
	4.24604 4.40816,
	4.24346 4.41845,
	4.22802 4.43904,
	4.21258 4.48021,
	4.19714 4.5008,
	4.18685 4.50595,
	4.17913 4.52653,
	4.17656 4.56771,
	4.09678 4.64748,
	4.0762 4.66549,
	4.03502 4.68093,
	4.01444 4.68608,
	4.00414 4.68608,
	3.98356 4.69637,
	3.94238 4.72725,
	3.90121 4.71953,
	3.81886 4.68351,
	3.79827 4.67579,
	3.7571 4.66807,
	3.73651 4.66549,
	3.65417 4.67579,
	3.63358 4.67836,
	3.5924 4.67321,
	3.58211 4.67064,
	3.56667 4.65263,
	3.55895 4.63204,
	3.5538 4.62175,
	3.5538 4.6166,
	3.54351 4.60888,
	3.52292 4.60116,
	3.50234 4.58829,
	3.49204 4.58057,
	3.4097 4.55484,
	3.38911 4.54455,
	3.37882 4.5394,
	3.35823 4.5394,
	3.34794 4.5394,
	3.32735 4.52396,
	3.32478 4.50595,
	"/>
<Contour name="d01" hidden="false" closed="true" simplified="true" border="1 1 0" fill="1 0.5 0" mode="11"
 points="3.60013 3.80599,
	3.6027 3.78541,
	3.62071 3.74423,
	3.65931 3.72107,
	3.66961 3.71593,
	3.75195 3.7185,
	3.8343 3.74681,
	3.91665 3.78798,
	3.93466 3.80599,
	3.9887 3.88834,
	4.01444 3.92951,
	4.01958 3.97069,
	4.01444 3.99128,
	4.01186 4.00157,
	4.00414 4.00929,
	3.98356 4.01444,
	3.97326 4.01444,
	3.95267 4.02216,
	3.93209 4.02473,
	3.90378 4.06333,
	3.89606 4.07362,
	3.89349 4.1148,
	3.89349 4.13538,
	3.88062 4.1534,
	3.83945 4.17398,
	3.79827 4.17656,
	3.77769 4.17398,
	3.73651 4.17913,
	3.71593 4.1817,
	3.67475 4.17141,
	3.65674 4.15854,
	3.63358 4.11737,
	3.62329 4.09678,
	3.6027 4.01444,
	3.60013 3.84974,
	3.60013 3.80857,
	"/>
</Transform>

<Transform dim="0"
 xcoef=" 0 1 0 0 0 0"
 ycoef=" 0 0 1 0 0 0">
<Contour name="d02" hidden="false" closed="true" simplified="true" border="0.502 0 1" fill="1 0.5 0" mode="11"
 points="4.10801 4.89293,
	4.13958 4.85685,
	4.15763 4.84557,
	4.18018 4.81175,
	4.18469 4.80273,
	4.21852 4.7689,
	4.22077 4.75085,
	4.22303 4.74183,
	4.23656 4.72379,
	4.24333 4.71477,
	4.24333 4.71026,
	4.27941 4.67643,
	4.29745 4.66967,
	4.29971 4.66967,
	4.31098 4.66516,
	4.32 4.66516,
	4.35834 4.66967,
	4.39443 4.66967,
	4.40345 4.67643,
	4.41021 4.69447,
	4.41698 4.7035,
	4.43502 4.70801,
	4.4463 4.72605,
	4.46434 4.73507,
	4.46885 4.73507,
	4.47787 4.74409,
	4.47787 4.75311,
	4.46885 4.77115,
	4.46434 4.78919,
	4.46208 4.7937,
	4.45757 4.7937,
	4.44855 4.80047,
	4.44404 4.80949,
	4.44179 4.82753,
	4.43953 4.83655,
	4.43276 4.84557,
	4.41472 4.85234,
	4.41021 4.86136,
	4.41021 4.8794,
	4.41021 4.88842,
	4.41021 4.89293,
	4.40119 4.8997,
	4.38315 4.90647,
	4.38089 4.92225,
	4.38315 4.95834,
	4.37187 4.97638,
	4.35383 4.98991,
	4.34481 4.99668,
	4.33579 4.99893,
	4.33353 5.00344,
	4.32902 5.00344,
	4.32 5.01021,
	4.24784 5.01021,
	4.22979 5.00344,
	4.22077 5.00344,
	4.18469 4.97863,
	4.16665 4.96736,
	4.14861 4.96285,
	4.13958 4.96059,
	4.13507 4.95608,
	4.13282 4.94706,
	4.12831 4.94255,
	4.12605 4.93353,
	4.11252 4.91549,
	4.10801 4.91098,
	4.10801 4.89519,
	"/>
</Transform>

<Transform dim="0"
 xcoef=" 0 1 0 0 0 0"
 ycoef=" 0 0 1 0 0 0">
<Contour name="d03" hidden="false" closed="true" simplified="true" border="1 0 0.501961" fill="1 0.5 0" mode="11"
 points="4.07902 2.22199,
	4.08469 2.20687,
	4.08658 2.1993,
	4.08658 2.19552,
	4.10171 2.18039,
	4.11684 2.16905,
	4.1244 2.16715,
	4.13764 2.15581,
	4.15277 2.14824,
	4.16033 2.14446,
	4.1679 2.14446,
	4.17546 2.14068,
	4.20572 2.14068,
	4.22084 2.13879,
	4.22841 2.13312,
	4.23219 2.13312,
	4.24543 2.12366,
	4.36646 2.12177,
	4.38158 2.12366,
	4.39671 2.12933,
	4.40239 2.1369,
	4.40617 2.14068,
	4.40428 2.17094,
	4.38726 2.1993,
	4.37402 2.21254,
	4.36646 2.21821,
	4.36457 2.22199,
	4.36078 2.22199,
	4.34755 2.23334,
	4.33998 2.23901,
	4.3362 2.24658,
	4.33242 2.25036,
	4.33242 2.25414,
	4.31729 2.26927,
	4.28892 2.29196,
	4.27758 2.30709,
	4.26812 2.33735,
	4.26434 2.34491,
	4.26434 2.35248,
	4.25867 2.36761,
	4.24921 2.38084,
	4.23408 2.38841,
	4.2303 2.38841,
	4.22652 2.39219,
	4.19626 2.3903,
	4.18113 2.38463,
	4.166 2.37517,
	4.15088 2.36193,
	4.13196 2.33546,
	4.1244 2.32789,
	4.1244 2.32411,
	4.11873 2.31655,
	4.11873 2.31277,
	4.11305 2.3052,
	4.11116 2.29764,
	4.10738 2.29386,
	4.10549 2.28629,
	4.08469 2.25603,
	4.08469 2.25225,
	4.08091 2.24847,
	4.07902 2.23334,
	4.07902 2.22578,
	4.07902 2.22389,
	"/>
</Transform>

<Transform dim="0"
 xcoef=" 0 1 0 0 0 0"
 ycoef=" 0 0 1 0 0 0">
<Contour name="d03" hidden="false" closed="true" simplified="true" border="1 0 0.501961" fill="1 0.5 0" mode="11"
 points="4.45723 3.54195,
	4.46479 3.52683,
	4.46857 3.52304,
	4.47425 3.50792,
	4.47614 3.50035,
	4.48181 3.49468,
	4.48938 3.49279,
	4.50261 3.48333,
	4.51018 3.47955,
	4.51396 3.47577,
	4.51774 3.47577,
	4.53287 3.46442,
	4.548 3.45686,
	4.57825 3.45875,
	4.59338 3.46442,
	4.60851 3.47766,
	4.62175 3.48711,
	4.62931 3.49279,
	4.65957 3.49279,
	4.66335 3.49279,
	4.67848 3.50413,
	4.69361 3.50981,
	4.70874 3.50981,
	4.72387 3.51548,
	4.73332 3.53061,
	4.73521 3.56086,
	4.72198 3.62138,
	4.71063 3.65164,
	4.69361 3.68,
	4.68983 3.68378,
	4.68226 3.68189,
	4.6747 3.67433,
	4.66713 3.67244,
	4.65957 3.67433,
	4.64444 3.68378,
	4.63688 3.68946,
	4.62175 3.68946,
	4.60662 3.68378,
	4.60284 3.68378,
	4.58771 3.67244,
	4.57447 3.65731,
	4.55934 3.64596,
	4.54422 3.6384,
	4.51396 3.63273,
	4.49883 3.63273,
	4.49505 3.63273,
	4.47992 3.61949,
	4.47992 3.61571,
	4.47425 3.60814,
	4.47425 3.60436,
	4.4629 3.59112,
	4.45723 3.57599,
	4.45723 3.54574,
	4.45723 3.54385,
	"/>
</Transform>

<Transform dim="0"
 xcoef=" 0 1 0 0 0 0"
 ycoef=" 0 0 1 0 0 0">
<Contour name="d03" hidden="false" closed="true" simplified="true" border="1 0 0.501961" fill="1 0.5 0" mode="11"
 points="3.45686 3.14861,
	3.45875 3.14105,
	3.45875 3.13727,
	3.47009 3.12403,
	3.47577 3.11836,
	3.47388 3.10323,
	3.47577 3.0881,
	3.47577 3.08054,
	3.49846 3.05406,
	3.5117 3.03893,
	3.51548 3.03326,
	3.51548 3.0257,
	3.51926 3.01813,
	3.53439 3.003,
	3.54195 2.99544,
	3.55897 2.98598,
	3.56276 2.97842,
	3.57788 2.96896,
	3.58167 2.96518,
	3.61192 2.96518,
	3.67244 2.94627,
	3.67622 2.94249,
	3.69135 2.93871,
	3.69891 2.93303,
	3.72917 2.92358,
	3.73295 2.9198,
	3.73673 2.9198,
	3.74808 2.90845,
	3.74808 2.90467,
	3.76132 2.89143,
	3.76699 2.88576,
	3.77077 2.88576,
	3.78401 2.87441,
	3.84452 2.87252,
	3.85965 2.86874,
	3.87289 2.85928,
	3.87856 2.85172,
	3.88235 2.85172,
	3.89747 2.84037,
	3.9126 2.83659,
	3.92773 2.83659,
	3.94286 2.84037,
	3.95042 2.84604,
	3.96555 2.85172,
	3.96933 2.85928,
	3.96933 2.87441,
	3.97312 2.8763,
	3.98068 2.87441,
	3.99203 2.86306,
	3.99581 2.87063,
	4.02039 2.8971,
	4.03552 2.90656,
	4.05065 2.90845,
	4.06578 2.9179,
	4.09036 2.94627,
	4.09414 2.95383,
	4.09793 2.95762,
	4.1036 2.97275,
	4.1036 2.97653,
	4.10927 2.9822,
	4.10927 2.98598,
	4.12062 3.00111,
	4.12062 3.00489,
	4.12629 3.01057,
	4.12629 3.01435,
	4.14709 3.04271,
	4.16033 3.05595,
	4.166 3.06163,
	4.16979 3.06163,
	4.18302 3.07297,
	4.19059 3.07486,
	4.19437 3.07864,
	4.2095 3.08432,
	4.23976 3.08432,
	4.25488 3.08432,
	4.27001 3.07864,
	4.30027 3.07675,
	4.30783 3.07864,
	4.31162 3.07864,
	4.32485 3.0881,
	4.34376 3.11268,
	4.35322 3.12781,
	4.357 3.13538,
	4.357 3.16563,
	4.34755 3.18076,
	4.33431 3.194,
	4.33053 3.20156,
	4.33053 3.20913,
	4.32485 3.22426,
	4.32107 3.23182,
	4.30594 3.24506,
	4.29838 3.24506,
	4.29649 3.25262,
	4.29081 3.2583,
	4.29081 3.26208,
	4.27947 3.27153,
	4.2719 3.27721,
	4.26812 3.28099,
	4.25299 3.28099,
	4.24543 3.28099,
	4.2303 3.27531,
	4.20004 3.27531,
	4.16979 3.28666,
	4.166 3.28666,
	4.15844 3.29233,
	4.12818 3.30368,
	4.12062 3.30557,
	4.11873 3.30935,
	4.11116 3.31125,
	4.10738 3.31503,
	4.1036 3.31503,
	4.09225 3.32448,
	4.03174 3.35285,
	4.01661 3.36041,
	4.01283 3.36041,
	3.9977 3.37176,
	3.99014 3.37365,
	3.98635 3.37743,
	3.92584 3.38121,
	3.86533 3.38121,
	3.83507 3.37176,
	3.83129 3.37176,
	3.82372 3.36609,
	3.81994 3.36609,
	3.8067 3.35663,
	3.79157 3.35096,
	3.78401 3.34907,
	3.77077 3.33772,
	3.7651 3.33016,
	3.7651 3.32637,
	3.76132 3.32637,
	3.75564 3.3207,
	3.72539 3.30935,
	3.71782 3.30368,
	3.70269 3.30179,
	3.69513 3.29801,
	3.66487 3.29423,
	3.63462 3.29423,
	3.60436 3.28855,
	3.5968 3.28666,
	3.58923 3.28099,
	3.58545 3.28099,
	3.57978 3.27531,
	3.57599 3.27531,
	3.57221 3.27153,
	3.55897 3.26586,
	3.52872 3.24695,
	3.51359 3.24128,
	3.49846 3.23182,
	3.489 3.22047,
	3.48144 3.20535,
	3.47955 3.19022,
	3.4682 3.17698,
	3.4682 3.16942,
	3.45686 3.15996,
	3.45686 3.1524,
	3.45686 3.15051,
	"/>
</Transform>

<Transform dim="0"
 xcoef=" 0 1 0 0 0 0"
 ycoef=" 0 0 1 0 0 0">
<Contour name="d03" hidden="false" closed="true" simplified="true" border="1 0 0.501961" fill="1 0.5 0" mode="11"
 points="3.9977 3.41336,
	3.99959 3.4058,
	4.00337 3.40202,
	4.00337 3.39445,
	4.01472 3.37932,
	4.02228 3.37176,
	4.05254 3.35663,
	4.0601 3.35663,
	4.09036 3.34339,
	4.10549 3.33394,
	4.11305 3.32826,
	4.12062 3.32637,
	4.1244 3.32259,
	4.13196 3.32259,
	4.19248 3.29801,
	4.20761 3.29423,
	4.22274 3.29612,
	4.2303 3.2999,
	4.24543 3.2999,
	4.25299 3.30179,
	4.26056 3.30746,
	4.26812 3.32259,
	4.28892 3.35096,
	4.28892 3.36609,
	4.28514 3.38121,
	4.28514 3.39634,
	4.29081 3.41147,
	4.30027 3.4266,
	4.29838 3.45686,
	4.29649 3.47199,
	4.2946 3.47955,
	4.2946 3.48333,
	4.29081 3.48711,
	4.28892 3.49468,
	4.28514 3.49657,
	4.28514 3.50035,
	4.27947 3.50602,
	4.27379 3.52115,
	4.27001 3.55141,
	4.26812 3.56654,
	4.25299 3.57599,
	4.23786 3.58167,
	4.2303 3.58167,
	4.21517 3.58734,
	4.20761 3.58923,
	4.19248 3.60058,
	4.13196 3.60247,
	4.11684 3.5968,
	4.11305 3.59301,
	4.09793 3.58734,
	4.06767 3.58734,
	4.04309 3.56276,
	4.03741 3.55708,
	4.03741 3.5533,
	4.02607 3.53817,
	4.02039 3.50792,
	4.02039 3.49279,
	4.00905 3.46253,
	4.00905 3.45875,
	4.00526 3.45497,
	4.00148 3.43984,
	3.9977 3.43606,
	3.9977 3.42093,
	3.9977 3.41525,
	"/>
</Transform>

<Transform dim="0"
 xcoef=" 0 1 0 0 0 0"
 ycoef=" 0 0 1 0 0 0">
<Contour name="d04" hidden="false" closed="true" simplified="true" border="1 0 0" fill="1 0.5 0" mode="11"
 points="2.43855 5.35536,
	2.45233 5.32387,
	2.4543 5.29238,
	2.4602 5.26089,
	2.47201 5.2294,
	2.47201 5.19791,
	2.47201 5.19004,
	2.49366 5.16248,
	2.5035 5.14871,
	2.5035 5.11722,
	2.50744 5.11131,
	2.51531 5.10541,
	2.51925 5.10147,
	2.51728 5.08573,
	2.51334 5.07785,
	2.51334 5.06211,
	2.52909 5.03062,
	2.53302 5.02471,
	2.53696 5.02471,
	2.54286 5.01881,
	2.5468 5.01881,
	2.55467 5.0129,
	2.58616 5.01094,
	2.60191 5.00503,
	2.60584 5.0011,
	2.63733 5.0011,
	2.65308 5.00306,
	2.66883 5.0011,
	2.6767 4.99716,
	2.70819 4.99716,
	2.72393 5.0011,
	2.73181 5.0011,
	2.74755 5.007,
	2.77904 5.02471,
	2.79479 5.03455,
	2.81841 5.06014,
	2.82431 5.06604,
	2.82825 5.06604,
	2.83218 5.07195,
	2.84793 5.08179,
	2.8558 5.08573,
	2.85974 5.08966,
	2.89123 5.09557,
	2.8991 5.09557,
	2.91485 5.10147,
	2.92272 5.10344,
	2.92469 5.10738,
	2.92862 5.10738,
	2.9424 5.12115,
	2.95027 5.12903,
	2.96602 5.1369,
	2.98176 5.13887,
	2.98964 5.1428,
	3.00538 5.14477,
	3.01916 5.15461,
	3.01916 5.15855,
	3.02703 5.16248,
	3.05852 5.16052,
	3.07427 5.16052,
	3.08214 5.16052,
	3.09788 5.16642,
	3.10576 5.16642,
	3.10969 5.16642,
	3.1215 5.15264,
	3.13725 5.14674,
	3.15299 5.14674,
	3.16087 5.14477,
	3.18645 5.11919,
	3.2081 5.08769,
	3.21597 5.08179,
	3.21794 5.07785,
	3.22188 5.07785,
	3.22778 5.06998,
	3.23762 5.03849,
	3.23959 5.007,
	3.22188 4.97748,
	3.22385 4.96173,
	3.22975 4.95386,
	3.23369 4.95189,
	3.23369 4.94796,
	3.23762 4.94402,
	3.23762 4.93615,
	3.23172 4.9204,
	3.23172 4.91253,
	3.22581 4.89678,
	3.21007 4.88497,
	3.2022 4.8771,
	3.2022 4.86136,
	3.21007 4.82987,
	3.2081 4.79838,
	3.2081 4.78263,
	3.21204 4.76688,
	3.22581 4.75311,
	3.23172 4.7472,
	3.24746 4.74523,
	3.26321 4.7472,
	3.2947 4.75704,
	3.32619 4.76098,
	3.34194 4.76688,
	3.35768 4.78066,
	3.36752 4.79444,
	3.37343 4.80822,
	3.37146 4.82396,
	3.36752 4.8279,
	3.36752 4.83183,
	3.36162 4.83774,
	3.35768 4.85348,
	3.35768 4.88497,
	3.36162 4.91646,
	3.37146 4.93024,
	3.38524 4.94402,
	3.39114 4.95189,
	3.39311 4.98338,
	3.39114 4.99913,
	3.39114 5.00306,
	3.38524 5.01094,
	3.38524 5.01487,
	3.37933 5.02078,
	3.37933 5.02471,
	3.33406 5.08179,
	3.31438 5.11328,
	3.31438 5.12903,
	3.31438 5.1369,
	3.33406 5.16642,
	3.338 5.17036,
	3.338 5.17429,
	3.35375 5.18413,
	3.38524 5.18413,
	3.40098 5.18413,
	3.40885 5.18413,
	3.43641 5.16445,
	3.46003 5.13887,
	3.47577 5.12903,
	3.48758 5.11722,
	3.49939 5.10147,
	3.5112 5.08966,
	3.51907 5.08376,
	3.52694 5.08179,
	3.53088 5.07785,
	3.5604 5.06408,
	3.58796 5.04636,
	3.59977 5.03455,
	3.61354 5.01881,
	3.64503 4.99322,
	3.64897 4.98929,
	3.64897 4.98535,
	3.67259 4.95976,
	3.67849 4.95386,
	3.68243 4.95386,
	3.6903 4.94599,
	3.70605 4.93615,
	3.73754 4.93024,
	3.80052 4.93024,
	3.83201 4.93024,
	3.83594 4.93024,
	3.84972 4.94205,
	3.85169 4.94992,
	3.8635 4.9637,
	3.87728 4.97354,
	3.94026 4.99322,
	3.97175 4.99716,
	4.03473 4.99519,
	4.05047 4.98929,
	4.06622 4.97945,
	4.08196 4.96567,
	4.11346 4.9637,
	4.1292 4.96764,
	4.13707 4.97157,
	4.14495 4.97157,
	4.17644 4.98338,
	4.18234 4.98929,
	4.18628 4.98929,
	4.20005 5.0011,
	4.20399 5.0011,
	4.21777 5.0129,
	4.24926 5.01684,
	4.25713 5.01881,
	4.265 5.02471,
	4.26304 5.0562,
	4.24335 5.08376,
	4.23154 5.11525,
	4.22761 5.13099,
	4.20399 5.15658,
	4.20005 5.15855,
	4.20005 5.16248,
	4.18431 5.17233,
	4.15675 5.19791,
	4.14888 5.20185,
	4.14495 5.20578,
	4.1292 5.21169,
	4.12526 5.21169,
	4.12133 5.21563,
	4.10558 5.21956,
	4.07606 5.24121,
	4.06031 5.25302,
	4.04851 5.26483,
	4.04457 5.2727,
	4.0367 5.28057,
	4.00521 5.29829,
	3.97372 5.3101,
	3.94223 5.31206,
	3.91073 5.31994,
	3.89499 5.32387,
	3.88712 5.32387,
	3.88318 5.32387,
	3.85366 5.34749,
	3.83791 5.3593,
	3.82217 5.36324,
	3.79068 5.36324,
	3.7828 5.3593,
	3.77493 5.3593,
	3.76706 5.3534,
	3.73557 5.3534,
	3.7277 5.35536,
	3.71982 5.36127,
	3.71589 5.36521,
	3.70014 5.36914,
	3.66865 5.36914,
	3.65291 5.36521,
	3.64503 5.36324,
	3.6411 5.3593,
	3.63322 5.35733,
	3.61748 5.34749,
	3.60961 5.34159,
	3.60567 5.34159,
	3.60173 5.33765,
	3.59386 5.33568,
	3.58992 5.33568,
	3.58205 5.32978,
	3.55056 5.32781,
	3.51907 5.33371,
	3.48758 5.33568,
	3.47183 5.33765,
	3.45609 5.34749,
	3.45215 5.35143,
	3.43641 5.35536,
	3.42854 5.3593,
	3.42066 5.3593,
	3.41279 5.36521,
	3.40885 5.36521,
	3.35965 5.41638,
	3.3439 5.42819,
	3.32029 5.45377,
	3.29076 5.48133,
	3.27896 5.49707,
	3.26124 5.52856,
	3.26124 5.5325,
	3.23959 5.56399,
	3.22188 5.62697,
	3.21991 5.68995,
	3.21991 5.7057,
	3.21204 5.73719,
	3.19826 5.76868,
	3.19432 5.77655,
	3.19432 5.7923,
	3.19826 5.80017,
	3.20613 5.80607,
	3.2081 5.81001,
	3.21204 5.81001,
	3.21401 5.81788,
	3.21204 5.82575,
	3.19826 5.83953,
	3.19236 5.85528,
	3.18645 5.86315,
	3.18252 5.86709,
	3.16677 5.86512,
	3.15102 5.85528,
	3.14315 5.84937,
	3.13528 5.84937,
	3.13134 5.84937,
	3.1156 5.86118,
	3.11166 5.86118,
	3.09592 5.87496,
	3.09001 5.88086,
	3.08804 5.8848,
	3.08411 5.8848,
	3.07033 5.89661,
	3.03884 5.90448,
	3.00932 5.91826,
	2.99357 5.92416,
	2.96208 5.92613,
	2.94634 5.92613,
	2.9424 5.92613,
	2.92862 5.93597,
	2.89713 5.93794,
	2.88139 5.93794,
	2.8499 5.9281,
	2.81841 5.90251,
	2.80266 5.89464,
	2.79479 5.8907,
	2.77904 5.88874,
	2.7633 5.8789,
	2.73771 5.84937,
	2.7259 5.81788,
	2.72 5.81198,
	2.71803 5.80411,
	2.71409 5.80017,
	2.71409 5.79623,
	2.70228 5.78049,
	2.69638 5.76474,
	2.69441 5.73325,
	2.67276 5.67027,
	2.66686 5.66437,
	2.66686 5.66043,
	2.66292 5.66043,
	2.65308 5.64665,
	2.64914 5.64272,
	2.64324 5.61123,
	2.64324 5.60729,
	2.62946 5.59351,
	2.61569 5.58761,
	2.60781 5.58367,
	2.60388 5.58367,
	2.596 5.57777,
	2.58026 5.57383,
	2.56451 5.56596,
	2.5527 5.55218,
	2.54877 5.54431,
	2.54877 5.53644,
	2.52712 5.50691,
	2.51531 5.4951,
	2.48972 5.46361,
	2.48382 5.43212,
	2.47791 5.41638,
	2.46807 5.4026,
	2.43855 5.38095,
	2.43855 5.36521,
	2.43855 5.35733,
	"/>
</Transform>

<Transform dim="0"
 xcoef=" 0 1 0 0 0 0"
 ycoef=" 0 0 1 0 0 0">
<Contour name="d05" hidden="false" closed="true" simplified="true" border="1 0.501961 0" fill="1 0.5 0" mode="11"
 points="6.3671 4.09712,
	6.37407 4.08737,
	6.38381 4.07762,
	6.38799 4.05534,
	6.39078 4.04977,
	6.40192 4.03863,
	6.40749 4.03306,
	6.41863 4.02749,
	6.4242 4.02609,
	6.44648 4.02749,
	6.45205 4.02749,
	6.47434 4.01913,
	6.48548 4.01913,
	6.50776 4.02609,
	6.51333 4.02749,
	6.52447 4.0247,
	6.52726 4.0247,
	6.5384 4.01634,
	6.54118 4.01356,
	6.55232 4.00938,
	6.5746 4.00799,
	6.58575 4.00799,
	6.59132 4.01077,
	6.5941 4.01356,
	6.59689 4.01356,
	6.60664 4.02191,
	6.6136 4.03306,
	6.61778 4.0442,
	6.61638 4.06648,
	6.61778 4.07762,
	6.61778 4.08319,
	6.61778 4.08598,
	6.60664 4.09572,
	6.59967 4.10408,
	6.59689 4.10687,
	6.59689 4.10965,
	6.59271 4.11522,
	6.58853 4.12636,
	6.58853 4.17093,
	6.58853 4.19321,
	6.58714 4.20435,
	6.58714 4.20992,
	6.58435 4.21549,
	6.58435 4.21828,
	6.5746 4.22942,
	6.56903 4.2322,
	6.55789 4.23359,
	6.55511 4.23359,
	6.54954 4.23777,
	6.54675 4.23777,
	6.54257 4.24334,
	6.54118 4.24613,
	6.5384 4.24613,
	6.52726 4.23916,
	6.51611 4.23638,
	6.50219 4.19321,
	6.48408 4.17789,
	6.4813 4.1751,
	6.47016 4.17371,
	6.44788 4.1751,
	6.43673 4.17371,
	6.41445 4.1751,
	6.40888 4.1751,
	6.39913 4.16675,
	6.39774 4.14447,
	6.39356 4.13333,
	6.39356 4.13054,
	6.37267 4.11522,
	6.3685 4.10965,
	6.3671 4.09851,
	"/>
</Transform>

<Transform dim="0"
 xcoef=" 0 1 0 0 0 0"
 ycoef=" 0 0 1 0 0 0">
<Contour name="d05" hidden="false" closed="true" simplified="true" border="1 0.501961 0" fill="1 0.5 0" mode="11"
 points="5.31149 4.77811,
	5.31567 4.75583,
	5.31706 4.73355,
	5.31567 4.71127,
	5.31288 4.70013,
	5.31288 4.69455,
	5.31706 4.69038,
	5.31845 4.64581,
	5.31985 4.63467,
	5.32402 4.62353,
	5.33238 4.61657,
	5.34352 4.6096,
	5.34631 4.6096,
	5.35605 4.60125,
	5.36023 4.5915,
	5.36023 4.58593,
	5.37555 4.56783,
	5.39505 4.54694,
	5.40201 4.5358,
	5.4048 4.52465,
	5.40758 4.51908,
	5.41315 4.51351,
	5.42429 4.51073,
	5.43543 4.51073,
	5.441 4.51073,
	5.45215 4.50516,
	5.47303 4.48845,
	5.47582 4.48845,
	5.48696 4.48009,
	5.50924 4.47591,
	5.52038 4.47173,
	5.52595 4.47173,
	5.54824 4.46338,
	5.55381 4.46338,
	5.56495 4.4592,
	5.57052 4.45642,
	5.5733 4.45084,
	5.5733 4.44806,
	5.59559 4.43413,
	5.61787 4.43413,
	5.62344 4.43413,
	5.62901 4.42996,
	5.63179 4.42996,
	5.63737 4.42578,
	5.64851 4.42438,
	5.67079 4.42578,
	5.68193 4.42578,
	5.6875 4.42578,
	5.69307 4.42856,
	5.69864 4.42856,
	5.70421 4.42578,
	5.71535 4.42578,
	5.72649 4.42856,
	5.73206 4.42996,
	5.74181 4.4411,
	5.75156 4.44249,
	5.75713 4.43831,
	5.77941 4.43831,
	5.79055 4.4397,
	5.79612 4.44249,
	5.8003 4.44806,
	5.80309 4.45084,
	5.82537 4.45224,
	5.83094 4.45502,
	5.83373 4.45502,
	5.84487 4.46338,
	5.84765 4.46338,
	5.85322 4.46756,
	5.85879 4.46895,
	5.86158 4.47173,
	5.86436 4.47173,
	5.8755 4.48009,
	5.88943 4.50098,
	5.90057 4.50794,
	5.91171 4.50934,
	5.91728 4.50934,
	5.91868 4.50794,
	5.92007 4.51073,
	5.96463 4.50794,
	5.98692 4.50934,
	5.99806 4.50934,
	6.0092 4.51351,
	6.01477 4.51491,
	6.01755 4.51769,
	6.02312 4.51908,
	6.02452 4.52187,
	6.0273 4.52187,
	6.04819 4.53719,
	6.0663 4.55808,
	6.07326 4.56922,
	6.07604 4.57479,
	6.07883 4.57757,
	6.07883 4.58871,
	6.07465 4.59429,
	6.07465 4.59707,
	6.07047 4.60264,
	6.06212 4.62492,
	6.05515 4.66949,
	6.04819 4.69177,
	6.04819 4.69455,
	6.04541 4.69595,
	6.04401 4.70152,
	6.04123 4.7043,
	6.04123 4.70709,
	6.02312 4.72519,
	6.01895 4.72937,
	6.01616 4.72937,
	5.99527 4.74469,
	5.98552 4.75444,
	5.98274 4.75444,
	5.97438 4.76419,
	5.9702 4.76976,
	5.9702 4.79204,
	5.9702 4.80318,
	5.96046 4.81293,
	5.95628 4.8185,
	5.95349 4.82128,
	5.94931 4.83243,
	5.94792 4.838,
	5.94792 4.84078,
	5.92842 4.85889,
	5.92564 4.87003,
	5.92425 4.8756,
	5.91311 4.88535,
	5.90196 4.89231,
	5.89918 4.89509,
	5.89918 4.89788,
	5.895 4.90345,
	5.89361 4.90902,
	5.88386 4.92016,
	5.87272 4.92712,
	5.86715 4.9313,
	5.86436 4.93409,
	5.86158 4.93409,
	5.8574 4.93827,
	5.84626 4.94244,
	5.84069 4.94662,
	5.82955 4.94941,
	5.82398 4.9508,
	5.81841 4.95498,
	5.79612 4.96333,
	5.77384 4.96751,
	5.76827 4.9703,
	5.75713 4.97169,
	5.75156 4.97587,
	5.74878 4.97587,
	5.74321 4.98004,
	5.69864 4.98004,
	5.69307 4.98004,
	5.69029 4.98144,
	5.68889 4.99258,
	5.66661 4.99397,
	5.66522 4.99954,
	5.65686 5.00929,
	5.65129 5.00929,
	5.64851 5.00929,
	5.63737 5.00093,
	5.5928 5.00093,
	5.57052 5.00093,
	5.54824 4.99815,
	5.5371 4.99815,
	5.52595 4.99536,
	5.52038 4.99258,
	5.5176 4.99258,
	5.51064 4.98283,
	5.50785 4.98004,
	5.50785 4.97726,
	5.49253 4.95498,
	5.48975 4.94941,
	5.48 4.93827,
	5.4605 4.92573,
	5.45215 4.91738,
	5.44657 4.91459,
	5.441 4.90902,
	5.42986 4.90345,
	5.42708 4.90066,
	5.42429 4.90066,
	5.40201 4.88674,
	5.39226 4.87977,
	5.37416 4.85889,
	5.35327 4.84078,
	5.34352 4.83382,
	5.33795 4.83243,
	5.32681 4.82268,
	5.32402 4.81989,
	5.31985 4.80875,
	5.31428 4.80318,
	5.31149 4.79761,
	5.31149 4.78647,
	5.31149 4.7809,
	5.31149 4.77951,
	"/>
</Transform>

<Transform dim="0"
 xcoef=" 0 1 0 0 0 0"
 ycoef=" 0 0 1 0 0 0">
<Contour name="d05" hidden="false" closed="true" simplified="true" border="1 0.501961 0" fill="1 0.5 0" mode="11"
 points="5.68471 4.14586,
	5.6875 4.14029,
	5.6875 4.1375,
	5.69168 4.13193,
	5.69307 4.12636,
	5.69168 4.11522,
	5.6875 4.10965,
	5.68611 4.10408,
	5.69725 4.09712,
	5.71953 4.0999,
	5.7251 4.09851,
	5.73346 4.09015,
	5.75574 4.08041,
	5.76549 4.07483,
	5.76967 4.06369,
	5.77941 4.05673,
	5.8017 4.04977,
	5.82398 4.04977,
	5.84626 4.05395,
	5.88943 4.06926,
	5.91171 4.07762,
	5.95628 4.09015,
	5.97856 4.09433,
	6.00084 4.09433,
	6.01198 4.10129,
	6.01755 4.10408,
	6.02312 4.10965,
	6.02452 4.13193,
	6.01616 4.14307,
	6.01477 4.14864,
	6.01755 4.15282,
	6.02869 4.15979,
	6.05098 4.16396,
	6.07326 4.16536,
	6.07883 4.16675,
	6.08301 4.17093,
	6.08161 4.1765,
	6.07604 4.18067,
	6.05376 4.18764,
	6.03148 4.19042,
	6.02034 4.19321,
	6.01755 4.19321,
	6.01477 4.19599,
	6.01198 4.19599,
	6.0078 4.20156,
	6.0078 4.2127,
	6.0078 4.21828,
	6.01198 4.22942,
	6.01338 4.24056,
	6.0078 4.24195,
	6.00223 4.23916,
	5.99945 4.23916,
	5.97717 4.21967,
	5.9716 4.21688,
	5.9702 4.2141,
	5.92564 4.2141,
	5.92007 4.2141,
	5.90893 4.21967,
	5.89779 4.22802,
	5.85322 4.24474,
	5.83094 4.24474,
	5.8198 4.24334,
	5.81423 4.24334,
	5.81144 4.24334,
	5.80866 4.24056,
	5.79752 4.23777,
	5.79195 4.23499,
	5.78916 4.23499,
	5.78359 4.23081,
	5.77245 4.22663,
	5.76967 4.22663,
	5.76131 4.21688,
	5.74042 4.20435,
	5.72371 4.18903,
	5.72092 4.18764,
	5.71953 4.1765,
	5.71257 4.16675,
	5.70143 4.15979,
	5.69586 4.15839,
	5.69307 4.15839,
	5.6875 4.15421,
	5.68471 4.14864,
	5.68471 4.14725,
	"/>
</Transform>

<Transform dim="0"
 xcoef=" 0 1 0 0 0 0"
 ycoef=" 0 0 1 0 0 0">
<Contour name="d05" hidden="false" closed="true" simplified="true" border="1 0.501961 0" fill="1 0.5 0" mode="11"
 points="4.90286 5.51345,
	4.91712 5.49401,
	4.92101 5.48882,
	4.92101 5.48623,
	4.92749 5.47586,
	4.93009 5.47067,
	4.93268 5.46808,
	4.94824 5.4266,
	4.95213 5.42141,
	4.95213 5.41882,
	4.95861 5.40845,
	4.96509 5.40067,
	4.97416 5.39289,
	4.97935 5.39289,
	4.98194 5.39289,
	4.98453 5.39678,
	4.98972 5.40067,
	4.99231 5.40067,
	5.00139 5.40845,
	5.00528 5.41234,
	5.00787 5.41234,
	5.01824 5.43178,
	5.02602 5.44215,
	5.0312 5.44993,
	5.04806 5.46808,
	5.05195 5.47327,
	5.05065 5.48364,
	5.04546 5.48623,
	5.04287 5.48882,
	5.02213 5.49141,
	5.01176 5.49271,
	4.99491 5.50956,
	4.98583 5.51864,
	4.96509 5.52512,
	4.95472 5.52512,
	4.94953 5.52512,
	4.93916 5.5316,
	4.92879 5.5329,
	4.90805 5.52382,
	4.90416 5.51993,
	4.90286 5.51475,
	"/>
<Contour name="d05" hidden="false" closed="true" simplified="true" border="1 0.501961 0" fill="1 0.5 0" mode="11"
 points="4.72656 5.81032,
	4.73045 5.79995,
	4.73174 5.77921,
	4.73434 5.77402,
	4.73434 5.75328,
	4.73434 5.7481,
	4.75378 5.72865,
	4.76156 5.71828,
	4.76415 5.71309,
	4.77452 5.70402,
	4.79397 5.69235,
	4.81471 5.68457,
	4.83545 5.67291,
	4.84323 5.66772,
	4.85231 5.65994,
	4.85749 5.64957,
	4.86008 5.6392,
	4.87175 5.61976,
	4.87694 5.61846,
	4.87953 5.61846,
	4.88731 5.62883,
	4.89768 5.63531,
	4.90027 5.6379,
	4.90546 5.6392,
	4.90805 5.64179,
	4.91064 5.64179,
	4.91972 5.65087,
	4.92361 5.65605,
	4.92361 5.65865,
	4.93787 5.67809,
	4.94694 5.68587,
	4.94824 5.68846,
	4.95342 5.68976,
	4.95213 5.69106,
	4.95472 5.69365,
	4.95601 5.69883,
	4.95861 5.70143,
	4.95861 5.70661,
	4.9612 5.7092,
	4.9625 5.79217,
	4.9599 5.80254,
	4.95861 5.80773,
	4.95861 5.81032,
	4.95472 5.81551,
	4.95083 5.82588,
	4.94694 5.83106,
	4.94694 5.83366,
	4.93138 5.85051,
	4.91323 5.86606,
	4.90286 5.87255,
	4.89768 5.87384,
	4.8886 5.88032,
	4.88342 5.88292,
	4.88083 5.88551,
	4.87823 5.88551,
	4.87305 5.8894,
	4.86268 5.89329,
	4.84193 5.89329,
	4.83156 5.89329,
	4.82119 5.8894,
	4.81601 5.8881,
	4.81341 5.8881,
	4.81082 5.88551,
	4.80564 5.88551,
	4.79526 5.88162,
	4.79008 5.88032,
	4.78749 5.87773,
	4.7823 5.87773,
	4.77712 5.87384,
	4.77193 5.87384,
	4.76934 5.87125,
	4.75897 5.86866,
	4.73822 5.85569,
	4.73045 5.84792,
	4.72656 5.83754,
	4.72656 5.8168,
	4.72656 5.81162,
	"/>
</Transform>

<Transform dim="0"
 xcoef=" 0 1 0 0 0 0"
 ycoef=" 0 0 1 0 0 0">
<Contour name="d05" hidden="false" closed="true" simplified="true" border="1 0.501961 0" fill="1 0.5 0" mode="11"
 points="5.80254 5.32029,
	5.80643 5.31511,
	5.80643 5.31252,
	5.81032 5.30733,
	5.81162 5.30214,
	5.81421 5.29955,
	5.82069 5.27881,
	5.82199 5.27362,
	5.84014 5.26066,
	5.84921 5.25288,
	5.8518 5.25288,
	5.8544 5.25029,
	5.86477 5.25029,
	5.86995 5.25029,
	5.87514 5.2464,
	5.95811 5.2464,
	5.96329 5.2464,
	5.97366 5.25029,
	5.97626 5.25288,
	5.97885 5.25288,
	5.9957 5.26974,
	6.01644 5.2827,
	6.02681 5.28659,
	6.03719 5.28788,
	6.05793 5.29696,
	6.0683 5.30344,
	6.07089 5.30344,
	6.08126 5.31122,
	6.10071 5.33066,
	6.1033 5.33066,
	6.11237 5.33844,
	6.11626 5.34363,
	6.11626 5.34622,
	6.11886 5.34881,
	6.12015 5.35919,
	6.12663 5.36956,
	6.12793 5.37215,
	6.12663 5.37733,
	6.12145 5.38252,
	6.11108 5.38511,
	6.10071 5.38511,
	6.09034 5.389,
	6.04885 5.39159,
	6.03848 5.39548,
	5.997 5.39289,
	5.97626 5.39548,
	5.95551 5.40197,
	5.94514 5.40585,
	5.93996 5.40715,
	5.92959 5.41493,
	5.90885 5.42271,
	5.89847 5.4266,
	5.8881 5.4266,
	5.88292 5.4266,
	5.87255 5.41882,
	5.86866 5.41493,
	5.86347 5.41493,
	5.8531 5.41882,
	5.84792 5.41882,
	5.84273 5.41623,
	5.83366 5.40585,
	5.83366 5.40326,
	5.82977 5.39937,
	5.82977 5.39678,
	5.82588 5.39159,
	5.82588 5.389,
	5.82199 5.38382,
	5.8181 5.37345,
	5.8168 5.36826,
	5.81421 5.36567,
	5.81291 5.36048,
	5.81032 5.35919,
	5.81032 5.35659,
	5.80643 5.35141,
	5.80643 5.34881,
	5.80254 5.34363,
	5.80254 5.32289,
	5.80254 5.32159,
	"/>
</Transform>

<Transform dim="0"
 xcoef=" 0 1 0 0 0 0"
 ycoef=" 0 0 1 0 0 0">
<Contour name="d07" hidden="false" closed="true" simplified="true" border="1 0 1" fill="1 0.5 0" mode="11"
 points="3.35692 2.02135,
	3.38155 1.99672,
	3.41186 1.99294,
	3.44217 1.99294,
	3.45733 1.99672,
	3.4649 1.99672,
	3.46869 2.00051,
	3.52931 2.00999,
	3.54257 2.01946,
	3.54826 2.02514,
	3.54826 2.0403,
	3.54257 2.04787,
	3.54257 2.05166,
	3.535 2.05924,
	3.51984 2.06492,
	3.51226 2.06871,
	3.50469 2.06871,
	3.48953 2.0744,
	3.48195 2.08008,
	3.47438 2.08008,
	3.4668 2.08387,
	3.43649 2.08387,
	3.42133 2.08197,
	3.40618 2.07629,
	3.3986 2.0744,
	3.39102 2.06871,
	3.37776 2.06303,
	3.3626 2.05356,
	3.35692 2.0384,
	3.35692 2.02325,
	"/>
</Transform>

<Transform dim="0"
 xcoef=" 0 1 0 0 0 0"
 ycoef=" 0 0 1 0 0 0">
<Contour name="d07" hidden="false" closed="true" simplified="true" border="1 0 1" fill="1 0.5 0" mode="11"
 points="2.3131 1.20486,
	2.32447 1.17455,
	2.32636 1.14424,
	2.32636 1.12908,
	2.33015 1.11392,
	2.33773 1.10635,
	2.35288 1.10445,
	2.36046 1.10445,
	2.37562 1.11392,
	2.38319 1.11961,
	2.38698 1.12529,
	2.39456 1.12908,
	2.39645 1.13287,
	2.40024 1.13287,
	2.4154 1.14424,
	2.47602 1.17265,
	2.50633 1.18023,
	2.56695 1.18212,
	2.58211 1.18402,
	2.58969 1.1897,
	2.59158 1.20486,
	2.5859 1.21244,
	2.55748 1.23327,
	2.54611 1.24464,
	2.54233 1.25222,
	2.53475 1.2598,
	2.50444 1.27874,
	2.49307 1.292,
	2.48739 1.29958,
	2.48549 1.30716,
	2.47223 1.32042,
	2.46844 1.32421,
	2.45329 1.32989,
	2.39267 1.32989,
	2.38509 1.32989,
	2.3813 1.3261,
	2.36614 1.32421,
	2.35099 1.30905,
	2.3453 1.30147,
	2.34152 1.29958,
	2.34152 1.29579,
	2.33015 1.28253,
	2.32447 1.27495,
	2.32257 1.26737,
	2.31878 1.26358,
	2.3131 1.24843,
	2.3131 1.21812,
	2.3131 1.21054,
	2.3131 1.20675,
	"/>
</Transform>

<Transform dim="0"
 xcoef=" 0 1 0 0 0 0"
 ycoef=" 0 0 1 0 0 0">
<Contour name="d07" hidden="false" closed="true" simplified="true" border="1 0 1" fill="1 0.5 0" mode="11"
 points="2.01378 1.80918,
	2.01946 1.79403,
	2.01946 1.76371,
	2.01946 1.75993,
	2.0403 1.72961,
	2.04409 1.72204,
	2.04788 1.72204,
	2.06114 1.71067,
	2.06872 1.70878,
	2.0763 1.7012,
	2.0763 1.69741,
	2.10471 1.66899,
	2.11797 1.65952,
	2.14639 1.6311,
	2.15965 1.61974,
	2.17481 1.61405,
	2.18049 1.60837,
	2.18428 1.60837,
	2.20701 1.58564,
	2.22217 1.57617,
	2.25248 1.57427,
	2.25627 1.57427,
	2.26953 1.5629,
	2.279 1.54964,
	2.29415 1.54017,
	2.29794 1.54017,
	2.30552 1.53449,
	2.33583 1.52312,
	2.39645 1.52123,
	2.41161 1.52312,
	2.44192 1.53449,
	2.47223 1.54017,
	2.48739 1.54585,
	2.5158 1.5648,
	2.54611 1.57995,
	2.5518 1.58564,
	2.55559 1.58564,
	2.56885 1.597,
	2.57264 1.597,
	2.58211 1.61027,
	2.5859 1.61784,
	2.5859 1.62542,
	2.59726 1.63489,
	2.61242 1.63868,
	2.61621 1.64058,
	2.62 1.63679,
	2.62568 1.64247,
	2.64084 1.64437,
	2.64841 1.64815,
	2.66357 1.65005,
	2.67115 1.65384,
	2.6863 1.64815,
	2.69388 1.64247,
	2.69767 1.63868,
	2.71282 1.63868,
	2.74124 1.65194,
	2.76776 1.67657,
	2.77913 1.68983,
	2.78102 1.69362,
	2.7886 1.69551,
	2.79807 1.71067,
	2.80186 1.71256,
	2.80186 1.71635,
	2.81323 1.73151,
	2.81891 1.73909,
	2.8227 1.73909,
	2.83407 1.75045,
	2.83786 1.76561,
	2.83786 1.77319,
	2.84164 1.78076,
	2.84164 1.78455,
	2.86248 1.81297,
	2.86817 1.82055,
	2.87196 1.8357,
	2.87196 1.84328,
	2.87574 1.85086,
	2.87574 1.85844,
	2.88143 1.86601,
	2.89658 1.87549,
	2.89848 1.89064,
	2.89279 1.9039,
	2.87385 1.93232,
	2.86248 1.94747,
	2.83786 1.97021,
	2.82838 1.98157,
	2.8246 1.98157,
	2.81323 1.99294,
	2.79807 2.0081,
	2.77723 2.03462,
	2.75071 2.06303,
	2.74503 2.07061,
	2.71851 2.09145,
	2.71472 2.09524,
	2.71093 2.09524,
	2.68441 2.11608,
	2.6541 2.13692,
	2.64652 2.14071,
	2.63894 2.14071,
	2.63515 2.14449,
	2.57453 2.14828,
	2.55937 2.15018,
	2.54422 2.15586,
	2.53664 2.15965,
	2.53285 2.16344,
	2.5177 2.16912,
	2.51391 2.16912,
	2.50633 2.17481,
	2.49118 2.18049,
	2.43055 2.18238,
	2.40024 2.18807,
	2.33962 2.19375,
	2.32447 2.19754,
	2.29415 2.21459,
	2.28658 2.22027,
	2.22596 2.22406,
	2.19564 2.22785,
	2.16533 2.23732,
	2.13502 2.23922,
	2.11987 2.23732,
	2.11229 2.23732,
	2.09713 2.23164,
	2.08387 2.21838,
	2.07819 2.21269,
	2.07819 2.20512,
	2.07819 2.20133,
	2.08577 2.19375,
	2.09903 2.18428,
	2.10471 2.18049,
	2.11608 2.16533,
	2.11608 2.16154,
	2.12176 2.15586,
	2.13313 2.09524,
	2.13881 2.08008,
	2.13692 2.04977,
	2.13123 2.03462,
	2.13123 2.02704,
	2.12555 2.01946,
	2.12555 2.01567,
	2.11608 2.00052,
	2.1104 1.99483,
	2.10282 1.99294,
	2.09903 1.99294,
	2.08387 1.97778,
	2.07061 1.96831,
	2.05546 1.95505,
	2.04788 1.94937,
	2.04788 1.91906,
	2.04788 1.91148,
	2.03462 1.88117,
	2.02893 1.86601,
	2.02325 1.85844,
	2.01946 1.85465,
	2.01378 1.83949,
	2.01378 1.81108,
	"/>
</Transform>

<Transform dim="0"
 xcoef=" 0 1 0 0 0 0"
 ycoef=" 0 0 1 0 0 0">
<Contour name="d07" hidden="false" closed="true" simplified="true" border="1 0 1" fill="1 0.5 0" mode="11"
 points="2.93826 2.36614,
	2.94963 2.35288,
	2.96478 2.3472,
	2.98941 2.31689,
	2.9932 2.3131,
	2.99699 2.3131,
	3.00267 2.30742,
	3.00646 2.30742,
	3.01025 2.30363,
	3.0254 2.30363,
	3.03298 2.30552,
	3.03488 2.30363,
	3.05382 2.33015,
	3.0614 2.3453,
	3.06329 2.37562,
	3.06329 2.39077,
	3.06329 2.39835,
	3.05572 2.4135,
	3.05003 2.42108,
	3.04245 2.42487,
	3.03867 2.42866,
	3.02351 2.42866,
	3.00835 2.41919,
	3.00457 2.41919,
	2.99699 2.4135,
	2.98941 2.41161,
	2.98562 2.40782,
	2.97804 2.40782,
	2.97426 2.40403,
	2.9591 2.40024,
	2.95152 2.39645,
	2.94773 2.39645,
	2.93826 2.38319,
	2.93826 2.36804,
	"/>
</Transform>

<Transform dim="0"
 xcoef=" 0 1 0 0 0 0"
 ycoef=" 0 0 1 0 0 0">
<Contour name="d07" hidden="false" closed="true" simplified="true" border="1 0 1" fill="1 0.5 0" mode="11"
 points="1.60269 0.50013,
	1.61216 0.486869,
	1.61784 0.471713,
	1.62353 0.441402,
	1.633 0.428141,
	1.64058 0.420563,
	1.67089 0.403514,
	1.68604 0.395936,
	1.69362 0.394041,
	1.69741 0.390253,
	1.72772 0.376992,
	1.75803 0.375097,
	1.77319 0.371308,
	1.78834 0.361836,
	1.79592 0.356153,
	1.79971 0.356153,
	1.81108 0.346681,
	1.84139 0.33342,
	1.8717 0.331525,
	1.87927 0.329631,
	1.89443 0.318264,
	1.90959 0.314475,
	1.9399 0.312581,
	1.97021 0.295531,
	1.97778 0.289848,
	1.99294 0.287953,
	2.00052 0.287953,
	2.0081 0.293637,
	2.01188 0.293637,
	2.02515 0.305003,
	2.05546 0.31637,
	2.07061 0.327736,
	2.0763 0.33342,
	2.08008 0.33342,
	2.09524 0.346681,
	2.1085 0.352364,
	2.13881 0.352364,
	2.15397 0.348575,
	2.16912 0.35047,
	2.1767 0.352364,
	2.19186 0.361836,
	2.19943 0.363731,
	2.21838 0.388358,
	2.23164 0.395936,
	2.2449 0.409197,
	2.25058 0.416775,
	2.26195 0.447085,
	2.27142 0.458452,
	2.28468 0.471713,
	2.28468 0.486869,
	2.28468 0.494446,
	2.28468 0.498235,
	2.28089 0.502024,
	2.279 0.509602,
	2.27521 0.513391,
	2.27521 0.517179,
	2.26574 0.532335,
	2.26384 0.54749,
	2.26384 0.555068,
	2.26953 0.570223,
	2.26953 0.577801,
	2.26195 0.592957,
	2.26195 0.653578,
	2.26195 0.683889,
	2.25248 0.7142,
	2.24679 0.729356,
	2.24301 0.736933,
	2.23543 0.742617,
	2.23353 0.746405,
	2.22974 0.746405,
	2.21648 0.759666,
	2.21269 0.763455,
	2.20891 0.778611,
	2.20701 0.808922,
	2.20701 0.81271,
	2.20133 0.818394,
	2.20133 0.822183,
	2.19375 0.827866,
	2.16344 0.827866,
	2.14828 0.831655,
	2.14071 0.839232,
	2.13123 0.852493,
	2.10092 0.854388,
	2.07061 0.843021,
	2.0403 0.84681,
	2.03272 0.848705,
	2.02515 0.856282,
	2.02325 0.860071,
	1.99294 0.858177,
	1.98536 0.854388,
	1.97021 0.854388,
	1.95505 0.860071,
	1.94747 0.860071,
	1.88685 0.835444,
	1.87927 0.831655,
	1.86412 0.831655,
	1.83381 0.818394,
	1.81865 0.808922,
	1.81108 0.803238,
	1.78076 0.791872,
	1.77129 0.778611,
	1.77129 0.771033,
	1.76371 0.755878,
	1.75803 0.7483,
	1.74288 0.746405,
	1.7353 0.740722,
	1.73151 0.738828,
	1.72961 0.73125,
	1.72583 0.727461,
	1.72583 0.712306,
	1.72583 0.704728,
	1.72014 0.699045,
	1.72014 0.695256,
	1.67846 0.634634,
	1.67468 0.630845,
	1.67468 0.627056,
	1.64626 0.604323,
	1.63868 0.602429,
	1.6311 0.594851,
	1.62732 0.587273,
	1.62353 0.583484,
	1.61216 0.553174,
	1.60648 0.545596,
	1.60269 0.53044,
	1.60269 0.502024,
	"/>
</Transform>

<Transform dim="0"
 xcoef=" 0 1 0 0 0 0"
 ycoef=" 0 0 1 0 0 0">
<Contour name="d10" hidden="false" closed="true" simplified="true" border="0 1 1" fill="1 0.5 0" mode="11"
 points="6.03151 7.2589,
	6.0441 7.24788,
	6.09445 7.24631,
	6.11963 7.24473,
	6.13222 7.24316,
	6.15739 7.23529,
	6.16998 7.23372,
	6.18257 7.23844,
	6.23293 7.24001,
	6.24551 7.24316,
	6.27069 7.26204,
	6.29587 7.27621,
	6.29744 7.27306,
	6.3478 7.28722,
	6.35409 7.29037,
	6.36196 7.30296,
	6.36668 7.31555,
	6.36668 7.31869,
	6.37455 7.33128,
	6.38556 7.34387,
	6.39815 7.35331,
	6.4013 7.35646,
	6.4013 7.36905,
	6.39973 7.37534,
	6.39973 7.37849,
	6.39343 7.38321,
	6.36825 7.39108,
	6.35567 7.3958,
	6.33049 7.39737,
	6.3179 7.39894,
	6.31161 7.40209,
	6.29902 7.40367,
	6.27384 7.41311,
	6.22348 7.4257,
	6.19831 7.44615,
	6.19201 7.4493,
	6.18887 7.45245,
	6.16369 7.45717,
	6.1511 7.45874,
	6.14481 7.45874,
	6.13222 7.45087,
	6.10861 7.42884,
	6.09917 7.41625,
	6.09445 7.40996,
	6.09603 7.38478,
	6.09445 7.37219,
	6.08501 7.34702,
	6.07714 7.33443,
	6.05511 7.30925,
	6.0378 7.28407,
	6.03308 7.27149,
	6.03151 7.26047,
	"/>
</Transform>

<Transform dim="0"
 xcoef=" 0 1 0 0 0 0"
 ycoef=" 0 0 1 0 0 0">
<Contour name="d10" hidden="false" closed="true" simplified="true" border="0 1 1" fill="1 0.5 0" mode="11"
 points="4.48941 6.61216,
	4.49413 6.59957,
	4.50514 6.58855,
	4.51301 6.57754,
	4.51616 6.57124,
	4.54133 6.5618,
	4.55392 6.56023,
	4.56651 6.55551,
	4.5791 6.54764,
	4.59169 6.53663,
	4.60428 6.52876,
	4.61057 6.52561,
	4.71128 6.52718,
	4.73646 6.52718,
	4.74275 6.52561,
	4.75377 6.51302,
	4.76636 6.51145,
	4.77894 6.51302,
	4.79153 6.52089,
	4.80412 6.53191,
	4.81042 6.54449,
	4.81514 6.55079,
	4.82143 6.55236,
	4.84661 6.54292,
	4.87178 6.54449,
	4.89696 6.55394,
	4.90798 6.56652,
	4.93315 6.5681,
	4.93945 6.56495,
	4.9426 6.56495,
	4.94574 6.5618,
	4.95833 6.56338,
	4.97092 6.57282,
	4.97721 6.57911,
	4.98351 6.5917,
	4.9961 6.59013,
	5.00869 6.58069,
	5.01498 6.57597,
	5.02757 6.57282,
	5.02914 6.57124,
	5.03072 6.57439,
	5.0433 6.57439,
	5.05589 6.57754,
	5.0732 6.60272,
	5.09366 6.62789,
	5.1031 6.64048,
	5.1031 6.64363,
	5.11254 6.65464,
	5.11884 6.65936,
	5.13142 6.66251,
	5.1566 6.67353,
	5.16762 6.68139,
	5.16604 6.70657,
	5.16604 6.71287,
	5.16919 6.71916,
	5.17548 6.72388,
	5.18807 6.7286,
	5.19437 6.73332,
	5.19751 6.73647,
	5.19751 6.74906,
	5.19279 6.76165,
	5.18021 6.77109,
	5.16762 6.77738,
	5.14244 6.79469,
	5.09209 6.81515,
	5.06691 6.81672,
	5.05432 6.81672,
	5.02914 6.81043,
	5.00397 6.79941,
	4.99138 6.79312,
	4.98508 6.7884,
	4.97879 6.78682,
	4.95518 6.76794,
	4.90483 6.7349,
	4.89224 6.7286,
	4.88595 6.72703,
	4.86077 6.71129,
	4.84818 6.705,
	4.79783 6.70657,
	4.78524 6.70815,
	4.76006 6.71601,
	4.75377 6.71601,
	4.74118 6.72073,
	4.716 6.72231,
	4.66565 6.71916,
	4.61529 6.70815,
	4.56494 6.70657,
	4.51458 6.68612,
	4.50357 6.6751,
	4.49885 6.66251,
	4.49098 6.64992,
	4.48941 6.62475,
	4.48941 6.61373,
	"/>
</Transform>

<Transform dim="0"
 xcoef=" 0 1 0 0 0 0"
 ycoef=" 0 0 1 0 0 0">
<Contour name="d10" hidden="false" closed="true" simplified="true" border="0 1 1" fill="1 0.5 0" mode="11"
 points="5.32497 6.25653,
	5.33756 6.23135,
	5.34071 6.22506,
	5.33914 6.19988,
	5.33914 6.18729,
	5.34071 6.18257,
	5.3533 6.1747,
	5.35802 6.16212,
	5.35802 6.14953,
	5.36431 6.13694,
	5.38949 6.11648,
	5.40208 6.10547,
	5.41782 6.08029,
	5.44142 6.05511,
	5.4666 6.03308,
	5.47918 6.02521,
	5.4902 6.0142,
	5.49492 6.00791,
	5.50279 5.98273,
	5.51066 5.97014,
	5.52324 5.95755,
	5.53269 5.94496,
	5.54527 5.93237,
	5.57045 5.91349,
	5.58147 5.90248,
	5.58461 5.88989,
	5.58461 5.88674,
	5.59091 5.88202,
	5.6035 5.88045,
	5.60979 5.88045,
	5.63497 5.86314,
	5.65228 5.83796,
	5.66172 5.82537,
	5.67431 5.81436,
	5.6869 5.80806,
	5.73725 5.80177,
	5.76243 5.79705,
	5.77502 5.79233,
	5.7876 5.78446,
	5.79862 5.77187,
	5.81121 5.764,
	5.83639 5.75299,
	5.88674 5.73725,
	5.89303 5.7341,
	5.90405 5.72151,
	5.90562 5.71522,
	5.91506 5.70263,
	5.92608 5.69476,
	5.95126 5.6869,
	5.97329 5.66329,
	5.98588 5.65228,
	5.99846 5.65228,
	6.00476 5.65542,
	6.01105 5.65228,
	6.01892 5.63969,
	6.01892 5.63654,
	6.02836 5.62395,
	6.04095 5.61294,
	6.05354 5.60664,
	6.07872 5.60035,
	6.0913 5.5972,
	6.0976 5.59563,
	6.12278 5.5736,
	6.13064 5.56101,
	6.14166 5.55,
	6.15425 5.54213,
	6.16054 5.53741,
	6.16369 5.53426,
	6.16212 5.50908,
	6.16841 5.49649,
	6.1747 5.4902,
	6.18729 5.48233,
	6.21247 5.48391,
	6.23765 5.49492,
	6.25024 5.49492,
	6.27541 5.48076,
	6.27856 5.47761,
	6.29115 5.47761,
	6.29744 5.47918,
	6.31003 5.49177,
	6.31633 5.49807,
	6.31947 5.50121,
	6.32577 5.50121,
	6.33836 5.49492,
	6.34465 5.49177,
	6.35724 5.49177,
	6.36353 5.49335,
	6.36983 5.49807,
	6.36983 5.50121,
	6.37297 5.50279,
	6.42333 5.48705,
	6.47368 5.47761,
	6.49886 5.47446,
	6.51145 5.46817,
	6.53663 5.44771,
	6.54292 5.44299,
	6.55551 5.43827,
	6.58069 5.43512,
	6.59327 5.42726,
	6.60586 5.41624,
	6.61845 5.40837,
	6.63104 5.40523,
	6.63733 5.40365,
	6.66251 5.3832,
	6.67038 5.37061,
	6.67195 5.34543,
	6.67353 5.33284,
	6.6751 5.32655,
	6.69556 5.30137,
	6.72073 5.27619,
	6.73175 5.2636,
	6.75693 5.2463,
	6.80728 5.22112,
	6.83246 5.2101,
	6.85764 5.20538,
	6.87022 5.20538,
	6.88281 5.20853,
	6.88911 5.20853,
	6.9017 5.21482,
	6.95205 5.24787,
	6.96464 5.25574,
	6.97565 5.26675,
	6.98824 5.29193,
	6.99611 5.31711,
	6.99926 5.34228,
	7.00712 5.35487,
	7.01971 5.36589,
	7.0323 5.37375,
	7.04489 5.38634,
	7.07321 5.4367,
	7.08266 5.44929,
	7.09524 5.46188,
	7.10783 5.47132,
	7.12042 5.48391,
	7.1456 5.49964,
	7.14875 5.50121,
	7.14875 5.5138,
	7.1456 5.51695,
	7.14717 5.52324,
	7.15347 5.52954,
	7.15504 5.55472,
	7.15504 5.5673,
	7.15819 5.5736,
	7.16133 5.57675,
	7.15976 5.58933,
	7.14717 5.60192,
	7.13458 5.60664,
	7.122 5.60822,
	7.10941 5.61451,
	7.09682 5.62395,
	7.07164 5.63497,
	6.97093 5.64913,
	6.87022 5.65385,
	6.84505 5.65385,
	6.83246 5.65857,
	6.7821 5.66015,
	6.76952 5.66015,
	6.75693 5.66329,
	6.73175 5.66329,
	6.68139 5.63339,
	6.65622 5.61923,
	6.55551 5.61923,
	6.53033 5.62081,
	6.51774 5.62553,
	6.49257 5.62553,
	6.46739 5.61923,
	6.4548 5.61766,
	6.44221 5.62238,
	6.39186 5.62553,
	6.36668 5.63969,
	6.3415 5.6507,
	6.32891 5.65228,
	6.30374 5.66801,
	6.25338 5.68375,
	6.22821 5.69476,
	6.17785 5.72781,
	6.15267 5.73725,
	6.14009 5.74197,
	6.1275 5.75299,
	6.11963 5.76557,
	6.11648 5.77187,
	6.11019 5.77659,
	6.05983 5.78131,
	6.03466 5.78918,
	6.00948 5.80334,
	5.99846 5.81436,
	5.9906 5.82694,
	5.98273 5.85212,
	5.98588 5.8773,
	5.98588 5.88359,
	6.00476 5.93395,
	6.02207 5.95912,
	6.03623 5.9843,
	6.0441 6.00948,
	6.0441 6.03466,
	6.04252 6.04724,
	6.0378 6.05983,
	6.04252 6.07242,
	6.0677 6.08344,
	6.09288 6.08344,
	6.10547 6.08344,
	6.15582 6.0976,
	6.181 6.10861,
	6.19359 6.11806,
	6.21247 6.14323,
	6.2345 6.16841,
	6.24551 6.181,
	6.24866 6.18729,
	6.24709 6.21247,
	6.24394 6.21562,
	6.23922 6.22821,
	6.22821 6.24079,
	6.22191 6.24551,
	6.19673 6.25181,
	6.14638 6.26912,
	6.13379 6.26912,
	6.1275 6.26912,
	6.11491 6.27384,
	6.08973 6.29587,
	6.06455 6.32105,
	6.03938 6.34308,
	6.02836 6.35409,
	5.97801 6.38714,
	5.97171 6.39186,
	5.94654 6.39658,
	5.92136 6.39815,
	5.90877 6.39815,
	5.88359 6.39343,
	5.871 6.39343,
	5.85842 6.39815,
	5.83324 6.41231,
	5.80806 6.42333,
	5.75771 6.43906,
	5.74512 6.44064,
	5.71994 6.44851,
	5.70735 6.4548,
	5.70106 6.45795,
	5.69476 6.46424,
	5.68218 6.46896,
	5.657 6.46896,
	5.64441 6.46739,
	5.59406 6.45008,
	5.56888 6.44851,
	5.5437 6.43906,
	5.53111 6.43277,
	5.51852 6.42962,
	5.49335 6.41861,
	5.44299 6.40287,
	5.4304 6.39973,
	5.41782 6.39186,
	5.39264 6.36983,
	5.36746 6.35252,
	5.35487 6.34465,
	5.33442 6.32105,
	5.32655 6.29587,
	5.32497 6.27069,
	5.32497 6.2581,
	"/>
</Transform>

<Transform dim="0"
 xcoef=" 0 1 0 0 0 0"
 ycoef=" 0 0 1 0 0 0">
<Contour name="d11" hidden="false" closed="true" simplified="true" border="1 0.501961 0" fill="1 0.5 0" mode="11"
 points="1.86151 6.77983,
	1.86888 6.76804,
	1.86888 6.75625,
	1.87035 6.75036,
	1.88951 6.7312,
	1.89983 6.71941,
	1.9013 6.69582,
	1.90572 6.68403,
	1.9072 6.67224,
	1.91604 6.64866,
	1.91751 6.6015,
	1.92636 6.57791,
	1.92636 6.56612,
	1.92636 6.56023,
	1.92636 6.55728,
	1.9352 6.54549,
	1.9411 6.53959,
	1.95289 6.5337,
	2.00005 6.52633,
	2.04722 6.50717,
	2.0708 6.50717,
	2.08259 6.50717,
	2.10617 6.51454,
	2.11796 6.51896,
	2.12386 6.52191,
	2.14744 6.52191,
	2.17102 6.51748,
	2.18281 6.51748,
	2.20639 6.52485,
	2.22998 6.52338,
	2.24177 6.51601,
	2.25356 6.51159,
	2.26535 6.51012,
	2.27124 6.51012,
	2.29483 6.50275,
	2.30662 6.49832,
	2.3302 6.48359,
	2.34199 6.47474,
	2.36115 6.45116,
	2.37736 6.42758,
	2.39505 6.38041,
	2.398 6.37452,
	2.39947 6.35094,
	2.40242 6.33915,
	2.41126 6.32735,
	2.43485 6.31409,
	2.45401 6.29198,
	2.45843 6.28019,
	2.4599 6.2684,
	2.46727 6.24482,
	2.47464 6.23303,
	2.4938 6.20944,
	2.50559 6.19913,
	2.51296 6.18734,
	2.5218 6.16375,
	2.53359 6.15638,
	2.58076 6.13722,
	2.59255 6.12985,
	2.60139 6.11806,
	2.61318 6.10922,
	2.61613 6.10627,
	2.63971 6.09743,
	2.6515 6.09301,
	2.67509 6.07974,
	2.69867 6.07385,
	2.71046 6.07237,
	2.75762 6.05616,
	2.78121 6.04879,
	2.793 6.04437,
	2.79889 6.03258,
	2.81068 6.02374,
	2.83427 6.02374,
	2.84606 6.02374,
	2.85195 6.02521,
	2.87553 6.02374,
	2.87848 6.02374,
	2.89027 6.01489,
	2.91386 6.01342,
	2.93744 6.01784,
	2.94333 6.01784,
	2.95512 6.01194,
	2.97871 6.01194,
	2.9905 6.01342,
	3.01408 6.02226,
	3.03766 6.03847,
	3.04945 6.04732,
	3.05977 6.05911,
	3.07303 6.08269,
	3.07746 6.09448,
	3.0863 6.10627,
	3.09072 6.11806,
	3.10693 6.14165,
	3.10988 6.14459,
	3.11578 6.16818,
	3.11578 6.17997,
	3.11135 6.19176,
	3.10693 6.19765,
	3.09514 6.20355,
	3.09219 6.20355,
	3.0804 6.21239,
	3.07156 6.22271,
	3.06714 6.2345,
	3.06861 6.24629,
	3.07893 6.26987,
	3.08188 6.28166,
	3.08188 6.29346,
	3.07893 6.30525,
	3.07156 6.31704,
	3.02587 6.35388,
	3.01408 6.36125,
	2.99197 6.38041,
	2.97134 6.40252,
	2.94775 6.42316,
	2.92417 6.44084,
	2.91238 6.44969,
	2.86522 6.46885,
	2.84164 6.48359,
	2.81805 6.49243,
	2.80921 6.50422,
	2.80331 6.50864,
	2.79152 6.50864,
	2.76794 6.4998,
	2.75615 6.49538,
	2.70899 6.49685,
	2.6972 6.50127,
	2.6913 6.50422,
	2.68835 6.50717,
	2.67656 6.50717,
	2.66477 6.50422,
	2.65887 6.50275,
	2.65298 6.49832,
	2.64561 6.48653,
	2.64266 6.48064,
	2.63087 6.47327,
	2.6235 6.46148,
	2.62055 6.45558,
	2.62055 6.45263,
	2.61466 6.44674,
	2.60287 6.44232,
	2.59108 6.44379,
	2.58518 6.44526,
	2.57928 6.44969,
	2.5557 6.45116,
	2.53212 6.46148,
	2.52033 6.4659,
	2.49675 6.46443,
	2.47317 6.46885,
	2.44958 6.47916,
	2.426 6.48211,
	2.41421 6.48506,
	2.40832 6.48801,
	2.40242 6.4939,
	2.39358 6.51748,
	2.38768 6.52928,
	2.38326 6.53517,
	2.37147 6.53517,
	2.36557 6.53517,
	2.35968 6.53222,
	2.3361 6.5337,
	2.3243 6.53812,
	2.31841 6.53959,
	2.30662 6.54696,
	2.2963 6.55875,
	2.28893 6.57054,
	2.28893 6.59413,
	2.28893 6.60002,
	2.29483 6.61181,
	2.29777 6.6236,
	2.29777 6.6295,
	2.29777 6.63245,
	2.3022 6.63834,
	2.30367 6.64424,
	2.3022 6.65013,
	2.2963 6.65603,
	2.24914 6.67666,
	2.22703 6.6973,
	2.20345 6.71204,
	2.19166 6.72088,
	2.18576 6.72235,
	2.17986 6.72678,
	2.1327 6.74594,
	2.12091 6.75036,
	2.09733 6.7651,
	2.07375 6.77099,
	2.05016 6.77394,
	2.03837 6.77836,
	2.03542 6.77836,
	2.01184 6.79457,
	1.98826 6.79605,
	1.98236 6.79605,
	1.95878 6.81079,
	1.91162 6.80784,
	1.89983 6.81226,
	1.88804 6.81226,
	1.87625 6.80636,
	1.86445 6.79605,
	1.86151 6.79015,
	1.86151 6.78426,
	1.86151 6.78131,
	"/>
</Transform>

<Transform dim="0"
 xcoef=" 0 1 0 0 0 0"
 ycoef=" 0 0 1 0 0 0">
<Contour name="d01p05" hidden="false" closed="true" simplified="false" border="1 1 0" fill="1 1 0" mode="-9"
 points="4.1469 4.29496,
	4.1469 4.22828,
	4.08022 4.22828,
	4.08022 4.28662,
	4.07189 4.29496,
	4.07189 4.21995,
	4.15523 4.21995,
	4.15523 4.30329,
	4.07189 4.30329,
	4.08022 4.29496,
	"/>
</Transform>

<Transform dim="0"
 xcoef=" 0 1 0 0 0 0"
 ycoef=" 0 0 1 0 0 0">
<Contour name="d01c05" hidden="false" closed="true" simplified="true" border="1 0 0" fill="1 0 0" mode="11"
 points="3.55501 3.89632,
	3.56938 3.86758,
	3.59273 3.84063,
	3.59992 3.83345,
	3.61429 3.82806,
	3.62148 3.82806,
	3.62507 3.82806,
	3.63225 3.83524,
	3.63585 3.84961,
	3.63405 3.86398,
	3.62327 3.89273,
	3.61788 3.9071,
	3.61609 3.92147,
	3.61609 3.92865,
	3.63225 3.9574,
	3.63405 4.01488,
	3.63405 4.02925,
	3.661 4.08673,
	3.66638 4.10111,
	3.66638 4.11548,
	3.66459 4.12266,
	3.6592 4.12805,
	3.6574 4.12625,
	3.65561 4.13344,
	3.64124 4.14242,
	3.62686 4.14422,
	3.61968 4.14422,
	3.6089 4.12985,
	3.58914 4.07236,
	3.58016 4.01488,
	3.57297 3.98614,
	3.5604 3.9574,
	3.55501 3.92865,
	3.55501 3.89991,
	3.55501 3.89812,
	"/>
</Transform>

<Transform dim="0"
 xcoef=" 0 1 0 0 0 0"
 ycoef=" 0 0 1 0 0 0">
<Contour name="d01cfa05" hidden="false" closed="false" simplified="false" border="0 0 1" fill="1 0 0" mode="11"
 points="3.64093 4.13683,
	3.6068 4.03803,
	3.59243 3.91947,
	3.6086 3.83504,
	"/>
</Transform>

<Transform dim="0"
 xcoef=" 0 1 0 0 0 0"
 ycoef=" 0 0 1 0 0 0">
<Contour name="d03c07" hidden="false" closed="true" simplified="true" border="1 0 0" fill="1 0 0" mode="11"
 points="4.67967 3.62844,
	4.69258 3.6026,
	4.71681 3.57838,
	4.72488 3.56546,
	4.72972 3.55254,
	4.7378 3.53962,
	4.74426 3.53478,
	4.77009 3.53316,
	4.77655 3.53801,
	4.77817 3.56384,
	4.77655 3.58968,
	4.77009 3.61552,
	4.76686 3.62844,
	4.77009 3.63974,
	4.76202 3.66558,
	4.75718 3.6785,
	4.75556 3.68495,
	4.74587 3.69787,
	4.73941 3.70272,
	4.71358 3.7011,
	4.70712 3.69787,
	4.68935 3.67204,
	4.6829 3.65912,
	4.67967 3.63328,
	4.67967 3.63005,
	"/>
</Transform>

<Transform dim="1"
 xcoef=" -0.01 1 0 0 0 0"
 ycoef=" 0 0 1 0 0 0">
<Contour name="d03cfa07" hidden="false" closed="true" simplified="true" border="0 0 1" fill="1 0 0" mode="11"
 points="4.67967 3.62844,
	4.69258 3.6026,
	4.71681 3.57838,
	4.72488 3.56546,
	4.72972 3.55254,
	4.7378 3.53962,
	4.74426 3.53478,
	4.77009 3.53316,
	4.77655 3.53801,
	4.77817 3.56384,
	4.77655 3.58968,
	4.77009 3.61552,
	4.76686 3.62844,
	4.77009 3.63974,
	4.76202 3.66558,
	4.75718 3.6785,
	4.75556 3.68495,
	4.74587 3.69787,
	4.73941 3.70272,
	4.71358 3.7011,
	4.70712 3.69787,
	4.68935 3.67204,
	4.6829 3.65912,
	4.67967 3.63328,
	4.67967 3.63005,
	"/>
</Transform>

<Transform dim="0"
 xcoef=" 0 1 0 0 0 0"
 ycoef=" 0 0 1 0 0 0">
<Contour name="d03cfa07" hidden="false" closed="false" simplified="false" border="0 0 1" fill="1 0 0" mode="11"
 points="4.75887 3.53626,
	4.76371 3.53626,
	4.76856 3.54756,
	4.76856 3.55564,
	4.76371 3.5847,
	4.76533 3.61054,
	4.75887 3.63638,
	4.75725 3.65414,
	4.75241 3.67675,
	4.73949 3.68966,
	4.72011 3.68966,
	"/>
</Transform>

<Transform dim="0"
 xcoef=" 0 1 0 0 0 0"
 ycoef=" 0 0 1 0 0 0">
<Contour name="d04p05" hidden="false" closed="true" simplified="false" border="1 0 0" fill="1 0 0" mode="11"
 points="3.3975 5.30497,
	3.3975 5.25715,
	3.34968 5.25715,
	3.34968 5.29899,
	3.34371 5.30497,
	3.34371 5.25117,
	3.40348 5.25117,
	3.40348 5.31095,
	3.34371 5.31095,
	3.34968 5.30497,
	"/>
</Transform>

<Transform dim="0"
 xcoef=" 0 1 0 0 0 0"
 ycoef=" 0 0 1 0 0 0">
<Contour name="d04p06" hidden="false" closed="true" simplified="false" border="1 0 0" fill="1 0 0" mode="11"
 points="3.24807 5.1914,
	3.22715 5.17048,
	3.24807 5.14956,
	3.26899 5.17048,
	"/>
</Transform>

<Transform dim="0"
 xcoef=" 0 1 0 0 0 0"
 ycoef=" 0 0 1 0 0 0">
<Contour name="d04c05" hidden="false" closed="true" simplified="true" border="1 0 0" fill="1 0 0" mode="11"
 points="3.82511 4.94808,
	3.83804 4.93515,
	3.85281 4.9333,
	3.86759 4.93884,
	3.88236 4.95362,
	3.89714 4.96285,
	3.92669 4.97209,
	3.95624 4.97763,
	4.01535 4.98132,
	4.03012 4.98132,
	4.03751 4.98132,
	4.05229 4.98871,
	4.05783 4.99425,
	4.05598 5.0238,
	4.04675 5.03858,
	4.03936 5.04412,
	4.00981 5.04412,
	3.98025 5.03858,
	3.9507 5.03858,
	3.93593 5.03858,
	3.90638 5.03119,
	3.8916 5.02565,
	3.87682 5.01641,
	3.84727 4.9924,
	3.8325 4.97947,
	3.82695 4.97209,
	3.82511 4.95731,
	3.82511 4.94992,
	"/>
</Transform>

<Transform dim="0"
 xcoef=" 0 1 0 0 0 0"
 ycoef=" 0 0 1 0 0 0">
<Contour name="d04cfa05" hidden="false" closed="false" simplified="false" border="0 0 1" fill="0 0 1" mode="11"
 points="4.04796 4.98592,
	4.03684 4.99148,
	3.9812 4.99334,
	3.92 4.9785,
	3.87178 4.95996,
	3.84767 4.93584,
	"/>
</Transform>

<Transform dim="0"
 xcoef=" 0 1 0 0 0 0"
 ycoef=" 0 0 1 0 0 0">
<Contour name="d10p08" hidden="false" closed="true" simplified="false" border="1 0 0" fill="0 1 0" mode="11"
 points="5.91199 5.79841,
	5.91199 5.7731,
	5.93729 5.7731,
	5.93729 5.7478,
	5.9626 5.7478,
	5.9626 5.7731,
	5.9879 5.7731,
	5.9879 5.79841,
	5.9626 5.79841,
	5.9626 5.82371,
	5.93729 5.82371,
	5.93729 5.79841,
	"/>
</Transform>

<Transform dim="0"
 xcoef=" 0 1 0 0 0 0"
 ycoef=" 0 0 1 0 0 0">
<Contour name="d03c06" hidden="false" closed="true" simplified="true" border="1 0 0" fill="1 0 0" mode="11"
 points="4.25297 2.10666,
	4.25658 2.09946,
	4.27099 2.08864,
	4.29983 2.09044,
	4.32866 2.09765,
	4.34308 2.10306,
	4.3575 2.10306,
	4.38633 2.11207,
	4.39354 2.11567,
	4.39354 2.13009,
	4.39174 2.1373,
	4.38633 2.14451,
	4.37912 2.14631,
	4.35029 2.1409,
	4.29262 2.14271,
	4.2782 2.14271,
	4.26379 2.1391,
	4.25658 2.1337,
	4.25297 2.13009,
	4.25297 2.11567,
	4.25297 2.10847,
	"/>
<Contour name="d03cfa06" hidden="false" closed="false" simplified="false" border="0 0 1" fill="0 0 1" mode="11"
 points="4.38977 2.11486,
	4.30633 2.11261,
	4.25446 2.11261,
	"/>
</Transform>

<Transform dim="0"
 xcoef=" 0 1 0 0 0 0"
 ycoef=" 0 0 1 0 0 0">
<Contour name="d10c05" hidden="false" closed="true" simplified="true" border="1 0 0" fill="1 0 0" mode="11"
 points="4.73041 6.72161,
	4.73509 6.71412,
	4.74258 6.70757,
	4.75755 6.70195,
	4.7613 6.70195,
	4.77628 6.69727,
	4.79126 6.6954,
	4.82121 6.6954,
	4.83619 6.6954,
	4.84368 6.6954,
	4.85866 6.70008,
	4.8624 6.70195,
	4.86989 6.70289,
	4.87364 6.70383,
	4.87738 6.70664,
	4.87645 6.70851,
	4.87832 6.70851,
	4.8933 6.71787,
	4.90079 6.72161,
	4.90453 6.72442,
	4.90828 6.72536,
	4.93823 6.74502,
	4.95321 6.75719,
	4.9607 6.76187,
	4.96819 6.76936,
	4.97193 6.77685,
	4.97287 6.78059,
	4.97006 6.78808,
	4.96632 6.79183,
	4.96257 6.7937,
	4.9607 6.79557,
	4.94572 6.79463,
	4.93074 6.78621,
	4.90079 6.76561,
	4.8933 6.76,
	4.87832 6.75251,
	4.87457 6.7497,
	4.81466 6.72817,
	4.7847 6.7291,
	4.77721 6.73004,
	4.76972 6.73285,
	4.75475 6.73472,
	4.73977 6.73472,
	4.73602 6.73378,
	4.73228 6.73098,
	4.73041 6.73004,
	4.73041 6.72255,
	"/>
</Transform>

<Transform dim="0"
 xcoef=" 0 1 0 0 0 0"
 ycoef=" 0 0 1 0 0 0">
<Contour name="d10cfa05" hidden="false" closed="false" simplified="false" border="0 0 1" fill="0 0 1" mode="11"
 points="4.97062 6.78669,
	4.88918 6.7352,
	4.85079 6.71274,
	4.83769 6.71274,
	4.80118 6.7118,
	4.73377 6.72678,
	"/>
</Transform>

<Transform dim="0"
 xcoef=" 0 1 0 0 0 0"
 ycoef=" 0 0 1 0 0 0">
<Contour name="d10c06" hidden="false" closed="true" simplified="true" border="1 0 0" fill="1 0 0" mode="11"
 points="6.17856 7.4475,
	6.1851 7.43703,
	6.19425 7.42656,
	6.20472 7.42002,
	6.24658 7.40563,
	6.26751 7.39909,
	6.27798 7.39255,
	6.28844 7.38863,
	6.33031 7.38863,
	6.34077 7.38863,
	6.35124 7.39124,
	6.36039 7.39909,
	6.36432 7.40433,
	6.36432 7.40956,
	6.3617 7.41479,
	6.35124 7.42133,
	6.33031 7.42656,
	6.31984 7.43049,
	6.27798 7.43703,
	6.23612 7.45011,
	6.21519 7.45927,
	6.20472 7.46581,
	6.2021 7.46843,
	6.19164 7.46843,
	6.18117 7.46581,
	6.17856 7.4645,
	6.17856 7.45404,
	6.17856 7.4488,
	"/>
</Transform>

<Transform dim="0"
 xcoef=" 0 1 0 0 0 0"
 ycoef=" 0 0 1 0 0 0">
<Contour name="d10cfa06" hidden="false" closed="false" simplified="false" border="0 0 1" fill="0 0 1" mode="11"
 points="6.17734 7.45695,
	6.2022 7.45172,
	6.22705 7.42948,
	6.35787 7.39677,
	"/>
</Transform>

<Transform dim="0"
 xcoef=" 0 1 0 0 0 0"
 ycoef=" 0 0 1 0 0 0">
<Contour name="d11p01" hidden="false" closed="true" simplified="false" border="1 0 0" fill="1 0 0" mode="11"
 points="2.41822 6.4398,
	2.40767 6.43629,
	2.41822 6.43277,
	2.41119 6.42222,
	2.42174 6.42925,
	2.42525 6.41871,
	2.42877 6.42925,
	2.43932 6.42222,
	2.43228 6.43277,
	2.44283 6.43629,
	2.43228 6.4398,
	2.43932 6.45035,
	2.42877 6.44332,
	2.42525 6.45387,
	2.42174 6.44332,
	2.41119 6.45035,
	"/>
</Transform>

<Transform dim="0"
 xcoef=" 0 1 0 0 0 0"
 ycoef=" 0 0 1 0 0 0">
<Contour name="d11p09" hidden="false" closed="true" simplified="false" border="1 0 0" fill="1 0.5 0" mode="11"
 points="2.91733 6.37238,
	2.91733 6.36891,
	2.9208 6.36543,
	2.92428 6.36543,
	2.92775 6.36891,
	2.92775 6.37238,
	2.92428 6.37585,
	2.9208 6.37585,
	"/>
</Transform>

<Transform dim="0"
 xcoef=" 0 1 0 0 0 0"
 ycoef=" 0 0 1 0 0 0">
<Contour name="d11c09" hidden="false" closed="true" simplified="true" border="1 0 0" fill="0 1 1" mode="11"
 points="2.81681 6.4811,
	2.83071 6.46894,
	2.85849 6.45158,
	2.87238 6.44289,
	2.90017 6.43074,
	2.91406 6.42379,
	2.94185 6.40469,
	2.9679 6.38211,
	3.02 6.32828,
	3.04778 6.31265,
	3.06168 6.31091,
	3.06862 6.31265,
	3.07557 6.31786,
	3.07731 6.33175,
	3.07557 6.34564,
	3.06515 6.35954,
	3.03736 6.37864,
	3.02347 6.38732,
	2.99742 6.41337,
	2.99395 6.41684,
	2.99569 6.42032,
	2.9679 6.43768,
	2.94011 6.45852,
	2.88454 6.48805,
	2.85675 6.5002,
	2.84286 6.50368,
	2.82897 6.50194,
	2.81681 6.48978,
	2.81681 6.48284,
	"/>
<Contour name="d11cfa09" hidden="false" closed="false" simplified="false" border="0 0 1" fill="0 1 1" mode="11"
 points="2.82702 6.49742,
	2.9347 6.44706,
	2.99548 6.38627,
	3.0771 6.32028,
	"/>
</Transform>

<Transform dim="0"
 xcoef=" 0 1 0 0 0 0"
 ycoef=" 0 0 1 0 0 0">
<Contour name="d01ser" hidden="false" closed="true" simplified="true" border="0 0.501961 0.501961" fill="0 0.501961 0.501961" mode="-9"
 points="3.9187 4.20205,
	3.92214 4.19861,
	3.92673 4.19861,
	3.93246 4.20664,
	3.94049 4.20778,
	3.9577 4.2204,
	3.96 4.22499,
	3.96917 4.23073,
	3.9772 4.2399,
	3.97835 4.24908,
	3.97491 4.25252,
	3.97032 4.25252,
	3.96573 4.25023,
	3.96114 4.24564,
	3.95197 4.2399,
	3.94623 4.23073,
	3.94279 4.22614,
	3.93361 4.22614,
	3.92902 4.22499,
	3.92214 4.21696,
	3.9187 4.21237,
	3.9187 4.20319,
	"/>
</Transform>

<Transform dim="0"
 xcoef=" 0 1 0 0 0 0"
 ycoef=" 0 0 1 0 0 0">
<Contour name="d01mito01" hidden="false" closed="true" simplified="true" border="1 0 0" fill="1 0 0" mode="11"
 points="3.71541 4.32951,
	3.7181 4.31878,
	3.72748 4.29733,
	3.7315 4.2866,
	3.73821 4.27588,
	3.74759 4.26649,
	3.7543 4.25577,
	3.75832 4.2504,
	3.76905 4.24638,
	3.77441 4.2437,
	3.77977 4.2437,
	3.80123 4.23565,
	3.82268 4.22493,
	3.83341 4.2209,
	3.83877 4.21822,
	3.88168 4.21956,
	3.8924 4.22359,
	3.90313 4.23029,
	3.91251 4.23968,
	3.92592 4.26113,
	3.94604 4.28124,
	3.95408 4.29197,
	3.95944 4.30269,
	3.96213 4.30806,
	3.96213 4.31878,
	3.9581 4.34024,
	3.95944 4.35096,
	3.96749 4.36169,
	3.96749 4.37242,
	3.96749 4.37778,
	3.95542 4.39655,
	3.94872 4.40728,
	3.94335 4.41264,
	3.93263 4.418,
	3.91117 4.43275,
	3.90581 4.43409,
	3.90045 4.43812,
	3.89777 4.43812,
	3.87631 4.45018,
	3.86559 4.45555,
	3.86022 4.45823,
	3.8495 4.45823,
	3.84413 4.45823,
	3.83341 4.45287,
	3.82402 4.44214,
	3.81732 4.43275,
	3.77441 4.41935,
	3.76368 4.41532,
	3.75832 4.41264,
	3.74759 4.40191,
	3.72346 4.35901,
	3.71676 4.34828,
	3.71541 4.33756,
	3.71541 4.33219,
	3.71541 4.33085,
	"/>
</Transform>

<Transform dim="0"
 xcoef=" 0 1 0 0 0 0"
 ycoef=" 0 0 1 0 0 0">
<Contour name="d01ser" hidden="false" closed="true" simplified="true" border="0 0.501961 0.501961" fill="0 0.501961 0.501961" mode="-9"
 points="3.49016 4.52661,
	3.49552 4.52527,
	3.50088 4.52661,
	3.51027 4.536,
	3.50893 4.54672,
	3.50625 4.55209,
	3.50088 4.55343,
	3.49552 4.55075,
	3.4915 4.54538,
	3.49016 4.53466,
	3.49016 4.52929,
	3.49016 4.52795,
	"/>
</Transform>

<Transform dim="0"
 xcoef=" 0 1 0 0 0 0"
 ycoef=" 0 0 1 0 0 0">
<Contour name="d01ser" hidden="false" closed="true" simplified="true" border="0 0.501961 0.501961" fill="0 0.501961 0.501961" mode="-9"
 points="4.12013 4.31822,
	4.13281 4.31188,
	4.14549 4.31346,
	4.15024 4.3198,
	4.15024 4.32614,
	4.13756 4.33406,
	4.12489 4.33406,
	4.12013 4.32772,
	4.12013 4.32139,
	4.12013 4.3198,
	"/>
</Transform>

<Transform dim="0"
 xcoef=" 0 1 0 0 0 0"
 ycoef=" 0 0 1 0 0 0">
<Contour name="d01ser" hidden="false" closed="true" simplified="true" border="0 0.501961 0.501961" fill="0 0.501961 0.501961" mode="-9"
 points="3.70777 4.47638,
	3.71038 4.47508,
	3.71558 4.47638,
	3.71558 4.46598,
	3.71688 4.46338,
	3.72208 4.46468,
	3.72728 4.46858,
	3.73769 4.47118,
	3.74679 4.48028,
	3.75069 4.48548,
	3.74809 4.49589,
	3.74419 4.50109,
	3.73379 4.49979,
	3.72858 4.49589,
	3.72598 4.49329,
	3.71558 4.49199,
	3.71038 4.48939,
	3.70777 4.48678,
	3.70777 4.47768,
	"/>
</Transform>

<Transform dim="0"
 xcoef=" 0 1 0 0 0 0"
 ycoef=" 0 0 1 0 0 0">
<Contour name="d01ser" hidden="false" closed="true" simplified="true" border="0.251 0.502 0.502" fill="0 0.502 0.502" mode="-9"
 points="4.07525 4.58875,
	4.08462 4.57937,
	4.10338 4.57234,
	4.11042 4.57937,
	4.11276 4.59813,
	4.11276 4.60282,
	4.10338 4.60751,
	4.08462 4.60517,
	4.07525 4.59813,
	4.07525 4.5911,
	"/>
</Transform>

<Transform dim="0"
 xcoef=" 0 1 0 0 0 0"
 ycoef=" 0 0 1 0 0 0">
<Contour name="d02ser" hidden="false" closed="true" simplified="true" border="0.251 0.502 0.502" fill="0 0.502 0.502" mode="-9"
 points="4.27697 4.77942,
	4.28106 4.77534,
	4.28923 4.77534,
	4.2974 4.78147,
	4.30557 4.79781,
	4.30761 4.80598,
	4.30557 4.82232,
	4.30148 4.82436,
	4.29331 4.82232,
	4.28514 4.81619,
	4.27697 4.79985,
	4.27697 4.78351,
	4.27697 4.78147,
	"/>
</Transform>

<Transform dim="0"
 xcoef=" 0 1 0 0 0 0"
 ycoef=" 0 0 1 0 0 0">
<Contour name="d02ser" hidden="false" closed="true" simplified="true" border="0.251 0.502 0.502" fill="0 0.502 0.502" mode="-9"
 points="4.27084 4.89176,
	4.28514 4.87542,
	4.29944 4.86521,
	4.30761 4.86521,
	4.31578 4.87134,
	4.31578 4.90402,
	4.31374 4.92036,
	4.30557 4.9224,
	4.2974 4.91831,
	4.29331 4.91423,
	4.28514 4.91423,
	4.28106 4.91423,
	4.27289 4.9081,
	4.27084 4.8938,
	"/>
</Transform>

<Transform dim="0"
 xcoef=" 0 1 0 0 0 0"
 ycoef=" 0 0 1 0 0 0">
<Contour name="d02ser" hidden="false" closed="true" simplified="true" border="0.251 0.502 0.502" fill="0 0.502 0.502" mode="-9"
 points="4.212 4.83925,
	4.21862 4.83263,
	4.22358 4.81939,
	4.2302 4.81939,
	4.24179 4.83097,
	4.24179 4.84421,
	4.24013 4.84587,
	4.23517 4.84256,
	4.23351 4.84918,
	4.23186 4.85249,
	4.21862 4.85083,
	4.212 4.84587,
	4.212 4.8409,
	"/>
</Transform>

<Transform dim="0"
 xcoef=" 0 1 0 0 0 0"
 ycoef=" 0 0 1 0 0 0">
<Contour name="d02ser" hidden="false" closed="true" simplified="true" border="0.251 0.502 0.502" fill="0 0.502 0.502" mode="-9"
 points="4.18717 4.93358,
	4.1971 4.922,
	4.20372 4.92034,
	4.21034 4.922,
	4.21696 4.92696,
	4.22358 4.92696,
	4.22855 4.93193,
	4.22855 4.94517,
	4.2302 4.95179,
	4.2302 4.9551,
	4.25503 4.97992,
	4.26827 4.98654,
	4.28151 4.98985,
	4.29475 4.98985,
	4.32123 4.97661,
	4.33282 4.96503,
	4.32289 4.95344,
	4.32289 4.9402,
	4.32951 4.93689,
	4.33613 4.93689,
	4.34771 4.94848,
	4.35102 4.96172,
	4.34937 4.97496,
	4.34109 4.9882,
	4.32785 4.99978,
	4.32123 5.00309,
	4.29475 5.00475,
	4.26827 5.00309,
	4.24179 4.99647,
	4.2302 4.9882,
	4.22027 4.97496,
	4.19545 4.95675,
	4.18717 4.94517,
	4.18717 4.93855,
	4.18717 4.93524,
	"/>
</Transform>

<Transform dim="0"
 xcoef=" 0 1 0 0 0 0"
 ycoef=" 0 0 1 0 0 0">
<Contour name="d02ser" hidden="false" closed="true" simplified="true" border="0.251 0.502 0.502" fill="0 0.502 0.502" mode="-9"
 points="4.3593 4.76477,
	4.36426 4.75815,
	4.36592 4.75484,
	4.37254 4.75484,
	4.37585 4.75484,
	4.38743 4.76643,
	4.3924 4.77305,
	4.3924 4.78629,
	4.39074 4.79291,
	4.39074 4.79622,
	4.38743 4.79787,
	4.37585 4.78629,
	4.36923 4.78463,
	4.36261 4.77967,
	4.3593 4.77801,
	4.3593 4.76643,
	"/>
</Transform>

<Transform dim="0"
 xcoef=" 0 1 0 0 0 0"
 ycoef=" 0 0 1 0 0 0">
<Contour name="d03ser" hidden="false" closed="true" simplified="true" border="0.251 0.502 0.502" fill="0 0.502 0.502" mode="-9"
 points="3.84379 2.92339,
	3.85488 2.91507,
	3.86597 2.91369,
	3.87152 2.91369,
	3.87568 2.91785,
	3.87706 2.92339,
	3.87706 2.92616,
	3.87983 2.92755,
	3.87013 2.93725,
	3.86736 2.94002,
	3.85627 2.94002,
	3.85072 2.94002,
	3.84518 2.93448,
	3.84379 2.92478,
	"/>
</Transform>

<Transform dim="0"
 xcoef=" 0 1 0 0 0 0"
 ycoef=" 0 0 1 0 0 0">
<Contour name="d03ser" hidden="false" closed="true" simplified="true" border="0.251 0.502 0.502" fill="0 0.502 0.502" mode="-9"
 points="4.00875 3.30042,
	4.03092 3.29626,
	4.04063 3.30458,
	4.04063 3.31013,
	4.03785 3.31567,
	4.02677 3.31706,
	4.01568 3.31428,
	4.01013 3.31151,
	4.00875 3.30181,
	"/>
</Transform>

<Transform dim="0"
 xcoef=" 0 1 0 0 0 0"
 ycoef=" 0 0 1 0 0 0">
<Contour name="d03ser" hidden="false" closed="true" simplified="true" border="0.251 0.502 0.502" fill="0 0.502 0.502" mode="-9"
 points="3.50594 3.07301,
	3.51367 3.06528,
	3.52913 3.06721,
	3.5388 3.08074,
	3.54653 3.08461,
	3.54846 3.09234,
	3.53493 3.102,
	3.53107 3.10973,
	3.52913 3.1136,
	3.5214 3.1136,
	3.50787 3.10007,
	3.50594 3.08461,
	3.50594 3.07688,
	3.50594 3.07495,
	"/>
</Transform>

<Transform dim="0"
 xcoef=" 0 1 0 0 0 0"
 ycoef=" 0 0 1 0 0 0">
<Contour name="d01ser" hidden="false" closed="true" simplified="true" border="0.251 0.502 0.502" fill="0 0.502 0.502" mode="-9"
 points="3.76446 3.92241,
	3.77616 3.91364,
	3.82296 3.91949,
	3.83466 3.92241,
	3.85514 3.94581,
	3.86391 3.95751,
	3.86391 3.98091,
	3.84929 4.00139,
	3.82589 4.01309,
	3.80249 4.01016,
	3.77909 4.00139,
	3.76446 3.97799,
	3.76446 3.93119,
	3.76446 3.92534,
	"/>
</Transform>

<Transform dim="0"
 xcoef=" 0 1 0 0 0 0"
 ycoef=" 0 0 1 0 0 0">
<Contour name="d01MT1" hidden="false" closed="true" simplified="false" border="1 0.501961 0" fill="1 0.498039 0" mode="-9"
 points="3.98606 4.42235,
	3.98606 4.41649,
	3.99191 4.41063,
	3.99777 4.41063,
	4.00363 4.41649,
	4.00363 4.42235,
	3.99777 4.42821,
	3.99191 4.42821,
	"/>
<Contour name="d01MT2" hidden="false" closed="true" simplified="false" border="1 0.501961 0" fill="1 0.498039 0" mode="-9"
 points="4.11784 4.38721,
	4.11784 4.38135,
	4.12369 4.37549,
	4.12955 4.37549,
	4.13541 4.38135,
	4.13541 4.38721,
	4.12955 4.39306,
	4.12369 4.39306,
	"/>
<Contour name="d01MT3" hidden="false" closed="true" simplified="false" border="1 0.501961 0" fill="1 0.498039 0" mode="-9"
 points="4.04463 4.36085,
	4.04463 4.35499,
	4.05048 4.34914,
	4.05634 4.34914,
	4.0622 4.35499,
	4.0622 4.36085,
	4.05634 4.36671,
	4.05048 4.36671,
	"/>
<Contour name="d01MT4" hidden="false" closed="true" simplified="false" border="1 0.501961 0" fill="1 0.498039 0" mode="-9"
 points="3.55558 4.52484,
	3.55558 4.51899,
	3.56144 4.51313,
	3.56729 4.51313,
	3.57315 4.51899,
	3.57315 4.52484,
	3.56729 4.5307,
	3.56144 4.5307,
	"/>
<Contour name="d01MT5" hidden="false" closed="true" simplified="false" border="1 0.501961 0" fill="1 0.498039 0" mode="-9"
 points="3.60829 4.61562,
	3.60829 4.60977,
	3.61415 4.60391,
	3.62001 4.60391,
	3.62586 4.60977,
	3.62586 4.61562,
	3.62001 4.62148,
	3.61415 4.62148,
	"/>
<Contour name="d01MT6" hidden="false" closed="true" simplified="false" border="1 0.501961 0" fill="1 0.498039 0" mode="-9"
 points="3.7225 4.4897,
	3.7225 4.48385,
	3.72836 4.47799,
	3.73421 4.47799,
	3.74007 4.48385,
	3.74007 4.4897,
	3.73421 4.49556,
	3.72836 4.49556,
	"/>
<Contour name="d01MT7" hidden="false" closed="true" simplified="false" border="1 0.501961 0" fill="1 0.498039 0" mode="-9"
 points="3.6815 4.5922,
	3.6815 4.58634,
	3.68736 4.58048,
	3.69322 4.58048,
	3.69907 4.58634,
	3.69907 4.5922,
	3.69322 4.59805,
	3.68736 4.59805,
	"/>
<Contour name="d01MT8" hidden="false" closed="true" simplified="false" border="1 0.501961 0" fill="1 0.498039 0" mode="-9"
 points="3.77814 4.63612,
	3.77814 4.63027,
	3.784 4.62441,
	3.78985 4.62441,
	3.79571 4.63027,
	3.79571 4.63612,
	3.78985 4.64198,
	3.784 4.64198,
	"/>
<Contour name="d01MT9" hidden="false" closed="true" simplified="false" border="1 0.501961 0" fill="1 0.498039 0" mode="-9"
 points="3.86892 4.49263,
	3.86892 4.48677,
	3.87478 4.48092,
	3.88063 4.48092,
	3.88649 4.48677,
	3.88649 4.49263,
	3.88063 4.49849,
	3.87478 4.49849,
	"/>
</Transform>

<Transform dim="0"
 xcoef=" 0 1 0 0 0 0"
 ycoef=" 0 0 1 0 0 0">
<Contour name="d01MT10" hidden="false" closed="true" simplified="false" border="1 0.501961 0" fill="1 0.498039 0" mode="-9"
 points="3.78693 4.55706,
	3.78693 4.5512,
	3.79278 4.54534,
	3.79864 4.54534,
	3.8045 4.5512,
	3.8045 4.55706,
	3.79864 4.56291,
	3.79278 4.56291,
	"/>
<Contour name="d01MT11" hidden="false" closed="true" simplified="false" border="1 0.501961 0" fill="1 0.498039 0" mode="-9"
 points="3.84257 4.6127,
	3.84257 4.60684,
	3.84842 4.60098,
	3.85428 4.60098,
	3.86014 4.60684,
	3.86014 4.6127,
	3.85428 4.61855,
	3.84842 4.61855,
	"/>
</Transform>

<Transform dim="0"
 xcoef=" 0 1 0 0 0 0"
 ycoef=" 0 0 1 0 0 0">
<Contour name="d01MT13" hidden="false" closed="true" simplified="false" border="1 0.501961 0" fill="1 0.498039 0" mode="-9"
 points="4.09441 4.48385,
	4.09441 4.47799,
	4.10027 4.47213,
	4.10612 4.47213,
	4.11198 4.47799,
	4.11198 4.48385,
	4.10612 4.4897,
	4.10027 4.4897,
	"/>
<Contour name="d01MT14" hidden="false" closed="true" simplified="false" border="1 0.501961 0" fill="1 0.498039 0" mode="-9"
 points="3.61708 4.47506,
	3.61708 4.4692,
	3.62293 4.46335,
	3.62879 4.46335,
	3.63465 4.4692,
	3.63465 4.47506,
	3.62879 4.48092,
	3.62293 4.48092,
	"/>
<Contour name="d01MT15" hidden="false" closed="true" simplified="false" border="1 0.501961 0" fill="1 0.498039 0" mode="-9"
 points="4.04755 4.273,
	4.04755 4.26714,
	4.05341 4.26129,
	4.05927 4.26129,
	4.06512 4.26714,
	4.06512 4.273,
	4.05927 4.27886,
	4.05341 4.27886,
	"/>
<Contour name="d01MT16" hidden="false" closed="true" simplified="false" border="1 0.501961 0" fill="1 0.498039 0" mode="-9"
 points="4.12955 4.32278,
	4.12955 4.31693,
	4.13541 4.31107,
	4.14126 4.31107,
	4.14712 4.31693,
	4.14712 4.32278,
	4.14126 4.32864,
	4.13541 4.32864,
	"/>
</Transform>

<Transform dim="0"
 xcoef=" 0 1 0 0 0 0"
 ycoef=" 0 0 1 0 0 0">
<Contour name="d01MT17" hidden="false" closed="true" simplified="false" border="1 0.501961 0" fill="1 0.498039 0" mode="-9"
 points="3.61415 4.38135,
	3.61415 4.37549,
	3.62001 4.36964,
	3.62586 4.36964,
	3.63172 4.37549,
	3.63172 4.38135,
	3.62586 4.38721,
	3.62001 4.38721,
	"/>
</Transform>

<Transform dim="0"
 xcoef=" 0 1 0 0 0 0"
 ycoef=" 0 0 1 0 0 0">
<Contour name="Ax01" hidden="false" closed="true" simplified="true" border="1 0.502 0" fill="1 0.498 0" mode="-11"
 points="3.31279 5.12323,
	3.34741 5.0713,
	3.35779 5.05746,
	3.41318 5.03669,
	3.44087 5.03323,
	3.46856 5.04015,
	3.49626 5.05746,
	3.50664 5.0713,
	3.50318 5.08515,
	3.50318 5.09207,
	3.47895 5.11977,
	3.45472 5.13708,
	3.43049 5.16131,
	3.40625 5.17862,
	3.39241 5.18554,
	3.36472 5.18554,
	3.33702 5.17515,
	3.31971 5.15785,
	3.31971 5.15092,
	3.31279 5.144,
	3.31279 5.13015,
	3.31279 5.12669,
	"/>
</Transform>

<Transform dim="0"
 xcoef=" 0 1 0 0 0 0"
 ycoef=" 0 0 1 0 0 0">
<Contour name="Ax03" hidden="false" closed="true" simplified="true" border="1 0.502 0.753" fill="1 0.502 0.753" mode="-11"
 points="5.98011 5.84655,
	6.00014 5.81983,
	6.0135 5.80982,
	6.04021 5.7998,
	6.05356 5.7998,
	6.06692 5.79312,
	6.09363 5.79646,
	6.14705 5.82317,
	6.16375 5.84655,
	6.17043 5.8599,
	6.18378 5.86992,
	6.21049 5.87994,
	6.23721 5.89663,
	6.24388 5.90999,
	6.24055 5.9367,
	6.24722 5.99012,
	6.2539 6.00348,
	6.24388 6.0569,
	6.24388 6.07026,
	6.23053 6.08361,
	6.20382 6.09363,
	6.09697 6.07026,
	6.07026 6.0736,
	6.0569 6.07026,
	6.04689 6.06024,
	6.04355 6.03353,
	6.04689 6.02017,
	6.05356 6.0135,
	5.9968 5.90999,
	5.98344 5.88328,
	5.98011 5.85656,
	5.98011 5.84989,
	"/>
</Transform>

<Transform dim="0"
 xcoef=" 0 1 0 0 0 0"
 ycoef=" 0 0 1 0 0 0">
<Contour name="Ax04" hidden="false" closed="true" simplified="true" border="1 0 0" fill="1 0 0" mode="-11"
 points="8.20264 6.82941,
	8.21315 6.81103,
	8.23415 6.79265,
	8.25516 6.77952,
	8.26566 6.77952,
	8.27616 6.77427,
	8.36018 6.78215,
	8.38119 6.78477,
	8.4022 6.7979,
	8.41007 6.8084,
	8.41532 6.82941,
	8.42845 6.84516,
	8.4337 6.85042,
	8.43896 6.85042,
	8.45733 6.87142,
	8.46259 6.89243,
	8.45996 6.93444,
	8.45733 6.94494,
	8.44158 6.96595,
	8.42058 6.96857,
	8.37856 6.96332,
	8.33655 6.96332,
	8.29717 6.93706,
	8.28667 6.93444,
	8.28141 6.92919,
	8.27091 6.92919,
	8.26041 6.92393,
	8.22102 6.88192,
	8.20264 6.86092,
	8.20264 6.83991,
	8.20264 6.83204,
	"/>
</Transform>

<Transform dim="0"
 xcoef=" 0 1 0 0 0 0"
 ycoef=" 0 0 1 0 0 0">
<Contour name="d04" hidden="false" closed="true" simplified="true" border="1 0 0" fill="1 0 0" mode="-11"
 points="3.58257 5.86779,
	3.59692 5.85755,
	3.62971 5.84525,
	3.63381 5.84115,
	3.65021 5.83705,
	3.6584 5.83295,
	3.6912 5.83295,
	3.70759 5.835,
	3.71989 5.8514,
	3.72604 5.8596,
	3.73014 5.87599,
	3.72809 5.90878,
	3.72809 5.92518,
	3.72399 5.93338,
	3.72194 5.94978,
	3.71989 5.95797,
	3.71579 5.96207,
	3.71579 5.96617,
	3.6994 5.98257,
	3.683 5.98257,
	3.65226 5.96002,
	3.62971 5.92928,
	3.61536 5.91903,
	3.60717 5.91493,
	3.58257 5.88214,
	3.58257 5.87394,
	3.58257 5.86984,
	"/>
</Transform>

<Transform dim="0"
 xcoef=" 0 1 0 0 0 0"
 ycoef=" 0 0 1 0 0 0">
<Contour name="d05p07dia" hidden="false" closed="false" simplified="true" border="1 0 1" fill="1 0 1" mode="-9"
 points="4.73447 5.85271,
	4.96035 5.70053,
	"/>
</Transform>

<Transform dim="0"
 xcoef=" 0 1 0 0 0 0"
 ycoef=" 0 0 1 0 0 0">
<Contour name="d10SA08" hidden="false" closed="true" simplified="false" border="0 0 0.627" fill="0 0 0.502" mode="-9"
 points="6.13218 5.66539,
	6.11826 5.65148,
	6.13218 5.63756,
	6.1461 5.65148,
	"/>
</Transform>

<Transform dim="0"
 xcoef=" 0 1 0 0 0 0"
 ycoef=" 0 0 1 0 0 0">
<Contour name="d05cfa07" hidden="false" closed="false" simplified="false" border="0 0 1" fill="1 0 0" mode="11"
 points="4.85914 5.90944,
	4.95839 5.83907,
	"/>
</Transform>

<Transform dim="0"
 xcoef=" 0 1 0 0 0 0"
 ycoef=" 0 0 1 0 0 0">
<Contour name="d05ax07" hidden="false" closed="true" simplified="true" border="0 1 1" fill="0 1 1" mode="-11"
 points="4.79487 6.06623,
	4.79978 6.05642,
	4.80713 6.04662,
	4.81204 6.03681,
	4.81939 6.02823,
	4.83901 6.01964,
	4.84882 6.01474,
	4.85372 6.01229,
	4.85985 6.00248,
	4.86353 5.99267,
	4.86108 5.97306,
	4.85863 5.96325,
	4.85617 5.95834,
	4.84637 5.95467,
	4.84146 5.95221,
	4.83165 5.94241,
	4.82552 5.9326,
	4.8243 5.92279,
	4.82552 5.91298,
	4.82675 5.90808,
	4.83165 5.9044,
	4.83411 5.90195,
	4.85372 5.8995,
	4.85863 5.8995,
	4.87824 5.89214,
	4.89786 5.88111,
	4.91747 5.86762,
	4.93709 5.85781,
	4.9469 5.84801,
	4.96651 5.84188,
	4.98613 5.84065,
	4.99103 5.84065,
	5.01065 5.85168,
	5.02046 5.86026,
	5.03027 5.86639,
	5.03517 5.86885,
	5.05479 5.86762,
	5.06459 5.86762,
	5.08421 5.85781,
	5.09402 5.85414,
	5.10382 5.84801,
	5.14306 5.83207,
	5.16267 5.82349,
	5.18229 5.81736,
	5.22152 5.81368,
	5.26075 5.81245,
	5.29998 5.80877,
	5.33922 5.80264,
	5.37845 5.80019,
	5.39806 5.80142,
	5.4373 5.79897,
	5.45691 5.79651,
	5.49614 5.77199,
	5.5317 5.73399,
	5.55009 5.71805,
	5.58932 5.69721,
	5.62855 5.68004,
	5.63836 5.67391,
	5.67759 5.64204,
	5.69721 5.62855,
	5.71682 5.60894,
	5.73767 5.5697,
	5.74134 5.5648,
	5.74625 5.54518,
	5.76464 5.50595,
	5.77199 5.49614,
	5.79161 5.47775,
	5.80142 5.4704,
	5.84065 5.45078,
	5.86026 5.4422,
	5.87988 5.44097,
	5.91911 5.43239,
	5.95834 5.414,
	5.97796 5.40665,
	5.99758 5.40297,
	6.00738 5.39929,
	6.08585 5.39806,
	6.10546 5.39929,
	6.11527 5.39929,
	6.12018 5.39929,
	6.13979 5.4091,
	6.1496 5.41523,
	6.15941 5.42504,
	6.16431 5.42994,
	6.17657 5.44956,
	6.1778 5.45936,
	6.1778 5.46427,
	6.16554 5.5035,
	6.14224 5.54273,
	6.13489 5.55254,
	6.11527 5.57093,
	6.09566 5.58442,
	6.08585 5.59055,
	6.06623 5.59668,
	6.06133 5.60035,
	6.05888 5.60035,
	6.04907 5.60771,
	6.03068 5.62733,
	6.02087 5.63591,
	6.00125 5.64449,
	5.99145 5.64817,
	5.98164 5.65675,
	5.97183 5.66288,
	5.96202 5.67269,
	5.94241 5.68372,
	5.9326 5.68985,
	5.92769 5.6923,
	5.91176 5.71192,
	5.89214 5.73031,
	5.88233 5.73644,
	5.86272 5.73889,
	5.8431 5.74747,
	5.80387 5.77322,
	5.78425 5.77935,
	5.77935 5.7818,
	5.74012 5.78793,
	5.70089 5.79038,
	5.68127 5.79161,
	5.67146 5.79284,
	5.65185 5.80142,
	5.64204 5.80632,
	5.62242 5.82226,
	5.61261 5.82962,
	5.53415 5.86272,
	5.51453 5.87252,
	5.49492 5.88478,
	5.48511 5.89459,
	5.4753 5.8995,
	5.46549 5.90195,
	5.44588 5.91176,
	5.42626 5.92892,
	5.42013 5.93873,
	5.41155 5.95834,
	5.40787 5.97796,
	5.40665 6.01719,
	5.40297 6.03681,
	5.39561 6.05642,
	5.38948 6.06623,
	5.37967 6.07481,
	5.36619 6.09443,
	5.33431 6.13366,
	5.3147 6.15083,
	5.30489 6.15696,
	5.26566 6.17167,
	5.24604 6.17535,
	5.20681 6.19374,
	5.18719 6.20477,
	5.17738 6.20967,
	5.13815 6.21458,
	5.09892 6.22193,
	5.0793 6.23052,
	5.0695 6.23665,
	5.06092 6.24523,
	5.0413 6.25504,
	5.00207 6.26239,
	4.98245 6.26362,
	4.90399 6.25626,
	4.89418 6.25381,
	4.87456 6.24278,
	4.86966 6.23787,
	4.86476 6.23542,
	4.8574 6.22561,
	4.85004 6.206,
	4.84514 6.16676,
	4.84146 6.15696,
	4.82307 6.13979,
	4.81694 6.12998,
	4.81326 6.11037,
	4.80959 6.10056,
	4.7961 6.08094,
	4.79487 6.07114,
	4.79487 6.06746,
	"/>
</Transform>

<Transform dim="0"
 xcoef=" 0 1 0 0 0 0"
 ycoef=" 0 0 1 0 0 0">
<Contour name="d05ax05" hidden="false" closed="true" simplified="true" border="0 1 1" fill="0 1 1" mode="-11"
 points="6.60382 4.13792,
	6.62236 4.08399,
	6.6291 4.0705,
	6.65439 4.04353,
	6.67967 4.02499,
	6.69315 4.02331,
	6.69989 4.02331,
	6.75383 4.04859,
	6.77743 4.0705,
	6.79091 4.07724,
	6.81788 4.0823,
	6.83136 4.08399,
	6.84485 4.08904,
	6.87182 4.10758,
	6.87856 4.11264,
	6.93249 4.13624,
	6.95946 4.14298,
	6.97295 4.14804,
	6.97969 4.15141,
	6.99149 4.16489,
	6.99654 4.17837,
	6.99654 4.20534,
	6.9898 4.23231,
	6.98137 4.24579,
	6.96789 4.25759,
	6.95441 4.26602,
	6.90047 4.26771,
	6.84653 4.25591,
	6.83305 4.25591,
	6.77911 4.24579,
	6.72518 4.24411,
	6.69821 4.24411,
	6.68473 4.24242,
	6.65776 4.23231,
	6.63079 4.21714,
	6.61393 4.19017,
	6.60551 4.16321,
	6.60382 4.14972,
	6.60382 4.14298,
	6.60382 4.13961,
	"/>
</Transform>

<Transform dim="0"
 xcoef=" 0 1 0 0 0 0"
 ycoef=" 0 0 1 0 0 0">
<Contour name="d10ax10" hidden="false" closed="true" simplified="true" border="0 1 1" fill="0 1 1" mode="-11"
 points="5.20071 5.59057,
	5.20455 5.57521,
	5.20455 5.56752,
	5.21607 5.5368,
	5.22375 5.52143,
	5.2372 5.50607,
	5.26793 5.4811,
	5.32746 5.41965,
	5.35819 5.40044,
	5.36587 5.39468,
	5.37355 5.39276,
	5.38892 5.38124,
	5.3966 5.37547,
	5.45806 5.35243,
	5.51951 5.33514,
	5.53488 5.3313,
	5.59633 5.3313,
	5.62706 5.33706,
	5.64242 5.33898,
	5.65011 5.33898,
	5.68083 5.35243,
	5.68852 5.35627,
	5.6962 5.35627,
	5.71156 5.36203,
	5.71924 5.36203,
	5.72693 5.36587,
	5.75765 5.37163,
	5.77302 5.37739,
	5.7807 5.38124,
	5.79222 5.3966,
	5.7999 5.41196,
	5.80374 5.42733,
	5.80374 5.45806,
	5.80182 5.47342,
	5.79222 5.48878,
	5.76534 5.51375,
	5.75765 5.52143,
	5.74037 5.55216,
	5.72693 5.58289,
	5.69044 5.64434,
	5.68275 5.65011,
	5.67891 5.65587,
	5.67123 5.66355,
	5.65587 5.67315,
	5.59441 5.69812,
	5.57905 5.70196,
	5.54832 5.70388,
	5.48686 5.70196,
	5.36395 5.7154,
	5.33322 5.7154,
	5.31786 5.71156,
	5.28713 5.69236,
	5.2564 5.68083,
	5.24104 5.67315,
	5.2372 5.67315,
	5.22183 5.66163,
	5.21031 5.64626,
	5.20455 5.63858,
	5.20071 5.62322,
	5.20071 5.59249,
	"/>
</Transform>

<Transform dim="0"
 xcoef=" 0 1 0 0 0 0"
 ycoef=" 0 0 1 0 0 0">
<Contour name="d05ax05ssvr" hidden="false" closed="true" simplified="false" border="0 1 0" fill="0 0 0.502" mode="11"
 points="6.66816 4.12394,
	6.65693 4.11271,
	6.66816 4.10149,
	6.67939 4.11271,
	"/>
<Contour name="d05ax05ssvr" hidden="false" closed="true" simplified="false" border="0 1 0" fill="0 0 0.502" mode="11"
 points="6.70506 4.16244,
	6.69383 4.15121,
	6.70506 4.13999,
	6.71629 4.15121,
	"/>
<Contour name="d05ax05ssvr" hidden="false" closed="true" simplified="false" border="0 1 0" fill="0 0 0.502" mode="11"
 points="6.66656 4.1849,
	6.65533 4.17367,
	6.66656 4.16244,
	6.67779 4.17367,
	"/>
<Contour name="d05ax05ssvr" hidden="false" closed="true" simplified="false" border="0 1 0" fill="0 0 0.502" mode="11"
 points="6.76922 4.15603,
	6.758 4.1448,
	6.76922 4.13357,
	6.78045 4.1448,
	"/>
</Transform>

<Transform dim="0"
 xcoef=" 0 1 0 0 0 0"
 ycoef=" 0 0 1 0 0 0">
<Contour name="d05ax07ssvr" hidden="false" closed="true" simplified="false" border="0 1 0" fill="0 0 0.502" mode="11"
 points="5.01937 5.96371,
	5.00914 5.95347,
	5.01937 5.94324,
	5.02961 5.95347,
	"/>
<Contour name="d05ax07ssvr" hidden="false" closed="true" simplified="false" border="0 1 0" fill="0 0 0.502" mode="11"
 points="5.01206 5.91692,
	5.00183 5.90669,
	5.01206 5.89645,
	5.0223 5.90669,
	"/>
<Contour name="d05ax07ssvr" hidden="false" closed="true" simplified="false" border="0 1 0" fill="0 0 0.502" mode="11"
 points="4.96528 5.91546,
	4.95504 5.90523,
	4.96528 5.89499,
	4.97551 5.90523,
	"/>
<Contour name="d05ax07ssvr" hidden="false" closed="true" simplified="false" border="0 1 0" fill="0 0 0.502" mode="11"
 points="4.92142 5.95494,
	4.91118 5.9447,
	4.92142 5.93447,
	4.93165 5.9447,
	"/>
<Contour name="d05ax07ssvr" hidden="false" closed="true" simplified="false" border="0 1 0" fill="0 0 0.502" mode="11"
 points="4.95651 5.96371,
	4.94627 5.95347,
	4.95651 5.94324,
	4.96674 5.95347,
	"/>
<Contour name="d05ax07ssvr" hidden="false" closed="true" simplified="false" border="0 1 0" fill="0 0 0.502" mode="11"
 points="4.90826 6.01195,
	4.89802 6.00172,
	4.90826 5.99149,
	4.91849 6.00172,
	"/>
<Contour name="d05ax07ssvr" hidden="false" closed="true" simplified="false" border="0 1 0" fill="0 0 0.502" mode="11"
 points="4.92142 6.04412,
	4.91118 6.03388,
	4.92142 6.02365,
	4.93165 6.03388,
	"/>
<Contour name="d05ax07ssvr" hidden="false" closed="true" simplified="false" border="0 1 0" fill="0 0 0.502" mode="11"
 points="4.96089 6.00903,
	4.95066 5.9988,
	4.96089 5.98856,
	4.97113 5.9988,
	"/>
<Contour name="d05ax07ssvr" hidden="false" closed="true" simplified="false" border="0 1 0" fill="0 0 0.502" mode="11"
 points="4.96382 6.0602,
	4.95358 6.04997,
	4.96382 6.03973,
	4.97405 6.04997,
	"/>
<Contour name="d05ax07ssvr" hidden="false" closed="true" simplified="false" border="0 1 0" fill="0 0 0.502" mode="11"
 points="5.01352 6.04412,
	5.00329 6.03388,
	5.01352 6.02365,
	5.02376 6.03388,
	"/>
<Contour name="d05ax07ssvr" hidden="false" closed="true" simplified="false" border="0 1 0" fill="0 0 0.502" mode="11"
 points="5.05885 6.01926,
	5.04861 6.00903,
	5.05885 5.9988,
	5.06908 6.00903,
	"/>
<Contour name="d05ax07ssvr" hidden="false" closed="true" simplified="false" border="0 1 0" fill="0 0 0.502" mode="11"
 points="5.08516 5.96956,
	5.07493 5.95932,
	5.08516 5.94909,
	5.0954 5.95932,
	"/>
<Contour name="d05ax07ssvr" hidden="false" closed="true" simplified="false" border="0 1 0" fill="0 0 0.502" mode="11"
 points="5.12171 5.93885,
	5.11148 5.92862,
	5.12171 5.91838,
	5.13195 5.92862,
	"/>
<Contour name="d05ax07ssvr" hidden="false" closed="true" simplified="false" border="0 1 0" fill="0 0 0.502" mode="11"
 points="5.03692 6.06897,
	5.02668 6.05874,
	5.03692 6.0485,
	5.04715 6.05874,
	"/>
<Contour name="d05ax07ssvr" hidden="false" closed="true" simplified="false" border="0 1 0" fill="0 0 0.502" mode="11"
 points="4.9989 6.09821,
	4.98867 6.08798,
	4.9989 6.07774,
	5.00914 6.08798,
	"/>
<Contour name="d05ax07ssvr" hidden="false" closed="true" simplified="false" border="0 1 0" fill="0 0 0.502" mode="11"
 points="4.9492 6.11137,
	4.93896 6.10114,
	4.9492 6.0909,
	4.95943 6.10114,
	"/>
<Contour name="d05ax07ssvr" hidden="false" closed="true" simplified="false" border="0 1 0" fill="0 0 0.502" mode="11"
 points="4.92288 6.08798,
	4.91264 6.07774,
	4.92288 6.06751,
	4.93311 6.07774,
	"/>
<Contour name="d05ax07ssvr" hidden="false" closed="true" simplified="false" border="0 1 0" fill="0 0 0.502" mode="11"
 points="4.87609 6.08798,
	4.86586 6.07774,
	4.87609 6.06751,
	4.88633 6.07774,
	"/>
<Contour name="d05ax07ssvr" hidden="false" closed="true" simplified="false" border="0 1 0" fill="0 0 0.502" mode="11"
 points="4.89949 6.12599,
	4.88925 6.11576,
	4.89949 6.10552,
	4.90972 6.11576,
	"/>
<Contour name="d05ax07ssvr" hidden="false" closed="true" simplified="false" border="0 1 0" fill="0 0 0.502" mode="11"
 points="4.89802 6.17131,
	4.88779 6.16108,
	4.89802 6.15085,
	4.90826 6.16108,
	"/>
<Contour name="d05ax07ssvr" hidden="false" closed="true" simplified="false" border="0 1 0" fill="0 0 0.502" mode="11"
 points="4.9492 6.15816,
	4.93896 6.14792,
	4.9492 6.13769,
	4.95943 6.14792,
	"/>
<Contour name="d05ax07ssvr" hidden="false" closed="true" simplified="false" border="0 1 0" fill="0 0 0.502" mode="11"
 points="5.00768 6.16693,
	4.99744 6.15669,
	5.00768 6.14646,
	5.01791 6.15669,
	"/>
<Contour name="d05ax07ssvr" hidden="false" closed="true" simplified="false" border="0 1 0" fill="0 0 0.502" mode="11"
 points="5.07785 6.18301,
	5.06762 6.17278,
	5.07785 6.16254,
	5.08809 6.17278,
	"/>
<Contour name="d05ax07ssvr" hidden="false" closed="true" simplified="false" border="0 1 0" fill="0 0 0.502" mode="11"
 points="4.99013 6.20202,
	4.9799 6.19178,
	4.99013 6.18155,
	5.00037 6.19178,
	"/>
<Contour name="d05ax07ssvr" hidden="false" closed="true" simplified="false" border="0 1 0" fill="0 0 0.502" mode="11"
 points="5.16996 5.9023,
	5.15973 5.89207,
	5.16996 5.88183,
	5.18019 5.89207,
	"/>
</Transform>

<Transform dim="0"
 xcoef=" 0 1 0 0 0 0"
 ycoef=" 0 0 1 0 0 0">
<Contour name="d05c07" hidden="false" closed="true" simplified="true" border="1 0 0" fill="1 0 0" mode="11"
 points="4.83905 5.87418,
	4.86965 5.85458,
	4.8773 5.84932,
	4.88112 5.84693,
	4.88304 5.84597,
	4.88925 5.83832,
	4.8926 5.83449,
	4.9232 5.81824,
	4.9385 5.81011,
	4.94232 5.8082,
	4.95954 5.8388,
	4.96814 5.8541,
	4.97244 5.86175,
	4.97436 5.86557,
	4.91316 5.90334,
	4.88256 5.92247,
	4.87491 5.92725,
	4.87108 5.92964,
	4.87013 5.93012,
	4.85291 5.89952,
	4.84479 5.88422,
	4.84048 5.87657,
	4.83953 5.87466,
	"/>
</Transform>

</Section>