<?xml version="1.0"?>
<!DOCTYPE Section SYSTEM "section.dtd">

<Section index="188" thickness="0.0471499" alignLocked="true">
<Transform dim="6"
 xcoef=" 2.90637517303445 0.864156563766764 -0.267292583142131 0 0 0"
 ycoef=" 0.423565929401087 0.104755339008032 1.0642670809614 0 0 0">
<Image mag="0.00217549" contrast="1.155" brightness="0.015" red="true" green="true" blue="true"
 src="JYBWM.206.jpg" />
<Contour name="domain1" hidden="false" closed="true" simplified="false" border="1 0 1" fill="1 0 1" mode="11"
 points="0 0,
	4083 0,
	4083 4083,
	0 4083,
	"/>
</Transform>

<Transform dim="0"
 xcoef=" 0 1 0 0 0 0"
 ycoef=" 0 0 1 0 0 0">
<Contour name="mito9" hidden="false" closed="false" simplified="true" border="1 0.5 0" fill="1 0.5 0" mode="13"
 points="1.96472 4.33176,
	1.92923 4.10242,
	"/>
</Transform>

<Transform dim="0"
 xcoef=" 0 1 0 0 0 0"
 ycoef=" 0 0 1 0 0 0">
<Contour name="d09" hidden="false" closed="true" simplified="true" border="0 1 0" fill="0 1 0" mode="-11"
 points="7.35715 3.8183,
	7.36499 3.80786,
	7.38588 3.80002,
	7.39633 3.79741,
	7.43812 3.80524,
	7.4564 3.81569,
	7.46162 3.81308,
	7.48251 3.8183,
	7.49296 3.82353,
	7.50341 3.82353,
	7.54258 3.84442,
	7.58176 3.88359,
	7.58959 3.90449,
	7.58959 3.92538,
	7.58698 3.93583,
	7.57131 3.95411,
	7.55042 3.96195,
	7.52952 3.96195,
	7.51908 3.96195,
	7.50863 3.95672,
	7.48774 3.95411,
	7.48251 3.94889,
	7.47207 3.94628,
	7.43028 3.92277,
	7.38849 3.89404,
	7.37021 3.87576,
	7.36238 3.86531,
	7.35715 3.84442,
	7.35715 3.82353,
	7.35715 3.82091,
	"/>
</Transform>

<Transform dim="0"
 xcoef=" 0 1 0 0 0 0"
 ycoef=" 0 0 1 0 0 0">
<Contour name="d09" hidden="false" closed="true" simplified="true" border="0 1 0" fill="0 1 0" mode="-11"
 points="7.06725 4.06641,
	7.08815 4.05335,
	7.12993 4.04813,
	7.15083 4.04291,
	7.2344 4.04291,
	7.2553 4.04552,
	7.27619 4.05858,
	7.29186 4.07947,
	7.2997 4.08992,
	7.31014 4.09514,
	7.47729 4.10037,
	7.51908 4.09253,
	7.60265 4.06641,
	7.64444 4.05597,
	7.68623 4.05335,
	7.7698 4.06119,
	7.79069 4.06119,
	7.83248 4.05335,
	7.91606 4.04813,
	7.95784 4.03768,
	7.97874 4.02985,
	7.99963 4.02985,
	8.02052 4.02463,
	8.1041 4.02724,
	8.18767 4.04291,
	8.18767 4.05335,
	8.19812 4.07425,
	8.20334 4.09514,
	8.20073 4.11604,
	8.19812 4.12648,
	8.18767 4.13693,
	8.16678 4.13954,
	8.16156 4.13432,
	8.11977 4.12126,
	8.09887 4.1082,
	8.08843 4.10298,
	8.00485 4.10037,
	7.96307 4.09775,
	7.92128 4.11081,
	7.87949 4.11865,
	7.8377 4.11865,
	7.75413 4.12648,
	7.67056 4.12648,
	7.64966 4.12648,
	7.60788 4.13432,
	7.59743 4.13954,
	7.51385 4.14215,
	7.49296 4.14999,
	7.48251 4.15521,
	7.47729 4.16043,
	7.47207 4.16043,
	7.45117 4.18133,
	7.45117 4.18655,
	7.44595 4.19177,
	7.44595 4.21267,
	7.44856 4.22312,
	7.4799 4.25968,
	7.52169 4.29102,
	7.54258 4.3093,
	7.5687 4.34848,
	7.58176 4.36937,
	7.58959 4.39026,
	7.58959 4.41116,
	7.58698 4.4216,
	7.57654 4.42683,
	7.55564 4.42683,
	7.51647 4.41116,
	7.49818 4.3981,
	7.46684 4.35631,
	7.4564 4.33542,
	7.42767 4.29363,
	7.41983 4.28318,
	7.41983 4.27796,
	7.38588 4.24401,
	7.37543 4.2414,
	7.37021 4.23617,
	7.36499 4.23617,
	7.34671 4.21789,
	7.33365 4.19961,
	7.31537 4.18133,
	7.29447 4.16827,
	7.28403 4.16043,
	7.24224 4.14999,
	7.22134 4.14476,
	7.17956 4.14215,
	7.13777 4.12909,
	7.12732 4.12648,
	7.11688 4.11865,
	7.09598 4.11081,
	7.07509 4.09775,
	7.06725 4.07686,
	7.06725 4.06903,
	"/>
</Transform>

<Transform dim="0"
 xcoef=" 0 1 0 0 0 0"
 ycoef=" 0 0 1 0 0 0">
<Contour name="d09" hidden="false" closed="true" simplified="true" border="0 1 0" fill="0 1 0" mode="-11"
 points="4.4216 4.12126,
	4.43205 4.11342,
	4.43727 4.1082,
	4.47906 4.09775,
	4.56264 4.10037,
	4.60442 4.11081,
	4.61487 4.11604,
	4.62009 4.11604,
	4.65927 4.14215,
	4.68016 4.15521,
	4.69061 4.15782,
	4.72978 4.18394,
	4.73501 4.18394,
	4.74023 4.18916,
	4.74545 4.18916,
	4.7559 4.197,
	4.76635 4.197,
	4.7768 4.20222,
	4.81858 4.19961,
	4.82903 4.197,
	4.83425 4.19177,
	4.85515 4.19439,
	4.86559 4.19961,
	4.85776 4.20745,
	4.8682 4.22834,
	4.87082 4.23879,
	4.8682 4.24923,
	4.84731 4.25968,
	4.80552 4.27274,
	4.76374 4.28057,
	4.68016 4.27796,
	4.63838 4.27535,
	4.59659 4.28057,
	4.57569 4.28057,
	4.53391 4.26751,
	4.49473 4.23617,
	4.47384 4.21789,
	4.46339 4.20745,
	4.43989 4.16566,
	4.43466 4.16043,
	4.43466 4.15521,
	4.4216 4.13693,
	4.4216 4.12648,
	4.4216 4.12387,
	"/>
<Contour name="d09" hidden="false" closed="true" simplified="true" border="0 1 0" fill="0 1 0" mode="-11"
 points="6.10615 4.23356,
	6.12704 4.21789,
	6.1401 4.20483,
	6.15055 4.20222,
	6.15577 4.197,
	6.17667 4.19177,
	6.18189 4.18655,
	6.26546 4.15782,
	6.28636 4.1526,
	6.30725 4.14215,
	6.31247 4.14215,
	6.35426 4.11342,
	6.39605 4.09514,
	6.47962 4.07686,
	6.52141 4.06641,
	6.5423 4.0638,
	6.58409 4.05074,
	6.66766 4.04813,
	6.70945 4.03507,
	6.73035 4.03246,
	6.74079 4.03246,
	6.7434 4.03507,
	6.74079 4.0403,
	6.76169 4.0403,
	6.80347 4.03246,
	6.82437 4.03246,
	6.83481 4.03768,
	6.8766 4.04291,
	6.88705 4.04813,
	6.92883 4.05074,
	6.94973 4.05858,
	6.96017 4.06119,
	7.00196 4.08731,
	7.03853 4.11865,
	7.05681 4.13693,
	7.08031 4.17872,
	7.09076 4.19961,
	7.09076 4.20483,
	7.09598 4.21006,
	7.09337 4.23095,
	7.09337 4.2414,
	7.08554 4.25184,
	7.08031 4.27274,
	7.06987 4.29363,
	7.06987 4.29885,
	7.06203 4.3093,
	7.05942 4.31975,
	7.0542 4.32497,
	7.0542 4.33019,
	7.04897 4.33542,
	7.04897 4.34064,
	7.01502 4.37459,
	7.00719 4.38504,
	7.00196 4.38765,
	7.00196 4.39288,
	6.99674 4.3981,
	7.00196 4.48167,
	6.99935 4.49212,
	6.98629 4.5104,
	6.97846 4.5313,
	6.97062 4.57308,
	6.95756 4.59398,
	6.95495 4.60442,
	6.96017 4.62532,
	6.96279 4.63576,
	6.97062 4.6436,
	6.97062 4.64882,
	6.97846 4.65927,
	6.98368 4.66449,
	6.98368 4.66972,
	6.9889 4.67494,
	6.99151 4.68539,
	7.00457 4.70367,
	7.0098 4.71411,
	7.0098 4.72456,
	7.0098 4.72978,
	6.99413 4.75068,
	6.98629 4.77157,
	6.97846 4.78202,
	6.97584 4.79247,
	6.97062 4.79769,
	6.9654 4.81858,
	6.94189 4.85776,
	6.93406 4.87865,
	6.92883 4.88387,
	6.92622 4.96745,
	6.92361 4.9779,
	6.90794 4.99879,
	6.90272 5.00924,
	6.88182 5.01707,
	6.86093 5.01707,
	6.84265 5.00924,
	6.82175 4.99095,
	6.79564 4.94917,
	6.79564 4.94394,
	6.77736 4.92305,
	6.7643 4.90738,
	6.75907 4.89693,
	6.74079 4.87604,
	6.73035 4.86559,
	6.71729 4.8447,
	6.70945 4.83425,
	6.70684 4.82381,
	6.68333 4.78463,
	6.67289 4.7768,
	6.66766 4.76896,
	6.64938 4.74807,
	6.6076 4.71934,
	6.5867 4.71411,
	6.54491 4.71673,
	6.52402 4.71673,
	6.48223 4.69844,
	6.4744 4.69061,
	6.46395 4.688,
	6.42216 4.65927,
	6.38821 4.62532,
	6.37254 4.60703,
	6.33076 4.58092,
	6.32031 4.57831,
	6.30986 4.57047,
	6.30464 4.56525,
	6.22106 4.56264,
	6.17928 4.54697,
	6.16883 4.53913,
	6.16622 4.49734,
	6.17144 4.45556,
	6.16361 4.43466,
	6.14271 4.41377,
	6.12965 4.39288,
	6.12443 4.35109,
	6.12443 4.3093,
	6.11137 4.26751,
	6.10615 4.25707,
	6.10615 4.23617,
	"/>
</Transform>

<Transform dim="0"
 xcoef=" 0 1 0 0 0 0"
 ycoef=" 0 0 1 0 0 0">
<Contour name="d09p51" hidden="false" closed="true" simplified="false" border="1 0.5 0" fill="1 0.5 0" mode="-9"
 points="6.97934 4.15849,
	6.97934 4.15069,
	6.98714 4.14289,
	6.99495 4.14289,
	7.00275 4.15069,
	7.00275 4.15849,
	6.99495 4.1663,
	6.98714 4.1663,
	"/>
</Transform>

<Transform dim="0"
 xcoef=" 0 1 0 0 0 0"
 ycoef=" 0 0 1 0 0 0">
<Contour name="d09c49" hidden="false" closed="true" simplified="true" border="0 0.502 1" fill="0 0.502 1" mode="-9"
 points="4.40658 4.13164,
	4.41042 4.12395,
	4.41811 4.11819,
	4.43349 4.11819,
	4.45656 4.14703,
	4.47387 4.17586,
	4.47579 4.18355,
	4.48732 4.19894,
	4.49501 4.2047,
	4.5027 4.22008,
	4.51424 4.23546,
	4.51424 4.24316,
	4.51424 4.247,
	4.51809 4.25085,
	4.51809 4.25854,
	4.51039 4.2643,
	4.49501 4.26238,
	4.48732 4.25661,
	4.47963 4.25469,
	4.46425 4.24123,
	4.45272 4.2297,
	4.43349 4.20086,
	4.43157 4.19317,
	4.42196 4.18163,
	4.41042 4.16625,
	4.40658 4.15087,
	4.40658 4.13549,
	4.40658 4.13357,
	"/>
<Contour name="d09cfa49" hidden="false" closed="false" simplified="false" border="0 1 1" fill="0 1 1" mode="9"
 points="4.51908 4.25705,
	4.48063 4.22629,
	4.45755 4.19553,
	4.43064 4.15324,
	4.42295 4.11671,
	"/>
</Transform>

<Transform dim="0"
 xcoef=" 0 1 0 0 0 0"
 ycoef=" 0 0 1 0 0 0">
<Contour name="d09p49dia" hidden="false" closed="false" simplified="true" border="0 1 0" fill="0 1 0" mode="-9"
 points="4.47486 4.09748,
	4.57291 4.28205,
	"/>
</Transform>

<Transform dim="0"
 xcoef=" 0 1 0 0 0 0"
 ycoef=" 0 0 1 0 0 0">
<Contour name="d09c50" hidden="false" closed="true" simplified="true" border="0 0.502 1" fill="0 0.502 1" mode="-9"
 points="6.91363 4.91798,
	6.93286 4.85646,
	6.93863 4.84108,
	6.93863 4.83339,
	6.94247 4.82954,
	6.94632 4.81416,
	6.95208 4.80647,
	6.95785 4.79109,
	6.95785 4.78725,
	6.9617 4.7834,
	6.9617 4.77956,
	6.96554 4.77763,
	6.97131 4.76225,
	6.98092 4.74687,
	6.99438 4.73918,
	7.00207 4.73534,
	7.00976 4.73726,
	7.01361 4.74495,
	7.01553 4.7488,
	7.01361 4.75649,
	7.01937 4.78725,
	7.01937 4.80263,
	7.00784 4.83339,
	7.00399 4.84108,
	7.00399 4.84493,
	7.00015 4.84877,
	6.98669 4.87953,
	6.979 4.91029,
	6.97323 4.92567,
	6.96939 4.92952,
	6.96746 4.93721,
	6.95208 4.94682,
	6.9367 4.94875,
	6.92132 4.9449,
	6.91555 4.93913,
	6.91363 4.92375,
	6.91363 4.91991,
	"/>
<Contour name="d09cfa50" hidden="false" closed="false" simplified="false" border="0 1 1" fill="0 1 1" mode="9"
 points="6.93 4.94534,
	6.92231 4.92227,
	6.92424 4.90112,
	6.9377 4.87036,
	6.95884 4.83191,
	6.98191 4.77231,
	7.00306 4.73578,
	"/>
</Transform>

<Transform dim="0"
 xcoef=" 0 1 0 0 0 0"
 ycoef=" 0 0 1 0 0 0">
<Contour name="d01" hidden="false" closed="true" simplified="true" border="1 1 0" fill="1 0.5 0" mode="11"
 points="1.05066 4.96318,
	1.06739 4.93343,
	1.09528 4.87392,
	1.12318 4.84603,
	1.24219 4.78095,
	1.3612 4.7233,
	1.39096 4.71028,
	1.45046 4.69169,
	1.50997 4.66937,
	1.52484 4.66565,
	1.58435 4.66565,
	1.64386 4.67495,
	1.70336 4.67681,
	1.71824 4.67681,
	1.74799 4.68797,
	1.76287 4.69355,
	1.79262 4.71214,
	1.80564 4.72516,
	1.82238 4.75491,
	1.82981 4.76979,
	1.83539 4.77537,
	1.86515 4.77909,
	1.8949 4.78652,
	1.90977 4.81628,
	1.92093 4.83115,
	1.92465 4.83487,
	1.92465 4.84975,
	1.90977 4.8795,
	1.88188 4.90926,
	1.85213 4.93343,
	1.82238 4.95389,
	1.76287 4.9762,
	1.75543 4.97806,
	1.74055 4.98922,
	1.73312 4.99666,
	1.67361 4.99851,
	1.64386 4.99851,
	1.63642 4.99851,
	1.60667 5.00967,
	1.59179 5.01711,
	1.47278 5.05058,
	1.4579 5.05616,
	1.39839 5.06546,
	1.33889 5.06732,
	1.30913 5.06546,
	1.27938 5.05988,
	1.16037 5.01711,
	1.10086 4.99294,
	1.07111 4.97992,
	1.05623 4.96876,
	1.05251 4.96504,
	"/>
</Transform>

<Transform dim="0"
 xcoef=" 0 1 0 0 0 0"
 ycoef=" 0 0 1 0 0 0">
<Contour name="d02" hidden="false" closed="true" simplified="true" border="0.502 0 1" fill="1 0.5 0" mode="11"
 points="2.80976 2.35373,
	2.81957 2.33411,
	2.8588 2.3145,
	2.86861 2.3096,
	2.87106 2.29979,
	2.87841 2.28998,
	2.91764 2.26791,
	2.93726 2.26546,
	2.94216 2.26546,
	2.97894 2.22623,
	2.99855 2.22378,
	3.01817 2.21643,
	3.03042 2.19681,
	3.03533 2.18701,
	3.07456 2.16004,
	3.09417 2.15268,
	3.11379 2.15268,
	3.15301 2.16494,
	3.19224 2.1821,
	3.21186 2.19191,
	3.23147 2.18946,
	3.24128 2.18701,
	3.26089 2.19436,
	3.28051 2.21152,
	3.29032 2.21643,
	3.29277 2.23604,
	3.30503 2.25566,
	3.31729 2.29488,
	3.32464 2.30469,
	3.332 2.34392,
	3.332 2.38315,
	3.32709 2.42238,
	3.30993 2.44199,
	3.30257 2.4518,
	3.26335 2.46651,
	3.24618 2.47877,
	3.24373 2.49838,
	3.22412 2.51064,
	3.2045 2.51064,
	3.18489 2.50574,
	3.17508 2.49838,
	3.16527 2.49838,
	3.12604 2.51064,
	3.10643 2.51555,
	3.0672 2.51555,
	2.98874 2.49593,
	2.91029 2.4567,
	2.87106 2.43709,
	2.83183 2.39786,
	2.81712 2.37825,
	2.80976 2.35863,
	2.80976 2.35618,
	"/>
</Transform>

<Transform dim="0"
 xcoef=" 0 1 0 0 0 0"
 ycoef=" 0 0 1 0 0 0">
<Contour name="d02" hidden="false" closed="true" simplified="true" border="0.502 0 1" fill="1 0.5 0" mode="11"
 points="1.92711 2.43464,
	1.93692 2.41502,
	1.95654 2.39541,
	1.96634 2.38805,
	2.00557 2.38315,
	2.08403 2.38805,
	2.10855 2.42483,
	2.11345 2.43464,
	2.10855 2.45425,
	2.08648 2.49348,
	2.07422 2.51064,
	2.03499 2.52781,
	2.01538 2.53026,
	1.99577 2.52535,
	1.98596 2.52535,
	1.96634 2.51309,
	1.94673 2.49593,
	1.93447 2.47632,
	1.92711 2.43709,
	"/>
</Transform>

<Transform dim="0"
 xcoef=" 0 1 0 0 0 0"
 ycoef=" 0 0 1 0 0 0">
<Contour name="d03" hidden="false" closed="true" simplified="true" border="1 0 0.502" fill="1 0.5 0" mode="11"
 points="0.412772 4.31691,
	0.421372 4.29971,
	0.434271 4.28681,
	0.43857 4.28466,
	0.43857 4.28036,
	0.44932 4.26531,
	0.45147 4.24811,
	0.464369 4.21372,
	0.464369 4.20512,
	0.468668 4.19652,
	0.472968 4.12772,
	0.481568 4.11052,
	0.513815 4.08472,
	0.531014 4.07398,
	0.539614 4.06968,
	0.543913 4.06538,
	0.548213 4.06538,
	0.554663 4.05893,
	0.558962 4.05893,
	0.59121 4.03958,
	0.608409 4.03098,
	0.625608 4.01808,
	0.636357 4.00518,
	0.668605 3.97293,
	0.703003 3.94928,
	0.73525 3.93423,
	0.752449 3.92349,
	0.761049 3.91704,
	0.778248 3.91489,
	0.795446 3.90844,
	0.810495 3.89124,
	0.821245 3.87834,
	0.838443 3.86759,
	0.847043 3.86329,
	0.855642 3.86329,
	0.864242 3.85899,
	0.872841 3.85899,
	0.89004 3.85254,
	0.898639 3.84609,
	0.902939 3.84609,
	0.915838 3.83534,
	0.933037 3.83104,
	1.00183 3.83319,
	1.01903 3.83319,
	1.03623 3.83964,
	1.04483 3.83964,
	1.04698 3.84179,
	1.04483 3.84609,
	1.06203 3.84609,
	1.09643 3.83534,
	1.13082 3.83319,
	1.14802 3.83319,
	1.18242 3.82674,
	1.19102 3.82244,
	1.22542 3.82459,
	1.24262 3.82674,
	1.25982 3.83319,
	1.26841 3.83534,
	1.28561 3.85039,
	1.28991 3.85899,
	1.29421 3.86329,
	1.29636 3.87189,
	1.29636 3.87619,
	1.30066 3.88049,
	1.30066 3.89769,
	1.30496 3.91489,
	1.30711 3.94928,
	1.31356 3.96648,
	1.31356 4.00088,
	1.31356 4.00948,
	1.30281 4.02668,
	1.30281 4.04388,
	1.30066 4.05248,
	1.28991 4.06968,
	1.28991 4.07827,
	1.29421 4.08687,
	1.29421 4.09117,
	1.30066 4.09977,
	1.30281 4.11697,
	1.30066 4.15137,
	1.30711 4.16857,
	1.31571 4.17717,
	1.31356 4.19437,
	1.30496 4.21157,
	1.27056 4.22447,
	1.25552 4.23306,
	1.24047 4.24811,
	1.20607 4.26101,
	1.19747 4.26316,
	1.19102 4.26961,
	1.15662 4.28251,
	1.12222 4.28466,
	1.10503 4.28466,
	1.09643 4.28466,
	1.09213 4.28896,
	1.08783 4.28896,
	1.05988 4.32121,
	1.04698 4.33411,
	1.04268 4.33411,
	1.02548 4.34701,
	0.991083 4.35991,
	0.956685 4.36421,
	0.939487 4.36636,
	0.922288 4.37281,
	0.913688 4.37281,
	0.905089 4.3771,
	0.88789 4.37925,
	0.819095 4.4115,
	0.784697 4.41365,
	0.767498 4.41365,
	0.750299 4.40935,
	0.7417 4.40505,
	0.733101 4.40505,
	0.715902 4.39645,
	0.698703 4.39215,
	0.629908 4.39,
	0.612709 4.3857,
	0.604109 4.3857,
	0.59981 4.3814,
	0.531014 4.35991,
	0.496617 4.34701,
	0.462219 4.34056,
	0.44502 4.34056,
	0.436421 4.34056,
	0.419222 4.33411,
	0.412772 4.32766,
	0.412772 4.31906,
	"/>
</Transform>

<Transform dim="0"
 xcoef=" 0 1 0 0 0 0"
 ycoef=" 0 0 1 0 0 0">
<Contour name="d03" hidden="false" closed="true" simplified="true" border="1 0 0.502" fill="1 0.5 0" mode="11"
 points="0.472968 5.28864,
	0.485867 5.27359,
	0.492317 5.26499,
	0.494467 5.2564,
	0.498766 5.2521,
	0.498766 5.2478,
	0.507366 5.2392,
	0.511665 5.2349,
	0.515965 5.2349,
	0.531014 5.222,
	0.535314 5.222,
	0.539614 5.2177,
	0.608409 5.2048,
	0.677204 5.18545,
	0.711602 5.18115,
	0.746 5.1833,
	0.754599 5.18975,
	0.758899 5.18975,
	0.771798 5.20265,
	0.778248 5.2177,
	0.778248 5.2349,
	0.771798 5.2521,
	0.758899 5.26499,
	0.752449 5.27144,
	0.74815 5.27144,
	0.73955 5.27789,
	0.705152 5.28434,
	0.696553 5.28434,
	0.664305 5.29939,
	0.647106 5.30584,
	0.638507 5.31014,
	0.634207 5.31014,
	0.617008 5.32304,
	0.610559 5.32949,
	0.576161 5.33164,
	0.567562 5.33164,
	0.552513 5.34239,
	0.546063 5.34884,
	0.528864 5.35099,
	0.511665 5.34884,
	0.479418 5.31874,
	0.472968 5.31229,
	0.472968 5.29509,
	0.472968 5.29079,
	"/>
</Transform>

<Transform dim="0"
 xcoef=" 0 1 0 0 0 0"
 ycoef=" 0 0 1 0 0 0">
<Contour name="d04" hidden="false" closed="true" simplified="true" border="1 0 0" fill="1 0.5 0" mode="11"
 points="2.21264 3.19795,
	2.2148 3.18931,
	2.22776 3.17634,
	2.26233 3.17418,
	2.29691 3.17634,
	2.31419 3.18283,
	2.33148 3.19363,
	2.34012 3.19795,
	2.35741 3.19795,
	2.36173 3.19795,
	2.36605 3.19363,
	2.40062 3.19579,
	2.40927 3.19579,
	2.41791 3.20227,
	2.42223 3.20227,
	2.43304 3.21308,
	2.43304 3.23036,
	2.42439 3.23901,
	2.42007 3.23901,
	2.40495 3.25197,
	2.3963 3.25845,
	2.36173 3.26061,
	2.32716 3.25845,
	2.30987 3.25629,
	2.30555 3.25197,
	2.29691 3.24981,
	2.29259 3.24549,
	2.28826 3.24549,
	2.27314 3.23469,
	2.23857 3.23252,
	2.22992 3.22604,
	2.22128 3.22388,
	2.2148 3.2174,
	2.21264 3.20011,
	"/>
</Transform>

<Transform dim="0"
 xcoef=" 0 1 0 0 0 0"
 ycoef=" 0 0 1 0 0 0">
<Contour name="d04" hidden="false" closed="true" simplified="true" border="1 0 0" fill="1 0.5 0" mode="11"
 points="1.75023 3.90885,
	1.75239 3.89156,
	1.75455 3.88292,
	1.7632 3.87428,
	1.77184 3.86996,
	1.77184 3.85267,
	1.7848 3.83971,
	1.79993 3.82242,
	1.81073 3.80946,
	1.82802 3.79865,
	1.86259 3.78569,
	1.86907 3.7792,
	1.87772 3.74463,
	1.91229 3.72518,
	1.91661 3.72086,
	1.92093 3.72086,
	1.93606 3.70574,
	1.93822 3.69709,
	1.97063 3.669,
	2.03978 3.64524,
	2.05706 3.64308,
	2.06571 3.64091,
	2.07219 3.63227,
	2.07651 3.63011,
	2.07651 3.62579,
	2.0938 3.61498,
	2.09812 3.61066,
	2.10244 3.61066,
	2.11756 3.5977,
	2.13485 3.59338,
	2.16942 3.59554,
	2.17807 3.59986,
	2.18239 3.60418,
	2.25153 3.60202,
	2.26018 3.60202,
	2.26882 3.5977,
	2.27746 3.5977,
	2.28611 3.59122,
	2.30339 3.58689,
	2.33796 3.58689,
	2.34661 3.59338,
	2.34877 3.60202,
	2.41575 3.60634,
	2.43304 3.61282,
	2.45032 3.62363,
	2.45465 3.62363,
	2.47193 3.63443,
	2.48058 3.63875,
	2.4849 3.64308,
	2.49354 3.64524,
	2.51083 3.65604,
	2.5454 3.68413,
	2.55404 3.69061,
	2.55404 3.69493,
	2.56052 3.70358,
	2.56052 3.7079,
	2.56701 3.71654,
	2.56917 3.75111,
	2.56701 3.75976,
	2.55404 3.77704,
	2.5454 3.78353,
	2.54108 3.78353,
	2.53243 3.79001,
	2.51515 3.79433,
	2.50002 3.80513,
	2.4849 3.82026,
	2.46977 3.83106,
	2.45897 3.84619,
	2.45465 3.88076,
	2.44816 3.89805,
	2.43736 3.91533,
	2.42223 3.92614,
	2.40495 3.92614,
	2.37038 3.9391,
	2.36173 3.94126,
	2.35741 3.94558,
	2.34877 3.94775,
	2.34445 3.95207,
	2.34012 3.95207,
	2.33364 3.95855,
	2.32932 3.95855,
	2.32068 3.96503,
	2.30339 3.97151,
	2.29907 3.97151,
	2.29043 3.978,
	2.27314 3.98448,
	2.2645 3.98664,
	2.26018 3.99096,
	2.25585 3.99096,
	2.24073 4.00393,
	2.23209 4.01041,
	2.22776 4.01041,
	2.19319 4.02985,
	2.15862 4.03634,
	2.1543 4.03634,
	2.13701 4.0493,
	2.10244 4.06011,
	2.06787 4.06227,
	2.03329 4.05578,
	2.01601 4.0493,
	1.98144 4.04282,
	1.94686 4.04282,
	1.92958 4.04282,
	1.92093 4.04282,
	1.88852 4.02769,
	1.85395 4.02121,
	1.81938 4.00609,
	1.80425 3.9996,
	1.78697 3.98448,
	1.77832 3.96935,
	1.77832 3.96503,
	1.75023 3.93694,
	1.75023 3.91965,
	1.75023 3.91101,
	"/>
</Transform>

<Transform dim="0"
 xcoef=" 0 1 0 0 0 0"
 ycoef=" 0 0 1 0 0 0">
<Contour name="d04" hidden="false" closed="true" simplified="true" border="1 0 0" fill="1 0.5 0" mode="11"
 points="2.69233 3.2563,
	2.69665 3.22172,
	2.70314 3.21524,
	2.72042 3.21308,
	2.75283 3.18931,
	2.75716 3.18931,
	2.76148 3.18499,
	2.89977 3.18283,
	2.93434 3.18283,
	2.94298 3.18499,
	2.96027 3.18283,
	2.96891 3.18715,
	2.97107 3.19579,
	2.97323 3.19795,
	2.99052 3.19363,
	2.99916 3.19363,
	3.00348 3.19795,
	3.03806 3.19795,
	3.05318 3.20876,
	3.05966 3.22604,
	3.07479 3.22821,
	3.08127 3.23685,
	3.08127 3.25413,
	3.08127 3.26278,
	3.08127 3.2671,
	3.09856 3.26926,
	3.10288 3.26926,
	3.11152 3.27574,
	3.11584 3.28439,
	3.11584 3.30167,
	3.11152 3.31031,
	3.11368 3.34489,
	3.11584 3.35353,
	3.11152 3.37082,
	3.0964 3.38378,
	3.07911 3.3881,
	3.04454 3.39026,
	3.00997 3.40107,
	3.00132 3.40539,
	2.93218 3.40323,
	2.91489 3.40107,
	2.89761 3.39459,
	2.88896 3.39459,
	2.87168 3.3881,
	2.8371 3.38162,
	2.76796 3.35569,
	2.76364 3.35569,
	2.74851 3.34057,
	2.73771 3.32328,
	2.72907 3.31464,
	2.71826 3.29951,
	2.70098 3.28655,
	2.69449 3.2779,
	2.69233 3.26062,
	2.69233 3.25846,
	"/>
</Transform>

<Transform dim="0"
 xcoef=" 0 1 0 0 0 0"
 ycoef=" 0 0 1 0 0 0">
<Contour name="d05" hidden="false" closed="true" simplified="true" border="1 0.502 0" fill="1 0.5 0" mode="11"
 points="3.42533 4.16552,
	3.43372 4.15573,
	3.43652 4.15573,
	3.45891 4.13893,
	3.4687 4.12914,
	3.4743 4.12354,
	3.4785 4.11235,
	3.4715 4.08996,
	3.4729 4.06757,
	3.4757 4.06198,
	3.4771 4.05918,
	3.4799 4.05918,
	3.48549 4.05498,
	3.48829 4.05498,
	3.49389 4.05078,
	3.50508 4.04798,
	3.54986 4.04938,
	3.56105 4.05218,
	3.57085 4.06198,
	3.58064 4.06897,
	3.59183 4.07877,
	3.60443 4.09976,
	3.61422 4.10815,
	3.61982 4.10955,
	3.62961 4.11795,
	3.63241 4.11795,
	3.64221 4.12914,
	3.66459 4.14173,
	3.67579 4.14873,
	3.67859 4.15153,
	3.68978 4.15573,
	3.70097 4.16272,
	3.70657 4.16412,
	3.71777 4.17112,
	3.74015 4.17252,
	3.74575 4.17252,
	3.79053 4.19211,
	3.80172 4.1949,
	3.82411 4.1949,
	3.86888 4.18511,
	3.91366 4.18371,
	3.95843 4.18511,
	3.98082 4.19071,
	4.00321 4.19211,
	4.0256 4.19071,
	4.03679 4.18931,
	4.04239 4.18931,
	4.06478 4.18091,
	4.07037 4.18091,
	4.09276 4.17392,
	4.10395 4.17252,
	4.11515 4.17531,
	4.11795 4.17811,
	4.11655 4.18931,
	4.11235 4.1949,
	4.08996 4.2047,
	4.07877 4.2103,
	4.07317 4.21449,
	4.07457 4.22009,
	4.08017 4.22289,
	4.08576 4.22289,
	4.09136 4.22569,
	4.09136 4.23688,
	4.06897 4.24388,
	4.04659 4.24668,
	4.04099 4.24668,
	4.02979 4.25087,
	3.98502 4.26067,
	3.97382 4.26487,
	3.96823 4.26766,
	3.92345 4.26766,
	3.87868 4.27606,
	3.8339 4.29005,
	3.81151 4.29425,
	3.78913 4.30125,
	3.76674 4.30544,
	3.74435 4.31384,
	3.69958 4.31244,
	3.67719 4.31104,
	3.66599 4.30964,
	3.64361 4.29985,
	3.62122 4.29285,
	3.61002 4.28865,
	3.58764 4.28725,
	3.56525 4.28306,
	3.54286 4.27466,
	3.52047 4.27326,
	3.50928 4.27046,
	3.48689 4.25507,
	3.4799 4.24528,
	3.4757 4.24108,
	3.4757 4.23828,
	3.45471 4.22289,
	3.44352 4.21589,
	3.42812 4.1949,
	3.42533 4.18931,
	3.42533 4.16692,
	"/>
</Transform>

<Transform dim="0"
 xcoef=" 0 1 0 0 0 0"
 ycoef=" 0 0 1 0 0 0">
<Contour name="d05" hidden="false" closed="true" simplified="true" border="1 0.502 0" fill="1 0.5 0" mode="11"
 points="4.16538 4.66012,
	4.16958 4.63769,
	4.17098 4.63489,
	4.17379 4.63489,
	4.1836 4.62648,
	4.1864 4.62648,
	4.19201 4.62228,
	4.20322 4.61807,
	4.20882 4.61667,
	4.21303 4.61107,
	4.21443 4.58864,
	4.22004 4.58724,
	4.22564 4.58303,
	4.22564 4.57182,
	4.22564 4.56622,
	4.23125 4.56201,
	4.23405 4.55921,
	4.23685 4.55921,
	4.24246 4.555,
	4.24526 4.555,
	4.25087 4.5508,
	4.25648 4.5508,
	4.25928 4.548,
	4.27049 4.54379,
	4.2789 4.53538,
	4.2789 4.52978,
	4.28451 4.51856,
	4.28731 4.51716,
	4.28731 4.51436,
	4.29852 4.50595,
	4.30413 4.50034,
	4.30273 4.47792,
	4.30413 4.47231,
	4.31254 4.46531,
	4.32936 4.44288,
	4.33777 4.43167,
	4.34617 4.42326,
	4.35038 4.41905,
	4.35178 4.41625,
	4.35458 4.41625,
	4.37 4.39663,
	4.3728 4.39102,
	4.39383 4.37421,
	4.39663 4.37421,
	4.40224 4.37,
	4.41345 4.3658,
	4.42466 4.35879,
	4.43027 4.35739,
	4.45129 4.34057,
	4.4625 4.34057,
	4.47371 4.33636,
	4.47932 4.33496,
	4.49053 4.32655,
	4.49614 4.32235,
	4.49894 4.31955,
	4.50175 4.31955,
	4.51156 4.31114,
	4.51436 4.31114,
	4.51997 4.30693,
	4.52557 4.30553,
	4.52837 4.30273,
	4.53959 4.30133,
	4.54519 4.30133,
	4.5508 4.29852,
	4.59565 4.29852,
	4.60686 4.30273,
	4.61807 4.30273,
	4.6405 4.29432,
	4.65171 4.28731,
	4.69656 4.28591,
	4.70777 4.29011,
	4.7302 4.29432,
	4.7358 4.29712,
	4.74701 4.29712,
	4.75262 4.29712,
	4.77505 4.29011,
	4.81989 4.28731,
	4.84232 4.28451,
	4.86474 4.2775,
	4.86755 4.2775,
	4.87596 4.26769,
	4.87876 4.26489,
	4.88437 4.26348,
	4.88577 4.26068,
	4.88857 4.26068,
	4.89137 4.25788,
	4.9138 4.25648,
	4.93622 4.24807,
	4.94744 4.24807,
	4.95865 4.25227,
	5.0035 4.25648,
	5.01471 4.25788,
	5.02592 4.26629,
	5.03433 4.2747,
	5.03854 4.2803,
	5.03994 4.28591,
	5.04274 4.28871,
	5.04274 4.29432,
	5.04554 4.29712,
	5.04554 4.34197,
	5.04554 4.35318,
	5.04694 4.35879,
	5.04694 4.36159,
	5.05535 4.3728,
	5.07357 4.41765,
	5.07638 4.42326,
	5.07638 4.42887,
	5.09179 4.47371,
	5.0946 4.48493,
	5.0974 4.49053,
	5.0988 4.50175,
	5.1016 4.50735,
	5.10441 4.5522,
	5.10861 4.57463,
	5.11142 4.58584,
	5.11422 4.59144,
	5.11562 4.60266,
	5.11842 4.60826,
	5.11842 4.61387,
	5.12964 4.63629,
	5.13104 4.64751,
	5.13524 4.65171,
	5.13664 4.67413,
	5.13384 4.67974,
	5.13104 4.68254,
	5.13104 4.68535,
	5.12683 4.69095,
	5.12263 4.70217,
	5.12123 4.70777,
	5.11282 4.71758,
	5.11001 4.71758,
	5.10441 4.72319,
	5.1016 4.72599,
	5.1016 4.7316,
	5.10441 4.7344,
	5.10301 4.74561,
	5.09179 4.75683,
	5.08759 4.76243,
	5.08479 4.76523,
	5.08479 4.77645,
	5.08479 4.78205,
	5.07778 4.79327,
	5.05816 4.80868,
	5.04694 4.81289,
	5.04134 4.81569,
	5.03994 4.8269,
	5.03854 4.83251,
	5.01611 4.83952,
	5.0063 4.84652,
	4.99789 4.85633,
	4.98668 4.85633,
	4.98107 4.85633,
	4.96986 4.84933,
	4.94744 4.84793,
	4.93622 4.84652,
	4.93062 4.84372,
	4.92501 4.84372,
	4.90259 4.83531,
	4.89137 4.83111,
	4.88296 4.8227,
	4.87315 4.81849,
	4.8283 4.81849,
	4.8227 4.8227,
	4.81149 4.8255,
	4.78906 4.8213,
	4.74421 4.80588,
	4.73861 4.80308,
	4.71618 4.80308,
	4.70497 4.80308,
	4.68254 4.79887,
	4.63769 4.80167,
	4.62648 4.80027,
	4.62368 4.80027,
	4.62088 4.79747,
	4.59845 4.79046,
	4.58724 4.79046,
	4.57603 4.79327,
	4.5536 4.79327,
	4.54239 4.79186,
	4.53959 4.78906,
	4.52837 4.78626,
	4.50595 4.78626,
	4.49474 4.78626,
	4.48913 4.78486,
	4.48633 4.78486,
	4.4639 4.76804,
	4.45269 4.76804,
	4.44709 4.76804,
	4.42606 4.77925,
	4.41485 4.78065,
	4.39243 4.77364,
	4.38121 4.76664,
	4.3728 4.75823,
	4.36299 4.74701,
	4.35178 4.74001,
	4.34057 4.7358,
	4.29572 4.7344,
	4.28451 4.7302,
	4.2817 4.7302,
	4.27049 4.72319,
	4.25928 4.72039,
	4.21443 4.71898,
	4.19201 4.71057,
	4.16958 4.69235,
	4.16538 4.68675,
	4.16538 4.66432,
	4.16538 4.66152,
	"/>
</Transform>

<Transform dim="0"
 xcoef=" 0 1 0 0 0 0"
 ycoef=" 0 0 1 0 0 0">
<Contour name="d05" hidden="false" closed="true" simplified="true" border="1 0.502 0" fill="1 0.5 0" mode="11"
 points="3.90749 4.58023,
	3.9117 4.56902,
	3.9187 4.55921,
	3.92151 4.55921,
	3.94113 4.54239,
	3.94954 4.53398,
	3.97056 4.51436,
	3.98037 4.50455,
	3.98037 4.50175,
	3.98878 4.49193,
	3.99299 4.48633,
	3.99579 4.48353,
	3.99999 4.4611,
	4.007 4.45129,
	4.00981 4.44989,
	4.00981 4.44709,
	4.01821 4.43868,
	4.02522 4.42746,
	4.02522 4.41625,
	4.02803 4.41065,
	4.03363 4.40784,
	4.05606 4.40784,
	4.10091 4.41205,
	4.11212 4.41625,
	4.11492 4.41625,
	4.12053 4.42186,
	4.12753 4.44428,
	4.12894 4.45549,
	4.12613 4.46671,
	4.10931 4.48773,
	4.10091 4.51015,
	4.10091 4.555,
	4.10091 4.56622,
	4.0995 4.56902,
	4.0939 4.56902,
	4.08409 4.57883,
	4.07287 4.58584,
	4.05045 4.59144,
	4.04484 4.59565,
	4.04204 4.59565,
	4.03643 4.59985,
	4.01401 4.59705,
	4.0028 4.59705,
	3.99159 4.60406,
	3.98878 4.60406,
	3.97897 4.61107,
	3.97336 4.61247,
	3.96776 4.61667,
	3.94533 4.61807,
	3.92291 4.61387,
	3.9131 4.60826,
	3.90889 4.60266,
	3.90749 4.58163,
	"/>
</Transform>

<Transform dim="0"
 xcoef=" 0 1 0 0 0 0"
 ycoef=" 0 0 1 0 0 0">
<Contour name="d07" hidden="false" closed="true" simplified="true" border="1 0 1" fill="1 0.5 0" mode="11"
 points="-0.0625314 2.16716,
	-0.0464519 2.13857,
	-0.0196527 2.11713,
	-0.00535983 2.1082,
	0.0232259 2.09927,
	0.0518117 2.09391,
	0.0803975 2.08319,
	0.108983 2.06711,
	0.137569 2.05818,
	0.151862 2.0546,
	0.159008 2.0546,
	0.173301 2.04746,
	0.2001 2.02423,
	0.214393 2.01172,
	0.271565 1.97778,
	0.285858 1.96348,
	0.293004 1.95634,
	0.298364 1.94205,
	0.312657 1.93311,
	0.32695 1.92775,
	0.355535 1.92418,
	0.384121 1.92418,
	0.398414 1.92597,
	0.405561 1.92775,
	0.418067 1.94205,
	0.43236 1.95098,
	0.439506 1.95277,
	0.496678 1.98314,
	0.553849 1.99564,
	0.560996 1.99743,
	0.573502 2.00994,
	0.589581 2.03852,
	0.596728 2.05282,
	0.594941 2.06711,
	0.587795 2.0814,
	0.573502 2.09569,
	0.571715 2.10105,
	0.575289 2.1082,
	0.575289 2.11535,
	0.562782 2.12607,
	0.548489 2.13143,
	0.535983 2.14036,
	0.546703 2.15465,
	0.546703 2.1618,
	0.541343 2.16895,
	0.534197 2.17252,
	0.530623 2.17609,
	0.52705 2.17609,
	0.519904 2.18145,
	0.505611 2.18681,
	0.498464 2.1886,
	0.494891 2.19217,
	0.466305 2.2011,
	0.409134 2.21004,
	0.351962 2.24041,
	0.323376 2.25113,
	0.266205 2.26006,
	0.237619 2.26542,
	0.209033 2.27436,
	0.180448 2.28686,
	0.166155 2.29222,
	0.137569 2.29401,
	0.123276 2.29401,
	0.0946904 2.28507,
	0.0661046 2.269,
	0.0518117 2.26006,
	0.0232259 2.25113,
	0.00893305 2.24577,
	0.00535983 2.2422,
	0.00178661 2.2422,
	-0.0250125 2.22254,
	-0.032159 2.21897,
	-0.0518117 2.19217,
	-0.0607448 2.17788,
	-0.0625314 2.17073,
	-0.0625314 2.16895,
	"/>
</Transform>

<Transform dim="0"
 xcoef=" 0 1 0 0 0 0"
 ycoef=" 0 0 1 0 0 0">
<Contour name="d07" hidden="false" closed="true" simplified="true" border="1 0 1" fill="1 0.5 0" mode="11"
 points="3.3978 2.08896,
	3.40498 2.07747,
	3.4251 2.05448,
	3.43372 2.04299,
	3.43946 2.03724,
	3.48544 2.01713,
	3.49693 2.01282,
	3.51992 2.01426,
	3.53141 2.01857,
	3.57739 2.02719,
	3.66934 2.0315,
	3.71531 2.0315,
	3.7268 2.0315,
	3.74979 2.03868,
	3.77278 2.05161,
	3.78427 2.06023,
	3.79577 2.06454,
	3.80151 2.06598,
	3.8245 2.08034,
	3.82737 2.08322,
	3.82594 2.08609,
	3.82306 2.08609,
	3.83312 2.08753,
	3.83887 2.08753,
	3.85036 2.08322,
	3.86185 2.08465,
	3.87335 2.09327,
	3.88915 2.11626,
	3.88915 2.12201,
	3.89921 2.13063,
	3.9222 2.14212,
	3.93369 2.14643,
	3.95668 2.14931,
	3.96242 2.15218,
	3.98397 2.17229,
	3.99547 2.18091,
	4.00265 2.19241,
	4.00696 2.2039,
	4.00696 2.21539,
	4.00409 2.22689,
	3.99978 2.23263,
	3.99978 2.23838,
	4.01414 2.26137,
	4.01845 2.27286,
	4.01989 2.29585,
	4.01989 2.29872,
	4.0084 2.30878,
	4.00265 2.31309,
	3.99978 2.31884,
	3.9969 2.32171,
	3.9969 2.32746,
	4.00552 2.35044,
	4.00265 2.36194,
	3.99403 2.37343,
	3.98828 2.3763,
	3.98541 2.37918,
	3.96242 2.38061,
	3.95668 2.38061,
	3.94518 2.37343,
	3.94231 2.37056,
	3.93944 2.37056,
	3.91645 2.35044,
	3.8949 2.33464,
	3.8834 2.32315,
	3.87478 2.31165,
	3.87335 2.30591,
	3.86185 2.29585,
	3.83887 2.28867,
	3.81588 2.28867,
	3.76991 2.29729,
	3.75841 2.29729,
	3.74692 2.29441,
	3.72393 2.28292,
	3.70238 2.25993,
	3.68658 2.23694,
	3.67508 2.22689,
	3.6521 2.21252,
	3.62911 2.20534,
	3.60612 2.20246,
	3.58313 2.19672,
	3.53716 2.19241,
	3.53141 2.19241,
	3.51992 2.1881,
	3.50843 2.18091,
	3.49837 2.17086,
	3.49262 2.16511,
	3.48975 2.15936,
	3.484 2.15362,
	3.47251 2.14787,
	3.46101 2.15074,
	3.43803 2.15074,
	3.43228 2.15074,
	3.42079 2.14356,
	3.41073 2.13207,
	3.40355 2.12057,
	3.40067 2.11483,
	3.40067 2.11195,
	3.3978 2.10908,
	3.3978 2.09758,
	3.3978 2.09184,
	3.3978 2.0904,
	"/>
</Transform>

<Transform dim="0"
 xcoef=" 0 1 0 0 0 0"
 ycoef=" 0 0 1 0 0 0">
<Contour name="d07" hidden="false" closed="true" simplified="true" border="1 0 1" fill="1 0.5 0" mode="11"
 points="2.05592 2.63491,
	2.06023 2.62342,
	2.06167 2.61767,
	2.07029 2.60618,
	2.09327 2.59037,
	2.11626 2.59181,
	2.12776 2.59899,
	2.14643 2.62198,
	2.15362 2.63347,
	2.15649 2.63922,
	2.15649 2.65071,
	2.15362 2.66221,
	2.14356 2.6737,
	2.13207 2.68089,
	2.12057 2.6852,
	2.09758 2.68663,
	2.08609 2.68663,
	2.0746 2.68376,
	2.0631 2.6737,
	2.05879 2.66796,
	2.05592 2.66508,
	2.05592 2.64209,
	2.05592 2.63635,
	"/>
<Contour name="d07" hidden="false" closed="true" simplified="true" border="1 0 1" fill="1 0.5 0" mode="11"
 points="1.81312 2.03437,
	1.81743 2.02288,
	1.83036 2.00133,
	1.83754 1.98983,
	1.84041 1.98409,
	1.86197 1.96828,
	1.86915 1.95679,
	1.87633 1.9338,
	1.87633 1.92805,
	1.88495 1.91943,
	1.88783 1.91656,
	1.8907 1.91656,
	1.90219 1.90938,
	1.91512 1.88639,
	1.92087 1.8749,
	1.93093 1.86484,
	1.94242 1.86053,
	1.96541 1.85622,
	1.97115 1.85478,
	1.97259 1.83179,
	1.97259 1.8203,
	1.97259 1.81743,
	1.97546 1.81455,
	1.97546 1.81168,
	1.98696 1.80306,
	1.99271 1.79875,
	1.99414 1.78726,
	1.99271 1.77576,
	1.99414 1.76427,
	1.99558 1.75852,
	2.00707 1.74847,
	2.01282 1.74416,
	2.05879 1.72692,
	2.08178 1.72404,
	2.10477 1.72404,
	2.11626 1.72404,
	2.13925 1.72835,
	2.16224 1.72692,
	2.16798 1.72548,
	2.18953 1.7068,
	2.20965 1.68525,
	2.2197 1.67519,
	2.2312 1.66801,
	2.25419 1.65939,
	2.30016 1.64646,
	2.30591 1.64502,
	2.31165 1.64646,
	2.3174 1.64215,
	2.32889 1.64071,
	2.35188 1.63209,
	2.39786 1.63353,
	2.42084 1.63209,
	2.43234 1.62635,
	2.45532 1.62204,
	2.46107 1.61773,
	2.47256 1.61629,
	2.49555 1.61916,
	2.50704 1.62204,
	2.51279 1.62635,
	2.53578 1.62778,
	2.55877 1.63209,
	2.58175 1.63353,
	2.59325 1.62922,
	2.6033 1.62204,
	2.6148 1.62347,
	2.63778 1.6364,
	2.64928 1.64071,
	2.67227 1.64215,
	2.69525 1.64933,
	2.70675 1.64933,
	2.71249 1.64933,
	2.72399 1.65652,
	2.74554 1.67519,
	2.75703 1.68238,
	2.76852 1.68669,
	2.77858 1.69818,
	2.78576 1.70968,
	2.79151 1.71542,
	2.79582 1.72692,
	2.80588 1.73697,
	2.81163 1.74272,
	2.8145 1.74272,
	2.82599 1.7499,
	2.83174 1.75565,
	2.85473 1.77145,
	2.87771 1.78438,
	2.88921 1.793,
	2.9007 1.79731,
	2.90645 1.80162,
	2.91794 1.8045,
	2.94093 1.80593,
	2.96392 1.81024,
	2.97541 1.81599,
	2.98116 1.81886,
	2.98834 1.83036,
	2.9984 1.83754,
	3.02138 1.84473,
	3.02426 1.8476,
	3.02426 1.85335,
	3.01995 1.86484,
	3.01851 1.86771,
	3.02138 1.87346,
	3.02138 1.87633,
	3.05299 1.92231,
	3.0573 1.92805,
	3.05874 1.9338,
	3.06305 1.93955,
	3.06305 1.95104,
	3.06305 1.95391,
	3.04006 1.96253,
	3.03862 1.96684,
	3.04006 1.97834,
	3.03862 1.98409,
	3.01707 2.00276,
	3.00558 2.00995,
	2.9984 2.02144,
	2.99552 2.03293,
	2.99265 2.03868,
	2.96966 2.04586,
	2.95817 2.05017,
	2.93806 2.07172,
	2.92943 2.08322,
	2.90645 2.10189,
	2.89639 2.11339,
	2.89208 2.12488,
	2.8849 2.13638,
	2.87915 2.14069,
	2.86766 2.14356,
	2.86191 2.145,
	2.85042 2.15218,
	2.82743 2.17229,
	2.81881 2.18379,
	2.80732 2.19241,
	2.79582 2.19815,
	2.74985 2.2039,
	2.72686 2.21108,
	2.70387 2.22401,
	2.69813 2.22976,
	2.68663 2.23694,
	2.67514 2.247,
	2.62916 2.26999,
	2.60618 2.28005,
	2.59468 2.28436,
	2.58894 2.28579,
	2.56595 2.30016,
	2.55446 2.30878,
	2.54727 2.32027,
	2.54153 2.32602,
	2.49555 2.34901,
	2.44958 2.35763,
	2.42659 2.36194,
	2.38061 2.3763,
	2.36912 2.38205,
	2.36337 2.38492,
	2.3605 2.3878,
	2.35763 2.3878,
	2.35619 2.39067,
	2.35332 2.39067,
	2.34757 2.39642,
	2.32458 2.40935,
	2.3016 2.41653,
	2.27861 2.42084,
	2.25562 2.42228,
	2.24413 2.42515,
	2.23838 2.42659,
	2.23263 2.4309,
	2.22114 2.43521,
	2.20965 2.44239,
	2.1766 2.48549,
	2.16511 2.49268,
	2.15936 2.49699,
	2.14787 2.49842,
	2.14212 2.49699,
	2.13494 2.48693,
	2.13638 2.46394,
	2.14356 2.44096,
	2.145 2.43521,
	2.145 2.43234,
	2.15218 2.42084,
	2.15362 2.40935,
	2.15218 2.39786,
	2.14931 2.39211,
	2.14356 2.38924,
	2.13207 2.3878,
	2.12632 2.38636,
	2.12057 2.38205,
	2.09758 2.37199,
	2.09184 2.36912,
	2.08034 2.36912,
	2.0746 2.37199,
	2.06885 2.37199,
	2.04586 2.37918,
	2.03437 2.37774,
	2.02288 2.37343,
	2.01138 2.36337,
	1.9884 2.34901,
	1.98265 2.34613,
	1.97259 2.33464,
	1.97115 2.32315,
	1.97259 2.31165,
	1.97259 2.30878,
	1.97978 2.29729,
	1.98265 2.29154,
	1.98265 2.28005,
	1.97546 2.25706,
	1.97259 2.24556,
	1.96828 2.23982,
	1.95822 2.21683,
	1.9496 2.20534,
	1.93811 2.19528,
	1.93093 2.18379,
	1.91943 2.17373,
	1.90794 2.16655,
	1.88495 2.15649,
	1.87346 2.14787,
	1.87202 2.13638,
	1.87202 2.13063,
	1.86915 2.12488,
	1.8634 2.12057,
	1.85191 2.11626,
	1.83323 2.09758,
	1.82317 2.08609,
	1.81599 2.0746,
	1.81312 2.05161,
	1.81312 2.04012,
	1.81312 2.03581,
	"/>
</Transform>

<Transform dim="0"
 xcoef=" 0 1 0 0 0 0"
 ycoef=" 0 0 1 0 0 0">
<Contour name="d07" hidden="false" closed="true" simplified="true" border="1 0 1" fill="1 0.5 0" mode="11"
 points="2.7599 1.35337,
	2.76996 1.34332,
	2.76996 1.33757,
	2.76709 1.33182,
	2.76421 1.32895,
	2.76421 1.3232,
	2.76996 1.31746,
	2.77571 1.31458,
	2.78145 1.30884,
	2.78289 1.28585,
	2.79295 1.26286,
	2.7987 1.25711,
	2.80157 1.25137,
	2.81306 1.24275,
	2.83605 1.23413,
	2.84754 1.23125,
	2.85904 1.23125,
	2.86478 1.23125,
	2.86766 1.23125,
	2.8734 1.22694,
	2.89639 1.22551,
	2.90214 1.22407,
	2.91363 1.21689,
	2.92512 1.21401,
	2.94811 1.21401,
	2.95961 1.21258,
	2.96392 1.20108,
	2.96392 1.18959,
	2.96535 1.18384,
	2.96535 1.18097,
	2.9711 1.17522,
	2.97685 1.17235,
	2.98834 1.17379,
	2.99983 1.17953,
	3.02138 1.19965,
	3.03288 1.19677,
	3.04437 1.19821,
	3.05012 1.20108,
	3.05012 1.20396,
	3.04581 1.20827,
	3.04581 1.21976,
	3.04581 1.22263,
	3.03719 1.23413,
	3.01564 1.24849,
	3.00558 1.25711,
	2.99696 1.26861,
	2.98834 1.29159,
	2.98834 1.29447,
	2.96535 1.31315,
	2.95386 1.3232,
	2.94668 1.33326,
	2.92512 1.35194,
	2.90214 1.36487,
	2.89926 1.36487,
	2.89352 1.36918,
	2.88777 1.37061,
	2.88202 1.37492,
	2.85904 1.38498,
	2.85329 1.39073,
	2.8418 1.39647,
	2.81881 1.39504,
	2.79582 1.38785,
	2.77283 1.3778,
	2.76134 1.3663,
	2.7599 1.35481,
	"/>
</Transform>

<Transform dim="0"
 xcoef=" 0 1 0 0 0 0"
 ycoef=" 0 0 1 0 0 0">
<Contour name="d07" hidden="false" closed="true" simplified="true" border="1 0 1" fill="1 0.5 0" mode="11"
 points="1.15383 2.0505,
	1.1606 2.04373,
	1.16736 2.04204,
	1.17921 2.03189,
	1.18428 2.02512,
	1.18597 2.01835,
	1.19274 2.01159,
	1.20627 2.01159,
	1.21304 2.01159,
	1.22319 1.99974,
	1.22319 1.99636,
	1.23673 1.99467,
	1.25026 1.99636,
	1.3044 2.02512,
	1.33147 2.03696,
	1.345 2.04204,
	1.34839 2.04711,
	1.36192 2.05388,
	1.37546 2.06403,
	1.38222 2.0708,
	1.38561 2.07757,
	1.37715 2.13171,
	1.37377 2.13847,
	1.367 2.14355,
	1.35346 2.14693,
	1.3467 2.15201,
	1.34331 2.15877,
	1.33655 2.16385,
	1.30948 2.16216,
	1.28241 2.15708,
	1.26887 2.14862,
	1.24349 2.12663,
	1.22996 2.12325,
	1.20289 2.10633,
	1.18936 2.09787,
	1.18259 2.09279,
	1.17921 2.07926,
	1.16567 2.07418,
	1.1589 2.0708,
	1.15383 2.06403,
	1.15383 2.05219,
	"/>
</Transform>

<Transform dim="0"
 xcoef=" 0 1 0 0 0 0"
 ycoef=" 0 0 1 0 0 0">
<Contour name="d08" hidden="false" closed="true" simplified="true" border="1 0 0" fill="1 0.5 0" mode="11"
 points="5.01458 3.0461,
	5.01755 3.04017,
	5.0294 3.03128,
	5.04126 3.02535,
	5.06498 3.01794,
	5.07091 3.01497,
	5.09462 3.01497,
	5.10055 3.01497,
	5.11241 3.00756,
	5.11982 2.9957,
	5.1302 2.98533,
	5.15392 2.97051,
	5.17615 2.94827,
	5.18208 2.94234,
	5.22951 2.929,
	5.23544 2.929,
	5.25916 2.92011,
	5.28288 2.90677,
	5.2888 2.9038,
	5.30066 2.89343,
	5.32438 2.89343,
	5.33624 2.88898,
	5.34217 2.88453,
	5.36588 2.88305,
	5.37181 2.88305,
	5.37478 2.88898,
	5.38664 2.89639,
	5.41035 2.91714,
	5.41776 2.929,
	5.42814 2.94086,
	5.44 2.94531,
	5.44296 2.95124,
	5.44148 2.97495,
	5.43852 2.98088,
	5.42666 2.98829,
	5.4148 2.98978,
	5.40887 2.98978,
	5.39701 2.99422,
	5.37329 3.01053,
	5.36144 3.01794,
	5.33772 3.01794,
	5.32586 3.01942,
	5.30215 3.02683,
	5.29029 3.03128,
	5.28436 3.03128,
	5.23692 3.04758,
	5.22507 3.05055,
	5.20135 3.06389,
	5.17912 3.08464,
	5.1554 3.09205,
	5.14354 3.0965,
	5.13316 3.10688,
	5.12872 3.11281,
	5.12575 3.11577,
	5.07832 3.11281,
	5.0546 3.10836,
	5.03089 3.09502,
	5.02051 3.08316,
	5.01458 3.0713,
	5.01458 3.04758,
	"/>
</Transform>

<Transform dim="0"
 xcoef=" 0 1 0 0 0 0"
 ycoef=" 0 0 1 0 0 0">
<Contour name="d08" hidden="false" closed="true" simplified="true" border="1 0 0" fill="1 0.5 0" mode="11"
 points="5.64752 3.01646,
	5.65345 3.01053,
	5.65938 3.01053,
	5.67123 3.00608,
	5.67568 3.00015,
	5.6742 2.99422,
	5.67123 2.99274,
	5.67123 2.98681,
	5.69199 2.96458,
	5.69792 2.96013,
	5.72163 2.95717,
	5.76758 2.9127,
	5.77944 2.90232,
	5.78834 2.89194,
	5.79426 2.88898,
	5.80612 2.88898,
	5.81798 2.89491,
	5.82391 2.89787,
	5.82688 2.90084,
	5.8328 2.90084,
	5.85652 2.88305,
	5.88024 2.86823,
	5.90395 2.86526,
	5.91581 2.85933,
	5.92767 2.85637,
	5.93953 2.85044,
	5.94398 2.84599,
	5.94694 2.82228,
	5.95583 2.81042,
	5.9588 2.80449,
	5.98252 2.7867,
	6.00179 2.76447,
	6.01216 2.74075,
	6.01216 2.72889,
	6.01661 2.71703,
	6.02254 2.71259,
	6.0344 2.71111,
	6.04032 2.70814,
	6.05515 2.68442,
	6.06552 2.67405,
	6.06849 2.66812,
	6.06849 2.6444,
	6.06997 2.63254,
	6.07145 2.62661,
	6.08183 2.61476,
	6.08924 2.6029,
	6.09369 2.59104,
	6.1011 2.57918,
	6.11147 2.56732,
	6.1174 2.56288,
	6.14112 2.55695,
	6.15298 2.54954,
	6.17373 2.5273,
	6.18262 2.51544,
	6.19448 2.50507,
	6.20634 2.49766,
	6.2182 2.49321,
	6.26563 2.49173,
	6.28935 2.49321,
	6.30121 2.50358,
	6.30862 2.51544,
	6.33085 2.53916,
	6.34271 2.54657,
	6.36495 2.56881,
	6.36495 2.59252,
	6.36495 2.59845,
	6.36198 2.60438,
	6.36198 2.60735,
	6.35457 2.6192,
	6.35012 2.63106,
	6.35012 2.64292,
	6.35309 2.64885,
	6.36346 2.65923,
	6.36791 2.67108,
	6.37087 2.67405,
	6.36939 2.68591,
	6.36495 2.69184,
	6.36198 2.6948,
	6.33826 2.6948,
	6.33234 2.69776,
	6.31455 2.72148,
	6.31455 2.73334,
	6.32196 2.7452,
	6.33234 2.75706,
	6.33678 2.76891,
	6.33678 2.78077,
	6.33678 2.7867,
	6.33234 2.79115,
	6.33085 2.80301,
	6.33382 2.80894,
	6.34568 2.81931,
	6.35012 2.82524,
	6.35012 2.83117,
	6.35012 2.83414,
	6.3353 2.85637,
	6.33234 2.8623,
	6.33382 2.87416,
	6.33382 2.88009,
	6.34123 2.9038,
	6.34568 2.91566,
	6.34716 2.92752,
	6.35161 2.93938,
	6.35605 2.94531,
	6.36495 2.96902,
	6.36791 3.01646,
	6.37384 3.02239,
	6.3857 3.02831,
	6.3857 3.04017,
	6.37977 3.0461,
	6.3768 3.04907,
	6.3768 3.055,
	6.39014 3.07871,
	6.39756 3.09057,
	6.39904 3.10243,
	6.39756 3.11429,
	6.38718 3.138,
	6.38422 3.138,
	6.3857 3.16172,
	6.38866 3.17358,
	6.38866 3.17951,
	6.39014 3.18247,
	6.402 3.18099,
	6.40793 3.18396,
	6.41238 3.18988,
	6.41831 3.2136,
	6.42276 3.22546,
	6.42424 3.23139,
	6.4361 3.24176,
	6.43461 3.26548,
	6.42572 3.2892,
	6.42127 3.30106,
	6.41979 3.30699,
	6.41534 3.31291,
	6.41534 3.32477,
	6.42276 3.33515,
	6.42276 3.33811,
	6.4109 3.34552,
	6.39904 3.34849,
	6.38718 3.3559,
	6.34123 3.39592,
	6.2938 3.42705,
	6.28194 3.43743,
	6.27008 3.44484,
	6.25822 3.44632,
	6.2345 3.44484,
	6.22265 3.44484,
	6.21079 3.44928,
	6.20486 3.45225,
	6.18114 3.45225,
	6.16928 3.45225,
	6.15743 3.44928,
	6.13371 3.43594,
	6.13074 3.43298,
	6.10703 3.43446,
	6.09517 3.43446,
	6.07145 3.44039,
	6.05959 3.44484,
	6.03588 3.44336,
	6.03291 3.44336,
	6.02105 3.43594,
	6.01513 3.4315,
	6.00327 3.43002,
	5.99734 3.43002,
	5.98548 3.43446,
	5.96176 3.43446,
	5.94991 3.4315,
	5.92619 3.41667,
	5.91433 3.40926,
	5.9084 3.40482,
	5.88468 3.4063,
	5.87283 3.40482,
	5.84911 3.39296,
	5.83725 3.38851,
	5.81353 3.36924,
	5.80168 3.36479,
	5.77796 3.36479,
	5.75424 3.35738,
	5.74238 3.34997,
	5.73201 3.33811,
	5.72904 3.33515,
	5.72163 3.31143,
	5.71126 3.28772,
	5.70681 3.27586,
	5.70681 3.25214,
	5.70533 3.24028,
	5.69792 3.22842,
	5.69347 3.22249,
	5.68902 3.19878,
	5.68754 3.18692,
	5.68013 3.1632,
	5.67865 3.13949,
	5.68013 3.12763,
	5.68458 3.11577,
	5.68606 3.09205,
	5.68458 3.08612,
	5.67568 3.07427,
	5.65345 3.05055,
	5.649 3.03869,
	5.64752 3.02683,
	5.64752 3.0209,
	5.64752 3.01794,
	"/>
</Transform>

<Transform dim="0"
 xcoef=" 0 1 0 0 0 0"
 ycoef=" 0 0 1 0 0 0">
<Contour name="d08" hidden="false" closed="true" simplified="true" border="1 0 0" fill="1 0.5 0" mode="11"
 points="6.82594 3.86581,
	6.83335 3.85395,
	6.85707 3.84209,
	6.88078 3.84061,
	6.9045 3.84209,
	6.91636 3.84802,
	6.92229 3.85395,
	6.946 3.86581,
	6.95786 3.87025,
	6.98158 3.88508,
	6.99344 3.89249,
	7.00529 3.90286,
	7.01715 3.91028,
	7.02012 3.90879,
	7.03198 3.91769,
	7.0379 3.92213,
	7.06162 3.92955,
	7.07348 3.93844,
	7.07941 3.9503,
	7.09127 3.95623,
	7.09423 3.95623,
	7.11498 3.97994,
	7.12981 4.00366,
	7.13425 4.01552,
	7.13277 4.02738,
	7.13129 4.03331,
	7.12091 4.0422,
	7.07348 4.05702,
	7.06162 4.06295,
	7.0379 4.05851,
	7.02605 4.05258,
	6.97861 4.02145,
	6.9549 4.00514,
	6.94452 3.99328,
	6.93859 3.98143,
	6.93414 3.9755,
	6.91043 3.9666,
	6.88671 3.94882,
	6.88078 3.94289,
	6.86744 3.91917,
	6.85855 3.90731,
	6.85262 3.89545,
	6.84965 3.88952,
	6.82594 3.87025,
	6.82594 3.86729,
	"/>
</Transform>

<Transform dim="0"
 xcoef=" 0 1 0 0 0 0"
 ycoef=" 0 0 1 0 0 0">
<Contour name="d10" hidden="false" closed="true" simplified="true" border="0 1 1" fill="1 0.5 0" mode="11"
 points="5.39192 6.62403,
	5.41666 6.59764,
	5.42491 6.58444,
	5.43151 6.5795,
	5.4447 6.57785,
	5.4579 6.5729,
	5.46944 6.56135,
	5.47769 6.54816,
	5.49088 6.53496,
	5.51728 6.51352,
	5.52222 6.50692,
	5.52552 6.45414,
	5.52552 6.42775,
	5.52882 6.40136,
	5.53542 6.37497,
	5.54367 6.36177,
	5.56841 6.34033,
	5.575 6.33703,
	5.58655 6.32384,
	5.59975 6.31394,
	5.60634 6.30734,
	5.63273 6.29415,
	5.63933 6.29085,
	5.74489 6.2859,
	5.75149 6.28425,
	5.77788 6.26776,
	5.79108 6.26281,
	5.81747 6.26116,
	5.83066 6.26116,
	5.84386 6.25786,
	5.87025 6.24302,
	5.87685 6.23807,
	5.88015 6.23147,
	5.88179 6.21827,
	5.88344 6.21168,
	5.90983 6.21333,
	5.91313 6.21662,
	5.96591 6.21662,
	5.97911 6.21827,
	5.99231 6.22322,
	5.9989 6.22487,
	6.0121 6.23312,
	6.02529 6.24466,
	6.02859 6.24796,
	6.08137 6.24302,
	6.13415 6.25126,
	6.18694 6.26776,
	6.21333 6.2859,
	6.23477 6.30899,
	6.24302 6.32219,
	6.24631 6.32878,
	6.25951 6.34198,
	6.2859 6.35353,
	6.2991 6.35847,
	6.32549 6.36342,
	6.33868 6.36507,
	6.34528 6.36837,
	6.35847 6.36837,
	6.38486 6.37332,
	6.39806 6.37662,
	6.40466 6.37827,
	6.41785 6.38816,
	6.43435 6.41455,
	6.44259 6.44094,
	6.44259 6.45414,
	6.44919 6.48053,
	6.45249 6.49373,
	6.46569 6.52012,
	6.47888 6.53001,
	6.49043 6.54321,
	6.49867 6.5564,
	6.50197 6.563,
	6.50857 6.5696,
	6.51187 6.5762,
	6.51187 6.60259,
	6.50362 6.62898,
	6.49867 6.63557,
	6.48713 6.66197,
	6.47558 6.67351,
	6.46239 6.68011,
	6.40961 6.69165,
	6.35682 6.69165,
	6.33043 6.69825,
	6.30404 6.70815,
	6.27765 6.7131,
	6.22487 6.71475,
	6.21168 6.7164,
	6.19848 6.72464,
	6.18858 6.73619,
	6.18364 6.74279,
	6.17044 6.74773,
	6.14405 6.74773,
	6.11766 6.74114,
	6.09127 6.74114,
	6.07807 6.74114,
	6.05168 6.75268,
	6.02529 6.75763,
	5.9989 6.75763,
	5.98571 6.75763,
	5.88015 6.78897,
	5.85375 6.79062,
	5.84056 6.79392,
	5.82901 6.80546,
	5.80262 6.81866,
	5.78943 6.82196,
	5.78283 6.82526,
	5.75644 6.82526,
	5.74324 6.82526,
	5.73005 6.82856,
	5.72345 6.83185,
	5.67067 6.83021,
	5.65748 6.82526,
	5.65088 6.82031,
	5.63768 6.81701,
	5.62449 6.80711,
	5.61129 6.79392,
	5.60469 6.78732,
	5.5981 6.78402,
	5.57171 6.76258,
	5.55851 6.75598,
	5.55191 6.75103,
	5.54861 6.75103,
	5.54532 6.74773,
	5.49253 6.73289,
	5.47934 6.73124,
	5.45295 6.72299,
	5.42656 6.70815,
	5.41336 6.69825,
	5.40676 6.6933,
	5.40017 6.68011,
	5.39192 6.62733,
	5.39192 6.62568,
	"/>
</Transform>

<Transform dim="0"
 xcoef=" 0 1 0 0 0 0"
 ycoef=" 0 0 1 0 0 0">
<Contour name="d10" hidden="false" closed="true" simplified="true" border="0 1 1" fill="1 0.5 0" mode="11"
 points="7.19802 6.17539,
	7.20297 6.16219,
	7.21617 6.15395,
	7.22936 6.15395,
	7.24256 6.15725,
	7.29534 6.16054,
	7.32173 6.16219,
	7.37451 6.17704,
	7.42729 6.17704,
	7.48007 6.19023,
	7.50646 6.20013,
	7.51306 6.20673,
	7.51636 6.21003,
	7.51636 6.22322,
	7.51471 6.22982,
	7.49327 6.25621,
	7.48007 6.26446,
	7.42729 6.2826,
	7.4009 6.29085,
	7.38771 6.29415,
	7.33492 6.2958,
	7.32173 6.30074,
	7.30853 6.30899,
	7.28214 6.30734,
	7.26895 6.30239,
	7.2574 6.2892,
	7.2541 6.26281,
	7.23101 6.23642,
	7.21452 6.21003,
	7.20132 6.19683,
	7.19802 6.19023,
	7.19802 6.17704,
	"/>
</Transform>

<Transform dim="0"
 xcoef=" 0 1 0 0 0 0"
 ycoef=" 0 0 1 0 0 0">
<Contour name="d03c32" hidden="false" closed="true" simplified="true" border="1 0 0" fill="1 0 0" mode="11"
 points="0.598496 5.30733,
	0.618281 5.29001,
	0.638066 5.27765,
	0.647959 5.2727,
	0.652905 5.26776,
	0.692475 5.26528,
	0.71226 5.2727,
	0.722153 5.27765,
	0.727099 5.2826,
	0.727099 5.29249,
	0.727099 5.29743,
	0.687529 5.31969,
	0.667744 5.32711,
	0.647959 5.33948,
	0.628174 5.34195,
	0.608389 5.33948,
	0.598496 5.33206,
	0.598496 5.31227,
	0.598496 5.3098,
	"/>
<Contour name="d03cfa32" hidden="false" closed="false" simplified="false" border="0 0 1" fill="0 0 1" mode="11"
 points="0.610675 5.33235,
	0.645298 5.31256,
	0.704653 5.28536,
	0.721965 5.28536,
	"/>
</Transform>

<Transform dim="0"
 xcoef=" 0 1 0 0 0 0"
 ycoef=" 0 0 1 0 0 0">
<Contour name="d07c38" hidden="false" closed="true" simplified="true" border="1 0 0" fill="1 0 0" mode="11"
 points="0.0605667 2.07407,
	0.0713341 2.06465,
	0.114404 2.04716,
	0.135939 2.03639,
	0.179008 2.00812,
	0.200543 1.99332,
	0.211311 1.98659,
	0.216694 1.9839,
	0.219386 1.9812,
	0.240921 1.9812,
	0.246305 1.98255,
	0.251688 1.98793,
	0.250342 1.9987,
	0.250342 2.00139,
	0.244959 2.00678,
	0.223424 2.02024,
	0.203235 2.03773,
	0.192468 2.04581,
	0.149398 2.07004,
	0.127863 2.07811,
	0.106328 2.0835,
	0.0955608 2.08619,
	0.074026 2.08619,
	0.0686423 2.08619,
	0.0632586 2.0835,
	0.0605667 2.08215,
	0.0605667 2.07677,
	0.0605667 2.07542,
	"/>
</Transform>

<Transform dim="0"
 xcoef=" 0 1 0 0 0 0"
 ycoef=" 0 0 1 0 0 0">
<Contour name="d07cfa38" hidden="false" closed="false" simplified="false" border="0 0 1" fill="1 0 0" mode="11"
 points="0.0636763 2.07946,
	0.110784 2.05523,
	0.149816 2.0485,
	0.164621 2.04446,
	0.170005 2.04043,
	0.188848 2.02293,
	0.210382 2.00409,
	0.249414 1.98524,
	"/>
</Transform>

<Transform dim="0"
 xcoef=" 0 1 0 0 0 0"
 ycoef=" 0 0 1 0 0 0">
<Contour name="d07c39" hidden="false" closed="true" simplified="true" border="1 0 0" fill="1 0 0" mode="11"
 points="3.43184 2.15471,
	3.44579 2.1425,
	3.45975 2.13901,
	3.47371 2.13901,
	3.48069 2.14075,
	3.50337 2.16692,
	3.51558 2.17914,
	3.52954 2.18437,
	3.55746 2.18786,
	3.58537 2.18786,
	3.61329 2.1931,
	3.62724 2.19484,
	3.63422 2.19484,
	3.66214 2.20531,
	3.6761 2.21403,
	3.69878 2.2402,
	3.70924 2.25416,
	3.7232 2.26463,
	3.73716 2.27161,
	3.76508 2.27335,
	3.77903 2.27335,
	3.80695 2.26812,
	3.83486 2.26812,
	3.86278 2.27161,
	3.87674 2.27684,
	3.89069 2.28731,
	3.89767 2.29429,
	3.90465 2.30825,
	3.9064 2.33616,
	3.90291 2.35012,
	3.89767 2.3571,
	3.88372 2.35535,
	3.82788 2.32918,
	3.79997 2.32569,
	3.77205 2.32569,
	3.74414 2.3222,
	3.73018 2.32046,
	3.70227 2.30825,
	3.5906 2.22973,
	3.56269 2.22101,
	3.53477 2.21752,
	3.52082 2.21752,
	3.4929 2.21054,
	3.46499 2.19833,
	3.43707 2.17565,
	3.43184 2.16867,
	3.43184 2.15646,
	"/>
</Transform>

<Transform dim="0"
 xcoef=" 0 1 0 0 0 0"
 ycoef=" 0 0 1 0 0 0">
<Contour name="d07cfa39" hidden="false" closed="false" simplified="false" border="0 0 1" fill="0 0 1" mode="11"
 points="3.43262 2.15158,
	3.44218 2.15397,
	3.47325 2.1707,
	3.49954 2.1946,
	3.54495 2.20177,
	3.59514 2.21611,
	3.64055 2.23045,
	3.67401 2.26152,
	3.70508 2.28781,
	3.76483 2.29498,
	3.83892 2.30215,
	3.86999 2.32605,
	3.89389 2.34995,
	"/>
</Transform>

<Transform dim="0"
 xcoef=" 0 1 0 0 0 0"
 ycoef=" 0 0 1 0 0 0">
<Contour name="d08" hidden="false" closed="true" simplified="true" border="1 0 0" fill="1 0.5 0" mode="11"
 points="6.68983 3.39745,
	6.69263 3.39185,
	6.70384 3.38204,
	6.70944 3.37924,
	6.71925 3.36803,
	6.74167 3.35542,
	6.75288 3.34562,
	6.75848 3.34281,
	6.76969 3.34281,
	6.77529 3.34141,
	6.77669 3.33581,
	6.7809 3.3302,
	6.7837 3.3274,
	6.80611 3.3288,
	6.82853 3.33721,
	6.87336 3.33441,
	6.89578 3.33721,
	6.90699 3.34141,
	6.9294 3.35542,
	6.93921 3.36383,
	6.93781 3.37504,
	6.9294 3.38625,
	6.9238 3.39745,
	6.9238 3.41987,
	6.91119 3.44229,
	6.90278 3.45349,
	6.89158 3.4647,
	6.88597 3.4689,
	6.86356 3.47031,
	6.85235 3.47031,
	6.84114 3.47731,
	6.82993 3.48712,
	6.81872 3.49412,
	6.80752 3.49412,
	6.7851 3.48852,
	6.77389 3.48291,
	6.76268 3.48011,
	6.74027 3.48011,
	6.72906 3.47871,
	6.71505 3.4563,
	6.70944 3.45069,
	6.70804 3.42828,
	6.70664 3.42267,
	6.69543 3.41427,
	6.68983 3.40866,
	6.68983 3.39885,
	"/>
</Transform>

<Transform dim="0"
 xcoef=" 0 1 0 0 0 0"
 ycoef=" 0 0 1 0 0 0">
<Contour name="d01mito03" hidden="false" closed="true" simplified="true" border="1 0 0" fill="1 0 0" mode="11"
 points="1.33598 4.88704,
	1.33874 4.87596,
	1.34151 4.87043,
	1.36366 4.84966,
	1.37474 4.84551,
	1.38028 4.84551,
	1.40243 4.82612,
	1.4135 4.82059,
	1.42458 4.81782,
	1.44673 4.80813,
	1.46888 4.80674,
	1.49103 4.80813,
	1.50211 4.80951,
	1.50764 4.80951,
	1.55195 4.82474,
	1.56302 4.82889,
	1.58517 4.84274,
	1.60732 4.86073,
	1.6184 4.87043,
	1.62394 4.87596,
	1.62947 4.88704,
	1.64055 4.89811,
	1.6447 4.90365,
	1.6447 4.90642,
	1.64747 4.90919,
	1.64747 4.92027,
	1.64747 4.9258,
	1.63917 4.93688,
	1.62809 4.94242,
	1.61701 4.95072,
	1.60594 4.9618,
	1.56164 4.9881,
	1.53949 4.99502,
	1.51734 4.99918,
	1.47303 5.00056,
	1.45088 5.00056,
	1.42873 4.99641,
	1.41766 4.99087,
	1.40658 4.9881,
	1.38443 4.97564,
	1.34013 4.94518,
	1.33598 4.93965,
	1.33598 4.89535,
	1.33598 4.88981,
	1.33598 4.88842,
	"/>
</Transform>

<Transform dim="0"
 xcoef=" 0 1 0 0 0 0"
 ycoef=" 0 0 1 0 0 0">
<Contour name="d01ser" hidden="false" closed="true" simplified="true" border="0.251 0.502 0.502" fill="0 0.502 0.502" mode="-9"
 points="1.69164 4.91159,
	1.6997 4.90352,
	1.70172 4.89949,
	1.73398 4.90151,
	1.75011 4.90554,
	1.76624 4.91361,
	1.76624 4.92167,
	1.75616 4.9378,
	1.74003 4.94788,
	1.73196 4.94788,
	1.6997 4.93578,
	1.69164 4.92974,
	1.69164 4.91361,
	"/>
<Contour name="d01ser" hidden="false" closed="true" simplified="true" border="0.251 0.502 0.502" fill="0 0.502 0.502" mode="-9"
 points="1.37105 5.00837,
	1.3771 5.0003,
	1.38517 5.0003,
	1.3892 5.00232,
	1.39726 5.0003,
	1.41339 5.00635,
	1.41743 5.00837,
	1.41743 5.0124,
	1.40936 5.01845,
	1.3771 5.02047,
	1.37307 5.02047,
	1.37105 5.0124,
	1.37105 5.01039,
	"/>
<Contour name="d01ser" hidden="false" closed="true" simplified="true" border="0.251 0.502 0.502" fill="0 0.502 0.502" mode="-9"
 points="1.30855 4.78255,
	1.3146 4.77448,
	1.33073 4.7765,
	1.34484 4.78658,
	1.34484 4.80271,
	1.34081 4.81078,
	1.32468 4.8007,
	1.32064 4.8007,
	1.31258 4.79465,
	1.30855 4.79263,
	1.30855 4.78457,
	"/>
</Transform>

<Transform dim="0"
 xcoef=" 0 1 0 0 0 0"
 ycoef=" 0 0 1 0 0 0">
<Contour name="d01ser" hidden="false" closed="true" simplified="true" border="0.251 0.502 0.502" fill="0 0.502 0.502" mode="-9"
 points="1.43759 4.73618,
	1.44364 4.73013,
	1.45977 4.73013,
	1.46783 4.73618,
	1.47186 4.73618,
	1.47388 4.74424,
	1.47186 4.75231,
	1.45573 4.75029,
	1.44767 4.74827,
	1.4396 4.74222,
	1.43759 4.73819,
	"/>
</Transform>

<Transform dim="0"
 xcoef=" 0 1 0 0 0 0"
 ycoef=" 0 0 1 0 0 0">
<Contour name="d01ser" hidden="false" closed="true" simplified="true" border="0.251 0.502 0.502" fill="0 0.502 0.502" mode="-9"
 points="1.80656 4.80271,
	1.81463 4.79666,
	1.83076 4.79465,
	1.83882 4.79465,
	1.84689 4.80271,
	1.85697 4.81884,
	1.85697 4.83497,
	1.85697 4.84304,
	1.85294 4.8511,
	1.85092 4.85513,
	1.85294 4.85715,
	1.83681 4.87126,
	1.83076 4.87731,
	1.82269 4.87933,
	1.81664 4.87328,
	1.81664 4.84102,
	1.81463 4.82489,
	1.80858 4.81683,
	1.80656 4.80876,
	1.80656 4.80473,
	"/>
</Transform>

<Transform dim="0"
 xcoef=" 0 1 0 0 0 0"
 ycoef=" 0 0 1 0 0 0">
<Contour name="d01ser" hidden="false" closed="true" simplified="true" border="0.251 0.502 0.502" fill="0 0.502 0.502" mode="-9"
 points="1.22991 5.00635,
	1.23798 5.0003,
	1.25411 5.0003,
	1.26822 5.00837,
	1.26217 5.01442,
	1.26217 5.01845,
	1.25411 5.0245,
	1.24604 5.0245,
	1.22991 5.01643,
	1.22991 5.00837,
	"/>
<Contour name="d01ser" hidden="false" closed="true" simplified="true" border="0.251 0.502 0.502" fill="0 0.502 0.502" mode="-9"
 points="1.22386 4.93578,
	1.23999 4.93377,
	1.24403 4.93377,
	1.25008 4.94183,
	1.25209 4.9499,
	1.25008 4.95796,
	1.24201 4.96401,
	1.22991 4.9499,
	1.22386 4.94183,
	1.22386 4.9378,
	"/>
</Transform>

<Transform dim="0"
 xcoef=" 0 1 0 0 0 0"
 ycoef=" 0 0 1 0 0 0">
<Contour name="d01" hidden="false" closed="true" simplified="true" border="1 1 0" fill="1 0.5 0" mode="11"
 points="2.23809 4.42639,
	2.24891 4.40907,
	2.25757 4.40041,
	2.2922 4.3831,
	2.36146 4.3766,
	2.49999 4.3766,
	2.51731 4.3766,
	2.52596 4.37877,
	2.54328 4.37228,
	2.61254 4.37877,
	2.62986 4.37877,
	2.63852 4.37877,
	2.64718 4.37444,
	2.66449 4.37444,
	2.68181 4.37877,
	2.69696 4.39392,
	2.70562 4.40041,
	2.72077 4.43505,
	2.72726 4.46968,
	2.72726 4.50431,
	2.71644 4.53894,
	2.70562 4.55626,
	2.70345 4.56492,
	2.68397 4.59955,
	2.67531 4.60604,
	2.658 4.60821,
	2.64068 4.60604,
	2.62337 4.59738,
	2.61471 4.59305,
	2.61038 4.58873,
	2.60172 4.58656,
	2.53462 4.54976,
	2.51731 4.54327,
	2.51298 4.54327,
	2.50432 4.53678,
	2.49566 4.53461,
	2.49133 4.53028,
	2.47402 4.52596,
	2.4567 4.5173,
	2.38744 4.5108,
	2.37878 4.5108,
	2.30951 4.48267,
	2.2922 4.47401,
	2.28787 4.47401,
	2.28354 4.46968,
	2.26622 4.46535,
	2.2619 4.46535,
	2.25757 4.46102,
	2.24891 4.45886,
	2.24241 4.4502,
	2.23809 4.44587,
	2.23809 4.42855,
	"/>
</Transform>

<Transform dim="0"
 xcoef=" 0 1 0 0 0 0"
 ycoef=" 0 0 1 0 0 0">
<Contour name="d01c36" hidden="false" closed="true" simplified="true" border="1 0 0" fill="0 1 0" mode="11"
 points="2.39176 4.5108,
	2.40042 4.50647,
	2.43505 4.50647,
	2.44371 4.50431,
	2.45237 4.50647,
	2.45237 4.5108,
	2.487 4.51513,
	2.49566 4.5173,
	2.50432 4.52379,
	2.53895 4.53894,
	2.54328 4.54327,
	2.55843 4.54976,
	2.56709 4.55409,
	2.57142 4.55409,
	2.57575 4.55842,
	2.5844 4.56059,
	2.60172 4.57141,
	2.61471 4.58656,
	2.61904 4.59522,
	2.62337 4.59955,
	2.62337 4.60821,
	2.61687 4.61686,
	2.60821 4.62119,
	2.5909 4.62119,
	2.57358 4.61686,
	2.56492 4.61253,
	2.55627 4.61253,
	2.52163 4.59305,
	2.50432 4.58656,
	2.49999 4.58223,
	2.49566 4.58223,
	2.49133 4.5779,
	2.47402 4.57141,
	2.46969 4.57141,
	2.46536 4.56708,
	2.43073 4.55409,
	2.41341 4.54544,
	2.39826 4.53245,
	2.39176 4.51513,
	2.39176 4.51297,
	"/>
<Contour name="d01cfa36" hidden="false" closed="false" simplified="false" border="0 0 1" fill="0 0.502 1" mode="11"
 points="2.6204 4.60903,
	2.60309 4.59388,
	2.57495 4.57872,
	2.51434 4.54842,
	2.44941 4.52894,
	2.39313 4.51379,
	"/>
</Transform>

<Transform dim="0"
 xcoef=" 0 1 0 0 0 0"
 ycoef=" 0 0 1 0 0 0">
<Contour name="d02ser" hidden="false" closed="true" simplified="true" border="0.251 0.502 0.502" fill="0 0.502 0.502" mode="-9"
 points="3.17748 2.42733,
	3.18968 2.41513,
	3.21407 2.40293,
	3.22627 2.40598,
	3.24762 2.42428,
	3.24762 2.43038,
	3.23847 2.44257,
	3.21407 2.45172,
	3.18968 2.44867,
	3.17748 2.43648,
	3.17748 2.43038,
	"/>
</Transform>

<Transform dim="0"
 xcoef=" 0 1 0 0 0 0"
 ycoef=" 0 0 1 0 0 0">
<Contour name="d01MT1" hidden="false" closed="true" simplified="false" border="1 0.501961 0" fill="1 0.498039 0" mode="-9"
 points="1.32412 4.96411,
	1.32412 4.95825,
	1.32998 4.95239,
	1.33584 4.95239,
	1.34169 4.95825,
	1.34169 4.96411,
	1.33584 4.96996,
	1.32998 4.96996,
	"/>
</Transform>

<Transform dim="0"
 xcoef=" 0 1 0 0 0 0"
 ycoef=" 0 0 1 0 0 0">
<Contour name="d01MT3" hidden="false" closed="true" simplified="false" border="1 0.501961 0" fill="1 0.498039 0" mode="-9"
 points="1.70235 4.86286,
	1.70235 4.85619,
	1.70902 4.84952,
	1.71568 4.84952,
	1.72235 4.85619,
	1.72235 4.86286,
	1.71568 4.86952,
	1.70902 4.86952,
	"/>
</Transform>

<Transform dim="0"
 xcoef=" 0 1 0 0 0 0"
 ycoef=" 0 0 1 0 0 0">
<Contour name="d01MT5" hidden="false" closed="true" simplified="false" border="1 0.502 0" fill="1 0.498 0" mode="-9"
 points="1.22712 4.94946,
	1.22712 4.9429,
	1.23368 4.93633,
	1.24025 4.93633,
	1.24681 4.9429,
	1.24681 4.94946,
	1.24025 4.95603,
	1.23368 4.95603,
	"/>
</Transform>

<Transform dim="0"
 xcoef=" 0 1 0 0 0 0"
 ycoef=" 0 0 1 0 0 0">
<Contour name="d01MT6" hidden="false" closed="true" simplified="false" border="1 0.502 0" fill="1 0.498 0" mode="-9"
 points="1.32638 4.81608,
	1.32638 4.81023,
	1.33222 4.80438,
	1.33807 4.80438,
	1.34392 4.81023,
	1.34392 4.81608,
	1.33807 4.82192,
	1.33222 4.82192,
	"/>
</Transform>

<Transform dim="1"
 xcoef=" 0.02 1 0 0 0 0"
 ycoef=" 0.07 0 1 0 0 0">
<Contour name="d01MT2" hidden="false" closed="true" simplified="false" border="1 0.501961 0" fill="1 0.498039 0" mode="-9"
 points="1.6151 4.7679,
	1.6151 4.76147,
	1.62154 4.75503,
	1.62797 4.75503,
	1.63441 4.76147,
	1.63441 4.7679,
	1.62797 4.77434,
	1.62154 4.77434,
	"/>
</Transform>

<Transform dim="0"
 xcoef=" 0 1 0 0 0 0"
 ycoef=" 0 0 1 0 0 0">
<Contour name="d01MT7" hidden="false" closed="true" simplified="false" border="1 0.502 0" fill="1 0.498 0" mode="-9"
 points="1.71843 4.72209,
	1.71843 4.7178,
	1.72271 4.71352,
	1.727 4.71352,
	1.73129 4.7178,
	1.73129 4.72209,
	1.727 4.72638,
	1.72271 4.72638,
	"/>
</Transform>

<Transform dim="0"
 xcoef=" 0 1 0 0 0 0"
 ycoef=" 0 0 1 0 0 0">
<Contour name="d01MT4" hidden="false" closed="true" simplified="false" border="1 0.502 0" fill="1 0.498 0" mode="-9"
 points="1.3002 4.89535,
	1.3002 4.88994,
	1.30561 4.88453,
	1.31103 4.88453,
	1.31644 4.88994,
	1.31644 4.89535,
	1.31103 4.90076,
	1.30561 4.90076,
	"/>
</Transform>

<Transform dim="0"
 xcoef=" 0 1 0 0 0 0"
 ycoef=" 0 0 1 0 0 0">
<Contour name="d01MT9" hidden="false" closed="true" simplified="false" border="1 0.502 0" fill="1 0.498 0" mode="-9"
 points="1.50311 4.7195,
	1.50311 4.71409,
	1.50852 4.70868,
	1.51393 4.70868,
	1.51934 4.71409,
	1.51934 4.7195,
	1.51393 4.72491,
	1.50852 4.72491,
	"/>
</Transform>

<Transform dim="0"
 xcoef=" 0 1 0 0 0 0"
 ycoef=" 0 0 1 0 0 0">
<Contour name="d01MT14" hidden="false" closed="true" simplified="false" border="1 0.502 0" fill="1 0.498 0" mode="-9"
 points="1.39226 4.75742,
	1.39226 4.75175,
	1.39793 4.74608,
	1.4036 4.74608,
	1.40927 4.75175,
	1.40927 4.75742,
	1.4036 4.76309,
	1.39793 4.76309,
	"/>
</Transform>

<Transform dim="0"
 xcoef=" 0 1 0 0 0 0"
 ycoef=" 0 0 1 0 0 0">
<Contour name="d01MT17" hidden="false" closed="true" simplified="false" border="1 0.502 0" fill="1 0.498 0" mode="-9"
 points="1.12067 4.9437,
	1.12067 4.93871,
	1.12566 4.93372,
	1.13065 4.93372,
	1.13564 4.93871,
	1.13564 4.9437,
	1.13065 4.94869,
	1.12566 4.94869,
	"/>
</Transform>

<Transform dim="0"
 xcoef=" 0 1 0 0 0 0"
 ycoef=" 0 0 1 0 0 0">
<Contour name="d01MT19" hidden="false" closed="true" simplified="false" border="1 0.502 0" fill="1 0.498 0" mode="-9"
 points="1.75906 4.80249,
	1.75906 4.79529,
	1.76626 4.78809,
	1.77345 4.78809,
	1.78065 4.79529,
	1.78065 4.80249,
	1.77345 4.80969,
	1.76626 4.80969,
	"/>
</Transform>

<Transform dim="0"
 xcoef=" 0 1 0 0 0 0"
 ycoef=" 0 0 1 0 0 0">
<Contour name="d01MT20" hidden="false" closed="true" simplified="false" border="1 0.502 0" fill="1 0.498 0" mode="-9"
 points="1.62227 4.83488,
	1.62227 4.82768,
	1.62947 4.82048,
	1.63667 4.82048,
	1.64387 4.82768,
	1.64387 4.83488,
	1.63667 4.84208,
	1.62947 4.84208,
	"/>
</Transform>

<Transform dim="0"
 xcoef=" 0 1 0 0 0 0"
 ycoef=" 0 0 1 0 0 0">
<Contour name="d01MT21" hidden="false" closed="true" simplified="false" border="1 0.502 0" fill="1 0.498 0" mode="-9"
 points="1.23352 5.01846,
	1.23352 5.01126,
	1.24072 5.00406,
	1.24791 5.00406,
	1.25511 5.01126,
	1.25511 5.01846,
	1.24791 5.02566,
	1.24072 5.02566,
	"/>
<Contour name="d01MT22" hidden="false" closed="true" simplified="false" border="1 0.502 0" fill="1 0.498 0" mode="-9"
 points="1.21192 4.82408,
	1.21192 4.81689,
	1.21912 4.80969,
	1.22632 4.80969,
	1.23352 4.81689,
	1.23352 4.82408,
	1.22632 4.83128,
	1.21912 4.83128,
	"/>
<Contour name="d01MT24" hidden="false" closed="true" simplified="false" border="1 0.502 0" fill="1 0.498 0" mode="-9"
 points="1.48549 4.77729,
	1.48549 4.77009,
	1.49269 4.76289,
	1.49989 4.76289,
	1.50708 4.77009,
	1.50708 4.77729,
	1.49989 4.78449,
	1.49269 4.78449,
	"/>
<Contour name="d01MT25" hidden="false" closed="true" simplified="false" border="1 0.502 0" fill="1 0.498 0" mode="-9"
 points="1.61507 4.76289,
	1.61507 4.75569,
	1.62227 4.74849,
	1.62947 4.74849,
	1.63667 4.75569,
	1.63667 4.76289,
	1.62947 4.77009,
	1.62227 4.77009,
	"/>
</Transform>

<Transform dim="0"
 xcoef=" 0 1 0 0 0 0"
 ycoef=" 0 0 1 0 0 0">
<Contour name="d01MT26" hidden="false" closed="true" simplified="false" border="1 0.502 0" fill="1 0.498 0" mode="-9"
 points="1.3991 4.79169,
	1.3991 4.78449,
	1.4063 4.77729,
	1.4135 4.77729,
	1.42069 4.78449,
	1.42069 4.79169,
	1.4135 4.79889,
	1.4063 4.79889,
	"/>
</Transform>

<Transform dim="0"
 xcoef=" 0 1 0 0 0 0"
 ycoef=" 0 0 1 0 0 0">
<Contour name="Ax08" hidden="false" closed="true" simplified="true" border="1 0 0" fill="1 0 0" mode="11"
 points="-0.668319 4.71427,
	-0.661767 4.70117,
	-0.638835 4.68151,
	-0.586417 4.6553,
	-0.573313 4.65203,
	-0.566761 4.64547,
	-0.540552 4.63892,
	-0.527448 4.63237,
	-0.475031 4.63565,
	-0.448822 4.64875,
	-0.396405 4.65858,
	-0.386577 4.67168,
	-0.373473 4.67824,
	-0.370197 4.69134,
	-0.406233 4.74376,
	-0.412785 4.75686,
	-0.42589 4.76669,
	-0.432442 4.77324,
	-0.438994 4.77324,
	-0.452098 4.78307,
	-0.504516 4.79617,
	-0.530724 4.81583,
	-0.556933 4.81583,
	-0.579865 4.79945,
	-0.632283 4.77979,
	-0.658491 4.76014,
	-0.668319 4.73393,
	-0.668319 4.72082,
	-0.668319 4.71755,
	"/>
</Transform>

<Transform dim="0"
 xcoef=" 0 1 0 0 0 0"
 ycoef=" 0 0 1 0 0 0">
<Contour name="Ax09" hidden="false" closed="true" simplified="true" border="0 1 0.251" fill="0 1 0" mode="11"
 points="1.48387 2.74321,
	1.49689 2.71718,
	1.5099 2.71067,
	1.51641 2.71067,
	1.54244 2.69114,
	1.64658 2.65535,
	1.67261 2.64559,
	1.68563 2.63908,
	1.73769 2.63908,
	1.76372 2.64233,
	1.77674 2.64233,
	1.78325 2.64233,
	1.79626 2.65535,
	1.80928 2.6586,
	1.81579 2.66186,
	1.81579 2.67487,
	1.81579 2.68138,
	1.79301 2.70416,
	1.77999 2.71718,
	1.77023 2.74321,
	1.72142 2.78877,
	1.69539 2.80178,
	1.66935 2.80504,
	1.61729 2.79527,
	1.56522 2.79202,
	1.53919 2.78877,
	1.52617 2.78877,
	1.50014 2.77575,
	1.49363 2.77575,
	1.48713 2.76924,
	1.48387 2.74646,
	"/>
</Transform>

<Transform dim="0"
 xcoef=" 0 1 0 0 0 0"
 ycoef=" 0 0 1 0 0 0">
<Contour name="d01p36dia" hidden="false" closed="false" simplified="true" border="0 0 1" fill="0 0 1" mode="-9"
 points="2.24674 4.40696,
	2.69159 4.57916,
	"/>
</Transform>

<Transform dim="0"
 xcoef=" 0 1 0 0 0 0"
 ycoef=" 0 0 1 0 0 0">
<Contour name="d07p38dia" hidden="false" closed="false" simplified="true" border="0 0 1" fill="1 0 0" mode="-9"
 points="-0.0500458 2.19299,
	0.410506 1.92911,
	"/>
</Transform>

<Transform dim="0"
 xcoef=" 0 1 0 0 0 0"
 ycoef=" 0 0 1 0 0 0">
<Contour name="d09cfa48b" hidden="false" closed="false" simplified="false" border="0 1 0.251" fill="0 1 0" mode="11"
 points="7.57338 3.88567,
	7.50232 3.83214,
	"/>
<Contour name="d09c48b" hidden="false" closed="true" simplified="true" border="1 0 0" fill="1 0 0" mode="-11"
 points="7.48964 3.82172,
	7.49742 3.81588,
	7.513 3.81393,
	7.51689 3.81393,
	7.52079 3.81588,
	7.52273 3.81588,
	7.55388 3.83827,
	7.56946 3.8519,
	7.58211 3.86552,
	7.58698 3.87331,
	7.58893 3.87721,
	7.58893 3.89278,
	7.58893 3.89667,
	7.58601 3.8996,
	7.57043 3.8996,
	7.56654 3.89862,
	7.53831 3.87331,
	7.50716 3.84995,
	7.49937 3.84411,
	7.49548 3.84022,
	7.49158 3.83243,
	7.48964 3.82853,
	7.48964 3.82464,
	7.48964 3.82269,
	"/>
</Transform>

<Transform dim="0"
 xcoef=" 0 1 0 0 0 0"
 ycoef=" 0 0 1 0 0 0">
<Contour name="d10ax30" hidden="false" closed="true" simplified="true" border="0 1 1" fill="0 1 1" mode="-11"
 points="5.94258 5.66064,
	5.94842 5.63727,
	5.96742 5.59053,
	5.98056 5.54378,
	5.99663 5.49703,
	5.99663 5.49119,
	6.00247 5.4795,
	6.02 5.45613,
	6.03169 5.44737,
	6.05506 5.43714,
	6.07844 5.4313,
	6.09012 5.42838,
	6.13687 5.42984,
	6.18362 5.4386,
	6.20699 5.44152,
	6.23036 5.44737,
	6.24205 5.44883,
	6.25373 5.45321,
	6.27711 5.45613,
	6.28879 5.45759,
	6.31217 5.4649,
	6.32385 5.46636,
	6.34723 5.47366,
	6.35891 5.47804,
	6.40566 5.4795,
	6.4524 5.4722,
	6.47578 5.47074,
	6.52252 5.47366,
	6.53421 5.47512,
	6.55758 5.48243,
	6.60433 5.50434,
	6.65108 5.54086,
	6.66276 5.5467,
	6.68467 5.56861,
	6.7022 5.59199,
	6.70805 5.60367,
	6.71389 5.62705,
	6.71681 5.65042,
	6.72996 5.67379,
	6.72996 5.69717,
	6.71097 5.71908,
	6.70074 5.72784,
	6.6949 5.73369,
	6.67153 5.74829,
	6.64815 5.75998,
	6.62478 5.77605,
	6.60287 5.79504,
	6.59118 5.80234,
	6.56781 5.80965,
	6.56197 5.81403,
	6.55904 5.81403,
	6.53567 5.82864,
	6.5123 5.83886,
	6.48893 5.84325,
	6.46555 5.84325,
	6.44218 5.8374,
	6.41881 5.82718,
	6.40712 5.82426,
	6.36037 5.82572,
	6.337 5.83156,
	6.31363 5.84179,
	6.29025 5.84909,
	6.26688 5.85347,
	6.22014 5.85347,
	6.19676 5.85201,
	6.15002 5.83886,
	6.10327 5.8228,
	6.05652 5.8038,
	6.03315 5.79066,
	6.00978 5.77167,
	6.00394 5.76874,
	5.98056 5.74829,
	5.96303 5.72638,
	5.95427 5.71469,
	5.94696 5.69132,
	5.94258 5.66795,
	5.94258 5.66211,
	"/>
</Transform>

<Transform dim="0"
 xcoef=" 0 1 0 0 0 0"
 ycoef=" 0 0 1 0 0 0">
<Contour name="d10ax30ssvr" hidden="false" closed="true" simplified="false" border="0 1 0" fill="0 0 0.502" mode="11"
 points="6.29043 5.53498,
	6.27949 5.52403,
	6.29043 5.51309,
	6.30138 5.52403,
	"/>
<Contour name="d10ax30ssvr" hidden="false" closed="true" simplified="false" border="0 1 0" fill="0 0 0.502" mode="11"
 points="6.37171 5.53498,
	6.36077 5.52403,
	6.37171 5.51309,
	6.38266 5.52403,
	"/>
<Contour name="d10ax30ssvr" hidden="false" closed="true" simplified="false" border="0 1 0" fill="0 0 0.502" mode="11"
 points="6.39829 5.56624,
	6.38734 5.5553,
	6.39829 5.54435,
	6.40923 5.5553,
	"/>
<Contour name="d10ax30ssvr" hidden="false" closed="true" simplified="false" border="0 1 0" fill="0 0 0.502" mode="11"
 points="6.5796 5.58499,
	6.56866 5.57405,
	6.5796 5.56311,
	6.59054 5.57405,
	"/>
<Contour name="d10ax30ssvr" hidden="false" closed="true" simplified="false" border="0 1 0" fill="0 0 0.502" mode="11"
 points="6.47957 5.53185,
	6.46862 5.52091,
	6.47957 5.50997,
	6.49051 5.52091,
	"/>
<Contour name="d10ax30ssvr" hidden="false" closed="true" simplified="false" border="0 1 0" fill="0 0 0.502" mode="11"
 points="6.24667 5.55373,
	6.23573 5.54279,
	6.24667 5.53185,
	6.25761 5.54279,
	"/>
<Contour name="d10ax30ssvr" hidden="false" closed="true" simplified="false" border="0 1 0" fill="0 0 0.502" mode="11"
 points="6.19665 5.53341,
	6.18571 5.52247,
	6.19665 5.51153,
	6.20759 5.52247,
	"/>
<Contour name="d10ax30ssvr" hidden="false" closed="true" simplified="false" border="0 1 0" fill="0 0 0.502" mode="11"
 points="6.20603 5.57718,
	6.19509 5.56624,
	6.20603 5.5553,
	6.21697 5.56624,
	"/>
<Contour name="d10ax30ssvr" hidden="false" closed="true" simplified="false" border="0 1 0" fill="0 0 0.502" mode="11"
 points="6.24198 5.61313,
	6.23104 5.60219,
	6.24198 5.59125,
	6.25292 5.60219,
	"/>
<Contour name="d10ax30ssvr" hidden="false" closed="true" simplified="false" border="0 1 0" fill="0 0 0.502" mode="11"
 points="6.2029 5.61626,
	6.19196 5.60531,
	6.2029 5.59437,
	6.21384 5.60531,
	"/>
<Contour name="d10ax30ssvr" hidden="false" closed="true" simplified="false" border="0 1 0" fill="0 0 0.502" mode="11"
 points="6.16383 5.65377,
	6.15288 5.64283,
	6.16383 5.63189,
	6.17477 5.64283,
	"/>
<Contour name="d10ax30ssvr" hidden="false" closed="true" simplified="false" border="0 1 0" fill="0 0 0.502" mode="11"
 points="6.11381 5.60688,
	6.10287 5.59594,
	6.11381 5.58499,
	6.12475 5.59594,
	"/>
<Contour name="d10ax30ssvr" hidden="false" closed="true" simplified="false" border="0 1 0" fill="0 0 0.502" mode="11"
 points="6.05128 5.60688,
	6.04034 5.59594,
	6.05128 5.58499,
	6.06223 5.59594,
	"/>
<Contour name="d10ax30ssvr" hidden="false" closed="true" simplified="false" border="0 1 0" fill="0 0 0.502" mode="11"
 points="6.06066 5.68972,
	6.04972 5.67878,
	6.06066 5.66784,
	6.0716 5.67878,
	"/>
<Contour name="d10ax30ssvr" hidden="false" closed="true" simplified="false" border="0 1 0" fill="0 0 0.502" mode="11"
 points="6.13569 5.51622,
	6.12475 5.50528,
	6.13569 5.49434,
	6.14663 5.50528,
	"/>
<Contour name="d10ax30ssvr" hidden="false" closed="true" simplified="false" border="0 1 0" fill="0 0 0.502" mode="11"
 points="6.17789 5.4959,
	6.16695 5.48496,
	6.17789 5.47402,
	6.18883 5.48496,
	"/>
<Contour name="d10ax30ssvr" hidden="false" closed="true" simplified="false" border="0 1 0" fill="0 0 0.502" mode="11"
 points="6.06379 5.53498,
	6.05285 5.52403,
	6.06379 5.51309,
	6.07473 5.52403,
	"/>
<Contour name="d10ax30ssvd" hidden="false" closed="true" simplified="false" border="1 0.502 0" fill="0 0 1" mode="11"
 points="6.28731 5.49746,
	6.27637 5.48652,
	6.28731 5.47558,
	6.29825 5.48652,
	"/>
</Transform>

<Transform dim="0"
 xcoef=" 0 1 0 0 0 0"
 ycoef=" 0 0 1 0 0 0">
<Contour name="d10cfa30b" hidden="false" closed="false" simplified="false" border="0 1 0.251" fill="0 1 0" mode="11"
 points="6.43479 5.46882,
	6.35414 5.45505,
	6.29709 5.44718,
	6.21447 5.42751,
	6.15939 5.4285,
	"/>
</Transform>

</Section>