<?xml version="1.0"?>
<!DOCTYPE Section SYSTEM "section.dtd">

<Section index="115" thickness="0.0532092" alignLocked="true">
<Transform dim="0"
 xcoef=" 0 1 0 0 0 0"
 ycoef=" 0 0 1 0 0 0">
<Contour name="Ax01" hidden="false" closed="true" simplified="true" border="1 0.5 0" fill="1 0.5 0" mode="11"
 points="5.02447 1.97159,
	5.03571 1.94913,
	5.03571 1.94351,
	5.05256 1.92666,
	5.07503 1.90981,
	5.08345 1.90138,
	5.08907 1.90138,
	5.0975 1.89015,
	5.11435 1.8761,
	5.15928 1.85083,
	5.18175 1.82836,
	5.20422 1.81151,
	5.24916 1.79746,
	5.27163 1.79466,
	5.29409 1.80027,
	5.29971 1.80027,
	5.32218 1.81993,
	5.33622 1.8424,
	5.37554 1.87049,
	5.38678 1.87891,
	5.40924 1.88453,
	5.43171 1.90138,
	5.43733 1.94632,
	5.43733 1.95193,
	5.44295 1.95755,
	5.44295 1.98002,
	5.42329 2.00249,
	5.38116 2.03057,
	5.33622 2.05023,
	5.3278 2.05585,
	5.31937 2.06708,
	5.31375 2.0727,
	5.31375 2.07832,
	5.2969 2.10079,
	5.27724 2.11764,
	5.25477 2.12325,
	5.20984 2.12045,
	5.18737 2.11764,
	5.17613 2.11764,
	5.15367 2.10921,
	5.1312 2.1064,
	5.11996 2.10359,
	5.11435 2.09798,
	5.10873 2.09798,
	5.08907 2.07832,
	5.08626 2.06708,
	5.09469 2.04462,
	5.09469 2.03338,
	5.08345 2.02215,
	5.03852 2.0081,
	5.02447 1.98844,
	5.02447 1.97721,
	5.02447 1.9744,
	"/>
</Transform>

<Transform dim="0"
 xcoef=" 0 1 0 0 0 0"
 ycoef=" 0 0 1 0 0 0">
<Contour name="Ax03" hidden="false" closed="true" simplified="true" border="1 0 0.5" fill="1 0 0.5" mode="-11"
 points="2.87263 2.86973,
	2.87845 2.8581,
	2.89008 2.84647,
	2.91043 2.83193,
	2.93369 2.82321,
	2.98021 2.81739,
	3.02673 2.8203,
	3.04999 2.83193,
	3.05581 2.83193,
	3.06162 2.83774,
	3.08488 2.84356,
	3.10814 2.85519,
	3.11396 2.85519,
	3.11977 2.861,
	3.16629 2.87554,
	3.18374 2.8988,
	3.19246 2.94532,
	3.19246 2.96858,
	3.18955 2.98021,
	3.1692 2.99475,
	3.14594 2.99766,
	3.12268 2.99475,
	3.09942 2.98603,
	3.08779 2.98021,
	2.99475 2.98894,
	2.94823 2.98603,
	2.9366 2.98603,
	2.91334 2.9744,
	2.90171 2.96277,
	2.89589 2.95695,
	2.89299 2.93369,
	2.89299 2.92206,
	2.89299 2.91625,
	2.90171 2.90462,
	2.90462 2.8988,
	2.89299 2.89008,
	2.88136 2.88717,
	2.87263 2.87554,
	2.87263 2.87263,
	"/>
</Transform>

<Transform dim="0"
 xcoef=" 0 1 0 0 0 0"
 ycoef=" 0 0 1 0 0 0">
<Contour name="Ax04" hidden="false" closed="true" simplified="true" border="1 0 0" fill="1 0 0" mode="-11"
 points="4.24602 5.64205,
	4.24891 5.61887,
	4.2605 5.5986,
	4.30394 5.57253,
	4.30973 5.57253,
	4.31553 5.56674,
	4.36187 5.55805,
	4.38504 5.55516,
	4.40821 5.55805,
	4.45455 5.58122,
	4.46614 5.58991,
	4.46614 5.5957,
	4.47193 5.6015,
	4.47193 5.61308,
	4.45455 5.63625,
	4.43717 5.65073,
	4.42559 5.65942,
	4.4198 5.67101,
	4.39662 5.68839,
	4.35028 5.70576,
	4.30394 5.70866,
	4.28077 5.69708,
	4.26919 5.69128,
	4.24891 5.66811,
	4.24602 5.64494,
	"/>
</Transform>

<Transform dim="0"
 xcoef=" 0 1 0 0 0 0"
 ycoef=" 0 0 1 0 0 0">
<Contour name="Ax05" hidden="false" closed="true" simplified="true" border="1 1 0" fill="1 1 0" mode="-11"
 points="2.31107 5.5829,
	2.32423 5.56184,
	2.33739 5.54868,
	2.34266 5.54868,
	2.36372 5.53552,
	2.40583 5.52236,
	2.44795 5.51446,
	2.469 5.5092,
	2.47953 5.50656,
	2.4848 5.50656,
	2.49006 5.5013,
	2.53218 5.50393,
	2.55323 5.50656,
	2.56376 5.50393,
	2.5664 5.49867,
	2.60851 5.51183,
	2.6243 5.53288,
	2.6243 5.55394,
	2.61641 5.575,
	2.57692 5.60922,
	2.55587 5.62238,
	2.5506 5.62238,
	2.54007 5.63028,
	2.49796 5.63817,
	2.45584 5.63554,
	2.43479 5.63028,
	2.39267 5.63291,
	2.35055 5.63028,
	2.34529 5.62501,
	2.32423 5.61712,
	2.3137 5.60659,
	2.31107 5.58553,
	"/>
</Transform>

<Transform dim="0"
 xcoef=" 0 1 0 0 0 0"
 ycoef=" 0 0 1 0 0 0">
<Contour name="Ax06" hidden="false" closed="true" simplified="true" border="0 0 1" fill="0 0 1" mode="11"
 points="0.879783 4.18272,
	0.888791 4.1587,
	0.891794 4.14669,
	0.92182 4.10165,
	0.924823 4.05361,
	0.933831 4.02959,
	0.948845 4.00557,
	0.960855 3.99355,
	0.981874 3.97854,
	0.993885 3.96953,
	1.0059 3.96653,
	1.0149 3.95752,
	1.02691 3.95452,
	1.03292 3.94851,
	1.08096 3.9305,
	1.10498 3.91849,
	1.11699 3.91548,
	1.16504 3.88846,
	1.21308 3.87044,
	1.2371 3.86144,
	1.24911 3.85843,
	1.26112 3.84943,
	1.27313 3.84642,
	1.27914 3.84042,
	1.32718 3.8254,
	1.37522 3.8164,
	1.42327 3.80138,
	1.43528 3.79238,
	1.44128 3.79238,
	1.4653 3.77436,
	1.48632 3.75034,
	1.51034 3.73532,
	1.53437 3.72632,
	1.58241 3.72331,
	1.60643 3.72331,
	1.63045 3.73532,
	1.63946 3.74734,
	1.6875 3.75034,
	1.71152 3.74433,
	1.75957 3.74433,
	1.80761 3.73833,
	1.83163 3.73833,
	1.84364 3.73833,
	1.86766 3.72632,
	1.89168 3.7083,
	1.89769 3.71431,
	1.92171 3.71431,
	1.93372 3.71431,
	1.97876 3.75935,
	2.00278 3.77736,
	2.05083 3.79838,
	2.07485 3.80439,
	2.08686 3.81039,
	2.09887 3.8224,
	2.11688 3.87044,
	2.11088 3.91849,
	2.11088 3.92449,
	2.10487 3.9305,
	2.10487 3.9365,
	2.08385 3.95752,
	2.07485 3.96353,
	2.03281 4.00557,
	1.94573 4.07162,
	1.92171 4.08664,
	1.82562 4.12567,
	1.8016 4.13468,
	1.78959 4.14369,
	1.76557 4.14969,
	1.75356 4.1557,
	1.72954 4.1587,
	1.71753 4.16771,
	1.66949 4.18573,
	1.64546 4.19473,
	1.54938 4.20074,
	1.52536 4.20674,
	1.51335 4.20975,
	1.50734 4.20975,
	1.48332 4.22476,
	1.4593 4.23377,
	1.4563 4.23977,
	1.40825 4.24278,
	1.38423 4.24278,
	1.33619 4.25479,
	1.2401 4.26079,
	1.19206 4.2668,
	1.16804 4.2698,
	1.14402 4.27881,
	1.12 4.28181,
	1.11399 4.28181,
	1.10799 4.28782,
	1.08396 4.29382,
	1.07796 4.29983,
	1.02992 4.30883,
	0.981874 4.30883,
	0.969863 4.30583,
	0.963858 4.30583,
	0.957853 4.29983,
	0.945842 4.29682,
	0.924823 4.27581,
	0.912812 4.2668,
	0.882786 4.21875,
	0.879783 4.19473,
	0.879783 4.18573,
	"/>
</Transform>

<Transform dim="0"
 xcoef=" 0 1 0 0 0 0"
 ycoef=" 0 0 1 0 0 0">
<Contour name="Ax06B03ssrv594" hidden="false" closed="true" simplified="false" border="0.5 0 1" fill="0.5 0 1" mode="13"
 points="1.81296 3.80989,
	1.80354 3.80675,
	1.81296 3.80361,
	1.80668 3.79418,
	1.81611 3.80047,
	1.81925 3.79104,
	1.82239 3.80047,
	1.83182 3.79418,
	1.82553 3.80361,
	1.83496 3.80675,
	1.82553 3.80989,
	1.83182 3.81932,
	1.82239 3.81304,
	1.81925 3.82246,
	1.81611 3.81304,
	1.80668 3.81932,
	"/>
<Contour name="Ax06B03ssrv595" hidden="false" closed="true" simplified="false" border="0.5 0 1" fill="0.5 0 1" mode="13"
 points="1.75012 3.86017,
	1.74069 3.85703,
	1.75012 3.85389,
	1.74383 3.84446,
	1.75326 3.85075,
	1.7564 3.84132,
	1.75954 3.85075,
	1.76897 3.84446,
	1.76268 3.85389,
	1.77211 3.85703,
	1.76268 3.86017,
	1.76897 3.8696,
	1.75954 3.86332,
	1.7564 3.87274,
	1.75326 3.86332,
	1.74383 3.8696,
	"/>
<Contour name="Ax06B03ssrv596" hidden="false" closed="true" simplified="false" border="0.5 0 1" fill="0.5 0 1" mode="13"
 points="1.7784 3.94816,
	1.76897 3.94502,
	1.7784 3.94188,
	1.77211 3.93245,
	1.78154 3.93873,
	1.78468 3.92931,
	1.78782 3.93873,
	1.79725 3.93245,
	1.79097 3.94188,
	1.80039 3.94502,
	1.79097 3.94816,
	1.79725 3.95759,
	1.78782 3.9513,
	1.78468 3.96073,
	1.78154 3.9513,
	1.77211 3.95759,
	"/>
<Contour name="Ax06B03ssrv597" hidden="false" closed="true" simplified="false" border="0.5 0 1" fill="0.5 0 1" mode="13"
 points="1.8381 3.97016,
	1.82868 3.96702,
	1.8381 3.96387,
	1.83182 3.95445,
	1.84125 3.96073,
	1.84439 3.9513,
	1.84753 3.96073,
	1.85696 3.95445,
	1.85067 3.96387,
	1.8601 3.96702,
	1.85067 3.97016,
	1.85696 3.97959,
	1.84753 3.9733,
	1.84439 3.98273,
	1.84125 3.9733,
	1.83182 3.97959,
	"/>
<Contour name="Ax06B03ssrv598" hidden="false" closed="true" simplified="false" border="0.5 0 1" fill="0.5 0 1" mode="13"
 points="1.6747 3.85703,
	1.66527 3.85389,
	1.6747 3.85075,
	1.66841 3.84132,
	1.67784 3.8476,
	1.68098 3.83818,
	1.68412 3.8476,
	1.69355 3.84132,
	1.68727 3.85075,
	1.69669 3.85389,
	1.68727 3.85703,
	1.69355 3.86646,
	1.68412 3.86017,
	1.68098 3.8696,
	1.67784 3.86017,
	1.66841 3.86646,
	"/>
<Contour name="Ax06B03ssrv599" hidden="false" closed="true" simplified="false" border="0.5 0 1" fill="0.5 0 1" mode="13"
 points="1.6307 3.92302,
	1.62127 3.91988,
	1.6307 3.91674,
	1.62442 3.90731,
	1.63384 3.91359,
	1.63699 3.90417,
	1.64013 3.91359,
	1.64956 3.90731,
	1.64327 3.91674,
	1.6527 3.91988,
	1.64327 3.92302,
	1.64956 3.93245,
	1.64013 3.92616,
	1.63699 3.93559,
	1.63384 3.92616,
	1.62442 3.93245,
	"/>
<Contour name="Ax06B03ssrv600" hidden="false" closed="true" simplified="false" border="0.5 0 1" fill="0.5 0 1" mode="13"
 points="1.58042 4.03615,
	1.571 4.03301,
	1.58042 4.02986,
	1.57414 4.02044,
	1.58357 4.02672,
	1.58671 4.01729,
	1.58985 4.02672,
	1.59928 4.02044,
	1.59299 4.02986,
	1.60242 4.03301,
	1.59299 4.03615,
	1.59928 4.04558,
	1.58985 4.03929,
	1.58671 4.04872,
	1.58357 4.03929,
	1.57414 4.04558,
	"/>
<Contour name="Ax06B03ssrv601" hidden="false" closed="true" simplified="false" border="0.5 0 1" fill="0.5 0 1" mode="13"
 points="1.51443 3.95445,
	1.505 3.9513,
	1.51443 3.94816,
	1.50815 3.93873,
	1.51757 3.94502,
	1.52072 3.93559,
	1.52386 3.94502,
	1.53329 3.93873,
	1.527 3.94816,
	1.53643 3.9513,
	1.527 3.95445,
	1.53329 3.96387,
	1.52386 3.95759,
	1.52072 3.96702,
	1.51757 3.95759,
	1.50815 3.96387,
	"/>
<Contour name="Ax06B03ssrv602" hidden="false" closed="true" simplified="false" border="0.5 0 1" fill="0.5 0 1" mode="13"
 points="1.46415 3.90731,
	1.45473 3.90417,
	1.46415 3.90102,
	1.45787 3.8916,
	1.4673 3.89788,
	1.47044 3.88845,
	1.47358 3.89788,
	1.48301 3.8916,
	1.47672 3.90102,
	1.48615 3.90417,
	1.47672 3.90731,
	1.48301 3.91674,
	1.47358 3.91045,
	1.47044 3.91988,
	1.4673 3.91045,
	1.45787 3.91674,
	"/>
<Contour name="Ax06B03ssrv603" hidden="false" closed="true" simplified="false" border="0.5 0 1" fill="0.5 0 1" mode="13"
 points="1.4453 3.98901,
	1.43587 3.98587,
	1.4453 3.98273,
	1.43901 3.9733,
	1.44844 3.97959,
	1.45158 3.97016,
	1.45473 3.97959,
	1.46415 3.9733,
	1.45787 3.98273,
	1.4673 3.98587,
	1.45787 3.98901,
	1.46415 3.99844,
	1.45473 3.99216,
	1.45158 4.00158,
	1.44844 3.99216,
	1.43901 3.99844,
	"/>
<Contour name="Ax06B03ssrv604" hidden="false" closed="true" simplified="false" border="0.5 0 1" fill="0.5 0 1" mode="13"
 points="1.44216 4.06129,
	1.43273 4.05815,
	1.44216 4.055,
	1.43587 4.04558,
	1.4453 4.05186,
	1.44844 4.04243,
	1.45158 4.05186,
	1.46101 4.04558,
	1.45473 4.055,
	1.46415 4.05815,
	1.45473 4.06129,
	1.46101 4.07072,
	1.45158 4.06443,
	1.44844 4.07386,
	1.4453 4.06443,
	1.43587 4.07072,
	"/>
<Contour name="Ax06B03ssrv605" hidden="false" closed="true" simplified="false" border="0.5 0 1" fill="0.5 0 1" mode="13"
 points="1.47358 4.13042,
	1.46415 4.12728,
	1.47358 4.12414,
	1.4673 4.11471,
	1.47672 4.121,
	1.47987 4.11157,
	1.48301 4.121,
	1.49243 4.11471,
	1.48615 4.12414,
	1.49558 4.12728,
	1.48615 4.13042,
	1.49243 4.13985,
	1.48301 4.13357,
	1.47987 4.14299,
	1.47672 4.13357,
	1.4673 4.13985,
	"/>
<Contour name="Ax06B03ssrv606" hidden="false" closed="true" simplified="false" border="0.5 0 1" fill="0.5 0 1" mode="13"
 points="1.28189 3.91674,
	1.27246 3.91359,
	1.28189 3.91045,
	1.27561 3.90102,
	1.28503 3.90731,
	1.28818 3.89788,
	1.29132 3.90731,
	1.30075 3.90102,
	1.29446 3.91045,
	1.30389 3.91359,
	1.29446 3.91674,
	1.30075 3.92616,
	1.29132 3.91988,
	1.28818 3.92931,
	1.28503 3.91988,
	1.27561 3.92616,
	"/>
<Contour name="Ax06B03ssrv607" hidden="false" closed="true" simplified="false" border="0.5 0 1" fill="0.5 0 1" mode="13"
 points="1.30703 4.07072,
	1.2976 4.06757,
	1.30703 4.06443,
	1.30075 4.055,
	1.31017 4.06129,
	1.31332 4.05186,
	1.31646 4.06129,
	1.32589 4.055,
	1.3196 4.06443,
	1.32903 4.06757,
	1.3196 4.07072,
	1.32589 4.08014,
	1.31646 4.07386,
	1.31332 4.08329,
	1.31017 4.07386,
	1.30075 4.08014,
	"/>
<Contour name="Ax06B03ssrv608" hidden="false" closed="true" simplified="false" border="0.5 0 1" fill="0.5 0 1" mode="13"
 points="1.17505 4.08329,
	1.16562 4.08014,
	1.17505 4.077,
	1.16876 4.06757,
	1.17819 4.07386,
	1.18133 4.06443,
	1.18448 4.07386,
	1.1939 4.06757,
	1.18762 4.077,
	1.19705 4.08014,
	1.18762 4.08329,
	1.1939 4.09271,
	1.18448 4.08643,
	1.18133 4.09586,
	1.17819 4.08643,
	1.16876 4.09271,
	"/>
<Contour name="Ax06B03ssrv609" hidden="false" closed="true" simplified="false" border="0.5 0 1" fill="0.5 0 1" mode="13"
 points="1.12477 3.9953,
	1.11534 3.99216,
	1.12477 3.98901,
	1.11848 3.97959,
	1.12791 3.98587,
	1.13105 3.97644,
	1.1342 3.98587,
	1.14362 3.97959,
	1.13734 3.98901,
	1.14677 3.99216,
	1.13734 3.9953,
	1.14362 4.00473,
	1.1342 3.99844,
	1.13105 4.00787,
	1.12791 3.99844,
	1.11848 4.00473,
	"/>
<Contour name="Ax06B03ssrv610" hidden="false" closed="true" simplified="false" border="0.5 0 1" fill="0.5 0 1" mode="13"
 points="0.986502 4.05815,
	0.977074 4.055,
	0.986502 4.05186,
	0.980217 4.04243,
	0.989644 4.04872,
	0.992786 4.03929,
	0.995929 4.04872,
	1.00536 4.04243,
	0.999071 4.05186,
	1.0085 4.055,
	0.999071 4.05815,
	1.00536 4.06757,
	0.995929 4.06129,
	0.992786 4.07072,
	0.989644 4.06129,
	0.980217 4.06757,
	"/>
<Contour name="Ax06B03ssrv611" hidden="false" closed="true" simplified="false" border="0.5 0 1" fill="0.5 0 1" mode="13"
 points="1.98266 3.96073,
	1.97323 3.95759,
	1.98266 3.95445,
	1.97637 3.94502,
	1.9858 3.9513,
	1.98894 3.94188,
	1.99208 3.9513,
	2.00151 3.94502,
	1.99523 3.95445,
	2.00465 3.95759,
	1.99523 3.96073,
	2.00151 3.97016,
	1.99208 3.96387,
	1.98894 3.9733,
	1.9858 3.96387,
	1.97637 3.97016,
	"/>
</Transform>

<Transform dim="0"
 xcoef=" 0 1 0 0 0 0"
 ycoef=" 0 0 1 0 0 0">
<Contour name="d01ax25ssvr" hidden="false" closed="true" simplified="false" border="0.5 0 1" fill="0.5 0 1" mode="13"
 points="4.08461 3.05354,
	4.07361 3.04987,
	4.08461 3.04621,
	4.07728 3.03521,
	4.08827 3.04254,
	4.09194 3.03154,
	4.0956 3.04254,
	4.1066 3.03521,
	4.09927 3.04621,
	4.11026 3.04987,
	4.09927 3.05354,
	4.1066 3.06453,
	4.0956 3.0572,
	4.09194 3.0682,
	4.08827 3.0572,
	4.07728 3.06453,
	"/>
<Contour name="d01ax25ssvr" hidden="false" closed="true" simplified="false" border="0.5 0 1" fill="0.5 0 1" mode="13"
 points="4.06628 3.10485,
	4.05528 3.10119,
	4.06628 3.09752,
	4.05895 3.08653,
	4.06994 3.09386,
	4.07361 3.08286,
	4.07728 3.09386,
	4.08827 3.08653,
	4.08094 3.09752,
	4.09194 3.10119,
	4.08094 3.10485,
	4.08827 3.11585,
	4.07728 3.10852,
	4.07361 3.11951,
	4.06994 3.10852,
	4.05895 3.11585,
	"/>
<Contour name="d01ax25ssvr" hidden="false" closed="true" simplified="false" border="0.5 0 1" fill="0.5 0 1" mode="13"
 points="4.01863 3.12318,
	4.00763 3.11951,
	4.01863 3.11585,
	4.0113 3.10485,
	4.0223 3.11218,
	4.02596 3.10119,
	4.02963 3.11218,
	4.04062 3.10485,
	4.03329 3.11585,
	4.04429 3.11951,
	4.03329 3.12318,
	4.04062 3.13418,
	4.02963 3.12684,
	4.02596 3.13784,
	4.0223 3.12684,
	4.0113 3.13418,
	"/>
<Contour name="d01ax25ssvr" hidden="false" closed="true" simplified="false" border="0.5 0 1" fill="0.5 0 1" mode="13"
 points="3.98931 3.0572,
	3.97831 3.05354,
	3.98931 3.04987,
	3.98198 3.03888,
	3.99297 3.04621,
	3.99664 3.03521,
	4.0003 3.04621,
	4.0113 3.03888,
	4.00397 3.04987,
	4.01496 3.05354,
	4.00397 3.0572,
	4.0113 3.0682,
	4.0003 3.06087,
	3.99664 3.07186,
	3.99297 3.06087,
	3.98198 3.0682,
	"/>
<Contour name="d01ax25ssvr" hidden="false" closed="true" simplified="false" border="0.5 0 1" fill="0.5 0 1" mode="13"
 points="3.93066 3.14151,
	3.91966 3.13784,
	3.93066 3.13418,
	3.92333 3.12318,
	3.93433 3.13051,
	3.93799 3.11951,
	3.94166 3.13051,
	3.95265 3.12318,
	3.94532 3.13418,
	3.95632 3.13784,
	3.94532 3.14151,
	3.95265 3.1525,
	3.94166 3.14517,
	3.93799 3.15617,
	3.93433 3.14517,
	3.92333 3.1525,
	"/>
<Contour name="d01ax25ssvr" hidden="false" closed="true" simplified="false" border="0.5 0 1" fill="0.5 0 1" mode="13"
 points="3.87935 3.14517,
	3.86835 3.14151,
	3.87935 3.13784,
	3.87201 3.12684,
	3.88301 3.13418,
	3.88668 3.12318,
	3.89034 3.13418,
	3.90134 3.12684,
	3.89401 3.13784,
	3.905 3.14151,
	3.89401 3.14517,
	3.90134 3.15617,
	3.89034 3.14884,
	3.88668 3.15983,
	3.88301 3.14884,
	3.87201 3.15617,
	"/>
<Contour name="d01ax25ssvr" hidden="false" closed="true" simplified="false" border="0.5 0 1" fill="0.5 0 1" mode="13"
 points="3.91233 3.07186,
	3.90134 3.0682,
	3.91233 3.06453,
	3.905 3.05354,
	3.916 3.06087,
	3.91966 3.04987,
	3.92333 3.06087,
	3.93433 3.05354,
	3.927 3.06453,
	3.93799 3.0682,
	3.927 3.07186,
	3.93433 3.08286,
	3.92333 3.07553,
	3.91966 3.08653,
	3.916 3.07553,
	3.905 3.08286,
	"/>
<Contour name="d01ax25ssvr" hidden="false" closed="true" simplified="false" border="0.5 0 1" fill="0.5 0 1" mode="13"
 points="3.8097 3.12684,
	3.79871 3.12318,
	3.8097 3.11951,
	3.80237 3.10852,
	3.81337 3.11585,
	3.81703 3.10485,
	3.8207 3.11585,
	3.8317 3.10852,
	3.82436 3.11951,
	3.83536 3.12318,
	3.82436 3.12684,
	3.8317 3.13784,
	3.8207 3.13051,
	3.81703 3.14151,
	3.81337 3.13051,
	3.80237 3.13784,
	"/>
<Contour name="d01ax25ssvr" hidden="false" closed="true" simplified="false" border="0.5 0 1" fill="0.5 0 1" mode="13"
 points="3.82803 3.04254,
	3.81703 3.03888,
	3.82803 3.03521,
	3.8207 3.02421,
	3.8317 3.03154,
	3.83536 3.02055,
	3.83903 3.03154,
	3.85002 3.02421,
	3.84269 3.03521,
	3.85369 3.03888,
	3.84269 3.04254,
	3.85002 3.05354,
	3.83903 3.04621,
	3.83536 3.0572,
	3.8317 3.04621,
	3.8207 3.05354,
	"/>
</Transform>

<Transform dim="0"
 xcoef=" 0 1 0 0 0 0"
 ycoef=" 0 0 1 0 0 0">
<Contour name="Ax09" hidden="false" closed="true" simplified="true" border="0 1 0" fill="0 1 0" mode="-11"
 points="1.15871 2.62581,
	1.16311 2.60819,
	1.22479 2.56413,
	1.24241 2.55091,
	1.31291 2.52889,
	1.33053 2.52889,
	1.40102 2.50245,
	1.43627 2.50686,
	1.44948 2.52007,
	1.45829 2.52007,
	1.48914 2.55091,
	1.49354 2.58616,
	1.48473 2.60378,
	1.44948 2.63022,
	1.31291 2.6919,
	1.24241 2.70512,
	1.20717 2.70512,
	1.18955 2.70071,
	1.17192 2.68749,
	1.15871 2.65225,
	1.15871 2.63462,
	1.15871 2.63022,
	"/>
</Transform>

<Transform dim="1"
 xcoef=" -0.48 1 0 0 0 0"
 ycoef=" 0.27 0 1 0 0 0">
<Contour name="Brick" hidden="false" closed="false" simplified="true" border="1 0 0" fill="1 0 1" mode="9"
 points="1.77971 8.44769,
	1.77971 6.69769,
	1.77971 3.19769,
	5.27971 3.19769,
	5.27971 1.44769,
	"/>
<Contour name="Brick" hidden="false" closed="false" simplified="true" border="0 1 0" fill="1 0 1" mode="9"
 points="1.77971 6.69769,
	5.27971 6.69769,
	5.27971 3.19769,
	"/>
</Transform>

<Transform dim="0"
 xcoef=" 0 1 0 0 0 0"
 ycoef=" 0 0 1 0 0 0">
<Contour name="Brax60" hidden="false" closed="true" simplified="false" border="0 1 1" fill="0 1 1" mode="-13"
 points="4.6939 6.42099,
	4.71175 6.40313,
	4.64033 6.33171,
	4.65819 6.31385,
	4.72961 6.38528,
	4.74747 6.36742,
	4.74747 6.42099,
	"/>
</Transform>

<Transform dim="0"
 xcoef=" 0 1 0 0 0 0"
 ycoef=" 0 0 1 0 0 0">
<Contour name="Brax71" hidden="false" closed="true" simplified="false" border="1 0.5 0" fill="1 0.5 0" mode="-13"
 points="6.051 5.2112,
	6.051 5.20228,
	6.05993 5.19335,
	6.06886 5.19335,
	6.07779 5.20228,
	6.07779 5.2112,
	6.06886 5.22013,
	6.05993 5.22013,
	"/>
</Transform>

<Transform dim="0"
 xcoef=" 0 1 0 0 0 0"
 ycoef=" 0 0 1 0 0 0">
<Contour name="Brax63" hidden="false" closed="true" simplified="false" border="1 0 0.5" fill="1 0 0.5" mode="-13"
 points="4.75193 4.70675,
	4.8055 4.70675,
	4.77872 4.75586,
	"/>
</Transform>

<Transform dim="0"
 xcoef=" 0 1 0 0 0 0"
 ycoef=" 0 0 1 0 0 0">
<Contour name="Brax66" hidden="false" closed="true" simplified="false" border="0 0 1" fill="0 0 1" mode="-13"
 points="5.8144 5.91208,
	5.78315 5.88083,
	5.8144 5.84958,
	5.84565 5.88083,
	"/>
</Transform>

<Transform dim="0"
 xcoef=" 0 1 0 0 0 0"
 ycoef=" 0 0 1 0 0 0">
<Contour name="Brax67" hidden="false" closed="true" simplified="false" border="1 0 1" fill="1 0 1" mode="-13"
 points="3.38144 6.68884,
	3.38144 6.67098,
	3.39929 6.65313,
	3.41715 6.65313,
	3.43501 6.67098,
	3.43501 6.68884,
	3.41715 6.7067,
	3.39929 6.7067,
	"/>
</Transform>

<Transform dim="0"
 xcoef=" 0 1 0 0 0 0"
 ycoef=" 0 0 1 0 0 0">
<Contour name="Brax70" hidden="false" closed="true" simplified="false" border="0 1 1" fill="0 1 1" mode="-13"
 points="5.77422 4.24248,
	5.79208 4.22463,
	5.72065 4.1532,
	5.73851 4.13534,
	5.80994 4.20677,
	5.82779 4.18891,
	5.82779 4.24248,
	"/>
</Transform>

<Transform dim="0"
 xcoef=" 0 1 0 0 0 0"
 ycoef=" 0 0 1 0 0 0">
<Contour name="Brax72" hidden="false" closed="true" simplified="false" border="0.5 0 1" fill="0.5 0 1" mode="-13"
 points="5.71646 4.61121,
	5.70388 4.60702,
	5.71646 4.60283,
	5.70808 4.59025,
	5.72065 4.59864,
	5.72484 4.58606,
	5.72904 4.59864,
	5.74161 4.59025,
	5.73323 4.60283,
	5.7458 4.60702,
	5.73323 4.61121,
	5.74161 4.62379,
	5.72904 4.61541,
	5.72484 4.62798,
	5.72065 4.61541,
	5.70808 4.62379,
	"/>
</Transform>

<Transform dim="0"
 xcoef=" 0 1 0 0 0 0"
 ycoef=" 0 0 1 0 0 0">
<Contour name="Brax73" hidden="false" closed="true" simplified="false" border="1 0 0.5" fill="1 0 0.5" mode="-13"
 points="4.82774 4.33035,
	4.87805 4.33035,
	4.85289 4.37646,
	"/>
</Transform>

<Transform dim="0"
 xcoef=" 0 1 0 0 0 0"
 ycoef=" 0 0 1 0 0 0">
<Contour name="Brax75" hidden="false" closed="true" simplified="false" border="1 1 0" fill="1 1 0" mode="-13"
 points="3.30602 3.62189,
	3.30602 3.55481,
	3.23895 3.55481,
	3.23895 3.6135,
	3.23056 3.62189,
	3.23056 3.54643,
	3.3144 3.54643,
	3.3144 3.63027,
	3.23056 3.63027,
	3.23895 3.62189,
	"/>
</Transform>

<Transform dim="0"
 xcoef=" 0 1 0 0 0 0"
 ycoef=" 0 0 1 0 0 0">
<Contour name="Brax76" hidden="false" closed="true" simplified="false" border="0 0 1" fill="0 0 1" mode="-13"
 points="3.14253 5.15199,
	3.11318 5.12265,
	3.14253 5.0933,
	3.17187 5.12265,
	"/>
</Transform>

<Transform dim="0"
 xcoef=" 0 1 0 0 0 0"
 ycoef=" 0 0 1 0 0 0">
<Contour name="Brax77" hidden="false" closed="true" simplified="false" border="1 0 1" fill="1 0 1" mode="-13"
 points="3.83841 4.56929,
	3.83841 4.55253,
	3.85518 4.53576,
	3.87195 4.53576,
	3.88872 4.55253,
	3.88872 4.56929,
	3.87195 4.58606,
	3.85518 4.58606,
	"/>
</Transform>

<Transform dim="0"
 xcoef=" 0 1 0 0 0 0"
 ycoef=" 0 0 1 0 0 0">
<Contour name="Brax78" hidden="false" closed="true" simplified="false" border="1 0 0" fill="1 0 0" mode="-13"
 points="3.7378 4.2507,
	3.71265 4.2507,
	3.71265 4.26327,
	3.72523 4.27585,
	3.76295 4.28843,
	3.7378 4.301,
	3.72523 4.32615,
	3.70007 4.301,
	3.6875 4.27585,
	3.6875 4.2507,
	3.66234 4.2507,
	3.70007 4.22554,
	"/>
</Transform>

<Transform dim="0"
 xcoef=" 0 1 0 0 0 0"
 ycoef=" 0 0 1 0 0 0">
<Contour name="Brax79" hidden="false" closed="true" simplified="false" border="0 1 0" fill="0 1 0" mode="-13"
 points="4.96608 3.50032,
	4.96608 3.46678,
	4.99962 3.46678,
	4.99962 3.43324,
	5.03315 3.43324,
	5.03315 3.46678,
	5.06669 3.46678,
	5.06669 3.50032,
	5.03315 3.50032,
	5.03315 3.53385,
	4.99962 3.53385,
	4.99962 3.50032,
	"/>
</Transform>

<Transform dim="0"
 xcoef=" 0 1 0 0 0 0"
 ycoef=" 0 0 1 0 0 0">
<Contour name="Brax81" hidden="false" closed="true" simplified="false" border="1 0.5 0" fill="1 0.5 0" mode="-13"
 points="5.2176 3.96983,
	5.2176 3.96144,
	5.22599 3.95306,
	5.23437 3.95306,
	5.24276 3.96144,
	5.24276 3.96983,
	5.23437 3.97821,
	5.22599 3.97821,
	"/>
</Transform>

<Transform dim="0"
 xcoef=" 0 1 0 0 0 0"
 ycoef=" 0 0 1 0 0 0">
<Contour name="Brax82" hidden="false" closed="true" simplified="false" border="0.5 0 1" fill="0.5 0 1" mode="-13"
 points="3.93064 6.77013,
	3.91806 6.76594,
	3.93064 6.76175,
	3.92225 6.74917,
	3.93483 6.75756,
	3.93902 6.74498,
	3.94321 6.75756,
	3.95579 6.74917,
	3.94741 6.76175,
	3.95998 6.76594,
	3.94741 6.77013,
	3.95579 6.78271,
	3.94321 6.77432,
	3.93902 6.7869,
	3.93483 6.77432,
	3.92225 6.78271,
	"/>
<Contour name="Brax82" hidden="false" closed="true" simplified="false" border="0.5 0 1" fill="0.5 0 1" mode="-13"
 points="4.48818 6.08682,
	4.47561 6.08263,
	4.48818 6.07844,
	4.4798 6.06586,
	4.49237 6.07425,
	4.49657 6.06167,
	4.50076 6.07425,
	4.51334 6.06586,
	4.50495 6.07844,
	4.51753 6.08263,
	4.50495 6.08682,
	4.51334 6.0994,
	4.50076 6.09102,
	4.49657 6.10359,
	4.49237 6.09102,
	4.4798 6.0994,
	"/>
</Transform>

<Transform dim="0"
 xcoef=" 0 1 0 0 0 0"
 ycoef=" 0 0 1 0 0 0">
<Contour name="Brax83" hidden="false" closed="true" simplified="false" border="1 0 0.5" fill="1 0 0.5" mode="-13"
 points="4.15701 6.08682,
	4.20731 6.08682,
	4.18216 6.13294,
	"/>
</Transform>

<Transform dim="0"
 xcoef=" 0 1 0 0 0 0"
 ycoef=" 0 0 1 0 0 0">
<Contour name="Brax85" hidden="false" closed="true" simplified="false" border="1 1 0" fill="1 1 0" mode="-13"
 points="4.33727 4.84178,
	4.33727 4.77471,
	4.27019 4.77471,
	4.27019 4.83339,
	4.26181 4.84178,
	4.26181 4.76632,
	4.34565 4.76632,
	4.34565 4.85016,
	4.26181 4.85016,
	4.27019 4.84178,
	"/>
</Transform>

<Transform dim="0"
 xcoef=" 0 1 0 0 0 0"
 ycoef=" 0 0 1 0 0 0">
<Contour name="Brax87" hidden="false" closed="true" simplified="false" border="1 0 1" fill="1 0 1" mode="-13"
 points="5.81707 4.86274,
	5.81707 4.84597,
	5.83384 4.8292,
	5.85061 4.8292,
	5.86737 4.84597,
	5.86737 4.86274,
	5.85061 4.87951,
	5.83384 4.87951,
	"/>
</Transform>

<Transform dim="0"
 xcoef=" 0 1 0 0 0 0"
 ycoef=" 0 0 1 0 0 0">
<Contour name="D01" hidden="false" closed="true" simplified="true" border="1 0.5 0" fill="1 0.5 0" mode="-11"
 points="3.71421 3.72925,
	3.71726 3.70338,
	3.72632 3.6782,
	3.74117 3.65438,
	3.7614 3.63254,
	3.78648 3.61327,
	3.81573 3.59709,
	3.84839 3.58442,
	3.88358 3.5756,
	3.92036 3.57086,
	3.95777 3.57033,
	3.99481 3.57402,
	4.03049 3.58184,
	4.06386 3.59358,
	4.09405 3.60892,
	4.12023 3.62746,
	4.14173 3.64871,
	4.15796 3.67209,
	4.16851 3.697,
	4.17307 3.72276,
	4.17155 3.74869,
	4.16397 3.77411,
	4.15054 3.79834,
	4.13161 3.82073,
	4.10769 3.84069,
	4.07941 3.85769,
	4.04752 3.87127,
	4.01288 3.88108,
	3.9764 3.88686,
	3.93905 3.88844,
	3.90183 3.8858,
	3.86572 3.879,
	3.83169 3.86822,
	3.80063 3.85374,
	3.77337 3.83596,
	3.75064 3.81534,
	3.73305 3.79243,
	3.72105 3.76784,
	"/>
</Transform>

<Transform dim="0"
 xcoef=" 0 1 0 0 0 0"
 ycoef=" 0 0 1 0 0 0">
<Contour name="D02" hidden="false" closed="true" simplified="true" border="0.5 0 1" fill="0.5 0 1" mode="-11"
 points="4.77338 5.14746,
	4.78398 5.11113,
	4.81504 5.07738,
	4.86435 5.04861,
	4.9284 5.02687,
	5.00264 5.01369,
	5.08179 5.01002,
	5.16024 5.01612,
	5.23241 5.03155,
	5.29316 5.05522,
	5.33819 5.08544,
	5.36428 5.12007,
	5.3696 5.15665,
	5.35375 5.19257,
	5.31787 5.22529,
	5.2645 5.25248,
	5.19745 5.27221,
	5.12146 5.28307,
	5.04195 5.28429,
	4.96456 5.27579,
	4.89479 5.25818,
	4.8376 5.23269,
	4.79706 5.20115,
	"/>
<Contour name="D02" hidden="false" closed="true" simplified="true" border="0.5 0 1" fill="0.5 0 1" mode="-11"
 points="3.67324 5.37861,
	3.6839 5.34239,
	3.71493 5.30939,
	3.76357 5.28253,
	3.82551 5.26422,
	3.89524 5.25607,
	3.96655 5.2588,
	4.03313 5.27219,
	4.08904 5.29503,
	4.12933 5.32529,
	4.15041 5.36029,
	4.15041 5.39693,
	4.12933 5.43193,
	4.08904 5.4622,
	4.03313 5.48503,
	3.96655 5.49842,
	3.89524 5.50115,
	3.82551 5.493,
	3.76357 5.47469,
	3.71493 5.44784,
	"/>
</Transform>

<Transform dim="0"
 xcoef=" 0 1 0 0 0 0"
 ycoef=" 0 0 1 0 0 0">
<Contour name="D03" hidden="false" closed="true" simplified="true" border="1 0 0.5" fill="1 0 0.5" mode="-11"
 points="6.41635 4.88912,
	6.42044 4.86286,
	6.43255 4.8377,
	6.45217 4.81472,
	6.47846 4.79489,
	6.51031 4.77904,
	6.54638 4.76785,
	6.58514 4.76178,
	6.62495 4.7611,
	6.66413 4.76584,
	6.70102 4.77578,
	6.73406 4.79052,
	6.76185 4.80943,
	6.78323 4.83171,
	6.79728 4.85642,
	6.8034 4.88251,
	6.80135 4.90888,
	6.79121 4.93442,
	6.77341 4.95804,
	6.74869 4.97874,
	6.71811 4.99565,
	6.68296 5.00806,
	6.64472 5.01544,
	6.60502 5.01748,
	6.56552 5.01409,
	6.52791 5.00542,
	6.49377 4.99182,
	6.46454 4.97389,
	6.44147 4.95237,
	6.42552 4.92817,
	"/>
</Transform>

<Transform dim="0"
 xcoef=" 0 1 0 0 0 0"
 ycoef=" 0 0 1 0 0 0">
<Contour name="D04" hidden="false" closed="true" simplified="true" border="1 0 0" fill="1 0 0" mode="-11"
 points="3.3926 5.80335,
	3.39982 5.78046,
	3.42091 5.75935,
	3.45425 5.74165,
	3.49725 5.72873,
	3.54657 5.72159,
	3.5984 5.72078,
	3.64873 5.72637,
	3.69364 5.73793,
	3.72967 5.75455,
	3.75402 5.77495,
	3.7648 5.79756,
	3.76119 5.82061,
	3.74345 5.84232,
	3.71296 5.86102,
	3.67209 5.87524,
	3.62401 5.8839,
	3.57243 5.88631,
	3.52135 5.8823,
	3.47473 5.87217,
	3.43619 5.85671,
	3.40871 5.83711,
	"/>
</Transform>

<Transform dim="0"
 xcoef=" 0 1 0 0 0 0"
 ycoef=" 0 0 1 0 0 0">
<Contour name="D05" hidden="false" closed="true" simplified="true" border="1 1 0" fill="1 1 0" mode="-11"
 points="-0.971248 7.03536,
	-0.96892 7.01107,
	-0.961994 6.98739,
	-0.950646 6.96492,
	-0.935162 6.94424,
	-0.915933 6.92585,
	-0.893445 6.91023,
	-0.868265 6.89776,
	-0.841028 6.88878,
	-0.812424 6.88349,
	-0.783174 6.88204,
	-0.754016 6.88445,
	-0.725687 6.89068,
	-0.698902 6.90057,
	-0.674338 6.91385,
	-0.652614 6.9302,
	-0.634279 6.94921,
	-0.619796 6.97039,
	-0.609531 6.99322,
	-0.603743 7.0171,
	-0.602578 7.04145,
	-0.606066 7.06565,
	-0.614118 7.08908,
	-0.626531 7.11115,
	-0.642992 7.13131,
	-0.663084 7.14904,
	-0.686302 7.16391,
	-0.712058 7.17553,
	-0.739703 7.18361,
	-0.768537 7.18795,
	-0.797834 7.18843,
	-0.826853 7.18505,
	-0.854862 7.17789,
	-0.881153 7.16713,
	-0.905063 7.15305,
	-0.925988 7.13599,
	-0.943399 7.11639,
	-0.956858 7.09474,
	-0.966024 7.0716,
	"/>
</Transform>

<Transform dim="0"
 xcoef=" 0 1 0 0 0 0"
 ycoef=" 0 0 1 0 0 0">
<Contour name="D05" hidden="false" closed="true" simplified="true" border="1 1 0" fill="1 1 0" mode="-11"
 points="0.548728 3.36726,
	0.555787 3.33569,
	0.576504 3.30619,
	0.609522 3.28069,
	0.652683 3.26085,
	0.703163 3.24797,
	0.75766 3.24289,
	0.81261 3.24594,
	0.864418 3.25693,
	0.909695 3.27514,
	0.945481 3.29937,
	0.969433 3.32805,
	0.979986 3.35928,
	0.976449 3.39104,
	0.959054 3.42124,
	0.928938 3.44792,
	0.888071 3.46931,
	0.839126 3.48403,
	0.785305 3.49111,
	0.730129 3.49009,
	0.677206 3.48104,
	0.629998 3.46454,
	0.591593 3.44168,
	0.564503 3.41395,
	"/>
</Transform>

<Transform dim="0"
 xcoef=" 0 1 0 0 0 0"
 ycoef=" 0 0 1 0 0 0">
<Contour name="d01" hidden="false" closed="true" simplified="true" border="1 0.5 0" fill="1 0.5 0" mode="9"
 points="3.98803 3.21044,
	4.00086 3.19248,
	4.00856 3.18221,
	4.01369 3.18221,
	4.01883 3.17708,
	4.10095 3.14372,
	4.11891 3.13345,
	4.12404 3.12832,
	4.1651 3.11292,
	4.24723 3.09752,
	4.25749 3.09752,
	4.26006 3.09239,
	4.28059 3.09239,
	4.29085 3.09752,
	4.29599 3.09752,
	4.31652 3.11292,
	4.32422 3.12319,
	4.33448 3.16425,
	4.32935 3.20531,
	4.31652 3.22584,
	4.29855 3.23867,
	4.21643 3.26177,
	4.2113 3.2669,
	4.12918 3.29,
	4.08812 3.29,
	4.04706 3.28486,
	4.00599 3.26177,
	3.9906 3.24124,
	3.98803 3.22071,
	3.98803 3.21301,
	"/>
<Contour name="d01" hidden="false" closed="true" simplified="true" border="1 0.5 0" fill="1 0.5 0" mode="9"
 points="3.35159 3.80839,
	3.36442 3.78786,
	3.40291 3.7545,
	3.41831 3.73653,
	3.42088 3.72627,
	3.41831 3.716,
	3.40291 3.69547,
	3.40291 3.68521,
	3.40291 3.68007,
	3.44141 3.64671,
	3.45167 3.64158,
	3.45681 3.64158,
	3.46194 3.63645,
	3.503 3.62618,
	3.52353 3.62362,
	3.56202 3.59282,
	3.57229 3.59025,
	3.59282 3.57742,
	3.59795 3.57229,
	3.60309 3.57229,
	3.62362 3.55689,
	3.63388 3.54919,
	3.64415 3.54663,
	3.68521 3.52353,
	3.69547 3.5184,
	3.7006 3.5184,
	3.70574 3.51326,
	3.7468 3.50813,
	3.78786 3.49787,
	3.79812 3.49787,
	3.80839 3.49273,
	3.82892 3.49273,
	3.83918 3.49273,
	3.85972 3.50043,
	3.86485 3.50557,
	3.90591 3.49787,
	3.91617 3.49273,
	3.9367 3.49017,
	3.95723 3.48247,
	3.9983 3.47477,
	4.08042 3.4722,
	4.12148 3.47734,
	4.14201 3.48504,
	4.16254 3.4876,
	4.18307 3.4953,
	4.19333 3.503,
	4.2344 3.51583,
	4.27546 3.52353,
	4.35758 3.54663,
	4.37811 3.55689,
	4.38324 3.55689,
	4.4243 3.58255,
	4.44483 3.59795,
	4.4628 3.61848,
	4.47819 3.63388,
	4.48846 3.65441,
	4.49359 3.67494,
	4.50386 3.69291,
	4.50642 3.70317,
	4.51412 3.71344,
	4.51925 3.73397,
	4.52439 3.74423,
	4.52695 3.76476,
	4.54235 3.78016,
	4.56288 3.78016,
	4.57315 3.78016,
	4.58341 3.78529,
	4.58598 3.79043,
	4.57828 3.81096,
	4.56032 3.83149,
	4.55005 3.83918,
	4.53978 3.84175,
	4.52952 3.84945,
	4.51925 3.85202,
	4.51412 3.85715,
	4.49359 3.85972,
	4.45253 3.87511,
	4.432 3.88281,
	4.42173 3.88281,
	4.4012 3.89051,
	4.39094 3.89308,
	4.38581 3.89821,
	4.36528 3.90334,
	4.34475 3.91361,
	4.33961 3.91361,
	4.33448 3.91874,
	4.29342 3.93414,
	4.27289 3.94184,
	4.19077 3.94954,
	4.17024 3.94954,
	4.12918 3.9598,
	4.08812 3.96237,
	4.06759 3.96237,
	4.02652 3.97007,
	4.00599 3.97263,
	3.99573 3.97777,
	3.98546 3.97777,
	3.9444 3.99316,
	3.92387 4.00086,
	3.91874 4.00086,
	3.91617 4.00599,
	3.89564 4.01113,
	3.85458 4.00856,
	3.83405 4.00343,
	3.79299 4.00856,
	3.77246 4.01369,
	3.75193 4.02909,
	3.71087 4.04192,
	3.66981 4.04449,
	3.58769 4.03422,
	3.54663 4.02909,
	3.50557 4.01883,
	3.4645 4.00343,
	3.44397 3.99573,
	3.44141 3.9906,
	3.42088 3.9829,
	3.38752 3.95467,
	3.38238 3.9444,
	3.37725 3.93927,
	3.36955 3.89821,
	3.36955 3.88794,
	3.35415 3.84688,
	3.35159 3.82635,
	3.35159 3.81609,
	3.35159 3.81096,
	"/>
</Transform>

<Transform dim="0"
 xcoef=" 0 1 0 0 0 0"
 ycoef=" 0 0 1 0 0 0">
<Contour name="d03" hidden="false" closed="true" simplified="true" border="1 0 0.5" fill="1 0 0.5" mode="9"
 points="7.6744 4.24953,
	7.72135 4.23486,
	7.76831 4.22605,
	7.79179 4.23486,
	7.81527 4.25834,
	7.81527 4.27008,
	7.80646 4.29355,
	7.79472 4.30236,
	7.78885 4.30823,
	7.76537 4.31116,
	7.7419 4.30823,
	7.73016 4.30236,
	7.70961 4.28181,
	7.68614 4.27008,
	7.67733 4.26127,
	7.6744 4.25247,
	"/>
<Contour name="d03" hidden="false" closed="true" simplified="true" border="1 0 0.5" fill="1 0 0.5" mode="9"
 points="6.08669 4.85703,
	6.1043 4.83942,
	6.12778 4.82768,
	6.13952 4.82181,
	6.18647 4.81301,
	6.20995 4.79833,
	6.22169 4.79246,
	6.22756 4.79246,
	6.2393 4.78366,
	6.28626 4.77485,
	6.30973 4.77192,
	6.33321 4.76312,
	6.34495 4.76018,
	6.39191 4.7279,
	6.41539 4.71322,
	6.42712 4.71029,
	6.43299 4.70442,
	6.44473 4.70149,
	6.46821 4.68094,
	6.51517 4.64866,
	6.53865 4.63399,
	6.63256 4.63692,
	6.67951 4.64279,
	6.72647 4.66333,
	6.73821 4.67214,
	6.78517 4.67507,
	6.7969 4.67801,
	6.80277 4.67801,
	6.80864 4.68388,
	6.81451 4.68388,
	6.83506 4.70149,
	6.84093 4.71322,
	6.85266 4.72203,
	6.89962 4.72496,
	6.9231 4.72496,
	6.94658 4.73377,
	6.95832 4.73964,
	6.96419 4.73964,
	6.98179 4.76018,
	6.9906 4.77192,
	6.9906 4.77779,
	7.00234 4.78659,
	7.02582 4.79246,
	7.04929 4.78953,
	7.09625 4.79833,
	7.11973 4.8042,
	7.14321 4.8042,
	7.15494 4.8042,
	7.16668 4.81301,
	7.16668 4.83648,
	7.16668 4.84822,
	7.21364 4.86583,
	7.21951 4.86583,
	7.22831 4.87757,
	7.23125 4.88931,
	7.22831 4.90105,
	7.20777 4.92159,
	7.19603 4.9304,
	7.17255 4.93333,
	7.1256 4.95094,
	7.08745 4.99496,
	7.0669 5.01844,
	7.02288 5.04485,
	6.97592 5.05953,
	6.92897 5.06246,
	6.90549 5.0654,
	6.85853 5.08594,
	6.84093 5.10355,
	6.80277 5.14757,
	6.75582 5.16518,
	6.73234 5.17398,
	6.72647 5.17985,
	6.70299 5.18279,
	6.65604 5.20333,
	6.60908 5.21213,
	6.56212 5.21213,
	6.53865 5.21213,
	6.51517 5.20039,
	6.5093 5.18866,
	6.48582 5.17398,
	6.43886 5.17985,
	6.39191 5.19453,
	6.34495 5.19746,
	6.32147 5.19746,
	6.30973 5.19746,
	6.28626 5.18866,
	6.26278 5.18572,
	6.21582 5.14757,
	6.19821 5.12409,
	6.19821 5.11822,
	6.1806 5.09474,
	6.17474 5.083,
	6.13658 5.03605,
	6.11017 4.98909,
	6.10724 4.97735,
	6.11604 4.9304,
	6.11311 4.90692,
	6.11311 4.90105,
	6.10724 4.89518,
	6.10724 4.88931,
	6.08669 4.86877,
	6.08669 4.85996,
	"/>
</Transform>

<Transform dim="0"
 xcoef=" 0 1 0 0 0 0"
 ycoef=" 0 0 1 0 0 0">
<Contour name="d03p16" hidden="false" closed="true" simplified="false" border="0 0 1" fill="0 0 1" mode="-13"
 points="6.62556 5.1647,
	6.60502 5.14416,
	6.62556 5.12361,
	6.64611 5.14416,
	"/>
</Transform>

<Transform dim="0"
 xcoef=" 0 1 0 0 0 0"
 ycoef=" 0 0 1 0 0 0">
<Contour name="d03c16" hidden="false" closed="true" simplified="true" border="0 1 0" fill="0 1 0" mode="9"
 points="6.544 5.20276,
	6.5543 5.19247,
	6.57489 5.18989,
	6.58519 5.18474,
	6.60578 5.18474,
	6.64697 5.17702,
	6.66757 5.17187,
	6.67787 5.1693,
	6.68301 5.16415,
	6.70361 5.16415,
	6.70876 5.16415,
	6.71648 5.17445,
	6.72163 5.17702,
	6.72163 5.18732,
	6.72163 5.19247,
	6.71133 5.20019,
	6.62895 5.22851,
	6.60836 5.23366,
	6.56717 5.23366,
	6.55687 5.23366,
	6.54657 5.22593,
	6.544 5.20534,
	"/>
<Contour name="d03cfa16" hidden="false" closed="false" simplified="false" border="0 1 1" fill="0 1 1" mode="-9"
 points="6.72252 5.17932,
	6.65301 5.19734,
	6.55003 5.22051,
	"/>
</Transform>

<Transform dim="0"
 xcoef=" 0 1 0 0 0 0"
 ycoef=" 0 0 1 0 0 0">
<Contour name="d04" hidden="false" closed="true" simplified="true" border="1 0 0" fill="1 0 0" mode="9"
 points="2.92031 6.21537,
	2.96758 6.1681,
	2.97433 6.1681,
	2.99796 6.14784,
	3.106 6.10058,
	3.133 6.09383,
	3.14651 6.08708,
	3.25454 6.08032,
	3.36258 6.0837,
	3.41659 6.08708,
	3.47061 6.0972,
	3.49762 6.10396,
	3.51112 6.10058,
	3.53813 6.11071,
	3.56514 6.12759,
	3.57865 6.1546,
	3.57865 6.18161,
	3.56177 6.23562,
	3.53476 6.28964,
	3.52463 6.30314,
	3.50437 6.35716,
	3.501 6.38417,
	3.51112 6.41118,
	3.52125 6.42468,
	3.52463 6.45169,
	3.50775 6.4787,
	3.48749 6.49896,
	3.46048 6.51246,
	3.40647 6.52259,
	3.35245 6.5496,
	3.3457 6.5496,
	3.33894 6.55635,
	3.28493 6.56648,
	3.25792 6.5631,
	3.23091 6.55297,
	3.20728 6.52934,
	3.20728 6.51584,
	3.23091 6.48883,
	3.24441 6.47532,
	3.25792 6.44832,
	3.26129 6.42131,
	3.25792 6.4078,
	3.25792 6.40105,
	3.25117 6.3943,
	3.24104 6.36729,
	3.24104 6.34028,
	3.21741 6.32002,
	3.16339 6.29302,
	3.14988 6.28964,
	3.13638 6.27951,
	3.12288 6.27614,
	3.10937 6.26601,
	3.08236 6.25926,
	3.06886 6.2525,
	2.96082 6.239,
	2.93381 6.23562,
	2.92031 6.22549,
	2.92031 6.21874,
	"/>
<Contour name="d04" hidden="false" closed="true" simplified="true" border="1 0 0" fill="1 0 0" mode="9"
 points="4.49356 5.9284,
	4.5172 5.90477,
	4.54421 5.89126,
	4.57121 5.88451,
	4.59822 5.87101,
	4.70626 5.844,
	4.81429 5.82712,
	4.8413 5.82374,
	4.85481 5.82374,
	4.86831 5.81699,
	4.89532 5.81699,
	4.90545 5.83049,
	4.90207 5.8575,
	4.90545 5.87101,
	4.92908 5.88113,
	4.95609 5.87776,
	4.96959 5.87438,
	4.97634 5.86763,
	5.00335 5.8575,
	5.11139 5.79336,
	5.11814 5.79336,
	5.12489 5.7866,
	5.17891 5.76297,
	5.20592 5.74947,
	5.22955 5.72583,
	5.25994 5.67519,
	5.29707 5.62793,
	5.34771 5.59079,
	5.37472 5.57053,
	5.42874 5.55028,
	5.48276 5.55365,
	5.50977 5.56378,
	5.53677 5.58066,
	5.55028 5.59079,
	5.56716 5.64481,
	5.57391 5.65831,
	5.57391 5.71233,
	5.56378 5.76635,
	5.54353 5.82036,
	5.53677 5.84737,
	5.53002 5.86088,
	5.53002 5.86763,
	5.52327 5.87438,
	5.51314 5.9284,
	5.51314 6.03643,
	5.51652 6.09045,
	5.50977 6.14447,
	5.48613 6.19849,
	5.45912 6.22212,
	5.45237 6.22887,
	5.42536 6.23562,
	5.37135 6.239,
	5.31733 6.23225,
	5.29032 6.21874,
	5.27682 6.21537,
	5.27006 6.20861,
	5.21605 6.18836,
	5.18904 6.17485,
	5.18229 6.17485,
	5.17891 6.1681,
	5.07087 6.13096,
	5.01686 6.11408,
	4.96284 6.09045,
	4.95609 6.09045,
	4.94934 6.0837,
	4.93583 6.08032,
	4.92233 6.07019,
	4.89532 6.06344,
	4.88181 6.05669,
	4.8278 6.05331,
	4.80079 6.04319,
	4.78728 6.03981,
	4.77378 6.02968,
	4.71976 6.01955,
	4.69275 6.00943,
	4.67925 6.00605,
	4.67587 5.9993,
	4.66237 5.99592,
	4.64886 5.98579,
	4.59485 5.97229,
	4.54083 5.96891,
	4.52733 5.96554,
	4.52057 5.96554,
	4.51382 5.95878,
	4.50707 5.95878,
	4.49356 5.94528,
	4.49356 5.93178,
	"/>
<Contour name="d04" hidden="false" closed="true" simplified="true" border="1 0 0" fill="1 0 0" mode="9"
 points="2.9507 5.72583,
	2.95745 5.71233,
	2.95745 5.69883,
	2.9642 5.68532,
	2.99121 5.67182,
	3.01822 5.66844,
	3.03172 5.66169,
	3.13976 5.66506,
	3.24779 5.65494,
	3.30181 5.66169,
	3.31194 5.67182,
	3.33894 5.67857,
	3.44698 5.68195,
	3.66305 5.65156,
	3.77108 5.64481,
	3.79809 5.64143,
	3.8116 5.63468,
	3.86561 5.62793,
	3.87912 5.62793,
	3.98715 5.58742,
	4.04117 5.57729,
	4.09519 5.58066,
	4.10869 5.58404,
	4.1357 5.60092,
	4.15933 5.62793,
	4.2066 5.66169,
	4.23023 5.67182,
	4.25049 5.69545,
	4.26399 5.70558,
	4.31801 5.72583,
	4.34502 5.73596,
	4.39903 5.73596,
	4.40579 5.73596,
	4.41929 5.74609,
	4.42942 5.7731,
	4.42604 5.7866,
	4.39903 5.79673,
	4.291 5.80348,
	4.23698 5.81024,
	4.20997 5.81024,
	4.10194 5.84062,
	3.9939 5.8575,
	3.93989 5.86425,
	3.83185 5.89801,
	3.8251 5.90477,
	3.79809 5.91489,
	3.77108 5.93515,
	3.74407 5.94528,
	3.69006 5.95203,
	3.67655 5.95878,
	3.56852 5.97904,
	3.5145 5.98242,
	3.46048 5.96554,
	3.40647 5.95541,
	3.35245 5.96554,
	3.29843 5.96891,
	3.28493 5.96216,
	3.23091 5.95878,
	3.2039 5.95878,
	3.17689 5.95203,
	3.16339 5.95203,
	3.15664 5.95203,
	3.12963 5.93178,
	3.08911 5.88113,
	3.06211 5.86763,
	3.0486 5.8575,
	3.0351 5.85413,
	3.02159 5.844,
	3.00809 5.84062,
	2.98446 5.82036,
	2.97095 5.80686,
	2.95745 5.77985,
	2.9507 5.76635,
	2.9507 5.73934,
	2.9507 5.72921,
	"/>
<Contour name="d04" hidden="false" closed="true" simplified="true" border="1 0 0" fill="1 0 0" mode="9"
 points="2.33962 5.68532,
	2.34975 5.67182,
	2.37676 5.65831,
	2.4848 5.65494,
	2.53881 5.65156,
	2.56582 5.64818,
	2.57257 5.64818,
	2.57933 5.64143,
	2.63334 5.62793,
	2.64685 5.6313,
	2.62997 5.65494,
	2.57933 5.7022,
	2.55232 5.71908,
	2.4983 5.73934,
	2.44428 5.74271,
	2.41727 5.74271,
	2.39027 5.73596,
	2.36326 5.72246,
	2.33962 5.69883,
	2.33962 5.6887,
	"/>
</Transform>

<Transform dim="0"
 xcoef=" 0 1 0 0 0 0"
 ycoef=" 0 0 1 0 0 0">
<Contour name="d04" hidden="false" closed="true" simplified="true" border="1 0 0" fill="1 0 0" mode="9"
 points="3.74745 4.86831,
	3.7542 4.85481,
	3.77784 4.83455,
	3.79134 4.82104,
	3.84536 4.78391,
	3.85886 4.7704,
	3.91288 4.75015,
	3.92638 4.75015,
	3.93989 4.74339,
	3.9669 4.74339,
	3.9939 4.75352,
	4.04792 4.76365,
	4.05467 4.76365,
	4.06818 4.77716,
	4.11882 4.81429,
	4.1357 4.8413,
	4.14583 4.85481,
	4.14583 4.86156,
	4.15258 4.86831,
	4.15258 4.92233,
	4.14245 4.94934,
	4.11882 4.97297,
	4.09181 4.96959,
	4.07831 4.96284,
	4.0648 4.96622,
	4.03779 4.98985,
	4.02429 5.00335,
	3.97027 5.00673,
	3.94326 5.01348,
	3.89262 5.04049,
	3.86561 5.04387,
	3.8386 5.04049,
	3.8251 5.03036,
	3.81835 5.02361,
	3.81835 5.01011,
	3.8116 5.00673,
	3.8116 4.99998,
	3.79809 4.99322,
	3.77784 4.96622,
	3.77108 4.95271,
	3.77108 4.93921,
	3.7542 4.9122,
	3.74745 4.89869,
	3.74745 4.87169,
	"/>
</Transform>

<Transform dim="0"
 xcoef=" 0 1 0 0 0 0"
 ycoef=" 0 0 1 0 0 0">
<Contour name="d04p26" hidden="false" closed="true" simplified="false" border="0 0 1" fill="0 0 1" mode="-9"
 points="3.0069 5.75621,
	2.98687 5.73618,
	3.0069 5.71614,
	3.02694 5.73618,
	"/>
</Transform>

<Transform dim="0"
 xcoef=" 0 1 0 0 0 0"
 ycoef=" 0 0 1 0 0 0">
<Contour name="d04c21" hidden="false" closed="true" simplified="true" border="0 1 0" fill="0 1 0" mode="9"
 points="2.99494 6.23371,
	3.02185 6.23203,
	3.04875 6.23371,
	3.0622 6.23539,
	3.07566 6.23203,
	3.08911 6.23371,
	3.11602 6.24548,
	3.12947 6.25221,
	3.13283 6.25221,
	3.15806 6.26903,
	3.17151 6.27575,
	3.17823 6.27912,
	3.1816 6.28248,
	3.23541 6.30098,
	3.24886 6.30938,
	3.26063 6.32116,
	3.27577 6.34806,
	3.28081 6.35479,
	3.28081 6.35815,
	3.28418 6.36151,
	3.28586 6.38842,
	3.28418 6.40187,
	3.27409 6.41364,
	3.26063 6.42037,
	3.25391 6.42037,
	3.24214 6.41196,
	3.23373 6.39851,
	3.22868 6.3716,
	3.22532 6.35815,
	3.22196 6.35143,
	3.21523 6.3447,
	3.21187 6.34134,
	3.20514 6.33965,
	3.20178 6.33629,
	3.18832 6.33293,
	3.1816 6.32788,
	3.17823 6.32788,
	3.17319 6.32284,
	3.16983 6.32284,
	3.1631 6.31779,
	3.15974 6.31779,
	3.14628 6.3077,
	3.14292 6.3077,
	3.11602 6.29089,
	3.10256 6.28584,
	3.0992 6.28584,
	3.09415 6.2808,
	3.08743 6.2808,
	3.08575 6.27743,
	3.07902 6.27743,
	3.07566 6.27407,
	3.0622 6.26903,
	3.0353 6.26398,
	3.02185 6.26062,
	3.00839 6.25221,
	3.00335 6.24885,
	2.99662 6.24212,
	2.99494 6.23539,
	"/>
<Contour name="d04cfa21" hidden="false" closed="false" simplified="false" border="0 1 1" fill="0 1 1" mode="-9"
 points="3.26117 6.41667,
	3.25612 6.39313,
	3.24435 6.33427,
	3.21072 6.32082,
	3.09973 6.26532,
	2.99884 6.2401,
	"/>
</Transform>

<Transform dim="0"
 xcoef=" 0 1 0 0 0 0"
 ycoef=" 0 0 1 0 0 0">
<Contour name="d04p21dia" hidden="false" closed="false" simplified="true" border="1 0.5 0" fill="1 0.5 0" mode="9"
 points="3.03751 6.1308,
	3.45455 6.51252,
	"/>
</Transform>

<Transform dim="0"
 xcoef=" 0 1 0 0 0 0"
 ycoef=" 0 0 1 0 0 0">
<Contour name="d04c25" hidden="false" closed="true" simplified="true" border="0 1 0" fill="0 1 0" mode="9"
 points="5.48161 5.93884,
	5.49842 5.88504,
	5.50347 5.87832,
	5.50515 5.8716,
	5.50851 5.86824,
	5.51355 5.85479,
	5.51523 5.84134,
	5.5186 5.83798,
	5.52028 5.82453,
	5.52028 5.81781,
	5.53541 5.76402,
	5.53709 5.75057,
	5.53877 5.74384,
	5.53877 5.74048,
	5.54213 5.73712,
	5.54213 5.7304,
	5.55053 5.7035,
	5.56062 5.69173,
	5.56566 5.68669,
	5.57911 5.68501,
	5.59256 5.69005,
	5.59592 5.7035,
	5.59592 5.7304,
	5.57743 5.78419,
	5.57575 5.79091,
	5.57071 5.79763,
	5.56902 5.80436,
	5.56062 5.81781,
	5.55726 5.82453,
	5.55726 5.82789,
	5.55221 5.83462,
	5.55221 5.83798,
	5.54885 5.83966,
	5.54549 5.85311,
	5.54213 5.85647,
	5.54045 5.86319,
	5.54045 5.86655,
	5.53709 5.86992,
	5.52364 5.92371,
	5.52868 6.03129,
	5.52868 6.03801,
	5.52364 6.05146,
	5.52196 6.10525,
	5.5186 6.11197,
	5.51187 6.11366,
	5.49842 6.10861,
	5.49506 6.10525,
	5.49506 6.10189,
	5.4917 6.09853,
	5.4833 6.07163,
	5.48161 5.96405,
	5.48161 5.9506,
	5.48161 5.94388,
	5.48161 5.94052,
	"/>
<Contour name="d04cfa25" hidden="false" closed="false" simplified="false" border="0 1 1" fill="0 1 1" mode="-9"
 points="5.51635 6.11027,
	5.50962 6.07833,
	5.50458 5.99597,
	5.49954 5.92368,
	5.51635 5.87662,
	5.53652 5.83627,
	5.56509 5.75391,
	5.57518 5.68331,
	"/>
</Transform>

<Transform dim="0"
 xcoef=" 0 1 0 0 0 0"
 ycoef=" 0 0 1 0 0 0">
<Contour name="d04p25dia" hidden="false" closed="false" simplified="true" border="1 1 0" fill="1 1 0" mode="-9"
 points="5.42894 5.55051,
	5.41045 6.23466,
	"/>
</Transform>

<Transform dim="0"
 xcoef=" 0 1 0 0 0 0"
 ycoef=" 0 0 1 0 0 0">
<Contour name="Ax09B03ssrv1" hidden="false" closed="true" simplified="false" border="0.5 0 1" fill="0.5 0 1" mode="13"
 points="1.38023 2.62481,
	1.37044 2.62154,
	1.38023 2.61828,
	1.37371 2.60849,
	1.3835 2.61502,
	1.38676 2.60522,
	1.39002 2.61502,
	1.39981 2.60849,
	1.39329 2.61828,
	1.40308 2.62154,
	1.39329 2.62481,
	1.39981 2.6346,
	1.39002 2.62807,
	1.38676 2.63786,
	1.3835 2.62807,
	1.37371 2.6346,
	"/>
</Transform>

<Transform dim="6"
 xcoef=" 1.07213434059817 0.847794055502313 0.0676711919328823 0 0 0"
 ycoef=" 1.00029863073252 0.0531357112029869 1.00670230612563 0 0 0">
<Image mag="0.00223443" contrast="1" brightness="0" red="true" green="true" blue="true"
 src="CVZWG_und.115.tif" />
<Contour name="domain1" hidden="false" closed="true" simplified="false" border="1 0 1" fill="1 0 1" mode="11"
 points="0 0,
	4097 0,
	4097 4097,
	0 4097,
	"/>
</Transform>

<Transform dim="0"
 xcoef=" 0 1 0 0 0 0"
 ycoef=" 0 0 1 0 0 0">
<Contour name="d04p25" hidden="false" closed="true" simplified="false" border="1 1 0" fill="1 1 0" mode="-9"
 points="4.26909 5.77625,
	4.26909 5.73045,
	4.2233 5.73045,
	4.2233 5.77052,
	4.21758 5.77625,
	4.21758 5.72473,
	4.27482 5.72473,
	4.27482 5.78197,
	4.21758 5.78197,
	4.2233 5.77625,
	"/>
<Contour name="d04SA25" hidden="false" closed="true" simplified="false" border="1 0 0.5" fill="1 0 0.5" mode="9"
 points="4.71758 5.88157,
	4.74914 5.88157,
	4.73336 5.9105,
	"/>
</Transform>

<Transform dim="0"
 xcoef=" 0 1 0 0 0 0"
 ycoef=" 0 0 1 0 0 0">
<Contour name="d02ax21" hidden="false" closed="true" simplified="true" border="0 1 1" fill="0 1 1" mode="-11"
 points="2.74499 5.98906,
	2.75561 5.97844,
	2.76622 5.97579,
	2.8087 5.95189,
	2.85118 5.94128,
	2.93613 5.94393,
	2.95736 5.94393,
	2.99984 5.93597,
	3.08479 5.93862,
	3.09541 5.94128,
	3.11665 5.9572,
	3.12727 5.96517,
	3.13523 5.98641,
	3.13523 5.99703,
	3.11665 6.0103,
	3.10603 6.01826,
	3.06355 6.03419,
	3.02108 6.0395,
	2.99984 6.04747,
	2.95736 6.05012,
	2.93613 6.05012,
	2.89365 6.05808,
	2.87241 6.05808,
	2.86179 6.06074,
	2.81932 6.05543,
	2.79808 6.05277,
	2.78746 6.05012,
	2.74499 6.01561,
	2.74499 5.99437,
	2.74499 5.99172,
	"/>
</Transform>

<Transform dim="0"
 xcoef=" 0 1 0 0 0 0"
 ycoef=" 0 0 1 0 0 0">
<Contour name="d04ax19" hidden="false" closed="true" simplified="true" border="0 1 1" fill="0 1 1" mode="-11"
 points="1.07581 5.49738,
	1.10883 5.45611,
	1.15285 5.43409,
	1.2409 5.40933,
	1.28492 5.39833,
	1.30693 5.38732,
	1.39498 5.35981,
	1.48303 5.32404,
	1.65912 5.26626,
	1.74716 5.23599,
	1.83521 5.20022,
	1.92326 5.1562,
	1.96728 5.13969,
	2.0113 5.13144,
	2.05533 5.12869,
	2.07734 5.12869,
	2.12136 5.11768,
	2.16538 5.10117,
	2.1874 5.09292,
	2.23142 5.09016,
	2.25343 5.09016,
	2.27544 5.09842,
	2.28645 5.10117,
	2.30571 5.12043,
	2.31671 5.14244,
	2.32222 5.15345,
	2.33322 5.15895,
	2.33872 5.16445,
	2.34973 5.16721,
	2.37174 5.18371,
	2.38 5.20573,
	2.37724 5.22774,
	2.36899 5.24975,
	2.37174 5.27176,
	2.391 5.29377,
	2.39375 5.30478,
	2.38825 5.32679,
	2.38825 5.3488,
	2.39375 5.37081,
	2.39926 5.38182,
	2.39926 5.38732,
	2.41026 5.39557,
	2.42127 5.41759,
	2.41852 5.46161,
	2.3965 5.50563,
	2.38 5.52764,
	2.33872 5.55241,
	2.31946 5.57442,
	2.2947 5.61844,
	2.2837 5.62945,
	2.27819 5.63495,
	2.23417 5.64871,
	1.88199 5.70374,
	1.83796 5.71199,
	1.74992 5.74776,
	1.70589 5.75876,
	1.66187 5.76152,
	1.61785 5.75876,
	1.5298 5.74226,
	1.48578 5.734,
	1.39773 5.7285,
	1.30969 5.71474,
	1.28767 5.70649,
	1.26566 5.69273,
	1.24365 5.67072,
	1.2354 5.66522,
	1.22439 5.65421,
	1.20238 5.64045,
	1.19688 5.64045,
	1.17487 5.6267,
	1.15285 5.62119,
	1.10883 5.59643,
	1.08682 5.58267,
	1.07856 5.57167,
	1.07581 5.52764,
	1.07581 5.50563,
	1.07581 5.50013,
	"/>
</Transform>

<Transform dim="0"
 xcoef=" 0 1 0 0 0 0"
 ycoef=" 0 0 1 0 0 0">
<Contour name="d04ax21" hidden="false" closed="true" simplified="true" border="0 1 1" fill="0 1 1" mode="-11"
 points="2.21785 6.43754,
	2.21999 6.42898,
	2.23496 6.41401,
	2.24351 6.4076,
	2.38039 6.34985,
	2.44883 6.31563,
	2.51727 6.30066,
	2.55149 6.29852,
	2.5686 6.29852,
	2.60282 6.29211,
	2.61993 6.28783,
	2.62848 6.28355,
	2.63276 6.28355,
	2.63704 6.27927,
	2.67126 6.2643,
	2.70548 6.25361,
	2.77392 6.24291,
	3.04767 6.25361,
	3.08189 6.25575,
	3.11611 6.26644,
	3.15033 6.28569,
	3.21877 6.31563,
	3.23588 6.32205,
	3.25299 6.33274,
	3.26368 6.34985,
	3.2701 6.36696,
	3.27224 6.40118,
	3.26796 6.4354,
	3.26796 6.44395,
	3.26368 6.45251,
	3.26368 6.45679,
	3.23588 6.49101,
	3.22305 6.50598,
	3.21449 6.52309,
	3.21449 6.52736,
	3.2038 6.54447,
	3.16958 6.568,
	3.15247 6.57014,
	3.11825 6.56586,
	3.10114 6.55944,
	3.06692 6.56158,
	3.04981 6.56372,
	3.04126 6.568,
	3.03698 6.568,
	3.02842 6.57442,
	3.01131 6.58083,
	3.00276 6.58083,
	2.9942 6.58511,
	2.92576 6.58511,
	2.90865 6.58725,
	2.9001 6.58725,
	2.86588 6.59794,
	2.84877 6.59794,
	2.81455 6.61291,
	2.806 6.62147,
	2.80172 6.63002,
	2.78461 6.64713,
	2.7675 6.65783,
	2.75039 6.6621,
	2.61351 6.6621,
	2.57929 6.66638,
	2.51085 6.68991,
	2.49374 6.69418,
	2.45952 6.69418,
	2.4253 6.68135,
	2.39109 6.67494,
	2.32265 6.6728,
	2.30554 6.67066,
	2.27132 6.65569,
	2.25421 6.64285,
	2.24565 6.6343,
	2.24565 6.60008,
	2.24565 6.5958,
	2.25635 6.57869,
	2.26276 6.54447,
	2.25849 6.52736,
	2.22854 6.49314,
	2.22427 6.48887,
	2.21785 6.45465,
	2.21785 6.43968,
	"/>
</Transform>

<Transform dim="0"
 xcoef=" 0 1 0 0 0 0"
 ycoef=" 0 0 1 0 0 0">
<Contour name="d04ax19ssvr" hidden="false" closed="true" simplified="false" border="0 1 0" fill="0 1 0" mode="-11"
 points="1.93399 5.22405,
	1.92162 5.21168,
	1.93399 5.19931,
	1.94636 5.21168,
	"/>
<Contour name="d04ax19ssvr" hidden="false" closed="true" simplified="false" border="0 1 0" fill="0 1 0" mode="-11"
 points="1.89864 5.25586,
	1.88627 5.24348,
	1.89864 5.23111,
	1.91101 5.24348,
	"/>
<Contour name="d04ax19ssvr" hidden="false" closed="true" simplified="false" border="0 1 0" fill="0 1 0" mode="-11"
 points="1.90218 5.30357,
	1.88981 5.2912,
	1.90218 5.27883,
	1.91455 5.2912,
	"/>
<Contour name="d04ax19ssvr" hidden="false" closed="true" simplified="false" border="0 1 0" fill="0 1 0" mode="-11"
 points="1.95166 5.28236,
	1.93929 5.26999,
	1.95166 5.25762,
	1.96403 5.26999,
	"/>
<Contour name="d04ax19ssvr" hidden="false" closed="true" simplified="false" border="0 1 0" fill="0 1 0" mode="-11"
 points="1.95696 5.32301,
	1.94459 5.31064,
	1.95696 5.29827,
	1.96933 5.31064,
	"/>
<Contour name="d04ax19ssvr" hidden="false" closed="true" simplified="false" border="0 1 0" fill="0 1 0" mode="-11"
 points="2.01174 5.28943,
	1.99937 5.27706,
	2.01174 5.26469,
	2.02411 5.27706,
	"/>
<Contour name="d04ax19ssvr" hidden="false" closed="true" simplified="false" border="0 1 0" fill="0 1 0" mode="-11"
 points="1.98347 5.27176,
	1.9711 5.25939,
	1.98347 5.24702,
	1.99584 5.25939,
	"/>
<Contour name="d04ax19ssvr" hidden="false" closed="true" simplified="false" border="0 1 0" fill="0 1 0" mode="-11"
 points="2.02411 5.32831,
	2.01174 5.31594,
	2.02411 5.30357,
	2.03648 5.31594,
	"/>
<Contour name="d04ax19ssvr" hidden="false" closed="true" simplified="false" border="0 1 0" fill="0 1 0" mode="-11"
 points="2.07536 5.30534,
	2.06299 5.29297,
	2.07536 5.2806,
	2.08773 5.29297,
	"/>
<Contour name="d04ax19ssvr" hidden="false" closed="true" simplified="false" border="0 1 0" fill="0 1 0" mode="-11"
 points="2.06476 5.26999,
	2.05239 5.25762,
	2.06476 5.24525,
	2.07713 5.25762,
	"/>
<Contour name="d04ax19ssvr" hidden="false" closed="true" simplified="false" border="0 1 0" fill="0 1 0" mode="-11"
 points="2.02235 5.20991,
	2.00997 5.19754,
	2.02235 5.18517,
	2.03472 5.19754,
	"/>
<Contour name="d04ax19ssvr" hidden="false" closed="true" simplified="false" border="0 1 0" fill="0 1 0" mode="-11"
 points="2.12307 5.17456,
	2.1107 5.16219,
	2.12307 5.14982,
	2.13544 5.16219,
	"/>
<Contour name="d04ax19ssvr" hidden="false" closed="true" simplified="false" border="0 1 0" fill="0 1 0" mode="-11"
 points="2.12661 5.26646,
	2.11424 5.25409,
	2.12661 5.24172,
	2.13898 5.25409,
	"/>
<Contour name="d04ax19ssvr" hidden="false" closed="true" simplified="false" border="0 1 0" fill="0 1 0" mode="-11"
 points="2.20083 5.24525,
	2.18846 5.23288,
	2.20083 5.22051,
	2.2132 5.23288,
	"/>
<Contour name="d04ax19ssvr" hidden="false" closed="true" simplified="false" border="0 1 0" fill="0 1 0" mode="-11"
 points="2.19553 5.2859,
	2.18316 5.27353,
	2.19553 5.26116,
	2.2079 5.27353,
	"/>
<Contour name="d04ax19ssvr" hidden="false" closed="true" simplified="false" border="0 1 0" fill="0 1 0" mode="-11"
 points="2.28035 5.23642,
	2.26798 5.22405,
	2.28035 5.21168,
	2.29272 5.22405,
	"/>
<Contour name="d04ax19ssvr" hidden="false" closed="true" simplified="false" border="0 1 0" fill="0 1 0" mode="-11"
 points="2.24854 5.30003,
	2.23617 5.28766,
	2.24854 5.27529,
	2.26091 5.28766,
	"/>
<Contour name="d04ax19ssvr" hidden="false" closed="true" simplified="false" border="0 1 0" fill="0 1 0" mode="-11"
 points="2.2079 5.33184,
	2.19553 5.31947,
	2.2079 5.3071,
	2.22027 5.31947,
	"/>
<Contour name="d04ax19ssvr" hidden="false" closed="true" simplified="false" border="0 1 0" fill="0 1 0" mode="-11"
 points="2.13721 5.31594,
	2.12484 5.30357,
	2.13721 5.2912,
	2.14958 5.30357,
	"/>
<Contour name="d04ax19ssvr" hidden="false" closed="true" simplified="false" border="0 1 0" fill="0 1 0" mode="-11"
 points="2.14605 5.35835,
	2.13368 5.34598,
	2.14605 5.33361,
	2.15842 5.34598,
	"/>
<Contour name="d04ax19ssvr" hidden="false" closed="true" simplified="false" border="0 1 0" fill="0 1 0" mode="-11"
 points="2.20613 5.37602,
	2.19376 5.36365,
	2.20613 5.35128,
	2.2185 5.36365,
	"/>
<Contour name="d04ax19ssvr" hidden="false" closed="true" simplified="false" border="0 1 0" fill="0 1 0" mode="-11"
 points="2.24501 5.39193,
	2.23264 5.37956,
	2.24501 5.36719,
	2.25738 5.37956,
	"/>
<Contour name="d04ax19ssvr" hidden="false" closed="true" simplified="false" border="0 1 0" fill="0 1 0" mode="-11"
 points="2.27859 5.35658,
	2.26622 5.34421,
	2.27859 5.33184,
	2.29096 5.34421,
	"/>
<Contour name="d04ax19ssvr" hidden="false" closed="true" simplified="false" border="0 1 0" fill="0 1 0" mode="-11"
 points="2.28742 5.39723,
	2.27505 5.38486,
	2.28742 5.37249,
	2.29979 5.38486,
	"/>
<Contour name="d04ax19ssvr" hidden="false" closed="true" simplified="false" border="0 1 0" fill="0 1 0" mode="-11"
 points="2.29979 5.43964,
	2.28742 5.42727,
	2.29979 5.4149,
	2.31216 5.42727,
	"/>
<Contour name="d04ax19ssvr" hidden="false" closed="true" simplified="false" border="0 1 0" fill="0 1 0" mode="-11"
 points="2.2291 5.43611,
	2.21673 5.42374,
	2.2291 5.41137,
	2.24148 5.42374,
	"/>
<Contour name="d04ax19ssvr" hidden="false" closed="true" simplified="false" border="0 1 0" fill="0 1 0" mode="-11"
 points="2.17256 5.46438,
	2.16018 5.45201,
	2.17256 5.43964,
	2.18493 5.45201,
	"/>
<Contour name="d04ax19ssvr" hidden="false" closed="true" simplified="false" border="0 1 0" fill="0 1 0" mode="-11"
 points="2.19553 5.51033,
	2.18316 5.49796,
	2.19553 5.48559,
	2.2079 5.49796,
	"/>
<Contour name="d04ax19ssvr" hidden="false" closed="true" simplified="false" border="0 1 0" fill="0 1 0" mode="-11"
 points="2.26091 5.52093,
	2.24854 5.50856,
	2.26091 5.49619,
	2.27328 5.50856,
	"/>
<Contour name="d04ax19ssvr" hidden="false" closed="true" simplified="false" border="0 1 0" fill="0 1 0" mode="-11"
 points="2.26798 5.48205,
	2.25561 5.46968,
	2.26798 5.45731,
	2.28035 5.46968,
	"/>
<Contour name="d04ax19ssvr" hidden="false" closed="true" simplified="false" border="0 1 0" fill="0 1 0" mode="-11"
 points="2.3157 5.49973,
	2.30333 5.48736,
	2.3157 5.47499,
	2.32807 5.48736,
	"/>
<Contour name="d04ax19ssvr" hidden="false" closed="true" simplified="false" border="0 1 0" fill="0 1 0" mode="-11"
 points="2.16018 5.41667,
	2.14781 5.4043,
	2.16018 5.39193,
	2.17256 5.4043,
	"/>
<Contour name="d04ax19ssvr" hidden="false" closed="true" simplified="false" border="0 1 0" fill="0 1 0" mode="-11"
 points="2.1001 5.39016,
	2.08773 5.37779,
	2.1001 5.36542,
	2.11247 5.37779,
	"/>
<Contour name="d04ax19ssvr" hidden="false" closed="true" simplified="false" border="0 1 0" fill="0 1 0" mode="-11"
 points="2.09833 5.43611,
	2.08596 5.42374,
	2.09833 5.41137,
	2.1107 5.42374,
	"/>
<Contour name="d04ax19ssvr" hidden="false" closed="true" simplified="false" border="0 1 0" fill="0 1 0" mode="-11"
 points="2.08773 5.34775,
	2.07536 5.33538,
	2.08773 5.32301,
	2.1001 5.33538,
	"/>
<Contour name="d04ax19ssvr" hidden="false" closed="true" simplified="false" border="0 1 0" fill="0 1 0" mode="-11"
 points="2.03295 5.37249,
	2.02058 5.36012,
	2.03295 5.34775,
	2.04532 5.36012,
	"/>
<Contour name="d04ax19ssvr" hidden="false" closed="true" simplified="false" border="0 1 0" fill="0 1 0" mode="-11"
 points="2.04002 5.4255,
	2.02765 5.41313,
	2.04002 5.40076,
	2.05239 5.41313,
	"/>
<Contour name="d04ax19ssvr" hidden="false" closed="true" simplified="false" border="0 1 0" fill="0 1 0" mode="-11"
 points="1.9764 5.40783,
	1.96403 5.39546,
	1.9764 5.38309,
	1.98877 5.39546,
	"/>
<Contour name="d04ax19ssvr" hidden="false" closed="true" simplified="false" border="0 1 0" fill="0 1 0" mode="-11"
 points="1.97286 5.36542,
	1.96049 5.35305,
	1.97286 5.34068,
	1.98523 5.35305,
	"/>
<Contour name="d04ax19ssvr" hidden="false" closed="true" simplified="false" border="0 1 0" fill="0 1 0" mode="-11"
 points="1.91808 5.35128,
	1.90571 5.33891,
	1.91808 5.32654,
	1.93045 5.33891,
	"/>
<Contour name="d04ax19ssvr" hidden="false" closed="true" simplified="false" border="0 1 0" fill="0 1 0" mode="-11"
 points="1.91985 5.39369,
	1.90748 5.38132,
	1.91985 5.36895,
	1.93222 5.38132,
	"/>
<Contour name="d04ax19ssvr" hidden="false" closed="true" simplified="false" border="0 1 0" fill="0 1 0" mode="-11"
 points="1.87037 5.40253,
	1.858 5.39016,
	1.87037 5.37779,
	1.88274 5.39016,
	"/>
<Contour name="d04ax19ssvr" hidden="false" closed="true" simplified="false" border="0 1 0" fill="0 1 0" mode="-11"
 points="1.87744 5.37779,
	1.86507 5.36542,
	1.87744 5.35305,
	1.88981 5.36542,
	"/>
<Contour name="d04ax19ssvr" hidden="false" closed="true" simplified="false" border="0 1 0" fill="0 1 0" mode="-11"
 points="1.87567 5.33361,
	1.8633 5.32124,
	1.87567 5.30887,
	1.88804 5.32124,
	"/>
<Contour name="d04ax19ssvr" hidden="false" closed="true" simplified="false" border="0 1 0" fill="0 1 0" mode="-11"
 points="1.84209 5.29297,
	1.82972 5.2806,
	1.84209 5.26823,
	1.85446 5.2806,
	"/>
<Contour name="d04ax19ssvr" hidden="false" closed="true" simplified="false" border="0 1 0" fill="0 1 0" mode="-11"
 points="1.79968 5.32654,
	1.78731 5.31417,
	1.79968 5.3018,
	1.81205 5.31417,
	"/>
<Contour name="d04ax19ssvr" hidden="false" closed="true" simplified="false" border="0 1 0" fill="0 1 0" mode="-11"
 points="1.81735 5.36189,
	1.80498 5.34952,
	1.81735 5.33715,
	1.82972 5.34952,
	"/>
<Contour name="d04ax19ssvr" hidden="false" closed="true" simplified="false" border="0 1 0" fill="0 1 0" mode="-11"
 points="1.7449 5.35482,
	1.73253 5.34245,
	1.7449 5.33008,
	1.75727 5.34245,
	"/>
<Contour name="d04ax19ssvr" hidden="false" closed="true" simplified="false" border="0 1 0" fill="0 1 0" mode="-11"
 points="1.72546 5.31417,
	1.71309 5.3018,
	1.72546 5.28943,
	1.73783 5.3018,
	"/>
<Contour name="d04ax19ssvr" hidden="false" closed="true" simplified="false" border="0 1 0" fill="0 1 0" mode="-11"
 points="1.77317 5.2806,
	1.7608 5.26823,
	1.77317 5.25586,
	1.78554 5.26823,
	"/>
<Contour name="d04ax19ssvr" hidden="false" closed="true" simplified="false" border="0 1 0" fill="0 1 0" mode="-11"
 points="1.66714 5.33891,
	1.65477 5.32654,
	1.66714 5.31417,
	1.67951 5.32654,
	"/>
<Contour name="d04ax19ssvr" hidden="false" closed="true" simplified="false" border="0 1 0" fill="0 1 0" mode="-11"
 points="1.69895 5.38839,
	1.68658 5.37602,
	1.69895 5.36365,
	1.71132 5.37602,
	"/>
<Contour name="d04ax19ssvr" hidden="false" closed="true" simplified="false" border="0 1 0" fill="0 1 0" mode="-11"
 points="1.6371 5.37602,
	1.62473 5.36365,
	1.6371 5.35128,
	1.64947 5.36365,
	"/>
<Contour name="d04ax19ssvr" hidden="false" closed="true" simplified="false" border="0 1 0" fill="0 1 0" mode="-11"
 points="1.58939 5.35305,
	1.57702 5.34068,
	1.58939 5.32831,
	1.60176 5.34068,
	"/>
<Contour name="d04ax19ssvr" hidden="false" closed="true" simplified="false" border="0 1 0" fill="0 1 0" mode="-11"
 points="1.58055 5.4043,
	1.56818 5.39193,
	1.58055 5.37956,
	1.59292 5.39193,
	"/>
<Contour name="d04ax19ssvr" hidden="false" closed="true" simplified="false" border="0 1 0" fill="0 1 0" mode="-11"
 points="1.61413 5.45201,
	1.60176 5.43964,
	1.61413 5.42727,
	1.6265 5.43964,
	"/>
<Contour name="d04ax19ssvr" hidden="false" closed="true" simplified="false" border="0 1 0" fill="0 1 0" mode="-11"
 points="1.67951 5.46261,
	1.66714 5.45024,
	1.67951 5.43787,
	1.69188 5.45024,
	"/>
<Contour name="d04ax19ssvr" hidden="false" closed="true" simplified="false" border="0 1 0" fill="0 1 0" mode="-11"
 points="1.72369 5.42727,
	1.71132 5.4149,
	1.72369 5.40253,
	1.73606 5.4149,
	"/>
<Contour name="d04ax19ssvr" hidden="false" closed="true" simplified="false" border="0 1 0" fill="0 1 0" mode="-11"
 points="1.65124 5.4149,
	1.63887 5.40253,
	1.65124 5.39016,
	1.66361 5.40253,
	"/>
<Contour name="d04ax19ssvr" hidden="false" closed="true" simplified="false" border="0 1 0" fill="0 1 0" mode="-11"
 points="1.7661 5.39546,
	1.75373 5.38309,
	1.7661 5.37072,
	1.77847 5.38309,
	"/>
<Contour name="d04ax19ssvr" hidden="false" closed="true" simplified="false" border="0 1 0" fill="0 1 0" mode="-11"
 points="1.78378 5.44848,
	1.77141 5.43611,
	1.78378 5.42374,
	1.79615 5.43611,
	"/>
<Contour name="d04ax19ssvr" hidden="false" closed="true" simplified="false" border="0 1 0" fill="0 1 0" mode="-11"
 points="1.82619 5.4149,
	1.81382 5.40253,
	1.82619 5.39016,
	1.83856 5.40253,
	"/>
<Contour name="d04ax19ssvr" hidden="false" closed="true" simplified="false" border="0 1 0" fill="0 1 0" mode="-11"
 points="1.84209 5.45908,
	1.82972 5.44671,
	1.84209 5.43434,
	1.85446 5.44671,
	"/>
<Contour name="d04ax19ssvr" hidden="false" closed="true" simplified="false" border="0 1 0" fill="0 1 0" mode="-11"
 points="1.87567 5.43611,
	1.8633 5.42374,
	1.87567 5.41137,
	1.88804 5.42374,
	"/>
<Contour name="d04ax19ssvr" hidden="false" closed="true" simplified="false" border="0 1 0" fill="0 1 0" mode="-11"
 points="1.87567 5.47852,
	1.8633 5.46615,
	1.87567 5.45378,
	1.88804 5.46615,
	"/>
<Contour name="d04ax19ssvr" hidden="false" closed="true" simplified="false" border="0 1 0" fill="0 1 0" mode="-11"
 points="1.93045 5.44848,
	1.91808 5.43611,
	1.93045 5.42374,
	1.94282 5.43611,
	"/>
<Contour name="d04ax19ssvr" hidden="false" closed="true" simplified="false" border="0 1 0" fill="0 1 0" mode="-11"
 points="1.92692 5.49266,
	1.91455 5.48029,
	1.92692 5.46792,
	1.93929 5.48029,
	"/>
<Contour name="d04ax19ssvr" hidden="false" closed="true" simplified="false" border="0 1 0" fill="0 1 0" mode="-11"
 points="1.98523 5.46085,
	1.97286 5.44848,
	1.98523 5.43611,
	1.9976 5.44848,
	"/>
<Contour name="d04ax19ssvr" hidden="false" closed="true" simplified="false" border="0 1 0" fill="0 1 0" mode="-11"
 points="1.99054 5.50326,
	1.97817 5.49089,
	1.99054 5.47852,
	2.00291 5.49089,
	"/>
<Contour name="d04ax19ssvr" hidden="false" closed="true" simplified="false" border="0 1 0" fill="0 1 0" mode="-11"
 points="2.03825 5.47322,
	2.02588 5.46085,
	2.03825 5.44848,
	2.05062 5.46085,
	"/>
<Contour name="d04ax19ssvr" hidden="false" closed="true" simplified="false" border="0 1 0" fill="0 1 0" mode="-11"
 points="2.06122 5.51916,
	2.04885 5.50679,
	2.06122 5.49442,
	2.07359 5.50679,
	"/>
<Contour name="d04ax19ssvr" hidden="false" closed="true" simplified="false" border="0 1 0" fill="0 1 0" mode="-11"
 points="2.10717 5.48912,
	2.0948 5.47675,
	2.10717 5.46438,
	2.11954 5.47675,
	"/>
<Contour name="d04ax19ssvr" hidden="false" closed="true" simplified="false" border="0 1 0" fill="0 1 0" mode="-11"
 points="2.12484 5.53684,
	2.11247 5.52447,
	2.12484 5.5121,
	2.13721 5.52447,
	"/>
<Contour name="d04ax19ssvr" hidden="false" closed="true" simplified="false" border="0 1 0" fill="0 1 0" mode="-11"
 points="2.18669 5.58455,
	2.17432 5.57218,
	2.18669 5.55981,
	2.19906 5.57218,
	"/>
<Contour name="d04ax19ssvr" hidden="false" closed="true" simplified="false" border="0 1 0" fill="0 1 0" mode="-11"
 points="2.00291 5.55628,
	1.99054 5.5439,
	2.00291 5.53153,
	2.01528 5.5439,
	"/>
<Contour name="d04ax19ssvr" hidden="false" closed="true" simplified="false" border="0 1 0" fill="0 1 0" mode="-11"
 points="1.95519 5.57925,
	1.94282 5.56688,
	1.95519 5.55451,
	1.96756 5.56688,
	"/>
<Contour name="d04ax19ssvr" hidden="false" closed="true" simplified="false" border="0 1 0" fill="0 1 0" mode="-11"
 points="1.89157 5.58808,
	1.8792 5.57571,
	1.89157 5.56334,
	1.90394 5.57571,
	"/>
<Contour name="d04ax19ssvr" hidden="false" closed="true" simplified="false" border="0 1 0" fill="0 1 0" mode="-11"
 points="1.89157 5.53684,
	1.8792 5.52447,
	1.89157 5.5121,
	1.90394 5.52447,
	"/>
<Contour name="d04ax19ssvr" hidden="false" closed="true" simplified="false" border="0 1 0" fill="0 1 0" mode="-11"
 points="1.84209 5.51563,
	1.82972 5.50326,
	1.84209 5.49089,
	1.85446 5.50326,
	"/>
<Contour name="d04ax19ssvr" hidden="false" closed="true" simplified="false" border="0 1 0" fill="0 1 0" mode="-11"
 points="1.83856 5.54921,
	1.82619 5.53684,
	1.83856 5.52447,
	1.85093 5.53684,
	"/>
<Contour name="d04ax19ssvr" hidden="false" closed="true" simplified="false" border="0 1 0" fill="0 1 0" mode="-11"
 points="1.85093 5.58808,
	1.83856 5.57571,
	1.85093 5.56334,
	1.8633 5.57571,
	"/>
<Contour name="d04ax19ssvr" hidden="false" closed="true" simplified="false" border="0 1 0" fill="0 1 0" mode="-11"
 points="1.79438 5.54567,
	1.78201 5.5333,
	1.79438 5.52093,
	1.80675 5.5333,
	"/>
<Contour name="d04ax19ssvr" hidden="false" closed="true" simplified="false" border="0 1 0" fill="0 1 0" mode="-11"
 points="1.78908 5.49796,
	1.77671 5.48559,
	1.78908 5.47322,
	1.80145 5.48559,
	"/>
<Contour name="d04ax19ssvr" hidden="false" closed="true" simplified="false" border="0 1 0" fill="0 1 0" mode="-11"
 points="1.67951 5.5121,
	1.66714 5.49973,
	1.67951 5.48736,
	1.69188 5.49973,
	"/>
<Contour name="d04ax19ssvr" hidden="false" closed="true" simplified="false" border="0 1 0" fill="0 1 0" mode="-11"
 points="1.71662 5.52977,
	1.70425 5.5174,
	1.71662 5.50503,
	1.72899 5.5174,
	"/>
<Contour name="d04ax19ssvr" hidden="false" closed="true" simplified="false" border="0 1 0" fill="0 1 0" mode="-11"
 points="1.73076 5.57218,
	1.71839 5.55981,
	1.73076 5.54744,
	1.74313 5.55981,
	"/>
<Contour name="d04ax19ssvr" hidden="false" closed="true" simplified="false" border="0 1 0" fill="0 1 0" mode="-11"
 points="1.66007 5.56334,
	1.6477 5.55097,
	1.66007 5.5386,
	1.67244 5.55097,
	"/>
<Contour name="d04ax19ssvr" hidden="false" closed="true" simplified="false" border="0 1 0" fill="0 1 0" mode="-11"
 points="1.57878 5.54037,
	1.56641 5.528,
	1.57878 5.51563,
	1.59115 5.528,
	"/>
<Contour name="d04ax19ssvr" hidden="false" closed="true" simplified="false" border="0 1 0" fill="0 1 0" mode="-11"
 points="1.58762 5.59692,
	1.57525 5.58455,
	1.58762 5.57218,
	1.59999 5.58455,
	"/>
<Contour name="d04ax19ssvr" hidden="false" closed="true" simplified="false" border="0 1 0" fill="0 1 0" mode="-11"
 points="1.64063 5.6252,
	1.62826 5.61282,
	1.64063 5.60045,
	1.65301 5.61282,
	"/>
<Contour name="d04ax19ssvr" hidden="false" closed="true" simplified="false" border="0 1 0" fill="0 1 0" mode="-11"
 points="1.70072 5.61813,
	1.68835 5.60576,
	1.70072 5.59339,
	1.71309 5.60576,
	"/>
<Contour name="d04ax19ssvr" hidden="false" closed="true" simplified="false" border="0 1 0" fill="0 1 0" mode="-11"
 points="1.76257 5.6517,
	1.7502 5.63933,
	1.76257 5.62696,
	1.77494 5.63933,
	"/>
<Contour name="d04ax19ssvr" hidden="false" closed="true" simplified="false" border="0 1 0" fill="0 1 0" mode="-11"
 points="1.80498 5.62696,
	1.79261 5.61459,
	1.80498 5.60222,
	1.81735 5.61459,
	"/>
<Contour name="d04ax19ssvr" hidden="false" closed="true" simplified="false" border="0 1 0" fill="0 1 0" mode="-11"
 points="1.77494 5.59692,
	1.76257 5.58455,
	1.77494 5.57218,
	1.78731 5.58455,
	"/>
<Contour name="d04ax19ssvr" hidden="false" closed="true" simplified="false" border="0 1 0" fill="0 1 0" mode="-11"
 points="1.89688 5.63933,
	1.88451 5.62696,
	1.89688 5.61459,
	1.90925 5.62696,
	"/>
<Contour name="d04ax19ssvr" hidden="false" closed="true" simplified="false" border="0 1 0" fill="0 1 0" mode="-11"
 points="1.858 5.61813,
	1.84563 5.60576,
	1.858 5.59339,
	1.87037 5.60576,
	"/>
<Contour name="d04ax19ssvr" hidden="false" closed="true" simplified="false" border="0 1 0" fill="0 1 0" mode="-11"
 points="1.58232 5.69765,
	1.56995 5.68528,
	1.58232 5.67291,
	1.59469 5.68528,
	"/>
<Contour name="d04ax19ssvr" hidden="false" closed="true" simplified="false" border="0 1 0" fill="0 1 0" mode="-11"
 points="1.54874 5.65877,
	1.53637 5.6464,
	1.54874 5.63403,
	1.56111 5.6464,
	"/>
<Contour name="d04ax19ssvr" hidden="false" closed="true" simplified="false" border="0 1 0" fill="0 1 0" mode="-11"
 points="1.73253 5.47675,
	1.72016 5.46438,
	1.73253 5.45201,
	1.7449 5.46438,
	"/>
<Contour name="d04ax19ssvr" hidden="false" closed="true" simplified="false" border="0 1 0" fill="0 1 0" mode="-11"
 points="1.46215 5.41137,
	1.44978 5.399,
	1.46215 5.38663,
	1.47452 5.399,
	"/>
</Transform>

<Transform dim="0"
 xcoef=" 0 1 0 0 0 0"
 ycoef=" 0 0 1 0 0 0">
<Contour name="d04ax21ssvr" hidden="false" closed="true" simplified="false" border="0 1 0" fill="0 1 0" mode="-11"
 points="2.78145 6.37308,
	2.76932 6.36095,
	2.78145 6.34882,
	2.79358 6.36095,
	"/>
<Contour name="d04ax21ssvr" hidden="false" closed="true" simplified="false" border="0 1 0" fill="0 1 0" mode="-11"
 points="2.72945 6.38175,
	2.71732 6.36962,
	2.72945 6.35748,
	2.74159 6.36962,
	"/>
<Contour name="d04ax21ssvr" hidden="false" closed="true" simplified="false" border="0 1 0" fill="0 1 0" mode="-11"
 points="2.69479 6.45455,
	2.68266 6.44241,
	2.69479 6.43028,
	2.70692 6.44241,
	"/>
<Contour name="d04ax21ssvr" hidden="false" closed="true" simplified="false" border="0 1 0" fill="0 1 0" mode="-11"
 points="2.58039 6.45108,
	2.56826 6.43895,
	2.58039 6.42681,
	2.59253 6.43895,
	"/>
<Contour name="d04ax21ssvr" hidden="false" closed="true" simplified="false" border="0 1 0" fill="0 1 0" mode="-11"
 points="2.50587 6.44415,
	2.49373 6.43201,
	2.50587 6.41988,
	2.518 6.43201,
	"/>
<Contour name="d04ax21ssvr" hidden="false" closed="true" simplified="false" border="0 1 0" fill="0 1 0" mode="-11"
 points="2.58386 6.49268,
	2.57173 6.48054,
	2.58386 6.46841,
	2.59599 6.48054,
	"/>
<Contour name="d04ax21ssvr" hidden="false" closed="true" simplified="false" border="0 1 0" fill="0 1 0" mode="-11"
 points="2.5544 6.53427,
	2.54226 6.52214,
	2.5544 6.51001,
	2.56653 6.52214,
	"/>
<Contour name="d04ax21ssvr" hidden="false" closed="true" simplified="false" border="0 1 0" fill="0 1 0" mode="-11"
 points="2.57173 6.56201,
	2.5596 6.54987,
	2.57173 6.53774,
	2.58386 6.54987,
	"/>
<Contour name="d04ax21ssvr" hidden="false" closed="true" simplified="false" border="0 1 0" fill="0 1 0" mode="-11"
 points="2.55266 6.60534,
	2.54053 6.59321,
	2.55266 6.58107,
	2.5648 6.59321,
	"/>
<Contour name="d04ax21ssvr" hidden="false" closed="true" simplified="false" border="0 1 0" fill="0 1 0" mode="-11"
 points="2.50413 6.57067,
	2.492 6.55854,
	2.50413 6.54641,
	2.51626 6.55854,
	"/>
<Contour name="d04ax21ssvr" hidden="false" closed="true" simplified="false" border="0 1 0" fill="0 1 0" mode="-11"
 points="2.46253 6.54294,
	2.4504 6.53081,
	2.46253 6.51868,
	2.47467 6.53081,
	"/>
<Contour name="d04ax21ssvr" hidden="false" closed="true" simplified="false" border="0 1 0" fill="0 1 0" mode="-11"
 points="2.63759 6.57934,
	2.62546 6.56721,
	2.63759 6.55507,
	2.64972 6.56721,
	"/>
<Contour name="d04ax21ssvr" hidden="false" closed="true" simplified="false" border="0 1 0" fill="0 1 0" mode="-11"
 points="2.69132 6.51868,
	2.67919 6.50654,
	2.69132 6.49441,
	2.70345 6.50654,
	"/>
<Contour name="d04ax21ssvr" hidden="false" closed="true" simplified="false" border="0 1 0" fill="0 1 0" mode="-11"
 points="2.78665 6.46321,
	2.77452 6.45108,
	2.78665 6.43895,
	2.79878 6.45108,
	"/>
<Contour name="d04ax21ssvr" hidden="false" closed="true" simplified="false" border="0 1 0" fill="0 1 0" mode="-11"
 points="3.05184 6.34708,
	3.0397 6.33495,
	3.05184 6.32282,
	3.06397 6.33495,
	"/>
<Contour name="d04ax21ssvr" hidden="false" closed="true" simplified="false" border="0 1 0" fill="0 1 0" mode="-11"
 points="3.14543 6.38002,
	3.1333 6.36788,
	3.14543 6.35575,
	3.15756 6.36788,
	"/>
<Contour name="d04ax21ssvr" hidden="false" closed="true" simplified="false" border="0 1 0" fill="0 1 0" mode="-11"
 points="3.1437 6.42681,
	3.13157 6.41468,
	3.1437 6.40255,
	3.15583 6.41468,
	"/>
<Contour name="d04ax21ssvr" hidden="false" closed="true" simplified="false" border="0 1 0" fill="0 1 0" mode="-11"
 points="3.0865 6.46321,
	3.07437 6.45108,
	3.0865 6.43895,
	3.09863 6.45108,
	"/>
<Contour name="d04ax21ssvr" hidden="false" closed="true" simplified="false" border="0 1 0" fill="0 1 0" mode="-11"
 points="3.01024 6.41468,
	2.99811 6.40255,
	3.01024 6.39042,
	3.02237 6.40255,
	"/>
</Transform>

<Transform dim="0"
 xcoef=" 0 1 0 0 0 0"
 ycoef=" 0 0 1 0 0 0">
<Contour name="d01ax25" hidden="false" closed="true" simplified="true" border="1 0 1" fill="1 0 1" mode="11"
 points="3.57051 2.97333,
	3.58309 2.94819,
	3.59566 2.93876,
	3.64595 2.92304,
	3.69624 2.91362,
	3.74653 2.91676,
	3.77167 2.92304,
	3.87225 2.92304,
	3.92254 2.93247,
	3.94768 2.93562,
	3.99797 2.95133,
	4.04826 2.95448,
	4.0734 2.94505,
	4.09855 2.92933,
	4.10483 2.92933,
	4.11112 2.92304,
	4.11741 2.92304,
	4.13941 2.90733,
	4.16455 2.8979,
	4.17712 2.89476,
	4.18341 2.89161,
	4.20856 2.90419,
	4.21484 2.90419,
	4.22427 2.91362,
	4.23684 2.91676,
	4.26199 2.93247,
	4.27456 2.9419,
	4.30285 2.98591,
	4.30285 2.99848,
	4.2777 3.04877,
	4.25884 3.07077,
	4.15827 3.11163,
	4.10798 3.14306,
	4.08283 3.15563,
	4.03254 3.17135,
	4.01054 3.18706,
	4.00111 3.19963,
	3.99483 3.20592,
	3.96968 3.20906,
	3.86911 3.18706,
	3.84396 3.18706,
	3.81882 3.18078,
	3.80624 3.17449,
	3.75595 3.17763,
	3.73081 3.17763,
	3.70567 3.17135,
	3.70252 3.16506,
	3.67738 3.15563,
	3.65852 3.13992,
	3.62395 3.09277,
	3.57994 3.04248,
	3.57051 2.99219,
	3.57051 2.97962,
	3.57051 2.97648,
	"/>
</Transform>

<Transform dim="0"
 xcoef=" 0 1 0 0 0 0"
 ycoef=" 0 0 1 0 0 0">
<Contour name="d04cfa19b" hidden="false" closed="false" simplified="false" border="0 1 0" fill="0 1 0" mode="11"
 points="2.06524 5.67517,
	1.99815 5.68458,
	1.92398 5.69165,
	"/>
</Transform>

</Section>