<?xml version="1.0"?>
<!DOCTYPE Section SYSTEM "section.dtd">

<Section index="81" thickness="0.0532092" alignLocked="true">
<Transform dim="0"
 xcoef=" 0 1 0 0 0 0"
 ycoef=" 0 0 1 0 0 0">
<Contour name="mito7" hidden="false" closed="false" simplified="true" border="1 0 1" fill="1 0 1" mode="9"
 points="4.16078 5.04255,
	4.09764 4.84659,
	"/>
</Transform>

<Transform dim="0"
 xcoef=" 0 1 0 0 0 0"
 ycoef=" 0 0 1 0 0 0">
<Contour name="Ax01" hidden="false" closed="true" simplified="true" border="1 0.5 0" fill="1 0.5 0" mode="11"
 points="5.82391 4.11779,
	5.84443 4.10496,
	5.86496 4.09726,
	5.87009 4.09726,
	5.87522 4.09213,
	5.88548 4.08957,
	5.89575 4.08187,
	5.91627 4.07674,
	5.9214 4.07161,
	5.96245 4.06391,
	6.0035 4.06134,
	6.04455 4.06647,
	6.06508 4.06647,
	6.14718 4.04338,
	6.18823 4.03569,
	6.22927 4.02286,
	6.27032 4.01516,
	6.31137 4.01516,
	6.3319 4.0126,
	6.34216 4.01003,
	6.34729 4.0049,
	6.38834 4.0049,
	6.42939 3.9972,
	6.47044 3.99977,
	6.4807 4.0049,
	6.52175 4.01003,
	6.53202 4.0126,
	6.57307 4.0049,
	6.59359 4.0049,
	6.60385 4.00747,
	6.62438 4.02286,
	6.65003 4.06391,
	6.65516 4.06904,
	6.65516 4.07417,
	6.61411 4.09213,
	6.59359 4.09983,
	6.51149 4.11266,
	6.49097 4.11779,
	6.44992 4.14088,
	6.43965 4.14857,
	6.3986 4.16397,
	6.35755 4.17166,
	6.35242 4.17166,
	6.33446 4.18962,
	6.31651 4.20245,
	6.27546 4.20502,
	6.26519 4.21015,
	6.25237 4.22811,
	6.23184 4.23837,
	6.19079 4.24607,
	6.14974 4.24863,
	6.06764 4.24094,
	6.04712 4.23324,
	6.03685 4.22811,
	6.03172 4.22811,
	6.02659 4.22298,
	6.00607 4.21785,
	5.96502 4.19732,
	5.95989 4.19732,
	5.95732 4.19219,
	5.91627 4.1768,
	5.87522 4.16653,
	5.8547 4.16397,
	5.83417 4.15114,
	5.82648 4.14088,
	5.82391 4.12035,
	"/>
</Transform>

<Transform dim="0"
 xcoef=" 0 1 0 0 0 0"
 ycoef=" 0 0 1 0 0 0">
<Contour name="Ax01B01ssrv29" hidden="false" closed="true" simplified="false" border="0.5 0 1" fill="0.5 0 1" mode="13"
 points="6.40807 4.10287,
	6.40142 4.10066,
	6.40807 4.09844,
	6.40364 4.0918,
	6.41028 4.09623,
	6.41249 4.08959,
	6.41471 4.09623,
	6.42135 4.0918,
	6.41692 4.09844,
	6.42357 4.10066,
	6.41692 4.10287,
	6.42135 4.10952,
	6.41471 4.10509,
	6.41249 4.11173,
	6.41028 4.10509,
	6.40364 4.10952,
	"/>
<Contour name="Ax01B01ssrv30" hidden="false" closed="true" simplified="false" border="0.5 0 1" fill="0.5 0 1" mode="13"
 points="6.33055 4.08959,
	6.32391 4.08737,
	6.33055 4.08516,
	6.32612 4.07851,
	6.33277 4.08294,
	6.33498 4.0763,
	6.3372 4.08294,
	6.34384 4.07851,
	6.33941 4.08516,
	6.34606 4.08737,
	6.33941 4.08959,
	6.34384 4.09623,
	6.3372 4.0918,
	6.33498 4.09844,
	6.33277 4.0918,
	6.32612 4.09623,
	"/>
<Contour name="Ax01B01ssrv31" hidden="false" closed="true" simplified="false" border="0.5 0 1" fill="0.5 0 1" mode="13"
 points="6.22425 4.06522,
	6.21761 4.06301,
	6.22425 4.0608,
	6.21982 4.05415,
	6.22647 4.05858,
	6.22868 4.05194,
	6.2309 4.05858,
	6.23754 4.05415,
	6.23311 4.0608,
	6.23975 4.06301,
	6.23311 4.06522,
	6.23754 4.07187,
	6.2309 4.06744,
	6.22868 4.07408,
	6.22647 4.06744,
	6.21982 4.07187,
	"/>
</Transform>

<Transform dim="0"
 xcoef=" 0 1 0 0 0 0"
 ycoef=" 0 0 1 0 0 0">
<Contour name="Ax02" hidden="false" closed="true" simplified="true" border="0.5 0 1" fill="0.5 0 1" mode="11"
 points="-0.973583 1.70022,
	-0.967906 1.67752,
	-0.956553 1.65481,
	-0.939522 1.63494,
	-0.916815 1.61791,
	-0.894107 1.60655,
	-0.848692 1.5952,
	-0.825985 1.59236,
	-0.78057 1.57817,
	-0.68974 1.5583,
	-0.644325 1.54979,
	-0.553495 1.54411,
	-0.371835 1.54695,
	-0.281005 1.55262,
	-0.190175 1.55262,
	-0.0993452 1.54411,
	-0.0539303 1.53843,
	-0.0312228 1.53843,
	0.0596071 1.51856,
	0.105022 1.50437,
	0.150437 1.49869,
	0.241267 1.50153,
	0.263974 1.50437,
	0.286682 1.51289,
	0.298036 1.51572,
	0.303713 1.5214,
	0.349128 1.53843,
	0.354804 1.54411,
	0.377512 1.54979,
	0.388866 1.5583,
	0.434281 1.57533,
	0.456988 1.58101,
	0.479696 1.58101,
	0.502403 1.58669,
	0.50808 1.59236,
	0.553495 1.60939,
	0.576202 1.62075,
	0.581879 1.62075,
	0.587556 1.62642,
	0.59891 1.62926,
	0.618779 1.64345,
	0.641486 1.64913,
	0.732316 1.65197,
	0.755024 1.65197,
	0.777731 1.65765,
	0.823146 1.65765,
	0.868561 1.66616,
	0.891269 1.67184,
	0.913976 1.67184,
	0.936684 1.68035,
	1.02751 1.69455,
	1.07293 1.70874,
	1.11834 1.71158,
	1.1297 1.71725,
	1.22053 1.72009,
	1.26594 1.72293,
	1.31136 1.73428,
	1.33406 1.74564,
	1.33974 1.74564,
	1.37948 1.7797,
	1.41354 1.82228,
	1.41638 1.83363,
	1.43057 1.85634,
	1.43341 1.87904,
	1.43057 1.8904,
	1.43057 1.89607,
	1.42489 1.90175,
	1.45044 1.94433,
	1.46179 1.96704,
	1.46747 1.97839,
	1.47315 1.98407,
	1.47315 1.98974,
	1.48166 2.0011,
	1.4845 2.01245,
	1.49869 2.03516,
	1.51289 2.08057,
	1.51572 2.10328,
	1.51572 2.11463,
	1.4845 2.15721,
	1.47882 2.16289,
	1.29716 2.16005,
	1.20633 2.15437,
	1.16092 2.15437,
	1.13821 2.15437,
	1.1155 2.1487,
	1.0928 2.13734,
	1.08144 2.13734,
	1.07009 2.13166,
	1.02468 2.13166,
	1.00197 2.12883,
	0.990614 2.12599,
	0.967906 2.1118,
	0.922491 2.10612,
	0.877076 2.08909,
	0.854369 2.07773,
	0.848692 2.07773,
	0.843015 2.07206,
	0.7976 2.0607,
	0.755024 2.04367,
	0.709609 2.03232,
	0.686901 2.0238,
	0.675548 2.02097,
	0.669871 2.02097,
	0.658517 2.01245,
	0.613102 1.99258,
	0.607425 1.9869,
	0.56201 1.97839,
	0.542141 1.96987,
	0.522272 1.95568,
	0.510918 1.95,
	0.468342 1.90743,
	0.445634 1.89324,
	0.354804 1.86201,
	0.343451 1.86201,
	0.298036 1.84214,
	0.275328 1.83079,
	0.263974 1.82511,
	0.21856 1.82511,
	0.173145 1.81944,
	0.12773 1.81944,
	0.0368997 1.81092,
	-0.0539303 1.81944,
	-0.0993452 1.82795,
	-0.190175 1.83079,
	-0.212883 1.83079,
	-0.258298 1.81376,
	-0.303713 1.82228,
	-0.315066 1.82228,
	-0.32642 1.82795,
	-0.41725 1.83647,
	-0.59891 1.83079,
	-0.78057 1.81376,
	-0.8714 1.81376,
	-0.882753 1.81376,
	-0.88843 1.81944,
	-0.911138 1.81944,
	-0.933845 1.82511,
	-0.956553 1.80808,
	-0.970745 1.78538,
	-0.973583 1.73996,
	-0.973583 1.71725,
	-0.973583 1.7059,
	-0.973583 1.70306,
	"/>
</Transform>

<Transform dim="0"
 xcoef=" 0 1 0 0 0 0"
 ycoef=" 0 0 1 0 0 0">
<Contour name="Ax02B01ssrv104" hidden="false" closed="true" simplified="false" border="0.5 0 1" fill="0.5 0 1" mode="13"
 points="0.723557 1.69554,
	0.714599 1.69255,
	0.723557 1.68957,
	0.717585 1.68061,
	0.726543 1.68658,
	0.729528 1.67762,
	0.732514 1.68658,
	0.741472 1.68061,
	0.7355 1.68957,
	0.744458 1.69255,
	0.7355 1.69554,
	0.741472 1.7045,
	0.732514 1.69852,
	0.729528 1.70748,
	0.726543 1.69852,
	0.717585 1.7045,
	"/>
<Contour name="Ax02B01ssrv105" hidden="false" closed="true" simplified="false" border="0.5 0 1" fill="0.5 0 1" mode="13"
 points="0.848961 1.7463,
	0.840004 1.74331,
	0.848961 1.74033,
	0.84299 1.73137,
	0.851947 1.73734,
	0.854933 1.72838,
	0.857919 1.73734,
	0.866876 1.73137,
	0.860905 1.74033,
	0.869862 1.74331,
	0.860905 1.7463,
	0.866876 1.75525,
	0.857919 1.74928,
	0.854933 1.75824,
	0.851947 1.74928,
	0.84299 1.75525,
	"/>
<Contour name="Ax02B01ssrv106" hidden="false" closed="true" simplified="false" border="0.5 0 1" fill="0.5 0 1" mode="13"
 points="0.837018 1.80004,
	0.828061 1.79706,
	0.837018 1.79407,
	0.831046 1.78511,
	0.840004 1.79108,
	0.84299 1.78213,
	0.845976 1.79108,
	0.854933 1.78511,
	0.848961 1.79407,
	0.857919 1.79706,
	0.848961 1.80004,
	0.854933 1.809,
	0.845976 1.80303,
	0.84299 1.81199,
	0.840004 1.80303,
	0.831046 1.809,
	"/>
<Contour name="Ax02B01ssrv107" hidden="false" closed="true" simplified="false" border="0.5 0 1" fill="0.5 0 1" mode="13"
 points="0.896735 1.82094,
	0.887777 1.81796,
	0.896735 1.81497,
	0.890763 1.80601,
	0.89972 1.81199,
	0.902706 1.80303,
	0.905692 1.81199,
	0.914649 1.80601,
	0.908678 1.81497,
	0.917635 1.81796,
	0.908678 1.82094,
	0.914649 1.8299,
	0.905692 1.82393,
	0.902706 1.83289,
	0.89972 1.82393,
	0.890763 1.8299,
	"/>
<Contour name="Ax02B01ssrv108" hidden="false" closed="true" simplified="false" border="0.5 0 1" fill="0.5 0 1" mode="13"
 points="0.992281 1.98218,
	0.983323 1.97919,
	0.992281 1.97621,
	0.986309 1.96725,
	0.995267 1.97322,
	0.998253 1.96426,
	1.00124 1.97322,
	1.0102 1.96725,
	1.00422 1.97621,
	1.01318 1.97919,
	1.00422 1.98218,
	1.0102 1.99114,
	1.00124 1.98516,
	0.998253 1.99412,
	0.995267 1.98516,
	0.986309 1.99114,
	"/>
<Contour name="Ax02B01ssrv109" hidden="false" closed="true" simplified="false" border="0.5 0 1" fill="0.5 0 1" mode="13"
 points="0.983323 1.93142,
	0.974366 1.92843,
	0.983323 1.92545,
	0.977352 1.91649,
	0.986309 1.92246,
	0.989295 1.9135,
	0.992281 1.92246,
	1.00124 1.91649,
	0.995267 1.92545,
	1.00422 1.92843,
	0.995267 1.93142,
	1.00124 1.94038,
	0.992281 1.9344,
	0.989295 1.94336,
	0.986309 1.9344,
	0.977352 1.94038,
	"/>
<Contour name="Ax02B01ssrv110" hidden="false" closed="true" simplified="false" border="0.5 0 1" fill="0.5 0 1" mode="13"
 points="0.992281 1.8926,
	0.983323 1.88962,
	0.992281 1.88663,
	0.986309 1.87767,
	0.995267 1.88365,
	0.998253 1.87469,
	1.00124 1.88365,
	1.0102 1.87767,
	1.00422 1.88663,
	1.01318 1.88962,
	1.00422 1.8926,
	1.0102 1.90156,
	1.00124 1.89559,
	0.998253 1.90455,
	0.995267 1.89559,
	0.986309 1.90156,
	"/>
<Contour name="Ax02B01ssrv111" hidden="false" closed="true" simplified="false" border="0.5 0 1" fill="0.5 0 1" mode="13"
 points="0.986309 1.84184,
	0.977352 1.83886,
	0.986309 1.83587,
	0.980338 1.82691,
	0.989295 1.83289,
	0.992281 1.82393,
	0.995267 1.83289,
	1.00422 1.82691,
	0.998253 1.83587,
	1.00721 1.83886,
	0.998253 1.84184,
	1.00422 1.8508,
	0.995267 1.84483,
	0.992281 1.85379,
	0.989295 1.84483,
	0.980338 1.8508,
	"/>
<Contour name="Ax02B01ssrv112" hidden="false" closed="true" simplified="false" border="0.5 0 1" fill="0.5 0 1" mode="13"
 points="1.01915 1.80303,
	1.0102 1.80004,
	1.01915 1.79706,
	1.01318 1.7881,
	1.02214 1.79407,
	1.02512 1.78511,
	1.02811 1.79407,
	1.03707 1.7881,
	1.0311 1.79706,
	1.04005 1.80004,
	1.0311 1.80303,
	1.03707 1.81199,
	1.02811 1.80601,
	1.02512 1.81497,
	1.02214 1.80601,
	1.01318 1.81199,
	"/>
<Contour name="Ax02B01ssrv113" hidden="false" closed="true" simplified="false" border="0.5 0 1" fill="0.5 0 1" mode="13"
 points="1.00422 1.75227,
	0.995267 1.74928,
	1.00422 1.7463,
	0.998253 1.73734,
	1.00721 1.74331,
	1.0102 1.73435,
	1.01318 1.74331,
	1.02214 1.73734,
	1.01617 1.7463,
	1.02512 1.74928,
	1.01617 1.75227,
	1.02214 1.76123,
	1.01318 1.75525,
	1.0102 1.76421,
	1.00721 1.75525,
	0.998253 1.76123,
	"/>
<Contour name="Ax02B01ssrv114" hidden="false" closed="true" simplified="false" border="0.5 0 1" fill="0.5 0 1" mode="13"
 points="1.07887 1.74331,
	1.06991 1.74033,
	1.07887 1.73734,
	1.0729 1.72838,
	1.08186 1.73435,
	1.08484 1.7254,
	1.08783 1.73435,
	1.09678 1.72838,
	1.09081 1.73734,
	1.09977 1.74033,
	1.09081 1.74331,
	1.09678 1.75227,
	1.08783 1.7463,
	1.08484 1.75525,
	1.08186 1.7463,
	1.0729 1.75227,
	"/>
<Contour name="Ax02B01ssrv115" hidden="false" closed="true" simplified="false" border="0.5 0 1" fill="0.5 0 1" mode="13"
 points="1.07887 1.86274,
	1.06991 1.85976,
	1.07887 1.85677,
	1.0729 1.84782,
	1.08186 1.85379,
	1.08484 1.84483,
	1.08783 1.85379,
	1.09678 1.84782,
	1.09081 1.85677,
	1.09977 1.85976,
	1.09081 1.86274,
	1.09678 1.8717,
	1.08783 1.86573,
	1.08484 1.87469,
	1.08186 1.86573,
	1.0729 1.8717,
	"/>
<Contour name="Ax02B01ssrv116" hidden="false" closed="true" simplified="false" border="0.5 0 1" fill="0.5 0 1" mode="13"
 points="1.13859 1.88962,
	1.12963 1.88663,
	1.13859 1.88365,
	1.13261 1.87469,
	1.14157 1.88066,
	1.14456 1.8717,
	1.14754 1.88066,
	1.1565 1.87469,
	1.15053 1.88365,
	1.15949 1.88663,
	1.15053 1.88962,
	1.1565 1.89857,
	1.14754 1.8926,
	1.14456 1.90156,
	1.14157 1.8926,
	1.13261 1.89857,
	"/>
<Contour name="Ax02B01ssrv117" hidden="false" closed="true" simplified="false" border="0.5 0 1" fill="0.5 0 1" mode="13"
 points="1.09081 2.09265,
	1.08186 2.08967,
	1.09081 2.08668,
	1.08484 2.07772,
	1.0938 2.0837,
	1.09678 2.07474,
	1.09977 2.0837,
	1.10873 2.07772,
	1.10276 2.08668,
	1.11171 2.08967,
	1.10276 2.09265,
	1.10873 2.10161,
	1.09977 2.09564,
	1.09678 2.1046,
	1.0938 2.09564,
	1.08484 2.10161,
	"/>
<Contour name="Ax02B01ssrv118" hidden="false" closed="true" simplified="false" border="0.5 0 1" fill="0.5 0 1" mode="13"
 points="1.14456 2.03294,
	1.1356 2.02995,
	1.14456 2.02696,
	1.13859 2.01801,
	1.14754 2.02398,
	1.15053 2.01502,
	1.15352 2.02398,
	1.16247 2.01801,
	1.1565 2.02696,
	1.16546 2.02995,
	1.1565 2.03294,
	1.16247 2.04189,
	1.15352 2.03592,
	1.15053 2.04488,
	1.14754 2.03592,
	1.13859 2.04189,
	"/>
<Contour name="Ax02B01ssrv119" hidden="false" closed="true" simplified="false" border="0.5 0 1" fill="0.5 0 1" mode="13"
 points="1.1356 1.97621,
	1.12664 1.97322,
	1.1356 1.97023,
	1.12963 1.96128,
	1.13859 1.96725,
	1.14157 1.95829,
	1.14456 1.96725,
	1.15352 1.96128,
	1.14754 1.97023,
	1.1565 1.97322,
	1.14754 1.97621,
	1.15352 1.98516,
	1.14456 1.97919,
	1.14157 1.98815,
	1.13859 1.97919,
	1.12963 1.98516,
	"/>
<Contour name="Ax02B01ssrv120" hidden="false" closed="true" simplified="false" border="0.5 0 1" fill="0.5 0 1" mode="13"
 points="1.17442 1.9344,
	1.16546 1.93142,
	1.17442 1.92843,
	1.16844 1.91948,
	1.1774 1.92545,
	1.18039 1.91649,
	1.18337 1.92545,
	1.19233 1.91948,
	1.18636 1.92843,
	1.19532 1.93142,
	1.18636 1.9344,
	1.19233 1.94336,
	1.18337 1.93739,
	1.18039 1.94635,
	1.1774 1.93739,
	1.16844 1.94336,
	"/>
<Contour name="Ax02B01ssrv121" hidden="false" closed="true" simplified="false" border="0.5 0 1" fill="0.5 0 1" mode="13"
 points="1.14456 1.83587,
	1.1356 1.83289,
	1.14456 1.8299,
	1.13859 1.82094,
	1.14754 1.82691,
	1.15053 1.81796,
	1.15352 1.82691,
	1.16247 1.82094,
	1.1565 1.8299,
	1.16546 1.83289,
	1.1565 1.83587,
	1.16247 1.84483,
	1.15352 1.83886,
	1.15053 1.84782,
	1.14754 1.83886,
	1.13859 1.84483,
	"/>
<Contour name="Ax02B01ssrv122" hidden="false" closed="true" simplified="false" border="0.5 0 1" fill="0.5 0 1" mode="13"
 points="1.17442 1.77317,
	1.16546 1.77018,
	1.17442 1.7672,
	1.16844 1.75824,
	1.1774 1.76421,
	1.18039 1.75525,
	1.18337 1.76421,
	1.19233 1.75824,
	1.18636 1.7672,
	1.19532 1.77018,
	1.18636 1.77317,
	1.19233 1.78213,
	1.18337 1.77616,
	1.18039 1.78511,
	1.1774 1.77616,
	1.16844 1.78213,
	"/>
<Contour name="Ax02B01ssrv123" hidden="false" closed="true" simplified="false" border="0.5 0 1" fill="0.5 0 1" mode="13"
 points="1.23115 1.7881,
	1.22219 1.78511,
	1.23115 1.78213,
	1.22518 1.77317,
	1.23413 1.77914,
	1.23712 1.77018,
	1.2401 1.77914,
	1.24906 1.77317,
	1.24309 1.78213,
	1.25205 1.78511,
	1.24309 1.7881,
	1.24906 1.79706,
	1.2401 1.79108,
	1.23712 1.80004,
	1.23413 1.79108,
	1.22518 1.79706,
	"/>
<Contour name="Ax02B01ssrv124" hidden="false" closed="true" simplified="false" border="0.5 0 1" fill="0.5 0 1" mode="13"
 points="1.21323 1.84184,
	1.20427 1.83886,
	1.21323 1.83587,
	1.20726 1.82691,
	1.21622 1.83289,
	1.2192 1.82393,
	1.22219 1.83289,
	1.23115 1.82691,
	1.22518 1.83587,
	1.23413 1.83886,
	1.22518 1.84184,
	1.23115 1.8508,
	1.22219 1.84483,
	1.2192 1.85379,
	1.21622 1.84483,
	1.20726 1.8508,
	"/>
<Contour name="Ax02B01ssrv125" hidden="false" closed="true" simplified="false" border="0.5 0 1" fill="0.5 0 1" mode="13"
 points="1.1983 1.88962,
	1.18935 1.88663,
	1.1983 1.88365,
	1.19233 1.87469,
	1.20129 1.88066,
	1.20427 1.8717,
	1.20726 1.88066,
	1.21622 1.87469,
	1.21025 1.88365,
	1.2192 1.88663,
	1.21025 1.88962,
	1.21622 1.89857,
	1.20726 1.8926,
	1.20427 1.90156,
	1.20129 1.8926,
	1.19233 1.89857,
	"/>
<Contour name="Ax02B01ssrv126" hidden="false" closed="true" simplified="false" border="0.5 0 1" fill="0.5 0 1" mode="13"
 points="1.29385 1.86274,
	1.28489 1.85976,
	1.29385 1.85677,
	1.28788 1.84782,
	1.29683 1.85379,
	1.29982 1.84483,
	1.30281 1.85379,
	1.31176 1.84782,
	1.30579 1.85677,
	1.31475 1.85976,
	1.30579 1.86274,
	1.31176 1.8717,
	1.30281 1.86573,
	1.29982 1.87469,
	1.29683 1.86573,
	1.28788 1.8717,
	"/>
<Contour name="Ax02B01ssrv127" hidden="false" closed="true" simplified="false" border="0.5 0 1" fill="0.5 0 1" mode="13"
 points="1.24608 1.9135,
	1.23712 1.91052,
	1.24608 1.90753,
	1.2401 1.89857,
	1.24906 1.90455,
	1.25205 1.89559,
	1.25503 1.90455,
	1.26399 1.89857,
	1.25802 1.90753,
	1.26698 1.91052,
	1.25802 1.9135,
	1.26399 1.92246,
	1.25503 1.91649,
	1.25205 1.92545,
	1.24906 1.91649,
	1.2401 1.92246,
	"/>
<Contour name="Ax02B01ssrv128" hidden="false" closed="true" simplified="false" border="0.5 0 1" fill="0.5 0 1" mode="13"
 points="1.23712 1.96426,
	1.22816 1.96128,
	1.23712 1.95829,
	1.23115 1.94933,
	1.2401 1.95531,
	1.24309 1.94635,
	1.24608 1.95531,
	1.25503 1.94933,
	1.24906 1.95829,
	1.25802 1.96128,
	1.24906 1.96426,
	1.25503 1.97322,
	1.24608 1.96725,
	1.24309 1.97621,
	1.2401 1.96725,
	1.23115 1.97322,
	"/>
<Contour name="Ax02B01ssrv129" hidden="false" closed="true" simplified="false" border="0.5 0 1" fill="0.5 0 1" mode="13"
 points="1.31475 1.99114,
	1.30579 1.98815,
	1.31475 1.98516,
	1.30878 1.97621,
	1.31774 1.98218,
	1.32072 1.97322,
	1.32371 1.98218,
	1.33266 1.97621,
	1.32669 1.98516,
	1.33565 1.98815,
	1.32669 1.99114,
	1.33266 2.00009,
	1.32371 1.99412,
	1.32072 2.00308,
	1.31774 1.99412,
	1.30878 2.00009,
	"/>
<Contour name="Ax02B01ssrv130" hidden="false" closed="true" simplified="false" border="0.5 0 1" fill="0.5 0 1" mode="13"
 points="1.32072 1.92843,
	1.31176 1.92545,
	1.32072 1.92246,
	1.31475 1.9135,
	1.32371 1.91948,
	1.32669 1.91052,
	1.32968 1.91948,
	1.33864 1.9135,
	1.33266 1.92246,
	1.34162 1.92545,
	1.33266 1.92843,
	1.33864 1.93739,
	1.32968 1.93142,
	1.32669 1.94038,
	1.32371 1.93142,
	1.31475 1.93739,
	"/>
<Contour name="Ax02B01ssrv131" hidden="false" closed="true" simplified="false" border="0.5 0 1" fill="0.5 0 1" mode="13"
 points="1.33565 2.11654,
	1.32669 2.11355,
	1.33565 2.11057,
	1.32968 2.10161,
	1.33864 2.10758,
	1.34162 2.09862,
	1.34461 2.10758,
	1.35357 2.10161,
	1.34759 2.11057,
	1.35655 2.11355,
	1.34759 2.11654,
	1.35357 2.1255,
	1.34461 2.11953,
	1.34162 2.12848,
	1.33864 2.11953,
	1.32968 2.1255,
	"/>
</Transform>

<Transform dim="0"
 xcoef=" 0 1 0 0 0 0"
 ycoef=" 0 0 1 0 0 0">
<Contour name="Ax03" hidden="false" closed="true" simplified="true" border="1 0 0.5" fill="1 0 0.5" mode="-11"
 points="4.39432 4.71938,
	4.45853 4.69129,
	4.46656 4.69129,
	4.48261 4.67925,
	4.49866 4.67524,
	4.50669 4.66721,
	4.53879 4.65918,
	4.54682 4.65116,
	4.61103 4.63912,
	4.64313 4.63511,
	4.70734 4.64714,
	4.73945 4.65517,
	4.77155 4.68326,
	4.77556 4.71537,
	4.76352 4.73142,
	4.69931 4.75951,
	4.63511 4.76352,
	4.603 4.76352,
	4.53879 4.77958,
	4.52274 4.7876,
	4.45853 4.7876,
	4.42643 4.77556,
	4.39833 4.74747,
	4.39432 4.73142,
	4.39432 4.72339,
	"/>
</Transform>

<Transform dim="0"
 xcoef=" 0 1 0 0 0 0"
 ycoef=" 0 0 1 0 0 0">
<Contour name="d01ax19ssvr" hidden="false" closed="true" simplified="false" border="0.5 0 1" fill="0.5 0 1" mode="13"
 points="4.91312 5.18282,
	4.90526 5.18021,
	4.91312 5.17759,
	4.90788 5.16973,
	4.91574 5.17497,
	4.91836 5.16711,
	4.92098 5.17497,
	4.92883 5.16973,
	4.9236 5.17759,
	4.93145 5.18021,
	4.9236 5.18282,
	4.92883 5.19068,
	4.92098 5.18544,
	4.91836 5.1933,
	4.91574 5.18544,
	4.90788 5.19068,
	"/>
<Contour name="d01ax19ssvr" hidden="false" closed="true" simplified="false" border="0.5 0 1" fill="0.5 0 1" mode="13"
 points="4.8843 5.22736,
	4.87644 5.22474,
	4.8843 5.22212,
	4.87906 5.21426,
	4.88692 5.2195,
	4.88954 5.21164,
	4.89216 5.2195,
	4.90002 5.21426,
	4.89478 5.22212,
	4.90264 5.22474,
	4.89478 5.22736,
	4.90002 5.23522,
	4.89216 5.22998,
	4.88954 5.23784,
	4.88692 5.22998,
	4.87906 5.23522,
	"/>
<Contour name="d01ax19ssvr" hidden="false" closed="true" simplified="false" border="0.5 0 1" fill="0.5 0 1" mode="13"
 points="4.845 5.30071,
	4.83715 5.29809,
	4.845 5.29547,
	4.83977 5.28761,
	4.84762 5.29285,
	4.85024 5.28499,
	4.85286 5.29285,
	4.86072 5.28761,
	4.85548 5.29547,
	4.86334 5.29809,
	4.85548 5.30071,
	4.86072 5.30857,
	4.85286 5.30333,
	4.85024 5.31119,
	4.84762 5.30333,
	4.83977 5.30857,
	"/>
<Contour name="d01ax19ssvr" hidden="false" closed="true" simplified="false" border="0.5 0 1" fill="0.5 0 1" mode="13"
 points="4.81619 5.17497,
	4.80833 5.17235,
	4.81619 5.16973,
	4.81095 5.16187,
	4.81881 5.16711,
	4.82143 5.15925,
	4.82405 5.16711,
	4.83191 5.16187,
	4.82667 5.16973,
	4.83453 5.17235,
	4.82667 5.17497,
	4.83191 5.18282,
	4.82405 5.17759,
	4.82143 5.18544,
	4.81881 5.17759,
	4.81095 5.18282,
	"/>
</Transform>

<Transform dim="0"
 xcoef=" 0 1 0 0 0 0"
 ycoef=" 0 0 1 0 0 0">
<Contour name="Ax06" hidden="false" closed="true" simplified="true" border="0 0 1" fill="0 0 1" mode="11"
 points="3.41743 2.34927,
	3.44109 2.33237,
	3.44785 2.32561,
	3.46137 2.32223,
	3.47489 2.31209,
	3.52898 2.30533,
	3.55602 2.29857,
	3.6101 2.29857,
	3.66419 2.31885,
	3.69123 2.32561,
	3.70137 2.33913,
	3.70475 2.36617,
	3.69461 2.39321,
	3.66757 2.41688,
	3.64052 2.4304,
	3.61348 2.43716,
	3.5594 2.44054,
	3.53236 2.44054,
	3.51884 2.43378,
	3.49517 2.41012,
	3.46813 2.39321,
	3.44109 2.38307,
	3.42757 2.37631,
	3.41743 2.36279,
	3.41743 2.35265,
	"/>
</Transform>

<Transform dim="0"
 xcoef=" 0 1 0 0 0 0"
 ycoef=" 0 0 1 0 0 0">
<Contour name="Ax07" hidden="false" closed="true" simplified="true" border="1 0 1" fill="1 0 1" mode="11"
 points="6.22381 2.27986,
	6.23847 2.26887,
	6.29711 2.25054,
	6.32644 2.23954,
	6.38508 2.22855,
	6.44006 2.21022,
	6.49504 2.17723,
	6.52437 2.16257,
	6.53903 2.15891,
	6.55369 2.14791,
	6.56835 2.14424,
	6.627 2.10392,
	6.68198 2.07094,
	6.70397 2.04894,
	6.74795 1.9903,
	6.77728 1.9793,
	6.89457 1.97564,
	6.92389 1.97564,
	6.95322 1.98297,
	6.96055 1.98297,
	6.96788 1.9903,
	6.9972 1.99763,
	7.00453 2.00129,
	7.0082 1.99763,
	7.05585 2.05261,
	7.06684 2.06727,
	7.07784 2.12592,
	7.06684 2.15524,
	7.04851 2.18456,
	7.03385 2.19922,
	7.01919 2.20656,
	7.01186 2.21389,
	7.00453 2.21389,
	6.9972 2.22122,
	6.87991 2.25421,
	6.82126 2.2652,
	6.76262 2.26154,
	6.74795 2.26154,
	6.68931 2.23954,
	6.67465 2.23221,
	6.64532 2.23221,
	6.63799 2.23954,
	6.60867 2.24687,
	6.60134 2.24687,
	6.48771 2.32751,
	6.45839 2.33851,
	6.3411 2.33484,
	6.28245 2.33118,
	6.25313 2.32018,
	6.23847 2.31652,
	6.22747 2.30186,
	6.22381 2.28719,
	6.22381 2.28353,
	"/>
</Transform>

<Transform dim="0"
 xcoef=" 0 1 0 0 0 0"
 ycoef=" 0 0 1 0 0 0">
<Contour name="Ax07B02ssrv597" hidden="false" closed="true" simplified="false" border="0.5 0 1" fill="0.5 0 1" mode="13"
 points="6.92161 2.17018,
	6.91061 2.16652,
	6.92161 2.16285,
	6.91428 2.15185,
	6.92527 2.15919,
	6.92894 2.14819,
	6.9326 2.15919,
	6.9436 2.15185,
	6.93627 2.16285,
	6.94726 2.16652,
	6.93627 2.17018,
	6.9436 2.18118,
	6.9326 2.17385,
	6.92894 2.18484,
	6.92527 2.17385,
	6.91428 2.18118,
	"/>
<Contour name="Ax07B02ssrv598" hidden="false" closed="true" simplified="false" border="0.5 0 1" fill="0.5 0 1" mode="13"
 points="6.86663 2.0309,
	6.85563 2.02723,
	6.86663 2.02357,
	6.85929 2.01257,
	6.87029 2.0199,
	6.87396 2.00891,
	6.87762 2.0199,
	6.88862 2.01257,
	6.88129 2.02357,
	6.89228 2.02723,
	6.88129 2.0309,
	6.88862 2.04189,
	6.87762 2.03456,
	6.87396 2.04556,
	6.87029 2.03456,
	6.85929 2.04189,
	"/>
<Contour name="Ax07B02ssrv599" hidden="false" closed="true" simplified="false" border="0.5 0 1" fill="0.5 0 1" mode="13"
 points="6.69435 2.11887,
	6.68336 2.1152,
	6.69435 2.11154,
	6.68702 2.10054,
	6.69802 2.10787,
	6.70168 2.09687,
	6.70535 2.10787,
	6.71635 2.10054,
	6.70901 2.11154,
	6.72001 2.1152,
	6.70901 2.11887,
	6.71635 2.12986,
	6.70535 2.12253,
	6.70168 2.13353,
	6.69802 2.12253,
	6.68702 2.12986,
	"/>
<Contour name="Ax07B02ssrv600" hidden="false" closed="true" simplified="false" border="0.5 0 1" fill="0.5 0 1" mode="13"
 points="6.69802 2.17385,
	6.68702 2.17018,
	6.69802 2.16652,
	6.69069 2.15552,
	6.70168 2.16285,
	6.70535 2.15185,
	6.70901 2.16285,
	6.72001 2.15552,
	6.71268 2.16652,
	6.72368 2.17018,
	6.71268 2.17385,
	6.72001 2.18484,
	6.70901 2.17751,
	6.70535 2.18851,
	6.70168 2.17751,
	6.69069 2.18484,
	"/>
</Transform>

<Transform dim="0"
 xcoef=" 0 1 0 0 0 0"
 ycoef=" 0 0 1 0 0 0">
<Contour name="Ax09" hidden="false" closed="true" simplified="true" border="0 1 0" fill="0 1 0" mode="-11"
 points="3.20737 1.7667,
	3.22058 1.74907,
	3.22499 1.73145,
	3.2338 1.72704,
	3.2338 1.71823,
	3.26024 1.68299,
	3.26905 1.67858,
	3.26464 1.60809,
	3.26905 1.57284,
	3.30429 1.542,
	3.32192 1.50676,
	3.32632 1.48914,
	3.35276 1.45389,
	3.42325 1.41424,
	3.45849 1.3878,
	3.49374 1.37459,
	3.56423 1.37018,
	3.59948 1.37459,
	3.63472 1.3878,
	3.70521 1.37899,
	3.72284 1.37899,
	3.74046 1.39221,
	3.74487 1.42745,
	3.74487 1.44508,
	3.75368 1.4627,
	3.7713 1.47151,
	3.77571 1.48914,
	3.75368 1.52438,
	3.68759 1.59047,
	3.66556 1.62131,
	3.65675 1.63893,
	3.65675 1.67418,
	3.63913 1.74467,
	3.6171 1.77991,
	3.58185 1.80194,
	3.54661 1.80635,
	3.53339 1.81075,
	3.49815 1.83719,
	3.4629 1.846,
	3.39241 1.84159,
	3.37479 1.83719,
	3.34395 1.80635,
	3.3087 1.79754,
	3.29108 1.78872,
	3.25583 1.79313,
	3.22058 1.78872,
	3.20737 1.77551,
	3.20737 1.7711,
	"/>
</Transform>

<Transform dim="0"
 xcoef=" 0 1 0 0 0 0"
 ycoef=" 0 0 1 0 0 0">
<Contour name="Ax09B01ssrv15" hidden="false" closed="true" simplified="false" border="0.5 0 1" fill="0.5 0 1" mode="13"
 points="3.36118 1.64249,
	3.35139 1.63923,
	3.36118 1.63597,
	3.35465 1.62617,
	3.36444 1.6327,
	3.3677 1.62291,
	3.37097 1.6327,
	3.38076 1.62617,
	3.37423 1.63597,
	3.38402 1.63923,
	3.37423 1.64249,
	3.38076 1.65228,
	3.37097 1.64576,
	3.3677 1.65555,
	3.36444 1.64576,
	3.35465 1.65228,
	"/>
<Contour name="Ax09B01ssrv16" hidden="false" closed="true" simplified="false" border="0.5 0 1" fill="0.5 0 1" mode="13"
 points="3.52435 1.73061,
	3.51456 1.72734,
	3.52435 1.72408,
	3.51783 1.71429,
	3.52762 1.72082,
	3.53088 1.71103,
	3.53414 1.72082,
	3.54393 1.71429,
	3.53741 1.72408,
	3.5472 1.72734,
	3.53741 1.73061,
	3.54393 1.7404,
	3.53414 1.73387,
	3.53088 1.74366,
	3.52762 1.73387,
	3.51783 1.7404,
	"/>
</Transform>

<Transform dim="1"
 xcoef=" -0.48 1 0 0 0 0"
 ycoef=" 0.27 0 1 0 0 0">
<Contour name="Brick" hidden="false" closed="false" simplified="true" border="1 0 0" fill="1 0 1" mode="9"
 points="1.77971 8.44769,
	1.77971 6.69769,
	1.77971 3.19769,
	5.27971 3.19769,
	5.27971 1.44769,
	"/>
<Contour name="Brick" hidden="false" closed="false" simplified="true" border="0 1 0" fill="1 0 1" mode="9"
 points="1.77971 6.69769,
	5.27971 6.69769,
	5.27971 3.19769,
	"/>
</Transform>

<Transform dim="0"
 xcoef=" 0 1 0 0 0 0"
 ycoef=" 0 0 1 0 0 0">
<Contour name="Brax01" hidden="false" closed="true" simplified="false" border="1 0.5 0" fill="1 0.5 0" mode="-13"
 points="5.4568 4.44639,
	5.4568 4.43937,
	5.46382 4.43236,
	5.47083 4.43236,
	5.47785 4.43937,
	5.47785 4.44639,
	5.47083 4.4534,
	5.46382 4.4534,
	"/>
</Transform>

<Transform dim="0"
 xcoef=" 0 1 0 0 0 0"
 ycoef=" 0 0 1 0 0 0">
<Contour name="Brax04" hidden="false" closed="true" simplified="false" border="1 0 0" fill="1 0 0" mode="-13"
 points="5.79365 3.55137,
	5.81094 3.52717,
	5.79365 3.50297,
	5.80402 3.50297,
	5.81785 3.52371,
	5.83168 3.50297,
	5.84205 3.50297,
	5.82477 3.52717,
	5.84205 3.55137,
	5.83168 3.55137,
	5.81785 3.53062,
	5.80402 3.55137,
	"/>
</Transform>

<Transform dim="0"
 xcoef=" 0 1 0 0 0 0"
 ycoef=" 0 0 1 0 0 0">
<Contour name="Brax05" hidden="false" closed="true" simplified="false" border="1 1 0" fill="1 1 0" mode="-13"
 points="4.77731 5.26947,
	4.77731 5.21415,
	4.722 5.21415,
	4.722 5.26255,
	4.71509 5.26947,
	4.71509 5.20724,
	4.78423 5.20724,
	4.78423 5.27638,
	4.71509 5.27638,
	4.722 5.26947,
	"/>
</Transform>

<Transform dim="0"
 xcoef=" 0 1 0 0 0 0"
 ycoef=" 0 0 1 0 0 0">
<Contour name="Brax06" hidden="false" closed="true" simplified="false" border="0 0 1" fill="0 0 1" mode="-13"
 points="4.17581 3.61013,
	4.15161 3.58594,
	4.17581 3.56174,
	4.20001 3.58594,
	"/>
</Transform>

<Transform dim="0"
 xcoef=" 0 1 0 0 0 0"
 ycoef=" 0 0 1 0 0 0">
<Contour name="Brax08" hidden="false" closed="true" simplified="false" border="1 0 0" fill="1 0 0" mode="-13"
 points="3.03847 3.72076,
	3.01773 3.72076,
	3.01773 3.73113,
	3.0281 3.7415,
	3.05922 3.75187,
	3.03847 3.76224,
	3.0281 3.78298,
	3.00736 3.76224,
	2.99699 3.7415,
	2.99699 3.72076,
	2.97625 3.72076,
	3.00736 3.70001,
	"/>
</Transform>

<Transform dim="0"
 xcoef=" 0 1 0 0 0 0"
 ycoef=" 0 0 1 0 0 0">
<Contour name="Brax12" hidden="false" closed="true" simplified="false" border="0.5 0 1" fill="0.5 0 1" mode="-13"
 points="3.99259 6.32038,
	3.98222 6.31692,
	3.99259 6.31346,
	3.98568 6.30309,
	3.99605 6.31,
	3.9995 6.29963,
	4.00296 6.31,
	4.01333 6.30309,
	4.00642 6.31346,
	4.01679 6.31692,
	4.00642 6.32038,
	4.01333 6.33075,
	4.00296 6.32383,
	3.9995 6.3342,
	3.99605 6.32383,
	3.98568 6.33075,
	"/>
</Transform>

<Transform dim="0"
 xcoef=" 0 1 0 0 0 0"
 ycoef=" 0 0 1 0 0 0">
<Contour name="Brax16" hidden="false" closed="true" simplified="false" border="0 0 1" fill="0 0 1" mode="-13"
 points="3.35378 4.46914,
	3.32621 4.44158,
	3.35378 4.41401,
	3.38134 4.44158,
	"/>
</Transform>

<Transform dim="0"
 xcoef=" 0 1 0 0 0 0"
 ycoef=" 0 0 1 0 0 0">
<Contour name="Brax17" hidden="false" closed="true" simplified="false" border="1 0 1" fill="1 0 1" mode="-13"
 points="4.85816 6.15862,
	4.85816 6.14287,
	4.87392 6.12712,
	4.88967 6.12712,
	4.90542 6.14287,
	4.90542 6.15862,
	4.88967 6.17438,
	4.87392 6.17438,
	"/>
</Transform>

<Transform dim="0"
 xcoef=" 0 1 0 0 0 0"
 ycoef=" 0 0 1 0 0 0">
<Contour name="Brax18" hidden="false" closed="true" simplified="false" border="1 0 0" fill="1 0 0" mode="-13"
 points="5.33469 5.17408,
	5.31106 5.17408,
	5.31106 5.18589,
	5.32287 5.19771,
	5.35831 5.20952,
	5.33469 5.22134,
	5.32287 5.24497,
	5.29924 5.22134,
	5.28743 5.19771,
	5.28743 5.17408,
	5.2638 5.17408,
	5.29924 5.15045,
	"/>
</Transform>

<Transform dim="0"
 xcoef=" 0 1 0 0 0 0"
 ycoef=" 0 0 1 0 0 0">
<Contour name="Brax19" hidden="false" closed="true" simplified="false" border="0 1 0" fill="0 1 0" mode="-13"
 points="4.81484 5.58365,
	4.81484 5.55214,
	4.84635 5.55214,
	4.84635 5.52064,
	4.87786 5.52064,
	4.87786 5.55214,
	4.90936 5.55214,
	4.90936 5.58365,
	4.87786 5.58365,
	4.87786 5.61515,
	4.84635 5.61515,
	4.84635 5.58365,
	"/>
</Transform>

<Transform dim="0"
 xcoef=" 0 1 0 0 0 0"
 ycoef=" 0 0 1 0 0 0">
<Contour name="Brax20" hidden="false" closed="true" simplified="false" border="0 1 1" fill="0 1 1" mode="-13"
 points="4.94087 4.96535,
	4.95662 4.9496,
	4.89361 4.88659,
	4.90936 4.87084,
	4.97237 4.93385,
	4.98812 4.9181,
	4.98812 4.96535,
	"/>
</Transform>

<Transform dim="0"
 xcoef=" 0 1 0 0 0 0"
 ycoef=" 0 0 1 0 0 0">
<Contour name="Brax22" hidden="false" closed="true" simplified="false" border="0.5 0 1" fill="0.5 0 1" mode="-13"
 points="6.14595 4.55972,
	6.13414 4.55578,
	6.14595 4.55184,
	6.13808 4.54003,
	6.14989 4.54791,
	6.15383 4.53609,
	6.15777 4.54791,
	6.16958 4.54003,
	6.1617 4.55184,
	6.17352 4.55578,
	6.1617 4.55972,
	6.16958 4.57154,
	6.15777 4.56366,
	6.15383 4.57547,
	6.14989 4.56366,
	6.13808 4.57154,
	"/>
</Transform>

<Transform dim="0"
 xcoef=" 0 1 0 0 0 0"
 ycoef=" 0 0 1 0 0 0">
<Contour name="Brax27" hidden="false" closed="true" simplified="false" border="1 0 1" fill="1 0 1" mode="-13"
 points="4.62187 4.2998,
	4.62187 4.28405,
	4.63763 4.2683,
	4.65338 4.2683,
	4.66913 4.28405,
	4.66913 4.2998,
	4.65338 4.31555,
	4.63763 4.31555,
	"/>
</Transform>

<Transform dim="0"
 xcoef=" 0 1 0 0 0 0"
 ycoef=" 0 0 1 0 0 0">
<Contour name="d01" hidden="false" closed="true" simplified="true" border="1 0.5 0" fill="1 0.5 0" mode="9"
 points="3.74936 4.42173,
	3.76989 4.38067,
	3.76989 4.37554,
	3.77503 4.37041,
	3.77759 4.32935,
	3.78529 4.31908,
	3.80582 4.30625,
	3.80839 4.29599,
	3.81352 4.29085,
	3.81609 4.27032,
	3.81865 4.26006,
	3.84432 4.219,
	3.87768 4.18564,
	3.89821 4.1728,
	3.93927 4.16254,
	3.9598 4.15227,
	3.97777 4.13431,
	3.9829 4.11378,
	3.9829 4.10351,
	3.9829 4.09838,
	3.99316 4.09068,
	3.9983 4.08555,
	4.01883 4.08812,
	4.03936 4.09838,
	4.05989 4.10351,
	4.08042 4.10351,
	4.10095 4.10865,
	4.11121 4.11121,
	4.12918 4.12918,
	4.13174 4.13944,
	4.13944 4.14971,
	4.14201 4.15997,
	4.15227 4.16767,
	4.19333 4.1805,
	4.19847 4.1805,
	4.2036 4.18564,
	4.22413 4.19077,
	4.22926 4.1959,
	4.27032 4.21386,
	4.28829 4.2267,
	4.29855 4.23696,
	4.31908 4.23953,
	4.36014 4.25749,
	4.37041 4.26262,
	4.37554 4.26262,
	4.38581 4.27032,
	4.46793 4.29342,
	4.50899 4.31395,
	4.52952 4.32422,
	4.57058 4.32935,
	4.59111 4.33448,
	4.60138 4.33705,
	4.60651 4.33705,
	4.61677 4.34475,
	4.62191 4.34475,
	4.63217 4.35501,
	4.67323 4.36528,
	4.69376 4.37041,
	4.6989 4.37041,
	4.70403 4.37554,
	4.72456 4.38324,
	4.74252 4.4012,
	4.75022 4.41147,
	4.77075 4.4243,
	4.77845 4.44483,
	4.77845 4.48589,
	4.78872 4.50642,
	4.79385 4.51669,
	4.78615 4.53722,
	4.77845 4.54492,
	4.77845 4.55005,
	4.77075 4.56032,
	4.76305 4.58085,
	4.74509 4.59881,
	4.73482 4.60651,
	4.71429 4.60907,
	4.70403 4.60907,
	4.6835 4.59624,
	4.6681 4.57571,
	4.65783 4.57058,
	4.64757 4.57315,
	4.64244 4.57315,
	4.62447 4.58854,
	4.61421 4.59368,
	4.60394 4.60394,
	4.52182 4.65014,
	4.50129 4.65783,
	4.49616 4.66297,
	4.45766 4.68093,
	4.4166 4.70659,
	4.40634 4.71429,
	4.36528 4.73226,
	4.33705 4.77075,
	4.30369 4.79385,
	4.28315 4.80155,
	4.24209 4.80411,
	4.22156 4.80155,
	4.1805 4.78615,
	4.13944 4.77845,
	4.13431 4.77332,
	4.12404 4.77075,
	4.10608 4.75279,
	4.09838 4.74252,
	4.08298 4.70146,
	4.06502 4.68093,
	4.04449 4.67067,
	4.03422 4.66553,
	4.03166 4.6604,
	4.01113 4.65527,
	4.00086 4.65014,
	3.98033 4.64757,
	3.93927 4.63217,
	3.91874 4.62447,
	3.90847 4.62191,
	3.90334 4.62191,
	3.89821 4.61677,
	3.87768 4.60907,
	3.86741 4.60394,
	3.86228 4.60394,
	3.84175 4.59111,
	3.83149 4.58085,
	3.81865 4.56032,
	3.81865 4.55518,
	3.81352 4.55005,
	3.79556 4.50899,
	3.78529 4.49103,
	3.76733 4.47049,
	3.7545 4.44996,
	3.74936 4.4397,
	3.74936 4.42943,
	3.74936 4.4243,
	"/>
</Transform>

<Transform dim="0"
 xcoef=" 0 1 0 0 0 0"
 ycoef=" 0 0 1 0 0 0">
<Contour name="d03" hidden="false" closed="true" simplified="true" border="1 0 0.5" fill="1 0 0.5" mode="9"
 points="6.38897 4.96855,
	6.40071 4.94507,
	6.40658 4.92159,
	6.40658 4.89811,
	6.42419 4.87757,
	6.46821 4.84235,
	6.48875 4.82475,
	6.50343 4.80127,
	6.50343 4.7954,
	6.5093 4.78953,
	6.5093 4.76605,
	6.50343 4.74257,
	6.50343 4.73083,
	6.51223 4.71909,
	6.60614 4.68975,
	6.6531 4.68094,
	6.67658 4.67214,
	6.70006 4.67507,
	6.72354 4.67214,
	6.77049 4.65453,
	6.78223 4.65453,
	6.80571 4.66333,
	6.89962 4.67214,
	6.91136 4.67507,
	6.9319 4.69268,
	6.97886 4.71616,
	7.07277 4.73377,
	7.08451 4.73964,
	7.09038 4.74551,
	7.13734 4.75725,
	7.16081 4.76312,
	7.16668 4.76312,
	7.17255 4.76898,
	7.19603 4.77779,
	7.24299 4.78659,
	7.24886 4.78659,
	7.25473 4.79246,
	7.2606 4.79246,
	7.2694 4.8042,
	7.27234 4.81594,
	7.27234 4.82181,
	7.24886 4.83942,
	7.22538 4.85116,
	7.17842 4.85409,
	7.13147 4.85116,
	7.10799 4.85116,
	7.09625 4.84822,
	7.09038 4.84822,
	7.08451 4.84235,
	7.03755 4.84529,
	7.01408 4.84529,
	6.9906 4.85409,
	6.96712 4.86877,
	6.93777 4.91572,
	6.93777 4.92159,
	6.92897 4.93333,
	6.92016 4.98029,
	6.91136 5.00377,
	6.88788 5.02431,
	6.84093 5.03311,
	6.81745 5.03605,
	6.81158 5.03605,
	6.80571 5.04192,
	6.78223 5.05072,
	6.77049 5.05953,
	6.72354 5.06833,
	6.70006 5.07713,
	6.68832 5.08594,
	6.68538 5.1329,
	6.66191 5.13583,
	6.61495 5.10648,
	6.59147 5.09768,
	6.54451 5.08887,
	6.50343 5.06246,
	6.49169 5.05072,
	6.46821 5.03898,
	6.42125 5.03311,
	6.40952 5.03311,
	6.39778 5.02724,
	6.38897 5.00377,
	6.38897 4.98029,
	6.38897 4.97148,
	"/>
</Transform>

<Transform dim="0"
 xcoef=" 0 1 0 0 0 0"
 ycoef=" 0 0 1 0 0 0">
<Contour name="d03" hidden="false" closed="true" simplified="true" border="1 0 0.5" fill="1 0 0.5" mode="9"
 points="7.55994 4.85996,
	7.58049 4.84529,
	7.60396 4.83648,
	7.6157 4.83061,
	7.63918 4.81007,
	7.66266 4.79833,
	7.6744 4.78953,
	7.69788 4.78366,
	7.70961 4.77779,
	7.71548 4.77485,
	7.73896 4.79833,
	7.75364 4.81888,
	7.75364 4.83061,
	7.74777 4.84235,
	7.72429 4.86583,
	7.70081 4.88344,
	7.68907 4.89224,
	7.66559 4.90105,
	7.65385 4.90692,
	7.6069 4.90985,
	7.59516 4.90985,
	7.57168 4.89811,
	7.56288 4.88638,
	7.55994 4.8629,
	"/>
</Transform>

<Transform dim="0"
 xcoef=" 0 1 0 0 0 0"
 ycoef=" 0 0 1 0 0 0">
<Contour name="d03p11" hidden="false" closed="true" simplified="false" border="1 0.5 0" fill="1 0.5 0" mode="-13"
 points="7.00121 4.78025,
	7.00121 4.77438,
	7.00708 4.76851,
	7.01295 4.76851,
	7.01882 4.77438,
	7.01882 4.78025,
	7.01295 4.78612,
	7.00708 4.78612,
	"/>
</Transform>

<Transform dim="0"
 xcoef=" 0 1 0 0 0 0"
 ycoef=" 0 0 1 0 0 0">
<Contour name="d04" hidden="false" closed="true" simplified="true" border="1 0 0" fill="1 0 0" mode="9"
 points="1.86574 6.84486,
	1.87146 6.83341,
	1.88291 6.82769,
	1.88863 6.82197,
	1.93442 6.8048,
	1.95731 6.79335,
	1.96303 6.79335,
	1.97448 6.78477,
	1.98592 6.7819,
	1.99165 6.77618,
	2.17479 6.71323,
	2.19768 6.7075,
	2.28925 6.71036,
	2.3007 6.71609,
	2.30642 6.71609,
	2.315 6.72753,
	2.36079 6.7304,
	2.38368 6.73326,
	2.40657 6.74184,
	2.45236 6.74757,
	2.47525 6.75329,
	2.52104 6.77332,
	2.54393 6.78477,
	2.55251 6.79621,
	2.55824 6.80193,
	2.55824 6.81338,
	2.55251 6.8191,
	2.55251 6.82483,
	2.52962 6.83914,
	2.51818 6.84486,
	2.51245 6.85058,
	2.42088 6.86489,
	2.39799 6.86775,
	2.38654 6.86775,
	2.38082 6.87347,
	2.35793 6.87634,
	2.31214 6.89064,
	2.3007 6.89637,
	2.2778 6.89923,
	2.23202 6.91354,
	2.14045 6.91354,
	2.11756 6.91926,
	2.09466 6.91926,
	2.04888 6.92784,
	1.95731 6.92498,
	1.91152 6.9164,
	1.9058 6.91067,
	1.89435 6.90781,
	1.87146 6.88778,
	1.86574 6.87634,
	1.86574 6.85344,
	1.86574 6.84772,
	"/>
<Contour name="d04" hidden="false" closed="true" simplified="true" border="1 0 0" fill="1 0 0" mode="9"
 points="3.37378 6.04362,
	3.39954 5.99784,
	3.40526 5.98639,
	3.40526 5.98067,
	3.41957 5.95777,
	3.4396 5.91199,
	3.4396 5.90627,
	3.44818 5.89482,
	3.47108 5.88337,
	3.51686 5.87479,
	3.56265 5.87193,
	3.58554 5.86907,
	3.62846 5.84331,
	3.64563 5.82328,
	3.65422 5.81183,
	3.67711 5.80611,
	3.76868 5.80325,
	3.81446 5.79466,
	3.86025 5.7775,
	3.88314 5.76891,
	3.92893 5.76605,
	3.95182 5.76891,
	3.9976 5.7546,
	4.0205 5.74888,
	4.04339 5.74888,
	4.06628 5.74316,
	4.08917 5.74316,
	4.11207 5.73743,
	4.20364 5.7403,
	4.29521 5.74888,
	4.3181 5.75174,
	4.36388 5.77177,
	4.36961 5.77177,
	4.37533 5.7775,
	4.37533 5.78322,
	4.38105 5.78894,
	4.38105 5.80039,
	4.39536 5.84617,
	4.40108 5.86907,
	4.40395 5.88051,
	4.39536 5.9263,
	4.40108 6.01787,
	4.40395 6.04076,
	4.40681 6.05221,
	4.41825 6.06079,
	4.42398 6.06937,
	4.40395 6.08368,
	4.38105 6.09227,
	4.35816 6.09513,
	4.31238 6.1123,
	4.30093 6.11802,
	4.20936 6.12374,
	4.16357 6.12374,
	4.11779 6.10944,
	4.02622 6.10085,
	3.93465 6.11802,
	3.84308 6.12661,
	3.79729 6.13805,
	3.75151 6.14378,
	3.65994 6.13519,
	3.61415 6.13233,
	3.60271 6.12947,
	3.59698 6.12947,
	3.59126 6.12374,
	3.49969 6.12374,
	3.48825 6.12088,
	3.4768 6.1123,
	3.46535 6.10944,
	3.44246 6.09513,
	3.43101 6.08941,
	3.40812 6.08941,
	3.38523 6.08368,
	3.37378 6.07224,
	3.37378 6.04934,
	3.37378 6.04648,
	"/>
</Transform>

<Transform dim="0"
 xcoef=" 0 1 0 0 0 0"
 ycoef=" 0 0 1 0 0 0">
<Contour name="d04" hidden="false" closed="true" simplified="true" border="1 0 0" fill="1 0 0" mode="9"
 points="2.59544 5.7775,
	2.5983 5.76605,
	2.60402 5.76033,
	2.61261 5.73743,
	2.6355 5.72026,
	2.64122 5.72026,
	2.64695 5.71454,
	2.69273 5.70596,
	2.71562 5.70882,
	2.73565 5.72313,
	2.7471 5.72885,
	2.79289 5.73171,
	2.81578 5.74602,
	2.83867 5.7546,
	2.85012 5.75746,
	2.85584 5.76319,
	2.94741 5.76891,
	2.9703 5.77177,
	2.98175 5.7775,
	2.99319 5.78894,
	2.99892 5.79753,
	2.99892 5.80897,
	2.97889 5.829,
	2.9703 5.84045,
	2.9703 5.8519,
	2.95599 5.87479,
	2.94455 5.88051,
	2.93883 5.88051,
	2.92738 5.8891,
	2.90449 5.89196,
	2.8587 5.88623,
	2.81292 5.88623,
	2.79002 5.88623,
	2.76713 5.87765,
	2.74424 5.86334,
	2.73279 5.85762,
	2.72707 5.8519,
	2.68128 5.84617,
	2.6355 5.82328,
	2.61261 5.80897,
	2.60116 5.79753,
	2.59544 5.78608,
	2.59544 5.78036,
	"/>
</Transform>

<Transform dim="0"
 xcoef=" 0 1 0 0 0 0"
 ycoef=" 0 0 1 0 0 0">
<Contour name="d04c12" hidden="false" closed="true" simplified="true" border="0 1 0" fill="0 1 0" mode="9"
 points="1.98985 6.91988,
	2.00411 6.90919,
	2.01837 6.90562,
	2.03264 6.90562,
	2.03442 6.90384,
	2.03085 6.90205,
	2.03264 6.89849,
	2.0469 6.90205,
	2.06117 6.90205,
	2.0683 6.90384,
	2.07186 6.90384,
	2.07543 6.9074,
	2.13249 6.9074,
	2.16101 6.90562,
	2.17528 6.90027,
	2.18241 6.90027,
	2.19489 6.89492,
	2.22342 6.89314,
	2.23055 6.89314,
	2.23768 6.88957,
	2.26621 6.88601,
	2.27334 6.88601,
	2.27691 6.88244,
	2.30544 6.87709,
	2.31257 6.87531,
	2.31614 6.87531,
	2.32862 6.86639,
	2.34288 6.86104,
	2.35001 6.86104,
	2.36428 6.85569,
	2.39281 6.85569,
	2.40707 6.85926,
	2.4142 6.86461,
	2.41777 6.86818,
	2.41777 6.87174,
	2.38924 6.88066,
	2.38211 6.88244,
	2.37854 6.88601,
	2.36428 6.88779,
	2.33575 6.8967,
	2.30722 6.91275,
	2.27869 6.92167,
	2.26443 6.92702,
	2.2359 6.93058,
	2.17884 6.93058,
	2.15032 6.93058,
	2.12179 6.93415,
	2.09326 6.93415,
	2.079 6.93771,
	2.06473 6.93771,
	2.05047 6.94128,
	2.02194 6.94128,
	2.00768 6.9395,
	2.00054 6.9395,
	1.99341 6.93415,
	1.98985 6.92702,
	1.98985 6.92167,
	"/>
<Contour name="d04cfa12" hidden="false" closed="false" simplified="false" border="0 1 1" fill="0 1 1" mode="-9"
 points="2.41254 6.86445,
	2.28595 6.89833,
	2.20928 6.91438,
	2.10408 6.92329,
	1.99532 6.92329,
	"/>
</Transform>

<Transform dim="0"
 xcoef=" 0 1 0 0 0 0"
 ycoef=" 0 0 1 0 0 0">
<Contour name="d02" hidden="false" closed="true" simplified="true" border="0.5 0 1" fill="0.5 0 1" mode="9"
 points="5.2467 5.44442,
	5.26619 5.42493,
	5.35531 5.3748,
	5.39708 5.35252,
	5.41936 5.34417,
	5.46392 5.33581,
	5.50847 5.3191,
	5.59759 5.31075,
	5.64215 5.29682,
	5.66443 5.29682,
	5.70898 5.2829,
	5.73126 5.27454,
	5.73683 5.27454,
	5.7424 5.26897,
	5.75354 5.26897,
	5.77582 5.25505,
	5.78139 5.25505,
	5.78696 5.24948,
	5.7981 5.2467,
	5.81481 5.23277,
	5.82595 5.22999,
	5.82873 5.22442,
	5.83987 5.22163,
	5.85101 5.21328,
	5.87329 5.20771,
	5.89557 5.20771,
	5.91785 5.21328,
	5.92899 5.21606,
	5.93456 5.22163,
	5.94013 5.22163,
	5.94848 5.24391,
	5.95127 5.25505,
	5.9457 5.27733,
	5.9457 5.28847,
	5.95405 5.29682,
	5.97633 5.29961,
	5.98747 5.29961,
	6.0738 5.3386,
	6.07937 5.34417,
	6.10165 5.35252,
	6.10722 5.35252,
	6.1295 5.36644,
	6.15178 5.38594,
	6.16849 5.40543,
	6.1852 5.44999,
	6.19077 5.46113,
	6.19077 5.50569,
	6.18798 5.51683,
	6.17127 5.53632,
	6.14899 5.58088,
	6.14621 5.67,
	6.14064 5.71455,
	6.13228 5.73683,
	6.1295 5.74797,
	6.11279 5.76747,
	6.10444 5.77861,
	6.08216 5.79253,
	6.07102 5.7981,
	6.06545 5.80367,
	6.05431 5.80645,
	6.00975 5.8343,
	5.98747 5.84823,
	5.97633 5.8538,
	5.97076 5.85937,
	5.96519 5.85937,
	5.95684 5.86772,
	5.9457 5.87051,
	5.94013 5.87608,
	5.85101 5.87329,
	5.83987 5.86772,
	5.79531 5.86772,
	5.77304 5.86494,
	5.7619 5.86494,
	5.71734 5.83987,
	5.7062 5.8343,
	5.70341 5.82873,
	5.65886 5.81481,
	5.63936 5.7981,
	5.5948 5.77861,
	5.57253 5.77025,
	5.56139 5.76747,
	5.55582 5.7619,
	5.51126 5.75354,
	5.48898 5.74797,
	5.4667 5.74797,
	5.45556 5.74519,
	5.43607 5.72848,
	5.42771 5.72291,
	5.40265 5.67835,
	5.38872 5.65886,
	5.38594 5.63658,
	5.37758 5.6143,
	5.36088 5.59202,
	5.34974 5.56974,
	5.35252 5.54746,
	5.35252 5.54189,
	5.33024 5.53354,
	5.3191 5.52797,
	5.31075 5.51683,
	5.28847 5.51126,
	5.27733 5.51126,
	5.25505 5.49733,
	5.2467 5.48898,
	5.2467 5.44721,
	"/>
</Transform>

<Transform dim="0"
 xcoef=" 0 1 0 0 0 0"
 ycoef=" 0 0 1 0 0 0">
<Contour name="d02p18" hidden="false" closed="true" simplified="false" border="1 0 0" fill="1 0 0" mode="-13"
 points="5.90091 5.8001,
	5.88255 5.8001,
	5.88255 5.80928,
	5.89173 5.81846,
	5.91927 5.82764,
	5.90091 5.83682,
	5.89173 5.85518,
	5.87337 5.83682,
	5.86419 5.81846,
	5.86419 5.8001,
	5.84583 5.8001,
	5.87337 5.78175,
	"/>
</Transform>

<Transform dim="0"
 xcoef=" 0 1 0 0 0 0"
 ycoef=" 0 0 1 0 0 0">
<Contour name="d04ax15" hidden="false" closed="true" simplified="true" border="0 1 1" fill="0 1 1" mode="-11"
 points="5.86224 5.14844,
	5.87319 5.12339,
	5.88102 5.11087,
	5.88728 5.10617,
	5.89041 5.10304,
	5.91546 5.10148,
	5.9405 5.10304,
	5.96555 5.10774,
	5.99059 5.10774,
	6.01564 5.114,
	6.04069 5.12496,
	6.06573 5.12965,
	6.11582 5.13278,
	6.14087 5.13278,
	6.15339 5.13748,
	6.16591 5.14531,
	6.21287 5.1954,
	6.2254 5.20479,
	6.25044 5.21262,
	6.27549 5.21731,
	6.37567 5.22044,
	6.38819 5.22201,
	6.40072 5.2267,
	6.45081 5.2361,
	6.46333 5.23766,
	6.47585 5.24236,
	6.48838 5.25018,
	6.49933 5.26114,
	6.5009 5.27366,
	6.4962 5.29871,
	6.47898 5.3488,
	6.47429 5.37385,
	6.47585 5.39889,
	6.47742 5.41141,
	6.47585 5.42394,
	6.47116 5.43646,
	6.4602 5.44585,
	6.44768 5.45211,
	6.42263 5.45368,
	6.41011 5.45368,
	6.38506 5.44585,
	6.33497 5.42081,
	6.30993 5.40672,
	6.2974 5.40202,
	6.27236 5.40046,
	6.2661 5.39889,
	6.26766 5.39733,
	6.2614 5.3942,
	6.24888 5.39263,
	6.19879 5.37698,
	6.17374 5.36915,
	6.14869 5.36445,
	6.12365 5.35506,
	6.11113 5.34724,
	6.10486 5.34097,
	6.07982 5.32376,
	6.05477 5.31123,
	6.04851 5.3081,
	5.99842 5.30341,
	5.9859 5.30184,
	5.97338 5.29714,
	5.96711 5.29401,
	5.95459 5.28306,
	5.94833 5.27053,
	5.94676 5.24549,
	5.94207 5.23296,
	5.92955 5.22357,
	5.92328 5.21731,
	5.91076 5.21418,
	5.9045 5.21262,
	5.89198 5.20166,
	5.87945 5.1954,
	5.8685 5.18444,
	5.8638 5.17818,
	5.86224 5.15313,
	5.86224 5.15,
	"/>
</Transform>

<Transform dim="0"
 xcoef=" 0 1 0 0 0 0"
 ycoef=" 0 0 1 0 0 0">
<Contour name="d04ax16" hidden="false" closed="true" simplified="true" border="0 1 1" fill="0 1 1" mode="-11"
 points="1.15701 5.94801,
	1.1659 5.93616,
	1.16886 5.93024,
	1.19257 5.91394,
	1.21627 5.90209,
	1.26367 5.89172,
	1.31108 5.87542,
	1.40589 5.87246,
	1.4296 5.87246,
	1.4533 5.86801,
	1.477 5.85764,
	1.50071 5.85616,
	1.51256 5.85913,
	1.51848 5.86061,
	1.52441 5.86505,
	1.54811 5.86505,
	1.55996 5.87098,
	1.56589 5.8769,
	1.57774 5.88135,
	1.60144 5.87987,
	1.64885 5.88727,
	1.69626 5.88579,
	1.74366 5.87838,
	1.83848 5.85913,
	1.86218 5.85468,
	1.88588 5.84727,
	1.89181 5.84727,
	1.93922 5.83098,
	1.98662 5.81024,
	2.03403 5.78357,
	2.08143 5.75987,
	2.12884 5.74209,
	2.17625 5.73468,
	2.27106 5.73172,
	2.31847 5.73468,
	2.34217 5.73765,
	2.35402 5.73913,
	2.37772 5.7495,
	2.38958 5.75394,
	2.41328 5.75394,
	2.43698 5.7495,
	2.48439 5.72728,
	2.50809 5.71691,
	2.53179 5.7095,
	2.5555 5.70802,
	2.56735 5.7095,
	2.59105 5.72135,
	2.61476 5.74061,
	2.62513 5.75098,
	2.63253 5.76283,
	2.63105 5.78653,
	2.62661 5.79839,
	2.61031 5.82209,
	2.58661 5.83394,
	2.5629 5.83987,
	2.5392 5.84283,
	2.5155 5.84283,
	2.46809 5.83098,
	2.45624 5.82653,
	2.40883 5.83098,
	2.31402 5.85764,
	2.29032 5.86061,
	2.24291 5.85913,
	2.23106 5.85468,
	2.18365 5.85172,
	2.15995 5.85468,
	2.13625 5.86061,
	2.08884 5.88283,
	2.07699 5.89024,
	2.05329 5.91098,
	2.04736 5.9169,
	1.99995 5.94061,
	1.95255 5.95542,
	1.90514 5.96579,
	1.89329 5.97023,
	1.84588 5.97912,
	1.79848 5.98505,
	1.77477 5.98801,
	1.67996 5.98653,
	1.63256 5.98209,
	1.58515 5.97468,
	1.56145 5.96875,
	1.54959 5.96431,
	1.54663 5.96135,
	1.52293 5.96431,
	1.51108 5.96431,
	1.49923 5.96135,
	1.47552 5.96283,
	1.45182 5.96875,
	1.40441 5.97172,
	1.38071 5.97023,
	1.3333 5.97468,
	1.2859 5.99097,
	1.26219 5.99542,
	1.23849 5.99394,
	1.19108 5.98505,
	1.17923 5.9806,
	1.16738 5.97172,
	1.15701 5.95986,
	1.15701 5.94949,
	"/>
</Transform>

<Transform dim="0"
 xcoef=" 0 1 0 0 0 0"
 ycoef=" 0 0 1 0 0 0">
<Contour name="d04ax14ssvr" hidden="false" closed="true" simplified="false" border="0 1 0" fill="0 1 0" mode="-11"
 points="5.05817 4.97315,
	5.04783 4.96281,
	5.05817 4.95247,
	5.06851 4.96281,
	"/>
<Contour name="d04ax14ssvr" hidden="false" closed="true" simplified="false" border="0 1 0" fill="0 1 0" mode="-11"
 points="5.0759 4.89339,
	5.06556 4.88305,
	5.0759 4.87271,
	5.08624 4.88305,
	"/>
<Contour name="d04ax14ssvr" hidden="false" closed="true" simplified="false" border="0 1 0" fill="0 1 0" mode="-11"
 points="5.05227 4.84612,
	5.04193 4.83578,
	5.05227 4.82544,
	5.06261 4.83578,
	"/>
<Contour name="d04ax14ssvr" hidden="false" closed="true" simplified="false" border="0 1 0" fill="0 1 0" mode="-11"
 points="4.99614 4.94509,
	4.9858 4.93475,
	4.99614 4.92441,
	5.00648 4.93475,
	"/>
<Contour name="d04ax14ssvr" hidden="false" closed="true" simplified="false" border="0 1 0" fill="0 1 0" mode="-11"
 points="5.00648 5.00122,
	4.99614 4.99088,
	5.00648 4.98054,
	5.01682 4.99088,
	"/>
<Contour name="d04ax14ssvr" hidden="false" closed="true" simplified="false" border="0 1 0" fill="0 1 0" mode="-11"
 points="4.97398 5.04996,
	4.96364 5.03962,
	4.97398 5.02928,
	4.98432 5.03962,
	"/>
<Contour name="d04ax14ssvr" hidden="false" closed="true" simplified="false" border="0 1 0" fill="0 1 0" mode="-11"
 points="4.89865 5.00122,
	4.88831 4.99088,
	4.89865 4.98054,
	4.90899 4.99088,
	"/>
<Contour name="d04ax14ssvr" hidden="false" closed="true" simplified="false" border="0 1 0" fill="0 1 0" mode="-11"
 points="4.93853 4.98201,
	4.92819 4.97167,
	4.93853 4.96133,
	4.94887 4.97167,
	"/>
<Contour name="d04ax14ssvr" hidden="false" closed="true" simplified="false" border="0 1 0" fill="0 1 0" mode="-11"
 points="4.86024 4.94065,
	4.8499 4.93031,
	4.86024 4.91997,
	4.87058 4.93031,
	"/>
<Contour name="d04ax14ssvr" hidden="false" closed="true" simplified="false" border="0 1 0" fill="0 1 0" mode="-11"
 points="4.82774 4.92145,
	4.8174 4.91111,
	4.82774 4.90077,
	4.83808 4.91111,
	"/>
<Contour name="d04ax14ssvr" hidden="false" closed="true" simplified="false" border="0 1 0" fill="0 1 0" mode="-11"
 points="4.80411 4.96577,
	4.79377 4.95543,
	4.80411 4.94509,
	4.81445 4.95543,
	"/>
<Contour name="d04ax14ssvr" hidden="false" closed="true" simplified="false" border="0 1 0" fill="0 1 0" mode="-11"
 points="4.84695 5.01599,
	4.83661 5.00565,
	4.84695 4.99531,
	4.85729 5.00565,
	"/>
<Contour name="d04ax14ssvr" hidden="false" closed="true" simplified="false" border="0 1 0" fill="0 1 0" mode="-11"
 points="4.94148 4.9052,
	4.93114 4.89486,
	4.94148 4.88452,
	4.95182 4.89486,
	"/>
<Contour name="d04ax14ssvr" hidden="false" closed="true" simplified="false" border="0 1 0" fill="0 1 0" mode="-11"
 points="4.89569 4.87566,
	4.88535 4.86532,
	4.89569 4.85498,
	4.90603 4.86532,
	"/>
<Contour name="d04ax14ssvr" hidden="false" closed="true" simplified="false" border="0 1 0" fill="0 1 0" mode="-11"
 points="4.95773 4.94065,
	4.94739 4.93031,
	4.95773 4.91997,
	4.96807 4.93031,
	"/>
</Transform>

<Transform dim="6"
 xcoef=" 0.809404775272523 0.902228652049681 0.0491878947700579 0 0 0"
 ycoef=" 0.154651223435929 0.0180284269980176 1.03912483506558 0 0 0">
<Image mag="0.00223443" contrast="1" brightness="0" red="true" green="true" blue="true"
 src="CVZWG_und.081.tif" />
<Contour name="domain1" hidden="false" closed="true" simplified="false" border="1 0 1" fill="1 0 1" mode="11"
 points="0 0,
	4097 0,
	4097 4097,
	0 4097,
	"/>
</Transform>

<Transform dim="0"
 xcoef=" 0 1 0 0 0 0"
 ycoef=" 0 0 1 0 0 0">
<Contour name="d03ax11" hidden="false" closed="true" simplified="true" border="0 1 1" fill="0 1 1" mode="-11"
 points="8.06325 5.41715,
	8.08888 5.36589,
	8.1113 5.34026,
	8.11771 5.33546,
	8.12252 5.30983,
	8.12572 5.29701,
	8.12091 5.24576,
	8.12091 5.23935,
	8.1129 5.21372,
	8.1081 5.20091,
	8.10329 5.14965,
	8.11451 5.12402,
	8.11771 5.11762,
	8.13052 5.1064,
	8.18178 5.08078,
	8.20741 5.06796,
	8.23304 5.05995,
	8.25866 5.05675,
	8.28429 5.05995,
	8.29711 5.06636,
	8.32113 5.09199,
	8.33074 5.11762,
	8.33555 5.14325,
	8.33875 5.15606,
	8.34035 5.16247,
	8.34035 5.16567,
	8.35317 5.17208,
	8.3788 5.1897,
	8.43005 5.1945,
	8.43646 5.1945,
	8.44927 5.20251,
	8.45888 5.21532,
	8.46369 5.22814,
	8.4733 5.24095,
	8.47971 5.24576,
	8.48291 5.24576,
	8.49572 5.25697,
	8.49893 5.26338,
	8.49893 5.27619,
	8.49412 5.28901,
	8.48131 5.30022,
	8.45568 5.30983,
	8.44927 5.31143,
	8.43966 5.32424,
	8.43646 5.33706,
	8.43806 5.36269,
	8.43966 5.36909,
	8.44927 5.38191,
	8.4749 5.40433,
	8.48451 5.41715,
	8.48932 5.42355,
	8.49092 5.44918,
	8.48932 5.47481,
	8.48291 5.50044,
	8.46849 5.52607,
	8.44767 5.55169,
	8.42204 5.57252,
	8.40923 5.58373,
	8.382 5.63498,
	8.36758 5.66061,
	8.35637 5.68624,
	8.34676 5.7375,
	8.34516 5.75031,
	8.34035 5.76313,
	8.32434 5.78875,
	8.29871 5.80477,
	8.27308 5.81598,
	8.24745 5.81759,
	8.23464 5.81598,
	8.22823 5.81438,
	8.21542 5.80317,
	8.201 5.77754,
	8.1962 5.76473,
	8.19459 5.7391,
	8.1978 5.68784,
	8.1978 5.66221,
	8.1994 5.6494,
	8.1962 5.62377,
	8.1962 5.61737,
	8.16736 5.56611,
	8.16096 5.5533,
	8.15135 5.54208,
	8.12572 5.52767,
	8.10169 5.50524,
	8.09849 5.47961,
	8.09689 5.4668,
	8.09208 5.46039,
	8.06645 5.44598,
	8.06325 5.43957,
	8.06325 5.42676,
	8.06325 5.42035,
	8.06325 5.41875,
	"/>
</Transform>

<Transform dim="0"
 xcoef=" 0 1 0 0 0 0"
 ycoef=" 0 0 1 0 0 0">
<Contour name="d03ax11" hidden="false" closed="true" simplified="true" border="0 1 1" fill="0 1 1" mode="-11"
 points="7.74667 6.82346,
	7.75361 6.78644,
	7.76055 6.77718,
	7.76749 6.75867,
	7.79295 6.72165,
	7.80683 6.70314,
	7.82534 6.68694,
	7.8346 6.67769,
	7.84616 6.65918,
	7.86236 6.62215,
	7.86699 6.60364,
	7.8693 6.59439,
	7.88087 6.57588,
	7.89013 6.56662,
	7.90632 6.55737,
	7.98037 6.55274,
	7.99888 6.55274,
	8.07292 6.53423,
	8.09143 6.5296,
	8.12845 6.5296,
	8.14696 6.53886,
	8.15622 6.5458,
	8.16547 6.56431,
	8.16316 6.60133,
	8.16084 6.61984,
	8.16316 6.63835,
	8.1701 6.65686,
	8.18861 6.66843,
	8.20712 6.67537,
	8.22332 6.69157,
	8.23026 6.72859,
	8.23026 6.7471,
	8.23489 6.76561,
	8.24414 6.78412,
	8.26034 6.798,
	8.26497 6.798,
	8.28116 6.80957,
	8.29042 6.81883,
	8.29967 6.83734,
	8.3043 6.85585,
	8.3043 6.92989,
	8.30199 6.96691,
	8.29736 6.98542,
	8.29967 7.05947,
	8.29273 7.09649,
	8.29042 7.10574,
	8.28579 7.11037,
	8.28579 7.12888,
	8.28579 7.13814,
	8.29273 7.15665,
	8.29273 7.17516,
	8.27191 7.2492,
	8.26959 7.25845,
	8.26497 7.26308,
	8.26265 7.27234,
	8.25108 7.29085,
	8.23257 7.30936,
	8.22795 7.31861,
	8.22795 7.32787,
	8.22332 7.3325,
	8.21638 7.36952,
	8.21638 7.38803,
	8.20712 7.40654,
	8.19787 7.41579,
	8.16084 7.43199,
	8.15159 7.43199,
	8.11457 7.44819,
	8.07755 7.45282,
	8.05904 7.45282,
	8.04978 7.45282,
	8.01276 7.4343,
	8.00582 7.42505,
	8.0035 7.35101,
	8.00582 7.27697,
	8.00813 7.25845,
	8.0359 7.18441,
	8.04284 7.14739,
	8.04515 7.11037,
	8.04515 7.10111,
	8.05209 7.0826,
	8.05672 7.07335,
	8.05441 7.05484,
	8.04978 7.04558,
	8.04053 7.04096,
	7.96648 7.04327,
	7.92946 7.04558,
	7.91095 7.04327,
	7.89244 7.03633,
	7.88319 7.03401,
	7.86468 7.02013,
	7.85542 7.01088,
	7.83922 6.97385,
	7.82303 6.95766,
	7.78601 6.93683,
	7.76749 6.92064,
	7.75593 6.90213,
	7.74898 6.88362,
	7.74667 6.84659,
	7.74667 6.82808,
	7.74667 6.82577,
	"/>
</Transform>

<Transform dim="0"
 xcoef=" 0 1 0 0 0 0"
 ycoef=" 0 0 1 0 0 0">
<Contour name="d01ax16" hidden="false" closed="true" simplified="true" border="0 1 1" fill="0 1 1" mode="-11"
 points="2.54677 3.56106,
	2.54971 3.55517,
	2.55118 3.54339,
	2.55707 3.53161,
	2.57326 3.50953,
	2.57768 3.49776,
	2.58651 3.48745,
	2.59829 3.48009,
	2.6454 3.47715,
	2.65718 3.47567,
	2.66895 3.47126,
	2.68073 3.4639,
	2.68662 3.46095,
	2.71017 3.46095,
	2.72195 3.46242,
	2.73373 3.46979,
	2.7352 3.47567,
	2.72489 3.52278,
	2.72489 3.54634,
	2.72489 3.55222,
	2.71753 3.56253,
	2.70723 3.57283,
	2.70134 3.57872,
	2.68956 3.58167,
	2.68367 3.58167,
	2.67337 3.58903,
	2.66601 3.59639,
	2.66159 3.60816,
	2.65423 3.61994,
	2.64393 3.6273,
	2.63215 3.63025,
	2.62037 3.63025,
	2.6086 3.62583,
	2.60271 3.62436,
	2.59976 3.62141,
	2.59387 3.61994,
	2.57179 3.60375,
	2.54971 3.58167,
	2.54677 3.57578,
	2.54677 3.564,
	2.54677 3.56253,
	"/>
</Transform>

<Transform dim="0"
 xcoef=" 0 1 0 0 0 0"
 ycoef=" 0 0 1 0 0 0">
<Contour name="d01ax16ssvr" hidden="false" closed="true" simplified="true" border="0 1 0.251" fill="0 1 0" mode="-9"
 points="2.64672 3.55915,
	2.64672 3.55636,
	2.6495 3.55358,
	2.65229 3.55358,
	2.65507 3.55636,
	2.65507 3.55915,
	2.65229 3.56194,
	2.6495 3.56194,
	"/>
</Transform>

<Transform dim="0"
 xcoef=" 0 1 0 0 0 0"
 ycoef=" 0 0 1 0 0 0">
<Contour name="d01ax17b" hidden="false" closed="true" simplified="true" border="0 1 1" fill="0 1 1" mode="-11"
 points="2.27035 4.83209,
	2.27873 4.81532,
	2.28712 4.80903,
	2.32066 4.80064,
	2.33743 4.79435,
	2.3521 4.78387,
	2.36049 4.77968,
	2.37307 4.765,
	2.38145 4.76291,
	2.38984 4.75662,
	2.40661 4.75243,
	2.44015 4.75033,
	2.44854 4.75033,
	2.46531 4.75662,
	2.49885 4.75452,
	2.50723 4.75243,
	2.51562 4.74614,
	2.53239 4.74194,
	2.54916 4.74194,
	2.55755 4.73985,
	2.56384 4.74614,
	2.57222 4.74614,
	2.58899 4.75452,
	2.65608 4.7671,
	2.67285 4.77129,
	2.68962 4.78177,
	2.70429 4.81532,
	2.70848 4.83209,
	2.70848 4.84886,
	2.70848 4.85724,
	2.698 4.87401,
	2.69171 4.89078,
	2.68752 4.89917,
	2.68752 4.91594,
	2.68962 4.92433,
	2.70429 4.939,
	2.70848 4.94739,
	2.71268 4.95158,
	2.71058 4.96835,
	2.7001 4.98512,
	2.698 4.98931,
	2.63092 5.01028,
	2.56384 5.01237,
	2.53029 5.00818,
	2.49675 5.00818,
	2.48208 5.00189,
	2.44854 5.00189,
	2.415 5.00818,
	2.34791 5.00818,
	2.33953 4.99979,
	2.33533 4.98302,
	2.33324 4.94948,
	2.33114 4.9411,
	2.31856 4.92852,
	2.30808 4.91175,
	2.30179 4.90336,
	2.2997 4.89498,
	2.28292 4.8845,
	2.27664 4.87821,
	2.27035 4.84466,
	2.27035 4.83628,
	2.27035 4.83418,
	"/>
</Transform>

<Transform dim="0"
 xcoef=" 0 1 0 0 0 0"
 ycoef=" 0 0 1 0 0 0">
<Contour name="d02ax16" hidden="false" closed="true" simplified="true" border="0 1 1" fill="0 1 1" mode="-11"
 points="3.66412 3.47535,
	3.67446 3.45467,
	3.69515 3.43657,
	3.7779 3.38226,
	3.81927 3.36158,
	3.90202 3.33572,
	3.98476 3.32796,
	4.02614 3.32796,
	4.04682 3.32796,
	4.05717 3.32796,
	4.09854 3.34348,
	4.13474 3.37709,
	4.17611 3.39002,
	4.18646 3.39261,
	4.22783 3.42622,
	4.2692 3.44432,
	4.31058 3.4676,
	4.33126 3.48311,
	4.34161 3.48828,
	4.38298 3.52449,
	4.42435 3.54517,
	4.44504 3.5581,
	4.47348 3.59947,
	4.489 3.62016,
	4.49676 3.6305,
	4.49934 3.65119,
	4.49159 3.69256,
	4.489 3.71325,
	4.49676 3.75462,
	4.5071 3.77531,
	4.52779 3.78824,
	4.56916 3.796,
	4.58985 3.79858,
	4.61053 3.80634,
	4.62088 3.81151,
	4.62863 3.82186,
	4.65449 3.9046,
	4.66225 3.92529,
	4.67518 3.94598,
	4.68552 3.95373,
	4.7269 3.96149,
	4.76827 3.97442,
	4.78896 3.99252,
	4.80447 4.01321,
	4.81481 4.03389,
	4.8355 4.04165,
	4.91825 4.05458,
	4.95962 4.06751,
	5.00099 4.08561,
	5.02168 4.09854,
	5.04237 4.10113,
	5.05271 4.10371,
	5.09408 4.09854,
	5.13546 4.10371,
	5.15614 4.10888,
	5.17424 4.12181,
	5.18717 4.1425,
	5.18717 4.16319,
	5.18976 4.17353,
	5.22855 4.21232,
	5.23889 4.22007,
	5.24923 4.24076,
	5.28802 4.28213,
	5.30871 4.29248,
	5.35008 4.30282,
	5.37077 4.30799,
	5.41214 4.31058,
	5.45351 4.32092,
	5.4742 4.33385,
	5.49489 4.35195,
	5.51557 4.36488,
	5.52592 4.37005,
	5.56729 4.37264,
	5.60866 4.38298,
	5.69141 4.4166,
	5.7121 4.42435,
	5.75347 4.42694,
	5.77416 4.42953,
	5.81553 4.45021,
	5.83622 4.4709,
	5.84397 4.48124,
	5.85173 4.52262,
	5.85432 4.5433,
	5.8388 4.58468,
	5.79226 4.66742,
	5.76899 4.7088,
	5.75088 4.7269,
	5.7302 4.73983,
	5.70951 4.745,
	5.66814 4.73724,
	5.62676 4.72172,
	5.54402 4.67518,
	5.50264 4.65708,
	5.46127 4.64932,
	5.4199 4.64674,
	5.33715 4.64932,
	5.29578 4.64674,
	5.28544 4.64415,
	5.24406 4.61571,
	5.22596 4.59502,
	5.20269 4.55365,
	5.19493 4.53296,
	5.19235 4.51227,
	5.18717 4.50193,
	5.182 4.46056,
	5.182 4.43987,
	5.17424 4.41918,
	5.16907 4.40884,
	5.1277 4.37781,
	5.10701 4.35971,
	5.09667 4.34936,
	5.01392 4.30282,
	4.99324 4.28472,
	4.97255 4.27696,
	4.8898 4.22007,
	4.84843 4.20456,
	4.80706 4.18387,
	4.79671 4.1787,
	4.78378 4.15801,
	4.74241 4.13733,
	4.65966 4.08302,
	4.64156 4.06234,
	4.62088 4.04682,
	4.53813 4.01321,
	4.49676 4.00028,
	4.47607 3.99511,
	4.4347 3.97442,
	4.35195 3.92012,
	4.34161 3.91495,
	4.25886 3.84513,
	4.23817 3.8322,
	4.15543 3.80375,
	4.07268 3.79083,
	4.06234 3.78307,
	4.02096 3.77272,
	4.00028 3.76497,
	3.97959 3.74687,
	3.96925 3.73652,
	3.92787 3.71325,
	3.91753 3.70808,
	3.91236 3.70291,
	3.90719 3.70291,
	3.89684 3.69515,
	3.85547 3.68481,
	3.8503 3.67964,
	3.84513 3.67964,
	3.83996 3.67446,
	3.82961 3.67188,
	3.78824 3.64343,
	3.76755 3.63309,
	3.72618 3.60206,
	3.66929 3.51931,
	3.66412 3.50897,
	3.66412 3.48828,
	3.66412 3.47794,
	"/>
</Transform>

<Transform dim="0"
 xcoef=" 0 1 0 0 0 0"
 ycoef=" 0 0 1 0 0 0">
<Contour name="d04ax17" hidden="false" closed="true" simplified="true" border="0 1 1" fill="0 1 1" mode="-11"
 points="7.66067 3.24448,
	7.67297 3.21988,
	7.7191 3.17375,
	7.74371 3.16145,
	7.84212 3.13992,
	7.89132 3.13377,
	7.91593 3.1307,
	7.92823 3.1307,
	7.95283 3.11532,
	7.96513 3.11224,
	7.98973 3.11532,
	8.00204 3.12147,
	8.02049 3.14607,
	8.02049 3.19528,
	8.00204 3.24448,
	8.00204 3.25063,
	7.98358 3.27216,
	7.95898 3.29369,
	7.90978 3.31522,
	7.88517 3.32137,
	7.83597 3.32137,
	7.81136 3.31829,
	7.79906 3.31214,
	7.74986 3.30599,
	7.70065 3.29369,
	7.67605 3.28446,
	7.66682 3.27216,
	7.66067 3.26601,
	7.66067 3.25371,
	7.66067 3.24756,
	"/>
</Transform>

<Transform dim="0"
 xcoef=" 0 1 0 0 0 0"
 ycoef=" 0 0 1 0 0 0">
<Contour name="d04ax22" hidden="false" closed="true" simplified="true" border="0 1 1" fill="0 1 1" mode="-11"
 points="2.2025 5.94231,
	2.21174 5.91275,
	2.21728 5.90536,
	2.21728 5.90166,
	2.24684 5.87395,
	2.27641 5.85547,
	2.2838 5.84808,
	2.31336 5.8296,
	2.34293 5.81482,
	2.35771 5.81297,
	2.37249 5.80743,
	2.43162 5.80558,
	2.49075 5.81112,
	2.52031 5.81667,
	2.57944 5.84438,
	2.63856 5.87764,
	2.69769 5.87764,
	2.71247 5.87764,
	2.72726 5.88134,
	2.74204 5.88873,
	2.74943 5.89058,
	2.76421 5.89981,
	2.77899 5.90536,
	2.79377 5.91644,
	2.79747 5.91644,
	2.8104 5.92753,
	2.81964 5.94231,
	2.82519 5.97188,
	2.82519 6.00144,
	2.81595 6.06057,
	2.8104 6.07535,
	2.80116 6.09013,
	2.78638 6.10307,
	2.7716 6.10861,
	2.71247 6.11415,
	2.68291 6.11415,
	2.65335 6.11785,
	2.62563 6.13817,
	2.59976 6.16404,
	2.5702 6.18621,
	2.56281 6.18991,
	2.55911 6.1936,
	2.55542 6.1936,
	2.55172 6.1973,
	2.52216 6.20654,
	2.50737 6.21208,
	2.44825 6.21393,
	2.38912 6.20654,
	2.35956 6.20099,
	2.30043 6.20284,
	2.27086 6.20469,
	2.25608 6.20469,
	2.2413 6.20099,
	2.22652 6.18991,
	2.21728 6.17697,
	2.21913 6.14741,
	2.22467 6.13263,
	2.24869 6.10491,
	2.25608 6.09752,
	2.26347 6.08274,
	2.26532 6.06796,
	2.25239 6.05502,
	2.245 6.05502,
	2.21543 6.03839,
	2.20804 6.02361,
	2.20435 5.96449,
	2.2025 5.9497,
	2.2025 5.94416,
	"/>
</Transform>

<Transform dim="0"
 xcoef=" 0 1 0 0 0 0"
 ycoef=" 0 0 1 0 0 0">
<Contour name="d04ax12" hidden="false" closed="true" simplified="true" border="0 1 1" fill="0 1 1" mode="-11"
 points="1.48393 7.40647,
	1.4971 7.37134,
	1.51905 7.33622,
	1.52783 7.31866,
	1.53222 7.30988,
	1.53222 7.27476,
	1.53222 7.2572,
	1.52783 7.23964,
	1.52564 7.23085,
	1.51905 7.22207,
	1.52564 7.15183,
	1.53661 7.08158,
	1.55198 7.06402,
	1.62222 7.0267,
	1.65735 7.00695,
	1.66613 7.00256,
	1.67052 6.99817,
	1.67491 6.99817,
	1.71003 6.97622,
	1.78027 6.95207,
	1.8154 6.9389,
	1.88564 6.92353,
	1.92076 6.92353,
	1.99101 6.93012,
	2.06125 6.93231,
	2.09638 6.9367,
	2.16662 6.93451,
	2.23687 6.92134,
	2.25443 6.91914,
	2.28955 6.90158,
	2.30711 6.8928,
	2.31589 6.88621,
	2.38614 6.86646,
	2.42126 6.85987,
	2.49151 6.85987,
	2.52663 6.85768,
	2.56175 6.85109,
	2.57931 6.85109,
	2.59687 6.8467,
	2.632 6.8489,
	2.64956 6.85109,
	2.66712 6.85768,
	2.69566 6.8906,
	2.70663 6.90817,
	2.71102 6.91695,
	2.70663 6.95207,
	2.70224 6.96085,
	2.70224 6.96524,
	2.69127 6.9828,
	2.6759 6.99817,
	2.66053 7.00914,
	2.64956 7.04427,
	2.64956 7.06183,
	2.64297 7.07939,
	2.63858 7.08817,
	2.6298 7.09695,
	2.61443 7.10573,
	2.59907 7.1189,
	2.58809 7.13427,
	2.57273 7.15183,
	2.5398 7.17817,
	2.52882 7.19354,
	2.52224 7.20232,
	2.50907 7.27256,
	2.50907 7.28134,
	2.48931 7.31647,
	2.45858 7.35159,
	2.44102 7.36476,
	2.40589 7.38232,
	2.38833 7.38671,
	2.35321 7.38891,
	2.31809 7.39549,
	2.30053 7.40208,
	2.2654 7.42403,
	2.24784 7.43939,
	2.23906 7.44818,
	2.16882 7.49427,
	2.15126 7.50525,
	2.11613 7.51842,
	2.09857 7.52501,
	2.08979 7.52501,
	2.05467 7.53598,
	2.01955 7.54257,
	1.98442 7.54037,
	1.96686 7.53379,
	1.9493 7.52062,
	1.87906 7.48769,
	1.84393 7.48549,
	1.80881 7.48769,
	1.79125 7.48988,
	1.78247 7.48988,
	1.71222 7.51842,
	1.6771 7.53159,
	1.65954 7.54037,
	1.64198 7.54476,
	1.60686 7.54476,
	1.57173 7.53379,
	1.55417 7.5272,
	1.51905 7.50086,
	1.50368 7.48549,
	1.4971 7.47671,
	1.49271 7.47232,
	1.48612 7.45476,
	1.48393 7.41964,
	1.48393 7.41086,
	1.48393 7.40866,
	"/>
</Transform>

<Transform dim="0"
 xcoef=" 0 1 0 0 0 0"
 ycoef=" 0 0 1 0 0 0">
<Contour name="d04ax12ssvr" hidden="false" closed="true" simplified="false" border="0 1 0" fill="0 1 0" mode="-11"
 points="2.08376 7.01571,
	2.0684 7.00034,
	2.08376 6.98497,
	2.09913 7.00034,
	"/>
<Contour name="d04ax12ssvr" hidden="false" closed="true" simplified="false" border="0 1 0" fill="0 1 0" mode="-11"
 points="2.08157 7.0618,
	2.0662 7.04644,
	2.08157 7.03107,
	2.09693 7.04644,
	"/>
<Contour name="d04ax12ssvr" hidden="false" closed="true" simplified="false" border="0 1 0" fill="0 1 0" mode="-11"
 points="2.0662 7.1079,
	2.05083 7.09254,
	2.0662 7.07717,
	2.08157 7.09254,
	"/>
<Contour name="d04ax12ssvr" hidden="false" closed="true" simplified="false" border="0 1 0" fill="0 1 0" mode="-11"
 points="2.11449 7.12766,
	2.09913 7.11229,
	2.11449 7.09693,
	2.12986 7.11229,
	"/>
<Contour name="d04ax12ssvr" hidden="false" closed="true" simplified="false" border="0 1 0" fill="0 1 0" mode="-11"
 points="2.1562 7.14961,
	2.14084 7.13425,
	2.1562 7.11888,
	2.17157 7.13425,
	"/>
<Contour name="d04ax12ssvr" hidden="false" closed="true" simplified="false" border="0 1 0" fill="0 1 0" mode="-11"
 points="2.14962 7.08595,
	2.13425 7.07059,
	2.14962 7.05522,
	2.16498 7.07059,
	"/>
<Contour name="d04ax12ssvr" hidden="false" closed="true" simplified="false" border="0 1 0" fill="0 1 0" mode="-11"
 points="2.23303 7.09693,
	2.21767 7.08156,
	2.23303 7.0662,
	2.2484 7.08156,
	"/>
<Contour name="d04ax12ssvr" hidden="false" closed="true" simplified="false" border="0 1 0" fill="0 1 0" mode="-11"
 points="2.18474 7.1079,
	2.16937 7.09254,
	2.18474 7.07717,
	2.20011 7.09254,
	"/>
<Contour name="d04ax12ssvr" hidden="false" closed="true" simplified="false" border="0 1 0" fill="0 1 0" mode="-11"
 points="2.18254 7.05302,
	2.16718 7.03766,
	2.18254 7.02229,
	2.19791 7.03766,
	"/>
<Contour name="d04ax12ssvr" hidden="false" closed="true" simplified="false" border="0 1 0" fill="0 1 0" mode="-11"
 points="2.2023 6.99375,
	2.18693 6.97839,
	2.2023 6.96302,
	2.21767 6.97839,
	"/>
<Contour name="d04ax12ssvr" hidden="false" closed="true" simplified="false" border="0 1 0" fill="0 1 0" mode="-11"
 points="2.29889 7.00693,
	2.28352 6.99156,
	2.29889 6.97619,
	2.31425 6.99156,
	"/>
<Contour name="d04ax12ssvr" hidden="false" closed="true" simplified="false" border="0 1 0" fill="0 1 0" mode="-11"
 points="2.35816 7.00912,
	2.34279 6.99375,
	2.35816 6.97839,
	2.37352 6.99375,
	"/>
<Contour name="d04ax12ssvr" hidden="false" closed="true" simplified="false" border="0 1 0" fill="0 1 0" mode="-11"
 points="2.45694 6.96961,
	2.44157 6.95424,
	2.45694 6.93888,
	2.4723 6.95424,
	"/>
<Contour name="d04ax12ssvr" hidden="false" closed="true" simplified="false" border="0 1 0" fill="0 1 0" mode="-11"
 points="1.9323 7.01132,
	1.91693 6.99595,
	1.9323 6.98058,
	1.94766 6.99595,
	"/>
<Contour name="d04ax12ssvr" hidden="false" closed="true" simplified="false" border="0 1 0" fill="0 1 0" mode="-11"
 points="1.88181 6.98936,
	1.86644 6.974,
	1.88181 6.95863,
	1.89717 6.974,
	"/>
<Contour name="d04ax12ssvr" hidden="false" closed="true" simplified="false" border="0 1 0" fill="0 1 0" mode="-11"
 points="1.88181 7.04644,
	1.86644 7.03107,
	1.88181 7.01571,
	1.89717 7.03107,
	"/>
<Contour name="d04ax12ssvr" hidden="false" closed="true" simplified="false" border="0 1 0" fill="0 1 0" mode="-11"
 points="1.9323 7.064,
	1.91693 7.04863,
	1.9323 7.03327,
	1.94766 7.04863,
	"/>
<Contour name="d04ax12ssvr" hidden="false" closed="true" simplified="false" border="0 1 0" fill="0 1 0" mode="-11"
 points="1.89278 7.08595,
	1.87742 7.07059,
	1.89278 7.05522,
	1.90815 7.07059,
	"/>
<Contour name="d04ax12ssvr" hidden="false" closed="true" simplified="false" border="0 1 0" fill="0 1 0" mode="-11"
 points="1.94547 7.11449,
	1.9301 7.09912,
	1.94547 7.08376,
	1.96083 7.09912,
	"/>
<Contour name="d04ax12ssvr" hidden="false" closed="true" simplified="false" border="0 1 0" fill="0 1 0" mode="-11"
 points="1.92571 7.14742,
	1.91034 7.13205,
	1.92571 7.11668,
	1.94108 7.13205,
	"/>
<Contour name="d04ax12ssvr" hidden="false" closed="true" simplified="false" border="0 1 0" fill="0 1 0" mode="-11"
 points="1.86644 7.13864,
	1.85107 7.12327,
	1.86644 7.1079,
	1.88181 7.12327,
	"/>
<Contour name="d04ax12ssvr" hidden="false" closed="true" simplified="false" border="0 1 0" fill="0 1 0" mode="-11"
 points="1.82473 7.09693,
	1.80937 7.08156,
	1.82473 7.0662,
	1.8401 7.08156,
	"/>
<Contour name="d04ax12ssvr" hidden="false" closed="true" simplified="false" border="0 1 0" fill="0 1 0" mode="-11"
 points="1.7962 7.0662,
	1.78083 7.05083,
	1.7962 7.03546,
	1.81156 7.05083,
	"/>
<Contour name="d04ax12ssvr" hidden="false" closed="true" simplified="false" border="0 1 0" fill="0 1 0" mode="-11"
 points="1.78522 7.12985,
	1.76985 7.11449,
	1.78522 7.09912,
	1.80059 7.11449,
	"/>
<Contour name="d04ax12ssvr" hidden="false" closed="true" simplified="false" border="0 1 0" fill="0 1 0" mode="-11"
 points="1.78742 7.17815,
	1.77205 7.16278,
	1.78742 7.14742,
	1.80278 7.16278,
	"/>
<Contour name="d04ax12ssvr" hidden="false" closed="true" simplified="false" border="0 1 0" fill="0 1 0" mode="-11"
 points="1.85986 7.17595,
	1.84449 7.16059,
	1.85986 7.14522,
	1.87522 7.16059,
	"/>
<Contour name="d04ax12ssvr" hidden="false" closed="true" simplified="false" border="0 1 0" fill="0 1 0" mode="-11"
 points="1.85986 7.21547,
	1.84449 7.2001,
	1.85986 7.18473,
	1.87522 7.2001,
	"/>
<Contour name="d04ax12ssvr" hidden="false" closed="true" simplified="false" border="0 1 0" fill="0 1 0" mode="-11"
 points="1.89498 7.17815,
	1.87961 7.16278,
	1.89498 7.14742,
	1.91034 7.16278,
	"/>
<Contour name="d04ax12ssvr" hidden="false" closed="true" simplified="false" border="0 1 0" fill="0 1 0" mode="-11"
 points="1.90815 7.20449,
	1.89278 7.18912,
	1.90815 7.17376,
	1.92351 7.18912,
	"/>
<Contour name="d04ax12ssvr" hidden="false" closed="true" simplified="false" border="0 1 0" fill="0 1 0" mode="-11"
 points="1.95205 7.23303,
	1.93669 7.21766,
	1.95205 7.2023,
	1.96742 7.21766,
	"/>
<Contour name="d04ax12ssvr" hidden="false" closed="true" simplified="false" border="0 1 0" fill="0 1 0" mode="-11"
 points="1.96742 7.18912,
	1.95205 7.17376,
	1.96742 7.15839,
	1.98278 7.17376,
	"/>
<Contour name="d04ax12ssvr" hidden="false" closed="true" simplified="false" border="0 1 0" fill="0 1 0" mode="-11"
 points="2.00254 7.22864,
	1.98717 7.21327,
	2.00254 7.1979,
	2.01791 7.21327,
	"/>
<Contour name="d04ax12ssvr" hidden="false" closed="true" simplified="false" border="0 1 0" fill="0 1 0" mode="-11"
 points="1.9762 7.13644,
	1.96083 7.12107,
	1.9762 7.10571,
	1.99156 7.12107,
	"/>
<Contour name="d04ax12ssvr" hidden="false" closed="true" simplified="false" border="0 1 0" fill="0 1 0" mode="-11"
 points="2.02449 7.16059,
	2.00913 7.14522,
	2.02449 7.12985,
	2.03986 7.14522,
	"/>
<Contour name="d04ax12ssvr" hidden="false" closed="true" simplified="false" border="0 1 0" fill="0 1 0" mode="-11"
 points="2.01132 7.08815,
	1.99596 7.07278,
	2.01132 7.05741,
	2.02669 7.07278,
	"/>
<Contour name="d04ax12ssvr" hidden="false" closed="true" simplified="false" border="0 1 0" fill="0 1 0" mode="-11"
 points="2.08815 7.16937,
	2.07279 7.154,
	2.08815 7.13864,
	2.10352 7.154,
	"/>
<Contour name="d04ax12ssvr" hidden="false" closed="true" simplified="false" border="0 1 0" fill="0 1 0" mode="-11"
 points="2.11449 7.21327,
	2.09913 7.1979,
	2.11449 7.18254,
	2.12986 7.1979,
	"/>
<Contour name="d04ax12ssvr" hidden="false" closed="true" simplified="false" border="0 1 0" fill="0 1 0" mode="-11"
 points="2.16498 7.20669,
	2.14962 7.19132,
	2.16498 7.17595,
	2.18035 7.19132,
	"/>
<Contour name="d04ax12ssvr" hidden="false" closed="true" simplified="false" border="0 1 0" fill="0 1 0" mode="-11"
 points="2.04425 7.1979,
	2.02888 7.18254,
	2.04425 7.16717,
	2.05961 7.18254,
	"/>
<Contour name="d04ax12ssvr" hidden="false" closed="true" simplified="false" border="0 1 0" fill="0 1 0" mode="-11"
 points="2.10132 7.25717,
	2.08596 7.24181,
	2.10132 7.22644,
	2.11669 7.24181,
	"/>
<Contour name="d04ax12ssvr" hidden="false" closed="true" simplified="false" border="0 1 0" fill="0 1 0" mode="-11"
 points="2.1584 7.26156,
	2.14303 7.2462,
	2.1584 7.23083,
	2.17376 7.2462,
	"/>
<Contour name="d04ax12ssvr" hidden="false" closed="true" simplified="false" border="0 1 0" fill="0 1 0" mode="-11"
 points="2.12327 7.29888,
	2.10791 7.28352,
	2.12327 7.26815,
	2.13864 7.28352,
	"/>
<Contour name="d04ax12ssvr" hidden="false" closed="true" simplified="false" border="0 1 0" fill="0 1 0" mode="-11"
 points="2.0684 7.32522,
	2.05303 7.30986,
	2.0684 7.29449,
	2.08376 7.30986,
	"/>
<Contour name="d04ax12ssvr" hidden="false" closed="true" simplified="false" border="0 1 0" fill="0 1 0" mode="-11"
 points="2.08596 7.36474,
	2.07059 7.34937,
	2.08596 7.334,
	2.10132 7.34937,
	"/>
<Contour name="d04ax12ssvr" hidden="false" closed="true" simplified="false" border="0 1 0" fill="0 1 0" mode="-11"
 points="2.15401 7.34718,
	2.13864 7.33181,
	2.15401 7.31644,
	2.16937 7.33181,
	"/>
<Contour name="d04ax12ssvr" hidden="false" closed="true" simplified="false" border="0 1 0" fill="0 1 0" mode="-11"
 points="2.09254 7.41084,
	2.07718 7.39547,
	2.09254 7.3801,
	2.10791 7.39547,
	"/>
<Contour name="d04ax12ssvr" hidden="false" closed="true" simplified="false" border="0 1 0" fill="0 1 0" mode="-11"
 points="2.03327 7.40425,
	2.01791 7.38888,
	2.03327 7.37352,
	2.04864 7.38888,
	"/>
<Contour name="d04ax12ssvr" hidden="false" closed="true" simplified="false" border="0 1 0" fill="0 1 0" mode="-11"
 points="2.03766 7.44815,
	2.0223 7.43279,
	2.03766 7.41742,
	2.05303 7.43279,
	"/>
<Contour name="d04ax12ssvr" hidden="false" closed="true" simplified="false" border="0 1 0" fill="0 1 0" mode="-11"
 points="2.09035 7.46791,
	2.07498 7.45254,
	2.09035 7.43718,
	2.10571 7.45254,
	"/>
<Contour name="d04ax12ssvr" hidden="false" closed="true" simplified="false" border="0 1 0" fill="0 1 0" mode="-11"
 points="2.0223 7.49206,
	2.00693 7.47669,
	2.0223 7.46132,
	2.03766 7.47669,
	"/>
<Contour name="d04ax12ssvr" hidden="false" closed="true" simplified="false" border="0 1 0" fill="0 1 0" mode="-11"
 points="1.974 7.45913,
	1.95864 7.44376,
	1.974 7.4284,
	1.98937 7.44376,
	"/>
<Contour name="d04ax12ssvr" hidden="false" closed="true" simplified="false" border="0 1 0" fill="0 1 0" mode="-11"
 points="1.9323 7.43498,
	1.91693 7.41962,
	1.9323 7.40425,
	1.94766 7.41962,
	"/>
<Contour name="d04ax12ssvr" hidden="false" closed="true" simplified="false" border="0 1 0" fill="0 1 0" mode="-11"
 points="1.92351 7.4723,
	1.90815 7.45693,
	1.92351 7.44157,
	1.93888 7.45693,
	"/>
<Contour name="d04ax12ssvr" hidden="false" closed="true" simplified="false" border="0 1 0" fill="0 1 0" mode="-11"
 points="2.03547 7.27913,
	2.0201 7.26376,
	2.03547 7.24839,
	2.05083 7.26376,
	"/>
<Contour name="d04ax12ssvr" hidden="false" closed="true" simplified="false" border="0 1 0" fill="0 1 0" mode="-11"
 points="1.99596 7.34718,
	1.98059 7.33181,
	1.99596 7.31644,
	2.01132 7.33181,
	"/>
<Contour name="d04ax12ssvr" hidden="false" closed="true" simplified="false" border="0 1 0" fill="0 1 0" mode="-11"
 points="1.95644 7.31205,
	1.94108 7.29669,
	1.95644 7.28132,
	1.97181 7.29669,
	"/>
<Contour name="d04ax12ssvr" hidden="false" closed="true" simplified="false" border="0 1 0" fill="0 1 0" mode="-11"
 points="1.90595 7.27254,
	1.89059 7.25717,
	1.90595 7.24181,
	1.92132 7.25717,
	"/>
<Contour name="d04ax12ssvr" hidden="false" closed="true" simplified="false" border="0 1 0" fill="0 1 0" mode="-11"
 points="1.90156 7.32303,
	1.8862 7.30766,
	1.90156 7.2923,
	1.91693 7.30766,
	"/>
<Contour name="d04ax12ssvr" hidden="false" closed="true" simplified="false" border="0 1 0" fill="0 1 0" mode="-11"
 points="1.9301 7.36913,
	1.91473 7.35376,
	1.9301 7.33839,
	1.94547 7.35376,
	"/>
<Contour name="d04ax12ssvr" hidden="false" closed="true" simplified="false" border="0 1 0" fill="0 1 0" mode="-11"
 points="1.84888 7.35376,
	1.83351 7.33839,
	1.84888 7.32303,
	1.86425 7.33839,
	"/>
<Contour name="d04ax12ssvr" hidden="false" closed="true" simplified="false" border="0 1 0" fill="0 1 0" mode="-11"
 points="1.86644 7.39986,
	1.85107 7.38449,
	1.86644 7.36913,
	1.88181 7.38449,
	"/>
<Contour name="d04ax12ssvr" hidden="false" closed="true" simplified="false" border="0 1 0" fill="0 1 0" mode="-11"
 points="1.82473 7.4284,
	1.80937 7.41303,
	1.82473 7.39766,
	1.8401 7.41303,
	"/>
<Contour name="d04ax12ssvr" hidden="false" closed="true" simplified="false" border="0 1 0" fill="0 1 0" mode="-11"
 points="1.73034 7.3823,
	1.71497 7.36693,
	1.73034 7.35157,
	1.74571 7.36693,
	"/>
<Contour name="d04ax12ssvr" hidden="false" closed="true" simplified="false" border="0 1 0" fill="0 1 0" mode="-11"
 points="1.70839 7.334,
	1.69302 7.31864,
	1.70839 7.30327,
	1.72376 7.31864,
	"/>
<Contour name="d04ax12ssvr" hidden="false" closed="true" simplified="false" border="0 1 0" fill="0 1 0" mode="-11"
 points="1.69961 7.29669,
	1.68424 7.28132,
	1.69961 7.26595,
	1.71497 7.28132,
	"/>
<Contour name="d04ax12ssvr" hidden="false" closed="true" simplified="false" border="0 1 0" fill="0 1 0" mode="-11"
 points="1.76985 7.30327,
	1.75449 7.28791,
	1.76985 7.27254,
	1.78522 7.28791,
	"/>
<Contour name="d04ax12ssvr" hidden="false" closed="true" simplified="false" border="0 1 0" fill="0 1 0" mode="-11"
 points="1.81595 7.32742,
	1.80059 7.31205,
	1.81595 7.29669,
	1.83132 7.31205,
	"/>
<Contour name="d04ax12ssvr" hidden="false" closed="true" simplified="false" border="0 1 0" fill="0 1 0" mode="-11"
 points="1.85327 7.28791,
	1.8379 7.27254,
	1.85327 7.25717,
	1.86864 7.27254,
	"/>
<Contour name="d04ax12ssvr" hidden="false" closed="true" simplified="false" border="0 1 0" fill="0 1 0" mode="-11"
 points="1.80717 7.37352,
	1.79181 7.35815,
	1.80717 7.34279,
	1.82254 7.35815,
	"/>
<Contour name="d04ax12ssvr" hidden="false" closed="true" simplified="false" border="0 1 0" fill="0 1 0" mode="-11"
 points="1.82254 7.25278,
	1.80717 7.23742,
	1.82254 7.22205,
	1.8379 7.23742,
	"/>
<Contour name="d04ax12ssvr" hidden="false" closed="true" simplified="false" border="0 1 0" fill="0 1 0" mode="-11"
 points="1.78742 7.23083,
	1.77205 7.21547,
	1.78742 7.2001,
	1.80278 7.21547,
	"/>
<Contour name="d04ax12ssvr" hidden="false" closed="true" simplified="false" border="0 1 0" fill="0 1 0" mode="-11"
 points="1.76766 7.25717,
	1.75229 7.24181,
	1.76766 7.22644,
	1.78302 7.24181,
	"/>
<Contour name="d04ax12ssvr" hidden="false" closed="true" simplified="false" border="0 1 0" fill="0 1 0" mode="-11"
 points="1.73254 7.244,
	1.71717 7.22864,
	1.73254 7.21327,
	1.7479 7.22864,
	"/>
<Contour name="d04ax12ssvr" hidden="false" closed="true" simplified="false" border="0 1 0" fill="0 1 0" mode="-11"
 points="1.72815 7.1979,
	1.71278 7.18254,
	1.72815 7.16717,
	1.74351 7.18254,
	"/>
<Contour name="d04ax12ssvr" hidden="false" closed="true" simplified="false" border="0 1 0" fill="0 1 0" mode="-11"
 points="1.68644 7.21547,
	1.67107 7.2001,
	1.68644 7.18473,
	1.7018 7.2001,
	"/>
<Contour name="d04ax12ssvr" hidden="false" closed="true" simplified="false" border="0 1 0" fill="0 1 0" mode="-11"
 points="1.67107 7.18473,
	1.65571 7.16937,
	1.67107 7.154,
	1.68644 7.16937,
	"/>
<Contour name="d04ax12ssvr" hidden="false" closed="true" simplified="false" border="0 1 0" fill="0 1 0" mode="-11"
 points="2.01132 7.02449,
	1.99596 7.00912,
	2.01132 6.99375,
	2.02669 7.00912,
	"/>
<Contour name="d04ax12ssvr" hidden="false" closed="true" simplified="false" border="0 1 0" fill="0 1 0" mode="-11"
 points="2.23523 7.40205,
	2.21986 7.38669,
	2.23523 7.37132,
	2.25059 7.38669,
	"/>
<Contour name="d04ax12ssvr" hidden="false" closed="true" simplified="false" border="0 1 0" fill="0 1 0" mode="-11"
 points="1.63595 7.37571,
	1.62058 7.36035,
	1.63595 7.34498,
	1.65132 7.36035,
	"/>
<Contour name="d04ax12ssvr" hidden="false" closed="true" simplified="false" border="0 1 0" fill="0 1 0" mode="-11"
 points="1.96522 7.27254,
	1.94986 7.25717,
	1.96522 7.24181,
	1.98059 7.25717,
	"/>
<Contour name="d04ax12ssvr" hidden="false" closed="true" simplified="false" border="0 1 0" fill="0 1 0" mode="-11"
 points="2.12766 7.04863,
	2.1123 7.03327,
	2.12766 7.0179,
	2.14303 7.03327,
	"/>
</Transform>

<Transform dim="0"
 xcoef=" 0 1 0 0 0 0"
 ycoef=" 0 0 1 0 0 0">
<Contour name="d04ax22ssvr" hidden="false" closed="true" simplified="false" border="0 1 0" fill="0 1 0" mode="-11"
 points="2.49489 5.91914,
	2.4806 5.90485,
	2.49489 5.89056,
	2.50917 5.90485,
	"/>
<Contour name="d04ax22ssvr" hidden="false" closed="true" simplified="false" border="0 1 0" fill="0 1 0" mode="-11"
 points="2.39895 5.95792,
	2.38466 5.94363,
	2.39895 5.92934,
	2.41324 5.94363,
	"/>
<Contour name="d04ax22ssvr" hidden="false" closed="true" simplified="false" border="0 1 0" fill="0 1 0" mode="-11"
 points="2.4561 5.97425,
	2.44181 5.95996,
	2.4561 5.94567,
	2.47039 5.95996,
	"/>
<Contour name="d04ax22ssvr" hidden="false" closed="true" simplified="false" border="0 1 0" fill="0 1 0" mode="-11"
 points="2.43365 6.01507,
	2.41936 6.00079,
	2.43365 5.9865,
	2.44794 6.00079,
	"/>
<Contour name="d04ax22ssvr" hidden="false" closed="true" simplified="false" border="0 1 0" fill="0 1 0" mode="-11"
 points="2.44794 6.05386,
	2.43365 6.03957,
	2.44794 6.02528,
	2.46223 6.03957,
	"/>
<Contour name="d04ax22ssvr" hidden="false" closed="true" simplified="false" border="0 1 0" fill="0 1 0" mode="-11"
 points="2.45406 6.09468,
	2.43977 6.08039,
	2.45406 6.0661,
	2.46835 6.08039,
	"/>
<Contour name="d04ax22ssvr" hidden="false" closed="true" simplified="false" border="0 1 0" fill="0 1 0" mode="-11"
 points="2.39078 6.07631,
	2.3765 6.06202,
	2.39078 6.04773,
	2.40507 6.06202,
	"/>
<Contour name="d04ax22ssvr" hidden="false" closed="true" simplified="false" border="0 1 0" fill="0 1 0" mode="-11"
 points="2.33159 6.09468,
	2.3173 6.08039,
	2.33159 6.0661,
	2.34588 6.08039,
	"/>
<Contour name="d04ax22ssvr" hidden="false" closed="true" simplified="false" border="0 1 0" fill="0 1 0" mode="-11"
 points="2.3867 6.12326,
	2.37241 6.10897,
	2.3867 6.09468,
	2.40099 6.10897,
	"/>
<Contour name="d04ax22ssvr" hidden="false" closed="true" simplified="false" border="0 1 0" fill="0 1 0" mode="-11"
 points="2.51326 6.13755,
	2.49897 6.12326,
	2.51326 6.10897,
	2.52755 6.12326,
	"/>
<Contour name="d04ax22ssvr" hidden="false" closed="true" simplified="false" border="0 1 0" fill="0 1 0" mode="-11"
 points="2.55612 6.04773,
	2.54183 6.03345,
	2.55612 6.01916,
	2.57041 6.03345,
	"/>
<Contour name="d04ax22ssvr" hidden="false" closed="true" simplified="false" border="0 1 0" fill="0 1 0" mode="-11"
 points="2.52755 6.01099,
	2.51326 5.9967,
	2.52755 5.98241,
	2.54183 5.9967,
	"/>
<Contour name="d04ax22ssvr" hidden="false" closed="true" simplified="false" border="0 1 0" fill="0 1 0" mode="-11"
 points="2.57449 6.10897,
	2.5602 6.09468,
	2.57449 6.08039,
	2.58878 6.09468,
	"/>
<Contour name="d04ax22ssvr" hidden="false" closed="true" simplified="false" border="0 1 0" fill="0 1 0" mode="-11"
 points="2.3418 6.00691,
	2.32751 5.99262,
	2.3418 5.97833,
	2.35608 5.99262,
	"/>
<Contour name="d04ax22ssvr" hidden="false" closed="true" simplified="false" border="0 1 0" fill="0 1 0" mode="-11"
 points="2.33771 5.95996,
	2.32342 5.94567,
	2.33771 5.93138,
	2.352 5.94567,
	"/>
<Contour name="d04ax22ssvr" hidden="false" closed="true" simplified="false" border="0 1 0" fill="0 1 0" mode="-11"
 points="2.40099 5.99874,
	2.3867 5.98446,
	2.40099 5.97017,
	2.41528 5.98446,
	"/>
<Contour name="d04ax22ssvr" hidden="false" closed="true" simplified="false" border="0 1 0" fill="0 1 0" mode="-11"
 points="2.3418 5.91301,
	2.32751 5.89873,
	2.3418 5.88444,
	2.35608 5.89873,
	"/>
<Contour name="d04ax22ssvr" hidden="false" closed="true" simplified="false" border="0 1 0" fill="0 1 0" mode="-11"
 points="2.70717 5.94363,
	2.69288 5.92934,
	2.70717 5.91505,
	2.72146 5.92934,
	"/>
</Transform>

<Transform dim="0"
 xcoef=" 0 1 0 0 0 0"
 ycoef=" 0 0 1 0 0 0">
<Contour name="d02ax16ssvr" hidden="false" closed="true" simplified="false" border="0 1 0" fill="0 1 0" mode="-11"
 points="5.39619 4.50866,
	5.38329 4.49576,
	5.39619 4.48286,
	5.40909 4.49576,
	"/>
<Contour name="d02ax16ssvr" hidden="false" closed="true" simplified="false" border="0 1 0" fill="0 1 0" mode="-11"
 points="5.37592 4.42575,
	5.36303 4.41285,
	5.37592 4.39995,
	5.38882 4.41285,
	"/>
<Contour name="d02ax16ssvr" hidden="false" closed="true" simplified="false" border="0 1 0" fill="0 1 0" mode="-11"
 points="5.32433 4.41469,
	5.31144 4.4018,
	5.32433 4.3889,
	5.33723 4.4018,
	"/>
</Transform>

<Transform dim="0"
 xcoef=" 0 1 0 0 0 0"
 ycoef=" 0 0 1 0 0 0">
<Contour name="d01ax19" hidden="false" closed="true" simplified="true" border="1 1 0" fill="1 1 0" mode="-11"
 points="4.32793 5.35143,
	4.34743 5.32544,
	4.37667 5.27345,
	4.39617 5.24746,
	4.42216 5.19872,
	4.42216 5.19222,
	4.44166 5.16948,
	4.49364 5.13374,
	4.54563 5.11099,
	4.59762 5.10449,
	4.70159 5.10124,
	4.75358 5.0915,
	4.80557 5.08825,
	4.85755 5.09799,
	4.96153 5.10449,
	5.01351 5.10449,
	5.02651 5.10124,
	5.05251 5.10774,
	5.0655 5.11424,
	5.0785 5.12724,
	5.08175 5.17922,
	5.07525 5.19222,
	5.07525 5.19872,
	5.059 5.22471,
	5.05251 5.23446,
	5.02976 5.2572,
	5.02001 5.2702,
	5.01027 5.2767,
	4.99727 5.2897,
	4.89979 5.35468,
	4.87705 5.36443,
	4.82506 5.37093,
	4.72109 5.36768,
	4.6691 5.37093,
	4.64311 5.37743,
	4.59112 5.40017,
	4.57812 5.40992,
	4.52613 5.42616,
	4.47415 5.42941,
	4.42216 5.41966,
	4.40916 5.41642,
	4.35718 5.41966,
	4.33443 5.39692,
	4.32793 5.37093,
	4.32793 5.35793,
	4.32793 5.35468,
	"/>
</Transform>

<Transform dim="0"
 xcoef=" 0 1 0 0 0 0"
 ycoef=" 0 0 1 0 0 0">
<Contour name="d03ax10b" hidden="false" closed="true" simplified="true" border="0 1 1" fill="0 1 1" mode="11"
 points="5.62946 4.6521,
	5.63997 4.63809,
	5.69602 4.60656,
	5.72404 4.59605,
	5.78009 4.59955,
	5.80812 4.60656,
	5.81512 4.60656,
	5.82213 4.61357,
	5.83614 4.61707,
	5.89219 4.6521,
	5.91671 4.67312,
	5.94124 4.68713,
	5.95525 4.69764,
	5.96926 4.70114,
	5.99729 4.72216,
	6.02531 4.73617,
	6.03932 4.75019,
	6.04283 4.80624,
	6.03232 4.83426,
	6.0148 4.85878,
	5.96576 4.90432,
	5.93773 4.90783,
	5.90971 4.90432,
	5.88168 4.89381,
	5.82914 4.84827,
	5.77309 4.80974,
	5.74506 4.78522,
	5.64347 4.70465,
	5.62946 4.67662,
	5.62946 4.66261,
	5.62946 4.6556,
	"/>
</Transform>

<Transform dim="0"
 xcoef=" 0 1 0 0 0 0"
 ycoef=" 0 0 1 0 0 0">
<Contour name="d04ax14" hidden="false" closed="true" simplified="true" border="1 0 0" fill="1 0 0" mode="-11"
 points="4.65699 5.0277,
	4.66568 5.00453,
	4.68016 4.98136,
	4.70333 4.96398,
	4.71491 4.95529,
	4.7265 4.93212,
	4.73229 4.92054,
	4.77573 4.88289,
	4.79601 4.85972,
	4.81049 4.83655,
	4.85393 4.7989,
	4.89737 4.77573,
	4.94371 4.75836,
	4.99005 4.75256,
	5.01322 4.75546,
	5.05955 4.77573,
	5.103 4.81049,
	5.12617 4.83076,
	5.13485 4.83945,
	5.14065 4.84234,
	5.13196 4.86551,
	5.13196 4.8771,
	5.14065 4.88868,
	5.16382 4.89737,
	5.1754 4.90316,
	5.18988 4.92633,
	5.18698 4.97267,
	5.18409 4.98426,
	5.1754 4.99584,
	5.1754 5.00163,
	5.12906 5.04507,
	5.10879 5.06535,
	5.08852 5.07693,
	5.07693 5.08562,
	5.03059 5.09431,
	4.93792 5.08562,
	4.89158 5.08562,
	4.84524 5.07693,
	4.82207 5.06824,
	4.7989 5.06535,
	4.75256 5.07983,
	4.72939 5.08272,
	4.70623 5.07983,
	4.68306 5.06824,
	4.67147 5.05955,
	4.65989 5.03928,
	4.65699 5.03059,
	"/>
</Transform>

<Transform dim="0"
 xcoef=" 0 1 0 0 0 0"
 ycoef=" 0 0 1 0 0 0">
<Contour name="d04cfa12c" hidden="false" closed="false" simplified="false" border="0 1 0" fill="0 1 0" mode="11"
 points="1.95368 7.52659,
	1.87524 7.49422,
	1.808 7.48426,
	1.74077 7.50045,
	"/>
</Transform>

</Section>