<?xml version="1.0"?>
<!DOCTYPE Section SYSTEM "section.dtd">

<Section index="89" thickness="0.0532092" alignLocked="true">
<Transform dim="0"
 xcoef=" 0 1 0 0 0 0"
 ycoef=" 0 0 1 0 0 0">
<Contour name="mito8" hidden="false" closed="false" simplified="true" border="1 0 0" fill="1 0 0" mode="9"
 points="5.91814 4.3869,
	5.72288 4.21062,
	"/>
</Transform>

<Transform dim="0"
 xcoef=" 0 1 0 0 0 0"
 ycoef=" 0 0 1 0 0 0">
<Contour name="Ax01" hidden="false" closed="true" simplified="true" border="1 0.5 0" fill="1 0.5 0" mode="11"
 points="5.04397 4.12292,
	5.05166 4.11266,
	5.07219 4.10239,
	5.15429 4.10496,
	5.19534 4.10239,
	5.21586 4.10239,
	5.22613 4.10239,
	5.26718 4.08957,
	5.2877 4.087,
	5.29796 4.087,
	5.31592 4.10496,
	5.32618 4.11009,
	5.36723 4.11779,
	5.3775 4.12035,
	5.38006 4.12292,
	5.35954 4.13575,
	5.27744 4.15114,
	5.25691 4.15371,
	5.24665 4.15627,
	5.20817 4.18193,
	5.18764 4.18962,
	5.16712 4.19219,
	5.16199 4.19219,
	5.14146 4.17423,
	5.12863 4.17166,
	5.10811 4.18962,
	5.10298 4.19475,
	5.08245 4.19732,
	5.07219 4.19475,
	5.06193 4.18706,
	5.0491 4.16653,
	5.04397 4.12548,
	"/>
</Transform>

<Transform dim="0"
 xcoef=" 0 1 0 0 0 0"
 ycoef=" 0 0 1 0 0 0">
<Contour name="Ax02" hidden="false" closed="true" simplified="true" border="0.5 0 1" fill="0.5 0 1" mode="11"
 points="3.34096 3.38653,
	3.35235 3.37513,
	3.39792 3.35805,
	3.40931 3.35235,
	3.45488 3.3552,
	3.50046 3.36374,
	3.51185 3.36659,
	3.55742 3.39222,
	3.58021 3.40077,
	3.60299 3.41501,
	3.61723 3.4378,
	3.6628 3.46628,
	3.70838 3.48052,
	3.75395 3.50046,
	3.77388 3.5147,
	3.78528 3.52039,
	3.79097 3.52609,
	3.83655 3.53748,
	3.85933 3.54603,
	3.90205 3.57736,
	3.92484 3.5916,
	3.93054 3.5973,
	3.93623 3.5973,
	3.94193 3.60299,
	3.94763 3.60299,
	3.97041 3.61723,
	3.97611 3.62293,
	3.9875 3.62578,
	3.99035 3.63147,
	3.99605 3.63147,
	4.01883 3.64856,
	4.03022 3.67135,
	4.07295 3.69983,
	4.09573 3.71407,
	4.10143 3.71407,
	4.10713 3.71977,
	4.11282 3.71977,
	4.15839 3.75395,
	4.20397 3.77958,
	4.22105 3.79382,
	4.23245 3.79952,
	4.24384 3.81091,
	4.26663 3.8223,
	4.27517 3.83085,
	4.28087 3.83085,
	4.28656 3.83655,
	4.29226 3.83655,
	4.29511 3.84224,
	4.34068 3.86218,
	4.38625 3.88781,
	4.42328 3.92484,
	4.466 3.96187,
	4.47739 3.97326,
	4.48879 3.97896,
	4.53436 3.97326,
	4.55714 3.97326,
	4.60272 3.9932,
	4.6255 4.00174,
	4.67107 4.02738,
	4.68247 4.03307,
	4.68816 4.03307,
	4.69386 4.03877,
	4.69955 4.03877,
	4.71664 4.05586,
	4.73088 4.07864,
	4.73658 4.10143,
	4.73658 4.147,
	4.73088 4.16979,
	4.73088 4.17548,
	4.72519 4.18118,
	4.72234 4.19257,
	4.70525 4.21536,
	4.69386 4.22105,
	4.67107 4.21821,
	4.64829 4.20397,
	4.6255 4.19542,
	4.6198 4.18972,
	4.57423 4.18688,
	4.55145 4.17263,
	4.53151 4.1527,
	4.50872 4.14415,
	4.46315 4.13846,
	4.41758 4.13846,
	4.3948 4.12991,
	4.37201 4.11567,
	4.36631 4.11567,
	4.36062 4.10997,
	4.33783 4.10143,
	4.33213 4.10143,
	4.32644 4.09573,
	4.30365 4.08719,
	4.21536 4.03592,
	4.16979 4.01598,
	4.147 4.00744,
	4.1413 4.00174,
	4.12991 3.99889,
	4.10713 3.98465,
	4.10143 3.9818,
	4.07864 3.98465,
	4.05586 3.97326,
	4.04447 3.97041,
	3.95902 3.91345,
	3.91345 3.88212,
	3.87357 3.84224,
	3.85079 3.8223,
	3.80522 3.79952,
	3.79382 3.79097,
	3.78813 3.78528,
	3.78243 3.78528,
	3.77958 3.77958,
	3.77388 3.77958,
	3.76819 3.77388,
	3.76249 3.77388,
	3.7511 3.76534,
	3.73116 3.7568,
	3.68844 3.71692,
	3.5973 3.6685,
	3.5916 3.6628,
	3.5859 3.6628,
	3.56312 3.64856,
	3.55172 3.64002,
	3.52894 3.63147,
	3.48906 3.5973,
	3.47482 3.57451,
	3.47197 3.56312,
	3.47197 3.55742,
	3.42925 3.5147,
	3.35805 3.43495,
	3.3438 3.41216,
	3.34096 3.38938,
	"/>
<Contour name="Ax02" hidden="false" closed="true" simplified="true" border="0.5 0 1" fill="0.5 0 1" mode="11"
 points="1.62918 2.27572,
	1.64627 2.25863,
	1.73741 2.25009,
	1.78298 2.25294,
	1.87413 2.27003,
	1.9197 2.28427,
	1.96527 2.28712,
	2.01084 2.30705,
	2.02223 2.3099,
	2.02793 2.3099,
	2.03932 2.31845,
	2.13046 2.35832,
	2.15325 2.36402,
	2.19882 2.3868,
	2.21021 2.3925,
	2.21306 2.3982,
	2.21876 2.3982,
	2.26433 2.42383,
	2.28712 2.43807,
	2.32699 2.4751,
	2.36971 2.50643,
	2.3925 2.52637,
	2.4751 2.58618,
	2.51782 2.61751,
	2.5577 2.66308,
	2.58903 2.70865,
	2.61181 2.72859,
	2.6346 2.74283,
	2.6403 2.74283,
	2.67732 2.78555,
	2.69726 2.80834,
	2.72005 2.82543,
	2.73713 2.84821,
	2.75992 2.8653,
	2.77416 2.87955,
	2.81973 2.89663,
	2.84252 2.90803,
	2.93366 2.97069,
	2.93936 2.97638,
	2.94505 2.97638,
	2.98778 3.00487,
	2.99632 3.01626,
	2.99632 3.02196,
	3.00487 3.03335,
	3.00487 3.03905,
	3.08746 3.11025,
	3.1074 3.12734,
	3.11595 3.13873,
	3.12164 3.14443,
	3.21279 3.18146,
	3.25836 3.20994,
	3.27545 3.22988,
	3.28114 3.23557,
	3.2783 3.25836,
	3.26121 3.30393,
	3.24412 3.32387,
	3.19855 3.33241,
	3.15297 3.32671,
	3.14158 3.32671,
	3.1188 3.31532,
	3.10455 3.29538,
	3.09601 3.28399,
	3.00487 3.22988,
	2.9593 3.21563,
	2.93651 3.20994,
	2.92512 3.20709,
	2.91942 3.20139,
	2.82828 3.18146,
	2.80549 3.17006,
	2.78271 3.15013,
	2.73713 3.12449,
	2.64599 3.10455,
	2.60042 3.08746,
	2.57763 3.07892,
	2.56624 3.07607,
	2.55485 3.06753,
	2.54346 3.06468,
	2.50073 3.03335,
	2.4751 2.99063,
	2.46086 2.96784,
	2.45801 2.95645,
	2.45231 2.95075,
	2.44946 2.93936,
	2.3925 2.85106,
	2.38111 2.83967,
	2.38111 2.82828,
	2.35547 2.78271,
	2.35547 2.77131,
	2.33269 2.75422,
	2.24439 2.7115,
	2.233 2.7058,
	2.22161 2.7058,
	2.21591 2.70011,
	2.12477 2.68017,
	2.10198 2.68017,
	2.05641 2.67163,
	2.01369 2.63745,
	2.0023 2.6346,
	1.97666 2.59188,
	1.96242 2.56909,
	1.95672 2.5577,
	1.95672 2.552,
	1.94818 2.54061,
	1.92824 2.49504,
	1.92255 2.48364,
	1.91115 2.47225,
	1.86558 2.45231,
	1.82286 2.41813,
	1.78013 2.37541,
	1.7602 2.35547,
	1.71463 2.34693,
	1.69184 2.34408,
	1.68045 2.34123,
	1.65766 2.32699,
	1.64912 2.3213,
	1.63203 2.29851,
	1.62918 2.27857,
	"/>
</Transform>

<Transform dim="0"
 xcoef=" 0 1 0 0 0 0"
 ycoef=" 0 0 1 0 0 0">
<Contour name="Ax02B02ssrv1" hidden="false" closed="true" simplified="false" border="0.5 0 1" fill="0.5 0 1" mode="13"
 points="2.18598 2.63822,
	2.17548 2.63472,
	2.18598 2.63122,
	2.17898 2.62071,
	2.18948 2.62772,
	2.19299 2.61721,
	2.19649 2.62772,
	2.207 2.62071,
	2.19999 2.63122,
	2.2105 2.63472,
	2.19999 2.63822,
	2.207 2.64873,
	2.19649 2.64172,
	2.19299 2.65223,
	2.18948 2.64172,
	2.17898 2.64873,
	"/>
<Contour name="Ax02B02ssrv2" hidden="false" closed="true" simplified="false" border="0.5 0 1" fill="0.5 0 1" mode="13"
 points="2.64126 3.02346,
	2.63076 3.01996,
	2.64126 3.01645,
	2.63426 3.00595,
	2.64476 3.01295,
	2.64827 3.00245,
	2.65177 3.01295,
	2.66228 3.00595,
	2.65527 3.01645,
	2.66578 3.01996,
	2.65527 3.02346,
	2.66228 3.03396,
	2.65177 3.02696,
	2.64827 3.03747,
	2.64476 3.02696,
	2.63426 3.03396,
	"/>
<Contour name="Ax02B02ssrv3" hidden="false" closed="true" simplified="false" border="0.5 0 1" fill="0.5 0 1" mode="13"
 points="2.71481 3.07249,
	2.7043 3.06899,
	2.71481 3.06548,
	2.7078 3.05498,
	2.71831 3.06198,
	2.72181 3.05148,
	2.72531 3.06198,
	2.73582 3.05498,
	2.72882 3.06548,
	2.73932 3.06899,
	2.72882 3.07249,
	2.73582 3.08299,
	2.72531 3.07599,
	2.72181 3.0865,
	2.71831 3.07599,
	2.7078 3.08299,
	"/>
</Transform>

<Transform dim="0"
 xcoef=" 0 1 0 0 0 0"
 ycoef=" 0 0 1 0 0 0">
<Contour name="Ax03" hidden="false" closed="true" simplified="true" border="1 0 0.5" fill="1 0 0.5" mode="-11"
 points="3.1904 4.09735,
	3.20244 4.03314,
	3.21046 4.00104,
	3.21849 3.98499,
	3.24658 3.96091,
	3.29072 3.8967,
	3.3148 3.86459,
	3.34691 3.84453,
	3.36296 3.84052,
	3.42316 3.80038,
	3.45526 3.78433,
	3.48736 3.78032,
	3.50342 3.77631,
	3.51144 3.76828,
	3.54355 3.76025,
	3.5596 3.75223,
	3.62381 3.75223,
	3.65591 3.76427,
	3.67197 3.76828,
	3.68802 3.78032,
	3.69604 3.78032,
	3.72815 3.80038,
	3.76025 3.81242,
	3.79236 3.83249,
	3.82045 3.86058,
	3.84854 3.87663,
	3.86459 3.89269,
	3.86861 3.90874,
	3.87663 3.91676,
	3.87262 3.94887,
	3.86459 3.96492,
	3.86459 3.97295,
	3.8365 4.00104,
	3.82045 4.01308,
	3.81242 4.0211,
	3.78433 4.03314,
	3.77229 4.04518,
	3.75223 4.10939,
	3.74821 4.1736,
	3.75624 4.20571,
	3.75624 4.22176,
	3.7442 4.23781,
	3.73618 4.23781,
	3.71611 4.2659,
	3.7121 4.27393,
	3.74019 4.29399,
	3.8044 4.31807,
	3.8365 4.33011,
	3.84453 4.33011,
	3.85255 4.33814,
	3.91676 4.3582,
	3.93282 4.37024,
	3.94887 4.37426,
	3.97295 4.40235,
	3.96893 4.43445,
	3.94084 4.46254,
	3.88065 4.50267,
	3.85255 4.51873,
	3.78835 4.52274,
	3.72414 4.50267,
	3.69203 4.48662,
	3.67598 4.4786,
	3.66795 4.47057,
	3.6519 4.46656,
	3.6198 4.44649,
	3.60374 4.44649,
	3.53953 4.4184,
	3.50743 4.41037,
	3.44723 4.36222,
	3.43921 4.35419,
	3.4071 4.34616,
	3.375 4.3261,
	3.34691 4.29399,
	3.34691 4.28597,
	3.32684 4.25386,
	3.27066 4.20972,
	3.23855 4.19768,
	3.2225 4.18965,
	3.20645 4.1736,
	3.1904 4.1415,
	3.1904 4.10939,
	3.1904 4.10137,
	"/>
</Transform>

<Transform dim="0"
 xcoef=" 0 1 0 0 0 0"
 ycoef=" 0 0 1 0 0 0">
<Contour name="Ax03B03ssrv2" hidden="false" closed="true" simplified="false" border="0.5 0 1" fill="0.5 0 1" mode="13"
 points="3.78726 4.3968,
	3.77797 4.3937,
	3.78726 4.39061,
	3.78107 4.38132,
	3.79035 4.38751,
	3.79345 4.37823,
	3.79654 4.38751,
	3.80583 4.38132,
	3.79964 4.39061,
	3.80893 4.3937,
	3.79964 4.3968,
	3.80583 4.40609,
	3.79654 4.39989,
	3.79345 4.40918,
	3.79035 4.39989,
	3.78107 4.40609,
	"/>
<Contour name="Ax03B03ssrv3" hidden="false" closed="true" simplified="false" border="0.5 0 1" fill="0.5 0 1" mode="13"
 points="3.72535 4.38132,
	3.71606 4.37823,
	3.72535 4.37513,
	3.71916 4.36584,
	3.72844 4.37204,
	3.73154 4.36275,
	3.73463 4.37204,
	3.74392 4.36584,
	3.73773 4.37513,
	3.74702 4.37823,
	3.73773 4.38132,
	3.74392 4.39061,
	3.73463 4.38442,
	3.73154 4.3937,
	3.72844 4.38442,
	3.71916 4.39061,
	"/>
<Contour name="Ax03B03ssrv4" hidden="false" closed="true" simplified="false" border="0.5 0 1" fill="0.5 0 1" mode="13"
 points="3.66344 4.27298,
	3.65415 4.26988,
	3.66344 4.26679,
	3.65725 4.2575,
	3.66653 4.26369,
	3.66963 4.25441,
	3.67273 4.26369,
	3.68201 4.2575,
	3.67582 4.26679,
	3.68511 4.26988,
	3.67582 4.27298,
	3.68201 4.28227,
	3.67273 4.27608,
	3.66963 4.28536,
	3.66653 4.27608,
	3.65725 4.28227,
	"/>
<Contour name="Ax03B03ssrv5" hidden="false" closed="true" simplified="false" border="0.5 0 1" fill="0.5 0 1" mode="13"
 points="3.52105 4.27917,
	3.51176 4.27608,
	3.52105 4.27298,
	3.51486 4.26369,
	3.52414 4.26988,
	3.52724 4.2606,
	3.53033 4.26988,
	3.53962 4.26369,
	3.53343 4.27298,
	3.54272 4.27608,
	3.53343 4.27917,
	3.53962 4.28846,
	3.53033 4.28227,
	3.52724 4.29155,
	3.52414 4.28227,
	3.51486 4.28846,
	"/>
<Contour name="Ax03B03ssrv6" hidden="false" closed="true" simplified="false" border="0.5 0 1" fill="0.5 0 1" mode="13"
 points="3.51795 4.34727,
	3.50866 4.34418,
	3.51795 4.34108,
	3.51176 4.33179,
	3.52105 4.33798,
	3.52414 4.3287,
	3.52724 4.33798,
	3.53652 4.33179,
	3.53033 4.34108,
	3.53962 4.34418,
	3.53033 4.34727,
	3.53652 4.35656,
	3.52724 4.35037,
	3.52414 4.35965,
	3.52105 4.35037,
	3.51176 4.35656,
	"/>
<Contour name="Ax03B03ssrv7" hidden="false" closed="true" simplified="false" border="0.5 0 1" fill="0.5 0 1" mode="13"
 points="3.2796 4.1244,
	3.27031 4.1213,
	3.2796 4.11821,
	3.27341 4.10892,
	3.2827 4.11511,
	3.28579 4.10582,
	3.28889 4.11511,
	3.29817 4.10892,
	3.29198 4.11821,
	3.30127 4.1213,
	3.29198 4.1244,
	3.29817 4.13368,
	3.28889 4.12749,
	3.28579 4.13678,
	3.2827 4.12749,
	3.27341 4.13368,
	"/>
<Contour name="Ax03B03ssrv8" hidden="false" closed="true" simplified="false" border="0.5 0 1" fill="0.5 0 1" mode="13"
 points="3.44985 3.87366,
	3.44056 3.87057,
	3.44985 3.86747,
	3.44366 3.85819,
	3.45295 3.86438,
	3.45604 3.85509,
	3.45914 3.86438,
	3.46842 3.85819,
	3.46223 3.86747,
	3.47152 3.87057,
	3.46223 3.87366,
	3.46842 3.88295,
	3.45914 3.87676,
	3.45604 3.88605,
	3.45295 3.87676,
	3.44366 3.88295,
	"/>
<Contour name="Ax03B03ssrv9" hidden="false" closed="true" simplified="false" border="0.5 0 1" fill="0.5 0 1" mode="13"
 points="3.53343 3.83033,
	3.52414 3.82723,
	3.53343 3.82414,
	3.52724 3.81485,
	3.53652 3.82104,
	3.53962 3.81175,
	3.54272 3.82104,
	3.552 3.81485,
	3.54581 3.82414,
	3.5551 3.82723,
	3.54581 3.83033,
	3.552 3.83961,
	3.54272 3.83342,
	3.53962 3.84271,
	3.53652 3.83342,
	3.52724 3.83961,
	"/>
<Contour name="Ax03B03ssrv10" hidden="false" closed="true" simplified="false" border="0.5 0 1" fill="0.5 0 1" mode="13"
 points="3.71297 3.94795,
	3.70368 3.94486,
	3.71297 3.94176,
	3.70678 3.93248,
	3.71606 3.93867,
	3.71916 3.92938,
	3.72225 3.93867,
	3.73154 3.93248,
	3.72535 3.94176,
	3.73463 3.94486,
	3.72535 3.94795,
	3.73154 3.95724,
	3.72225 3.95105,
	3.71916 3.96034,
	3.71606 3.95105,
	3.70678 3.95724,
	"/>
<Contour name="Ax03B03ssrv11" hidden="false" closed="true" simplified="false" border="0.5 0 1" fill="0.5 0 1" mode="13"
 points="3.73154 3.99129,
	3.72225 3.9882,
	3.73154 3.9851,
	3.72535 3.97581,
	3.73463 3.98201,
	3.73773 3.97272,
	3.74083 3.98201,
	3.75011 3.97581,
	3.74392 3.9851,
	3.75321 3.9882,
	3.74392 3.99129,
	3.75011 4.00058,
	3.74083 3.99439,
	3.73773 4.00367,
	3.73463 3.99439,
	3.72535 4.00058,
	"/>
</Transform>

<Transform dim="0"
 xcoef=" 0 1 0 0 0 0"
 ycoef=" 0 0 1 0 0 0">
<Contour name="Ax03B03c01" hidden="false" closed="true" simplified="true" border="0 1 0" fill="0 1 0" mode="-9"
 points="3.13572 4.07365,
	3.145 4.04888,
	3.145 4.0365,
	3.17286 3.98697,
	3.20691 3.93745,
	3.24715 3.88792,
	3.26882 3.86625,
	3.2812 3.86006,
	3.29359 3.86006,
	3.30287 3.86934,
	3.30597 3.88173,
	3.30906 3.88792,
	3.30287 3.89411,
	3.29978 3.90649,
	3.25954 3.95292,
	3.25335 3.96221,
	3.24096 3.9715,
	3.21929 4.01793,
	3.2131 4.02412,
	3.19453 4.07365,
	3.17905 4.09841,
	3.16977 4.11079,
	3.15739 4.11389,
	3.145 4.11079,
	3.13572 4.10151,
	3.13572 4.07674,
	"/>
<Contour name="Ax03B03cfa01" hidden="false" closed="false" simplified="false" border="0 1 1" fill="0 1 1" mode="9"
 points="3.15578 4.10892,
	3.16507 4.0563,
	3.18674 4.00986,
	3.22388 3.95415,
	3.25793 3.91081,
	3.29198 3.86128,
	"/>
</Transform>

<Transform dim="0"
 xcoef=" 0 1 0 0 0 0"
 ycoef=" 0 0 1 0 0 0">
<Contour name="Ax06" hidden="false" closed="true" simplified="true" border="0 0 1" fill="0 0 1" mode="11"
 points="2.97462 2.62983,
	2.98476 2.61631,
	2.99152 2.60955,
	2.99828 2.60955,
	3.05236 2.57913,
	3.10645 2.55885,
	3.21461 2.56223,
	3.26532 2.57237,
	3.24504 2.59941,
	3.21461 2.65011,
	3.18757 2.67039,
	3.16053 2.68054,
	3.10645 2.68392,
	3.0794 2.6873,
	3.05236 2.69744,
	3.02532 2.69744,
	2.99828 2.6873,
	2.98476 2.67715,
	2.97462 2.65011,
	2.97462 2.63659,
	2.97462 2.63321,
	"/>
</Transform>

<Transform dim="0"
 xcoef=" 0 1 0 0 0 0"
 ycoef=" 0 0 1 0 0 0">
<Contour name="Ax07" hidden="false" closed="true" simplified="true" border="1 0 1" fill="1 0 1" mode="11"
 points="5.62268 2.38616,
	5.67033 2.33484,
	5.685 2.33118,
	5.71432 2.30919,
	5.77296 2.29086,
	5.78763 2.28719,
	5.79496 2.27986,
	5.8536 2.2652,
	5.91225 2.2652,
	5.92691 2.2652,
	5.93424 2.2652,
	5.96356 2.28719,
	5.97823 2.31652,
	5.97456 2.34584,
	5.9489 2.37516,
	5.91958 2.39349,
	5.89026 2.40449,
	5.83161 2.40082,
	5.71432 2.40815,
	5.65567 2.40815,
	5.62635 2.40082,
	5.62268 2.38982,
	"/>
</Transform>

<Transform dim="0"
 xcoef=" 0 1 0 0 0 0"
 ycoef=" 0 0 1 0 0 0">
<Contour name="Ax09" hidden="false" closed="true" simplified="true" border="0 1 0" fill="0 1 0" mode="-11"
 points="3.03995 1.98258,
	3.05757 1.96495,
	3.08841 1.94733,
	3.12366 1.9209,
	3.1589 1.91208,
	3.19415 1.9253,
	3.22499 1.95174,
	3.22058 1.98698,
	3.18974 2.01782,
	3.1545 2.03985,
	3.11925 2.04866,
	3.08401 2.04426,
	3.06638 2.04426,
	3.04876 2.03104,
	3.03995 2.01342,
	3.03995 1.99579,
	3.03995 1.98698,
	"/>
</Transform>

<Transform dim="0"
 xcoef=" 0 1 0 0 0 0"
 ycoef=" 0 0 1 0 0 0">
<Contour name="Ax10" hidden="false" closed="true" simplified="true" border="0 1 1" fill="0 1 1" mode="11"
 points="2.11181 3.13544,
	2.2071 3.08625,
	2.2194 3.08011,
	2.22555 3.08011,
	2.23169 3.07396,
	2.25629 3.06781,
	2.30547 3.06474,
	2.31777 3.05859,
	2.36695 3.04937,
	2.41613 3.05244,
	2.44072 3.05552,
	2.45302 3.05552,
	2.45917 3.06166,
	2.50835 3.06474,
	2.55753 3.08625,
	2.60672 3.10162,
	2.61901 3.10777,
	2.6682 3.11085,
	2.76349 3.15388,
	2.76656 3.16003,
	2.77886 3.1631,
	2.80345 3.18155,
	2.90182 3.20921,
	2.951 3.22151,
	3.00018 3.23995,
	3.04937 3.26454,
	3.07396 3.27991,
	3.0924 3.30451,
	3.09855 3.31065,
	3.09548 3.33525,
	3.07396 3.35676,
	3.04937 3.37213,
	3.02478 3.38135,
	2.97559 3.3875,
	2.87723 3.39058,
	2.85263 3.38443,
	2.75427 3.39058,
	2.70508 3.38443,
	2.68049 3.37828,
	2.6559 3.38443,
	2.63131 3.38135,
	2.61901 3.37828,
	2.61287 3.37828,
	2.60672 3.37213,
	2.58213 3.36599,
	2.53294 3.34447,
	2.50835 3.33217,
	2.48376 3.31065,
	2.47454 3.28606,
	2.44995 3.27069,
	2.42535 3.26147,
	2.37924 3.22458,
	2.35465 3.21536,
	2.33006 3.21229,
	2.31777 3.20614,
	2.26858 3.19999,
	2.24399 3.19692,
	2.19481 3.18155,
	2.17021 3.18155,
	2.14562 3.1754,
	2.12103 3.16003,
	2.11181 3.14773,
	2.11181 3.13851,
	"/>
</Transform>

<Transform dim="0"
 xcoef=" 0 1 0 0 0 0"
 ycoef=" 0 0 1 0 0 0">
<Contour name="Ax10B02ssrv17" hidden="false" closed="true" simplified="false" border="0.5 0 1" fill="0.5 0 1" mode="13"
 points="2.88569 3.30044,
	2.87592 3.29718,
	2.88569 3.29392,
	2.87918 3.28415,
	2.88895 3.29067,
	2.89221 3.28089,
	2.89547 3.29067,
	2.90525 3.28415,
	2.89873 3.29392,
	2.90851 3.29718,
	2.89873 3.30044,
	2.90525 3.31022,
	2.89547 3.3037,
	2.89221 3.31348,
	2.88895 3.3037,
	2.87918 3.31022,
	"/>
<Contour name="Ax10B02ssrv18" hidden="false" closed="true" simplified="false" border="0.5 0 1" fill="0.5 0 1" mode="13"
 points="2.84007 3.25156,
	2.83029 3.2483,
	2.84007 3.24504,
	2.83355 3.23526,
	2.84333 3.24178,
	2.84659 3.23201,
	2.84985 3.24178,
	2.85962 3.23526,
	2.8531 3.24504,
	2.86288 3.2483,
	2.8531 3.25156,
	2.85962 3.26134,
	2.84985 3.25482,
	2.84659 3.26459,
	2.84333 3.25482,
	2.83355 3.26134,
	"/>
<Contour name="Ax10B02ssrv19" hidden="false" closed="true" simplified="false" border="0.5 0 1" fill="0.5 0 1" mode="13"
 points="2.77815 3.29718,
	2.76837 3.29392,
	2.77815 3.29067,
	2.77163 3.28089,
	2.78141 3.28741,
	2.78467 3.27763,
	2.78793 3.28741,
	2.7977 3.28089,
	2.79119 3.29067,
	2.80096 3.29392,
	2.79119 3.29718,
	2.7977 3.30696,
	2.78793 3.30044,
	2.78467 3.31022,
	2.78141 3.30044,
	2.77163 3.30696,
	"/>
<Contour name="Ax10B02ssrv20" hidden="false" closed="true" simplified="false" border="0.5 0 1" fill="0.5 0 1" mode="13"
 points="2.7977 3.33303,
	2.78793 3.32977,
	2.7977 3.32651,
	2.79119 3.31674,
	2.80096 3.32325,
	2.80422 3.31348,
	2.80748 3.32325,
	2.81726 3.31674,
	2.81074 3.32651,
	2.82052 3.32977,
	2.81074 3.33303,
	2.81726 3.34281,
	2.80748 3.33629,
	2.80422 3.34607,
	2.80096 3.33629,
	2.79119 3.34281,
	"/>
<Contour name="Ax10B02ssrv21" hidden="false" closed="true" simplified="false" border="0.5 0 1" fill="0.5 0 1" mode="13"
 points="2.67387 3.16031,
	2.66409 3.15705,
	2.67387 3.15379,
	2.66735 3.14402,
	2.67713 3.15053,
	2.68039 3.14076,
	2.68364 3.15053,
	2.69342 3.14402,
	2.6869 3.15379,
	2.69668 3.15705,
	2.6869 3.16031,
	2.69342 3.17009,
	2.68364 3.16357,
	2.68039 3.17335,
	2.67713 3.16357,
	2.66735 3.17009,
	"/>
<Contour name="Ax10B02ssrv22" hidden="false" closed="true" simplified="false" border="0.5 0 1" fill="0.5 0 1" mode="13"
 points="2.60869 3.28415,
	2.59891 3.28089,
	2.60869 3.27763,
	2.60217 3.26785,
	2.61195 3.27437,
	2.61521 3.26459,
	2.61847 3.27437,
	2.62824 3.26785,
	2.62173 3.27763,
	2.6315 3.28089,
	2.62173 3.28415,
	2.62824 3.29392,
	2.61847 3.28741,
	2.61521 3.29718,
	2.61195 3.28741,
	2.60217 3.29392,
	"/>
<Contour name="Ax10B02ssrv23" hidden="false" closed="true" simplified="false" border="0.5 0 1" fill="0.5 0 1" mode="13"
 points="2.56307 3.25482,
	2.55329 3.25156,
	2.56307 3.2483,
	2.55655 3.23852,
	2.56633 3.24504,
	2.56958 3.23526,
	2.57284 3.24504,
	2.58262 3.23852,
	2.5761 3.2483,
	2.58588 3.25156,
	2.5761 3.25482,
	2.58262 3.26459,
	2.57284 3.25808,
	2.56958 3.26785,
	2.56633 3.25808,
	2.55655 3.26459,
	"/>
<Contour name="Ax10B02ssrv24" hidden="false" closed="true" simplified="false" border="0.5 0 1" fill="0.5 0 1" mode="13"
 points="2.49789 3.25808,
	2.48811 3.25482,
	2.49789 3.25156,
	2.49137 3.24178,
	2.50115 3.2483,
	2.50441 3.23852,
	2.50767 3.2483,
	2.51744 3.24178,
	2.51093 3.25156,
	2.5207 3.25482,
	2.51093 3.25808,
	2.51744 3.26785,
	2.50767 3.26134,
	2.50441 3.27111,
	2.50115 3.26134,
	2.49137 3.26785,
	"/>
</Transform>

<Transform dim="1"
 xcoef=" -0.48 1 0 0 0 0"
 ycoef=" 0.27 0 1 0 0 0">
<Contour name="Brick" hidden="false" closed="false" simplified="true" border="1 0 0" fill="1 0 1" mode="9"
 points="1.77971 8.44769,
	1.77971 6.69769,
	1.77971 3.19769,
	5.27971 3.19769,
	5.27971 1.44769,
	"/>
<Contour name="Brick" hidden="false" closed="false" simplified="true" border="0 1 0" fill="1 0 1" mode="9"
 points="1.77971 6.69769,
	5.27971 6.69769,
	5.27971 3.19769,
	"/>
</Transform>

<Transform dim="0"
 xcoef=" 0 1 0 0 0 0"
 ycoef=" 0 0 1 0 0 0">
<Contour name="Brax17" hidden="false" closed="true" simplified="false" border="1 0 1" fill="1 0 1" mode="-13"
 points="4.4801 6.37916,
	4.4801 6.36341,
	4.49585 6.34766,
	4.5116 6.34766,
	4.52736 6.36341,
	4.52736 6.37916,
	4.5116 6.39492,
	4.49585 6.39492,
	"/>
</Transform>

<Transform dim="0"
 xcoef=" 0 1 0 0 0 0"
 ycoef=" 0 0 1 0 0 0">
<Contour name="Brax21" hidden="false" closed="true" simplified="false" border="1 0.5 0" fill="1 0.5 0" mode="-13"
 points="3.21988 5.63485,
	3.21988 5.62697,
	3.22776 5.61909,
	3.23563 5.61909,
	3.24351 5.62697,
	3.24351 5.63485,
	3.23563 5.64272,
	3.22776 5.64272,
	"/>
</Transform>

<Transform dim="0"
 xcoef=" 0 1 0 0 0 0"
 ycoef=" 0 0 1 0 0 0">
<Contour name="Brax23" hidden="false" closed="true" simplified="false" border="1 0 0.5" fill="1 0 0.5" mode="-13"
 points="3.23563 4.97717,
	3.28289 4.97717,
	3.25926 5.02049,
	"/>
</Transform>

<Transform dim="0"
 xcoef=" 0 1 0 0 0 0"
 ycoef=" 0 0 1 0 0 0">
<Contour name="Brax24" hidden="false" closed="true" simplified="false" border="1 0 0" fill="1 0 0" mode="-13"
 points="3.96813 5.53639,
	3.98783 5.50882,
	3.96813 5.48126,
	3.97995 5.48126,
	3.9957 5.50489,
	4.01145 5.48126,
	4.02327 5.48126,
	4.00358 5.50882,
	4.02327 5.53639,
	4.01145 5.53639,
	3.9957 5.51276,
	3.97995 5.53639,
	"/>
</Transform>

<Transform dim="0"
 xcoef=" 0 1 0 0 0 0"
 ycoef=" 0 0 1 0 0 0">
<Contour name="Brax25" hidden="false" closed="true" simplified="false" border="1 1 0" fill="1 1 0" mode="-13"
 points="2.74336 3.28375,
	2.74336 3.22074,
	2.68035 3.22074,
	2.68035 3.27587,
	2.67247 3.28375,
	2.67247 3.21286,
	2.75124 3.21286,
	2.75124 3.29162,
	2.67247 3.29162,
	2.68035 3.28375,
	"/>
</Transform>

<Transform dim="0"
 xcoef=" 0 1 0 0 0 0"
 ycoef=" 0 0 1 0 0 0">
<Contour name="Brax26" hidden="false" closed="true" simplified="false" border="0 0 1" fill="0 0 1" mode="-13"
 points="5.45283 4.99686,
	5.42526 4.96929,
	5.45283 4.94173,
	5.4804 4.96929,
	"/>
</Transform>

<Transform dim="0"
 xcoef=" 0 1 0 0 0 0"
 ycoef=" 0 0 1 0 0 0">
<Contour name="Brax30" hidden="false" closed="true" simplified="false" border="0 1 1" fill="0 1 1" mode="-13"
 points="4.58643 3.81147,
	4.60218 3.79571,
	4.53917 3.7327,
	4.55492 3.71695,
	4.61794 3.77996,
	4.63369 3.76421,
	4.63369 3.81147,
	"/>
</Transform>

<Transform dim="0"
 xcoef=" 0 1 0 0 0 0"
 ycoef=" 0 0 1 0 0 0">
<Contour name="Brax31" hidden="false" closed="true" simplified="false" border="1 0.5 0" fill="1 0.5 0" mode="-13"
 points="4.05477 4.67393,
	4.05477 4.66605,
	4.06265 4.65818,
	4.07053 4.65818,
	4.0784 4.66605,
	4.0784 4.67393,
	4.07053 4.6818,
	4.06265 4.6818,
	"/>
</Transform>

<Transform dim="0"
 xcoef=" 0 1 0 0 0 0"
 ycoef=" 0 0 1 0 0 0">
<Contour name="Brax32" hidden="false" closed="true" simplified="false" border="0.5 0 1" fill="0.5 0 1" mode="-13"
 points="3.90512 3.42552,
	3.89331 3.42159,
	3.90512 3.41765,
	3.89725 3.40583,
	3.90906 3.41371,
	3.913 3.40189,
	3.91694 3.41371,
	3.92875 3.40583,
	3.92088 3.41765,
	3.93269 3.42159,
	3.92088 3.42552,
	3.92875 3.43734,
	3.91694 3.42946,
	3.913 3.44128,
	3.90906 3.42946,
	3.89725 3.43734,
	"/>
</Transform>

<Transform dim="0"
 xcoef=" 0 1 0 0 0 0"
 ycoef=" 0 0 1 0 0 0">
<Contour name="Brax35" hidden="false" closed="true" simplified="false" border="1 1 0" fill="1 1 0" mode="-13"
 points="4.73214 5.41431,
	4.73214 5.3513,
	4.66913 5.3513,
	4.66913 5.40643,
	4.66126 5.41431,
	4.66126 5.34342,
	4.74002 5.34342,
	4.74002 5.42218,
	4.66126 5.42218,
	4.66913 5.41431,
	"/>
</Transform>

<Transform dim="0"
 xcoef=" 0 1 0 0 0 0"
 ycoef=" 0 0 1 0 0 0">
<Contour name="Brax36" hidden="false" closed="true" simplified="false" border="0 0 1" fill="0 0 1" mode="-13"
 points="5.7285 4.76057,
	5.70094 4.733,
	5.7285 4.70543,
	5.75607 4.733,
	"/>
</Transform>

<Transform dim="0"
 xcoef=" 0 1 0 0 0 0"
 ycoef=" 0 0 1 0 0 0">
<Contour name="Brax40" hidden="false" closed="true" simplified="false" border="0 1 1" fill="0 1 1" mode="-13"
 points="3.57649 4.27382,
	3.59097 4.25933,
	3.53303 4.20139,
	3.54752 4.18691,
	3.60546 4.24485,
	3.61994 4.23036,
	3.61994 4.27382,
	"/>
</Transform>

<Transform dim="0"
 xcoef=" 0 1 0 0 0 0"
 ycoef=" 0 0 1 0 0 0">
<Contour name="d01" hidden="false" closed="true" simplified="true" border="1 0.5 0" fill="1 0.5 0" mode="9"
 points="3.73653 4.26519,
	3.7545 4.24979,
	3.76733 4.23183,
	3.77503 4.2113,
	3.76733 4.17024,
	3.7545 4.12918,
	3.75706 4.08812,
	3.7622 4.06759,
	3.76733 4.05732,
	3.76733 4.05219,
	3.80069 4.01883,
	3.82122 4.00856,
	3.83149 4.00599,
	3.84945 3.99316,
	3.87255 3.95467,
	3.87768 3.9444,
	3.88794 3.9367,
	3.92901 3.93927,
	3.94954 3.94184,
	3.97007 3.94954,
	3.98033 3.95723,
	3.98546 3.95723,
	4.00599 3.97007,
	4.01626 3.97007,
	4.05732 3.98546,
	4.06759 3.9906,
	4.07272 3.9906,
	4.07785 3.99573,
	4.11891 4.00343,
	4.12404 4.00343,
	4.12918 4.00856,
	4.13944 4.01113,
	4.1805 4.03679,
	4.20103 4.04962,
	4.2113 4.05219,
	4.22156 4.05989,
	4.2267 4.05989,
	4.23183 4.06502,
	4.23696 4.06502,
	4.24466 4.07272,
	4.24979 4.07272,
	4.26006 4.08042,
	4.28059 4.08812,
	4.28572 4.09325,
	4.32678 4.11121,
	4.33191 4.11121,
	4.33705 4.11635,
	4.34731 4.11891,
	4.36784 4.13431,
	4.37811 4.13688,
	4.38837 4.14457,
	4.4089 4.14971,
	4.44996 4.14714,
	4.49103 4.14971,
	4.51156 4.15484,
	4.52182 4.16254,
	4.53209 4.1651,
	4.53465 4.17024,
	4.53978 4.17024,
	4.58085 4.19847,
	4.60138 4.20617,
	4.63987 4.23183,
	4.65527 4.24979,
	4.66297 4.26006,
	4.66297 4.26519,
	4.67067 4.27546,
	4.67323 4.28572,
	4.68606 4.30625,
	4.69376 4.32678,
	4.70146 4.33448,
	4.71943 4.37554,
	4.72712 4.39607,
	4.72969 4.4166,
	4.72456 4.45766,
	4.71943 4.47819,
	4.70403 4.49616,
	4.6835 4.51412,
	4.66297 4.52439,
	4.6527 4.52695,
	4.61421 4.55262,
	4.59368 4.56288,
	4.55262 4.57058,
	4.51156 4.57058,
	4.49103 4.56801,
	4.47306 4.55262,
	4.4628 4.54235,
	4.44483 4.52952,
	4.43457 4.52182,
	4.42173 4.50129,
	4.41404 4.48333,
	4.4089 4.47306,
	4.4089 4.46793,
	4.38837 4.4551,
	4.36784 4.45253,
	4.32678 4.45766,
	4.31652 4.45766,
	4.28059 4.48076,
	4.27032 4.48333,
	4.22926 4.47306,
	4.22413 4.46793,
	4.18307 4.4551,
	4.14714 4.42943,
	4.13688 4.42687,
	4.09581 4.43713,
	4.07528 4.4397,
	4.05475 4.43713,
	4.04449 4.432,
	4.03936 4.432,
	4.03422 4.42687,
	3.99316 4.4166,
	3.95467 4.38324,
	3.91874 4.36014,
	3.87768 4.33705,
	3.83662 4.32165,
	3.81609 4.31908,
	3.77503 4.30625,
	3.76989 4.30112,
	3.75963 4.29855,
	3.7391 4.28572,
	3.73653 4.26776,
	"/>
</Transform>

<Transform dim="0"
 xcoef=" 0 1 0 0 0 0"
 ycoef=" 0 0 1 0 0 0">
<Contour name="d03" hidden="false" closed="true" simplified="true" border="1 0 0.5" fill="1 0 0.5" mode="9"
 points="8.14396 4.49312,
	8.1557 4.46964,
	8.17331 4.4491,
	8.19678 4.42855,
	8.22026 4.41388,
	8.22613 4.41388,
	8.232 4.40801,
	8.25548 4.40507,
	8.30244 4.3904,
	8.32591 4.37866,
	8.33178 4.37866,
	8.33765 4.37279,
	8.36113 4.36692,
	8.37287 4.36692,
	8.38461 4.36105,
	8.47852 4.34344,
	8.49026 4.33758,
	8.53722 4.33758,
	8.56069 4.34051,
	8.57243 4.34051,
	8.61939 4.36692,
	8.63993 4.3816,
	8.66048 4.40214,
	8.67515 4.42562,
	8.68102 4.4491,
	8.66635 4.49605,
	8.64874 4.51953,
	8.60178 4.55475,
	8.50787 4.58703,
	8.49613 4.58996,
	8.49026 4.59583,
	8.4433 4.60464,
	8.41983 4.60464,
	8.32591 4.5841,
	8.232 4.58116,
	8.20852 4.57823,
	8.18505 4.56942,
	8.1645 4.54888,
	8.15276 4.54007,
	8.14396 4.5166,
	8.14396 4.49605,
	"/>
</Transform>

<Transform dim="0"
 xcoef=" 0 1 0 0 0 0"
 ycoef=" 0 0 1 0 0 0">
<Contour name="d03" hidden="false" closed="true" simplified="true" border="1 0 0.5" fill="1 0 0.5" mode="9"
 points="6.46528 4.75431,
	6.46821 4.74257,
	6.47702 4.73083,
	6.48582 4.70736,
	6.50049 4.68388,
	6.52397 4.66627,
	6.56799 4.64573,
	6.61495 4.64279,
	6.66191 4.63399,
	6.67364 4.63105,
	6.69712 4.61344,
	6.79103 4.58116,
	6.83799 4.57236,
	6.84973 4.56649,
	6.94364 4.56355,
	6.96712 4.56062,
	7.01408 4.56355,
	7.03462 4.58116,
	7.04636 4.58703,
	7.09331 4.58703,
	7.14027 4.59583,
	7.18723 4.61051,
	7.1931 4.61638,
	7.20484 4.61931,
	7.21364 4.62812,
	7.23712 4.63399,
	7.2606 4.63399,
	7.28407 4.63986,
	7.29581 4.64279,
	7.31929 4.66333,
	7.32516 4.6692,
	7.33103 4.6692,
	7.35451 4.68388,
	7.36038 4.68975,
	7.40733 4.69855,
	7.41907 4.70149,
	7.42494 4.70736,
	7.43081 4.70736,
	7.44549 4.7279,
	7.45429 4.77485,
	7.45429 4.79833,
	7.44255 4.84529,
	7.43962 4.89224,
	7.46016 4.9392,
	7.4807 4.95974,
	7.49244 4.96561,
	7.50418 4.98616,
	7.51005 4.9979,
	7.50712 5.02137,
	7.49538 5.04485,
	7.49244 5.05659,
	7.50125 5.08007,
	7.51592 5.10061,
	7.51592 5.12409,
	7.52472 5.14757,
	7.5482 5.16811,
	7.55701 5.17985,
	7.55701 5.19159,
	7.55114 5.20333,
	7.5394 5.2092,
	7.53353 5.2092,
	7.52766 5.21507,
	7.43375 5.23561,
	7.38679 5.24735,
	7.36331 5.24735,
	7.33983 5.24148,
	7.31929 5.19453,
	7.28407 5.14757,
	7.26353 5.12409,
	7.25766 5.11822,
	7.25179 5.11822,
	7.24005 5.10942,
	7.21657 5.10061,
	7.20484 5.09474,
	7.18136 5.09474,
	7.15788 5.08007,
	7.14614 5.07713,
	7.09918 5.08594,
	7.05223 5.10061,
	7.00527 5.09768,
	6.95832 5.08594,
	6.94658 5.08007,
	6.94071 5.08007,
	6.91723 5.06246,
	6.91136 5.05659,
	6.88788 5.04779,
	6.8644 5.04779,
	6.84093 5.05366,
	6.79397 5.05072,
	6.70006 4.9979,
	6.67658 4.98909,
	6.62962 4.98029,
	6.60614 4.97148,
	6.58854 4.94801,
	6.5768 4.92453,
	6.57093 4.91572,
	6.55919 4.90692,
	6.53278 4.8629,
	6.52691 4.85116,
	6.48582 4.80714,
	6.47702 4.7954,
	6.47115 4.78953,
	6.46528 4.76605,
	6.46528 4.75725,
	"/>
</Transform>

<Transform dim="0"
 xcoef=" 0 1 0 0 0 0"
 ycoef=" 0 0 1 0 0 0">
<Contour name="d03c11" hidden="false" closed="true" simplified="true" border="0 1 0" fill="0 1 0" mode="9"
 points="8.2199 4.56432,
	8.2302 4.5566,
	8.31258 4.56175,
	8.33317 4.56175,
	8.37436 4.56947,
	8.39496 4.57462,
	8.41298 4.58749,
	8.41813 4.59264,
	8.41813 4.60294,
	8.40783 4.61066,
	8.32545 4.61839,
	8.28426 4.61839,
	8.26367 4.61066,
	8.25337 4.60809,
	8.24822 4.60809,
	8.22763 4.59007,
	8.2199 4.57977,
	8.2199 4.56947,
	8.2199 4.5669,
	"/>
<Contour name="d03cfa11" hidden="false" closed="false" simplified="false" border="0 1 1" fill="0 1 1" mode="-9"
 points="8.40614 4.60267,
	8.29802 4.58465,
	8.21821 4.57693,
	"/>
</Transform>

<Transform dim="0"
 xcoef=" 0 1 0 0 0 0"
 ycoef=" 0 0 1 0 0 0">
<Contour name="d04" hidden="false" closed="true" simplified="true" border="1 0 0" fill="1 0 0" mode="9"
 points="4.14354 5.0993,
	4.14927 5.07641,
	4.16357 5.05352,
	4.2065 5.01632,
	4.24942 4.9877,
	4.29521 4.97053,
	4.3181 4.96481,
	4.40967 4.96195,
	4.45545 4.95909,
	4.4669 4.95909,
	4.48693 4.9734,
	4.48693 5.01918,
	4.48693 5.04207,
	4.48121 5.06497,
	4.48121 5.07641,
	4.47548 5.08786,
	4.46976 5.13364,
	4.4669 5.15654,
	4.44973 5.20232,
	4.44687 5.21377,
	4.44115 5.21949,
	4.44115 5.22521,
	4.42111 5.24524,
	4.39822 5.24238,
	4.38678 5.23952,
	4.36388 5.24524,
	4.34099 5.25669,
	4.32954 5.25955,
	4.3181 5.25669,
	4.22653 5.1966,
	4.18074 5.16512,
	4.15785 5.14509,
	4.14354 5.1222,
	4.14354 5.10217,
	"/>
<Contour name="d04" hidden="false" closed="true" simplified="true" border="1 0 0" fill="1 0 0" mode="9"
 points="4.58422 5.52282,
	4.59567 5.51423,
	4.64145 5.50279,
	4.66435 5.4942,
	4.71013 5.50279,
	4.75592 5.49992,
	4.77881 5.49706,
	4.79884 5.51137,
	4.80456 5.52282,
	4.81029 5.52854,
	4.80743 5.55143,
	4.80743 5.56288,
	4.8017 5.57432,
	4.75878 5.61152,
	4.73589 5.62583,
	4.71299 5.62869,
	4.6901 5.62011,
	4.64432 5.59149,
	4.62142 5.58577,
	4.59853 5.57146,
	4.58995 5.56002,
	4.58422 5.53712,
	4.58422 5.52568,
	"/>
<Contour name="d04" hidden="false" closed="true" simplified="true" border="1 0 0" fill="1 0 0" mode="9"
 points="3.65708 6.36984,
	3.65994 6.35839,
	3.66852 6.34695,
	3.69142 6.3355,
	3.70286 6.32978,
	3.74865 6.32119,
	3.77154 6.31833,
	3.81732 6.30116,
	3.86311 6.29544,
	3.886 6.28972,
	3.90889 6.28972,
	4.00046 6.30402,
	4.02336 6.31261,
	4.0348 6.31833,
	4.04625 6.32978,
	4.05197 6.35267,
	4.06342 6.36412,
	4.10634 6.38987,
	4.13496 6.43279,
	4.14068 6.43852,
	4.14068 6.44996,
	4.11779 6.46999,
	4.072 6.49002,
	4.04911 6.50147,
	4.00333 6.51292,
	3.82019 6.51578,
	3.7744 6.50433,
	3.76296 6.49575,
	3.75151 6.49289,
	3.74292 6.4843,
	3.7372 6.4843,
	3.71717 6.46141,
	3.69428 6.41849,
	3.67425 6.40132,
	3.6628 6.39273,
	3.65708 6.38129,
	3.65708 6.3727,
	"/>
<Contour name="d04" hidden="false" closed="true" simplified="true" border="1 0 0" fill="1 0 0" mode="9"
 points="3.01036 5.8891,
	3.0304 5.87479,
	3.05329 5.8662,
	3.14486 5.85762,
	3.23643 5.829,
	3.28221 5.80897,
	3.30511 5.80039,
	3.328 5.80039,
	3.35089 5.80611,
	3.39668 5.79753,
	3.48825 5.76605,
	3.53403 5.74602,
	3.55692 5.73457,
	3.64849 5.67448,
	3.67139 5.66017,
	3.71717 5.643,
	3.74006 5.63728,
	3.78585 5.63728,
	3.83163 5.643,
	3.84308 5.64873,
	3.85453 5.64873,
	3.87742 5.66017,
	3.90031 5.66589,
	3.9461 5.66017,
	3.96899 5.65445,
	4.06056 5.65731,
	4.15213 5.64873,
	4.19791 5.65445,
	4.22081 5.66303,
	4.26087 5.69451,
	4.29234 5.73743,
	4.30951 5.76033,
	4.31524 5.77177,
	4.32096 5.7775,
	4.32954 5.80039,
	4.32954 5.82328,
	4.32954 5.83473,
	4.31238 5.85762,
	4.28948 5.87193,
	4.26659 5.87765,
	4.17502 5.87479,
	4.08345 5.8662,
	4.06056 5.8662,
	4.04911 5.8662,
	4.00619 5.88623,
	3.9833 5.90627,
	3.97471 5.91485,
	3.97471 5.92057,
	3.94323 5.9635,
	3.90031 6.05507,
	3.88886 6.07796,
	3.87169 6.09799,
	3.82591 6.10371,
	3.78012 6.10371,
	3.75723 6.10085,
	3.74579 6.09799,
	3.7 6.10371,
	3.65422 6.10085,
	3.60843 6.08654,
	3.56265 6.06651,
	3.5512 6.05793,
	3.53975 6.05507,
	3.52831 6.04648,
	3.51686 6.04362,
	3.50541 6.03504,
	3.41384 6.02931,
	3.36806 6.01214,
	3.34517 6.0007,
	3.33372 5.99497,
	3.328 5.99497,
	3.28221 5.96922,
	3.23643 5.94919,
	3.19064 5.9406,
	3.14486 5.94347,
	3.12197 5.94347,
	3.09907 5.93774,
	3.07618 5.9263,
	3.05329 5.90627,
	3.0304 5.9034,
	3.01895 5.90054,
	3.01036 5.89196,
	"/>
</Transform>

<Transform dim="0"
 xcoef=" 0 1 0 0 0 0"
 ycoef=" 0 0 1 0 0 0">
<Contour name="d04" hidden="false" closed="true" simplified="true" border="1 0 0" fill="1 0 0" mode="9"
 points="4.82459 5.17657,
	4.83604 5.13078,
	4.85321 5.10789,
	4.8761 5.08786,
	4.89327 5.06783,
	4.89613 5.04494,
	4.91903 5.03349,
	4.94192 5.03635,
	4.94764 5.03635,
	4.95337 5.04207,
	4.96481 5.04494,
	4.97626 5.05352,
	4.9877 5.05638,
	5.00773 5.07641,
	5.02777 5.09072,
	5.03921 5.0993,
	5.0621 5.10789,
	5.07355 5.11361,
	5.09072 5.13651,
	5.0993 5.1594,
	5.0993 5.18229,
	5.09072 5.20518,
	5.07641 5.22808,
	5.05638 5.24811,
	5.0106 5.27386,
	4.9877 5.27958,
	4.94192 5.271,
	4.89613 5.25669,
	4.87324 5.25669,
	4.85035 5.24811,
	4.83318 5.23094,
	4.82459 5.18515,
	4.82459 5.17943,
	"/>
</Transform>

<Transform dim="0"
 xcoef=" 0 1 0 0 0 0"
 ycoef=" 0 0 1 0 0 0">
<Contour name="d04" hidden="false" closed="true" simplified="true" border="1 0 0" fill="1 0 0" mode="9"
 points="2.62691 6.17525,
	2.64981 6.15522,
	2.66984 6.14091,
	2.7099 6.09513,
	2.74138 6.05221,
	2.75282 6.02931,
	2.75569 6.01787,
	2.76427 6.00642,
	2.77285 5.96064,
	2.77285 5.93774,
	2.75282 5.89196,
	2.74996 5.86907,
	2.76999 5.85476,
	2.79289 5.84903,
	2.81578 5.84903,
	2.82722 5.84903,
	2.85012 5.86048,
	2.85298 5.88337,
	2.87301 5.9034,
	2.91593 5.9263,
	2.92738 5.92916,
	2.93883 5.93774,
	2.98461 5.95205,
	3.00178 5.96922,
	3.0075 5.99211,
	3.01036 6.00356,
	3.00464 6.02645,
	3.00178 6.0379,
	2.98461 6.05793,
	2.96172 6.06937,
	2.95027 6.0751,
	2.94455 6.0751,
	2.93883 6.08082,
	2.91593 6.08941,
	2.89304 6.10371,
	2.84726 6.12374,
	2.82436 6.14091,
	2.77858 6.16381,
	2.73279 6.16667,
	2.7099 6.17811,
	2.69845 6.1867,
	2.65267 6.19528,
	2.64122 6.19528,
	2.62978 6.18956,
	2.62691 6.17811,
	"/>
</Transform>

<Transform dim="0"
 xcoef=" 0 1 0 0 0 0"
 ycoef=" 0 0 1 0 0 0">
<Contour name="d04p16" hidden="false" closed="true" simplified="false" border="0 0 1" fill="0 0 1" mode="-13"
 points="3.23301 5.90218,
	3.21297 5.88214,
	3.23301 5.86211,
	3.25304 5.88214,
	"/>
</Transform>

<Transform dim="0"
 xcoef=" 0 1 0 0 0 0"
 ycoef=" 0 0 1 0 0 0">
<Contour name="Ax04B03cfa01" hidden="false" closed="false" simplified="false" border="0 1 1" fill="0 1 1" mode="9"
 points="4.4436 5.1945,
	4.46352 5.1472,
	4.48592 5.07252,
	4.48343 5.00779,
	"/>
<Contour name="Ax04B03c01" hidden="false" closed="true" simplified="true" border="0 1 0" fill="0 1 0" mode="-9"
 points="4.42886 5.16824,
	4.4413 5.12841,
	4.45873 5.08858,
	4.4662 5.07862,
	4.47118 5.03879,
	4.47118 5.02883,
	4.48114 5.00891,
	4.48611 5.00393,
	4.49607 5.00642,
	4.50105 5.0114,
	4.50354 5.05124,
	4.50105 5.09107,
	4.47865 5.17073,
	4.46371 5.18816,
	4.44379 5.20061,
	4.43383 5.19812,
	4.42886 5.18816,
	4.42886 5.17073,
	"/>
</Transform>

<Transform dim="0"
 xcoef=" 0 1 0 0 0 0"
 ycoef=" 0 0 1 0 0 0">
<Contour name="d04cfa14" hidden="false" closed="false" simplified="false" border="0 1 1" fill="0 1 1" mode="9"
 points="4.4636 5.2045,
	4.48352 5.1572,
	4.50592 5.08252,
	4.50343 5.01779,
	"/>
</Transform>

<Transform dim="0"
 xcoef=" 0 1 0 0 0 0"
 ycoef=" 0 0 1 0 0 0">
<Contour name="d04c14" hidden="false" closed="true" simplified="true" border="0 1 0" fill="0 1 0" mode="-9"
 points="4.44886 5.17824,
	4.4613 5.13841,
	4.47873 5.09858,
	4.4862 5.08862,
	4.49118 5.04879,
	4.49118 5.03883,
	4.50114 5.01891,
	4.50611 5.01393,
	4.51607 5.01642,
	4.52105 5.0214,
	4.52354 5.06124,
	4.52105 5.10107,
	4.49865 5.18073,
	4.48371 5.19816,
	4.46379 5.21061,
	4.45383 5.20812,
	4.44886 5.19816,
	4.44886 5.18073,
	"/>
</Transform>

<Transform dim="0"
 xcoef=" 0 1 0 0 0 0"
 ycoef=" 0 0 1 0 0 0">
<Contour name="d04c15" hidden="false" closed="true" simplified="true" border="0 1 0" fill="0 1 0" mode="9"
 points="4.95579 5.05046,
	4.96009 5.03898,
	4.97013 5.03181,
	4.98161 5.03611,
	5.00456 5.05619,
	5.02034 5.07628,
	5.04185 5.08919,
	5.0648 5.09636,
	5.07628 5.10209,
	5.08201 5.10496,
	5.08775 5.1107,
	5.09492 5.12074,
	5.09636 5.13222,
	5.09062 5.13652,
	5.07914 5.13509,
	5.05763 5.12074,
	5.03468 5.1107,
	5.02894 5.10927,
	4.98448 5.08201,
	4.96153 5.06767,
	4.95866 5.06193,
	4.95579 5.05906,
	4.95579 5.05333,
	4.95579 5.05189,
	"/>
</Transform>

<Transform dim="0"
 xcoef=" 0 1 0 0 0 0"
 ycoef=" 0 0 1 0 0 0">
<Contour name="d04c17" hidden="false" closed="true" simplified="true" border="0 1 0" fill="0 1 0" mode="9"
 points="3.71756 6.46745,
	3.7212 6.46381,
	3.7212 6.46016,
	3.73396 6.44741,
	3.79227 6.45105,
	3.80685 6.4547,
	3.81414 6.46016,
	3.82872 6.46563,
	3.8433 6.46745,
	3.87245 6.46381,
	3.90161 6.46381,
	3.91619 6.46381,
	3.94535 6.4711,
	3.95993 6.47656,
	3.96721 6.47656,
	3.98179 6.48203,
	3.98908 6.48385,
	3.99637 6.48932,
	4.00002 6.49297,
	3.99819 6.50754,
	3.99819 6.51119,
	3.9909 6.51848,
	3.98362 6.52212,
	3.9253 6.52759,
	3.89614 6.52941,
	3.86699 6.53852,
	3.80867 6.54581,
	3.77951 6.54399,
	3.77223 6.54399,
	3.76858 6.54399,
	3.754 6.53306,
	3.75036 6.52577,
	3.75036 6.51848,
	3.75036 6.51483,
	3.74307 6.50937,
	3.72849 6.5039,
	3.71938 6.49114,
	3.71756 6.47656,
	3.71756 6.46927,
	"/>
</Transform>

<Transform dim="1"
 xcoef=" 0.01 1 0 0 0 0"
 ycoef=" -0.01 0 1 0 0 0">
<Contour name="d04cfa17" hidden="false" closed="true" simplified="true" border="0 1 0" fill="0 1 0" mode="9"
 points="3.71756 6.46745,
	3.7212 6.46381,
	3.7212 6.46016,
	3.73396 6.44741,
	3.79227 6.45105,
	3.80685 6.4547,
	3.81414 6.46016,
	3.82872 6.46563,
	3.8433 6.46745,
	3.87245 6.46381,
	3.90161 6.46381,
	3.91619 6.46381,
	3.94535 6.4711,
	3.95993 6.47656,
	3.96721 6.47656,
	3.98179 6.48203,
	3.98908 6.48385,
	3.99637 6.48932,
	4.00002 6.49297,
	3.99819 6.50754,
	3.99819 6.51119,
	3.9909 6.51848,
	3.98362 6.52212,
	3.9253 6.52759,
	3.89614 6.52941,
	3.86699 6.53852,
	3.80867 6.54581,
	3.77951 6.54399,
	3.77223 6.54399,
	3.76858 6.54399,
	3.754 6.53306,
	3.75036 6.52577,
	3.75036 6.51848,
	3.75036 6.51483,
	3.74307 6.50937,
	3.72849 6.5039,
	3.71938 6.49114,
	3.71756 6.47656,
	3.71756 6.46927,
	"/>
<Contour name="d04cfa17" hidden="false" closed="false" simplified="false" border="0 1 1" fill="0 1 1" mode="-9"
 points="3.98146 6.48105,
	3.93773 6.46647,
	3.88488 6.461,
	3.84297 6.47012,
	3.8047 6.45189,
	3.75549 6.44643,
	"/>
</Transform>

<Transform dim="0"
 xcoef=" 0 1 0 0 0 0"
 ycoef=" 0 0 1 0 0 0">
<Contour name="d04p17dia" hidden="false" closed="false" simplified="true" border="1 0 1" fill="1 0 1" mode="-13"
 points="3.6562 6.36531,
	4.14094 6.44731,
	"/>
</Transform>

<Transform dim="0"
 xcoef=" 0 1 0 0 0 0"
 ycoef=" 0 0 1 0 0 0">
<Contour name="d04c22" hidden="false" closed="true" simplified="true" border="0 1 0" fill="0 1 0" mode="9"
 points="2.70669 6.07197,
	2.72146 6.0513,
	2.74066 6.00405,
	2.74952 5.98042,
	2.75395 5.95679,
	2.7569 5.95089,
	2.7569 5.94793,
	2.75985 5.94498,
	2.76281 5.93317,
	2.76576 5.92726,
	2.77167 5.92579,
	2.78348 5.92726,
	2.78791 5.93317,
	2.79086 5.94498,
	2.78791 5.96861,
	2.78791 5.98042,
	2.77905 6.00405,
	2.77905 6.007,
	2.7761 6.00995,
	2.77019 6.03358,
	2.76576 6.04539,
	2.76576 6.04835,
	2.76133 6.05425,
	2.76133 6.05721,
	2.75247 6.06754,
	2.72884 6.08379,
	2.71703 6.08822,
	2.71112 6.08674,
	2.70669 6.08231,
	2.70669 6.0764,
	2.70669 6.07345,
	"/>
</Transform>

<Transform dim="0"
 xcoef=" 0 1 0 0 0 0"
 ycoef=" 0 0 1 0 0 0">
<Contour name="d02" hidden="false" closed="true" simplified="true" border="0.5 0 1" fill="0.5 0 1" mode="9"
 points="5.30239 5.30239,
	5.31632 5.29404,
	5.36088 5.27454,
	5.38315 5.26897,
	5.40543 5.26897,
	5.42771 5.25783,
	5.47227 5.24948,
	5.51683 5.23556,
	5.52797 5.22999,
	5.57253 5.22999,
	5.5948 5.23556,
	5.61708 5.2467,
	5.63936 5.25227,
	5.72848 5.24391,
	5.73962 5.24391,
	5.74519 5.24391,
	5.75076 5.23834,
	5.83987 5.23556,
	5.86215 5.23834,
	5.87329 5.23277,
	5.91785 5.23277,
	5.96241 5.24113,
	5.96798 5.24113,
	5.97355 5.2467,
	5.99583 5.24948,
	6.00696 5.25783,
	6.01253 5.25783,
	6.09051 5.33303,
	6.09887 5.34417,
	6.10444 5.34974,
	6.12671 5.34974,
	6.17127 5.36366,
	6.18241 5.37201,
	6.18241 5.38315,
	6.1657 5.40265,
	6.15735 5.44721,
	6.14342 5.49176,
	6.12114 5.49733,
	6.09887 5.51126,
	6.08216 5.53354,
	6.06266 5.54746,
	6.0181 5.56139,
	5.92899 5.56417,
	5.88443 5.56696,
	5.86215 5.57253,
	5.85101 5.57253,
	5.82873 5.58088,
	5.81759 5.58645,
	5.77304 5.58923,
	5.75076 5.59759,
	5.72848 5.60037,
	5.72291 5.60594,
	5.67835 5.6143,
	5.63379 5.61708,
	5.58923 5.60316,
	5.56696 5.5948,
	5.54468 5.59202,
	5.53354 5.59202,
	5.52797 5.58645,
	5.50569 5.58366,
	5.46392 5.55303,
	5.45835 5.54189,
	5.45835 5.53632,
	5.43885 5.51683,
	5.39986 5.48898,
	5.35531 5.48062,
	5.34974 5.47505,
	5.34417 5.47505,
	5.32189 5.45278,
	5.31632 5.44164,
	5.3191 5.41936,
	5.3386 5.40265,
	5.34417 5.39151,
	5.34417 5.36923,
	5.3386 5.35809,
	5.3386 5.35252,
	5.30239 5.31353,
	5.30239 5.30518,
	"/>
</Transform>

<Transform dim="0"
 xcoef=" 0 1 0 0 0 0"
 ycoef=" 0 0 1 0 0 0">
<Contour name="d04ax15" hidden="false" closed="true" simplified="true" border="0 1 1" fill="0 1 1" mode="-11"
 points="4.93354 4.94068,
	4.93949 4.93117,
	4.94901 4.92403,
	4.98708 4.91094,
	5.00611 4.90261,
	5.01563 4.90023,
	5.02515 4.89548,
	5.04418 4.89072,
	5.06322 4.88239,
	5.13936 4.87525,
	5.14887 4.87287,
	5.15363 4.87287,
	5.17267 4.86573,
	5.17505 4.86573,
	5.19408 4.85503,
	5.2036 4.84908,
	5.23929 4.81458,
	5.24881 4.80506,
	5.26427 4.78603,
	5.27379 4.77889,
	5.31186 4.76818,
	5.33089 4.76461,
	5.36896 4.76342,
	5.388 4.76699,
	5.40703 4.76818,
	5.4451 4.76461,
	5.48317 4.76461,
	5.5022 4.76818,
	5.51172 4.77175,
	5.51648 4.77294,
	5.53552 4.79078,
	5.54503 4.79673,
	5.5831 4.81101,
	5.60214 4.81577,
	5.64021 4.82053,
	5.65924 4.82528,
	5.66876 4.82885,
	5.68779 4.84432,
	5.69255 4.8467,
	5.7104 4.86216,
	5.71991 4.87049,
	5.73895 4.87882,
	5.77702 4.88239,
	5.78654 4.88596,
	5.79129 4.88715,
	5.81033 4.89904,
	5.81985 4.90261,
	5.82936 4.90856,
	5.8484 4.91451,
	5.86743 4.92522,
	5.87695 4.93473,
	5.88885 4.95377,
	5.89598 4.96329,
	5.90431 4.98232,
	5.90431 5.00136,
	5.89836 5.03942,
	5.89717 5.04894,
	5.89242 5.05846,
	5.8829 5.06679,
	5.87338 5.07274,
	5.871 5.07511,
	5.86862 5.07511,
	5.86386 5.07868,
	5.85435 5.08106,
	5.83531 5.08106,
	5.79724 5.08463,
	5.77821 5.08582,
	5.75917 5.09058,
	5.75441 5.09058,
	5.71634 5.10248,
	5.69731 5.10843,
	5.67828 5.10962,
	5.64021 5.10843,
	5.60214 5.10486,
	5.526 5.10129,
	5.48793 5.10248,
	5.47841 5.10486,
	5.47365 5.10486,
	5.46414 5.10962,
	5.4451 5.12389,
	5.43558 5.12746,
	5.41655 5.12865,
	5.39751 5.12508,
	5.388 5.12389,
	5.37848 5.12032,
	5.35944 5.11794,
	5.34041 5.11913,
	5.33089 5.11913,
	5.31186 5.12508,
	5.27379 5.12984,
	5.26427 5.13103,
	5.25951 5.13341,
	5.25 5.1346,
	5.23096 5.14174,
	5.21193 5.14293,
	5.20241 5.14293,
	5.12627 5.13103,
	5.12151 5.12984,
	5.10486 5.11199,
	5.09772 5.10605,
	5.07868 5.09534,
	5.05965 5.08701,
	5.05013 5.08463,
	5.0311 5.07393,
	4.9966 5.03586,
	4.97756 5.02277,
	4.9621 5.00492,
	4.95377 4.99541,
	4.94187 4.97637,
	4.93473 4.96686,
	4.93354 4.94782,
	4.93354 4.94306,
	4.93354 4.94187,
	"/>
</Transform>

<Transform dim="0"
 xcoef=" 0 1 0 0 0 0"
 ycoef=" 0 0 1 0 0 0">
<Contour name="d04cfa15" hidden="false" closed="false" simplified="false" border="0 1 1" fill="0 1 1" mode="-9"
 points="5.09316 5.13504,
	5.07308 5.11496,
	5.03292 5.09775,
	4.99562 5.06906,
	4.95976 5.04468,
	"/>
<Contour name="d04ax15ssvr" hidden="false" closed="true" simplified="false" border="0 1 0" fill="0 1 0" mode="-11"
 points="5.04746 5.00678,
	5.03791 4.99724,
	5.04746 4.98769,
	5.057 4.99724,
	"/>
<Contour name="d04ax15ssvr" hidden="false" closed="true" simplified="false" border="0 1 0" fill="0 1 0" mode="-11"
 points="5.03519 4.94952,
	5.02564 4.93997,
	5.03519 4.93043,
	5.04473 4.93997,
	"/>
<Contour name="d04ax15ssvr" hidden="false" closed="true" simplified="false" border="0 1 0" fill="0 1 0" mode="-11"
 points="5.11427 4.94952,
	5.10472 4.93997,
	5.11427 4.93043,
	5.12381 4.93997,
	"/>
<Contour name="d04ax15ssvr" hidden="false" closed="true" simplified="false" border="0 1 0" fill="0 1 0" mode="-11"
 points="5.23697 4.97269,
	5.22743 4.96315,
	5.23697 4.95361,
	5.24652 4.96315,
	"/>
<Contour name="d04ax15ssvr" hidden="false" closed="true" simplified="false" border="0 1 0" fill="0 1 0" mode="-11"
 points="5.22061 5.03132,
	5.21107 5.02178,
	5.22061 5.01223,
	5.23016 5.02178,
	"/>
<Contour name="d04ax15ssvr" hidden="false" closed="true" simplified="false" border="0 1 0" fill="0 1 0" mode="-11"
 points="5.16199 5.09813,
	5.15244 5.08859,
	5.16199 5.07904,
	5.17153 5.08859,
	"/>
<Contour name="d04ax15ssvr" hidden="false" closed="true" simplified="false" border="0 1 0" fill="0 1 0" mode="-11"
 points="5.2697 5.08586,
	5.26015 5.07632,
	5.2697 5.06677,
	5.27924 5.07632,
	"/>
<Contour name="d04ax15ssvr" hidden="false" closed="true" simplified="false" border="0 1 0" fill="0 1 0" mode="-11"
 points="5.29151 5.03541,
	5.28197 5.02587,
	5.29151 5.01633,
	5.30106 5.02587,
	"/>
<Contour name="d04ax15ssvr" hidden="false" closed="true" simplified="false" border="0 1 0" fill="0 1 0" mode="-11"
 points="5.24107 4.88953,
	5.23152 4.87998,
	5.24107 4.87044,
	5.25061 4.87998,
	"/>
<Contour name="d04ax15ssvr" hidden="false" closed="true" simplified="false" border="0 1 0" fill="0 1 0" mode="-11"
 points="5.34332 4.89362,
	5.33378 4.88407,
	5.34332 4.87453,
	5.35287 4.88407,
	"/>
<Contour name="d04ax15ssvr" hidden="false" closed="true" simplified="false" border="0 1 0" fill="0 1 0" mode="-11"
 points="5.37059 4.8418,
	5.36105 4.83226,
	5.37059 4.82272,
	5.38014 4.83226,
	"/>
<Contour name="d04ax15ssvr" hidden="false" closed="true" simplified="false" border="0 1 0" fill="0 1 0" mode="-11"
 points="5.42922 4.83226,
	5.41968 4.82272,
	5.42922 4.81317,
	5.43876 4.82272,
	"/>
<Contour name="d04ax15ssvr" hidden="false" closed="true" simplified="false" border="0 1 0" fill="0 1 0" mode="-11"
 points="5.47558 4.84862,
	5.46603 4.83908,
	5.47558 4.82953,
	5.48512 4.83908,
	"/>
<Contour name="d04ax15ssvr" hidden="false" closed="true" simplified="false" border="0 1 0" fill="0 1 0" mode="-11"
 points="5.38968 4.86771,
	5.38014 4.85817,
	5.38968 4.84862,
	5.39922 4.85817,
	"/>
<Contour name="d04ax15ssvr" hidden="false" closed="true" simplified="false" border="0 1 0" fill="0 1 0" mode="-11"
 points="5.36377 4.91816,
	5.35423 4.90861,
	5.36377 4.89907,
	5.37332 4.90861,
	"/>
<Contour name="d04ax15ssvr" hidden="false" closed="true" simplified="false" border="0 1 0" fill="0 1 0" mode="-11"
 points="5.40195 4.90725,
	5.39241 4.89771,
	5.40195 4.88816,
	5.4115 4.89771,
	"/>
<Contour name="d04ax15ssvr" hidden="false" closed="true" simplified="false" border="0 1 0" fill="0 1 0" mode="-11"
 points="5.38559 5.00405,
	5.37605 4.99451,
	5.38559 4.98497,
	5.39513 4.99451,
	"/>
<Contour name="d04ax15ssvr" hidden="false" closed="true" simplified="false" border="0 1 0" fill="0 1 0" mode="-11"
 points="5.42513 5.01769,
	5.41559 5.00814,
	5.42513 4.9986,
	5.43467 5.00814,
	"/>
<Contour name="d04ax15ssvr" hidden="false" closed="true" simplified="false" border="0 1 0" fill="0 1 0" mode="-11"
 points="5.47421 5.00814,
	5.46467 4.9986,
	5.47421 4.98906,
	5.48376 4.9986,
	"/>
<Contour name="d04ax15ssvr" hidden="false" closed="true" simplified="false" border="0 1 0" fill="0 1 0" mode="-11"
 points="5.53693 4.96588,
	5.52739 4.95633,
	5.53693 4.94679,
	5.54648 4.95633,
	"/>
<Contour name="d04ax15ssvr" hidden="false" closed="true" simplified="false" border="0 1 0" fill="0 1 0" mode="-11"
 points="5.44694 5.06814,
	5.4374 5.05859,
	5.44694 5.04905,
	5.45649 5.05859,
	"/>
<Contour name="d04ax15ssvr" hidden="false" closed="true" simplified="false" border="0 1 0" fill="0 1 0" mode="-11"
 points="5.4115 5.09677,
	5.40195 5.08722,
	5.4115 5.07768,
	5.42104 5.08722,
	"/>
<Contour name="d04ax15ssvr" hidden="false" closed="true" simplified="false" border="0 1 0" fill="0 1 0" mode="-11"
 points="5.36923 5.06677,
	5.35968 5.05723,
	5.36923 5.04768,
	5.37877 5.05723,
	"/>
<Contour name="d04ax15ssvr" hidden="false" closed="true" simplified="false" border="0 1 0" fill="0 1 0" mode="-11"
 points="5.53557 5.05177,
	5.52602 5.04223,
	5.53557 5.03269,
	5.54511 5.04223,
	"/>
<Contour name="d04ax15ssvr" hidden="false" closed="true" simplified="false" border="0 1 0" fill="0 1 0" mode="-11"
 points="5.59147 5.0545,
	5.58193 5.04496,
	5.59147 5.03541,
	5.60101 5.04496,
	"/>
<Contour name="d04ax15ssvr" hidden="false" closed="true" simplified="false" border="0 1 0" fill="0 1 0" mode="-11"
 points="5.63237 4.9577,
	5.62283 4.94815,
	5.63237 4.93861,
	5.64192 4.94815,
	"/>
<Contour name="d04ax15ssvr" hidden="false" closed="true" simplified="false" border="0 1 0" fill="0 1 0" mode="-11"
 points="5.61737 4.92088,
	5.60783 4.91134,
	5.61737 4.9018,
	5.62692 4.91134,
	"/>
<Contour name="d04ax15ssvr" hidden="false" closed="true" simplified="false" border="0 1 0" fill="0 1 0" mode="-11"
 points="5.67737 4.98224,
	5.66782 4.97269,
	5.67737 4.96315,
	5.68691 4.97269,
	"/>
<Contour name="d04ax15ssvr" hidden="false" closed="true" simplified="false" border="0 1 0" fill="0 1 0" mode="-11"
 points="5.56556 4.86635,
	5.55602 4.8568,
	5.56556 4.84726,
	5.57511 4.8568,
	"/>
<Contour name="d04ax15ssvr" hidden="false" closed="true" simplified="false" border="0 1 0" fill="0 1 0" mode="-11"
 points="5.65828 4.9277,
	5.64873 4.91816,
	5.65828 4.90861,
	5.66782 4.91816,
	"/>
<Contour name="d04ax15ssvr" hidden="false" closed="true" simplified="false" border="0 1 0" fill="0 1 0" mode="-11"
 points="5.56556 5.00951,
	5.55602 4.99996,
	5.56556 4.99042,
	5.57511 4.99996,
	"/>
<Contour name="d04ax15ssvr" hidden="false" closed="true" simplified="false" border="0 1 0" fill="0 1 0" mode="-11"
 points="5.64464 5.05314,
	5.6351 5.04359,
	5.64464 5.03405,
	5.65419 5.04359,
	"/>
<Contour name="d04ax15ssvr" hidden="false" closed="true" simplified="false" border="0 1 0" fill="0 1 0" mode="-11"
 points="5.61737 5.01496,
	5.60783 5.00542,
	5.61737 4.99587,
	5.62692 5.00542,
	"/>
</Transform>

<Transform dim="0"
 xcoef=" 0 1 0 0 0 0"
 ycoef=" 0 0 1 0 0 0">
<Contour name="Brax20" hidden="false" closed="true" simplified="false" border="0 1 1" fill="0 1 1" mode="-13"
 points="4.65732 5.13863,
	4.67307 5.12288,
	4.61006 5.05987,
	4.62581 5.04412,
	4.68882 5.10713,
	4.70458 5.09138,
	4.70458 5.13863,
	"/>
</Transform>

<Transform dim="0"
 xcoef=" 0 1 0 0 0 0"
 ycoef=" 0 0 1 0 0 0">
<Contour name="Ax04B03ssvd" hidden="false" closed="true" simplified="false" border="1 0.502 0" fill="1 0.502 0" mode="-11"
 points="4.54561 5.07359,
	4.53527 5.06325,
	4.54561 5.05292,
	4.55595 5.06325,
	"/>
</Transform>

<Transform dim="0"
 xcoef=" 0 1 0 0 0 0"
 ycoef=" 0 0 1 0 0 0">
<Contour name="d04ax14ssvr" hidden="false" closed="true" simplified="false" border="0 1 0" fill="0 1 0" mode="-11"
 points="4.59731 5.06769,
	4.58697 5.05735,
	4.59731 5.04701,
	4.60765 5.05735,
	"/>
<Contour name="d04ax14ssvr" hidden="false" closed="true" simplified="false" border="0 1 0" fill="0 1 0" mode="-11"
 points="4.58107 5.09871,
	4.57073 5.08837,
	4.58107 5.07803,
	4.59141 5.08837,
	"/>
<Contour name="d04ax14ssvr" hidden="false" closed="true" simplified="false" border="0 1 0" fill="0 1 0" mode="-11"
 points="4.6239 5.12086,
	4.61356 5.11052,
	4.6239 5.10018,
	4.63424 5.11052,
	"/>
<Contour name="d04ax14ssvr" hidden="false" closed="true" simplified="false" border="0 1 0" fill="0 1 0" mode="-11"
 points="4.68446 5.13416,
	4.67412 5.12382,
	4.68446 5.11348,
	4.6948 5.12382,
	"/>
<Contour name="d04ax14ssvr" hidden="false" closed="true" simplified="false" border="0 1 0" fill="0 1 0" mode="-11"
 points="4.75537 5.1312,
	4.74503 5.12086,
	4.75537 5.11052,
	4.76571 5.12086,
	"/>
<Contour name="d04ax14ssvr" hidden="false" closed="true" simplified="false" border="0 1 0" fill="0 1 0" mode="-11"
 points="4.72287 5.07212,
	4.71253 5.06178,
	4.72287 5.05144,
	4.73321 5.06178,
	"/>
<Contour name="d04ax14ssvr" hidden="false" closed="true" simplified="false" border="0 1 0" fill="0 1 0" mode="-11"
 points="4.78048 5.08098,
	4.77014 5.07064,
	4.78048 5.0603,
	4.79082 5.07064,
	"/>
<Contour name="d04ax14ssvr" hidden="false" closed="true" simplified="false" border="0 1 0" fill="0 1 0" mode="-11"
 points="4.77161 5.03814,
	4.76127 5.0278,
	4.77161 5.01746,
	4.78195 5.0278,
	"/>
<Contour name="d04ax14ssvr" hidden="false" closed="true" simplified="false" border="0 1 0" fill="0 1 0" mode="-11"
 points="4.81593 4.99088,
	4.80559 4.98054,
	4.81593 4.9702,
	4.82627 4.98054,
	"/>
<Contour name="d04ax14ssvr" hidden="false" closed="true" simplified="false" border="0 1 0" fill="0 1 0" mode="-11"
 points="4.75832 4.96872,
	4.74798 4.95838,
	4.75832 4.94804,
	4.76866 4.95838,
	"/>
<Contour name="d04ax14ssvr" hidden="false" closed="true" simplified="false" border="0 1 0" fill="0 1 0" mode="-11"
 points="4.68889 4.99383,
	4.67856 4.98349,
	4.68889 4.97315,
	4.69923 4.98349,
	"/>
<Contour name="d04ax14ssvr" hidden="false" closed="true" simplified="false" border="0 1 0" fill="0 1 0" mode="-11"
 points="4.66822 5.04701,
	4.65788 5.03667,
	4.66822 5.02633,
	4.67856 5.03667,
	"/>
<Contour name="d04ax14ssvr" hidden="false" closed="true" simplified="false" border="0 1 0" fill="0 1 0" mode="-11"
 points="4.62981 5.04258,
	4.61947 5.03224,
	4.62981 5.0219,
	4.64015 5.03224,
	"/>
<Contour name="d04ax14ssvr" hidden="false" closed="true" simplified="false" border="0 1 0" fill="0 1 0" mode="-11"
 points="4.62686 5.00712,
	4.61652 4.99678,
	4.62686 4.98644,
	4.6372 4.99678,
	"/>
<Contour name="d04ax14ssvr" hidden="false" closed="true" simplified="false" border="0 1 0" fill="0 1 0" mode="-11"
 points="4.58402 5.16518,
	4.57368 5.15484,
	4.58402 5.1445,
	4.59436 5.15484,
	"/>
<Contour name="d04ax14ssvr" hidden="false" closed="true" simplified="false" border="0 1 0" fill="0 1 0" mode="-11"
 points="4.57368 5.20358,
	4.56334 5.19324,
	4.57368 5.1829,
	4.58402 5.19324,
	"/>
</Transform>

<Transform dim="0"
 xcoef=" 0 1 0 0 0 0"
 ycoef=" 0 0 1 0 0 0">
<Contour name="d03ax11" hidden="false" closed="true" simplified="true" border="0 1 1" fill="0 1 1" mode="-11"
 points="8.17498 2.67903,
	8.17936 2.66152,
	8.18155 2.65276,
	8.19687 2.63525,
	8.20562 2.63088,
	8.22094 2.61337,
	8.24283 2.57835,
	8.25377 2.54333,
	8.25815 2.53895,
	8.25815 2.53457,
	8.26472 2.52582,
	8.26691 2.51706,
	8.28442 2.50174,
	8.31944 2.49955,
	8.33695 2.49955,
	8.37197 2.50612,
	8.37634 2.5105,
	8.3851 2.51268,
	8.40261 2.52363,
	8.43325 2.55427,
	8.44857 2.57178,
	8.46389 2.6068,
	8.46389 2.61118,
	8.49235 2.64401,
	8.49235 2.64839,
	8.49891 2.65714,
	8.50986 2.69216,
	8.51861 2.70967,
	8.52299 2.71405,
	8.52299 2.71843,
	8.52956 2.72718,
	8.5405 2.7622,
	8.53831 2.79722,
	8.52737 2.83224,
	8.5208 2.84975,
	8.50986 2.86726,
	8.5011 2.87602,
	8.48359 2.88477,
	8.41355 2.88915,
	8.37853 2.88915,
	8.36102 2.88696,
	8.35227 2.88477,
	8.34789 2.88477,
	8.33914 2.87821,
	8.32163 2.84319,
	8.28879 2.81473,
	8.27128 2.80598,
	8.25377 2.8016,
	8.24502 2.8016,
	8.22751 2.79503,
	8.21 2.7819,
	8.20343 2.77315,
	8.19906 2.75564,
	8.19906 2.73813,
	8.19687 2.72937,
	8.17498 2.69435,
	8.17498 2.6856,
	8.17498 2.68122,
	"/>
</Transform>

<Transform dim="0"
 xcoef=" 0 1 0 0 0 0"
 ycoef=" 0 0 1 0 0 0">
<Contour name="d03ax11" hidden="false" closed="true" simplified="true" border="0 1 1" fill="0 1 1" mode="-11"
 points="7.92266 4.56555,
	7.95348 4.51622,
	7.97506 4.41757,
	7.99356 4.36825,
	8.00589 4.34359,
	8.05521 4.30043,
	8.06446 4.29118,
	8.06138 4.24186,
	8.03672 4.19253,
	8.01206 4.17095,
	7.99972 4.16171,
	7.97815 4.11238,
	7.97506 4.01373,
	7.97815 3.96441,
	7.98739 3.91509,
	7.99048 3.89043,
	8.00897 3.8411,
	8.02439 3.81644,
	8.03364 3.80411,
	8.04288 3.75478,
	8.0398 3.65614,
	8.06138 3.45884,
	8.06138 3.40952,
	8.07988 3.38485,
	8.08296 3.37252,
	8.07679 3.34786,
	8.06446 3.3232,
	8.06138 3.29854,
	8.08912 3.24921,
	8.11379 3.23072,
	8.13537 3.20606,
	8.15078 3.18139,
	8.17236 3.13207,
	8.19702 3.10741,
	8.22168 3.09199,
	8.24634 3.08275,
	8.27101 3.08275,
	8.28334 3.08275,
	8.308 3.09199,
	8.33266 3.10741,
	8.35732 3.12899,
	8.39432 3.22763,
	8.3974 3.32628,
	8.36965 3.37561,
	8.35424 3.40027,
	8.32958 3.42185,
	8.28025 3.44959,
	8.25559 3.47425,
	8.22477 3.5205,
	8.22168 3.54516,
	8.22477 3.56982,
	8.27717 3.66847,
	8.31725 3.71471,
	8.31725 3.73937,
	8.29259 3.78869,
	8.24326 3.82877,
	8.23093 3.8411,
	8.2186 3.86576,
	8.21552 3.89043,
	8.22168 3.93975,
	8.23401 3.98907,
	8.25559 4.0384,
	8.25868 4.06306,
	8.24943 4.11238,
	8.20935 4.21103,
	8.19394 4.26035,
	8.18777 4.27269,
	8.2001 4.29735,
	8.2001 4.396,
	8.19702 4.42066,
	8.16928 4.46998,
	8.15078 4.51931,
	8.15078 4.53164,
	8.16619 4.55322,
	8.21552 4.57171,
	8.31417 4.59329,
	8.36349 4.60254,
	8.41281 4.60562,
	8.51146 4.58713,
	8.53612 4.59021,
	8.54845 4.59329,
	8.59778 4.62104,
	8.6471 4.62104,
	8.69643 4.6457,
	8.70567 4.65803,
	8.70876 4.68269,
	8.70259 4.70735,
	8.61011 4.79059,
	8.58545 4.79983,
	8.57312 4.80908,
	8.5577 4.83375,
	8.54537 4.84608,
	8.52071 4.85532,
	8.49913 4.87999,
	8.4868 4.90465,
	8.48063 4.91698,
	8.43131 4.93856,
	8.40665 4.94164,
	8.35732 4.96322,
	8.25868 4.99713,
	8.23401 5.00946,
	8.18469 5.01871,
	8.13537 5.01871,
	8.08604 5.00021,
	8.06755 4.97555,
	8.06138 4.95089,
	8.06446 4.90157,
	8.06446 4.8769,
	8.06755 4.86457,
	8.0583 4.81525,
	8.0398 4.76592,
	8.03672 4.74126,
	8.02747 4.7166,
	8.00589 4.69502,
	7.98123 4.68269,
	7.96273 4.66111,
	7.95348 4.64878,
	7.93499 4.59946,
	7.92574 4.57479,
	7.92266 4.56863,
	"/>
</Transform>

<Transform dim="0"
 xcoef=" 0 1 0 0 0 0"
 ycoef=" 0 0 1 0 0 0">
<Contour name="d03ax11ssrv" hidden="false" closed="true" simplified="false" border="0 1 0" fill="0 1 0" mode="-11"
 points="8.21413 4.86611,
	8.20222 4.8542,
	8.21413 4.84228,
	8.22605 4.8542,
	"/>
<Contour name="d03ax11ssrv" hidden="false" closed="true" simplified="false" border="0 1 0" fill="0 1 0" mode="-11"
 points="8.28902 4.88824,
	8.27711 4.87632,
	8.28902 4.86441,
	8.30094 4.87632,
	"/>
<Contour name="d03ax11ssrv" hidden="false" closed="true" simplified="false" border="0 1 0" fill="0 1 0" mode="-11"
 points="8.3571 4.89335,
	8.34519 4.88143,
	8.3571 4.86952,
	8.36902 4.88143,
	"/>
<Contour name="d03ax11ssrv" hidden="false" closed="true" simplified="false" border="0 1 0" fill="0 1 0" mode="-11"
 points="8.31115 4.9359,
	8.29923 4.92398,
	8.31115 4.91207,
	8.32306 4.92398,
	"/>
<Contour name="d03ax11ssrv" hidden="false" closed="true" simplified="false" border="0 1 0" fill="0 1 0" mode="-11"
 points="8.34349 4.84909,
	8.33157 4.83718,
	8.34349 4.82526,
	8.3554 4.83718,
	"/>
<Contour name="d03ax11ssrv" hidden="false" closed="true" simplified="false" border="0 1 0" fill="0 1 0" mode="-11"
 points="8.29413 4.80995,
	8.28221 4.79803,
	8.29413 4.78612,
	8.30604 4.79803,
	"/>
<Contour name="d03ax11ssrv" hidden="false" closed="true" simplified="false" border="0 1 0" fill="0 1 0" mode="-11"
 points="8.24137 4.81335,
	8.22945 4.80144,
	8.24137 4.78952,
	8.25328 4.80144,
	"/>
<Contour name="d03ax11ssrv" hidden="false" closed="true" simplified="false" border="0 1 0" fill="0 1 0" mode="-11"
 points="8.23796 4.76569,
	8.22605 4.75378,
	8.23796 4.74187,
	8.24988 4.75378,
	"/>
<Contour name="d03ax11ssrv" hidden="false" closed="true" simplified="false" border="0 1 0" fill="0 1 0" mode="-11"
 points="8.22264 4.70783,
	8.21073 4.69591,
	8.22264 4.684,
	8.23456 4.69591,
	"/>
<Contour name="d03ax11ssrv" hidden="false" closed="true" simplified="false" border="0 1 0" fill="0 1 0" mode="-11"
 points="8.28051 4.71123,
	8.2686 4.69932,
	8.28051 4.6874,
	8.29243 4.69932,
	"/>
<Contour name="d03ax11ssrv" hidden="false" closed="true" simplified="false" border="0 1 0" fill="0 1 0" mode="-11"
 points="8.33838 4.71463,
	8.32647 4.70272,
	8.33838 4.69081,
	8.35029 4.70272,
	"/>
<Contour name="d03ax11ssrv" hidden="false" closed="true" simplified="false" border="0 1 0" fill="0 1 0" mode="-11"
 points="8.39625 4.73506,
	8.38433 4.72314,
	8.39625 4.71123,
	8.40816 4.72314,
	"/>
<Contour name="d03ax11ssrv" hidden="false" closed="true" simplified="false" border="0 1 0" fill="0 1 0" mode="-11"
 points="8.38604 4.77591,
	8.37412 4.76399,
	8.38604 4.75208,
	8.39795 4.76399,
	"/>
<Contour name="d03ax11ssrv" hidden="false" closed="true" simplified="false" border="0 1 0" fill="0 1 0" mode="-11"
 points="8.33157 4.7708,
	8.31966 4.75889,
	8.33157 4.74697,
	8.34349 4.75889,
	"/>
<Contour name="d03ax11ssrv" hidden="false" closed="true" simplified="false" border="0 1 0" fill="0 1 0" mode="-11"
 points="8.47114 4.74357,
	8.45922 4.73165,
	8.47114 4.71974,
	8.48305 4.73165,
	"/>
<Contour name="d03ax11ssrv" hidden="false" closed="true" simplified="false" border="0 1 0" fill="0 1 0" mode="-11"
 points="8.47965 4.79293,
	8.46773 4.78101,
	8.47965 4.7691,
	8.49156 4.78101,
	"/>
<Contour name="d03ax11ssrv" hidden="false" closed="true" simplified="false" border="0 1 0" fill="0 1 0" mode="-11"
 points="8.51539 4.81505,
	8.50348 4.80314,
	8.51539 4.79122,
	8.5273 4.80314,
	"/>
<Contour name="d03ax11ssrv" hidden="false" closed="true" simplified="false" border="0 1 0" fill="0 1 0" mode="-11"
 points="8.57156 4.78101,
	8.55964 4.7691,
	8.57156 4.75718,
	8.58347 4.7691,
	"/>
<Contour name="d03ax11ssrv" hidden="false" closed="true" simplified="false" border="0 1 0" fill="0 1 0" mode="-11"
 points="8.53922 4.74527,
	8.5273 4.73336,
	8.53922 4.72144,
	8.55113 4.73336,
	"/>
<Contour name="d03ax11ssrv" hidden="false" closed="true" simplified="false" border="0 1 0" fill="0 1 0" mode="-11"
 points="8.50518 4.70612,
	8.49326 4.69421,
	8.50518 4.6823,
	8.51709 4.69421,
	"/>
<Contour name="d03ax11ssrv" hidden="false" closed="true" simplified="false" border="0 1 0" fill="0 1 0" mode="-11"
 points="8.49837 4.66698,
	8.48646 4.65506,
	8.49837 4.64315,
	8.51028 4.65506,
	"/>
<Contour name="d03ax11ssrv" hidden="false" closed="true" simplified="false" border="0 1 0" fill="0 1 0" mode="-11"
 points="8.57666 4.64826,
	8.56475 4.63634,
	8.57666 4.62443,
	8.58858 4.63634,
	"/>
<Contour name="d03ax11ssrv" hidden="false" closed="true" simplified="false" border="0 1 0" fill="0 1 0" mode="-11"
 points="8.6056 4.69761,
	8.59368 4.6857,
	8.6056 4.67379,
	8.61751 4.6857,
	"/>
<Contour name="d03ax11ssrv" hidden="false" closed="true" simplified="false" border="0 1 0" fill="0 1 0" mode="-11"
 points="8.44731 4.69591,
	8.4354 4.684,
	8.44731 4.67208,
	8.45922 4.684,
	"/>
<Contour name="d03ax11ssrv" hidden="false" closed="true" simplified="false" border="0 1 0" fill="0 1 0" mode="-11"
 points="8.37753 4.69932,
	8.36561 4.6874,
	8.37753 4.67549,
	8.38944 4.6874,
	"/>
<Contour name="d03ax11ssrv" hidden="false" closed="true" simplified="false" border="0 1 0" fill="0 1 0" mode="-11"
 points="8.41837 4.65166,
	8.40646 4.63975,
	8.41837 4.62783,
	8.43029 4.63975,
	"/>
<Contour name="d03ax11ssrv" hidden="false" closed="true" simplified="false" border="0 1 0" fill="0 1 0" mode="-11"
 points="8.27541 4.66187,
	8.26349 4.64996,
	8.27541 4.63804,
	8.28732 4.64996,
	"/>
<Contour name="d03ax11ssrv" hidden="false" closed="true" simplified="false" border="0 1 0" fill="0 1 0" mode="-11"
 points="8.22435 4.64996,
	8.21243 4.63804,
	8.22435 4.62613,
	8.23626 4.63804,
	"/>
<Contour name="d03ax11ssvd" hidden="false" closed="true" simplified="false" border="1 0.502 0" fill="1 0.502 0" mode="-11"
 points="8.33327 4.64315,
	8.32136 4.63124,
	8.33327 4.61932,
	8.34519 4.63124,
	"/>
<Contour name="d03ax11ssvd" hidden="false" closed="true" simplified="false" border="1 0.502 0" fill="1 0.502 0" mode="-11"
 points="8.28732 4.61592,
	8.27541 4.604,
	8.28732 4.59209,
	8.29923 4.604,
	"/>
</Transform>

<Transform dim="3"
 xcoef=" 0.969945900246793 0.887805054820466 0.0304400015938975 0 0 0"
 ycoef=" 0.285713862112006 0.0427999815668513 1.03710214042697 0 0 0">
<Image mag="0.00223443" contrast="1" brightness="0" red="true" green="true" blue="true"
 src="CVZWG_und.089.tif" />
<Contour name="domain1" hidden="false" closed="true" simplified="false" border="1 0 1" fill="1 0 1" mode="11"
 points="0 0,
	4097 0,
	4097 4097,
	0 4097,
	"/>
</Transform>

<Transform dim="0"
 xcoef=" 0 1 0 0 0 0"
 ycoef=" 0 0 1 0 0 0">
<Contour name="d01ax17b" hidden="false" closed="true" simplified="true" border="0 1 1" fill="0 1 1" mode="-11"
 points="2.09845 5.25974,
	2.10683 5.24297,
	2.11102 5.2262,
	2.10893 5.20943,
	2.10264 5.19266,
	2.10264 5.17589,
	2.10264 5.1675,
	2.12151 5.13396,
	2.1278 5.11719,
	2.15924 5.08994,
	2.16972 5.07317,
	2.17391 5.06478,
	2.17811 5.06059,
	2.1844 5.04382,
	2.18649 5.03543,
	2.20117 5.02076,
	2.20955 5.01447,
	2.24309 5.00608,
	2.25148 5.00608,
	2.25987 5.00189,
	2.27664 5.00189,
	2.29341 5.01028,
	2.32066 5.04172,
	2.33114 5.05849,
	2.33533 5.06688,
	2.33533 5.10042,
	2.31437 5.1675,
	2.30808 5.17379,
	2.30598 5.18218,
	2.30179 5.18637,
	2.30179 5.19056,
	2.2976 5.19475,
	2.2955 5.20314,
	2.28502 5.21991,
	2.27035 5.23459,
	2.25358 5.24507,
	2.22003 5.25136,
	2.20326 5.25765,
	2.19488 5.26184,
	2.19069 5.26184,
	2.15924 5.28909,
	2.1278 5.30377,
	2.11102 5.30377,
	2.10264 5.29748,
	2.09845 5.28909,
	2.09845 5.27232,
	2.09845 5.26393,
	2.09845 5.26184,
	"/>
</Transform>

<Transform dim="0"
 xcoef=" 0 1 0 0 0 0"
 ycoef=" 0 0 1 0 0 0">
<Contour name="d02ax21" hidden="false" closed="true" simplified="true" border="0 1 1" fill="0 1 1" mode="-11"
 points="5.4846 6.22561,
	5.49044 6.20227,
	5.49044 6.19644,
	5.51378 6.17601,
	5.56046 6.14976,
	5.58088 6.13225,
	5.60422 6.12059,
	5.65089 6.11183,
	5.67423 6.10308,
	5.76759 6.10892,
	5.81426 6.106,
	5.8376 6.106,
	5.84927 6.106,
	5.87261 6.11475,
	5.89303 6.13517,
	5.9047 6.15851,
	5.9047 6.16435,
	5.91054 6.16726,
	5.91345 6.1906,
	5.90762 6.21394,
	5.88428 6.22853,
	5.8376 6.24603,
	5.74425 6.24895,
	5.69757 6.24895,
	5.67423 6.24895,
	5.58088 6.27812,
	5.5342 6.27812,
	5.51086 6.2752,
	5.48752 6.2577,
	5.4846 6.23436,
	5.4846 6.22853,
	"/>
</Transform>

<Transform dim="0"
 xcoef=" 0 1 0 0 0 0"
 ycoef=" 0 0 1 0 0 0">
<Contour name="d04ax17" hidden="false" closed="true" simplified="true" border="0 1 1" fill="0 1 1" mode="-11"
 points="3.6149 6.60214,
	3.62653 6.57557,
	3.63151 6.549,
	3.62155 6.49587,
	3.62321 6.48258,
	3.62653 6.47594,
	3.63981 6.46266,
	3.65309 6.45269,
	3.67966 6.43941,
	3.69295 6.43277,
	3.69959 6.42945,
	3.72616 6.42945,
	3.73944 6.42945,
	3.76601 6.43775,
	3.79258 6.44937,
	3.80586 6.45601,
	3.859 6.47262,
	3.87228 6.4776,
	3.89885 6.47594,
	3.92542 6.47096,
	3.95198 6.47096,
	3.96527 6.47428,
	3.97191 6.47428,
	3.99848 6.48922,
	4.0101 6.50085,
	4.0101 6.51413,
	4.0101 6.52077,
	4.00678 6.52742,
	3.98021 6.54734,
	3.96693 6.55564,
	3.91379 6.56561,
	3.88722 6.57723,
	3.86066 6.5955,
	3.83409 6.60878,
	3.78095 6.62871,
	3.76767 6.63203,
	3.76103 6.63369,
	3.75771 6.63701,
	3.73114 6.64697,
	3.70457 6.65195,
	3.65143 6.65361,
	3.64479 6.65361,
	3.63151 6.64697,
	3.61988 6.63535,
	3.6149 6.62206,
	3.6149 6.60878,
	3.6149 6.6038,
	"/>
</Transform>

<Transform dim="0"
 xcoef=" 0 1 0 0 0 0"
 ycoef=" 0 0 1 0 0 0">
<Contour name="d04ax17" hidden="false" closed="true" simplified="true" border="0 1 1" fill="0 1 1" mode="-11"
 points="7.71603 4.49,
	7.72526 4.46539,
	7.73141 4.45309,
	7.77754 4.40696,
	7.78984 4.38236,
	7.78984 4.33315,
	7.80521 4.28395,
	7.81136 4.25935,
	7.81136 4.21014,
	7.80829 4.19784,
	7.77446 4.14863,
	7.75293 4.12403,
	7.73756 4.09943,
	7.7191 4.05022,
	7.72218 3.95181,
	7.74371 3.90261,
	7.75908 3.8534,
	7.78061 3.8042,
	7.78061 3.79805,
	7.84519 3.69963,
	7.88517 3.6535,
	7.9313 3.61045,
	7.95591 3.58892,
	8.00511 3.55509,
	8.05432 3.54587,
	8.07892 3.55202,
	8.0943 3.57662,
	8.08815 3.62583,
	8.06354 3.72424,
	8.04509 3.77344,
	8.01126 3.82265,
	7.99896 3.84725,
	7.99281 3.8534,
	7.98358 3.878,
	7.96821 3.97642,
	7.95898 4.02562,
	7.96206 4.07483,
	7.97743 4.12403,
	7.97743 4.17324,
	7.96206 4.22244,
	7.93438 4.27165,
	7.92208 4.29625,
	7.91593 4.32085,
	7.92208 4.34546,
	7.94976 4.39466,
	7.96206 4.41926,
	7.97128 4.46847,
	7.96206 4.51768,
	7.94976 4.54228,
	7.93745 4.55458,
	7.88825 4.57303,
	7.83904 4.56996,
	7.78984 4.56073,
	7.76523 4.55458,
	7.75293 4.55458,
	7.72833 4.54228,
	7.71603 4.52998,
	7.71603 4.50537,
	7.71603 4.49307,
	"/>
</Transform>

<Transform dim="0"
 xcoef=" 0 1 0 0 0 0"
 ycoef=" 0 0 1 0 0 0">
<Contour name="d04cfa22" hidden="false" closed="false" simplified="false" border="0 1 1" fill="0 1 1" mode="-9"
 points="2.71582 6.08666,
	2.7424 6.04531,
	2.76455 5.99806,
	2.77636 5.95081,
	2.77341 5.92423,
	"/>
<Contour name="d04ax22" hidden="false" closed="true" simplified="true" border="0 1 1" fill="0 1 1" mode="-11"
 points="1.67589 6.47076,
	1.68144 6.45598,
	1.68329 6.44859,
	1.72948 6.39316,
	1.74241 6.37838,
	1.75165 6.3636,
	1.75719 6.3562,
	1.75904 6.32664,
	1.76459 6.29708,
	1.78491 6.26936,
	1.796 6.25458,
	1.80339 6.2398,
	1.80524 6.21023,
	1.80708 6.19545,
	1.80708 6.19176,
	1.81447 6.18437,
	1.82926 6.17513,
	1.88838 6.1585,
	1.91795 6.14556,
	1.93088 6.13263,
	1.93643 6.12524,
	1.93643 6.11785,
	1.99555 6.09937,
	2.02512 6.08828,
	2.0399 6.07904,
	2.06392 6.04948,
	2.0787 6.01992,
	2.08424 6.00514,
	2.08794 5.97557,
	2.09348 5.96079,
	2.1212 5.93677,
	2.15076 5.92383,
	2.17848 5.90166,
	2.19326 5.89058,
	2.22282 5.87949,
	2.28195 5.86471,
	2.31152 5.86101,
	2.37064 5.84623,
	2.42977 5.82406,
	2.45933 5.81851,
	2.47412 5.81482,
	2.53324 5.81667,
	2.56281 5.8259,
	2.62193 5.83514,
	2.6515 5.83699,
	2.66628 5.83884,
	2.69584 5.84993,
	2.71063 5.86101,
	2.72541 5.87579,
	2.7291 5.88318,
	2.75497 5.91275,
	2.76421 5.92753,
	2.76791 5.94231,
	2.76791 5.95709,
	2.76051 5.98666,
	2.75312 5.99405,
	2.74019 6.02361,
	2.74019 6.031,
	2.72541 6.06057,
	2.67552 6.11969,
	2.66998 6.12709,
	2.66443 6.13078,
	2.64965 6.14556,
	2.62009 6.16404,
	2.6127 6.16774,
	2.60161 6.1973,
	2.58868 6.21208,
	2.55911 6.23241,
	2.52955 6.24719,
	2.47042 6.25643,
	2.44086 6.26382,
	2.38173 6.28784,
	2.35217 6.30077,
	2.3226 6.3174,
	2.29304 6.33957,
	2.27826 6.35066,
	2.27086 6.35436,
	2.25608 6.36914,
	2.245 6.38392,
	2.23945 6.3987,
	2.21913 6.42827,
	2.18956 6.44859,
	2.16 6.45044,
	2.14522 6.44674,
	2.08609 6.45044,
	2.02696 6.47076,
	1.9974 6.47816,
	1.98262 6.48185,
	1.92349 6.48555,
	1.90871 6.48739,
	1.90132 6.48739,
	1.87175 6.49848,
	1.85697 6.50402,
	1.84958 6.50587,
	1.84219 6.51141,
	1.8348 6.51326,
	1.77567 6.55576,
	1.76089 6.55946,
	1.73133 6.55946,
	1.71654 6.55576,
	1.68883 6.53543,
	1.67959 6.52065,
	1.67589 6.50587,
	1.67589 6.47631,
	1.67589 6.47261,
	"/>
</Transform>

<Transform dim="0"
 xcoef=" 0 1 0 0 0 0"
 ycoef=" 0 0 1 0 0 0">
<Contour name="d04ax12" hidden="false" closed="true" simplified="true" border="0 1 1" fill="0 1 1" mode="-11"
 points="2.25882 6.97402,
	2.26101 6.96524,
	2.27418 6.94768,
	2.30931 6.92353,
	2.32687 6.91256,
	2.33565 6.90817,
	2.40589 6.89939,
	2.44102 6.895,
	2.51126 6.87524,
	2.52882 6.87524,
	2.56395 6.86426,
	2.57273 6.85987,
	2.58809 6.84451,
	2.62322 6.83792,
	2.65834 6.83792,
	2.72858 6.82914,
	2.79883 6.82695,
	2.86907 6.82036,
	2.88663 6.81597,
	2.92176 6.81597,
	2.95688 6.82036,
	2.992 6.83353,
	3.00078 6.84012,
	3.00517 6.84451,
	3.00517 6.86207,
	3.02054 6.93231,
	3.03151 6.94987,
	3.03591 6.95426,
	3.0381 6.98939,
	3.03151 7.00695,
	3.01615 7.02451,
	3.00737 7.0267,
	2.98981 7.03768,
	2.97225 7.04207,
	2.93712 7.04207,
	2.86688 7.05085,
	2.84932 7.05305,
	2.77907 7.07719,
	2.70883 7.09475,
	2.70005 7.09475,
	2.66492 7.10573,
	2.64736 7.11012,
	2.63858 7.11451,
	2.56834 7.11232,
	2.53321 7.10793,
	2.49809 7.11012,
	2.42785 7.12549,
	2.41028 7.12988,
	2.34004 7.12549,
	2.33126 7.12329,
	2.3137 7.11232,
	2.28077 7.08158,
	2.26979 7.06402,
	2.26979 7.05524,
	2.26321 7.03768,
	2.25882 7.00256,
	2.25882 6.985,
	2.25882 6.97622,
	"/>
</Transform>

<Transform dim="0"
 xcoef=" 0 1 0 0 0 0"
 ycoef=" 0 0 1 0 0 0">
<Contour name="d04ax22ssvr" hidden="false" closed="true" simplified="false" border="0 1 0" fill="0 1 0" mode="-11"
 points="2.54387 6.07019,
	2.52959 6.0559,
	2.54387 6.04161,
	2.55816 6.0559,
	"/>
<Contour name="d04ax22ssvr" hidden="false" closed="true" simplified="false" border="0 1 0" fill="0 1 0" mode="-11"
 points="2.51938 6.11101,
	2.50509 6.09672,
	2.51938 6.08243,
	2.53367 6.09672,
	"/>
<Contour name="d04ax22ssvr" hidden="false" closed="true" simplified="false" border="0 1 0" fill="0 1 0" mode="-11"
 points="2.50713 6.15796,
	2.49284 6.14367,
	2.50713 6.12938,
	2.52142 6.14367,
	"/>
<Contour name="d04ax22ssvr" hidden="false" closed="true" simplified="false" border="0 1 0" fill="0 1 0" mode="-11"
 points="2.56633 6.14367,
	2.55204 6.12938,
	2.56633 6.11509,
	2.58062 6.12938,
	"/>
<Contour name="d04ax22ssvr" hidden="false" closed="true" simplified="false" border="0 1 0" fill="0 1 0" mode="-11"
 points="2.54796 6.18858,
	2.53367 6.17429,
	2.54796 6.16,
	2.56225 6.17429,
	"/>
<Contour name="d04ax22ssvr" hidden="false" closed="true" simplified="false" border="0 1 0" fill="0 1 0" mode="-11"
 points="2.58266 6.10285,
	2.56837 6.08856,
	2.58266 6.07427,
	2.59695 6.08856,
	"/>
<Contour name="d04ax22ssvr" hidden="false" closed="true" simplified="false" border="0 1 0" fill="0 1 0" mode="-11"
 points="2.60307 6.07019,
	2.58878 6.0559,
	2.60307 6.04161,
	2.61736 6.0559,
	"/>
<Contour name="d04ax22ssvr" hidden="false" closed="true" simplified="false" border="0 1 0" fill="0 1 0" mode="-11"
 points="2.66022 6.07019,
	2.64594 6.0559,
	2.66022 6.04161,
	2.67451 6.0559,
	"/>
<Contour name="d04ax22ssvr" hidden="false" closed="true" simplified="false" border="0 1 0" fill="0 1 0" mode="-11"
 points="2.63165 6.00487,
	2.61736 5.99058,
	2.63165 5.97629,
	2.64594 5.99058,
	"/>
<Contour name="d04ax22ssvr" hidden="false" closed="true" simplified="false" border="0 1 0" fill="0 1 0" mode="-11"
 points="2.66226 5.95384,
	2.64798 5.93955,
	2.66226 5.92526,
	2.67655 5.93955,
	"/>
<Contour name="d04ax22ssvr" hidden="false" closed="true" simplified="false" border="0 1 0" fill="0 1 0" mode="-11"
 points="2.60715 5.91301,
	2.59286 5.89873,
	2.60715 5.88444,
	2.62144 5.89873,
	"/>
<Contour name="d04ax22ssvr" hidden="false" closed="true" simplified="false" border="0 1 0" fill="0 1 0" mode="-11"
 points="2.58062 6.00487,
	2.56633 5.99058,
	2.58062 5.97629,
	2.59491 5.99058,
	"/>
<Contour name="d04ax22ssvr" hidden="false" closed="true" simplified="false" border="0 1 0" fill="0 1 0" mode="-11"
 points="2.5153 5.99466,
	2.50101 5.98037,
	2.5153 5.96609,
	2.52959 5.98037,
	"/>
<Contour name="d04ax22ssvr" hidden="false" closed="true" simplified="false" border="0 1 0" fill="0 1 0" mode="-11"
 points="2.53571 5.94567,
	2.52142 5.93138,
	2.53571 5.9171,
	2.55 5.93138,
	"/>
<Contour name="d04ax22ssvr" hidden="false" closed="true" simplified="false" border="0 1 0" fill="0 1 0" mode="-11"
 points="2.4561 5.98037,
	2.44181 5.96609,
	2.4561 5.9518,
	2.47039 5.96609,
	"/>
<Contour name="d04ax22ssvr" hidden="false" closed="true" simplified="false" border="0 1 0" fill="0 1 0" mode="-11"
 points="2.48672 6.02936,
	2.47243 6.01507,
	2.48672 6.00079,
	2.50101 6.01507,
	"/>
<Contour name="d04ax22ssvr" hidden="false" closed="true" simplified="false" border="0 1 0" fill="0 1 0" mode="-11"
 points="2.49284 5.89873,
	2.47856 5.88444,
	2.49284 5.87015,
	2.50713 5.88444,
	"/>
<Contour name="d04ax22ssvr" hidden="false" closed="true" simplified="false" border="0 1 0" fill="0 1 0" mode="-11"
 points="2.44386 5.9171,
	2.42957 5.90281,
	2.44386 5.88852,
	2.45814 5.90281,
	"/>
<Contour name="d04ax22ssvr" hidden="false" closed="true" simplified="false" border="0 1 0" fill="0 1 0" mode="-11"
 points="2.35608 5.96813,
	2.3418 5.95384,
	2.35608 5.93955,
	2.37037 5.95384,
	"/>
<Contour name="d04ax22ssvr" hidden="false" closed="true" simplified="false" border="0 1 0" fill="0 1 0" mode="-11"
 points="2.29689 5.95792,
	2.2826 5.94363,
	2.29689 5.92934,
	2.31118 5.94363,
	"/>
<Contour name="d04ax22ssvr" hidden="false" closed="true" simplified="false" border="0 1 0" fill="0 1 0" mode="-11"
 points="2.20912 5.96404,
	2.19483 5.94976,
	2.20912 5.93547,
	2.22341 5.94976,
	"/>
<Contour name="d04ax22ssvr" hidden="false" closed="true" simplified="false" border="0 1 0" fill="0 1 0" mode="-11"
 points="2.21932 6.01303,
	2.20503 5.99874,
	2.21932 5.98446,
	2.23361 5.99874,
	"/>
<Contour name="d04ax22ssvr" hidden="false" closed="true" simplified="false" border="0 1 0" fill="0 1 0" mode="-11"
 points="2.14788 5.99466,
	2.13359 5.98037,
	2.14788 5.96609,
	2.16217 5.98037,
	"/>
<Contour name="d04ax22ssvr" hidden="false" closed="true" simplified="false" border="0 1 0" fill="0 1 0" mode="-11"
 points="2.14176 6.06202,
	2.12747 6.04773,
	2.14176 6.03345,
	2.15605 6.04773,
	"/>
<Contour name="d04ax22ssvr" hidden="false" closed="true" simplified="false" border="0 1 0" fill="0 1 0" mode="-11"
 points="2.21728 6.07631,
	2.20299 6.06202,
	2.21728 6.04773,
	2.23157 6.06202,
	"/>
<Contour name="d04ax22ssvr" hidden="false" closed="true" simplified="false" border="0 1 0" fill="0 1 0" mode="-11"
 points="2.30914 5.99874,
	2.29485 5.98446,
	2.30914 5.97017,
	2.32342 5.98446,
	"/>
<Contour name="d04ax22ssvr" hidden="false" closed="true" simplified="false" border="0 1 0" fill="0 1 0" mode="-11"
 points="2.30097 6.05794,
	2.28668 6.04365,
	2.30097 6.02936,
	2.31526 6.04365,
	"/>
<Contour name="d04ax22ssvr" hidden="false" closed="true" simplified="false" border="0 1 0" fill="0 1 0" mode="-11"
 points="2.38058 6.05794,
	2.36629 6.04365,
	2.38058 6.02936,
	2.39487 6.04365,
	"/>
<Contour name="d04ax22ssvr" hidden="false" closed="true" simplified="false" border="0 1 0" fill="0 1 0" mode="-11"
 points="2.43773 6.0559,
	2.42344 6.04161,
	2.43773 6.02732,
	2.45202 6.04161,
	"/>
<Contour name="d04ax22ssvr" hidden="false" closed="true" simplified="false" border="0 1 0" fill="0 1 0" mode="-11"
 points="2.40303 6.01303,
	2.38874 5.99874,
	2.40303 5.98446,
	2.41732 5.99874,
	"/>
<Contour name="d04ax22ssvr" hidden="false" closed="true" simplified="false" border="0 1 0" fill="0 1 0" mode="-11"
 points="2.41528 6.1008,
	2.40099 6.08652,
	2.41528 6.07223,
	2.42957 6.08652,
	"/>
<Contour name="d04ax22ssvr" hidden="false" closed="true" simplified="false" border="0 1 0" fill="0 1 0" mode="-11"
 points="2.39487 6.14571,
	2.38058 6.13142,
	2.39487 6.11713,
	2.40916 6.13142,
	"/>
<Contour name="d04ax22ssvr" hidden="false" closed="true" simplified="false" border="0 1 0" fill="0 1 0" mode="-11"
 points="2.44998 6.14979,
	2.43569 6.13551,
	2.44998 6.12122,
	2.46427 6.13551,
	"/>
<Contour name="d04ax22ssvr" hidden="false" closed="true" simplified="false" border="0 1 0" fill="0 1 0" mode="-11"
 points="2.46835 6.07835,
	2.45406 6.06406,
	2.46835 6.04977,
	2.48264 6.06406,
	"/>
<Contour name="d04ax22ssvr" hidden="false" closed="true" simplified="false" border="0 1 0" fill="0 1 0" mode="-11"
 points="2.43569 6.20491,
	2.4214 6.19062,
	2.43569 6.17633,
	2.44998 6.19062,
	"/>
<Contour name="d04ax22ssvr" hidden="false" closed="true" simplified="false" border="0 1 0" fill="0 1 0" mode="-11"
 points="2.37854 6.19878,
	2.36425 6.18449,
	2.37854 6.17021,
	2.39283 6.18449,
	"/>
<Contour name="d04ax22ssvr" hidden="false" closed="true" simplified="false" border="0 1 0" fill="0 1 0" mode="-11"
 points="2.36629 6.23144,
	2.352 6.21715,
	2.36629 6.20287,
	2.38058 6.21715,
	"/>
<Contour name="d04ax22ssvr" hidden="false" closed="true" simplified="false" border="0 1 0" fill="0 1 0" mode="-11"
 points="2.26831 6.27023,
	2.25402 6.25594,
	2.26831 6.24165,
	2.2826 6.25594,
	"/>
<Contour name="d04ax22ssvr" hidden="false" closed="true" simplified="false" border="0 1 0" fill="0 1 0" mode="-11"
 points="2.29485 6.30901,
	2.28056 6.29472,
	2.29485 6.28043,
	2.30914 6.29472,
	"/>
<Contour name="d04ax22ssvr" hidden="false" closed="true" simplified="false" border="0 1 0" fill="0 1 0" mode="-11"
 points="2.23157 6.33554,
	2.21728 6.32126,
	2.23157 6.30697,
	2.24586 6.32126,
	"/>
</Transform>

<Transform dim="0"
 xcoef=" 0 1 0 0 0 0"
 ycoef=" 0 0 1 0 0 0">
<Contour name="d01ax19" hidden="false" closed="true" simplified="true" border="1 1 0" fill="1 1 0" mode="-11"
 points="3.88279 5.21821,
	3.92503 5.17273,
	3.95103 5.14998,
	3.97702 5.13698,
	3.99002 5.13374,
	4.01601 5.11749,
	4.042 5.10774,
	4.09399 5.11424,
	4.14598 5.14998,
	4.17197 5.16623,
	4.21421 5.21172,
	4.26295 5.24096,
	4.27595 5.24746,
	4.28894 5.26045,
	4.29219 5.27345,
	4.28244 5.29944,
	4.27595 5.31244,
	4.24995 5.33843,
	4.23696 5.34818,
	4.21096 5.35793,
	4.15898 5.35793,
	4.10699 5.34818,
	4.08099 5.34493,
	4.02901 5.32219,
	3.97702 5.31569,
	3.92503 5.29944,
	3.89904 5.27995,
	3.88279 5.25396,
	3.88279 5.22796,
	3.88279 5.22146,
	"/>
</Transform>

<Transform dim="0"
 xcoef=" 0 1 0 0 0 0"
 ycoef=" 0 0 1 0 0 0">
<Contour name="d04ax14" hidden="false" closed="true" simplified="true" border="1 0 0" fill="1 0 0" mode="-11"
 points="4.46585 5.18988,
	4.48902 5.14644,
	4.50639 5.1001,
	4.50929 5.00742,
	4.52956 4.99005,
	4.5759 4.96688,
	4.58748 4.95819,
	4.63382 4.94371,
	4.65699 4.94371,
	4.66858 4.93792,
	4.69175 4.93502,
	4.70333 4.93212,
	4.70912 4.92633,
	4.75546 4.91185,
	4.77863 4.90896,
	4.82497 4.91764,
	4.84814 4.92633,
	4.89447 4.93212,
	4.91764 4.93792,
	4.92923 4.94081,
	4.94081 4.9524,
	4.9495 4.97557,
	4.9524 4.99874,
	4.93502 5.01611,
	4.88868 5.04218,
	4.88579 5.06535,
	4.8771 5.07693,
	4.85683 5.08852,
	4.83655 5.10879,
	4.83076 5.11458,
	4.83076 5.12037,
	4.82207 5.12906,
	4.81628 5.15223,
	4.81628 5.1754,
	4.81049 5.19857,
	4.79311 5.22174,
	4.74967 5.2478,
	4.7265 5.2507,
	4.68016 5.2478,
	4.66858 5.2478,
	4.62224 5.27097,
	4.59907 5.27677,
	4.58748 5.27677,
	4.5759 5.27097,
	4.57011 5.27097,
	4.55852 5.26228,
	4.54694 5.25939,
	4.53535 5.2507,
	4.48902 5.23622,
	4.46874 5.21595,
	4.46585 5.19278,
	"/>
</Transform>

</Section>