<?xml version="1.0"?>
<!DOCTYPE Section SYSTEM "section.dtd">

<Section index="111" thickness="0.0532092" alignLocked="true">
<Transform dim="0"
 xcoef=" 0 1 0 0 0 0"
 ycoef=" 0 0 1 0 0 0">
<Contour name="Ax01" hidden="false" closed="true" simplified="true" border="1 0.5 0" fill="1 0.5 0" mode="11"
 points="4.98796 2.303,
	4.99639 2.28053,
	5.00201 2.2356,
	5.00481 2.21313,
	5.00481 2.20751,
	5.01043 2.20189,
	5.01324 2.19066,
	5.03009 2.16819,
	5.07222 2.13168,
	5.08626 2.11202,
	5.10311 2.06708,
	5.1312 2.02496,
	5.14243 2.01372,
	5.1649 2.0053,
	5.17052 1.99968,
	5.21545 1.98844,
	5.26039 1.98844,
	5.30533 1.99406,
	5.3278 1.99687,
	5.35026 2.0053,
	5.3615 2.0081,
	5.38116 2.02215,
	5.39239 2.02776,
	5.43171 2.06989,
	5.44295 2.11483,
	5.44014 2.15977,
	5.42329 2.2047,
	5.41486 2.21594,
	5.40644 2.2384,
	5.40082 2.24964,
	5.40082 2.25526,
	5.36712 2.30019,
	5.35026 2.31985,
	5.33903 2.33109,
	5.31656 2.34232,
	5.22669 2.36198,
	5.20422 2.3676,
	5.11435 2.36479,
	5.06941 2.36479,
	5.02447 2.35636,
	5.00481 2.33951,
	4.99358 2.32828,
	4.98796 2.31704,
	4.98796 2.30581,
	"/>
</Transform>

<Transform dim="0"
 xcoef=" 0 1 0 0 0 0"
 ycoef=" 0 0 1 0 0 0">
<Contour name="Ax03" hidden="false" closed="true" simplified="true" border="1 0 0.5" fill="1 0 0.5" mode="-11"
 points="2.82321 2.97149,
	2.82902 2.95986,
	2.82902 2.95405,
	2.86973 2.91334,
	2.91625 2.88717,
	2.93951 2.87845,
	2.96277 2.86391,
	2.9744 2.8581,
	2.98021 2.85228,
	2.99184 2.84937,
	2.99766 2.84356,
	3.04418 2.83193,
	3.06744 2.83193,
	3.11396 2.84356,
	3.13722 2.84937,
	3.14303 2.85228,
	3.14885 2.84937,
	3.19537 2.87263,
	3.20991 2.89589,
	3.21572 2.90171,
	3.22154 2.92497,
	3.22735 2.9366,
	3.22735 2.95986,
	3.22154 2.98312,
	3.20118 3.00638,
	3.18955 3.0122,
	3.18374 3.01801,
	3.17211 3.02092,
	3.15176 3.03546,
	3.14013 3.04418,
	3.09361 3.0529,
	2.90752 3.06162,
	2.88426 3.05872,
	2.861 3.04999,
	2.83774 3.03255,
	2.83774 3.02673,
	2.82902 3.01801,
	2.82321 2.99475,
	2.82321 2.9744,
	"/>
</Transform>

<Transform dim="0"
 xcoef=" 0 1 0 0 0 0"
 ycoef=" 0 0 1 0 0 0">
<Contour name="Ax04" hidden="false" closed="true" simplified="true" border="1 0 0" fill="1 0 0" mode="-11"
 points="4.22864 5.61019,
	4.24022 5.58991,
	4.28367 5.55805,
	4.30684 5.54647,
	4.35318 5.53488,
	4.39952 5.53488,
	4.42269 5.54647,
	4.42848 5.54647,
	4.44297 5.56964,
	4.43428 5.59281,
	4.42848 5.63915,
	4.414 5.66232,
	4.39083 5.6768,
	4.37925 5.68259,
	4.37345 5.68259,
	4.36766 5.68839,
	4.32132 5.69708,
	4.30973 5.69708,
	4.27498 5.66232,
	4.25181 5.65073,
	4.23153 5.63336,
	4.22864 5.61308,
	"/>
</Transform>

<Transform dim="0"
 xcoef=" 0 1 0 0 0 0"
 ycoef=" 0 0 1 0 0 0">
<Contour name="Ax05" hidden="false" closed="true" simplified="true" border="1 1 0" fill="1 1 0" mode="-11"
 points="2.50585 5.58026,
	2.54007 5.54341,
	2.54534 5.53815,
	2.54534 5.53288,
	2.5506 5.52762,
	2.55323 5.51709,
	2.56903 5.49867,
	2.60851 5.46708,
	2.62957 5.45918,
	2.65063 5.45655,
	2.69274 5.46445,
	2.7138 5.46971,
	2.71906 5.47498,
	2.71906 5.49603,
	2.70327 5.51709,
	2.7059 5.53815,
	2.70853 5.54868,
	2.70853 5.55394,
	2.69011 5.57237,
	2.67958 5.58026,
	2.66905 5.5829,
	2.66379 5.58816,
	2.57956 5.59343,
	2.53744 5.59606,
	2.51638 5.59343,
	2.50585 5.58816,
	2.50585 5.5829,
	"/>
</Transform>

<Transform dim="0"
 xcoef=" 0 1 0 0 0 0"
 ycoef=" 0 0 1 0 0 0">
<Contour name="Ax06" hidden="false" closed="true" simplified="true" border="0 0 1" fill="0 0 1" mode="11"
 points="1.03892 4.01157,
	1.04493 3.98755,
	1.04493 3.96353,
	1.05694 3.93951,
	1.09297 3.89146,
	1.11399 3.87345,
	1.123 3.86444,
	1.13501 3.86144,
	1.17705 3.83141,
	1.21608 3.79238,
	1.2341 3.76835,
	1.25812 3.75034,
	1.28214 3.73833,
	1.29415 3.73833,
	1.34219 3.7113,
	1.3482 3.7113,
	1.3512 3.7053,
	1.39925 3.69028,
	1.44429 3.65726,
	1.48933 3.63023,
	1.52836 3.58819,
	1.5764 3.56117,
	1.62445 3.54616,
	1.67249 3.54015,
	1.72053 3.51913,
	1.74455 3.51613,
	1.84064 3.4861,
	1.93672 3.48911,
	1.98477 3.4861,
	2.00879 3.47409,
	2.01479 3.47409,
	2.0208 3.46809,
	2.04482 3.48911,
	2.05383 3.50112,
	2.06284 3.52514,
	2.06584 3.54916,
	2.06584 3.56117,
	2.07485 3.58519,
	2.08085 3.5972,
	2.08686 3.60321,
	2.10788 3.65125,
	2.11688 3.66026,
	2.16192 3.68128,
	2.18595 3.68728,
	2.20696 3.7053,
	2.20696 3.72932,
	2.20096 3.75334,
	2.19495 3.75935,
	2.19195 3.80739,
	2.18294 3.83141,
	2.15892 3.85543,
	2.1379 3.87044,
	2.12589 3.87945,
	2.10187 3.88846,
	2.07785 3.90347,
	2.06284 3.92449,
	2.04182 3.94251,
	2.02981 3.94551,
	2.0178 3.95452,
	1.96975 3.97554,
	1.87367 3.99956,
	1.77758 4.03259,
	1.58541 4.07162,
	1.48933 4.07763,
	1.44128 4.07463,
	1.41726 4.08363,
	1.40525 4.08664,
	1.39925 4.09264,
	1.3512 4.11066,
	1.30316 4.11366,
	1.27914 4.10766,
	1.26713 4.10766,
	1.25512 4.11366,
	1.24311 4.11366,
	1.2311 4.11967,
	1.22509 4.11967,
	1.21608 4.12867,
	1.16804 4.14669,
	1.14402 4.14669,
	1.12 4.13768,
	1.08997 4.08964,
	1.06895 4.06862,
	1.05994 4.05961,
	1.05694 4.05361,
	1.05094 4.05361,
	1.04193 4.0416,
	1.03892 4.01758,
	1.03892 4.01457,
	"/>
</Transform>

<Transform dim="0"
 xcoef=" 0 1 0 0 0 0"
 ycoef=" 0 0 1 0 0 0">
<Contour name="Ax06B03ssrv457" hidden="false" closed="true" simplified="false" border="0.5 0 1" fill="0.5 0 1" mode="13"
 points="1.23475 3.88531,
	1.22533 3.88217,
	1.23475 3.87903,
	1.22847 3.8696,
	1.2379 3.87589,
	1.24104 3.86646,
	1.24418 3.87589,
	1.25361 3.8696,
	1.24732 3.87903,
	1.25675 3.88217,
	1.24732 3.88531,
	1.25361 3.89474,
	1.24418 3.88845,
	1.24104 3.89788,
	1.2379 3.88845,
	1.22847 3.89474,
	"/>
<Contour name="Ax06B03ssrv458" hidden="false" closed="true" simplified="false" border="0.5 0 1" fill="0.5 0 1" mode="13"
 points="1.28189 3.90102,
	1.27246 3.89788,
	1.28189 3.89474,
	1.27561 3.88531,
	1.28503 3.8916,
	1.28818 3.88217,
	1.29132 3.8916,
	1.30075 3.88531,
	1.29446 3.89474,
	1.30389 3.89788,
	1.29446 3.90102,
	1.30075 3.91045,
	1.29132 3.90417,
	1.28818 3.91359,
	1.28503 3.90417,
	1.27561 3.91045,
	"/>
<Contour name="Ax06B03ssrv459" hidden="false" closed="true" simplified="false" border="0.5 0 1" fill="0.5 0 1" mode="13"
 points="1.3416 3.86332,
	1.33217 3.86017,
	1.3416 3.85703,
	1.33531 3.8476,
	1.34474 3.85389,
	1.34788 3.84446,
	1.35102 3.85389,
	1.36045 3.8476,
	1.35417 3.85703,
	1.36359 3.86017,
	1.35417 3.86332,
	1.36045 3.87274,
	1.35102 3.86646,
	1.34788 3.87589,
	1.34474 3.86646,
	1.33531 3.87274,
	"/>
<Contour name="Ax06B03ssrv460" hidden="false" closed="true" simplified="false" border="0.5 0 1" fill="0.5 0 1" mode="13"
 points="1.35731 3.95759,
	1.34788 3.95445,
	1.35731 3.9513,
	1.35102 3.94188,
	1.36045 3.94816,
	1.36359 3.93873,
	1.36674 3.94816,
	1.37616 3.94188,
	1.36988 3.9513,
	1.37931 3.95445,
	1.36988 3.95759,
	1.37616 3.96702,
	1.36674 3.96073,
	1.36359 3.97016,
	1.36045 3.96073,
	1.35102 3.96702,
	"/>
<Contour name="Ax06B03ssrv461" hidden="false" closed="true" simplified="false" border="0.5 0 1" fill="0.5 0 1" mode="13"
 points="1.41387 3.98273,
	1.40445 3.97959,
	1.41387 3.97644,
	1.40759 3.96702,
	1.41702 3.9733,
	1.42016 3.96387,
	1.4233 3.9733,
	1.43273 3.96702,
	1.42644 3.97644,
	1.43587 3.97959,
	1.42644 3.98273,
	1.43273 3.99216,
	1.4233 3.98587,
	1.42016 3.9953,
	1.41702 3.98587,
	1.40759 3.99216,
	"/>
<Contour name="Ax06B03ssrv462" hidden="false" closed="true" simplified="false" border="0.5 0 1" fill="0.5 0 1" mode="13"
 points="1.49243 3.98901,
	1.48301 3.98587,
	1.49243 3.98273,
	1.48615 3.9733,
	1.49558 3.97959,
	1.49872 3.97016,
	1.50186 3.97959,
	1.51129 3.9733,
	1.505 3.98273,
	1.51443 3.98587,
	1.505 3.98901,
	1.51129 3.99844,
	1.50186 3.99216,
	1.49872 4.00158,
	1.49558 3.99216,
	1.48615 3.99844,
	"/>
<Contour name="Ax06B03ssrv463" hidden="false" closed="true" simplified="false" border="0.5 0 1" fill="0.5 0 1" mode="13"
 points="1.67155 3.9953,
	1.66213 3.99216,
	1.67155 3.98901,
	1.66527 3.97959,
	1.6747 3.98587,
	1.67784 3.97644,
	1.68098 3.98587,
	1.69041 3.97959,
	1.68412 3.98901,
	1.69355 3.99216,
	1.68412 3.9953,
	1.69041 4.00473,
	1.68098 3.99844,
	1.67784 4.00787,
	1.6747 3.99844,
	1.66527 4.00473,
	"/>
<Contour name="Ax06B03ssrv464" hidden="false" closed="true" simplified="false" border="0.5 0 1" fill="0.5 0 1" mode="13"
 points="1.75326 3.94188,
	1.74383 3.93873,
	1.75326 3.93559,
	1.74697 3.92616,
	1.7564 3.93245,
	1.75954 3.92302,
	1.76268 3.93245,
	1.77211 3.92616,
	1.76583 3.93559,
	1.77525 3.93873,
	1.76583 3.94188,
	1.77211 3.9513,
	1.76268 3.94502,
	1.75954 3.95445,
	1.7564 3.94502,
	1.74697 3.9513,
	"/>
<Contour name="Ax06B03ssrv465" hidden="false" closed="true" simplified="false" border="0.5 0 1" fill="0.5 0 1" mode="13"
 points="1.51129 3.92931,
	1.50186 3.92616,
	1.51129 3.92302,
	1.505 3.91359,
	1.51443 3.91988,
	1.51757 3.91045,
	1.52072 3.91988,
	1.53014 3.91359,
	1.52386 3.92302,
	1.53329 3.92616,
	1.52386 3.92931,
	1.53014 3.93873,
	1.52072 3.93245,
	1.51757 3.94188,
	1.51443 3.93245,
	1.505 3.93873,
	"/>
<Contour name="Ax06B03ssrv466" hidden="false" closed="true" simplified="false" border="0.5 0 1" fill="0.5 0 1" mode="13"
 points="1.571 3.90102,
	1.56157 3.89788,
	1.571 3.89474,
	1.56471 3.88531,
	1.57414 3.8916,
	1.57728 3.88217,
	1.58042 3.8916,
	1.58985 3.88531,
	1.58357 3.89474,
	1.59299 3.89788,
	1.58357 3.90102,
	1.58985 3.91045,
	1.58042 3.90417,
	1.57728 3.91359,
	1.57414 3.90417,
	1.56471 3.91045,
	"/>
<Contour name="Ax06B03ssrv467" hidden="false" closed="true" simplified="false" border="0.5 0 1" fill="0.5 0 1" mode="13"
 points="1.62442 3.88531,
	1.61499 3.88217,
	1.62442 3.87903,
	1.61813 3.8696,
	1.62756 3.87589,
	1.6307 3.86646,
	1.63384 3.87589,
	1.64327 3.8696,
	1.63699 3.87903,
	1.64641 3.88217,
	1.63699 3.88531,
	1.64327 3.89474,
	1.63384 3.88845,
	1.6307 3.89788,
	1.62756 3.88845,
	1.61813 3.89474,
	"/>
<Contour name="Ax06B03ssrv468" hidden="false" closed="true" simplified="false" border="0.5 0 1" fill="0.5 0 1" mode="13"
 points="1.67784 3.87589,
	1.66841 3.87274,
	1.67784 3.8696,
	1.67155 3.86017,
	1.68098 3.86646,
	1.68412 3.85703,
	1.68727 3.86646,
	1.69669 3.86017,
	1.69041 3.8696,
	1.69984 3.87274,
	1.69041 3.87589,
	1.69669 3.88531,
	1.68727 3.87903,
	1.68412 3.88845,
	1.68098 3.87903,
	1.67155 3.88531,
	"/>
<Contour name="Ax06B03ssrv469" hidden="false" closed="true" simplified="false" border="0.5 0 1" fill="0.5 0 1" mode="13"
 points="1.74697 3.84446,
	1.73755 3.84132,
	1.74697 3.83818,
	1.74069 3.82875,
	1.75012 3.83503,
	1.75326 3.82561,
	1.7564 3.83503,
	1.76583 3.82875,
	1.75954 3.83818,
	1.76897 3.84132,
	1.75954 3.84446,
	1.76583 3.85389,
	1.7564 3.8476,
	1.75326 3.85703,
	1.75012 3.8476,
	1.74069 3.85389,
	"/>
<Contour name="Ax06B03ssrv470" hidden="false" closed="true" simplified="false" border="0.5 0 1" fill="0.5 0 1" mode="13"
 points="1.80668 3.82246,
	1.79725 3.81932,
	1.80668 3.81618,
	1.80039 3.80675,
	1.80982 3.81304,
	1.81296 3.80361,
	1.81611 3.81304,
	1.82553 3.80675,
	1.81925 3.81618,
	1.82868 3.81932,
	1.81925 3.82246,
	1.82553 3.83189,
	1.81611 3.82561,
	1.81296 3.83503,
	1.80982 3.82561,
	1.80039 3.83189,
	"/>
<Contour name="Ax06B03ssrv471" hidden="false" closed="true" simplified="false" border="0.5 0 1" fill="0.5 0 1" mode="13"
 points="1.89467 3.82561,
	1.88524 3.82246,
	1.89467 3.81932,
	1.88838 3.80989,
	1.89781 3.81618,
	1.90095 3.80675,
	1.90409 3.81618,
	1.91352 3.80989,
	1.90724 3.81932,
	1.91666 3.82246,
	1.90724 3.82561,
	1.91352 3.83503,
	1.90409 3.82875,
	1.90095 3.83818,
	1.89781 3.82875,
	1.88838 3.83503,
	"/>
<Contour name="Ax06B03ssrv472" hidden="false" closed="true" simplified="false" border="0.5 0 1" fill="0.5 0 1" mode="13"
 points="1.90095 3.76276,
	1.89153 3.75961,
	1.90095 3.75647,
	1.89467 3.74704,
	1.90409 3.75333,
	1.90724 3.7439,
	1.91038 3.75333,
	1.91981 3.74704,
	1.91352 3.75647,
	1.92295 3.75961,
	1.91352 3.76276,
	1.91981 3.77218,
	1.91038 3.7659,
	1.90724 3.77533,
	1.90409 3.7659,
	1.89467 3.77218,
	"/>
<Contour name="Ax06B03ssrv473" hidden="false" closed="true" simplified="false" border="0.5 0 1" fill="0.5 0 1" mode="13"
 points="1.91352 3.70934,
	1.90409 3.70619,
	1.91352 3.70305,
	1.90724 3.69362,
	1.91666 3.69991,
	1.91981 3.69048,
	1.92295 3.69991,
	1.93238 3.69362,
	1.92609 3.70305,
	1.93552 3.70619,
	1.92609 3.70934,
	1.93238 3.71876,
	1.92295 3.71248,
	1.91981 3.72191,
	1.91666 3.71248,
	1.90724 3.71876,
	"/>
<Contour name="Ax06B03ssrv474" hidden="false" closed="true" simplified="false" border="0.5 0 1" fill="0.5 0 1" mode="13"
 points="1.85696 3.69677,
	1.84753 3.69362,
	1.85696 3.69048,
	1.85067 3.68105,
	1.8601 3.68734,
	1.86324 3.67791,
	1.86639 3.68734,
	1.87581 3.68105,
	1.86953 3.69048,
	1.87896 3.69362,
	1.86953 3.69677,
	1.87581 3.70619,
	1.86639 3.69991,
	1.86324 3.70934,
	1.8601 3.69991,
	1.85067 3.70619,
	"/>
<Contour name="Ax06B03ssrv475" hidden="false" closed="true" simplified="false" border="0.5 0 1" fill="0.5 0 1" mode="13"
 points="1.80354 3.73448,
	1.79411 3.73133,
	1.80354 3.72819,
	1.79725 3.71876,
	1.80668 3.72505,
	1.80982 3.71562,
	1.81296 3.72505,
	1.82239 3.71876,
	1.81611 3.72819,
	1.82553 3.73133,
	1.81611 3.73448,
	1.82239 3.7439,
	1.81296 3.73762,
	1.80982 3.74704,
	1.80668 3.73762,
	1.79725 3.7439,
	"/>
<Contour name="Ax06B03ssrv476" hidden="false" closed="true" simplified="false" border="0.5 0 1" fill="0.5 0 1" mode="13"
 points="1.74697 3.75333,
	1.73755 3.75019,
	1.74697 3.74704,
	1.74069 3.73762,
	1.75012 3.7439,
	1.75326 3.73448,
	1.7564 3.7439,
	1.76583 3.73762,
	1.75954 3.74704,
	1.76897 3.75019,
	1.75954 3.75333,
	1.76583 3.76276,
	1.7564 3.75647,
	1.75326 3.7659,
	1.75012 3.75647,
	1.74069 3.76276,
	"/>
<Contour name="Ax06B03ssrv477" hidden="false" closed="true" simplified="false" border="0.5 0 1" fill="0.5 0 1" mode="13"
 points="1.69669 3.78161,
	1.68727 3.77847,
	1.69669 3.77533,
	1.69041 3.7659,
	1.69984 3.77218,
	1.70298 3.76276,
	1.70612 3.77218,
	1.71555 3.7659,
	1.70926 3.77533,
	1.71869 3.77847,
	1.70926 3.78161,
	1.71555 3.79104,
	1.70612 3.78475,
	1.70298 3.79418,
	1.69984 3.78475,
	1.69041 3.79104,
	"/>
<Contour name="Ax06B03ssrv478" hidden="false" closed="true" simplified="false" border="0.5 0 1" fill="0.5 0 1" mode="13"
 points="1.69041 3.83189,
	1.68098 3.82875,
	1.69041 3.82561,
	1.68412 3.81618,
	1.69355 3.82246,
	1.69669 3.81304,
	1.69984 3.82246,
	1.70926 3.81618,
	1.70298 3.82561,
	1.71241 3.82875,
	1.70298 3.83189,
	1.70926 3.84132,
	1.69984 3.83503,
	1.69669 3.84446,
	1.69355 3.83503,
	1.68412 3.84132,
	"/>
<Contour name="Ax06B03ssrv479" hidden="false" closed="true" simplified="false" border="0.5 0 1" fill="0.5 0 1" mode="13"
 points="1.64013 3.83503,
	1.6307 3.83189,
	1.64013 3.82875,
	1.63384 3.81932,
	1.64327 3.82561,
	1.64641 3.81618,
	1.64956 3.82561,
	1.65898 3.81932,
	1.6527 3.82875,
	1.66213 3.83189,
	1.6527 3.83503,
	1.65898 3.84446,
	1.64956 3.83818,
	1.64641 3.8476,
	1.64327 3.83818,
	1.63384 3.84446,
	"/>
<Contour name="Ax06B03ssrv480" hidden="false" closed="true" simplified="false" border="0.5 0 1" fill="0.5 0 1" mode="13"
 points="1.58671 3.8696,
	1.57728 3.86646,
	1.58671 3.86332,
	1.58042 3.85389,
	1.58985 3.86017,
	1.59299 3.85075,
	1.59614 3.86017,
	1.60556 3.85389,
	1.59928 3.86332,
	1.60871 3.86646,
	1.59928 3.8696,
	1.60556 3.87903,
	1.59614 3.87274,
	1.59299 3.88217,
	1.58985 3.87274,
	1.58042 3.87903,
	"/>
<Contour name="Ax06B03ssrv481" hidden="false" closed="true" simplified="false" border="0.5 0 1" fill="0.5 0 1" mode="13"
 points="1.43901 3.85389,
	1.42959 3.85075,
	1.43901 3.8476,
	1.43273 3.83818,
	1.44216 3.84446,
	1.4453 3.83503,
	1.44844 3.84446,
	1.45787 3.83818,
	1.45158 3.8476,
	1.46101 3.85075,
	1.45158 3.85389,
	1.45787 3.86332,
	1.44844 3.85703,
	1.4453 3.86646,
	1.44216 3.85703,
	1.43273 3.86332,
	"/>
<Contour name="Ax06B03ssrv482" hidden="false" closed="true" simplified="false" border="0.5 0 1" fill="0.5 0 1" mode="13"
 points="1.48301 3.84132,
	1.47358 3.83818,
	1.48301 3.83503,
	1.47672 3.82561,
	1.48615 3.83189,
	1.48929 3.82246,
	1.49243 3.83189,
	1.50186 3.82561,
	1.49558 3.83503,
	1.505 3.83818,
	1.49558 3.84132,
	1.50186 3.85075,
	1.49243 3.84446,
	1.48929 3.85389,
	1.48615 3.84446,
	1.47672 3.85075,
	"/>
<Contour name="Ax06B03ssrv483" hidden="false" closed="true" simplified="false" border="0.5 0 1" fill="0.5 0 1" mode="13"
 points="1.53957 3.7879,
	1.53014 3.78475,
	1.53957 3.78161,
	1.53329 3.77218,
	1.54271 3.77847,
	1.54586 3.76904,
	1.549 3.77847,
	1.55843 3.77218,
	1.55214 3.78161,
	1.56157 3.78475,
	1.55214 3.7879,
	1.55843 3.79732,
	1.549 3.79104,
	1.54586 3.80047,
	1.54271 3.79104,
	1.53329 3.79732,
	"/>
<Contour name="Ax06B03ssrv484" hidden="false" closed="true" simplified="false" border="0.5 0 1" fill="0.5 0 1" mode="13"
 points="1.60556 3.7879,
	1.59614 3.78475,
	1.60556 3.78161,
	1.59928 3.77218,
	1.60871 3.77847,
	1.61185 3.76904,
	1.61499 3.77847,
	1.62442 3.77218,
	1.61813 3.78161,
	1.62756 3.78475,
	1.61813 3.7879,
	1.62442 3.79732,
	1.61499 3.79104,
	1.61185 3.80047,
	1.60871 3.79104,
	1.59928 3.79732,
	"/>
<Contour name="Ax06B03ssrv485" hidden="false" closed="true" simplified="false" border="0.5 0 1" fill="0.5 0 1" mode="13"
 points="1.65584 3.75333,
	1.64641 3.75019,
	1.65584 3.74704,
	1.64956 3.73762,
	1.65898 3.7439,
	1.66213 3.73448,
	1.66527 3.7439,
	1.6747 3.73762,
	1.66841 3.74704,
	1.67784 3.75019,
	1.66841 3.75333,
	1.6747 3.76276,
	1.66527 3.75647,
	1.66213 3.7659,
	1.65898 3.75647,
	1.64956 3.76276,
	"/>
<Contour name="Ax06B03ssrv486" hidden="false" closed="true" simplified="false" border="0.5 0 1" fill="0.5 0 1" mode="13"
 points="1.69669 3.68105,
	1.68727 3.67791,
	1.69669 3.67477,
	1.69041 3.66534,
	1.69984 3.67163,
	1.70298 3.6622,
	1.70612 3.67163,
	1.71555 3.66534,
	1.70926 3.67477,
	1.71869 3.67791,
	1.70926 3.68105,
	1.71555 3.69048,
	1.70612 3.6842,
	1.70298 3.69362,
	1.69984 3.6842,
	1.69041 3.69048,
	"/>
<Contour name="Ax06B03ssrv487" hidden="false" closed="true" simplified="false" border="0.5 0 1" fill="0.5 0 1" mode="13"
 points="1.69984 3.60249,
	1.69041 3.59935,
	1.69984 3.59621,
	1.69355 3.58678,
	1.70298 3.59307,
	1.70612 3.58364,
	1.70926 3.59307,
	1.71869 3.58678,
	1.71241 3.59621,
	1.72183 3.59935,
	1.71241 3.60249,
	1.71869 3.61192,
	1.70926 3.60564,
	1.70612 3.61506,
	1.70298 3.60564,
	1.69355 3.61192,
	"/>
<Contour name="Ax06B03ssrv488" hidden="false" closed="true" simplified="false" border="0.5 0 1" fill="0.5 0 1" mode="13"
 points="1.85382 3.56478,
	1.84439 3.56164,
	1.85382 3.5585,
	1.84753 3.54907,
	1.85696 3.55536,
	1.8601 3.54593,
	1.86324 3.55536,
	1.87267 3.54907,
	1.86639 3.5585,
	1.87581 3.56164,
	1.86639 3.56478,
	1.87267 3.57421,
	1.86324 3.56793,
	1.8601 3.57735,
	1.85696 3.56793,
	1.84753 3.57421,
	"/>
<Contour name="Ax06B03ssrv489" hidden="false" closed="true" simplified="false" border="0.5 0 1" fill="0.5 0 1" mode="13"
 points="1.61499 3.59621,
	1.60556 3.59307,
	1.61499 3.58992,
	1.60871 3.5805,
	1.61813 3.58678,
	1.62127 3.57735,
	1.62442 3.58678,
	1.63384 3.5805,
	1.62756 3.58992,
	1.63699 3.59307,
	1.62756 3.59621,
	1.63384 3.60564,
	1.62442 3.59935,
	1.62127 3.60878,
	1.61813 3.59935,
	1.60871 3.60564,
	"/>
<Contour name="Ax06B03ssrv490" hidden="false" closed="true" simplified="false" border="0.5 0 1" fill="0.5 0 1" mode="13"
 points="1.56471 3.68734,
	1.55528 3.6842,
	1.56471 3.68105,
	1.55843 3.67163,
	1.56785 3.67791,
	1.571 3.66848,
	1.57414 3.67791,
	1.58357 3.67163,
	1.57728 3.68105,
	1.58671 3.6842,
	1.57728 3.68734,
	1.58357 3.69677,
	1.57414 3.69048,
	1.571 3.69991,
	1.56785 3.69048,
	1.55843 3.69677,
	"/>
<Contour name="Ax06B03ssrv491" hidden="false" closed="true" simplified="false" border="0.5 0 1" fill="0.5 0 1" mode="13"
 points="1.53014 3.74076,
	1.52072 3.73762,
	1.53014 3.73448,
	1.52386 3.72505,
	1.53329 3.73133,
	1.53643 3.72191,
	1.53957 3.73133,
	1.549 3.72505,
	1.54271 3.73448,
	1.55214 3.73762,
	1.54271 3.74076,
	1.549 3.75019,
	1.53957 3.7439,
	1.53643 3.75333,
	1.53329 3.7439,
	1.52386 3.75019,
	"/>
<Contour name="Ax06B03ssrv492" hidden="false" closed="true" simplified="false" border="0.5 0 1" fill="0.5 0 1" mode="13"
 points="1.47987 3.71876,
	1.47044 3.71562,
	1.47987 3.71248,
	1.47358 3.70305,
	1.48301 3.70934,
	1.48615 3.69991,
	1.48929 3.70934,
	1.49872 3.70305,
	1.49243 3.71248,
	1.50186 3.71562,
	1.49243 3.71876,
	1.49872 3.72819,
	1.48929 3.72191,
	1.48615 3.73133,
	1.48301 3.72191,
	1.47358 3.72819,
	"/>
<Contour name="Ax06B03ssrv493" hidden="false" closed="true" simplified="false" border="0.5 0 1" fill="0.5 0 1" mode="13"
 points="1.46101 3.77533,
	1.45158 3.77218,
	1.46101 3.76904,
	1.45473 3.75961,
	1.46415 3.7659,
	1.4673 3.75647,
	1.47044 3.7659,
	1.47987 3.75961,
	1.47358 3.76904,
	1.48301 3.77218,
	1.47358 3.77533,
	1.47987 3.78475,
	1.47044 3.77847,
	1.4673 3.7879,
	1.46415 3.77847,
	1.45473 3.78475,
	"/>
<Contour name="Ax06B03ssrv494" hidden="false" closed="true" simplified="false" border="0.5 0 1" fill="0.5 0 1" mode="13"
 points="1.40445 3.79104,
	1.39502 3.7879,
	1.40445 3.78475,
	1.39816 3.77533,
	1.40759 3.78161,
	1.41073 3.77218,
	1.41387 3.78161,
	1.4233 3.77533,
	1.41702 3.78475,
	1.42644 3.7879,
	1.41702 3.79104,
	1.4233 3.80047,
	1.41387 3.79418,
	1.41073 3.80361,
	1.40759 3.79418,
	1.39816 3.80047,
	"/>
</Transform>

<Transform dim="0"
 xcoef=" 0 1 0 0 0 0"
 ycoef=" 0 0 1 0 0 0">
<Contour name="d01ax25ssvr" hidden="false" closed="true" simplified="false" border="0.5 0 1" fill="0.5 0 1" mode="13"
 points="4.45114 2.76764,
	4.44015 2.76397,
	4.45114 2.76031,
	4.44381 2.74931,
	4.45481 2.75664,
	4.45847 2.74565,
	4.46214 2.75664,
	4.47314 2.74931,
	4.46581 2.76031,
	4.4768 2.76397,
	4.46581 2.76764,
	4.47314 2.77863,
	4.46214 2.7713,
	4.45847 2.7823,
	4.45481 2.7713,
	4.44381 2.77863,
	"/>
<Contour name="d01ax25ssvr" hidden="false" closed="true" simplified="false" border="0.5 0 1" fill="0.5 0 1" mode="13"
 points="4.37051 2.81895,
	4.35951 2.81529,
	4.37051 2.81162,
	4.36317 2.80063,
	4.37417 2.80796,
	4.37784 2.79696,
	4.3815 2.80796,
	4.3925 2.80063,
	4.38517 2.81162,
	4.39616 2.81529,
	4.38517 2.81895,
	4.3925 2.82995,
	4.3815 2.82262,
	4.37784 2.83361,
	4.37417 2.82262,
	4.36317 2.82995,
	"/>
<Contour name="d01ax25ssvr" hidden="false" closed="true" simplified="false" border="0.5 0 1" fill="0.5 0 1" mode="13"
 points="4.2972 2.88859,
	4.2862 2.88493,
	4.2972 2.88126,
	4.28987 2.87027,
	4.30086 2.8776,
	4.30453 2.8666,
	4.30819 2.8776,
	4.31919 2.87027,
	4.31186 2.88126,
	4.32286 2.88493,
	4.31186 2.88859,
	4.31919 2.89959,
	4.30819 2.89226,
	4.30453 2.90326,
	4.30086 2.89226,
	4.28987 2.89959,
	"/>
<Contour name="d01ax25ssvr" hidden="false" closed="true" simplified="false" border="0.5 0 1" fill="0.5 0 1" mode="13"
 points="4.35951 3.01322,
	4.34851 3.00955,
	4.35951 3.00589,
	4.35218 2.99489,
	4.36317 3.00222,
	4.36684 2.99123,
	4.37051 3.00222,
	4.3815 2.99489,
	4.37417 3.00589,
	4.38517 3.00955,
	4.37417 3.01322,
	4.3815 3.02421,
	4.37051 3.01688,
	4.36684 3.02788,
	4.36317 3.01688,
	4.35218 3.02421,
	"/>
<Contour name="d01ax25ssvr" hidden="false" closed="true" simplified="false" border="0.5 0 1" fill="0.5 0 1" mode="13"
 points="4.17624 2.98023,
	4.16524 2.97656,
	4.17624 2.9729,
	4.16891 2.9619,
	4.17991 2.96923,
	4.18357 2.95824,
	4.18724 2.96923,
	4.19823 2.9619,
	4.1909 2.9729,
	4.2019 2.97656,
	4.1909 2.98023,
	4.19823 2.99123,
	4.18724 2.98389,
	4.18357 2.99489,
	4.17991 2.98389,
	4.16891 2.99123,
	"/>
<Contour name="d01ax25ssvr" hidden="false" closed="true" simplified="false" border="0.5 0 1" fill="0.5 0 1" mode="13"
 points="4.2019 3.02421,
	4.1909 3.02055,
	4.2019 3.01688,
	4.19457 3.00589,
	4.20556 3.01322,
	4.20923 3.00222,
	4.21289 3.01322,
	4.22389 3.00589,
	4.21656 3.01688,
	4.22756 3.02055,
	4.21656 3.02421,
	4.22389 3.03521,
	4.21289 3.02788,
	4.20923 3.03888,
	4.20556 3.02788,
	4.19457 3.03521,
	"/>
<Contour name="d01ax25ssvr" hidden="false" closed="true" simplified="false" border="0.5 0 1" fill="0.5 0 1" mode="13"
 points="4.14692 3.03521,
	4.13592 3.03154,
	4.14692 3.02788,
	4.13959 3.01688,
	4.15058 3.02421,
	4.15425 3.01322,
	4.15791 3.02421,
	4.16891 3.01688,
	4.16158 3.02788,
	4.17258 3.03154,
	4.16158 3.03521,
	4.16891 3.04621,
	4.15791 3.03888,
	4.15425 3.04987,
	4.15058 3.03888,
	4.13959 3.04621,
	"/>
<Contour name="d01ax25ssvr" hidden="false" closed="true" simplified="false" border="0.5 0 1" fill="0.5 0 1" mode="13"
 points="4.06261 3.04621,
	4.05162 3.04254,
	4.06261 3.03888,
	4.05528 3.02788,
	4.06628 3.03521,
	4.06994 3.02421,
	4.07361 3.03521,
	4.08461 3.02788,
	4.07728 3.03888,
	4.08827 3.04254,
	4.07728 3.04621,
	4.08461 3.0572,
	4.07361 3.04987,
	4.06994 3.06087,
	4.06628 3.04987,
	4.05528 3.0572,
	"/>
<Contour name="d01ax25ssvr" hidden="false" closed="true" simplified="false" border="0.5 0 1" fill="0.5 0 1" mode="13"
 points="4.07728 2.97656,
	4.06628 2.9729,
	4.07728 2.96923,
	4.06994 2.95824,
	4.08094 2.96557,
	4.08461 2.95457,
	4.08827 2.96557,
	4.09927 2.95824,
	4.09194 2.96923,
	4.10293 2.9729,
	4.09194 2.97656,
	4.09927 2.98756,
	4.08827 2.98023,
	4.08461 2.99123,
	4.08094 2.98023,
	4.06994 2.98756,
	"/>
<Contour name="d01ax25ssvr" hidden="false" closed="true" simplified="false" border="0.5 0 1" fill="0.5 0 1" mode="13"
 points="3.98198 3.0572,
	3.97098 3.05354,
	3.98198 3.04987,
	3.97465 3.03888,
	3.98564 3.04621,
	3.98931 3.03521,
	3.99297 3.04621,
	4.00397 3.03888,
	3.99664 3.04987,
	4.00763 3.05354,
	3.99664 3.0572,
	4.00397 3.0682,
	3.99297 3.06087,
	3.98931 3.07186,
	3.98564 3.06087,
	3.97465 3.0682,
	"/>
<Contour name="d01ax25ssvr" hidden="false" closed="true" simplified="false" border="0.5 0 1" fill="0.5 0 1" mode="13"
 points="3.98564 3.01322,
	3.97465 3.00955,
	3.98564 3.00589,
	3.97831 2.99489,
	3.98931 3.00222,
	3.99297 2.99123,
	3.99664 3.00222,
	4.00763 2.99489,
	4.0003 3.00589,
	4.0113 3.00955,
	4.0003 3.01322,
	4.00763 3.02421,
	3.99664 3.01688,
	3.99297 3.02788,
	3.98931 3.01688,
	3.97831 3.02421,
	"/>
<Contour name="d01ax25ssvr" hidden="false" closed="true" simplified="false" border="0.5 0 1" fill="0.5 0 1" mode="13"
 points="3.87201 2.98756,
	3.86102 2.98389,
	3.87201 2.98023,
	3.86468 2.96923,
	3.87568 2.97656,
	3.87935 2.96557,
	3.88301 2.97656,
	3.89401 2.96923,
	3.88668 2.98023,
	3.89767 2.98389,
	3.88668 2.98756,
	3.89401 2.99856,
	3.88301 2.99123,
	3.87935 3.00222,
	3.87568 2.99123,
	3.86468 2.99856,
	"/>
<Contour name="d01ax25ssvr" hidden="false" closed="true" simplified="false" border="0.5 0 1" fill="0.5 0 1" mode="13"
 points="3.80237 2.95091,
	3.79138 2.94724,
	3.80237 2.94358,
	3.79504 2.93258,
	3.80604 2.93991,
	3.8097 2.92891,
	3.81337 2.93991,
	3.82436 2.93258,
	3.81703 2.94358,
	3.82803 2.94724,
	3.81703 2.95091,
	3.82436 2.9619,
	3.81337 2.95457,
	3.8097 2.96557,
	3.80604 2.95457,
	3.79504 2.9619,
	"/>
<Contour name="d01ax25ssvr" hidden="false" closed="true" simplified="false" border="0.5 0 1" fill="0.5 0 1" mode="13"
 points="3.87568 2.81529,
	3.86468 2.81162,
	3.87568 2.80796,
	3.86835 2.79696,
	3.87935 2.80429,
	3.88301 2.7933,
	3.88668 2.80429,
	3.89767 2.79696,
	3.89034 2.80796,
	3.90134 2.81162,
	3.89034 2.81529,
	3.89767 2.82628,
	3.88668 2.81895,
	3.88301 2.82995,
	3.87935 2.81895,
	3.86835 2.82628,
	"/>
</Transform>

<Transform dim="0"
 xcoef=" 0 1 0 0 0 0"
 ycoef=" 0 0 1 0 0 0">
<Contour name="Ax07B03ssdv3" hidden="false" closed="true" simplified="false" border="1 0.5 0" fill="1 0.5 0" mode="13"
 points="4.09927 3.09752,
	4.09927 3.09019,
	4.1066 3.08286,
	4.11393 3.08286,
	4.12126 3.09019,
	4.12126 3.09752,
	4.11393 3.10485,
	4.1066 3.10485,
	"/>
</Transform>

<Transform dim="0"
 xcoef=" 0 1 0 0 0 0"
 ycoef=" 0 0 1 0 0 0">
<Contour name="Ax08" hidden="false" closed="true" simplified="true" border="1 0 0" fill="1 0 0" mode="11"
 points="3.18734 5.08969,
	3.19452 5.06098,
	3.22682 5.00355,
	3.24477 4.97484,
	3.2699 4.94971,
	3.28784 4.92458,
	3.31656 4.90664,
	3.34527 4.89587,
	3.37399 4.89228,
	3.38834 4.89228,
	3.41706 4.88151,
	3.43142 4.87433,
	3.44936 4.84562,
	3.45654 4.78819,
	3.48167 4.77024,
	3.51038 4.75947,
	3.51756 4.75947,
	3.52474 4.7523,
	3.55345 4.74512,
	3.56781 4.74512,
	3.58217 4.73794,
	3.6396 4.72717,
	3.69703 4.70922,
	3.72574 4.69846,
	3.75446 4.68051,
	3.81189 4.65538,
	3.81907 4.6482,
	3.83342 4.64462,
	3.84778 4.63385,
	3.86214 4.63026,
	3.87649 4.61949,
	3.93392 4.60872,
	3.99135 4.61231,
	4.04878 4.62308,
	4.0775 4.63744,
	4.10621 4.64462,
	4.12057 4.65538,
	4.13493 4.65897,
	4.14929 4.66974,
	4.16364 4.67333,
	4.18877 4.69128,
	4.19954 4.70563,
	4.20313 4.73435,
	4.19595 4.74871,
	4.18159 4.76306,
	4.15287 4.77742,
	4.09545 4.7846,
	4.06673 4.78819,
	4.04878 4.8169,
	4.02007 4.84203,
	4.00571 4.8528,
	3.99135 4.85639,
	3.96623 4.88151,
	3.95546 4.91023,
	3.95546 4.91741,
	3.94469 4.93176,
	3.94469 4.93894,
	3.92316 4.96766,
	3.89085 5.0215,
	3.89085 5.02868,
	3.86573 5.0538,
	3.8406 5.07175,
	3.83342 5.07893,
	3.81907 5.08252,
	3.80471 5.09328,
	3.74728 5.11841,
	3.73292 5.122,
	3.70421 5.13995,
	3.65037 5.1902,
	3.60012 5.22968,
	3.5714 5.25121,
	3.54986 5.27634,
	3.54986 5.28352,
	3.54269 5.2907,
	3.48526 5.28711,
	3.42783 5.29429,
	3.3704 5.29429,
	3.34168 5.29429,
	3.31297 5.27993,
	3.28784 5.2548,
	3.27348 5.19737,
	3.26272 5.18302,
	3.234 5.17225,
	3.21964 5.16866,
	3.20529 5.15789,
	3.19093 5.12918,
	3.18734 5.10046,
	3.18734 5.09328,
	"/>
</Transform>

<Transform dim="0"
 xcoef=" 0 1 0 0 0 0"
 ycoef=" 0 0 1 0 0 0">
<Contour name="Ax08B02ssrv439" hidden="false" closed="true" simplified="false" border="0.5 0 1" fill="0.5 0 1" mode="13"
 points="3.38016 4.94256,
	3.37104 4.93952,
	3.38016 4.93648,
	3.37408 4.92736,
	3.3832 4.93344,
	3.38624 4.92433,
	3.38928 4.93344,
	3.39839 4.92736,
	3.39232 4.93648,
	3.40143 4.93952,
	3.39232 4.94256,
	3.39839 4.95168,
	3.38928 4.9456,
	3.38624 4.95472,
	3.3832 4.9456,
	3.37408 4.95168,
	"/>
<Contour name="Ax08B02ssrv440" hidden="false" closed="true" simplified="false" border="0.5 0 1" fill="0.5 0 1" mode="13"
 points="3.34976 4.98816,
	3.34064 4.98512,
	3.34976 4.98208,
	3.34368 4.97296,
	3.3528 4.97904,
	3.35584 4.96992,
	3.35888 4.97904,
	3.368 4.97296,
	3.36192 4.98208,
	3.37104 4.98512,
	3.36192 4.98816,
	3.368 4.99728,
	3.35888 4.9912,
	3.35584 5.00032,
	3.3528 4.9912,
	3.34368 4.99728,
	"/>
<Contour name="Ax08B02ssrv441" hidden="false" closed="true" simplified="false" border="0.5 0 1" fill="0.5 0 1" mode="13"
 points="3.45615 5.17359,
	3.44703 5.17055,
	3.45615 5.16751,
	3.45007 5.15839,
	3.45919 5.16447,
	3.46223 5.15535,
	3.46527 5.16447,
	3.47439 5.15839,
	3.46831 5.16751,
	3.47743 5.17055,
	3.46831 5.17359,
	3.47439 5.18271,
	3.46527 5.17663,
	3.46223 5.18575,
	3.45919 5.17663,
	3.45007 5.18271,
	"/>
<Contour name="Ax08B02ssrv442" hidden="false" closed="true" simplified="false" border="0.5 0 1" fill="0.5 0 1" mode="13"
 points="3.47439 5.10367,
	3.46527 5.10063,
	3.47439 5.09759,
	3.46831 5.08848,
	3.47743 5.09455,
	3.48047 5.08544,
	3.48351 5.09455,
	3.49263 5.08848,
	3.48655 5.09759,
	3.49567 5.10063,
	3.48655 5.10367,
	3.49263 5.11279,
	3.48351 5.10671,
	3.48047 5.11583,
	3.47743 5.10671,
	3.46831 5.11279,
	"/>
<Contour name="Ax08B02ssrv443" hidden="false" closed="true" simplified="false" border="0.5 0 1" fill="0.5 0 1" mode="13"
 points="3.46223 5.03072,
	3.45311 5.02768,
	3.46223 5.02464,
	3.45615 5.01552,
	3.46527 5.0216,
	3.46831 5.01248,
	3.47135 5.0216,
	3.48047 5.01552,
	3.47439 5.02464,
	3.48351 5.02768,
	3.47439 5.03072,
	3.48047 5.03984,
	3.47135 5.03376,
	3.46831 5.04288,
	3.46527 5.03376,
	3.45615 5.03984,
	"/>
<Contour name="Ax08B02ssrv444" hidden="false" closed="true" simplified="false" border="0.5 0 1" fill="0.5 0 1" mode="13"
 points="3.48655 4.9912,
	3.47743 4.98816,
	3.48655 4.98512,
	3.48047 4.976,
	3.48959 4.98208,
	3.49263 4.97296,
	3.49567 4.98208,
	3.50479 4.976,
	3.49871 4.98512,
	3.50783 4.98816,
	3.49871 4.9912,
	3.50479 5.00032,
	3.49567 4.99424,
	3.49263 5.00336,
	3.48959 4.99424,
	3.48047 5.00032,
	"/>
<Contour name="Ax08B02ssrv445" hidden="false" closed="true" simplified="false" border="0.5 0 1" fill="0.5 0 1" mode="13"
 points="3.7115 5.0672,
	3.70238 5.06416,
	3.7115 5.06112,
	3.70542 5.052,
	3.71454 5.05808,
	3.71758 5.04896,
	3.72062 5.05808,
	3.72974 5.052,
	3.72366 5.06112,
	3.73277 5.06416,
	3.72366 5.0672,
	3.72974 5.07632,
	3.72062 5.07024,
	3.71758 5.07936,
	3.71454 5.07024,
	3.70542 5.07632,
	"/>
<Contour name="Ax08B02ssrv446" hidden="false" closed="true" simplified="false" border="0.5 0 1" fill="0.5 0 1" mode="13"
 points="3.74797 5.02464,
	3.73885 5.0216,
	3.74797 5.01856,
	3.74189 5.00944,
	3.75101 5.01552,
	3.75405 5.0064,
	3.75709 5.01552,
	3.76621 5.00944,
	3.76013 5.01856,
	3.76925 5.0216,
	3.76013 5.02464,
	3.76621 5.03376,
	3.75709 5.02768,
	3.75405 5.0368,
	3.75101 5.02768,
	3.74189 5.03376,
	"/>
<Contour name="Ax08B02ssrv447" hidden="false" closed="true" simplified="false" border="0.5 0 1" fill="0.5 0 1" mode="13"
 points="3.69326 5.00944,
	3.68414 5.0064,
	3.69326 5.00336,
	3.68718 4.99424,
	3.6963 5.00032,
	3.69934 4.9912,
	3.70238 5.00032,
	3.7115 4.99424,
	3.70542 5.00336,
	3.71454 5.0064,
	3.70542 5.00944,
	3.7115 5.01856,
	3.70238 5.01248,
	3.69934 5.0216,
	3.6963 5.01248,
	3.68718 5.01856,
	"/>
<Contour name="Ax08B02ssrv448" hidden="false" closed="true" simplified="false" border="0.5 0 1" fill="0.5 0 1" mode="13"
 points="3.74493 4.976,
	3.73581 4.97296,
	3.74493 4.96992,
	3.73885 4.9608,
	3.74797 4.96688,
	3.75101 4.95776,
	3.75405 4.96688,
	3.76317 4.9608,
	3.75709 4.96992,
	3.76621 4.97296,
	3.75709 4.976,
	3.76317 4.98512,
	3.75405 4.97904,
	3.75101 4.98816,
	3.74797 4.97904,
	3.73885 4.98512,
	"/>
<Contour name="Ax08B02ssrv449" hidden="false" closed="true" simplified="false" border="0.5 0 1" fill="0.5 0 1" mode="13"
 points="3.79357 4.92736,
	3.78445 4.92433,
	3.79357 4.92129,
	3.78749 4.91217,
	3.79661 4.91825,
	3.79965 4.90913,
	3.80269 4.91825,
	3.81181 4.91217,
	3.80573 4.92129,
	3.81485 4.92433,
	3.80573 4.92736,
	3.81181 4.93648,
	3.80269 4.9304,
	3.79965 4.93952,
	3.79661 4.9304,
	3.78749 4.93648,
	"/>
<Contour name="Ax08B02ssrv450" hidden="false" closed="true" simplified="false" border="0.5 0 1" fill="0.5 0 1" mode="13"
 points="3.6659 4.96688,
	3.65678 4.96384,
	3.6659 4.9608,
	3.65982 4.95168,
	3.66894 4.95776,
	3.67198 4.94864,
	3.67502 4.95776,
	3.68414 4.95168,
	3.67806 4.9608,
	3.68718 4.96384,
	3.67806 4.96688,
	3.68414 4.976,
	3.67502 4.96992,
	3.67198 4.97904,
	3.66894 4.96992,
	3.65982 4.976,
	"/>
<Contour name="Ax08B02ssrv451" hidden="false" closed="true" simplified="false" border="0.5 0 1" fill="0.5 0 1" mode="13"
 points="3.70238 4.92433,
	3.69326 4.92129,
	3.70238 4.91825,
	3.6963 4.90913,
	3.70542 4.91521,
	3.70846 4.90609,
	3.7115 4.91521,
	3.72062 4.90913,
	3.71454 4.91825,
	3.72366 4.92129,
	3.71454 4.92433,
	3.72062 4.93344,
	3.7115 4.92736,
	3.70846 4.93648,
	3.70542 4.92736,
	3.6963 4.93344,
	"/>
<Contour name="Ax08B02ssrv452" hidden="false" closed="true" simplified="false" border="0.5 0 1" fill="0.5 0 1" mode="13"
 points="3.74493 4.91521,
	3.73581 4.91217,
	3.74493 4.90913,
	3.73885 4.90001,
	3.74797 4.90609,
	3.75101 4.89697,
	3.75405 4.90609,
	3.76317 4.90001,
	3.75709 4.90913,
	3.76621 4.91217,
	3.75709 4.91521,
	3.76317 4.92433,
	3.75405 4.91825,
	3.75101 4.92736,
	3.74797 4.91825,
	3.73885 4.92433,
	"/>
<Contour name="Ax08B02ssrv453" hidden="false" closed="true" simplified="false" border="0.5 0 1" fill="0.5 0 1" mode="13"
 points="3.64158 4.89089,
	3.63246 4.88785,
	3.64158 4.88481,
	3.6355 4.87569,
	3.64462 4.88177,
	3.64766 4.87265,
	3.6507 4.88177,
	3.65982 4.87569,
	3.65374 4.88481,
	3.66286 4.88785,
	3.65374 4.89089,
	3.65982 4.90001,
	3.6507 4.89393,
	3.64766 4.90305,
	3.64462 4.89393,
	3.6355 4.90001,
	"/>
<Contour name="Ax08B02ssrv454" hidden="false" closed="true" simplified="false" border="0.5 0 1" fill="0.5 0 1" mode="13"
 points="3.55951 4.86961,
	3.55039 4.86657,
	3.55951 4.86353,
	3.55343 4.85441,
	3.56255 4.86049,
	3.56558 4.85137,
	3.56862 4.86049,
	3.57774 4.85441,
	3.57166 4.86353,
	3.58078 4.86657,
	3.57166 4.86961,
	3.57774 4.87873,
	3.56862 4.87265,
	3.56558 4.88177,
	3.56255 4.87265,
	3.55343 4.87873,
	"/>
<Contour name="Ax08B02ssrv455" hidden="false" closed="true" simplified="false" border="0.5 0 1" fill="0.5 0 1" mode="13"
 points="3.52303 4.82705,
	3.51391 4.82401,
	3.52303 4.82097,
	3.51695 4.81185,
	3.52607 4.81793,
	3.52911 4.80881,
	3.53215 4.81793,
	3.54127 4.81185,
	3.53519 4.82097,
	3.54431 4.82401,
	3.53519 4.82705,
	3.54127 4.83617,
	3.53215 4.83009,
	3.52911 4.83921,
	3.52607 4.83009,
	3.51695 4.83617,
	"/>
<Contour name="Ax08B02ssrv456" hidden="false" closed="true" simplified="false" border="0.5 0 1" fill="0.5 0 1" mode="13"
 points="3.6203 4.83921,
	3.61118 4.83617,
	3.6203 4.83313,
	3.61422 4.82401,
	3.62334 4.83009,
	3.62638 4.82097,
	3.62942 4.83009,
	3.63854 4.82401,
	3.63246 4.83313,
	3.64158 4.83617,
	3.63246 4.83921,
	3.63854 4.84833,
	3.62942 4.84225,
	3.62638 4.85137,
	3.62334 4.84225,
	3.61422 4.84833,
	"/>
<Contour name="Ax08B02ssrv457" hidden="false" closed="true" simplified="false" border="0.5 0 1" fill="0.5 0 1" mode="13"
 points="3.65678 4.80273,
	3.64766 4.79969,
	3.65678 4.79665,
	3.6507 4.78753,
	3.65982 4.79361,
	3.66286 4.78449,
	3.6659 4.79361,
	3.67502 4.78753,
	3.66894 4.79665,
	3.67806 4.79969,
	3.66894 4.80273,
	3.67502 4.81185,
	3.6659 4.80577,
	3.66286 4.81489,
	3.65982 4.80577,
	3.6507 4.81185,
	"/>
<Contour name="Ax08B02ssrv458" hidden="false" closed="true" simplified="false" border="0.5 0 1" fill="0.5 0 1" mode="13"
 points="3.6811 4.83921,
	3.67198 4.83617,
	3.6811 4.83313,
	3.67502 4.82401,
	3.68414 4.83009,
	3.68718 4.82097,
	3.69022 4.83009,
	3.69934 4.82401,
	3.69326 4.83313,
	3.70238 4.83617,
	3.69326 4.83921,
	3.69934 4.84833,
	3.69022 4.84225,
	3.68718 4.85137,
	3.68414 4.84225,
	3.67502 4.84833,
	"/>
<Contour name="Ax08B02ssrv459" hidden="false" closed="true" simplified="false" border="0.5 0 1" fill="0.5 0 1" mode="13"
 points="3.72366 4.79057,
	3.71454 4.78753,
	3.72366 4.78449,
	3.71758 4.77537,
	3.7267 4.78145,
	3.72974 4.77233,
	3.73277 4.78145,
	3.74189 4.77537,
	3.73581 4.78449,
	3.74493 4.78753,
	3.73581 4.79057,
	3.74189 4.79969,
	3.73277 4.79361,
	3.72974 4.80273,
	3.7267 4.79361,
	3.71758 4.79969,
	"/>
<Contour name="Ax08B02ssrv460" hidden="false" closed="true" simplified="false" border="0.5 0 1" fill="0.5 0 1" mode="13"
 points="3.74493 4.83921,
	3.73581 4.83617,
	3.74493 4.83313,
	3.73885 4.82401,
	3.74797 4.83009,
	3.75101 4.82097,
	3.75405 4.83009,
	3.76317 4.82401,
	3.75709 4.83313,
	3.76621 4.83617,
	3.75709 4.83921,
	3.76317 4.84833,
	3.75405 4.84225,
	3.75101 4.85137,
	3.74797 4.84225,
	3.73885 4.84833,
	"/>
<Contour name="Ax08B02ssrv461" hidden="false" closed="true" simplified="false" border="0.5 0 1" fill="0.5 0 1" mode="13"
 points="3.86957 4.97904,
	3.86045 4.976,
	3.86957 4.97296,
	3.86349 4.96384,
	3.87261 4.96992,
	3.87565 4.9608,
	3.87869 4.96992,
	3.88781 4.96384,
	3.88173 4.97296,
	3.89085 4.976,
	3.88173 4.97904,
	3.88781 4.98816,
	3.87869 4.98208,
	3.87565 4.9912,
	3.87261 4.98208,
	3.86349 4.98816,
	"/>
<Contour name="Ax08B02ssrv462" hidden="false" closed="true" simplified="false" border="0.5 0 1" fill="0.5 0 1" mode="13"
 points="3.92732 4.76929,
	3.9182 4.76625,
	3.92732 4.76321,
	3.92124 4.7541,
	3.93036 4.76017,
	3.9334 4.75106,
	3.93644 4.76017,
	3.94556 4.7541,
	3.93948 4.76321,
	3.9486 4.76625,
	3.93948 4.76929,
	3.94556 4.77841,
	3.93644 4.77233,
	3.9334 4.78145,
	3.93036 4.77233,
	3.92124 4.77841,
	"/>
<Contour name="Ax08B02ssrv463" hidden="false" closed="true" simplified="false" border="0.5 0 1" fill="0.5 0 1" mode="13"
 points="3.92124 4.69634,
	3.91212 4.6933,
	3.92124 4.69026,
	3.91516 4.68114,
	3.92428 4.68722,
	3.92732 4.6781,
	3.93036 4.68722,
	3.93948 4.68114,
	3.9334 4.69026,
	3.94252 4.6933,
	3.9334 4.69634,
	3.93948 4.70546,
	3.93036 4.69938,
	3.92732 4.7085,
	3.92428 4.69938,
	3.91516 4.70546,
	"/>
</Transform>

<Transform dim="0"
 xcoef=" 0 1 0 0 0 0"
 ycoef=" 0 0 1 0 0 0">
<Contour name="Ax09" hidden="false" closed="true" simplified="true" border="0 1 0" fill="0 1 0" mode="-11"
 points="1.3878 2.52889,
	1.42305 2.50686,
	1.49354 2.47602,
	1.52879 2.4628,
	1.59928 2.4628,
	1.63452 2.46721,
	1.65215 2.46721,
	1.66096 2.48483,
	1.65655 2.52007,
	1.63012 2.54651,
	1.59487 2.56854,
	1.57725 2.57294,
	1.542 2.56413,
	1.47151 2.58616,
	1.43627 2.59057,
	1.41864 2.59057,
	1.40102 2.58175,
	1.3878 2.54651,
	1.3878 2.53329,
	"/>
</Transform>

<Transform dim="0"
 xcoef=" 0 1 0 0 0 0"
 ycoef=" 0 0 1 0 0 0">
<Contour name="Ax10" hidden="false" closed="true" simplified="true" border="0 1 1" fill="0 1 1" mode="11"
 points="-1.32417 2.85852,
	-1.31015 2.84451,
	-1.25411 2.83049,
	-1.19806 2.80948,
	-1.17003 2.80247,
	-1.05793 2.80597,
	-1.00188 2.80247,
	-0.987871 2.80247,
	-0.973858 2.79546,
	-0.917809 2.79546,
	-0.889784 2.79897,
	-0.875772 2.80247,
	-0.861759 2.81298,
	-0.865263 2.82699,
	-0.921312 2.84451,
	-0.935324 2.84801,
	-0.94233 2.85502,
	-0.970355 2.86202,
	-1.08245 2.90756,
	-1.11048 2.91107,
	-1.1385 2.92157,
	-1.19455 2.92858,
	-1.2506 2.92508,
	-1.30665 2.90056,
	-1.32417 2.88304,
	-1.32417 2.86903,
	-1.32417 2.86202,
	"/>
</Transform>

<Transform dim="1"
 xcoef=" -0.48 1 0 0 0 0"
 ycoef=" 0.27 0 1 0 0 0">
<Contour name="Brick" hidden="false" closed="false" simplified="true" border="1 0 0" fill="1 0 1" mode="9"
 points="1.77971 8.44769,
	1.77971 6.69769,
	1.77971 3.19769,
	5.27971 3.19769,
	5.27971 1.44769,
	"/>
<Contour name="Brick" hidden="false" closed="false" simplified="true" border="0 1 0" fill="1 0 1" mode="9"
 points="1.77971 6.69769,
	5.27971 6.69769,
	5.27971 3.19769,
	"/>
</Transform>

<Transform dim="0"
 xcoef=" 0 1 0 0 0 0"
 ycoef=" 0 0 1 0 0 0">
<Contour name="Brax50" hidden="false" closed="true" simplified="false" border="0 1 1" fill="0 1 1" mode="-13"
 points="4.90371 6.23796,
	4.92157 6.2201,
	4.85014 6.14868,
	4.868 6.13082,
	4.93943 6.20225,
	4.95728 6.18439,
	4.95728 6.23796,
	"/>
</Transform>

<Transform dim="0"
 xcoef=" 0 1 0 0 0 0"
 ycoef=" 0 0 1 0 0 0">
<Contour name="Brax58" hidden="false" closed="true" simplified="false" border="1 0 0" fill="1 0 0" mode="-13"
 points="3.68054 4.89425,
	3.65375 4.89425,
	3.65375 4.90764,
	3.66714 4.92103,
	3.70732 4.93443,
	3.68054 4.94782,
	3.66714 4.9746,
	3.64036 4.94782,
	3.62697 4.92103,
	3.62697 4.89425,
	3.60018 4.89425,
	3.64036 4.86746,
	"/>
</Transform>

<Transform dim="0"
 xcoef=" 0 1 0 0 0 0"
 ycoef=" 0 0 1 0 0 0">
<Contour name="Brax60" hidden="false" closed="true" simplified="false" border="0 1 1" fill="0 1 1" mode="-13"
 points="4.3948 6.46117,
	4.41266 6.44331,
	4.34123 6.37188,
	4.35909 6.35403,
	4.43051 6.42545,
	4.44837 6.4076,
	4.44837 6.46117,
	"/>
</Transform>

<Transform dim="0"
 xcoef=" 0 1 0 0 0 0"
 ycoef=" 0 0 1 0 0 0">
<Contour name="Brax71" hidden="false" closed="true" simplified="false" border="1 0.5 0" fill="1 0.5 0" mode="-13"
 points="6.21171 5.17103,
	6.21171 5.1621,
	6.22064 5.15317,
	6.22957 5.15317,
	6.2385 5.1621,
	6.2385 5.17103,
	6.22957 5.17996,
	6.22064 5.17996,
	"/>
</Transform>

<Transform dim="0"
 xcoef=" 0 1 0 0 0 0"
 ycoef=" 0 0 1 0 0 0">
<Contour name="Brax62" hidden="false" closed="true" simplified="false" border="0.5 0 1" fill="0.5 0 1" mode="-13"
 points="6.8858 4.52372,
	6.8724 4.51926,
	6.8858 4.5148,
	6.87687 4.5014,
	6.89026 4.51033,
	6.89473 4.49694,
	6.89919 4.51033,
	6.91258 4.5014,
	6.90365 4.5148,
	6.91705 4.51926,
	6.90365 4.52372,
	6.91258 4.53712,
	6.89919 4.52819,
	6.89473 4.54158,
	6.89026 4.52819,
	6.87687 4.53712,
	"/>
</Transform>

<Transform dim="0"
 xcoef=" 0 1 0 0 0 0"
 ycoef=" 0 0 1 0 0 0">
<Contour name="Brax63" hidden="false" closed="true" simplified="false" border="1 0 0.5" fill="1 0 0.5" mode="-13"
 points="4.85014 4.80943,
	4.90371 4.80943,
	4.87693 4.85854,
	"/>
</Transform>

<Transform dim="0"
 xcoef=" 0 1 0 0 0 0"
 ycoef=" 0 0 1 0 0 0">
<Contour name="Brax66" hidden="false" closed="true" simplified="false" border="0 0 1" fill="0 0 1" mode="-13"
 points="5.78762 5.86743,
	5.75637 5.83619,
	5.78762 5.80494,
	5.81886 5.83619,
	"/>
</Transform>

<Transform dim="0"
 xcoef=" 0 1 0 0 0 0"
 ycoef=" 0 0 1 0 0 0">
<Contour name="Brax67" hidden="false" closed="true" simplified="false" border="1 0 1" fill="1 0 1" mode="-13"
 points="3.41715 6.66652,
	3.41715 6.64866,
	3.43501 6.6308,
	3.45286 6.6308,
	3.47072 6.64866,
	3.47072 6.66652,
	3.45286 6.68437,
	3.43501 6.68437,
	"/>
</Transform>

<Transform dim="0"
 xcoef=" 0 1 0 0 0 0"
 ycoef=" 0 0 1 0 0 0">
<Contour name="Brax69" hidden="false" closed="true" simplified="false" border="0 1 0" fill="0 1 0" mode="-13"
 points="4.55105 3.56393,
	4.55105 3.52822,
	4.58676 3.52822,
	4.58676 3.49251,
	4.62247 3.49251,
	4.62247 3.52822,
	4.65819 3.52822,
	4.65819 3.56393,
	4.62247 3.56393,
	4.62247 3.59964,
	4.58676 3.59964,
	4.58676 3.56393,
	"/>
</Transform>

<Transform dim="0"
 xcoef=" 0 1 0 0 0 0"
 ycoef=" 0 0 1 0 0 0">
<Contour name="Brax70" hidden="false" closed="true" simplified="false" border="0 1 1" fill="0 1 1" mode="-13"
 points="6.1135 4.29605,
	6.13136 4.2782,
	6.05993 4.20677,
	6.07779 4.18891,
	6.14921 4.26034,
	6.16707 4.24248,
	6.16707 4.29605,
	"/>
<Contour name="Brax70" hidden="false" closed="true" simplified="false" border="0 1 1" fill="0 1 1" mode="-13"
 points="5.3412 3.65768,
	5.35906 3.63982,
	5.28763 3.5684,
	5.30549 3.55054,
	5.37691 3.62197,
	5.39477 3.60411,
	5.39477 3.65768,
	"/>
</Transform>

<Transform dim="0"
 xcoef=" 0 1 0 0 0 0"
 ycoef=" 0 0 1 0 0 0">
<Contour name="Brax72" hidden="false" closed="true" simplified="false" border="0.5 0 1" fill="0.5 0 1" mode="-13"
 points="5.89672 4.74536,
	5.88414 4.74117,
	5.89672 4.73698,
	5.88833 4.7244,
	5.90091 4.73278,
	5.9051 4.72021,
	5.9093 4.73278,
	5.92187 4.7244,
	5.91349 4.73698,
	5.92606 4.74117,
	5.91349 4.74536,
	5.92187 4.75794,
	5.9093 4.74955,
	5.9051 4.76213,
	5.90091 4.74955,
	5.88833 4.75794,
	"/>
</Transform>

<Transform dim="0"
 xcoef=" 0 1 0 0 0 0"
 ycoef=" 0 0 1 0 0 0">
<Contour name="Brax74" hidden="false" closed="true" simplified="false" border="1 0 0" fill="1 0 0" mode="-13"
 points="4.44626 5.3574,
	4.46722 5.32806,
	4.44626 5.29871,
	4.45884 5.29871,
	4.47561 5.32387,
	4.49237 5.29871,
	4.50495 5.29871,
	4.48399 5.32806,
	4.50495 5.3574,
	4.49237 5.3574,
	4.47561 5.33225,
	4.45884 5.3574,
	"/>
</Transform>

<Transform dim="0"
 xcoef=" 0 1 0 0 0 0"
 ycoef=" 0 0 1 0 0 0">
<Contour name="Brax74" hidden="false" closed="true" simplified="false" border="1 0 0" fill="1 0 0" mode="-13"
 points="4.30373 4.80405,
	4.32469 4.77471,
	4.30373 4.74536,
	4.31631 4.74536,
	4.33308 4.77051,
	4.34984 4.74536,
	4.36242 4.74536,
	4.34146 4.77471,
	4.36242 4.80405,
	4.34984 4.80405,
	4.33308 4.7789,
	4.31631 4.80405,
	"/>
</Transform>

<Transform dim="0"
 xcoef=" 0 1 0 0 0 0"
 ycoef=" 0 0 1 0 0 0">
<Contour name="Brax76" hidden="false" closed="true" simplified="false" border="0 0 1" fill="0 0 1" mode="-13"
 points="2.94131 5.29033,
	2.91196 5.26099,
	2.94131 5.23164,
	2.97065 5.26099,
	"/>
</Transform>

<Transform dim="0"
 xcoef=" 0 1 0 0 0 0"
 ycoef=" 0 0 1 0 0 0">
<Contour name="Brax79" hidden="false" closed="true" simplified="false" border="0 1 0" fill="0 1 0" mode="-13"
 points="4.81097 3.73507,
	4.81097 3.70153,
	4.84451 3.70153,
	4.84451 3.668,
	4.87805 3.668,
	4.87805 3.70153,
	4.91158 3.70153,
	4.91158 3.73507,
	4.87805 3.73507,
	4.87805 3.76861,
	4.84451 3.76861,
	4.84451 3.73507,
	"/>
</Transform>

<Transform dim="0"
 xcoef=" 0 1 0 0 0 0"
 ycoef=" 0 0 1 0 0 0">
<Contour name="Brax82" hidden="false" closed="true" simplified="false" border="0.5 0 1" fill="0.5 0 1" mode="-13"
 points="3.88033 6.79948,
	3.86776 6.79528,
	3.88033 6.79109,
	3.87195 6.77852,
	3.88452 6.7869,
	3.88872 6.77432,
	3.89291 6.7869,
	3.90548 6.77852,
	3.8971 6.79109,
	3.90968 6.79528,
	3.8971 6.79948,
	3.90548 6.81205,
	3.89291 6.80367,
	3.88872 6.81624,
	3.88452 6.80367,
	3.87195 6.81205,
	"/>
</Transform>

<Transform dim="6"
 xcoef=" 1.15266660025512 0.852781246104468 0.0515457173968148 0 0 0"
 ycoef=" 0.703865031512851 0.070263646880404 1.00557653874503 0 0 0">
<Image mag="0.00223443" contrast="1" brightness="0" red="true" green="true" blue="true"
 src="CVZWG_und.111.tif" />
<Contour name="domain1" hidden="false" closed="true" simplified="false" border="1 0 1" fill="1 0 1" mode="11"
 points="0 0,
	4097 0,
	4097 4097,
	0 4097,
	"/>
</Transform>

<Transform dim="1"
 xcoef=" -0.16 1 0 0 0 0"
 ycoef=" 0.03 0 1 0 0 0">
<Contour name="Ax07B03ssdv2" hidden="false" closed="true" simplified="false" border="1 0.5 0" fill="1 0.5 0" mode="13"
 points="4.06261 3.11218,
	4.06261 3.10485,
	4.06994 3.09752,
	4.07728 3.09752,
	4.08461 3.10485,
	4.08461 3.11218,
	4.07728 3.11951,
	4.06994 3.11951,
	"/>
</Transform>

<Transform dim="0"
 xcoef=" 0 1 0 0 0 0"
 ycoef=" 0 0 1 0 0 0">
<Contour name="d01" hidden="false" closed="true" simplified="true" border="1 0.5 0" fill="1 0.5 0" mode="9"
 points="3.94697 3.22841,
	3.96237 3.20788,
	3.9675 3.19761,
	3.98803 3.18478,
	4.02909 3.17195,
	4.03936 3.17195,
	4.04449 3.16681,
	4.08555 3.15912,
	4.10608 3.15398,
	4.14714 3.13602,
	4.1882 3.12319,
	4.20873 3.12319,
	4.29085 3.10522,
	4.33191 3.09239,
	4.34218 3.08983,
	4.34731 3.08983,
	4.35244 3.08469,
	4.39351 3.07956,
	4.40377 3.07956,
	4.4089 3.07956,
	4.41404 3.07443,
	4.4551 3.09239,
	4.47563 3.10522,
	4.48076 3.11549,
	4.48589 3.12062,
	4.48589 3.14115,
	4.47049 3.18221,
	4.45766 3.20274,
	4.45253 3.20788,
	4.44996 3.21814,
	4.44483 3.22327,
	4.4397 3.2438,
	4.43457 3.24894,
	4.43457 3.25407,
	4.4012 3.29256,
	4.37811 3.33106,
	4.35758 3.34389,
	4.27546 3.35672,
	4.23696 3.37982,
	4.1959 3.39521,
	4.15484 3.39778,
	4.11378 3.39265,
	4.09325 3.39008,
	4.05219 3.37212,
	4.04192 3.36699,
	4.03679 3.36699,
	4.03422 3.36185,
	4.02909 3.36185,
	3.98803 3.33362,
	3.9752 3.31309,
	3.9752 3.29256,
	3.9752 3.2823,
	3.9752 3.27717,
	3.95723 3.26177,
	3.94954 3.2515,
	3.94697 3.23097,
	"/>
<Contour name="d01" hidden="false" closed="true" simplified="true" border="1 0.5 0" fill="1 0.5 0" mode="9"
 points="3.00514 3.89821,
	3.02823 3.85715,
	3.05646 3.81609,
	3.12832 3.75963,
	3.14885 3.7468,
	3.15912 3.74423,
	3.16425 3.7391,
	3.16938 3.7391,
	3.17965 3.7314,
	3.18478 3.7314,
	3.18991 3.72627,
	3.27203 3.7083,
	3.31309 3.70574,
	3.33362 3.70574,
	3.37468 3.71857,
	3.39521 3.7314,
	3.41575 3.74936,
	3.42601 3.76989,
	3.43114 3.81096,
	3.42858 3.83149,
	3.42858 3.84175,
	3.41575 3.86228,
	3.37725 3.89564,
	3.29513 3.93157,
	3.25407 3.94954,
	3.23354 3.96237,
	3.21814 3.9752,
	3.20788 3.98546,
	3.18734 3.99573,
	3.14628 3.9983,
	3.10522 3.9906,
	3.06416 3.97777,
	3.04363 3.97007,
	3.0231 3.94954,
	3.01027 3.93157,
	3.00514 3.92131,
	3.00514 3.90078,
	"/>
<Contour name="d01" hidden="false" closed="true" simplified="true" border="1 0.5 0" fill="1 0.5 0" mode="9"
 points="3.57486 3.91104,
	3.58769 3.89051,
	3.59795 3.88025,
	3.59795 3.87511,
	3.60309 3.86998,
	3.59795 3.84945,
	3.58512 3.82892,
	3.58512 3.81865,
	3.60309 3.80069,
	3.61078 3.78016,
	3.61078 3.76989,
	3.59795 3.75193,
	3.59282 3.74167,
	3.59282 3.72114,
	3.59539 3.71087,
	3.63388 3.68264,
	3.64415 3.68007,
	3.65441 3.67238,
	3.69547 3.65954,
	3.716 3.65441,
	3.75706 3.65441,
	3.77759 3.65441,
	3.79812 3.64928,
	3.83918 3.62618,
	3.84432 3.62618,
	3.88281 3.60052,
	3.90334 3.58769,
	3.92387 3.58255,
	3.92901 3.58255,
	3.93414 3.57742,
	3.9752 3.56972,
	4.01626 3.56716,
	4.05732 3.57229,
	4.13944 3.57486,
	4.1805 3.57742,
	4.22156 3.58512,
	4.23183 3.58769,
	4.23696 3.59282,
	4.27802 3.61078,
	4.29599 3.62362,
	4.30625 3.62875,
	4.32422 3.64928,
	4.32422 3.65441,
	4.34218 3.67238,
	4.36271 3.68264,
	4.38324 3.68264,
	4.39351 3.68007,
	4.40377 3.68264,
	4.39864 3.69034,
	4.4166 3.71087,
	4.45766 3.7237,
	4.47306 3.74167,
	4.48076 3.75193,
	4.50129 3.75706,
	4.52182 3.76733,
	4.52695 3.76733,
	4.54492 3.78786,
	4.55775 3.80839,
	4.56032 3.82892,
	4.55262 3.83918,
	4.54492 3.85972,
	4.54492 3.86998,
	4.55005 3.88025,
	4.56032 3.89051,
	4.56545 3.90078,
	4.56545 3.91104,
	4.55262 3.92901,
	4.54748 3.93414,
	4.52695 3.93414,
	4.52182 3.92901,
	4.50129 3.93157,
	4.46023 3.94697,
	4.44996 3.94954,
	4.44483 3.95467,
	4.40377 3.9675,
	4.39351 3.97007,
	4.38837 3.9752,
	4.34731 3.9829,
	4.33705 3.9829,
	4.25493 4.01883,
	4.21386 4.02396,
	4.19333 4.02909,
	4.1728 4.03936,
	4.16254 4.04192,
	4.15227 4.04962,
	4.14201 4.05219,
	4.13174 4.05989,
	4.04962 4.06759,
	4.02909 4.07015,
	4.00856 4.07785,
	3.9983 4.08298,
	3.99316 4.08812,
	3.9829 4.09068,
	3.96237 4.10865,
	3.95723 4.11378,
	3.91617 4.11635,
	3.87511 4.11121,
	3.79556 4.07015,
	3.77503 4.05732,
	3.76476 4.05475,
	3.75963 4.04962,
	3.74936 4.04706,
	3.7391 4.03936,
	3.65698 4.00086,
	3.62105 3.97777,
	3.60052 3.96237,
	3.58255 3.94184,
	3.57486 3.92131,
	3.57486 3.91361,
	"/>
</Transform>

<Transform dim="0"
 xcoef=" 0 1 0 0 0 0"
 ycoef=" 0 0 1 0 0 0">
<Contour name="d01" hidden="false" closed="true" simplified="true" border="1 0.5 0" fill="1 0.5 0" mode="9"
 points="3.26177 3.98546,
	3.27717 3.96493,
	3.29513 3.94954,
	3.30539 3.94697,
	3.31053 3.94184,
	3.35159 3.92387,
	3.37212 3.92387,
	3.38238 3.92644,
	3.40291 3.94184,
	3.41318 3.9521,
	3.41318 3.96237,
	3.41318 3.9675,
	3.40805 3.97263,
	3.40548 3.9829,
	3.36699 4.01113,
	3.35672 4.01369,
	3.35159 4.01883,
	3.31053 4.03422,
	3.29 4.03679,
	3.26947 4.02396,
	3.26177 4.00343,
	3.26177 3.99316,
	3.26177 3.98803,
	"/>
</Transform>

<Transform dim="0"
 xcoef=" 0 1 0 0 0 0"
 ycoef=" 0 0 1 0 0 0">
<Contour name="d01p26" hidden="false" closed="true" simplified="false" border="0 0 1" fill="0 0 1" mode="-9"
 points="3.63428 3.907,
	3.61161 3.88433,
	3.63428 3.86166,
	3.65695 3.88433,
	"/>
</Transform>

<Transform dim="0"
 xcoef=" 0 1 0 0 0 0"
 ycoef=" 0 0 1 0 0 0">
<Contour name="Ax07B03c01" hidden="false" closed="true" simplified="true" border="0 1 0" fill="0 1 0" mode="-9"
 points="4.03558 3.16322,
	4.09422 3.13756,
	4.10155 3.13756,
	4.10888 3.13023,
	4.16753 3.1119,
	4.19685 3.10091,
	4.31415 3.08625,
	4.33247 3.10824,
	4.30315 3.1339,
	4.18586 3.16688,
	4.12721 3.18521,
	4.09789 3.19254,
	4.06857 3.19254,
	4.0539 3.19254,
	4.03924 3.18521,
	4.03558 3.17055,
	4.03558 3.16688,
	"/>
<Contour name="Ax07B03cfa01" hidden="false" closed="false" simplified="false" border="0 1 1" fill="0 1 1" mode="9"
 points="4.03696 3.18182,
	4.09194 3.15983,
	4.14692 3.13784,
	4.24588 3.11585,
	4.31553 3.09386,
	"/>
</Transform>

<Transform dim="0"
 xcoef=" 0 1 0 0 0 0"
 ycoef=" 0 0 1 0 0 0">
<Contour name="d01c25" hidden="false" closed="true" simplified="true" border="0 1 0" fill="0 1 0" mode="-9"
 points="4.02558 3.17322,
	4.08422 3.14756,
	4.09155 3.14756,
	4.09888 3.14023,
	4.15753 3.1219,
	4.18685 3.11091,
	4.30415 3.09625,
	4.32247 3.11824,
	4.29315 3.1439,
	4.17586 3.17688,
	4.11721 3.19521,
	4.08789 3.20254,
	4.05857 3.20254,
	4.0439 3.20254,
	4.02924 3.19521,
	4.02558 3.18055,
	4.02558 3.17688,
	"/>
</Transform>

<Transform dim="0"
 xcoef=" 0 1 0 0 0 0"
 ycoef=" 0 0 1 0 0 0">
<Contour name="d01cfa25" hidden="false" closed="false" simplified="false" border="0 1 1" fill="0 1 1" mode="9"
 points="4.02696 3.19182,
	4.08194 3.16983,
	4.13692 3.14784,
	4.23588 3.12585,
	4.30553 3.10386,
	"/>
</Transform>

<Transform dim="0"
 xcoef=" 0 1 0 0 0 0"
 ycoef=" 0 0 1 0 0 0">
<Contour name="d03" hidden="false" closed="true" simplified="true" border="1 0 0.5" fill="1 0 0.5" mode="9"
 points="6.38897 4.15269,
	6.48288 4.14682,
	6.52984 4.14095,
	6.5768 4.14388,
	6.60028 4.15269,
	6.61495 4.17616,
	6.62082 4.1879,
	6.62082 4.21138,
	6.62082 4.22312,
	6.61495 4.23486,
	6.61495 4.24073,
	6.59147 4.2554,
	6.54451 4.26714,
	6.49756 4.26714,
	6.48582 4.26714,
	6.47408 4.25834,
	6.46234 4.23779,
	6.45647 4.23486,
	6.45354 4.22312,
	6.43593 4.20551,
	6.42419 4.19964,
	6.41832 4.19377,
	6.41245 4.19377,
	6.40658 4.1879,
	6.40071 4.1879,
	6.39191 4.17616,
	6.38897 4.15562,
	"/>
<Contour name="d03" hidden="false" closed="true" simplified="true" border="1 0 0.5" fill="1 0 0.5" mode="9"
 points="6.15713 4.93627,
	6.20115 4.90398,
	6.21289 4.90105,
	6.21876 4.89518,
	6.24223 4.89224,
	6.2481 4.89224,
	6.26865 4.8717,
	6.28039 4.84822,
	6.28039 4.80127,
	6.29799 4.77779,
	6.31854 4.76312,
	6.41245 4.7367,
	6.43593 4.73083,
	6.45941 4.71616,
	6.47995 4.69562,
	6.49462 4.67507,
	6.50343 4.65159,
	6.52104 4.63105,
	6.53278 4.62518,
	6.57973 4.62225,
	6.60321 4.61931,
	6.62669 4.62225,
	6.67364 4.63986,
	6.7206 4.64866,
	6.76756 4.64866,
	6.81451 4.65453,
	6.83799 4.65746,
	6.86147 4.67214,
	6.8644 4.67801,
	6.88788 4.67801,
	6.89962 4.67214,
	6.94658 4.67507,
	6.97005 4.68094,
	7.06397 4.67801,
	7.15788 4.65159,
	7.16375 4.64573,
	7.16962 4.64573,
	7.18136 4.63692,
	7.18723 4.63105,
	7.19897 4.62812,
	7.20484 4.62225,
	7.25179 4.61344,
	7.27527 4.60464,
	7.28701 4.59877,
	7.31049 4.59877,
	7.35744 4.60757,
	7.4044 4.62225,
	7.41614 4.63105,
	7.42201 4.64279,
	7.42788 4.64866,
	7.42494 4.67214,
	7.40146 4.68681,
	7.37799 4.70736,
	7.35744 4.72203,
	7.33397 4.73083,
	7.31342 4.75138,
	7.31636 4.77485,
	7.32516 4.79833,
	7.32516 4.82181,
	7.31929 4.84529,
	7.29875 4.86583,
	7.27527 4.88051,
	7.22831 4.88931,
	7.20484 4.89811,
	7.1931 4.90105,
	7.18723 4.90105,
	7.18136 4.90692,
	7.15788 4.91279,
	7.11092 4.9392,
	7.08745 4.95681,
	7.07571 4.96268,
	7.06984 4.96268,
	7.0581 4.97148,
	7.04636 4.97442,
	7.04049 4.98029,
	7.03462 4.98029,
	7.02875 4.98616,
	7.02288 4.98616,
	7.01701 4.99203,
	6.97005 5.0067,
	6.94658 5.01257,
	6.89962 5.01257,
	6.85266 5.02137,
	6.80571 5.03605,
	6.79397 5.04192,
	6.7881 5.04192,
	6.78223 5.04779,
	6.68832 5.083,
	6.66484 5.09181,
	6.65897 5.09768,
	6.63549 5.10355,
	6.62375 5.10942,
	6.5768 5.11529,
	6.52984 5.11529,
	6.48288 5.10648,
	6.47115 5.10061,
	6.4506 5.07713,
	6.43593 5.05659,
	6.34202 5.0067,
	6.29506 4.98616,
	6.2481 4.97148,
	6.20115 4.96855,
	6.18941 4.96855,
	6.16593 4.95681,
	6.15713 4.94507,
	6.15713 4.9392,
	"/>
</Transform>

<Transform dim="0"
 xcoef=" 0 1 0 0 0 0"
 ycoef=" 0 0 1 0 0 0">
<Contour name="d03p15" hidden="false" closed="true" simplified="false" border="1 1 0" fill="1 1 0" mode="-13"
 points="7.23013 4.73329,
	7.23013 4.68634,
	7.18317 4.68634,
	7.18317 4.72742,
	7.1773 4.73329,
	7.1773 4.68047,
	7.236 4.68047,
	7.236 4.73916,
	7.1773 4.73916,
	7.18317 4.73329,
	"/>
</Transform>

<Transform dim="0"
 xcoef=" 0 1 0 0 0 0"
 ycoef=" 0 0 1 0 0 0">
<Contour name="d04" hidden="false" closed="true" simplified="true" border="1 0 0" fill="1 0 0" mode="9"
 points="2.92916 6.34386,
	2.93868 6.33117,
	2.94185 6.31847,
	2.95137 6.30578,
	2.96089 6.28039,
	3.00849 6.25183,
	3.02119 6.24865,
	3.02753 6.24865,
	3.03388 6.24231,
	3.08466 6.22009,
	3.09735 6.21375,
	3.11005 6.21375,
	3.13543 6.20423,
	3.16082 6.18518,
	3.2116 6.16932,
	3.26238 6.1598,
	3.28776 6.15345,
	3.33854 6.15345,
	3.38932 6.16614,
	3.40201 6.16614,
	3.40836 6.17249,
	3.43375 6.18201,
	3.44009 6.18836,
	3.45279 6.19153,
	3.475 6.21057,
	3.49404 6.23596,
	3.50039 6.26135,
	3.50039 6.27404,
	3.43375 6.3756,
	3.4274 6.38829,
	3.40201 6.4105,
	3.35123 6.43272,
	3.32585 6.44541,
	3.32267 6.45176,
	3.31632 6.45176,
	3.30998 6.45811,
	3.30363 6.45811,
	3.27824 6.47397,
	3.22747 6.48984,
	3.17669 6.49619,
	3.1513 6.49936,
	3.10053 6.49302,
	3.04975 6.4708,
	3.03706 6.46445,
	3.03071 6.46445,
	3.02436 6.45811,
	2.99897 6.45176,
	2.95137 6.4105,
	2.9355 6.38512,
	2.92916 6.37242,
	2.92916 6.34703,
	"/>
<Contour name="d04" hidden="false" closed="true" simplified="true" border="1 0 0" fill="1 0 0" mode="9"
 points="2.42457 5.55365,
	2.43409 5.54096,
	2.44043 5.51557,
	2.44678 5.50922,
	2.4563 5.48384,
	2.45948 5.45845,
	2.45313 5.40767,
	2.45948 5.3569,
	2.45948 5.35055,
	2.46582 5.3442,
	2.46582 5.33786,
	2.47852 5.32833,
	2.48486 5.32199,
	2.53564 5.32199,
	2.56103 5.32516,
	2.57372 5.33468,
	2.6245 5.35372,
	2.64989 5.3569,
	2.66258 5.36324,
	2.66893 5.36959,
	2.66893 5.39498,
	2.65941 5.42037,
	2.63402 5.43941,
	2.62132 5.44893,
	2.59594 5.45845,
	2.57055 5.47432,
	2.55785 5.48701,
	2.52612 5.53461,
	2.51025 5.56,
	2.49756 5.5727,
	2.47217 5.58539,
	2.44678 5.58856,
	2.43409 5.58539,
	2.42457 5.5727,
	2.42457 5.56,
	2.42457 5.55683,
	"/>
<Contour name="d04" hidden="false" closed="true" simplified="true" border="1 0 0" fill="1 0 0" mode="9"
 points="4.70315 5.53144,
	4.73171 5.48066,
	4.75393 5.4648,
	4.8047 5.45528,
	4.85548 5.45845,
	4.90626 5.46797,
	5.00781 5.47432,
	5.05859 5.47432,
	5.10936 5.46797,
	5.13475 5.45845,
	5.14744 5.45528,
	5.16014 5.44575,
	5.18553 5.44575,
	5.19822 5.44575,
	5.21091 5.45528,
	5.21091 5.48066,
	5.20774 5.49336,
	5.18553 5.51557,
	5.16014 5.53144,
	5.14744 5.53779,
	5.11254 5.58856,
	5.09984 5.59491,
	5.09349 5.60126,
	5.06811 5.6076,
	5.0205 5.63934,
	5.00781 5.64886,
	5.00781 5.65521,
	4.98877 5.67742,
	4.96338 5.69964,
	4.93799 5.7155,
	4.9126 5.70916,
	4.89991 5.70281,
	4.89356 5.70281,
	4.88722 5.69646,
	4.83644 5.69964,
	4.81105 5.70281,
	4.78566 5.69964,
	4.77297 5.69329,
	4.76662 5.69329,
	4.74758 5.6679,
	4.74441 5.65521,
	4.73806 5.64886,
	4.72854 5.62347,
	4.72537 5.59808,
	4.72219 5.58539,
	4.70633 5.56,
	4.70315 5.53461,
	"/>
<Contour name="d04" hidden="false" closed="true" simplified="true" border="1 0 0" fill="1 0 0" mode="9"
 points="3.40518 5.96938,
	3.4274 5.91861,
	3.43057 5.86783,
	3.44009 5.84244,
	3.46231 5.82658,
	3.51308 5.82658,
	3.56069 5.79801,
	3.65589 5.7282,
	3.66859 5.7155,
	3.68445 5.69012,
	3.72888 5.64569,
	3.77966 5.61078,
	3.83043 5.58222,
	3.85582 5.5727,
	3.88121 5.56952,
	3.9066 5.56,
	3.95738 5.55048,
	4.00815 5.55048,
	4.03354 5.55365,
	4.04623 5.55365,
	4.07162 5.56317,
	4.1224 5.60126,
	4.13509 5.6076,
	4.15731 5.63299,
	4.18269 5.68377,
	4.19539 5.70916,
	4.20174 5.72185,
	4.22712 5.74407,
	4.25251 5.75993,
	4.27473 5.78215,
	4.28425 5.79484,
	4.30964 5.80119,
	4.32233 5.80754,
	4.32868 5.80754,
	4.34137 5.81706,
	4.36676 5.82658,
	4.37945 5.83927,
	4.38263 5.85196,
	4.37311 5.86466,
	4.32233 5.87735,
	4.29694 5.88053,
	4.28425 5.88687,
	4.25886 5.89005,
	4.24617 5.89322,
	4.22395 5.91544,
	4.21443 5.92813,
	4.18904 5.93765,
	4.16365 5.93765,
	4.14144 5.94717,
	4.12875 5.95352,
	4.10653 5.97573,
	4.08114 5.9916,
	4.06845 5.9916,
	4.05575 5.99795,
	4.00498 5.99477,
	3.99228 5.98843,
	3.9669 5.9916,
	3.96055 5.99795,
	3.94785 6.00112,
	3.93516 6.01064,
	3.88438 6.02651,
	3.78283 6.02968,
	3.75744 6.02016,
	3.70667 6.01381,
	3.68128 6.01381,
	3.57973 5.97891,
	3.55434 5.97891,
	3.52895 5.98525,
	3.47817 6.01064,
	3.45279 6.01381,
	3.4274 6.00747,
	3.40518 5.98525,
	3.40518 5.97256,
	"/>
</Transform>

<Transform dim="0"
 xcoef=" 0 1 0 0 0 0"
 ycoef=" 0 0 1 0 0 0">
<Contour name="d04" hidden="false" closed="true" simplified="true" border="1 0 0" fill="1 0 0" mode="9"
 points="4.77716 5.93515,
	4.79741 5.91152,
	4.79741 5.90477,
	4.80416 5.89801,
	4.80754 5.88451,
	4.81429 5.87776,
	4.83792 5.82374,
	4.84468 5.81361,
	4.87169 5.78998,
	4.9257 5.7731,
	4.95271 5.76297,
	5.00335 5.71908,
	5.03036 5.69207,
	5.081 5.65831,
	5.18566 5.60092,
	5.23968 5.57729,
	5.34771 5.5469,
	5.40173 5.55028,
	5.41523 5.55365,
	5.44562 5.66169,
	5.45575 5.71571,
	5.45575 5.74271,
	5.46588 5.76972,
	5.48613 5.79673,
	5.49964 5.81024,
	5.51652 5.83387,
	5.53002 5.84737,
	5.55365 5.89801,
	5.56041 5.92502,
	5.56041 5.95203,
	5.56716 5.97904,
	5.56041 6.08708,
	5.55028 6.14109,
	5.5469 6.1546,
	5.52327 6.18161,
	5.49626 6.19849,
	5.48951 6.19849,
	5.48276 6.20524,
	5.45575 6.21537,
	5.34771 6.21537,
	5.23968 6.20524,
	5.18566 6.17823,
	5.14177 6.13434,
	5.10801 6.08032,
	5.08775 6.05669,
	5.06075 6.03643,
	5.00673 6.0128,
	4.97972 6.00605,
	4.96622 6.00267,
	4.85818 6.01955,
	4.83117 6.01955,
	4.78728 5.97229,
	4.77716 5.94528,
	4.77716 5.93853,
	"/>
</Transform>

<Transform dim="0"
 xcoef=" 0 1 0 0 0 0"
 ycoef=" 0 0 1 0 0 0">
<Contour name="d04" hidden="false" closed="true" simplified="true" border="1 0 0" fill="1 0 0" mode="9"
 points="2.14381 5.74609,
	2.15732 5.73259,
	2.21133 5.70895,
	2.23834 5.69883,
	2.29236 5.7022,
	2.29911 5.7022,
	2.30924 5.71571,
	2.30924 5.72921,
	2.30249 5.74271,
	2.24847 5.7731,
	2.23497 5.78323,
	2.20796 5.79336,
	2.18095 5.78998,
	2.15394 5.7731,
	2.14381 5.7596,
	2.14381 5.74947,
	"/>
</Transform>

<Transform dim="0"
 xcoef=" 0 1 0 0 0 0"
 ycoef=" 0 0 1 0 0 0">
<Contour name="d04c19" hidden="false" closed="true" simplified="true" border="0 1 0" fill="0 1 0" mode="9"
 points="2.43194 5.34872,
	2.4416 5.3352,
	2.45705 5.33327,
	2.4725 5.3352,
	2.48409 5.39701,
	2.48409 5.45882,
	2.48409 5.48973,
	2.48409 5.50518,
	2.47637 5.52063,
	2.46284 5.53029,
	2.44739 5.53029,
	2.43966 5.52836,
	2.43387 5.52257,
	2.43387 5.49166,
	2.43966 5.42985,
	2.43773 5.39894,
	2.43194 5.36803,
	2.43194 5.35258,
	2.43194 5.35065,
	"/>
<Contour name="d04cfa19" hidden="false" closed="false" simplified="false" border="0 1 1" fill="0 1 1" mode="-9"
 points="2.43916 5.52699,
	2.45848 5.48063,
	2.45848 5.442,
	2.45655 5.39564,
	2.47007 5.33769,
	"/>
</Transform>

<Transform dim="0"
 xcoef=" 0 1 0 0 0 0"
 ycoef=" 0 0 1 0 0 0">
<Contour name="d04c25" hidden="false" closed="true" simplified="true" border="0 1 0" fill="0 1 0" mode="9"
 points="5.42782 5.6329,
	5.43119 5.62618,
	5.43119 5.62282,
	5.43791 5.61777,
	5.44968 5.63122,
	5.46144 5.65812,
	5.46312 5.67156,
	5.46649 5.67492,
	5.4833 5.72872,
	5.48666 5.74216,
	5.48834 5.74889,
	5.49338 5.75561,
	5.49506 5.76233,
	5.51523 5.78923,
	5.52532 5.80268,
	5.54045 5.82789,
	5.54381 5.83125,
	5.54381 5.83462,
	5.5539 5.84806,
	5.56734 5.87496,
	5.57071 5.88841,
	5.57239 5.89513,
	5.57575 5.89849,
	5.59256 5.95228,
	5.5976 5.97918,
	5.5976 6.00607,
	5.59592 6.01952,
	5.59592 6.02625,
	5.59256 6.03297,
	5.59256 6.05986,
	5.59088 6.07331,
	5.58079 6.10021,
	5.57575 6.1271,
	5.57239 6.13383,
	5.57239 6.13719,
	5.55894 6.14896,
	5.55221 6.154,
	5.54549 6.15568,
	5.54213 6.15232,
	5.54045 6.09853,
	5.54045 6.08508,
	5.54717 6.05818,
	5.55053 6.04474,
	5.54717 5.93715,
	5.52532 5.88336,
	5.51691 5.86992,
	5.50515 5.85647,
	5.49674 5.84302,
	5.49506 5.8363,
	5.48666 5.82453,
	5.47993 5.81781,
	5.47153 5.80604,
	5.46817 5.80268,
	5.46817 5.79932,
	5.46312 5.79595,
	5.45472 5.78251,
	5.44463 5.75561,
	5.44127 5.74216,
	5.44127 5.73544,
	5.43791 5.73208,
	5.43623 5.67829,
	5.42782 5.65139,
	5.42782 5.63794,
	5.42782 5.63458,
	"/>
<Contour name="d04cfa25" hidden="false" closed="false" simplified="false" border="0 1 1" fill="0 1 1" mode="-9"
 points="5.54997 6.15229,
	5.56005 6.11027,
	5.57182 6.04135,
	5.56677 5.96571,
	5.55669 5.89847,
	5.51803 5.82787,
	5.47432 5.78584,
	5.45583 5.74382,
	5.45247 5.68835,
	5.4323 5.61943,
	"/>
</Transform>

<Transform dim="0"
 xcoef=" 0 1 0 0 0 0"
 ycoef=" 0 0 1 0 0 0">
<Contour name="d02" hidden="false" closed="true" simplified="true" border="0.5 0 1" fill="0.5 0 1" mode="9"
 points="4.65909 5.27454,
	4.66466 5.26897,
	4.70922 5.2634,
	4.79833 5.26062,
	4.82061 5.26062,
	4.86517 5.24948,
	4.88745 5.2467,
	4.89302 5.2467,
	4.89859 5.24113,
	4.92087 5.23277,
	4.93201 5.22999,
	4.93479 5.2272,
	4.91251 5.21885,
	4.89302 5.20492,
	4.86517 5.16315,
	4.85681 5.14087,
	4.86517 5.11859,
	4.87074 5.10745,
	4.90973 5.06568,
	4.9515 5.02948,
	4.96264 5.02391,
	4.97378 5.01277,
	4.97378 4.96821,
	4.98492 4.95985,
	5.02948 4.94314,
	5.05175 4.93201,
	5.06289 4.92365,
	5.08517 4.9153,
	5.10188 4.89859,
	5.11302 4.88745,
	5.13252 4.87631,
	5.17707 4.86795,
	5.19935 4.8596,
	5.20771 4.85681,
	5.22442 4.83732,
	5.23556 4.81504,
	5.25505 4.80112,
	5.27733 4.79276,
	5.2829 4.78719,
	5.32746 4.78162,
	5.34974 4.78441,
	5.37201 4.79276,
	5.39151 4.80669,
	5.40265 4.81226,
	5.42214 4.83453,
	5.46113 4.86795,
	5.5029 4.89302,
	5.52518 4.8958,
	5.53075 4.8958,
	5.54189 4.90416,
	5.54746 4.90416,
	5.5586 4.91251,
	5.56417 4.91251,
	5.58645 4.92644,
	5.63101 4.92922,
	5.67557 4.92644,
	5.72012 4.92922,
	5.73126 4.93201,
	5.77025 4.97656,
	5.78696 4.99606,
	5.79531 5.0072,
	5.80088 5.02948,
	5.84266 5.07125,
	5.85658 5.09074,
	5.87051 5.1353,
	5.87329 5.15758,
	5.87051 5.17986,
	5.85658 5.19657,
	5.85937 5.21885,
	5.86215 5.22999,
	5.8538 5.24113,
	5.83152 5.25505,
	5.78696 5.25783,
	5.77582 5.25227,
	5.73126 5.25783,
	5.70898 5.2634,
	5.68949 5.27454,
	5.66721 5.29404,
	5.64772 5.30796,
	5.60316 5.31075,
	5.59202 5.31632,
	5.57809 5.3386,
	5.55582 5.34417,
	5.53354 5.35531,
	5.5224 5.35809,
	5.50012 5.37201,
	5.45556 5.38594,
	5.27733 5.38594,
	5.26619 5.39151,
	5.22163 5.39986,
	5.19935 5.39986,
	5.18821 5.39986,
	5.17707 5.39429,
	5.08796 5.39151,
	5.06568 5.39151,
	5.02112 5.3748,
	5.01555 5.36923,
	5.00998 5.36923,
	4.9877 5.35531,
	4.97656 5.34974,
	4.97378 5.34417,
	4.96821 5.34417,
	4.94593 5.33024,
	4.94036 5.32467,
	4.8958 5.32467,
	4.87352 5.32467,
	4.85124 5.33303,
	4.82896 5.33581,
	4.8234 5.34138,
	4.77884 5.35531,
	4.75656 5.35531,
	4.74542 5.35252,
	4.73428 5.34417,
	4.72035 5.32467,
	4.69808 5.31353,
	4.6758 5.31075,
	4.67023 5.31075,
	4.66187 5.30239,
	4.65909 5.28011,
	4.65909 5.27733,
	"/>
</Transform>

<Transform dim="0"
 xcoef=" 0 1 0 0 0 0"
 ycoef=" 0 0 1 0 0 0">
<Contour name="d02" hidden="false" closed="true" simplified="true" border="0.5 0 1" fill="0.5 0 1" mode="9"
 points="5.71455 5.44164,
	5.72012 5.43607,
	5.72012 5.42493,
	5.73683 5.40543,
	5.78139 5.37758,
	5.82595 5.36923,
	5.84823 5.36923,
	5.89279 5.35809,
	5.91506 5.34974,
	5.92063 5.34417,
	5.96519 5.33303,
	6.00975 5.33024,
	6.05431 5.33303,
	6.06545 5.3386,
	6.11001 5.33581,
	6.11557 5.3386,
	6.11279 5.34138,
	6.12393 5.34138,
	6.14621 5.33303,
	6.16849 5.33303,
	6.21026 5.35252,
	6.25203 5.38594,
	6.25482 5.4305,
	6.24646 5.45278,
	6.24368 5.46392,
	6.22418 5.48341,
	6.21583 5.49176,
	6.19355 5.50012,
	6.15735 5.52797,
	6.11279 5.54746,
	6.0933 5.56139,
	6.06545 5.60037,
	6.04595 5.6143,
	6.02367 5.61151,
	5.93456 5.57253,
	5.89 5.55303,
	5.86772 5.54468,
	5.82316 5.54189,
	5.80088 5.53911,
	5.78139 5.52518,
	5.77025 5.51961,
	5.76468 5.51404,
	5.75354 5.51126,
	5.73126 5.49455,
	5.71734 5.48062,
	5.71455 5.45835,
	5.71455 5.44721,
	5.71455 5.44442,
	"/>
</Transform>

<Transform dim="0"
 xcoef=" 0 1 0 0 0 0"
 ycoef=" 0 0 1 0 0 0">
<Contour name="d02ax21" hidden="false" closed="true" simplified="true" border="0 1 1" fill="0 1 1" mode="-11"
 points="3.22366 6.00389,
	3.2295 5.99222,
	3.25284 5.97472,
	3.29951 5.96013,
	3.34619 5.96305,
	3.36953 5.9718,
	3.39287 5.9893,
	3.3987 5.99806,
	3.42204 6.01264,
	3.46872 6.01556,
	3.49206 6.00973,
	3.50373 6.00681,
	3.50956 6.00097,
	3.5329 5.99514,
	3.57958 5.99514,
	3.60292 5.99806,
	3.62626 6.00681,
	3.67293 6.01556,
	3.69627 6.01848,
	3.71961 6.02723,
	3.76629 6.03015,
	3.85964 6.02431,
	3.88298 6.01848,
	3.89465 6.01556,
	3.90632 6.00681,
	3.953 5.99514,
	4.04635 5.99514,
	4.06969 5.99806,
	4.09303 6.00973,
	4.09887 6.01556,
	4.09887 6.0389,
	4.09011 6.05057,
	4.04344 6.06807,
	3.99676 6.07683,
	3.9034 6.07974,
	3.71669 6.09433,
	3.69336 6.10016,
	3.50665 6.106,
	3.41329 6.10308,
	3.36661 6.10308,
	3.31994 6.09725,
	3.27326 6.08558,
	3.24992 6.08266,
	3.23825 6.07683,
	3.23242 6.06516,
	3.22658 6.05932,
	3.22366 6.01264,
	3.22366 6.00681,
	"/>
</Transform>

<Transform dim="0"
 xcoef=" 0 1 0 0 0 0"
 ycoef=" 0 0 1 0 0 0">
<Contour name="d02ax23" hidden="false" closed="true" simplified="true" border="0 1 1" fill="0 1 1" mode="-11"
 points="6.06238 5.64018,
	6.0713 5.61639,
	6.10103 5.5718,
	6.12184 5.55098,
	6.14563 5.53612,
	6.16941 5.5272,
	6.21698 5.48855,
	6.24077 5.47368,
	6.26455 5.46476,
	6.3597 5.46476,
	6.40727 5.46476,
	6.45484 5.47071,
	6.54998 5.50936,
	6.57377 5.51828,
	6.59755 5.53314,
	6.6035 5.53909,
	6.60647 5.56288,
	6.60053 5.58666,
	6.59755 5.59856,
	6.59161 5.6045,
	6.57377 5.65207,
	6.54404 5.69964,
	6.52322 5.79479,
	6.50836 5.84236,
	6.49349 5.9375,
	6.49349 5.94345,
	6.47565 5.96723,
	6.45187 5.98805,
	6.4043 5.99102,
	6.38051 5.99102,
	6.36862 5.98805,
	6.34483 5.97318,
	6.31213 5.92561,
	6.30321 5.90182,
	6.28834 5.87804,
	6.27645 5.86614,
	6.23185 5.83939,
	6.21996 5.83641,
	6.19914 5.81857,
	6.17239 5.771,
	6.15752 5.74722,
	6.15157 5.73532,
	6.13968 5.7264,
	6.09211 5.71451,
	6.08022 5.70856,
	6.0713 5.69667,
	6.06535 5.6491,
	6.06238 5.64315,
	"/>
</Transform>

<Transform dim="0"
 xcoef=" 0 1 0 0 0 0"
 ycoef=" 0 0 1 0 0 0">
<Contour name="d04ax19" hidden="false" closed="true" simplified="true" border="0 1 1" fill="0 1 1" mode="-11"
 points="1.37022 5.4451,
	1.38122 5.42309,
	1.42249 5.38732,
	1.44451 5.36531,
	1.48853 5.33229,
	1.51054 5.31853,
	1.55456 5.31028,
	1.64261 5.30203,
	1.66462 5.29927,
	1.70864 5.27726,
	1.75267 5.26075,
	1.79669 5.2525,
	1.84071 5.23874,
	1.88474 5.21123,
	1.90675 5.19747,
	1.92876 5.18922,
	1.97278 5.1617,
	2.01681 5.13969,
	2.06083 5.12593,
	2.10485 5.11768,
	2.14888 5.11493,
	2.1929 5.10392,
	2.23692 5.10392,
	2.25893 5.10392,
	2.28094 5.11218,
	2.30296 5.12869,
	2.32497 5.13419,
	2.34698 5.13419,
	2.35798 5.13694,
	2.38 5.15345,
	2.39375 5.17546,
	2.39926 5.19747,
	2.40476 5.20848,
	2.44878 5.23599,
	2.45979 5.247,
	2.46804 5.26901,
	2.46804 5.31303,
	2.43778 5.40108,
	2.44328 5.48912,
	2.44053 5.53315,
	2.42127 5.57717,
	2.38 5.61844,
	2.35798 5.63495,
	2.26994 5.65971,
	2.24793 5.66797,
	2.2039 5.69273,
	2.1929 5.69823,
	2.14888 5.70098,
	2.10485 5.70924,
	2.06083 5.723,
	2.01681 5.72024,
	1.99479 5.72024,
	1.95077 5.70649,
	1.86273 5.65421,
	1.8187 5.6322,
	1.77468 5.61569,
	1.75267 5.60468,
	1.70864 5.59368,
	1.66462 5.59093,
	1.57658 5.59918,
	1.53255 5.59093,
	1.51054 5.57992,
	1.42249 5.56066,
	1.41149 5.56066,
	1.38948 5.54966,
	1.38397 5.53865,
	1.38122 5.49463,
	1.37297 5.48362,
	1.37022 5.46161,
	1.37022 5.4506,
	1.37022 5.44785,
	"/>
</Transform>

<Transform dim="0"
 xcoef=" 0 1 0 0 0 0"
 ycoef=" 0 0 1 0 0 0">
<Contour name="d01ax25ssvr" hidden="false" closed="true" simplified="false" border="0 1 0" fill="0 1 0" mode="-11"
 points="3.96207 2.95949,
	3.94879 2.94622,
	3.96207 2.93295,
	3.97534 2.94622,
	"/>
<Contour name="d01ax25ssvr" hidden="false" closed="true" simplified="false" border="0 1 0" fill="0 1 0" mode="-11"
 points="3.90708 2.89693,
	3.89381 2.88365,
	3.90708 2.87038,
	3.92035 2.88365,
	"/>
<Contour name="d01ax25ssvr" hidden="false" closed="true" simplified="false" border="0 1 0" fill="0 1 0" mode="-11"
 points="3.96017 2.87418,
	3.9469 2.8609,
	3.96017 2.84763,
	3.97344 2.8609,
	"/>
<Contour name="d01ax25ssvr" hidden="false" closed="true" simplified="false" border="0 1 0" fill="0 1 0" mode="-11"
 points="4.01515 2.93484,
	4.00188 2.92157,
	4.01515 2.9083,
	4.02842 2.92157,
	"/>
<Contour name="d01ax25ssvr" hidden="false" closed="true" simplified="false" border="0 1 0" fill="0 1 0" mode="-11"
 points="4.37538 2.96328,
	4.36211 2.95001,
	4.37538 2.93674,
	4.38865 2.95001,
	"/>
<Contour name="d01ax25ssvr" hidden="false" closed="true" simplified="false" border="0 1 0" fill="0 1 0" mode="-11"
 points="4.23887 2.98983,
	4.2256 2.97656,
	4.23887 2.96328,
	4.25214 2.97656,
	"/>
</Transform>

<Transform dim="0"
 xcoef=" 0 1 0 0 0 0"
 ycoef=" 0 0 1 0 0 0">
<Contour name="d02ax23ssvr" hidden="false" closed="true" simplified="false" border="0 1 0" fill="0 1 0" mode="-11"
 points="6.40956 5.5455,
	6.3949 5.53084,
	6.40956 5.51618,
	6.42423 5.53084,
	"/>
<Contour name="d02ax23ssvr" hidden="false" closed="true" simplified="false" border="0 1 0" fill="0 1 0" mode="-11"
 points="6.40537 5.58949,
	6.39071 5.57483,
	6.40537 5.56017,
	6.42004 5.57483,
	"/>
<Contour name="d02ax23ssvr" hidden="false" closed="true" simplified="false" border="0 1 0" fill="0 1 0" mode="-11"
 points="6.46193 5.61253,
	6.44727 5.59787,
	6.46193 5.58321,
	6.47659 5.59787,
	"/>
<Contour name="d02ax23ssvr" hidden="false" closed="true" simplified="false" border="0 1 0" fill="0 1 0" mode="-11"
 points="6.48497 5.56855,
	6.47031 5.55388,
	6.48497 5.53922,
	6.49964 5.55388,
	"/>
<Contour name="d02ax23ssvr" hidden="false" closed="true" simplified="false" border="0 1 0" fill="0 1 0" mode="-11"
 points="6.3174 5.57483,
	6.30273 5.56017,
	6.3174 5.5455,
	6.33206 5.56017,
	"/>
<Contour name="d02ax23ssvr" hidden="false" closed="true" simplified="false" border="0 1 0" fill="0 1 0" mode="-11"
 points="6.33415 5.62091,
	6.31949 5.60625,
	6.33415 5.59159,
	6.34882 5.60625,
	"/>
<Contour name="d02ax23ssvr" hidden="false" closed="true" simplified="false" border="0 1 0" fill="0 1 0" mode="-11"
 points="6.28179 5.53294,
	6.26712 5.51827,
	6.28179 5.50361,
	6.29645 5.51827,
	"/>
<Contour name="d02ax23ssvr" hidden="false" closed="true" simplified="false" border="0 1 0" fill="0 1 0" mode="-11"
 points="6.23361 5.56855,
	6.21895 5.55388,
	6.23361 5.53922,
	6.24827 5.55388,
	"/>
<Contour name="d02ax23ssvr" hidden="false" closed="true" simplified="false" border="0 1 0" fill="0 1 0" mode="-11"
 points="6.17286 5.60834,
	6.1582 5.59368,
	6.17286 5.57902,
	6.18753 5.59368,
	"/>
<Contour name="d02ax23ssvr" hidden="false" closed="true" simplified="false" border="0 1 0" fill="0 1 0" mode="-11"
 points="6.25665 5.64395,
	6.24199 5.62929,
	6.25665 5.61463,
	6.27131 5.62929,
	"/>
<Contour name="d02ax23ssvr" hidden="false" closed="true" simplified="false" border="0 1 0" fill="0 1 0" mode="-11"
 points="6.21685 5.71308,
	6.20219 5.69842,
	6.21685 5.68375,
	6.23151 5.69842,
	"/>
<Contour name="d02ax23ssvr" hidden="false" closed="true" simplified="false" border="0 1 0" fill="0 1 0" mode="-11"
 points="6.25037 5.69004,
	6.2357 5.67537,
	6.25037 5.66071,
	6.26503 5.67537,
	"/>
<Contour name="d02ax23ssvr" hidden="false" closed="true" simplified="false" border="0 1 0" fill="0 1 0" mode="-11"
 points="6.14144 5.69423,
	6.12678 5.67956,
	6.14144 5.6649,
	6.15611 5.67956,
	"/>
<Contour name="d02ax23ssvr" hidden="false" closed="true" simplified="false" border="0 1 0" fill="0 1 0" mode="-11"
 points="6.33206 5.67537,
	6.3174 5.66071,
	6.33206 5.64605,
	6.34672 5.66071,
	"/>
<Contour name="d02ax23ssvr" hidden="false" closed="true" simplified="false" border="0 1 0" fill="0 1 0" mode="-11"
 points="6.41166 5.67119,
	6.397 5.65652,
	6.41166 5.64186,
	6.42632 5.65652,
	"/>
<Contour name="d02ax23ssvr" hidden="false" closed="true" simplified="false" border="0 1 0" fill="0 1 0" mode="-11"
 points="6.34882 5.72146,
	6.33415 5.70679,
	6.34882 5.69213,
	6.36348 5.70679,
	"/>
<Contour name="d02ax23ssvr" hidden="false" closed="true" simplified="false" border="0 1 0" fill="0 1 0" mode="-11"
 points="6.39281 5.74659,
	6.37814 5.73193,
	6.39281 5.71727,
	6.40747 5.73193,
	"/>
<Contour name="d02ax23ssvr" hidden="false" closed="true" simplified="false" border="0 1 0" fill="0 1 0" mode="-11"
 points="6.33415 5.76964,
	6.31949 5.75497,
	6.33415 5.74031,
	6.34882 5.75497,
	"/>
<Contour name="d02ax23ssvr" hidden="false" closed="true" simplified="false" border="0 1 0" fill="0 1 0" mode="-11"
 points="6.2755 5.75916,
	6.26084 5.7445,
	6.2755 5.72984,
	6.29017 5.7445,
	"/>
<Contour name="d02ax23ssvr" hidden="false" closed="true" simplified="false" border="0 1 0" fill="0 1 0" mode="-11"
 points="6.37814 5.80525,
	6.36348 5.79058,
	6.37814 5.77592,
	6.39281 5.79058,
	"/>
<Contour name="d02ax23ssvr" hidden="false" closed="true" simplified="false" border="0 1 0" fill="0 1 0" mode="-11"
 points="6.30483 5.83667,
	6.29017 5.822,
	6.30483 5.80734,
	6.31949 5.822,
	"/>
<Contour name="d02ax23ssvr" hidden="false" closed="true" simplified="false" border="0 1 0" fill="0 1 0" mode="-11"
 points="6.48288 5.66281,
	6.46821 5.64814,
	6.48288 5.63348,
	6.49754 5.64814,
	"/>
</Transform>

<Transform dim="0"
 xcoef=" 0 1 0 0 0 0"
 ycoef=" 0 0 1 0 0 0">
<Contour name="d04ax19ssvr" hidden="false" closed="true" simplified="false" border="0 1 0" fill="0 1 0" mode="-11"
 points="1.62826 5.45555,
	1.61589 5.44318,
	1.62826 5.43081,
	1.64063 5.44318,
	"/>
<Contour name="d04ax19ssvr" hidden="false" closed="true" simplified="false" border="0 1 0" fill="0 1 0" mode="-11"
 points="1.69012 5.47499,
	1.67775 5.46261,
	1.69012 5.45024,
	1.70249 5.46261,
	"/>
<Contour name="d04ax19ssvr" hidden="false" closed="true" simplified="false" border="0 1 0" fill="0 1 0" mode="-11"
 points="1.7396 5.50856,
	1.72723 5.49619,
	1.7396 5.48382,
	1.75197 5.49619,
	"/>
<Contour name="d04ax19ssvr" hidden="false" closed="true" simplified="false" border="0 1 0" fill="0 1 0" mode="-11"
 points="1.75727 5.56334,
	1.7449 5.55097,
	1.75727 5.5386,
	1.76964 5.55097,
	"/>
<Contour name="d04ax19ssvr" hidden="false" closed="true" simplified="false" border="0 1 0" fill="0 1 0" mode="-11"
 points="1.81912 5.57571,
	1.80675 5.56334,
	1.81912 5.55097,
	1.83149 5.56334,
	"/>
<Contour name="d04ax19ssvr" hidden="false" closed="true" simplified="false" border="0 1 0" fill="0 1 0" mode="-11"
 points="1.82089 5.53684,
	1.80852 5.52447,
	1.82089 5.5121,
	1.83326 5.52447,
	"/>
<Contour name="d04ax19ssvr" hidden="false" closed="true" simplified="false" border="0 1 0" fill="0 1 0" mode="-11"
 points="1.88981 5.55451,
	1.87744 5.54214,
	1.88981 5.52977,
	1.90218 5.54214,
	"/>
<Contour name="d04ax19ssvr" hidden="false" closed="true" simplified="false" border="0 1 0" fill="0 1 0" mode="-11"
 points="1.92868 5.59162,
	1.91631 5.57925,
	1.92868 5.56688,
	1.94105 5.57925,
	"/>
<Contour name="d04ax19ssvr" hidden="false" closed="true" simplified="false" border="0 1 0" fill="0 1 0" mode="-11"
 points="1.86683 5.60045,
	1.85446 5.58808,
	1.86683 5.57571,
	1.8792 5.58808,
	"/>
<Contour name="d04ax19ssvr" hidden="false" closed="true" simplified="false" border="0 1 0" fill="0 1 0" mode="-11"
 points="2.00821 5.61813,
	1.99584 5.60576,
	2.00821 5.59339,
	2.02058 5.60576,
	"/>
<Contour name="d04ax19ssvr" hidden="false" closed="true" simplified="false" border="0 1 0" fill="0 1 0" mode="-11"
 points="1.95166 5.55274,
	1.93929 5.54037,
	1.95166 5.528,
	1.96403 5.54037,
	"/>
<Contour name="d04ax19ssvr" hidden="false" closed="true" simplified="false" border="0 1 0" fill="0 1 0" mode="-11"
 points="1.92692 5.51033,
	1.91455 5.49796,
	1.92692 5.48559,
	1.93929 5.49796,
	"/>
<Contour name="d04ax19ssvr" hidden="false" closed="true" simplified="false" border="0 1 0" fill="0 1 0" mode="-11"
 points="1.88274 5.48912,
	1.87037 5.47675,
	1.88274 5.46438,
	1.89511 5.47675,
	"/>
<Contour name="d04ax19ssvr" hidden="false" closed="true" simplified="false" border="0 1 0" fill="0 1 0" mode="-11"
 points="1.80498 5.49442,
	1.79261 5.48205,
	1.80498 5.46968,
	1.81735 5.48205,
	"/>
<Contour name="d04ax19ssvr" hidden="false" closed="true" simplified="false" border="0 1 0" fill="0 1 0" mode="-11"
 points="1.81205 5.44318,
	1.79968 5.43081,
	1.81205 5.41844,
	1.82442 5.43081,
	"/>
<Contour name="d04ax19ssvr" hidden="false" closed="true" simplified="false" border="0 1 0" fill="0 1 0" mode="-11"
 points="1.74667 5.44848,
	1.7343 5.43611,
	1.74667 5.42374,
	1.75904 5.43611,
	"/>
<Contour name="d04ax19ssvr" hidden="false" closed="true" simplified="false" border="0 1 0" fill="0 1 0" mode="-11"
 points="1.75373 5.38132,
	1.74136 5.36895,
	1.75373 5.35658,
	1.7661 5.36895,
	"/>
<Contour name="d04ax19ssvr" hidden="false" closed="true" simplified="false" border="0 1 0" fill="0 1 0" mode="-11"
 points="1.72899 5.32654,
	1.71662 5.31417,
	1.72899 5.3018,
	1.74136 5.31417,
	"/>
<Contour name="d04ax19ssvr" hidden="false" closed="true" simplified="false" border="0 1 0" fill="0 1 0" mode="-11"
 points="1.83856 5.36012,
	1.82619 5.34775,
	1.83856 5.33538,
	1.85093 5.34775,
	"/>
<Contour name="d04ax19ssvr" hidden="false" closed="true" simplified="false" border="0 1 0" fill="0 1 0" mode="-11"
 points="1.89157 5.38486,
	1.8792 5.37249,
	1.89157 5.36012,
	1.90394 5.37249,
	"/>
<Contour name="d04ax19ssvr" hidden="false" closed="true" simplified="false" border="0 1 0" fill="0 1 0" mode="-11"
 points="1.8739 5.43787,
	1.86153 5.4255,
	1.8739 5.41313,
	1.88627 5.4255,
	"/>
<Contour name="d04ax19ssvr" hidden="false" closed="true" simplified="false" border="0 1 0" fill="0 1 0" mode="-11"
 points="1.89511 5.32124,
	1.88274 5.30887,
	1.89511 5.2965,
	1.90748 5.30887,
	"/>
<Contour name="d04ax19ssvr" hidden="false" closed="true" simplified="false" border="0 1 0" fill="0 1 0" mode="-11"
 points="1.90218 5.26116,
	1.88981 5.24879,
	1.90218 5.23642,
	1.91455 5.24879,
	"/>
<Contour name="d04ax19ssvr" hidden="false" closed="true" simplified="false" border="0 1 0" fill="0 1 0" mode="-11"
 points="1.96756 5.30887,
	1.95519 5.2965,
	1.96756 5.28413,
	1.97993 5.2965,
	"/>
<Contour name="d04ax19ssvr" hidden="false" closed="true" simplified="false" border="0 1 0" fill="0 1 0" mode="-11"
 points="1.94459 5.36365,
	1.93222 5.35128,
	1.94459 5.33891,
	1.95696 5.35128,
	"/>
<Contour name="d04ax19ssvr" hidden="false" closed="true" simplified="false" border="0 1 0" fill="0 1 0" mode="-11"
 points="1.987 5.399,
	1.97463 5.38663,
	1.987 5.37426,
	1.99937 5.38663,
	"/>
<Contour name="d04ax19ssvr" hidden="false" closed="true" simplified="false" border="0 1 0" fill="0 1 0" mode="-11"
 points="1.94812 5.4255,
	1.93575 5.41313,
	1.94812 5.40076,
	1.96049 5.41313,
	"/>
<Contour name="d04ax19ssvr" hidden="false" closed="true" simplified="false" border="0 1 0" fill="0 1 0" mode="-11"
 points="1.9817 5.45378,
	1.96933 5.44141,
	1.9817 5.42904,
	1.99407 5.44141,
	"/>
<Contour name="d04ax19ssvr" hidden="false" closed="true" simplified="false" border="0 1 0" fill="0 1 0" mode="-11"
 points="1.96226 5.48382,
	1.94989 5.47145,
	1.96226 5.45908,
	1.97463 5.47145,
	"/>
<Contour name="d04ax19ssvr" hidden="false" closed="true" simplified="false" border="0 1 0" fill="0 1 0" mode="-11"
 points="1.9923 5.50149,
	1.97993 5.48912,
	1.9923 5.47675,
	2.00467 5.48912,
	"/>
<Contour name="d04ax19ssvr" hidden="false" closed="true" simplified="false" border="0 1 0" fill="0 1 0" mode="-11"
 points="2.02058 5.54744,
	2.00821 5.53507,
	2.02058 5.5227,
	2.03295 5.53507,
	"/>
<Contour name="d04ax19ssvr" hidden="false" closed="true" simplified="false" border="0 1 0" fill="0 1 0" mode="-11"
 points="2.06122 5.49442,
	2.04885 5.48205,
	2.06122 5.46968,
	2.07359 5.48205,
	"/>
<Contour name="d04ax19ssvr" hidden="false" closed="true" simplified="false" border="0 1 0" fill="0 1 0" mode="-11"
 points="2.08773 5.5333,
	2.07536 5.52093,
	2.08773 5.50856,
	2.1001 5.52093,
	"/>
<Contour name="d04ax19ssvr" hidden="false" closed="true" simplified="false" border="0 1 0" fill="0 1 0" mode="-11"
 points="2.14781 5.5386,
	2.13544 5.52623,
	2.14781 5.51386,
	2.16018 5.52623,
	"/>
<Contour name="d04ax19ssvr" hidden="false" closed="true" simplified="false" border="0 1 0" fill="0 1 0" mode="-11"
 points="2.20436 5.52447,
	2.19199 5.5121,
	2.20436 5.49973,
	2.21673 5.5121,
	"/>
<Contour name="d04ax19ssvr" hidden="false" closed="true" simplified="false" border="0 1 0" fill="0 1 0" mode="-11"
 points="2.15842 5.48559,
	2.14605 5.47322,
	2.15842 5.46085,
	2.17079 5.47322,
	"/>
<Contour name="d04ax19ssvr" hidden="false" closed="true" simplified="false" border="0 1 0" fill="0 1 0" mode="-11"
 points="2.12131 5.44494,
	2.10894 5.43257,
	2.12131 5.4202,
	2.13368 5.43257,
	"/>
<Contour name="d04ax19ssvr" hidden="false" closed="true" simplified="false" border="0 1 0" fill="0 1 0" mode="-11"
 points="2.18493 5.42727,
	2.17256 5.4149,
	2.18493 5.40253,
	2.1973 5.4149,
	"/>
<Contour name="d04ax19ssvr" hidden="false" closed="true" simplified="false" border="0 1 0" fill="0 1 0" mode="-11"
 points="2.11601 5.39546,
	2.10364 5.38309,
	2.11601 5.37072,
	2.12838 5.38309,
	"/>
<Contour name="d04ax19ssvr" hidden="false" closed="true" simplified="false" border="0 1 0" fill="0 1 0" mode="-11"
 points="2.05239 5.39193,
	2.04002 5.37956,
	2.05239 5.36719,
	2.06476 5.37956,
	"/>
<Contour name="d04ax19ssvr" hidden="false" closed="true" simplified="false" border="0 1 0" fill="0 1 0" mode="-11"
 points="2.05769 5.44318,
	2.04532 5.43081,
	2.05769 5.41844,
	2.07006 5.43081,
	"/>
<Contour name="d04ax19ssvr" hidden="false" closed="true" simplified="false" border="0 1 0" fill="0 1 0" mode="-11"
 points="2.01881 5.34421,
	2.00644 5.33184,
	2.01881 5.31947,
	2.03118 5.33184,
	"/>
<Contour name="d04ax19ssvr" hidden="false" closed="true" simplified="false" border="0 1 0" fill="0 1 0" mode="-11"
 points="2.02941 5.26646,
	2.01704 5.25409,
	2.02941 5.24172,
	2.04178 5.25409,
	"/>
<Contour name="d04ax19ssvr" hidden="false" closed="true" simplified="false" border="0 1 0" fill="0 1 0" mode="-11"
 points="2.02411 5.22405,
	2.01174 5.21168,
	2.02411 5.19931,
	2.03648 5.21168,
	"/>
<Contour name="d04ax19ssvr" hidden="false" closed="true" simplified="false" border="0 1 0" fill="0 1 0" mode="-11"
 points="2.05415 5.20814,
	2.04178 5.19577,
	2.05415 5.1834,
	2.06652 5.19577,
	"/>
<Contour name="d04ax19ssvr" hidden="false" closed="true" simplified="false" border="0 1 0" fill="0 1 0" mode="-11"
 points="2.09657 5.16926,
	2.0842 5.15689,
	2.09657 5.14452,
	2.10894 5.15689,
	"/>
<Contour name="d04ax19ssvr" hidden="false" closed="true" simplified="false" border="0 1 0" fill="0 1 0" mode="-11"
 points="2.0842 5.3018,
	2.07183 5.28943,
	2.0842 5.27706,
	2.09657 5.28943,
	"/>
<Contour name="d04ax19ssvr" hidden="false" closed="true" simplified="false" border="0 1 0" fill="0 1 0" mode="-11"
 points="2.14251 5.29827,
	2.13014 5.2859,
	2.14251 5.27353,
	2.15488 5.2859,
	"/>
<Contour name="d04ax19ssvr" hidden="false" closed="true" simplified="false" border="0 1 0" fill="0 1 0" mode="-11"
 points="2.10717 5.35482,
	2.0948 5.34245,
	2.10717 5.33008,
	2.11954 5.34245,
	"/>
<Contour name="d04ax19ssvr" hidden="false" closed="true" simplified="false" border="0 1 0" fill="0 1 0" mode="-11"
 points="2.17609 5.36719,
	2.16372 5.35482,
	2.17609 5.34245,
	2.18846 5.35482,
	"/>
<Contour name="d04ax19ssvr" hidden="false" closed="true" simplified="false" border="0 1 0" fill="0 1 0" mode="-11"
 points="2.19376 5.32831,
	2.18139 5.31594,
	2.19376 5.30357,
	2.20613 5.31594,
	"/>
<Contour name="d04ax19ssvr" hidden="false" closed="true" simplified="false" border="0 1 0" fill="0 1 0" mode="-11"
 points="2.22557 5.28236,
	2.2132 5.26999,
	2.22557 5.25762,
	2.23794 5.26999,
	"/>
<Contour name="d04ax19ssvr" hidden="false" closed="true" simplified="false" border="0 1 0" fill="0 1 0" mode="-11"
 points="2.18139 5.25939,
	2.16902 5.24702,
	2.18139 5.23465,
	2.19376 5.24702,
	"/>
<Contour name="d04ax19ssvr" hidden="false" closed="true" simplified="false" border="0 1 0" fill="0 1 0" mode="-11"
 points="2.22557 5.22228,
	2.2132 5.20991,
	2.22557 5.19754,
	2.23794 5.20991,
	"/>
<Contour name="d04ax19ssvr" hidden="false" closed="true" simplified="false" border="0 1 0" fill="0 1 0" mode="-11"
 points="2.19376 5.1781,
	2.18139 5.16573,
	2.19376 5.15336,
	2.20613 5.16573,
	"/>
<Contour name="d04ax19ssvr" hidden="false" closed="true" simplified="false" border="0 1 0" fill="0 1 0" mode="-11"
 points="2.28565 5.20107,
	2.27328 5.1887,
	2.28565 5.17633,
	2.29802 5.1887,
	"/>
<Contour name="d04ax19ssvr" hidden="false" closed="true" simplified="false" border="0 1 0" fill="0 1 0" mode="-11"
 points="2.30509 5.26116,
	2.29272 5.24879,
	2.30509 5.23642,
	2.31746 5.24879,
	"/>
<Contour name="d04ax19ssvr" hidden="false" closed="true" simplified="false" border="0 1 0" fill="0 1 0" mode="-11"
 points="2.29626 5.30887,
	2.28389 5.2965,
	2.29626 5.28413,
	2.30863 5.2965,
	"/>
<Contour name="d04ax19ssvr" hidden="false" closed="true" simplified="false" border="0 1 0" fill="0 1 0" mode="-11"
 points="2.35281 5.2912,
	2.34044 5.27883,
	2.35281 5.26646,
	2.36518 5.27883,
	"/>
<Contour name="d04ax19ssvr" hidden="false" closed="true" simplified="false" border="0 1 0" fill="0 1 0" mode="-11"
 points="2.37578 5.35128,
	2.36341 5.33891,
	2.37578 5.32654,
	2.38815 5.33891,
	"/>
<Contour name="d04ax19ssvr" hidden="false" closed="true" simplified="false" border="0 1 0" fill="0 1 0" mode="-11"
 points="2.3316 5.39193,
	2.31923 5.37956,
	2.3316 5.36719,
	2.34397 5.37956,
	"/>
<Contour name="d04ax19ssvr" hidden="false" closed="true" simplified="false" border="0 1 0" fill="0 1 0" mode="-11"
 points="2.25208 5.40607,
	2.23971 5.39369,
	2.25208 5.38132,
	2.26445 5.39369,
	"/>
<Contour name="d04ax19ssvr" hidden="false" closed="true" simplified="false" border="0 1 0" fill="0 1 0" mode="-11"
 points="2.22734 5.45024,
	2.21497 5.43787,
	2.22734 5.4255,
	2.23971 5.43787,
	"/>
<Contour name="d04ax19ssvr" hidden="false" closed="true" simplified="false" border="0 1 0" fill="0 1 0" mode="-11"
 points="2.31923 5.49266,
	2.30686 5.48029,
	2.31923 5.46792,
	2.3316 5.48029,
	"/>
<Contour name="d04ax19ssvr" hidden="false" closed="true" simplified="false" border="0 1 0" fill="0 1 0" mode="-11"
 points="2.34574 5.55628,
	2.33337 5.5439,
	2.34574 5.53153,
	2.35811 5.5439,
	"/>
<Contour name="d04ax19ssvr" hidden="false" closed="true" simplified="false" border="0 1 0" fill="0 1 0" mode="-11"
 points="2.28919 5.57748,
	2.27682 5.56511,
	2.28919 5.55274,
	2.30156 5.56511,
	"/>
<Contour name="d04ax19ssvr" hidden="false" closed="true" simplified="false" border="0 1 0" fill="0 1 0" mode="-11"
 points="2.32453 5.60222,
	2.31216 5.58985,
	2.32453 5.57748,
	2.3369 5.58985,
	"/>
<Contour name="d04ax19ssvr" hidden="false" closed="true" simplified="false" border="0 1 0" fill="0 1 0" mode="-11"
 points="2.38108 5.42904,
	2.36871 5.41667,
	2.38108 5.4043,
	2.39345 5.41667,
	"/>
<Contour name="d04ax19ssvr" hidden="false" closed="true" simplified="false" border="0 1 0" fill="0 1 0" mode="-11"
 points="1.76434 5.41844,
	1.75197 5.40607,
	1.76434 5.39369,
	1.77671 5.40607,
	"/>
<Contour name="d04ax19ssvr" hidden="false" closed="true" simplified="false" border="0 1 0" fill="0 1 0" mode="-11"
 points="1.49219 5.41844,
	1.47982 5.40607,
	1.49219 5.39369,
	1.50456 5.40607,
	"/>
</Transform>

<Transform dim="0"
 xcoef=" 0 1 0 0 0 0"
 ycoef=" 0 0 1 0 0 0">
<Contour name="d01ax25" hidden="false" closed="true" simplified="true" border="1 0 1" fill="1 0 1" mode="11"
 points="3.66795 2.93876,
	3.68052 2.91362,
	3.7151 2.86333,
	3.73395 2.84132,
	3.74338 2.83504,
	3.76853 2.81304,
	3.81882 2.78161,
	3.8251 2.77532,
	3.83139 2.77532,
	3.83767 2.76903,
	3.85025 2.76589,
	3.86282 2.75646,
	3.86911 2.75646,
	3.87539 2.75018,
	3.88168 2.75018,
	3.88796 2.74389,
	3.90054 2.74075,
	3.94768 2.70617,
	3.96968 2.69046,
	3.98226 2.67789,
	3.99483 2.67474,
	4.09226 2.60245,
	4.10483 2.59617,
	4.10798 2.58988,
	4.13312 2.58045,
	4.18341 2.57731,
	4.2337 2.58045,
	4.33428 2.57416,
	4.43486 2.57731,
	4.48514 2.58988,
	4.51029 2.59302,
	4.52286 2.59617,
	4.54486 2.61502,
	4.54801 2.64017,
	4.54172 2.74075,
	4.52286 2.79104,
	4.51343 2.81618,
	4.50715 2.82875,
	4.49772 2.87904,
	4.49772 2.90419,
	4.48829 2.95448,
	4.47886 2.97962,
	4.45686 2.99533,
	4.43486 3.00476,
	4.40028 3.05191,
	4.37514 3.06448,
	4.36257 3.07391,
	4.33742 3.08334,
	4.23684 3.09906,
	4.18655 3.11163,
	4.17398 3.11163,
	4.14884 3.12106,
	4.13627 3.1242,
	4.12998 3.1242,
	4.12369 3.13049,
	4.02311 3.16192,
	3.97283 3.16506,
	3.94768 3.16192,
	3.9414 3.15563,
	3.92882 3.15249,
	3.90368 3.13677,
	3.89111 3.13049,
	3.88482 3.13049,
	3.86282 3.11163,
	3.81253 3.09277,
	3.76224 3.08963,
	3.7371 3.08334,
	3.70252 3.03619,
	3.70252 3.02991,
	3.67109 2.97962,
	3.66795 2.95448,
	3.66795 2.9419,
	"/>
</Transform>

</Section>