<?xml version="1.0"?>
<!DOCTYPE Section SYSTEM "section.dtd">

<Section index="13" thickness="0.0532092" alignLocked="true">
<Transform dim="6"
 xcoef=" 0.439443952311465 0.96438336064681 -0.0304129225750271 0 0 0"
 ycoef=" -0.468334715950417 0.0232283392733142 1.04076711626391 0 0 0">
<Image mag="0.00223443" contrast="1" brightness="0" red="true" green="true" blue="true"
 src="CVZWG_und.013.tif" />
<Contour name="domain1" hidden="false" closed="true" simplified="false" border="1 0 1" fill="1 0 1" mode="11"
 points="0 0,
	4097 0,
	4097 4097,
	0 4097,
	"/>
</Transform>

<Transform dim="0"
 xcoef=" 0 1 0 0 0 0"
 ycoef=" 0 0 1 0 0 0">
<Contour name="mito1" hidden="false" closed="false" simplified="true" border="1 0.5 0" fill="1 0.5 0" mode="13"
 points="5.15873 4.46348,
	5.05212 4.31266,
	"/>
</Transform>

<Transform dim="0"
 xcoef=" 0 1 0 0 0 0"
 ycoef=" 0 0 1 0 0 0">
<Contour name="Ax03" hidden="false" closed="true" simplified="true" border="1 0 0.5" fill="1 0 0.5" mode="-11"
 points="8.21879 5.60226,
	8.23484 5.59022,
	8.24287 5.58219,
	8.30708 5.57016,
	8.43549 5.59022,
	8.56391 5.59022,
	8.62812 5.58219,
	8.64417 5.58621,
	8.64819 5.61831,
	8.64417 5.63436,
	8.64417 5.64239,
	8.6201 5.67048,
	8.61207 5.67851,
	8.60404 5.67851,
	8.54385 5.71463,
	8.47964 5.72667,
	8.41543 5.72265,
	8.38332 5.71463,
	8.36727 5.71061,
	8.35925 5.70259,
	8.34319 5.69857,
	8.33517 5.69055,
	8.30306 5.67851,
	8.27096 5.6745,
	8.25491 5.67048,
	8.24688 5.67048,
	8.23083 5.65443,
	8.21879 5.62233,
	8.21879 5.60627,
	"/>
</Transform>

<Transform dim="0"
 xcoef=" 0 1 0 0 0 0"
 ycoef=" 0 0 1 0 0 0">
<Contour name="d01" hidden="false" closed="true" simplified="true" border="1 0.5 0" fill="1 0.5 0" mode="9"
 points="7.04193 3.84945,
	7.04706 3.84432,
	7.04706 3.83919,
	7.05733 3.83149,
	7.07786 3.82379,
	7.08813 3.82122,
	7.09326 3.81609,
	7.13432 3.80583,
	7.21644 3.80326,
	7.2575 3.80069,
	7.27803 3.79556,
	7.36015 3.79556,
	7.40121 3.79043,
	7.44228 3.77503,
	7.45254 3.7699,
	7.47307 3.77503,
	7.48334 3.78016,
	7.49617 3.80069,
	7.49617 3.82122,
	7.48334 3.84175,
	7.44741 3.88025,
	7.43201 3.90078,
	7.35502 3.9598,
	7.33706 3.98033,
	7.296 3.97777,
	7.27547 3.97777,
	7.25494 3.97264,
	7.2344 3.97264,
	7.22414 3.9752,
	7.21387 3.9829,
	7.17281 3.98547,
	7.09069 3.9521,
	7.08043 3.94697,
	7.07016 3.93671,
	7.06503 3.92644,
	7.0599 3.88538,
	7.05733 3.87512,
	7.0445 3.85459,
	7.04193 3.85202,
	"/>
<Contour name="d01" hidden="false" closed="true" simplified="true" border="1 0.5 0" fill="1 0.5 0" mode="9"
 points="6.84946 4.52952,
	6.86742 4.51156,
	6.88795 4.50643,
	6.89309 4.50129,
	6.89822 4.50129,
	6.90335 4.49616,
	6.90848 4.49616,
	6.94698 4.47306,
	6.98547 4.44483,
	7.01627 4.41147,
	7.02397 4.40121,
	7.04193 4.36271,
	7.04963 4.35245,
	7.06246 4.31139,
	7.07273 4.29086,
	7.07786 4.28316,
	7.08813 4.27803,
	7.12149 4.23953,
	7.12919 4.22927,
	7.13432 4.22413,
	7.13432 4.219,
	7.16511 4.18307,
	7.18565 4.17024,
	7.22671 4.15998,
	7.26777 4.15484,
	7.2883 4.15998,
	7.30883 4.15484,
	7.33962 4.11635,
	7.34989 4.10608,
	7.39095 4.09325,
	7.43201 4.09069,
	7.45254 4.08555,
	7.53466 4.08812,
	7.55519 4.09325,
	7.71944 4.09069,
	7.7605 4.09582,
	7.84262 4.09069,
	7.92474 4.09582,
	8.00686 4.10865,
	8.02739 4.11122,
	8.04792 4.11891,
	8.06845 4.12148,
	8.10951 4.13431,
	8.19164 4.14201,
	8.21217 4.14201,
	8.2327 4.14971,
	8.24296 4.15484,
	8.24809 4.15998,
	8.25323 4.15998,
	8.25836 4.16511,
	8.29942 4.17281,
	8.38154 4.17281,
	8.4226 4.17281,
	8.44313 4.17794,
	8.4534 4.18307,
	8.47393 4.17794,
	8.49446 4.17794,
	8.50472 4.18307,
	8.50986 4.18564,
	8.50986 4.19077,
	8.48933 4.20874,
	8.44827 4.2267,
	8.4149 4.25493,
	8.39437 4.25749,
	8.38924 4.25749,
	8.36101 4.29342,
	8.34305 4.33448,
	8.34305 4.35501,
	8.35331 4.39608,
	8.35588 4.41661,
	8.34048 4.45767,
	8.29942 4.4705,
	8.27889 4.48076,
	8.25836 4.4859,
	8.23783 4.4859,
	8.2173 4.49359,
	8.20703 4.49873,
	8.18907 4.51669,
	8.1788 4.52696,
	8.13774 4.55005,
	8.12748 4.55519,
	8.12235 4.55519,
	8.11721 4.56032,
	8.09668 4.56545,
	8.09155 4.57058,
	8.07102 4.57572,
	8.05049 4.58598,
	8.02996 4.59111,
	7.9889 4.59111,
	7.94784 4.60395,
	7.92731 4.60908,
	7.84518 4.61164,
	7.83492 4.61164,
	7.81439 4.62191,
	7.79386 4.63731,
	7.77333 4.64244,
	7.73227 4.64244,
	7.69121 4.64757,
	7.67068 4.65014,
	7.65015 4.64757,
	7.60909 4.61934,
	7.59882 4.61421,
	7.58855 4.61421,
	7.58342 4.61421,
	7.57316 4.62191,
	7.55263 4.62961,
	7.5321 4.63217,
	7.49104 4.64757,
	7.40891 4.66554,
	7.38838 4.67324,
	7.34732 4.6989,
	7.30626 4.70916,
	7.2652 4.72713,
	7.24467 4.74253,
	7.22927 4.75792,
	7.21901 4.76049,
	7.21644 4.76562,
	7.17538 4.77076,
	7.16511 4.77076,
	7.14458 4.77845,
	7.12405 4.79129,
	7.10352 4.79898,
	7.06246 4.80155,
	7.04193 4.80412,
	7.0214 4.80155,
	7.01114 4.79898,
	6.99317 4.78359,
	6.98034 4.76306,
	6.97521 4.75279,
	6.97521 4.74766,
	6.97008 4.74253,
	6.96751 4.70147,
	6.95468 4.68093,
	6.93671 4.66297,
	6.92902 4.65527,
	6.92132 4.61421,
	6.92902 4.60651,
	6.92645 4.59625,
	6.91105 4.57572,
	6.90079 4.56802,
	6.89052 4.56545,
	6.88282 4.55775,
	6.87769 4.55775,
	6.85716 4.54492,
	6.84946 4.53466,
	6.84946 4.53209,
	"/>
<Contour name="d01" hidden="false" closed="true" simplified="true" border="1 0.5 0" fill="1 0.5 0" mode="9"
 points="8.65357 4.63987,
	8.69463 4.61678,
	8.73569 4.60908,
	8.77675 4.60651,
	8.81781 4.59881,
	8.82808 4.59625,
	8.84861 4.60138,
	8.86914 4.60138,
	8.8794 4.60651,
	8.88454 4.60908,
	8.88967 4.62961,
	8.88967 4.65014,
	8.88454 4.6604,
	8.86657 4.67837,
	8.86144 4.6835,
	8.85887 4.70403,
	8.85887 4.7143,
	8.84604 4.73483,
	8.82551 4.73996,
	8.78445 4.73739,
	8.76392 4.73483,
	8.74339 4.72713,
	8.72799 4.7066,
	8.71773 4.68607,
	8.71259 4.67837,
	8.6741 4.6604,
	8.65357 4.65271,
	8.65357 4.64244,
	"/>
</Transform>

<Transform dim="0"
 xcoef=" 0 1 0 0 0 0"
 ycoef=" 0 0 1 0 0 0">
<Contour name="d01p01" hidden="false" closed="true" simplified="true" border="1 0.5 0" fill="1 0.5 0" mode="-9"
 points="7.40664 4.13665,
	7.40664 4.1314,
	7.41189 4.12616,
	7.41714 4.12616,
	7.42238 4.1314,
	7.42238 4.13665,
	7.41714 4.1419,
	7.41189 4.1419,
	"/>
</Transform>

<Transform dim="0"
 xcoef=" 0 1 0 0 0 0"
 ycoef=" 0 0 1 0 0 0">
<Contour name="d01p02" hidden="false" closed="true" simplified="false" border="0.5 0 1" fill="0.5 0 1" mode="-9"
 points="7.04204 4.72158,
	7.03417 4.71896,
	7.04204 4.71634,
	7.0368 4.70847,
	7.04467 4.71371,
	7.04729 4.70585,
	7.04991 4.71371,
	7.05778 4.70847,
	7.05254 4.71634,
	7.0604 4.71896,
	7.05254 4.72158,
	7.05778 4.72945,
	7.04991 4.72421,
	7.04729 4.73208,
	7.04467 4.72421,
	7.0368 4.72945,
	"/>
</Transform>

<Transform dim="0"
 xcoef=" 0 1 0 0 0 0"
 ycoef=" 0 0 1 0 0 0">
<Contour name="d01p03" hidden="false" closed="true" simplified="false" border="1 0 0.5" fill="1 0 0.5" mode="-9"
 points="8.28273 4.40944,
	8.31421 4.40944,
	8.29847 4.4383,
	"/>
</Transform>

<Transform dim="0"
 xcoef=" 0 1 0 0 0 0"
 ycoef=" 0 0 1 0 0 0">
<Contour name="d01c01" hidden="false" closed="true" simplified="true" border="0 1 0" fill="0 1 0" mode="9"
 points="7.08237 3.82232,
	7.09657 3.7996,
	7.10508 3.79108,
	7.1278 3.7854,
	7.13348 3.77972,
	7.17892 3.77972,
	7.19028 3.7854,
	7.28115 3.79108,
	7.32659 3.78256,
	7.3493 3.77972,
	7.36066 3.77972,
	7.37202 3.77404,
	7.39474 3.77404,
	7.40042 3.77404,
	7.40894 3.7854,
	7.4061 3.79676,
	7.39758 3.80528,
	7.30671 3.81096,
	7.28399 3.8138,
	7.23855 3.828,
	7.21584 3.83652,
	7.12496 3.84504,
	7.10224 3.8422,
	7.09089 3.83936,
	7.08237 3.83084,
	7.08237 3.82516,
	"/>
<Contour name="d01cfa01" hidden="false" closed="false" simplified="false" border="0 1 1" fill="0 1 1" mode="-9"
 points="7.40462 3.78876,
	7.28251 3.80012,
	7.20016 3.80864,
	7.07805 3.82,
	"/>
</Transform>

<Transform dim="0"
 xcoef=" 0 1 0 0 0 0"
 ycoef=" 0 0 1 0 0 0">
<Contour name="d03" hidden="false" closed="true" simplified="true" border="1 0 0.5" fill="1 0 0.5" mode="9"
 points="8.13221 3.79464,
	8.14689 3.77116,
	8.1645 3.75356,
	8.18797 3.73595,
	8.28189 3.69779,
	8.32884 3.67138,
	8.35232 3.65377,
	8.36406 3.64497,
	8.38754 3.6391,
	8.41102 3.6391,
	8.42275 3.64203,
	8.44623 3.65671,
	8.45797 3.66551,
	8.48145 3.67432,
	8.57536 3.68312,
	8.62232 3.68899,
	8.63406 3.69486,
	8.68101 3.69779,
	8.69275 3.70073,
	8.69862 3.7066,
	8.74558 3.72714,
	8.76906 3.74182,
	8.77786 3.75062,
	8.77786 3.75649,
	8.78373 3.76236,
	8.7896 3.78584,
	8.78373 3.83279,
	8.78666 3.85627,
	8.79547 3.87975,
	8.79253 3.89149,
	8.7808 3.90029,
	8.77493 3.90029,
	8.76319 3.9091,
	8.75145 3.91203,
	8.73971 3.92377,
	8.72503 3.94431,
	8.67808 3.95899,
	8.6546 3.97073,
	8.64286 3.97366,
	8.59591 3.96779,
	8.57243 3.96486,
	8.56656 3.96486,
	8.56069 3.95899,
	8.53721 3.95312,
	8.49025 3.95312,
	8.39634 3.94138,
	8.30243 3.92377,
	8.25547 3.90323,
	8.232 3.88562,
	8.18504 3.85921,
	8.17917 3.85921,
	8.13515 3.82986,
	8.13221 3.80638,
	8.13221 3.79758,
	"/>
</Transform>

<Transform dim="0"
 xcoef=" 0 1 0 0 0 0"
 ycoef=" 0 0 1 0 0 0">
<Contour name="d03" hidden="false" closed="true" simplified="true" border="1 0 0.5" fill="1 0 0.5" mode="9"
 points="8.36112 4.33757,
	8.37286 4.31409,
	8.37873 4.30235,
	8.39047 4.29062,
	8.41395 4.27594,
	8.43743 4.27007,
	8.48438 4.24953,
	8.53134 4.23486,
	8.62525 4.23486,
	8.71917 4.21138,
	8.76612 4.20551,
	8.77786 4.20844,
	8.78373 4.20844,
	8.79547 4.22018,
	8.81014 4.24072,
	8.81601 4.24659,
	8.82188 4.24659,
	8.82482 4.25246,
	8.82188 4.2554,
	8.83362 4.26127,
	8.88058 4.26127,
	8.92753 4.27301,
	8.93927 4.28181,
	8.94221 4.29355,
	8.98623 4.29942,
	9.08014 4.33464,
	9.09188 4.33757,
	9.11536 4.35225,
	9.12123 4.36398,
	9.1271 4.36985,
	9.1271 4.39333,
	9.12123 4.41681,
	9.11536 4.42855,
	9.0684 4.4667,
	9.02731 4.50779,
	8.98329 4.53127,
	8.97742 4.53127,
	8.97155 4.53714,
	8.9246 4.55768,
	8.90112 4.56942,
	8.80721 4.58996,
	8.7133 4.6017,
	8.66634 4.61931,
	8.61938 4.62811,
	8.57243 4.62811,
	8.54895 4.62518,
	8.53721 4.62518,
	8.49025 4.60757,
	8.46971 4.59583,
	8.45797 4.58996,
	8.41982 4.54301,
	8.41102 4.53127,
	8.40515 4.52833,
	8.40515 4.52246,
	8.36993 4.47551,
	8.36406 4.45203,
	8.36112 4.35812,
	8.36112 4.34638,
	8.36112 4.34051,
	"/>
</Transform>

<Transform dim="0"
 xcoef=" 0 1 0 0 0 0"
 ycoef=" 0 0 1 0 0 0">
<Contour name="d04" hidden="false" closed="true" simplified="true" border="1 0 0" fill="1 0 0" mode="9"
 points="4.17171 6.60377,
	4.19388 6.56434,
	4.20128 6.54463,
	4.20374 6.5052,
	4.18649 6.46578,
	4.18403 6.45592,
	4.18896 6.43621,
	4.2062 6.42389,
	4.22592 6.41649,
	4.23577 6.41403,
	4.25549 6.40171,
	4.33187 6.36721,
	4.34173 6.36475,
	4.35159 6.35736,
	4.3713 6.35243,
	4.37623 6.35243,
	4.38608 6.34504,
	4.42551 6.33272,
	4.44522 6.32532,
	4.52407 6.313,
	4.60292 6.28836,
	4.64235 6.27604,
	4.66206 6.27358,
	4.68177 6.26619,
	4.7212 6.26619,
	4.76063 6.25879,
	4.78034 6.25879,
	4.81976 6.26865,
	4.83948 6.27111,
	4.8789 6.25879,
	4.91833 6.26126,
	4.93804 6.25879,
	4.97747 6.24401,
	4.99718 6.24401,
	5.01196 6.26372,
	5.01935 6.27358,
	5.02182 6.29329,
	5.0095 6.313,
	5.00211 6.32286,
	5.00211 6.36228,
	4.99471 6.40171,
	4.98979 6.42142,
	4.96022 6.46085,
	4.94297 6.48056,
	4.93311 6.49042,
	4.92572 6.49535,
	4.90847 6.51259,
	4.87397 6.53724,
	4.83455 6.55695,
	4.82469 6.55941,
	4.82223 6.56434,
	4.7828 6.57912,
	4.74338 6.58159,
	4.72613 6.59391,
	4.69656 6.63087,
	4.68424 6.65058,
	4.68424 6.65551,
	4.65713 6.69494,
	4.64728 6.70479,
	4.60785 6.72943,
	4.58814 6.73683,
	4.54871 6.74176,
	4.529 6.74422,
	4.50929 6.74176,
	4.46986 6.71465,
	4.43044 6.70479,
	4.39101 6.70479,
	4.35159 6.69987,
	4.31216 6.69001,
	4.3023 6.68508,
	4.29738 6.68508,
	4.29245 6.68015,
	4.28752 6.68015,
	4.28259 6.67522,
	4.24317 6.66044,
	4.23331 6.65551,
	4.19388 6.65058,
	4.18896 6.65058,
	4.17171 6.63334,
	4.17171 6.61362,
	4.17171 6.60623,
	"/>
</Transform>

<Transform dim="0"
 xcoef=" 0 1 0 0 0 0"
 ycoef=" 0 0 1 0 0 0">
<Contour name="d04p03" hidden="false" closed="true" simplified="false" border="1 0 0.5" fill="1 0 0.5" mode="9"
 points="4.92738 6.40019,
	4.96172 6.40019,
	4.94455 6.43167,
	"/>
</Transform>

<Transform dim="0"
 xcoef=" 0 1 0 0 0 0"
 ycoef=" 0 0 1 0 0 0">
<Contour name="d04c03" hidden="false" closed="true" simplified="true" border="0 1 0" fill="0 1 0" mode="9"
 points="4.87334 6.52201,
	4.88575 6.5096,
	4.89461 6.49896,
	4.89993 6.49542,
	4.91234 6.48124,
	4.93893 6.46174,
	4.96197 6.43692,
	4.96729 6.42273,
	4.96907 6.41564,
	4.97793 6.40146,
	4.98147 6.38728,
	4.9797 6.35891,
	4.9797 6.34473,
	4.98857 6.33232,
	4.99566 6.327,
	4.9992 6.32346,
	5.01338 6.32346,
	5.02048 6.327,
	5.02934 6.34119,
	5.02934 6.36955,
	5.02048 6.39792,
	5.01161 6.4121,
	5.01161 6.41564,
	5.00098 6.42983,
	4.98502 6.45642,
	4.97616 6.46883,
	4.96907 6.47592,
	4.9602 6.48833,
	4.95311 6.49365,
	4.94957 6.49896,
	4.93538 6.50783,
	4.92475 6.51846,
	4.89638 6.53087,
	4.8822 6.53265,
	4.87865 6.53265,
	4.87334 6.52733,
	4.87334 6.52378,
	"/>
<Contour name="d04cfa03" hidden="false" closed="false" simplified="false" border="0 1 1" fill="0 1 1" mode="-9"
 points="4.88111 6.53081,
	4.92011 6.4989,
	4.97329 6.44749,
	4.99988 6.39076,
	4.99988 6.32162,
	"/>
</Transform>

<Transform dim="0"
 xcoef=" 0 1 0 0 0 0"
 ycoef=" 0 0 1 0 0 0">
<Contour name="d02" hidden="false" closed="true" simplified="true" border="0.5 0 1" fill="0.5 0 1" mode="9"
 points="6.82589 5.15538,
	6.83932 5.14387,
	6.87 5.12853,
	6.87768 5.12661,
	6.90453 5.10743,
	6.90836 5.10743,
	6.93521 5.08442,
	6.94097 5.07675,
	6.94097 5.07291,
	6.94672 5.06716,
	6.94672 5.06332,
	6.95056 5.05948,
	6.95056 5.05565,
	6.97741 5.03263,
	6.98508 5.0288,
	6.98892 5.02496,
	6.99275 5.02496,
	7.00042 5.01921,
	7.00426 5.01921,
	7.0081 5.01537,
	7.01193 5.01537,
	7.02727 5.00578,
	7.05221 4.98085,
	7.06372 4.96742,
	7.07139 4.96167,
	7.07522 4.96167,
	7.07906 4.95783,
	7.10975 4.95208,
	7.17112 4.95208,
	7.29387 4.94633,
	7.35524 4.93482,
	7.41661 4.93482,
	7.43196 4.93482,
	7.4473 4.93866,
	7.46264 4.93866,
	7.47032 4.94057,
	7.47799 4.94633,
	7.48566 4.94824,
	7.48758 4.95016,
	7.48566 4.95208,
	7.501 4.95783,
	7.51443 4.96742,
	7.52977 4.97318,
	7.53361 4.97701,
	7.56429 4.98469,
	7.62567 4.98277,
	7.65635 4.9866,
	7.6717 4.9866,
	7.70238 5.00003,
	7.72923 5.02304,
	7.73882 5.03839,
	7.75033 5.06716,
	7.75225 5.0825,
	7.76376 5.11319,
	7.76568 5.12086,
	7.77718 5.13237,
	7.83664 5.17264,
	7.85198 5.18415,
	7.85774 5.19182,
	7.86157 5.20716,
	7.86157 5.22251,
	7.85965 5.23018,
	7.85582 5.23402,
	7.85006 5.24936,
	7.84815 5.25703,
	7.84239 5.2647,
	7.81171 5.27621,
	7.79636 5.28196,
	7.76759 5.30114,
	7.75225 5.3069,
	7.74458 5.31073,
	7.62183 5.31649,
	7.60649 5.31649,
	7.5758 5.32416,
	7.56813 5.32416,
	7.55279 5.33183,
	7.5432 5.34142,
	7.5432 5.34526,
	7.5221 5.37019,
	7.51443 5.37402,
	7.51059 5.37786,
	7.49525 5.3817,
	7.43387 5.3817,
	7.40319 5.37402,
	7.34181 5.36827,
	7.32647 5.36443,
	7.2651 5.36252,
	7.24975 5.36252,
	7.24592 5.36252,
	7.24208 5.35868,
	7.22674 5.35293,
	7.2114 5.35101,
	7.18071 5.3606,
	7.15002 5.36252,
	7.11934 5.3606,
	7.05796 5.34142,
	7.04262 5.33758,
	7.03495 5.33183,
	7.00426 5.32224,
	7.00042 5.3184,
	6.99659 5.3184,
	6.96782 5.29347,
	6.95823 5.27813,
	6.9448 5.26278,
	6.93713 5.25895,
	6.92946 5.25128,
	6.92179 5.24936,
	6.91412 5.24361,
	6.88343 5.23593,
	6.87959 5.2321,
	6.87192 5.23018,
	6.8585 5.21675,
	6.84891 5.20141,
	6.84315 5.19374,
	6.84315 5.1899,
	6.82973 5.17648,
	6.82589 5.17264,
	6.82589 5.1573,
	"/>
</Transform>

<Transform dim="0"
 xcoef=" 0 1 0 0 0 0"
 ycoef=" 0 0 1 0 0 0">
<Contour name="d02p02" hidden="false" closed="true" simplified="false" border="0.5 0 1" fill="0.5 0 1" mode="9"
 points="7.48123 4.98475,
	7.47346 4.98216,
	7.48123 4.97958,
	7.47605 4.97181,
	7.48381 4.97699,
	7.4864 4.96923,
	7.48899 4.97699,
	7.49675 4.97181,
	7.49157 4.97958,
	7.49934 4.98216,
	7.49157 4.98475,
	7.49675 4.99251,
	7.48899 4.98734,
	7.4864 4.9951,
	7.48381 4.98734,
	7.47605 4.99251,
	"/>
</Transform>

<Transform dim="0"
 xcoef=" 0 1 0 0 0 0"
 ycoef=" 0 0 1 0 0 0">
<Contour name="d02c02" hidden="false" closed="true" simplified="true" border="0 1 0" fill="0 1 0" mode="9"
 points="7.41617 4.92067,
	7.42187 4.91307,
	7.45228 4.91497,
	7.48079 4.92827,
	7.49599 4.93778,
	7.5112 4.95108,
	7.5264 4.96058,
	7.58722 4.96438,
	7.60243 4.97009,
	7.60433 4.97769,
	7.60243 4.98529,
	7.60243 4.98909,
	7.58722 5.0024,
	7.55681 5.0024,
	7.54161 4.99669,
	7.5112 4.97769,
	7.49599 4.97009,
	7.48839 4.96438,
	7.47318 4.95868,
	7.44277 4.95678,
	7.43517 4.95488,
	7.43137 4.95488,
	7.42757 4.95108,
	7.42377 4.95108,
	7.41997 4.94348,
	7.41617 4.93968,
	7.41617 4.92447,
	7.41617 4.92257,
	"/>
</Transform>

<Transform dim="0"
 xcoef=" 0 1 0 0 0 0"
 ycoef=" 0 0 1 0 0 0">
<Contour name="d02cfa02" hidden="false" closed="false" simplified="false" border="0 1 1" fill="0 1 1" mode="-9"
 points="7.60063 4.98978,
	7.55881 4.98788,
	7.5246 4.97648,
	7.47329 4.94227,
	7.41627 4.93086,
	"/>
</Transform>

<Transform dim="0"
 xcoef=" 0 1 0 0 0 0"
 ycoef=" 0 0 1 0 0 0">
<Contour name="d01ax05" hidden="false" closed="true" simplified="true" border="0 1 1" fill="0 1 1" mode="-11"
 points="4.04267 4.66195,
	4.05195 4.62484,
	4.06123 4.60628,
	4.06587 4.58773,
	4.06587 4.55062,
	4.06587 4.53206,
	4.07051 4.51351,
	4.07978 4.49495,
	4.08442 4.49031,
	4.08442 4.48567,
	4.09138 4.4764,
	4.09138 4.47176,
	4.11457 4.43465,
	4.14937 4.40914,
	4.16792 4.39754,
	4.20503 4.39058,
	4.22359 4.38826,
	4.23286 4.38594,
	4.2491 4.37434,
	4.25606 4.36507,
	4.2607 4.36043,
	4.26301 4.35115,
	4.27693 4.3326,
	4.29549 4.31868,
	4.3094 4.30244,
	4.31636 4.29317,
	4.31868 4.28389,
	4.32564 4.27461,
	4.36275 4.25374,
	4.39986 4.24446,
	4.43697 4.23054,
	4.47408 4.20503,
	4.49263 4.19575,
	4.51119 4.18184,
	4.52974 4.17488,
	4.53902 4.17256,
	4.61324 4.11921,
	4.65035 4.09834,
	4.66891 4.08906,
	4.67818 4.08674,
	4.68282 4.0821,
	4.71993 4.07283,
	4.75704 4.06819,
	4.7756 4.06587,
	4.78487 4.06587,
	4.78951 4.06123,
	4.82662 4.04499,
	4.86373 4.0334,
	4.90084 4.03572,
	4.91012 4.03804,
	4.94491 4.07051,
	4.95419 4.07515,
	5.02841 4.07746,
	5.10263 4.08442,
	5.13974 4.08906,
	5.28818 4.08674,
	5.32529 4.07978,
	5.3624 4.06819,
	5.37168 4.06355,
	5.4459 4.05195,
	5.48301 4.04499,
	5.50156 4.04035,
	5.53867 4.03804,
	5.61289 4.0218,
	5.65 4.01252,
	5.65928 4.00788,
	5.69639 4.00093,
	5.7335 3.99861,
	5.75205 3.99629,
	5.77061 3.98933,
	5.80772 3.98469,
	5.84483 3.98469,
	5.86338 3.99165,
	5.86802 4.00093,
	5.8657 4.03804,
	5.85411 4.05659,
	5.83787 4.07515,
	5.80308 4.09602,
	5.78453 4.10762,
	5.74974 4.14009,
	5.72422 4.1772,
	5.69871 4.25142,
	5.69639 4.2607,
	5.68247 4.27925,
	5.64536 4.29317,
	5.60825 4.31404,
	5.53403 4.34419,
	5.49924 4.36739,
	5.46213 4.39522,
	5.45285 4.40218,
	5.41574 4.41609,
	5.37863 4.42537,
	5.36008 4.43001,
	5.34152 4.43929,
	5.33689 4.43929,
	5.30441 4.4648,
	5.28818 4.4764,
	5.26267 4.51119,
	5.25803 4.52974,
	5.25571 4.53902,
	5.23715 4.55062,
	5.2186 4.55758,
	5.20004 4.55989,
	5.16293 4.57149,
	5.12582 4.59237,
	5.08871 4.61788,
	5.05392 4.64803,
	5.03769 4.66427,
	5.02841 4.67354,
	5.02377 4.68282,
	4.96347 4.75704,
	4.94723 4.7756,
	4.93795 4.78487,
	4.90084 4.80343,
	4.8962 4.80807,
	4.89157 4.80807,
	4.81735 4.84982,
	4.79879 4.86373,
	4.78256 4.88229,
	4.764 4.89389,
	4.72689 4.9078,
	4.71065 4.9194,
	4.6921 4.93563,
	4.68746 4.94491,
	4.65035 4.96811,
	4.6318 4.97274,
	4.55758 4.97274,
	4.52047 4.97506,
	4.50191 4.97738,
	4.48336 4.98434,
	4.4648 4.99594,
	4.45552 5.0029,
	4.41841 5.00522,
	4.34419 4.99594,
	4.30708 4.98202,
	4.26997 4.96115,
	4.25142 4.94723,
	4.23286 4.94027,
	4.15864 4.90084,
	4.14009 4.88925,
	4.12385 4.87301,
	4.11689 4.86373,
	4.11457 4.85446,
	4.10762 4.84518,
	4.09138 4.80807,
	4.07051 4.77096,
	4.05891 4.7524,
	4.04731 4.71529,
	4.04267 4.69674,
	4.04267 4.67818,
	4.04267 4.66891,
	4.04267 4.66427,
	"/>
</Transform>

<Transform dim="0"
 xcoef=" 0 1 0 0 0 0"
 ycoef=" 0 0 1 0 0 0">
<Contour name="d01ax05" hidden="false" closed="true" simplified="true" border="0 1 1" fill="0 1 1" mode="-11"
 points="6.40288 3.77745,
	6.41922 3.75567,
	6.46279 3.73115,
	6.54995 3.66034,
	6.57173 3.64673,
	6.61531 3.63311,
	6.65888 3.59226,
	6.74604 3.5623,
	6.78961 3.53506,
	6.83319 3.51872,
	6.87676 3.51328,
	6.88766 3.51328,
	6.90944 3.50238,
	6.93123 3.48604,
	6.94213 3.47787,
	6.94485 3.45608,
	6.9394 3.41251,
	6.92578 3.39072,
	6.88766 3.34987,
	6.86587 3.33353,
	6.85497 3.32536,
	6.84408 3.30357,
	6.84136 3.25999,
	6.8468 3.2491,
	6.8468 3.24365,
	6.86314 3.22187,
	6.88493 3.2028,
	6.92851 3.17829,
	6.97208 3.15923,
	7.01566 3.14561,
	7.05923 3.12654,
	7.10281 3.09931,
	7.14366 3.05846,
	7.16273 3.03667,
	7.18724 2.99309,
	7.20085 2.97131,
	7.24171 2.93862,
	7.26349 2.92501,
	7.28528 2.91684,
	7.29618 2.90867,
	7.31796 2.9005,
	7.36154 2.86781,
	7.39422 2.82424,
	7.41329 2.80517,
	7.42418 2.797,
	7.44597 2.79428,
	7.48954 2.8079,
	7.52222 2.84875,
	7.53584 2.89233,
	7.54401 2.9359,
	7.56035 2.97948,
	7.56035 3.02305,
	7.55218 3.06663,
	7.53584 3.1102,
	7.52767 3.13199,
	7.52222 3.14288,
	7.5195 3.16467,
	7.51678 3.17557,
	7.53584 3.21914,
	7.53312 3.26272,
	7.52767 3.2845,
	7.52222 3.2954,
	7.51678 3.30085,
	7.50861 3.32263,
	7.46775 3.36349,
	7.45686 3.37166,
	7.41329 3.38255,
	7.36971 3.388,
	7.34792 3.39072,
	7.30435 3.41523,
	7.28256 3.4234,
	7.23898 3.45336,
	7.2172 3.46698,
	7.17362 3.48059,
	7.15183 3.48604,
	7.14094 3.48877,
	7.13549 3.48877,
	7.1137 3.50511,
	7.10826 3.516,
	7.06468 3.54868,
	7.02111 3.57592,
	7.00204 3.59498,
	6.98025 3.60315,
	6.96936 3.61132,
	6.92578 3.62494,
	6.88221 3.644,
	6.86042 3.65217,
	6.81685 3.68486,
	6.79506 3.69847,
	6.75148 3.71209,
	6.66433 3.72298,
	6.57718 3.77473,
	6.5336 3.80469,
	6.51182 3.81831,
	6.49003 3.82648,
	6.44645 3.82648,
	6.42467 3.82375,
	6.40288 3.80741,
	6.40288 3.78562,
	6.40288 3.78018,
	"/>
</Transform>

<Transform dim="0"
 xcoef=" 0 1 0 0 0 0"
 ycoef=" 0 0 1 0 0 0">
<Contour name="d02ax04" hidden="false" closed="true" simplified="true" border="0 1 1" fill="0 1 1" mode="-11"
 points="6.63873 5.06233,
	6.64091 5.02749,
	6.64091 5.01878,
	6.65615 4.98395,
	6.66486 4.96653,
	6.66921 4.95782,
	6.66921 4.95346,
	6.67357 4.94911,
	6.6801 4.93169,
	6.74978 4.90556,
	6.76502 4.89032,
	6.76502 4.88597,
	6.78897 4.85113,
	6.79768 4.84242,
	6.8151 4.83371,
	6.83251 4.82936,
	6.86735 4.83153,
	6.88477 4.83806,
	6.95445 4.84024,
	6.97186 4.84024,
	7.0067 4.84895,
	7.02194 4.85984,
	7.0263 4.85984,
	7.04154 4.87508,
	7.05243 4.8925,
	7.05896 4.90992,
	7.05896 4.94475,
	7.04589 4.96217,
	7.03283 4.97524,
	6.99799 4.99919,
	6.98275 5.01008,
	6.96751 5.02532,
	6.95662 5.04274,
	6.95009 5.06015,
	6.92614 5.09499,
	6.90872 5.11241,
	6.83905 5.14725,
	6.82163 5.15813,
	6.78679 5.16467,
	6.71711 5.16249,
	6.68228 5.15378,
	6.66486 5.14289,
	6.64962 5.12547,
	6.63873 5.09064,
	6.63873 5.07322,
	6.63873 5.06451,
	"/>
</Transform>

<Transform dim="0"
 xcoef=" 0 1 0 0 0 0"
 ycoef=" 0 0 1 0 0 0">
<Contour name="d02ax04" hidden="false" closed="true" simplified="true" border="0 1 1" fill="0 1 1" mode="-11"
 points="4.98235 5.44194,
	4.99862 5.42567,
	5.01489 5.41754,
	5.27519 5.40127,
	5.34026 5.38094,
	5.3728 5.36873,
	5.43788 5.36467,
	5.50295 5.3728,
	5.53549 5.37687,
	5.60057 5.3728,
	5.66564 5.35246,
	5.79579 5.28739,
	5.82833 5.27519,
	5.89341 5.23858,
	5.91374 5.22231,
	5.94628 5.21418,
	6.01135 5.21011,
	6.04389 5.21825,
	6.10897 5.21418,
	6.23912 5.23452,
	6.30419 5.24265,
	6.33673 5.25892,
	6.36927 5.29146,
	6.3652 5.32399,
	6.35707 5.34026,
	6.32453 5.3606,
	6.25946 5.37687,
	6.24319 5.37687,
	6.21065 5.39314,
	6.14557 5.41347,
	6.11304 5.41754,
	6.04796 5.44194,
	6.01542 5.45415,
	5.99915 5.46228,
	5.869 5.46635,
	5.83646 5.47041,
	5.8202 5.47448,
	5.79172 5.49888,
	5.75919 5.50295,
	5.72665 5.49482,
	5.69411 5.49888,
	5.66157 5.51109,
	5.62904 5.53142,
	5.5965 5.53549,
	5.58023 5.53549,
	5.51515 5.56396,
	5.45008 5.58023,
	5.31993 5.59243,
	5.25485 5.59243,
	5.18978 5.5843,
	5.15724 5.58023,
	5.02709 5.53549,
	4.99862 5.51515,
	4.98641 5.49888,
	4.98235 5.46635,
	4.98235 5.45008,
	4.98235 5.44601,
	"/>
</Transform>

<Transform dim="0"
 xcoef=" 0 1 0 0 0 0"
 ycoef=" 0 0 1 0 0 0">
<Contour name="d01ax05ssrv" hidden="false" closed="true" simplified="false" border="0 1 0" fill="0 1 0" mode="-11"
 points="5.77901 4.06156,
	5.76978 4.05233,
	5.77901 4.0431,
	5.78824 4.05233,
	"/>
<Contour name="d01ax05ssrv" hidden="false" closed="true" simplified="false" border="0 1 0" fill="0 1 0" mode="-11"
 points="5.69462 4.11167,
	5.68539 4.10244,
	5.69462 4.09321,
	5.70385 4.10244,
	"/>
</Transform>

<Transform dim="0"
 xcoef=" 0 1 0 0 0 0"
 ycoef=" 0 0 1 0 0 0">
<Contour name="d02ax04ssvr" hidden="false" closed="true" simplified="false" border="0 1 0" fill="0 1 0" mode="-11"
 points="6.87169 4.92534,
	6.86059 4.91424,
	6.87169 4.90315,
	6.88278 4.91424,
	"/>
<Contour name="d02ax04ssvr" hidden="false" closed="true" simplified="false" border="0 1 0" fill="0 1 0" mode="-11"
 points="6.90497 4.94753,
	6.89388 4.93643,
	6.90497 4.92534,
	6.91607 4.93643,
	"/>
<Contour name="d02ax04ssvr" hidden="false" closed="true" simplified="false" border="0 1 0" fill="0 1 0" mode="-11"
 points="6.88437 4.99508,
	6.87327 4.98398,
	6.88437 4.97289,
	6.89546 4.98398,
	"/>
<Contour name="d02ax04ssvr" hidden="false" closed="true" simplified="false" border="0 1 0" fill="0 1 0" mode="-11"
 points="6.84157 4.99666,
	6.83048 4.98557,
	6.84157 4.97447,
	6.85267 4.98557,
	"/>
<Contour name="d02ax04ssvr" hidden="false" closed="true" simplified="false" border="0 1 0" fill="0 1 0" mode="-11"
 points="6.79878 4.93168,
	6.78769 4.92058,
	6.79878 4.90949,
	6.80988 4.92058,
	"/>
<Contour name="d02ax04ssvr" hidden="false" closed="true" simplified="false" border="0 1 0" fill="0 1 0" mode="-11"
 points="6.73855 4.99508,
	6.72746 4.98398,
	6.73855 4.97289,
	6.74965 4.98398,
	"/>
<Contour name="d02ax04ssvr" hidden="false" closed="true" simplified="false" border="0 1 0" fill="0 1 0" mode="-11"
 points="6.75123 5.03787,
	6.74014 5.02678,
	6.75123 5.01568,
	6.76233 5.02678,
	"/>
<Contour name="d02ax04ssvr" hidden="false" closed="true" simplified="false" border="0 1 0" fill="0 1 0" mode="-11"
 points="6.7021 5.08542,
	6.691 5.07433,
	6.7021 5.06323,
	6.71319 5.07433,
	"/>
<Contour name="d02ax04ssvr" hidden="false" closed="true" simplified="false" border="0 1 0" fill="0 1 0" mode="-11"
 points="6.76233 5.11236,
	6.75123 5.10127,
	6.76233 5.09018,
	6.77342 5.10127,
	"/>
<Contour name="d02ax04ssvr" hidden="false" closed="true" simplified="false" border="0 1 0" fill="0 1 0" mode="-11"
 points="6.71953 5.12346,
	6.70844 5.11236,
	6.71953 5.10127,
	6.73063 5.11236,
	"/>
<Contour name="d02ax04ssvr" hidden="false" closed="true" simplified="false" border="0 1 0" fill="0 1 0" mode="-11"
 points="6.81463 5.0775,
	6.80354 5.0664,
	6.81463 5.05531,
	6.82573 5.0664,
	"/>
<Contour name="d02ax04ssvr" hidden="false" closed="true" simplified="false" border="0 1 0" fill="0 1 0" mode="-11"
 points="6.8289 5.04104,
	6.8178 5.02995,
	6.8289 5.01885,
	6.83999 5.02995,
	"/>
<Contour name="d02ax04ssvr" hidden="false" closed="true" simplified="false" border="0 1 0" fill="0 1 0" mode="-11"
 points="6.87961 5.03629,
	6.86852 5.02519,
	6.87961 5.0141,
	6.89071 5.02519,
	"/>
<Contour name="d02ax04ssvr" hidden="false" closed="true" simplified="false" border="0 1 0" fill="0 1 0" mode="-11"
 points="6.89546 5.08542,
	6.88437 5.07433,
	6.89546 5.06323,
	6.90656 5.07433,
	"/>
<Contour name="d02ax04ssvr" hidden="false" closed="true" simplified="false" border="0 1 0" fill="0 1 0" mode="-11"
 points="6.93984 5.00617,
	6.92875 4.99508,
	6.93984 4.98398,
	6.95094 4.99508,
	"/>
</Transform>

</Section>