<?xml version="1.0"?>
<!DOCTYPE Section SYSTEM "section.dtd">

<Section index="43" thickness="0.0532092" alignLocked="true">
<Transform dim="0"
 xcoef=" 0 1 0 0 0 0"
 ycoef=" 0 0 1 0 0 0">
<Contour name="Ax03" hidden="false" closed="true" simplified="true" border="1 0 0.5" fill="1 0 0.5" mode="-11"
 points="5.98752 5.02438,
	6.01561 4.99628,
	6.07982 4.97221,
	6.09587 4.96418,
	6.16008 4.96819,
	6.17613 4.97622,
	6.18817 5.00832,
	6.18817 5.02438,
	6.18014 5.04043,
	6.14804 5.06852,
	6.13199 5.08056,
	6.06778 5.08859,
	6.03567 5.08859,
	6.00758 5.07253,
	5.99554 5.05648,
	5.98752 5.04845,
	5.98752 5.0324,
	5.98752 5.02839,
	"/>
</Transform>

<Transform dim="0"
 xcoef=" 0 1 0 0 0 0"
 ycoef=" 0 0 1 0 0 0">
<Contour name="Ax06" hidden="false" closed="true" simplified="true" border="0 0 1" fill="0 0 1" mode="11"
 points="3.67771 0.770696,
	3.68447 0.757175,
	3.69461 0.703091,
	3.69799 0.649007,
	3.70137 0.635486,
	3.71489 0.621965,
	3.76897 0.598304,
	3.79602 0.584783,
	3.8501 0.574642,
	3.86362 0.574642,
	3.89066 0.584783,
	3.93799 0.618585,
	3.96165 0.642247,
	3.97179 0.669289,
	3.97855 0.68281,
	3.99207 0.696331,
	3.99883 0.709852,
	3.99883 0.736894,
	3.99207 0.750415,
	3.98531 0.757175,
	3.97517 0.811259,
	3.97179 0.838301,
	3.95489 0.865343,
	3.93123 0.889005,
	3.90418 0.899145,
	3.89066 0.905906,
	3.86362 0.909286,
	3.81292 0.943089,
	3.78588 0.953229,
	3.75883 0.95661,
	3.74531 0.953229,
	3.72165 0.932948,
	3.69461 0.878864,
	3.69461 0.851822,
	3.68447 0.82478,
	3.67771 0.811259,
	3.67771 0.784217,
	3.67771 0.774076,
	"/>
</Transform>

<Transform dim="0"
 xcoef=" 0 1 0 0 0 0"
 ycoef=" 0 0 1 0 0 0">
<Contour name="d01" hidden="false" closed="true" simplified="true" border="1 0.5 0" fill="1 0.5 0" mode="9"
 points="5.72285 5.09154,
	5.74082 5.07615,
	5.75108 5.07101,
	5.77161 5.07101,
	5.85373 5.05818,
	5.87426 5.05818,
	5.88453 5.05818,
	5.92559 5.07871,
	5.94612 5.08384,
	5.98718 5.08384,
	6.0693 5.09154,
	6.08983 5.09411,
	6.1001 5.09154,
	6.12063 5.09411,
	6.1309 5.09668,
	6.14886 5.11207,
	6.16682 5.15313,
	6.16426 5.17366,
	6.14116 5.21216,
	6.12576 5.23012,
	6.1155 5.23526,
	6.11036 5.24039,
	6.02824 5.24039,
	6.01798 5.24039,
	6.00771 5.24552,
	5.96665 5.25322,
	5.92559 5.25322,
	5.90506 5.24809,
	5.88453 5.23782,
	5.80241 5.23012,
	5.78188 5.21729,
	5.77161 5.21216,
	5.73568 5.1711,
	5.73568 5.16597,
	5.73055 5.16083,
	5.72285 5.11977,
	5.72285 5.09924,
	5.72285 5.09411,
	"/>
<Contour name="d01" hidden="false" closed="true" simplified="true" border="1 0.5 0" fill="1 0.5 0" mode="9"
 points="5.15057 4.81438,
	5.1557 4.80412,
	5.17623 4.78872,
	5.18136 4.78359,
	5.19163 4.78102,
	5.23269 4.75536,
	5.27375 4.73739,
	5.31481 4.7143,
	5.33534 4.70403,
	5.41746 4.68607,
	5.43799 4.67837,
	5.45852 4.66554,
	5.46879 4.66297,
	5.48162 4.64244,
	5.48419 4.63217,
	5.48675 4.62704,
	5.48162 4.61678,
	5.46109 4.60908,
	5.42003 4.60395,
	5.37897 4.60395,
	5.33791 4.61678,
	5.31738 4.62191,
	5.31224 4.62704,
	5.30711 4.62704,
	5.28658 4.64757,
	5.27375 4.6681,
	5.26349 4.6758,
	5.24809 4.65784,
	5.22756 4.63731,
	5.20446 4.59625,
	5.20189 4.58598,
	5.21729 4.56802,
	5.23782 4.56032,
	5.27888 4.56545,
	5.29941 4.57058,
	5.31994 4.56802,
	5.33021 4.56288,
	5.34047 4.55262,
	5.34047 4.54749,
	5.35074 4.53979,
	5.37127 4.53466,
	5.41233 4.53722,
	5.43286 4.54492,
	5.44313 4.55005,
	5.52525 4.55005,
	5.56631 4.54235,
	5.58684 4.53466,
	5.60737 4.53209,
	5.64843 4.53979,
	5.73055 4.54492,
	5.77161 4.55262,
	5.81267 4.55519,
	5.8332 4.56032,
	5.87426 4.56032,
	5.95639 4.54749,
	5.96665 4.54492,
	5.97178 4.53979,
	5.99231 4.53466,
	5.99745 4.52952,
	6.00771 4.52696,
	6.01285 4.52696,
	6.02311 4.51926,
	6.04364 4.51412,
	6.0847 4.48846,
	6.12576 4.45767,
	6.13603 4.4551,
	6.14629 4.4474,
	6.18735 4.43714,
	6.20788 4.43714,
	6.21815 4.44483,
	6.21815 4.46537,
	6.21558 4.47563,
	6.20788 4.4859,
	6.20275 4.50643,
	6.21045 4.52696,
	6.23611 4.56802,
	6.25664 4.58598,
	6.28744 4.62704,
	6.30797 4.6681,
	6.3131 4.68863,
	6.30797 4.72969,
	6.3054 4.73996,
	6.29001 4.76049,
	6.28487 4.77076,
	6.27974 4.77589,
	6.28231 4.79642,
	6.30284 4.80925,
	6.30797 4.81438,
	6.3054 4.82465,
	6.2977 4.83491,
	6.25664 4.85288,
	6.21558 4.86314,
	6.17452 4.86058,
	6.15399 4.85544,
	6.11293 4.86058,
	6.07187 4.87597,
	5.98975 4.88367,
	5.96922 4.88111,
	5.94869 4.88367,
	5.94356 4.88367,
	5.93329 4.89137,
	5.91276 4.8965,
	5.8717 4.8965,
	5.83064 4.88881,
	5.81011 4.88624,
	5.79984 4.88624,
	5.75878 4.9042,
	5.74852 4.90677,
	5.74338 4.90677,
	5.73312 4.91447,
	5.71259 4.9196,
	5.70232 4.92217,
	5.66126 4.96066,
	5.651 4.97093,
	5.64586 4.97093,
	5.64073 4.97606,
	5.55861 4.98119,
	5.54834 4.98119,
	5.52781 4.99146,
	5.52268 4.99146,
	5.51755 4.99659,
	5.47649 5.00429,
	5.43543 4.99916,
	5.42516 4.99659,
	5.3841 4.9581,
	5.36614 4.94013,
	5.35587 4.92987,
	5.31481 4.9119,
	5.27375 4.88367,
	5.25322 4.86827,
	5.21216 4.86571,
	5.19163 4.86314,
	5.1711 4.85544,
	5.1557 4.83491,
	5.15057 4.82465,
	5.15057 4.81695,
	"/>
</Transform>

<Transform dim="0"
 xcoef=" 0 1 0 0 0 0"
 ycoef=" 0 0 1 0 0 0">
<Contour name="d01p12" hidden="false" closed="true" simplified="false" border="0.5 0 1" fill="0.5 0 1" mode="-13"
 points="6.11188 4.54178,
	6.10216 4.53855,
	6.11188 4.53531,
	6.1054 4.52559,
	6.11511 4.53207,
	6.11835 4.52235,
	6.12159 4.53207,
	6.13131 4.52559,
	6.12483 4.53531,
	6.13455 4.53855,
	6.12483 4.54178,
	6.13131 4.5515,
	6.12159 4.54502,
	6.11835 4.55474,
	6.11511 4.54502,
	6.1054 4.5515,
	"/>
</Transform>

<Transform dim="0"
 xcoef=" 0 1 0 0 0 0"
 ycoef=" 0 0 1 0 0 0">
<Contour name="d01c11" hidden="false" closed="true" simplified="true" border="0 1 0" fill="0 1 0" mode="9"
 points="5.76651 5.21638,
	5.77633 5.20656,
	5.78943 5.20656,
	5.79598 5.21147,
	5.82218 5.21638,
	5.83528 5.21638,
	5.88767 5.22784,
	5.91387 5.23112,
	5.94006 5.23112,
	5.99246 5.22457,
	6.00555 5.21966,
	6.00883 5.21966,
	6.0121 5.21638,
	6.0645 5.21638,
	6.09069 5.2213,
	6.09888 5.22948,
	6.09724 5.24258,
	6.08578 5.25404,
	6.08251 5.25732,
	6.06941 5.26059,
	6.05631 5.26059,
	6.03011 5.2655,
	6.00392 5.26714,
	5.97772 5.27205,
	5.95152 5.27369,
	5.93843 5.27533,
	5.91223 5.27205,
	5.88603 5.26223,
	5.87293 5.25568,
	5.82054 5.2524,
	5.80744 5.24749,
	5.80089 5.24585,
	5.79762 5.24585,
	5.79107 5.24094,
	5.78452 5.23931,
	5.77142 5.22948,
	5.76651 5.22293,
	5.76651 5.21802,
	"/>
<Contour name="d01cfa11" hidden="false" closed="false" simplified="false" border="0 1 1" fill="0 1 1" mode="-9"
 points="6.09801 5.2409,
	6.03088 5.24253,
	5.97685 5.25236,
	5.92282 5.25563,
	5.88353 5.24253,
	5.86716 5.23762,
	5.81149 5.23107,
	5.77383 5.2147,
	"/>
</Transform>

<Transform dim="0"
 xcoef=" 0 1 0 0 0 0"
 ycoef=" 0 0 1 0 0 0">
<Contour name="d03" hidden="false" closed="true" simplified="true" border="1 0 0.5" fill="1 0 0.5" mode="9"
 points="8.34058 4.68681,
	8.35526 4.66333,
	8.40221 4.62518,
	8.42275 4.61344,
	8.44623 4.60757,
	8.46971 4.60757,
	8.49319 4.61344,
	8.5871 4.59877,
	8.63406 4.5929,
	8.63993 4.58703,
	8.73384 4.56061,
	8.7808 4.55181,
	8.80427 4.54594,
	8.81014 4.54007,
	8.8571 4.5254,
	8.88058 4.52246,
	8.89232 4.51659,
	8.93927 4.51659,
	8.96275 4.51366,
	8.98623 4.52246,
	9.00384 4.54301,
	9.00971 4.55474,
	9.00677 4.57822,
	8.99503 4.6017,
	8.9921 4.64866,
	8.98329 4.6604,
	8.98036 4.68387,
	8.97742 4.69561,
	8.97742 4.70148,
	8.89232 4.78072,
	8.86884 4.79833,
	8.8571 4.8042,
	8.81014 4.80713,
	8.76319 4.82181,
	8.71623 4.83061,
	8.69275 4.83355,
	8.6458 4.82768,
	8.63406 4.82181,
	8.5871 4.81594,
	8.54015 4.81594,
	8.51667 4.81594,
	8.46971 4.80713,
	8.42275 4.8042,
	8.3758 4.78952,
	8.36406 4.78366,
	8.34939 4.76018,
	8.34645 4.7367,
	8.34645 4.72496,
	8.34058 4.71322,
	8.34058 4.68974,
	"/>
<Contour name="d03" hidden="false" closed="true" simplified="true" border="1 0 0.5" fill="1 0 0.5" mode="9"
 points="7.80352 3.60975,
	7.81526 3.58627,
	7.82113 3.5628,
	7.82113 3.55106,
	7.827 3.54519,
	7.827 3.52171,
	7.81819 3.49823,
	7.81819 3.47475,
	7.82113 3.46301,
	7.83287 3.45421,
	7.85635 3.45128,
	7.87982 3.46008,
	7.92678 3.46888,
	7.95026 3.47182,
	7.97374 3.48649,
	7.97961 3.48649,
	8.00015 3.5041,
	8.00602 3.51584,
	8.01776 3.52758,
	8.0295 3.54812,
	8.04124 3.55986,
	8.04711 3.55986,
	8.07058 3.5804,
	8.08526 3.60095,
	8.09113 3.60682,
	8.09406 3.61856,
	8.12047 3.66551,
	8.12341 3.68899,
	8.11461 3.70073,
	8.09113 3.7154,
	8.04417 3.73008,
	8.02069 3.73301,
	7.97374 3.74769,
	7.92678 3.74769,
	7.9033 3.74475,
	7.89156 3.73888,
	7.88569 3.73888,
	7.86515 3.72127,
	7.84167 3.7154,
	7.82993 3.7066,
	7.827 3.68312,
	7.81233 3.65964,
	7.80352 3.63616,
	7.80352 3.61269,
	"/>
<Contour name="d03" hidden="false" closed="true" simplified="true" border="1 0 0.5" fill="1 0 0.5" mode="9"
 points="7.5482 4.03236,
	7.557 4.02062,
	7.58048 4.01181,
	7.62744 4.01475,
	7.65091 4.01768,
	7.66265 4.02062,
	7.67439 4.01768,
	7.68026 4.01768,
	7.692 4.00888,
	7.69787 3.99714,
	7.69787 3.99127,
	7.70374 3.9854,
	7.71254 3.96192,
	7.71841 3.95018,
	7.71841 3.92671,
	7.72428 3.91497,
	7.76537 3.87681,
	7.81233 3.85627,
	7.82406 3.85921,
	7.85048 3.90616,
	7.87102 3.92377,
	7.8945 3.93551,
	7.90624 3.93551,
	7.91798 3.92964,
	7.96493 3.92377,
	7.98841 3.9179,
	8.08232 3.92084,
	8.1058 3.91203,
	8.12928 3.91203,
	8.15276 3.9179,
	8.17624 3.9179,
	8.22319 3.92671,
	8.23493 3.92964,
	8.27895 3.96192,
	8.29656 3.9854,
	8.34352 4.00888,
	8.35526 4.01475,
	8.36112 4.01475,
	8.36699 4.02062,
	8.37873 4.02355,
	8.40221 4.03823,
	8.41395 4.04703,
	8.41689 4.05877,
	8.42275 4.06464,
	8.42275 4.08812,
	8.41982 4.09986,
	8.39928 4.12333,
	8.39047 4.13507,
	8.38754 4.15855,
	8.39341 4.17029,
	8.41395 4.19377,
	8.41395 4.21725,
	8.40808 4.24072,
	8.38754 4.26127,
	8.38167 4.26714,
	8.38754 4.31409,
	8.39634 4.32583,
	8.40515 4.34931,
	8.40221 4.39627,
	8.40808 4.40801,
	8.40808 4.43148,
	8.39047 4.47844,
	8.39634 4.50192,
	8.40221 4.51072,
	8.42569 4.5254,
	8.43156 4.53714,
	8.42862 4.56061,
	8.41395 4.58116,
	8.39047 4.60463,
	8.36699 4.62224,
	8.35526 4.63105,
	8.33471 4.67507,
	8.32004 4.69855,
	8.3171 4.72203,
	8.3171 4.73376,
	8.34352 4.78072,
	8.35232 4.79246,
	8.35232 4.8042,
	8.35232 4.81007,
	8.34352 4.81887,
	8.33765 4.84235,
	8.35232 4.86289,
	8.36406 4.86876,
	8.36993 4.87463,
	8.3758 4.87463,
	8.38167 4.8805,
	8.39341 4.88344,
	8.43743 4.92452,
	8.44623 4.948,
	8.44036 4.97148,
	8.43449 4.98322,
	8.43743 5.0067,
	8.44917 5.03017,
	8.45504 5.04191,
	8.46091 5.04778,
	8.46091 5.05365,
	8.46971 5.06539,
	8.47558 5.11235,
	8.47558 5.12409,
	8.50493 5.17104,
	8.50199 5.218,
	8.49025 5.2268,
	8.4433 5.22974,
	8.43156 5.23561,
	8.33765 5.2268,
	8.29069 5.22093,
	8.26721 5.21213,
	8.26134 5.21213,
	8.2496 5.20333,
	8.23787 5.20039,
	8.21732 5.17985,
	8.21732 5.15637,
	8.22319 5.14463,
	8.21439 5.09767,
	8.21732 5.0742,
	8.22906 5.05072,
	8.22906 5.04485,
	8.23493 5.03898,
	8.232 5.02724,
	8.21732 5.00376,
	8.22026 4.98028,
	8.232 4.97148,
	8.27895 4.96854,
	8.28189 4.948,
	8.27602 4.92452,
	8.27015 4.91865,
	8.27015 4.91278,
	8.22906 4.86876,
	8.20852 4.84822,
	8.19971 4.83648,
	8.19091 4.78952,
	8.19091 4.76605,
	8.19678 4.74257,
	8.19384 4.71909,
	8.18504 4.70735,
	8.17917 4.68387,
	8.15863 4.6604,
	8.14102 4.64572,
	8.12928 4.63692,
	8.12341 4.63692,
	8.11167 4.62811,
	8.06471 4.60757,
	8.05591 4.59877,
	8.05298 4.58703,
	8.03243 4.56648,
	8.02069 4.55768,
	7.97374 4.55474,
	7.95026 4.55474,
	7.85635 4.54007,
	7.80939 4.54301,
	7.71548 4.53714,
	7.66852 4.5342,
	7.65678 4.53127,
	7.63624 4.51072,
	7.63917 4.48724,
	7.63917 4.47551,
	7.65678 4.45203,
	7.66559 4.40507,
	7.67146 4.38159,
	7.66852 4.33464,
	7.66559 4.3229,
	7.64504 4.31409,
	7.63917 4.30822,
	7.59222 4.30529,
	7.58048 4.30235,
	7.57461 4.30235,
	7.56287 4.29355,
	7.55407 4.27007,
	7.557 4.24659,
	7.57461 4.19964,
	7.58341 4.17616,
	7.58635 4.1292,
	7.56287 4.08225,
	7.5482 4.05877,
	7.5482 4.03529,
	"/>
</Transform>

<Transform dim="0"
 xcoef=" 0 1 0 0 0 0"
 ycoef=" 0 0 1 0 0 0">
<Contour name="d03p06" hidden="false" closed="true" simplified="false" border="0 0 1" fill="0 0 1" mode="-9"
 points="7.79947 3.94091,
	7.77893 3.92036,
	7.79947 3.89982,
	7.82001 3.92036,
	"/>
</Transform>

<Transform dim="0"
 xcoef=" 0 1 0 0 0 0"
 ycoef=" 0 0 1 0 0 0">
<Contour name="d03p07" hidden="false" closed="true" simplified="false" border="1 0 1" fill="1 0 1" mode="-9"
 points="8.22794 4.65405,
	8.22794 4.64231,
	8.23968 4.63058,
	8.25142 4.63058,
	8.26316 4.64231,
	8.26316 4.65405,
	8.25142 4.66579,
	8.23968 4.66579,
	"/>
</Transform>

<Transform dim="0"
 xcoef=" 0 1 0 0 0 0"
 ycoef=" 0 0 1 0 0 0">
<Contour name="d03c04" hidden="false" closed="true" simplified="true" border="0 1 0" fill="0 1 0" mode="9"
 points="8.47476 4.59522,
	8.48249 4.58492,
	8.48763 4.58234,
	8.49793 4.58749,
	8.50308 4.58749,
	8.50823 4.59264,
	8.54942 4.59007,
	8.59061 4.58234,
	8.59576 4.58234,
	8.60091 4.5772,
	8.68329 4.54888,
	8.70388 4.5463,
	8.71418 4.54115,
	8.75537 4.53343,
	8.77596 4.53086,
	8.78626 4.52828,
	8.79141 4.52828,
	8.79656 4.52313,
	8.83775 4.51541,
	8.85834 4.50769,
	8.87894 4.50511,
	8.89953 4.51026,
	8.90468 4.51541,
	8.90211 4.53601,
	8.88923 4.5566,
	8.86864 4.57205,
	8.82745 4.58234,
	8.81715 4.58234,
	8.80685 4.58749,
	8.78626 4.59007,
	8.77596 4.59522,
	8.76566 4.59522,
	8.75537 4.60037,
	8.73477 4.60294,
	8.72448 4.60294,
	8.71418 4.60809,
	8.6318 4.62353,
	8.59061 4.63383,
	8.54942 4.63641,
	8.50823 4.63383,
	8.49793 4.63383,
	8.47734 4.62096,
	8.47476 4.60037,
	8.47476 4.59779,
	"/>
<Contour name="d03cfa04" hidden="false" closed="false" simplified="false" border="0 1 1" fill="0 1 1" mode="-9"
 points="8.47565 4.61297,
	8.52713 4.62069,
	8.61466 4.60524,
	8.71249 4.57693,
	8.82576 4.54861,
	8.90042 4.52286,
	"/>
</Transform>

<Transform dim="0"
 xcoef=" 0 1 0 0 0 0"
 ycoef=" 0 0 1 0 0 0">
<Contour name="d03c06" hidden="false" closed="true" simplified="true" border="0 1 0" fill="0 1 0" mode="9"
 points="8.01138 3.53716,
	8.02168 3.52944,
	8.03197 3.53201,
	8.07316 3.55518,
	8.08604 3.57577,
	8.08604 3.58092,
	8.11435 3.61954,
	8.11435 3.62469,
	8.1195 3.62983,
	8.1195 3.63498,
	8.12465 3.64013,
	8.12465 3.66073,
	8.1195 3.66588,
	8.10921 3.66588,
	8.08861 3.653,
	8.07831 3.63241,
	8.06287 3.61439,
	8.02425 3.57835,
	8.01138 3.56033,
	8.01138 3.53973,
	"/>
<Contour name="d03cfa06" hidden="false" closed="false" simplified="false" border="0 1 1" fill="0 1 1" mode="-9"
 points="8.12039 3.65531,
	8.08692 3.60125,
	8.02514 3.53946,
	"/>
</Transform>

<Transform dim="0"
 xcoef=" 0 1 0 0 0 0"
 ycoef=" 0 0 1 0 0 0">
<Contour name="d04" hidden="false" closed="true" simplified="true" border="1 0 0" fill="1 0 0" mode="9"
 points="4.16644 6.19242,
	4.18074 6.16953,
	4.18933 6.14664,
	4.20364 6.12661,
	4.22367 6.11516,
	4.24656 6.09799,
	4.25228 6.09227,
	4.25228 6.08082,
	4.23797 6.06079,
	4.22939 6.04934,
	4.22939 6.0379,
	4.24942 6.02359,
	4.29521 6.01214,
	4.47835 6.02073,
	4.56992 6.02073,
	4.6157 6.02359,
	4.70727 6.01787,
	4.75306 6.01787,
	4.84463 6.00642,
	4.89041 6.00642,
	4.9362 6.01501,
	4.95909 6.01787,
	4.97053 6.01787,
	4.98198 6.02359,
	5.00487 6.02359,
	5.05066 6.04362,
	5.09358 6.0751,
	5.11361 6.12088,
	5.1222 6.14378,
	5.1594 6.18956,
	5.1966 6.22676,
	5.21949 6.24679,
	5.26528 6.27541,
	5.28817 6.28972,
	5.3082 6.30975,
	5.31678 6.32119,
	5.32537 6.34408,
	5.3454 6.35839,
	5.36829 6.37842,
	5.37115 6.38987,
	5.39405 6.40418,
	5.40549 6.41276,
	5.41694 6.41562,
	5.46272 6.44138,
	5.55429 6.44424,
	5.60008 6.43565,
	5.64586 6.43565,
	5.69165 6.44424,
	5.73743 6.45855,
	5.74888 6.46141,
	5.7546 6.46141,
	5.76605 6.46999,
	5.7775 6.47286,
	5.78322 6.47858,
	5.80611 6.48144,
	5.89768 6.51864,
	5.92057 6.53295,
	5.94347 6.54153,
	5.94919 6.54726,
	5.96064 6.55012,
	5.97208 6.5587,
	5.98067 6.58159,
	5.97494 6.60449,
	5.96636 6.61593,
	5.94347 6.62166,
	5.8519 6.62738,
	5.829 6.62738,
	5.78322 6.64169,
	5.73743 6.64455,
	5.69165 6.63883,
	5.66876 6.63596,
	5.57719 6.60449,
	5.56574 6.60163,
	5.52282 6.57301,
	5.49992 6.5587,
	5.47703 6.55012,
	5.45414 6.54726,
	5.40835 6.53295,
	5.38832 6.51864,
	5.3826 6.51292,
	5.37115 6.51006,
	5.35971 6.50147,
	5.33681 6.49289,
	5.29103 6.4843,
	5.27958 6.48144,
	5.2338 6.49575,
	5.14223 6.48716,
	5.13078 6.48716,
	5.08786 6.45569,
	5.06497 6.45855,
	5.01918 6.47286,
	4.92761 6.46141,
	4.92189 6.45569,
	4.8761 6.45282,
	4.85321 6.45282,
	4.80743 6.43852,
	4.8017 6.43852,
	4.77881 6.42135,
	4.76736 6.4099,
	4.74447 6.39845,
	4.6529 6.38987,
	4.60712 6.38415,
	4.56133 6.38415,
	4.54988 6.37842,
	4.53844 6.36698,
	4.51841 6.35839,
	4.49552 6.35553,
	4.44973 6.3355,
	4.40395 6.32692,
	4.38105 6.32119,
	4.33527 6.30116,
	4.32382 6.2983,
	4.31238 6.28972,
	4.30093 6.28685,
	4.27804 6.29258,
	4.25514 6.29258,
	4.2437 6.29258,
	4.19791 6.26396,
	4.17788 6.24107,
	4.1693 6.22962,
	4.16644 6.20673,
	4.16644 6.19528,
	"/>
</Transform>

<Transform dim="0"
 xcoef=" 0 1 0 0 0 0"
 ycoef=" 0 0 1 0 0 0">
<Contour name="d04" hidden="false" closed="true" simplified="true" border="1 0 0" fill="1 0 0" mode="9"
 points="4.85035 5.69165,
	4.87324 5.67162,
	4.91903 5.67448,
	4.96481 5.69451,
	4.97626 5.70023,
	4.98198 5.70023,
	5.00201 5.71454,
	5.0106 5.72313,
	5.01632 5.72313,
	5.03921 5.73743,
	5.085 5.74602,
	5.09644 5.74602,
	5.10789 5.75174,
	5.13078 5.75174,
	5.15367 5.75746,
	5.16226 5.76033,
	5.1594 5.76605,
	5.20232 5.78608,
	5.20804 5.7918,
	5.25383 5.80039,
	5.29961 5.8147,
	5.31106 5.8147,
	5.32251 5.82614,
	5.32537 5.83759,
	5.31678 5.84903,
	5.271 5.86334,
	5.08786 5.85762,
	5.06497 5.85762,
	5.01918 5.84045,
	4.99629 5.83759,
	4.9734 5.82614,
	4.9505 5.80897,
	4.94192 5.79753,
	4.9362 5.7918,
	4.92475 5.78894,
	4.88183 5.74602,
	4.8618 5.72599,
	4.85321 5.71454,
	4.85035 5.69451,
	"/>
</Transform>

<Transform dim="0"
 xcoef=" 0 1 0 0 0 0"
 ycoef=" 0 0 1 0 0 0">
<Contour name="d04p07" hidden="false" closed="true" simplified="false" border="1 0 1" fill="1 0 1" mode="-9"
 points="5.25938 6.42022,
	5.25938 6.40877,
	5.27083 6.39732,
	5.28228 6.39732,
	5.29373 6.40877,
	5.29373 6.42022,
	5.28228 6.43167,
	5.27083 6.43167,
	"/>
<Contour name="d04p08" hidden="false" closed="true" simplified="false" border="1 0 0" fill="1 0 0" mode="-9"
 points="5.01897 6.07391,
	5.00179 6.07391,
	5.00179 6.08249,
	5.01038 6.09108,
	5.03614 6.09966,
	5.01897 6.10825,
	5.01038 6.12542,
	4.99321 6.10825,
	4.98462 6.09108,
	4.98462 6.07391,
	4.96745 6.07391,
	4.99321 6.05673,
	"/>
</Transform>

<Transform dim="0"
 xcoef=" 0 1 0 0 0 0"
 ycoef=" 0 0 1 0 0 0">
<Contour name="d02" hidden="false" closed="true" simplified="true" border="0.5 0 1" fill="0.5 0 1" mode="9"
 points="7.74724 5.41508,
	7.75391 5.39731,
	7.75835 5.38842,
	7.75835 5.38398,
	7.76279 5.38176,
	7.76279 5.37732,
	7.76946 5.36843,
	7.77168 5.35955,
	7.78278 5.34178,
	7.78722 5.33289,
	7.80499 5.31513,
	7.83831 5.29514,
	7.86941 5.26626,
	7.88495 5.2596,
	7.89828 5.24627,
	7.90494 5.23739,
	7.92271 5.23294,
	7.94048 5.23516,
	7.95825 5.23294,
	7.97602 5.22406,
	7.99379 5.21962,
	8.06486 5.21295,
	8.1004 5.2174,
	8.11817 5.2174,
	8.12705 5.21962,
	8.16037 5.24849,
	8.17592 5.26182,
	8.20479 5.29514,
	8.23811 5.32845,
	8.26032 5.39953,
	8.27365 5.41508,
	8.2892 5.42618,
	8.29808 5.43062,
	8.30697 5.44839,
	8.30919 5.46616,
	8.30474 5.48393,
	8.2892 5.49726,
	8.28031 5.5017,
	8.24477 5.5017,
	8.1737 5.5128,
	8.16481 5.51725,
	8.09374 5.52391,
	8.0582 5.52835,
	8.02266 5.52835,
	7.98712 5.53502,
	7.96936 5.54168,
	7.93382 5.5439,
	7.89828 5.53946,
	7.8272 5.53946,
	7.81832 5.53502,
	7.80055 5.53279,
	7.78278 5.52613,
	7.77834 5.52391,
	7.77612 5.51503,
	7.76946 5.50836,
	7.76723 5.49948,
	7.76279 5.49504,
	7.75613 5.4595,
	7.75391 5.44173,
	7.74724 5.42396,
	7.74724 5.4173,
	"/>
<Contour name="d02" hidden="false" closed="true" simplified="true" border="0.5 0 1" fill="0.5 0 1" mode="9"
 points="6.22356 5.12633,
	6.228 5.11745,
	6.26354 5.10412,
	6.28131 5.09746,
	6.28575 5.09301,
	6.30352 5.08635,
	6.30796 5.08635,
	6.31241 5.08191,
	6.32129 5.07969,
	6.32795 5.07302,
	6.3324 5.07302,
	6.35016 5.05525,
	6.35905 5.04859,
	6.36349 5.03971,
	6.36793 5.03526,
	6.36793 5.03082,
	6.43235 4.96863,
	6.44789 4.95753,
	6.46344 4.93976,
	6.4701 4.92199,
	6.47455 4.9131,
	6.48343 4.90422,
	6.51897 4.89311,
	6.55451 4.87757,
	6.57228 4.86424,
	6.58116 4.85758,
	6.6167 4.85091,
	6.63447 4.84869,
	6.67 4.85313,
	6.68777 4.85758,
	6.82992 4.8598,
	6.86546 4.86646,
	6.901 4.86202,
	6.93654 4.86202,
	6.97208 4.85535,
	7.00761 4.84425,
	7.02538 4.83981,
	7.09646 4.83759,
	7.11423 4.83759,
	7.12311 4.83759,
	7.14088 4.84647,
	7.14976 4.85535,
	7.15421 4.86202,
	7.16309 4.86646,
	7.23417 4.86868,
	7.30524 4.88867,
	7.31413 4.89311,
	7.3852 4.89311,
	7.42074 4.88645,
	7.43851 4.88201,
	7.44739 4.87757,
	7.51847 4.87312,
	7.55401 4.87534,
	7.58955 4.89089,
	7.62286 4.91977,
	7.63175 4.92421,
	7.64063 4.93309,
	7.64952 4.93531,
	7.68061 4.96419,
	7.6895 4.96863,
	7.71837 4.99751,
	7.72725 5.00195,
	7.7317 5.00639,
	7.73614 5.00639,
	7.75169 5.01972,
	7.75613 5.02416,
	7.76279 5.04193,
	7.76723 5.05081,
	7.76723 5.05525,
	7.77168 5.0597,
	7.7739 5.06858,
	7.7739 5.07302,
	7.77834 5.07747,
	7.785 5.09301,
	7.81832 5.11522,
	7.8272 5.12189,
	7.82498 5.15743,
	7.82276 5.16631,
	7.78945 5.1863,
	7.78278 5.20407,
	7.78056 5.22184,
	7.77834 5.23072,
	7.77834 5.23516,
	7.76946 5.24183,
	7.74724 5.2707,
	7.73836 5.27292,
	7.73614 5.27737,
	7.71837 5.28181,
	7.69172 5.30624,
	7.67839 5.32401,
	7.67173 5.34178,
	7.66951 5.35955,
	7.66728 5.36843,
	7.66284 5.37287,
	7.66284 5.37732,
	7.63619 5.40841,
	7.6273 5.41508,
	7.61842 5.4173,
	7.60065 5.4284,
	7.59177 5.43284,
	7.58288 5.44839,
	7.58288 5.45283,
	7.574 5.4595,
	7.55623 5.46616,
	7.55179 5.4706,
	7.55179 5.47505,
	7.54734 5.47949,
	7.54512 5.48837,
	7.53846 5.49726,
	7.46738 5.49948,
	7.44962 5.49948,
	7.41408 5.5128,
	7.39631 5.51947,
	7.37854 5.51725,
	7.36966 5.51725,
	7.36077 5.51058,
	7.35633 5.51058,
	7.35189 5.50614,
	7.31635 5.49948,
	7.29858 5.49948,
	7.26304 5.51503,
	7.24527 5.52391,
	7.23639 5.53057,
	7.21862 5.53724,
	7.20085 5.53502,
	7.19197 5.53502,
	7.15643 5.5128,
	7.08535 5.49281,
	7.07647 5.49281,
	7.07203 5.48837,
	7.05426 5.48615,
	6.98318 5.46394,
	6.96541 5.45728,
	6.94764 5.45506,
	6.93876 5.45061,
	6.86768 5.44839,
	6.84991 5.44395,
	6.70776 5.43951,
	6.63669 5.44395,
	6.60115 5.44395,
	6.56561 5.43729,
	6.55673 5.43284,
	6.55229 5.43284,
	6.53452 5.42174,
	6.52563 5.4173,
	6.52341 5.41285,
	6.51897 5.41285,
	6.48343 5.39286,
	6.47455 5.38842,
	6.45678 5.38842,
	6.42124 5.40175,
	6.40347 5.40841,
	6.3857 5.40841,
	6.37682 5.40841,
	6.36793 5.40397,
	6.35905 5.40397,
	6.32351 5.38842,
	6.30574 5.37732,
	6.29242 5.35955,
	6.29019 5.35066,
	6.29019 5.34622,
	6.28575 5.34178,
	6.28131 5.32401,
	6.2702 5.30846,
	6.25466 5.29514,
	6.24799 5.27959,
	6.24577 5.26182,
	6.25244 5.22628,
	6.25244 5.22184,
	6.24133 5.20407,
	6.23689 5.19518,
	6.23689 5.17742,
	6.22356 5.14188,
	6.22356 5.13299,
	6.22356 5.12855,
	"/>
</Transform>

<Transform dim="0"
 xcoef=" 0 1 0 0 0 0"
 ycoef=" 0 0 1 0 0 0">
<Contour name="d02" hidden="false" closed="true" simplified="true" border="0.5 0 1" fill="0.5 0 1" mode="9"
 points="5.73897 4.47816,
	5.7455 4.47162,
	5.75203 4.44549,
	5.78143 4.39323,
	5.79123 4.38017,
	5.79776 4.37363,
	5.80429 4.37363,
	5.83042 4.32791,
	5.84676 4.30177,
	5.87289 4.30177,
	5.89902 4.31157,
	5.92515 4.32791,
	5.94148 4.35077,
	5.93821 4.3769,
	5.93821 4.38997,
	5.95454 4.41283,
	5.97741 4.42916,
	5.99047 4.43569,
	6.04274 4.43569,
	6.06887 4.44223,
	6.0754 4.44876,
	6.0754 4.46183,
	6.0754 4.46836,
	6.04927 4.48796,
	6.0362 4.49776,
	5.98394 4.51082,
	5.93168 4.54348,
	5.82716 4.54675,
	5.7749 4.54022,
	5.76183 4.53368,
	5.74223 4.51082,
	5.73897 4.48469,
	5.73897 4.48142,
	"/>
</Transform>

<Transform dim="0"
 xcoef=" 0 1 0 0 0 0"
 ycoef=" 0 0 1 0 0 0">
<Contour name="d02p08" hidden="false" closed="true" simplified="false" border="1 0 0" fill="1 0 0" mode="-9"
 points="7.72701 5.18914,
	7.71149 5.18914,
	7.71149 5.1969,
	7.71925 5.20466,
	7.74253 5.21243,
	7.72701 5.22019,
	7.71925 5.23571,
	7.70373 5.22019,
	7.69596 5.20466,
	7.69596 5.18914,
	7.68044 5.18914,
	7.70373 5.17362,
	"/>
</Transform>

<Transform dim="0"
 xcoef=" 0 1 0 0 0 0"
 ycoef=" 0 0 1 0 0 0">
<Contour name="d02c08" hidden="false" closed="true" simplified="true" border="0 1 0" fill="0 1 0" mode="9"
 points="7.8248 5.52126,
	7.84 5.51556,
	7.87041 5.51176,
	7.93123 5.51366,
	7.96164 5.50796,
	7.97685 5.50226,
	8.03766 5.49085,
	8.05287 5.48705,
	8.08328 5.48705,
	8.1441 5.47755,
	8.20492 5.47755,
	8.22012 5.47945,
	8.22773 5.47945,
	8.24293 5.48515,
	8.24863 5.49085,
	8.25053 5.50606,
	8.24673 5.51366,
	8.23153 5.52316,
	8.21632 5.52696,
	8.1555 5.53267,
	8.12509 5.53647,
	8.10989 5.54027,
	8.07948 5.54027,
	8.01866 5.54597,
	8.00345 5.54597,
	7.97304 5.55547,
	7.91222 5.55547,
	7.88181 5.55547,
	7.86661 5.55547,
	7.8362 5.54597,
	7.8286 5.54027,
	7.8248 5.53457,
	7.8248 5.52696,
	7.8248 5.52316,
	"/>
</Transform>

<Transform dim="0"
 xcoef=" 0 1 0 0 0 0"
 ycoef=" 0 0 1 0 0 0">
<Contour name="d02cfa08" hidden="false" closed="false" simplified="false" border="0 1 1" fill="0 1 1" mode="-9"
 points="8.24683 5.50295,
	8.17271 5.51245,
	8.11379 5.51815,
	8.01116 5.52765,
	7.92563 5.53716,
	7.8249 5.53526,
	"/>
</Transform>

<Transform dim="0"
 xcoef=" 0 1 0 0 0 0"
 ycoef=" 0 0 1 0 0 0">
<Contour name="d02p08dia" hidden="false" closed="false" simplified="true" border="1 0 0" fill="1 0 0" mode="-9"
 points="7.76028 5.48584,
	8.30385 5.44783,
	"/>
</Transform>

<Transform dim="0"
 xcoef=" 0 1 0 0 0 0"
 ycoef=" 0 0 1 0 0 0">
<Contour name="d02c09" hidden="false" closed="true" simplified="true" border="0 1 0" fill="0 1 0" mode="9"
 points="5.72898 4.45612,
	5.74226 4.4207,
	5.75112 4.41406,
	5.77104 4.38085,
	5.77989 4.36536,
	5.77989 4.36093,
	5.80424 4.32551,
	5.80867 4.31887,
	5.82638 4.30116,
	5.84409 4.29895,
	5.85294 4.30116,
	5.85516 4.31002,
	5.84409 4.34322,
	5.83302 4.36093,
	5.81974 4.39635,
	5.7976 4.43177,
	5.78875 4.44948,
	5.78432 4.4539,
	5.77768 4.47161,
	5.77325 4.48047,
	5.77325 4.4849,
	5.76883 4.48932,
	5.76883 4.49375,
	5.7644 4.49818,
	5.74669 4.49818,
	5.73783 4.49596,
	5.73119 4.48932,
	5.72898 4.47161,
	5.72898 4.46276,
	5.72898 4.45833,
	"/>
<Contour name="d02cfa09" hidden="false" closed="false" simplified="false" border="0 1 1" fill="0 1 1" mode="-9"
 points="5.74129 4.49369,
	5.75236 4.46049,
	5.80548 4.37637,
	5.84533 4.3011,
	"/>
</Transform>

<Transform dim="6"
 xcoef=" 0.297035304273018 0.939782041113373 -0.00972948843008762 0 0 0"
 ycoef=" -0.266941855480028 0.0473539849485525 0.999968103619555 0 0 0">
<Image mag="0.00223443" contrast="1.407" brightness="-0.21" red="true" green="true" blue="true"
 src="CVZWG_und.043.tif" />
<Contour name="domain1" hidden="false" closed="true" simplified="false" border="1 0 1" fill="1 0 1" mode="11"
 points="0 0,
	4097 0,
	4097 4097,
	0 4097,
	"/>
</Transform>

<Transform dim="0"
 xcoef=" 0 1 0 0 0 0"
 ycoef=" 0 0 1 0 0 0">
<Contour name="d02ax11" hidden="false" closed="true" simplified="true" border="0 1 1" fill="0 1 1" mode="-11"
 points="7.11991 3.59502,
	7.14826 3.54727,
	7.19602 3.50399,
	7.20796 3.49355,
	7.23184 3.4831,
	7.24377 3.48012,
	7.29153 3.47862,
	7.33928 3.48012,
	7.36316 3.48161,
	7.41091 3.49056,
	7.43479 3.49653,
	7.44673 3.50101,
	7.45867 3.50847,
	7.46464 3.51444,
	7.47061 3.51593,
	7.49449 3.50996,
	7.51836 3.50847,
	7.54224 3.50996,
	7.54821 3.51145,
	7.56015 3.5219,
	7.57806 3.54578,
	7.5885 3.56966,
	7.59596 3.59353,
	7.59746 3.60547,
	7.60492 3.62935,
	7.60939 3.65323,
	7.61238 3.66516,
	7.61238 3.6771,
	7.6079 3.68904,
	7.59596 3.70098,
	7.57209 3.7174,
	7.54821 3.72486,
	7.53776 3.74873,
	7.52433 3.77261,
	7.51538 3.78455,
	7.50344 3.80843,
	7.49896 3.83231,
	7.50344 3.88006,
	7.50195 3.90394,
	7.50195 3.90991,
	7.47359 3.95766,
	7.4527 3.98154,
	7.44076 3.99348,
	7.41688 4.0084,
	7.39301 4.02034,
	7.38107 4.02631,
	7.37211 4.03825,
	7.36018 4.04869,
	7.34824 4.05616,
	7.32884 4.08003,
	7.31839 4.09048,
	7.30645 4.09496,
	7.30048 4.09645,
	7.28854 4.09346,
	7.28257 4.09048,
	7.2766 4.08451,
	7.2766 4.03675,
	7.27064 4.02482,
	7.26914 4.01288,
	7.2572 3.989,
	7.24974 3.96512,
	7.24377 3.95318,
	7.22139 3.92931,
	7.17363 3.90841,
	7.16319 3.89797,
	7.1602 3.88603,
	7.1602 3.88006,
	7.13633 3.83231,
	7.13334 3.82634,
	7.13782 3.80246,
	7.13931 3.77858,
	7.13782 3.7547,
	7.13334 3.74277,
	7.12886 3.69501,
	7.12737 3.64726,
	7.12289 3.62338,
	7.11991 3.61144,
	7.11991 3.5995,
	7.11991 3.59652,
	"/>
</Transform>

<Transform dim="0"
 xcoef=" 0 1 0 0 0 0"
 ycoef=" 0 0 1 0 0 0">
<Contour name="d02ax12" hidden="false" closed="true" simplified="true" border="0 1 1" fill="0 1 1" mode="-11"
 points="5.5414 5.91794,
	5.54902 5.90575,
	5.56122 5.89508,
	5.58561 5.88288,
	5.63439 5.86459,
	5.65879 5.85696,
	5.67098 5.85239,
	5.68318 5.84477,
	5.73196 5.828,
	5.78074 5.80666,
	5.79294 5.80208,
	5.79904 5.79904,
	5.8966 5.80208,
	5.92099 5.80361,
	5.94538 5.81123,
	5.96977 5.8219,
	5.99417 5.82648,
	6.04295 5.82952,
	6.09173 5.82952,
	6.11612 5.83562,
	6.12832 5.8402,
	6.22588 5.84934,
	6.25027 5.84934,
	6.27467 5.85239,
	6.32345 5.86611,
	6.37223 5.87678,
	6.39662 5.8844,
	6.42101 5.88898,
	6.44541 5.8905,
	6.4576 5.89203,
	6.48199 5.90117,
	6.53077 5.9088,
	6.55517 5.91642,
	6.57956 5.91794,
	6.60395 5.92557,
	6.62834 5.93624,
	6.64054 5.94233,
	6.66493 5.9652,
	6.67712 5.96977,
	6.68322 5.9713,
	6.69542 5.98045,
	6.71828 6.00484,
	6.72286 6.01093,
	6.72591 6.01398,
	6.72743 6.03838,
	6.72591 6.06277,
	6.74725 6.11155,
	6.74572 6.13594,
	6.7381 6.16033,
	6.73353 6.17253,
	6.732 6.19692,
	6.73353 6.20911,
	6.74725 6.23351,
	6.75182 6.2457,
	6.74877 6.2579,
	6.72438 6.27162,
	6.71219 6.27619,
	6.6634 6.26857,
	6.61462 6.25637,
	6.56584 6.25485,
	6.46827 6.27162,
	6.44388 6.27771,
	6.41949 6.27924,
	6.3951 6.27771,
	6.34632 6.25942,
	6.29753 6.24418,
	6.27314 6.23503,
	6.24875 6.22283,
	6.19997 6.19235,
	6.17558 6.17863,
	6.15118 6.16948,
	6.1024 6.16186,
	6.07801 6.15576,
	6.05362 6.15271,
	5.95605 6.13137,
	5.90727 6.11155,
	5.88288 6.09326,
	5.87068 6.08258,
	5.86459 6.07801,
	5.85239 6.07496,
	5.828 6.06429,
	5.8158 6.05972,
	5.80361 6.0521,
	5.77922 6.02923,
	5.76702 6.02008,
	5.75483 6.01398,
	5.74873 6.01246,
	5.74263 6.00789,
	5.69385 5.99264,
	5.66946 5.98654,
	5.62067 5.98045,
	5.59628 5.97282,
	5.57189 5.96215,
	5.5597 5.95453,
	5.54902 5.94233,
	5.54445 5.93624,
	5.5414 5.92404,
	5.5414 5.91947,
	"/>
</Transform>

<Transform dim="0"
 xcoef=" 0 1 0 0 0 0"
 ycoef=" 0 0 1 0 0 0">
<Contour name="d01ax13" hidden="false" closed="true" simplified="true" border="0 1 1" fill="0 1 1" mode="-11"
 points="3.62459 4.98046,
	3.63174 4.97867,
	3.64603 4.96796,
	3.67282 4.93937,
	3.67997 4.93402,
	3.69426 4.9358,
	3.72284 4.95009,
	3.73713 4.95902,
	3.74428 4.95902,
	3.75142 4.96438,
	3.76571 4.96974,
	3.78001 4.96617,
	3.89433 4.96438,
	3.92292 4.96438,
	3.93721 4.96796,
	3.9515 4.96796,
	4.00866 4.98046,
	4.03725 4.99297,
	4.05154 5.00547,
	4.08012 5.02333,
	4.09441 5.03227,
	4.10156 5.03584,
	4.12835 5.06264,
	4.14443 5.09122,
	4.14979 5.10551,
	4.15336 5.11265,
	4.15158 5.14124,
	4.14264 5.15553,
	4.08548 5.15553,
	4.07833 5.15553,
	4.02117 5.19661,
	3.99259 5.20197,
	3.964 5.20376,
	3.90684 5.20019,
	3.79251 5.18232,
	3.76393 5.18054,
	3.73535 5.17339,
	3.72105 5.16089,
	3.69069 5.10372,
	3.67818 5.07514,
	3.66925 5.04656,
	3.6621 5.03227,
	3.63352 5.01619,
	3.62816 5.00904,
	3.62459 4.99475,
	3.62459 4.98761,
	3.62816 4.98403,
	3.62638 4.98225,
	"/>
</Transform>

<Transform dim="0"
 xcoef=" 0 1 0 0 0 0"
 ycoef=" 0 0 1 0 0 0">
<Contour name="d01ax13ssvr" hidden="false" closed="true" simplified="false" border="0 1 0.25098" fill="0 1 0" mode="-9"
 points="4.05035 5.09593,
	4.05035 5.09249,
	4.05379 5.08905,
	4.05723 5.08905,
	4.06067 5.09249,
	4.06067 5.09593,
	4.05723 5.09937,
	4.05379 5.09937,
	"/>
</Transform>

<Transform dim="0"
 xcoef=" 0 1 0 0 0 0"
 ycoef=" 0 0 1 0 0 0">
<Contour name="d01ax13ssvr" hidden="false" closed="true" simplified="false" border="0 1 0.25098" fill="0 1 0" mode="-9"
 points="3.83468 5.09487,
	3.83468 5.09055,
	3.839 5.08624,
	3.84332 5.08624,
	3.84764 5.09055,
	3.84764 5.09487,
	3.84332 5.09919,
	3.839 5.09919,
	"/>
<Contour name="d01ax13ssvr" hidden="false" closed="true" simplified="false" border="0 1 0.25098" fill="0 1 0" mode="-9"
 points="3.907 5.13912,
	3.907 5.13481,
	3.91132 5.13049,
	3.91564 5.13049,
	3.91995 5.13481,
	3.91995 5.13912,
	3.91564 5.14344,
	3.91132 5.14344,
	"/>
<Contour name="d01ax13ssvr" hidden="false" closed="true" simplified="false" border="0 1 0.25098" fill="0 1 0" mode="-9"
 points="3.88433 5.15963,
	3.88433 5.15532,
	3.88865 5.151,
	3.89297 5.151,
	3.89729 5.15532,
	3.89729 5.15963,
	3.89297 5.16395,
	3.88865 5.16395,
	"/>
</Transform>

<Transform dim="0"
 xcoef=" 0 1 0 0 0 0"
 ycoef=" 0 0 1 0 0 0">
<Contour name="d01ax13ssvr" hidden="false" closed="true" simplified="false" border="0 1 0.25098" fill="0 1 0" mode="-9"
 points="3.83576 5.06357,
	3.83576 5.05925,
	3.84008 5.05493,
	3.8444 5.05493,
	3.84872 5.05925,
	3.84872 5.06357,
	3.8444 5.06789,
	3.84008 5.06789,
	"/>
<Contour name="d01ax13ssvr" hidden="false" closed="true" simplified="false" border="0 1 0.25098" fill="0 1 0" mode="-9"
 points="4.03329 5.14884,
	4.03329 5.14452,
	4.0376 5.1402,
	4.04192 5.1402,
	4.04624 5.14452,
	4.04624 5.14884,
	4.04192 5.15316,
	4.0376 5.15316,
	"/>
<Contour name="d01ax13ssvr" hidden="false" closed="true" simplified="false" border="0 1 0.25098" fill="0 1 0" mode="-9"
 points="3.75913 5.07544,
	3.75913 5.07113,
	3.76345 5.06681,
	3.76776 5.06681,
	3.77208 5.07113,
	3.77208 5.07544,
	3.76776 5.07976,
	3.76345 5.07976,
	"/>
</Transform>

<Transform dim="0"
 xcoef=" 0 1 0 0 0 0"
 ycoef=" 0 0 1 0 0 0">
<Contour name="d01ax14" hidden="false" closed="true" simplified="true" border="0 1 1" fill="0 1 1" mode="-11"
 points="4.14204 5.58002,
	4.15923 5.55252,
	4.1661 5.54737,
	4.17985 5.54393,
	4.18673 5.53877,
	4.20048 5.53362,
	4.22797 5.5319,
	4.33797 5.53705,
	4.36547 5.54393,
	4.36891 5.54737,
	4.38266 5.54908,
	4.39641 5.55424,
	4.40328 5.55596,
	4.40672 5.55596,
	4.42047 5.56971,
	4.42562 5.58346,
	4.42391 5.59721,
	4.41875 5.61096,
	4.40844 5.62471,
	4.38094 5.64705,
	4.36719 5.65221,
	4.25719 5.65221,
	4.22969 5.65221,
	4.20219 5.64705,
	4.1472 5.64877,
	4.13345 5.64533,
	4.12657 5.64189,
	4.12485 5.6333,
	4.1386 5.62299,
	4.14548 5.60924,
	4.14376 5.59549,
	4.14204 5.58861,
	4.14032 5.5869,
	"/>
</Transform>

<Transform dim="0"
 xcoef=" 0 1 0 0 0 0"
 ycoef=" 0 0 1 0 0 0">
<Contour name="d01ax06" hidden="false" closed="true" simplified="true" border="0 1 0" fill="0 1 1" mode="-11"
 points="8.5038 5.11183,
	8.51211 5.0786,
	8.51834 5.06198,
	8.52665 5.05367,
	8.59312 5.0329,
	8.62635 5.02667,
	8.63466 5.02252,
	8.66789 5.01629,
	8.68451 5.01005,
	8.71774 5.00382,
	8.72605 5.00382,
	8.75929 4.99136,
	8.79252 4.98305,
	8.85899 4.98097,
	8.87561 4.98513,
	8.89222 4.99344,
	8.92338 5.02459,
	8.93792 5.04121,
	8.96908 5.06198,
	9.00231 5.07445,
	9.01893 5.0786,
	9.02724 5.08275,
	9.03555 5.09106,
	9.04178 5.10768,
	9.0397 5.1243,
	9.03139 5.14091,
	9.02724 5.14507,
	9.02516 5.15338,
	9.02101 5.15753,
	9.01477 5.17415,
	9.0127 5.20738,
	9.01062 5.224,
	9.00439 5.24062,
	9.00023 5.24892,
	8.967 5.26762,
	8.95038 5.278,
	8.94623 5.28216,
	8.94623 5.28631,
	8.92961 5.30293,
	8.92546 5.31124,
	8.91715 5.31955,
	8.90676 5.33409,
	8.89015 5.34447,
	8.88184 5.3507,
	8.87353 5.35278,
	8.85691 5.36317,
	8.8486 5.3694,
	8.83199 5.37355,
	8.79875 5.37355,
	8.78213 5.3694,
	8.76552 5.36109,
	8.75098 5.34655,
	8.74059 5.32993,
	8.73436 5.31332,
	8.73436 5.28008,
	8.73228 5.26346,
	8.72605 5.24685,
	8.71982 5.23854,
	8.68659 5.22608,
	8.62012 5.22192,
	8.58688 5.21984,
	8.57027 5.21361,
	8.56196 5.20738,
	8.55365 5.2053,
	8.53703 5.19284,
	8.52249 5.17623,
	8.51626 5.16792,
	8.51003 5.16376,
	8.5038 5.13053,
	8.5038 5.11391,
	"/>
</Transform>

<Transform dim="0"
 xcoef=" 0 1 0 0 0 0"
 ycoef=" 0 0 1 0 0 0">
<Contour name="d03ax07" hidden="false" closed="true" simplified="true" border="0 1 1" fill="0 1 1" mode="-11"
 points="8.11772 6.21316,
	8.12472 6.19449,
	8.14106 6.17582,
	8.1504 6.16648,
	8.15973 6.16181,
	8.1644 6.16181,
	8.17374 6.15481,
	8.21108 6.14314,
	8.22042 6.13847,
	8.22975 6.14081,
	8.24843 6.13614,
	8.25309 6.13147,
	8.26243 6.12914,
	8.27177 6.12213,
	8.30911 6.11747,
	8.32778 6.11747,
	8.34645 6.12447,
	8.34645 6.14314,
	8.33945 6.16181,
	8.33245 6.17115,
	8.32778 6.18982,
	8.31144 6.22716,
	8.29977 6.2435,
	8.29511 6.25284,
	8.27643 6.26451,
	8.25776 6.27151,
	8.24843 6.27851,
	8.22975 6.28318,
	8.19241 6.28085,
	8.17374 6.27151,
	8.13639 6.25984,
	8.12472 6.24117,
	8.11772 6.2225,
	8.11772 6.21549,
	"/>
</Transform>

<Transform dim="0"
 xcoef=" 0 1 0 0 0 0"
 ycoef=" 0 0 1 0 0 0">
<Contour name="d03ax07" hidden="false" closed="true" simplified="true" border="0 1 1" fill="0 1 1" mode="-11"
 points="8.25125 5.32586,
	8.26108 5.31013,
	8.29253 5.29047,
	8.32399 5.27671,
	8.33972 5.26885,
	8.37117 5.26098,
	8.37904 5.26098,
	8.41049 5.24919,
	8.42622 5.24525,
	8.55204 5.24525,
	8.61496 5.24722,
	8.67787 5.23346,
	8.69359 5.23346,
	8.70146 5.23346,
	8.70932 5.23739,
	8.71719 5.23739,
	8.72112 5.24132,
	8.72505 5.24132,
	8.73881 5.25508,
	8.75651 5.28654,
	8.76634 5.30227,
	8.7801 5.31603,
	8.79583 5.31996,
	8.82728 5.31799,
	8.85874 5.31013,
	8.87447 5.30816,
	8.89019 5.31013,
	8.90592 5.31603,
	8.91379 5.31996,
	8.94327 5.34945,
	8.95704 5.36518,
	8.95704 5.36911,
	8.98849 5.38877,
	9.01995 5.3927,
	9.03568 5.3927,
	9.06713 5.40057,
	9.075 5.40057,
	9.08286 5.4045,
	9.14577 5.41433,
	9.15364 5.41826,
	9.18509 5.42219,
	9.31091 5.41629,
	9.37383 5.41826,
	9.40528 5.41826,
	9.43674 5.42612,
	9.45247 5.43595,
	9.46426 5.45168,
	9.47016 5.48314,
	9.47213 5.54605,
	9.46819 5.56178,
	9.46819 5.57751,
	9.46819 5.58537,
	9.46033 5.6011,
	9.45247 5.60896,
	9.42101 5.61093,
	9.3581 5.60896,
	9.29519 5.61093,
	9.26373 5.61093,
	9.23227 5.61682,
	9.22441 5.61879,
	9.19296 5.64042,
	9.18509 5.64435,
	9.15364 5.64435,
	9.13791 5.64435,
	9.12218 5.64042,
	9.10645 5.64042,
	9.075 5.63059,
	9.05927 5.62665,
	9.0514 5.62665,
	9.03568 5.61879,
	9.01995 5.61486,
	9.01208 5.61289,
	8.98063 5.59127,
	8.9649 5.57751,
	8.93344 5.56571,
	8.92558 5.56178,
	8.91772 5.56178,
	8.90985 5.55785,
	8.8784 5.55195,
	8.84694 5.54998,
	8.83908 5.54605,
	8.82335 5.54408,
	8.80762 5.53819,
	8.79976 5.53819,
	8.73685 5.51066,
	8.70539 5.50476,
	8.67393 5.50476,
	8.64248 5.50083,
	8.62675 5.50083,
	8.56384 5.48707,
	8.54811 5.48707,
	8.53238 5.48314,
	8.50093 5.48117,
	8.46947 5.48314,
	8.45374 5.48314,
	8.42229 5.491,
	8.40656 5.49493,
	8.3987 5.50083,
	8.38297 5.50673,
	8.3751 5.50673,
	8.36724 5.51066,
	8.35151 5.51066,
	8.33578 5.50673,
	8.32792 5.50083,
	8.32006 5.4851,
	8.31809 5.45365,
	8.31416 5.43792,
	8.28467 5.4104,
	8.27681 5.40646,
	8.27091 5.3986,
	8.27091 5.38287,
	8.25715 5.35142,
	8.25125 5.34355,
	8.25125 5.32782,
	"/>
</Transform>

<Transform dim="0"
 xcoef=" 0 1 0 0 0 0"
 ycoef=" 0 0 1 0 0 0">
<Contour name="d04ax10" hidden="false" closed="true" simplified="true" border="0 1 1" fill="0 1 1" mode="-11"
 points="3.0396 5.39735,
	3.04709 5.37737,
	3.06707 5.36238,
	3.07706 5.35738,
	3.09704 5.3399,
	3.17697 5.30244,
	3.21693 5.28995,
	3.25689 5.28995,
	3.27687 5.28995,
	3.31683 5.30743,
	3.39676 5.31243,
	3.43672 5.31243,
	3.51664 5.3374,
	3.5566 5.36238,
	3.56659 5.37237,
	3.58658 5.37986,
	3.60656 5.39735,
	3.61904 5.41733,
	3.62654 5.43731,
	3.61904 5.47727,
	3.61155 5.49725,
	3.59906 5.51723,
	3.59157 5.53721,
	3.58907 5.5472,
	3.59407 5.55719,
	3.61405 5.57717,
	3.65401 5.59216,
	3.67399 5.59716,
	3.71395 5.61963,
	3.71895 5.62463,
	3.79887 5.64961,
	3.83883 5.66209,
	3.8788 5.66959,
	3.95872 5.66959,
	3.99868 5.66959,
	4.07861 5.64711,
	4.11857 5.63962,
	4.15853 5.63712,
	4.31838 5.64711,
	4.35834 5.6546,
	4.3983 5.6571,
	4.43826 5.6546,
	4.51819 5.63712,
	4.59811 5.63462,
	4.63807 5.63962,
	4.65805 5.64211,
	4.73798 5.66709,
	4.8179 5.69706,
	4.83538 5.71454,
	4.84787 5.73452,
	4.88284 5.77199,
	4.90282 5.78198,
	4.98274 5.83693,
	5.0227 5.84941,
	5.04269 5.85691,
	5.04768 5.85691,
	5.06766 5.8694,
	5.07765 5.87689,
	5.09763 5.88188,
	5.13759 5.88438,
	5.17756 5.90936,
	5.19754 5.92684,
	5.22751 5.9668,
	5.24 5.98678,
	5.24499 5.99677,
	5.25498 6.00676,
	5.29494 6.00926,
	5.33491 6.02924,
	5.37487 6.06171,
	5.45479 6.11416,
	5.47477 6.11916,
	5.49475 6.12915,
	5.52223 6.16911,
	5.54221 6.1841,
	5.56219 6.19409,
	5.60215 6.20158,
	5.62213 6.20907,
	5.66209 6.24154,
	5.68207 6.25902,
	5.72204 6.284,
	5.74202 6.29399,
	5.762 6.31397,
	5.77199 6.33395,
	5.77449 6.35393,
	5.77199 6.37391,
	5.76949 6.3839,
	5.74951 6.40389,
	5.70955 6.42636,
	5.66959 6.43885,
	5.58966 6.45384,
	5.50974 6.45384,
	5.48976 6.45384,
	5.4498 6.43635,
	5.40983 6.40888,
	5.38985 6.3914,
	5.36238 6.35144,
	5.35738 6.34644,
	5.35489 6.33645,
	5.32741 6.29649,
	5.30993 6.27651,
	5.26997 6.25403,
	5.24999 6.24903,
	5.21252 6.20907,
	5.17256 6.1766,
	5.15258 6.16411,
	5.1326 6.14413,
	5.1276 6.13414,
	5.10762 6.11416,
	5.10762 6.10417,
	5.10263 6.09418,
	5.10263 6.08419,
	5.08265 6.06671,
	5.04269 6.04922,
	4.96276 6.00676,
	4.9228 5.99927,
	4.90282 5.99677,
	4.82289 6.00427,
	4.74297 6.00676,
	4.70301 6.01426,
	4.62309 6.01676,
	4.54316 6.00427,
	4.5032 6.00177,
	4.46324 6.00926,
	4.42328 6.01176,
	4.38331 6.00427,
	4.37332 5.99927,
	4.2934 5.99428,
	4.27342 5.98928,
	4.25344 5.97929,
	4.24345 5.97679,
	4.23845 5.9718,
	4.19849 5.96431,
	4.11857 5.96181,
	4.09859 5.95931,
	4.0886 5.95931,
	4.04863 5.93933,
	4.00867 5.93184,
	3.96871 5.93683,
	3.88879 5.92934,
	3.84883 5.93184,
	3.7689 5.92434,
	3.72894 5.91685,
	3.70896 5.91186,
	3.68898 5.89937,
	3.669 5.87939,
	3.62903 5.85691,
	3.58907 5.83942,
	3.57159 5.82194,
	3.5641 5.81195,
	3.5616 5.79197,
	3.5616 5.78198,
	3.5566 5.77199,
	3.51664 5.75451,
	3.47668 5.74701,
	3.39676 5.74451,
	3.37678 5.74202,
	3.33681 5.72453,
	3.29685 5.70206,
	3.25689 5.68457,
	3.23691 5.67208,
	3.19945 5.63462,
	3.16198 5.60215,
	3.12202 5.58467,
	3.10703 5.56469,
	3.08705 5.5522,
	3.05958 5.51224,
	3.04959 5.50225,
	3.0421 5.48227,
	3.0396 5.40234,
	3.0396 5.39984,
	"/>
</Transform>

<Transform dim="0"
 xcoef=" 0 1 0 0 0 0"
 ycoef=" 0 0 1 0 0 0">
<Contour name="d04ax10" hidden="false" closed="true" simplified="true" border="0 1 1" fill="0 1 1" mode="-11"
 points="6.50379 6.65365,
	6.51628 6.63367,
	6.52127 6.62368,
	6.53876 6.60369,
	6.55874 6.58871,
	6.57872 6.58122,
	6.61868 6.58371,
	6.63866 6.58371,
	6.67862 6.59121,
	6.68861 6.5987,
	6.72858 6.60619,
	6.74856 6.60869,
	6.76854 6.61618,
	6.78852 6.62867,
	6.8085 6.63367,
	6.81849 6.63866,
	6.83847 6.64116,
	6.85845 6.64865,
	6.87843 6.66114,
	6.89342 6.67862,
	6.90091 6.6986,
	6.90091 6.73857,
	6.89592 6.75855,
	6.89592 6.76354,
	6.87843 6.78352,
	6.87094 6.8035,
	6.86844 6.82348,
	6.86594 6.83348,
	6.84846 6.85346,
	6.82848 6.86844,
	6.8085 6.87593,
	6.72858 6.87344,
	6.64865 6.83847,
	6.62867 6.83098,
	6.58871 6.8035,
	6.56124 6.76354,
	6.52627 6.72608,
	6.51128 6.7061,
	6.50379 6.68612,
	6.50379 6.66613,
	6.50379 6.65614,
	"/>
</Transform>

<Transform dim="0"
 xcoef=" 0 1 0 0 0 0"
 ycoef=" 0 0 1 0 0 0">
<Contour name="d04ax10ssvr" hidden="false" closed="true" simplified="false" border="0 1 0" fill="0 1 0" mode="-11"
 points="4.44254 5.94161,
	4.42982 5.92888,
	4.44254 5.91616,
	4.45527 5.92888,
	"/>
<Contour name="d04ax10ssvr" hidden="false" closed="true" simplified="false" border="0 1 0" fill="0 1 0" mode="-11"
 points="4.39527 5.97979,
	4.38255 5.96706,
	4.39527 5.95434,
	4.408 5.96706,
	"/>
<Contour name="d04ax10ssvr" hidden="false" closed="true" simplified="false" border="0 1 0" fill="0 1 0" mode="-11"
 points="4.27346 5.94888,
	4.26074 5.93615,
	4.27346 5.92343,
	4.28619 5.93615,
	"/>
<Contour name="d04ax10ssvr" hidden="false" closed="true" simplified="false" border="0 1 0" fill="0 1 0" mode="-11"
 points="4.45163 5.87979,
	4.43891 5.86707,
	4.45163 5.85434,
	4.46436 5.86707,
	"/>
<Contour name="d04ax10ssvr" hidden="false" closed="true" simplified="false" border="0 1 0" fill="0 1 0" mode="-11"
 points="4.49345 5.84525,
	4.48072 5.83253,
	4.49345 5.8198,
	4.50617 5.83253,
	"/>
<Contour name="d04ax10ssvr" hidden="false" closed="true" simplified="false" border="0 1 0" fill="0 1 0" mode="-11"
 points="4.53163 5.85616,
	4.5189 5.84343,
	4.53163 5.83071,
	4.54435 5.84343,
	"/>
<Contour name="d04ax10ssvr" hidden="false" closed="true" simplified="false" border="0 1 0" fill="0 1 0" mode="-11"
 points="4.57708 5.86343,
	4.56435 5.85071,
	4.57708 5.83798,
	4.5898 5.85071,
	"/>
<Contour name="d04ax10ssvr" hidden="false" closed="true" simplified="false" border="0 1 0" fill="0 1 0" mode="-11"
 points="4.57344 5.89252,
	4.56072 5.87979,
	4.57344 5.86707,
	4.58617 5.87979,
	"/>
<Contour name="d04ax10ssvr" hidden="false" closed="true" simplified="false" border="0 1 0" fill="0 1 0" mode="-11"
 points="4.53163 5.90161,
	4.5189 5.88889,
	4.53163 5.87616,
	4.54435 5.88889,
	"/>
<Contour name="d04ax10ssvr" hidden="false" closed="true" simplified="false" border="0 1 0" fill="0 1 0" mode="-11"
 points="4.55344 5.97797,
	4.54072 5.96524,
	4.55344 5.95252,
	4.56617 5.96524,
	"/>
<Contour name="d04ax10ssvr" hidden="false" closed="true" simplified="false" border="0 1 0" fill="0 1 0" mode="-11"
 points="4.51163 5.97433,
	4.4989 5.96161,
	4.51163 5.94888,
	4.52435 5.96161,
	"/>
<Contour name="d04ax10ssvr" hidden="false" closed="true" simplified="false" border="0 1 0" fill="0 1 0" mode="-11"
 points="4.58253 5.9307,
	4.56981 5.91797,
	4.58253 5.90525,
	4.59526 5.91797,
	"/>
<Contour name="d04ax10ssvr" hidden="false" closed="true" simplified="false" border="0 1 0" fill="0 1 0" mode="-11"
 points="4.61344 5.89798,
	4.60071 5.88525,
	4.61344 5.87252,
	4.62617 5.88525,
	"/>
<Contour name="d04ax10ssvr" hidden="false" closed="true" simplified="false" border="0 1 0" fill="0 1 0" mode="-11"
 points="4.66253 5.92706,
	4.6498 5.91434,
	4.66253 5.90161,
	4.67525 5.91434,
	"/>
<Contour name="d04ax10ssvr" hidden="false" closed="true" simplified="false" border="0 1 0" fill="0 1 0" mode="-11"
 points="4.63526 5.96524,
	4.62253 5.95252,
	4.63526 5.93979,
	4.64798 5.95252,
	"/>
<Contour name="d04ax10ssvr" hidden="false" closed="true" simplified="false" border="0 1 0" fill="0 1 0" mode="-11"
 points="4.69889 5.96524,
	4.68616 5.95252,
	4.69889 5.93979,
	4.71161 5.95252,
	"/>
<Contour name="d04ax10ssvr" hidden="false" closed="true" simplified="false" border="0 1 0" fill="0 1 0" mode="-11"
 points="4.73343 5.93615,
	4.7207 5.92343,
	4.73343 5.9107,
	4.74616 5.92343,
	"/>
<Contour name="d04ax10ssvr" hidden="false" closed="true" simplified="false" border="0 1 0" fill="0 1 0" mode="-11"
 points="4.78252 5.95979,
	4.76979 5.94706,
	4.78252 5.93434,
	4.79524 5.94706,
	"/>
<Contour name="d04ax10ssvr" hidden="false" closed="true" simplified="false" border="0 1 0" fill="0 1 0" mode="-11"
 points="4.70616 5.9107,
	4.69343 5.89798,
	4.70616 5.88525,
	4.71889 5.89798,
	"/>
<Contour name="d04ax10ssvr" hidden="false" closed="true" simplified="false" border="0 1 0" fill="0 1 0" mode="-11"
 points="4.66253 5.88161,
	4.6498 5.86889,
	4.66253 5.85616,
	4.67525 5.86889,
	"/>
<Contour name="d04ax10ssvr" hidden="false" closed="true" simplified="false" border="0 1 0" fill="0 1 0" mode="-11"
 points="4.70616 5.85616,
	4.69343 5.84343,
	4.70616 5.83071,
	4.71889 5.84343,
	"/>
<Contour name="d04ax10ssvr" hidden="false" closed="true" simplified="false" border="0 1 0" fill="0 1 0" mode="-11"
 points="4.63526 5.84707,
	4.62253 5.83434,
	4.63526 5.82162,
	4.64798 5.83434,
	"/>
<Contour name="d04ax10ssvr" hidden="false" closed="true" simplified="false" border="0 1 0" fill="0 1 0" mode="-11"
 points="4.58799 5.82525,
	4.57526 5.81253,
	4.58799 5.7998,
	4.60071 5.81253,
	"/>
<Contour name="d04ax10ssvr" hidden="false" closed="true" simplified="false" border="0 1 0" fill="0 1 0" mode="-11"
 points="4.53526 5.82162,
	4.52254 5.80889,
	4.53526 5.79616,
	4.54799 5.80889,
	"/>
<Contour name="d04ax10ssvr" hidden="false" closed="true" simplified="false" border="0 1 0" fill="0 1 0" mode="-11"
 points="4.49345 5.79798,
	4.48072 5.78526,
	4.49345 5.77253,
	4.50617 5.78526,
	"/>
<Contour name="d04ax10ssvr" hidden="false" closed="true" simplified="false" border="0 1 0" fill="0 1 0" mode="-11"
 points="4.54981 5.77798,
	4.53708 5.76526,
	4.54981 5.75253,
	4.56253 5.76526,
	"/>
<Contour name="d04ax10ssvr" hidden="false" closed="true" simplified="false" border="0 1 0" fill="0 1 0" mode="-11"
 points="4.47708 5.71253,
	4.46436 5.69981,
	4.47708 5.68708,
	4.48981 5.69981,
	"/>
<Contour name="d04ax10ssvr" hidden="false" closed="true" simplified="false" border="0 1 0" fill="0 1 0" mode="-11"
 points="4.58799 5.74344,
	4.57526 5.73071,
	4.58799 5.71799,
	4.60071 5.73071,
	"/>
<Contour name="d04ax10ssvr" hidden="false" closed="true" simplified="false" border="0 1 0" fill="0 1 0" mode="-11"
 points="4.63889 5.75253,
	4.62617 5.7398,
	4.63889 5.72708,
	4.65162 5.7398,
	"/>
<Contour name="d04ax10ssvr" hidden="false" closed="true" simplified="false" border="0 1 0" fill="0 1 0" mode="-11"
 points="4.67707 5.79616,
	4.66434 5.78344,
	4.67707 5.77071,
	4.6898 5.78344,
	"/>
<Contour name="d04ax10ssvr" hidden="false" closed="true" simplified="false" border="0 1 0" fill="0 1 0" mode="-11"
 points="4.75888 5.88707,
	4.74616 5.87434,
	4.75888 5.86161,
	4.77161 5.87434,
	"/>
<Contour name="d04ax10ssvr" hidden="false" closed="true" simplified="false" border="0 1 0" fill="0 1 0" mode="-11"
 points="4.76434 5.84525,
	4.75161 5.83253,
	4.76434 5.8198,
	4.77706 5.83253,
	"/>
<Contour name="d04ax10ssvr" hidden="false" closed="true" simplified="false" border="0 1 0" fill="0 1 0" mode="-11"
 points="4.81524 5.86525,
	4.80252 5.85252,
	4.81524 5.8398,
	4.82797 5.85252,
	"/>
<Contour name="d04ax10ssvr" hidden="false" closed="true" simplified="false" border="0 1 0" fill="0 1 0" mode="-11"
 points="4.75525 5.78344,
	4.74252 5.77071,
	4.75525 5.75799,
	4.76797 5.77071,
	"/>
<Contour name="d04ax10ssvr" hidden="false" closed="true" simplified="false" border="0 1 0" fill="0 1 0" mode="-11"
 points="4.84797 5.95979,
	4.83524 5.94706,
	4.84797 5.93434,
	4.86069 5.94706,
	"/>
<Contour name="d04ax10ssvr" hidden="false" closed="true" simplified="false" border="0 1 0" fill="0 1 0" mode="-11"
 points="4.89706 5.87616,
	4.88433 5.86343,
	4.89706 5.85071,
	4.90978 5.86343,
	"/>
<Contour name="d04ax10ssvr" hidden="false" closed="true" simplified="false" border="0 1 0" fill="0 1 0" mode="-11"
 points="4.97523 5.92706,
	4.96251 5.91434,
	4.97523 5.90161,
	4.98796 5.91434,
	"/>
<Contour name="d04ax10ssvr" hidden="false" closed="true" simplified="false" border="0 1 0" fill="0 1 0" mode="-11"
 points="5.03341 5.9707,
	5.02068 5.95797,
	5.03341 5.94524,
	5.04614 5.95797,
	"/>
<Contour name="d04ax10ssvr" hidden="false" closed="true" simplified="false" border="0 1 0" fill="0 1 0" mode="-11"
 points="4.79161 5.92161,
	4.77888 5.90888,
	4.79161 5.89616,
	4.80433 5.90888,
	"/>
<Contour name="d04ax10ssvr" hidden="false" closed="true" simplified="false" border="0 1 0" fill="0 1 0" mode="-11"
 points="4.4989 5.91979,
	4.48617 5.90707,
	4.4989 5.89434,
	4.51163 5.90707,
	"/>
<Contour name="d04ax10ssvr" hidden="false" closed="true" simplified="false" border="0 1 0" fill="0 1 0" mode="-11"
 points="5.20067 6.08342,
	5.18794 6.07069,
	5.20067 6.05796,
	5.2134 6.07069,
	"/>
</Transform>

<Transform dim="0"
 xcoef=" 0 1 0 0 0 0"
 ycoef=" 0 0 1 0 0 0">
<Contour name="d04ax10ssvr" hidden="false" closed="true" simplified="false" border="0 1 0" fill="0 1 0" mode="-11"
 points="3.44028 5.46146,
	3.42639 5.44757,
	3.44028 5.43368,
	3.45416 5.44757,
	"/>
<Contour name="d04ax10ssvr" hidden="false" closed="true" simplified="false" border="0 1 0" fill="0 1 0" mode="-11"
 points="3.48194 5.4932,
	3.46805 5.47931,
	3.48194 5.46542,
	3.49582 5.47931,
	"/>
<Contour name="d04ax10ssvr" hidden="false" closed="true" simplified="false" border="0 1 0" fill="0 1 0" mode="-11"
 points="3.49979 5.54478,
	3.4859 5.53089,
	3.49979 5.517,
	3.51368 5.53089,
	"/>
<Contour name="d04ax10ssvr" hidden="false" closed="true" simplified="false" border="0 1 0" fill="0 1 0" mode="-11"
 points="3.53153 5.49121,
	3.51765 5.47733,
	3.53153 5.46344,
	3.54542 5.47733,
	"/>
<Contour name="d04ax10ssvr" hidden="false" closed="true" simplified="false" border="0 1 0" fill="0 1 0" mode="-11"
 points="3.55534 5.52097,
	3.54145 5.50708,
	3.55534 5.4932,
	3.56922 5.50708,
	"/>
<Contour name="d04ax10ssvr" hidden="false" closed="true" simplified="false" border="0 1 0" fill="0 1 0" mode="-11"
 points="3.54343 5.5904,
	3.52955 5.57652,
	3.54343 5.56263,
	3.55732 5.57652,
	"/>
<Contour name="d04ax10ssvr" hidden="false" closed="true" simplified="false" border="0 1 0" fill="0 1 0" mode="-11"
 points="3.49582 5.59834,
	3.48194 5.58445,
	3.49582 5.57057,
	3.50971 5.58445,
	"/>
<Contour name="d04ax10ssvr" hidden="false" closed="true" simplified="false" border="0 1 0" fill="0 1 0" mode="-11"
 points="3.50773 5.65388,
	3.49384 5.64,
	3.50773 5.62611,
	3.52161 5.64,
	"/>
<Contour name="d04ax10ssvr" hidden="false" closed="true" simplified="false" border="0 1 0" fill="0 1 0" mode="-11"
 points="3.38473 5.48923,
	3.37084 5.47534,
	3.38473 5.46146,
	3.39862 5.47534,
	"/>
<Contour name="d04ax10ssvr" hidden="false" closed="true" simplified="false" border="0 1 0" fill="0 1 0" mode="-11"
 points="3.41647 5.53287,
	3.40259 5.51899,
	3.41647 5.5051,
	3.43036 5.51899,
	"/>
<Contour name="d04ax10ssvr" hidden="false" closed="true" simplified="false" border="0 1 0" fill="0 1 0" mode="-11"
 points="3.5355 5.40988,
	3.52161 5.39599,
	3.5355 5.38211,
	3.54939 5.39599,
	"/>
<Contour name="d04ax10ssvr" hidden="false" closed="true" simplified="false" border="0 1 0" fill="0 1 0" mode="-11"
 points="3.4859 5.37417,
	3.47202 5.36028,
	3.4859 5.3464,
	3.49979 5.36028,
	"/>
<Contour name="d04ax10ssvr" hidden="false" closed="true" simplified="false" border="0 1 0" fill="0 1 0" mode="-11"
 points="3.44028 5.42178,
	3.42639 5.40789,
	3.44028 5.39401,
	3.45416 5.40789,
	"/>
<Contour name="d04ax10ssvr" hidden="false" closed="true" simplified="false" border="0 1 0" fill="0 1 0" mode="-11"
 points="3.39267 5.43765,
	3.37878 5.42377,
	3.39267 5.40988,
	3.40655 5.42377,
	"/>
<Contour name="d04ax10ssvr" hidden="false" closed="true" simplified="false" border="0 1 0" fill="0 1 0" mode="-11"
 points="3.39068 5.36227,
	3.3768 5.34838,
	3.39068 5.33449,
	3.40457 5.34838,
	"/>
<Contour name="d04ax10ssvr" hidden="false" closed="true" simplified="false" border="0 1 0" fill="0 1 0" mode="-11"
 points="3.34902 5.40988,
	3.33514 5.39599,
	3.34902 5.38211,
	3.36291 5.39599,
	"/>
<Contour name="d04ax10ssvr" hidden="false" closed="true" simplified="false" border="0 1 0" fill="0 1 0" mode="-11"
 points="3.3391 5.45154,
	3.32522 5.43765,
	3.3391 5.42377,
	3.35299 5.43765,
	"/>
<Contour name="d04ax10ssvr" hidden="false" closed="true" simplified="false" border="0 1 0" fill="0 1 0" mode="-11"
 points="3.29943 5.4317,
	3.28554 5.41781,
	3.29943 5.40393,
	3.31332 5.41781,
	"/>
<Contour name="d04ax10ssvr" hidden="false" closed="true" simplified="false" border="0 1 0" fill="0 1 0" mode="-11"
 points="3.29149 5.39004,
	3.27761 5.37615,
	3.29149 5.36227,
	3.30538 5.37615,
	"/>
<Contour name="d04ax10ssvr" hidden="false" closed="true" simplified="false" border="0 1 0" fill="0 1 0" mode="-11"
 points="3.28554 5.35036,
	3.27166 5.33648,
	3.28554 5.32259,
	3.29943 5.33648,
	"/>
<Contour name="d04ax10ssvr" hidden="false" closed="true" simplified="false" border="0 1 0" fill="0 1 0" mode="-11"
 points="3.22801 5.38409,
	3.21413 5.3702,
	3.22801 5.35632,
	3.2419 5.3702,
	"/>
<Contour name="d04ax10ssvr" hidden="false" closed="true" simplified="false" border="0 1 0" fill="0 1 0" mode="-11"
 points="3.22206 5.44757,
	3.20817 5.43368,
	3.22206 5.4198,
	3.23595 5.43368,
	"/>
<Contour name="d04ax10ssvr" hidden="false" closed="true" simplified="false" border="0 1 0" fill="0 1 0" mode="-11"
 points="3.26769 5.50708,
	3.2538 5.4932,
	3.26769 5.47931,
	3.28157 5.4932,
	"/>
<Contour name="d04ax10ssvr" hidden="false" closed="true" simplified="false" border="0 1 0" fill="0 1 0" mode="-11"
 points="3.31332 5.49518,
	3.29943 5.48129,
	3.31332 5.46741,
	3.3272 5.48129,
	"/>
<Contour name="d04ax10ssvr" hidden="false" closed="true" simplified="false" border="0 1 0" fill="0 1 0" mode="-11"
 points="3.27562 5.55866,
	3.26174 5.54478,
	3.27562 5.53089,
	3.28951 5.54478,
	"/>
<Contour name="d04ax10ssvr" hidden="false" closed="true" simplified="false" border="0 1 0" fill="0 1 0" mode="-11"
 points="3.21016 5.55866,
	3.19627 5.54478,
	3.21016 5.53089,
	3.22404 5.54478,
	"/>
</Transform>

<Transform dim="0"
 xcoef=" 0 1 0 0 0 0"
 ycoef=" 0 0 1 0 0 0">
<Contour name="Ax04" hidden="false" closed="true" simplified="true" border="1 0 0" fill="1 0 0" mode="-11"
 points="7.84946 3.84382,
	7.8619 3.8239,
	7.87186 3.81394,
	7.88431 3.79403,
	7.90423 3.7766,
	7.92414 3.76913,
	7.9341 3.76415,
	7.94406 3.76415,
	7.95402 3.75917,
	8.03368 3.74424,
	8.07351 3.73677,
	8.15318 3.70192,
	8.19301 3.69694,
	8.21293 3.69445,
	8.22288 3.69445,
	8.23284 3.68947,
	8.25276 3.68698,
	8.27267 3.67951,
	8.31251 3.67453,
	8.33242 3.66706,
	8.37225 3.65959,
	8.41209 3.64466,
	8.42205 3.64466,
	8.46188 3.63221,
	8.47184 3.62723,
	8.51167 3.62474,
	8.5515 3.61727,
	8.59133 3.60482,
	8.61125 3.59736,
	8.65108 3.59238,
	8.66104 3.5874,
	8.82037 3.56997,
	8.90003 3.56997,
	8.93987 3.57744,
	8.9797 3.59238,
	8.99961 3.60234,
	9.03945 3.59985,
	9.07928 3.60234,
	9.11911 3.59985,
	9.13903 3.59487,
	9.15894 3.59487,
	9.1689 3.59985,
	9.17637 3.6098,
	9.17886 3.62972,
	9.16641 3.64715,
	9.14898 3.65959,
	9.13903 3.66706,
	9.10168 3.682,
	9.09671 3.682,
	9.09173 3.68698,
	9.05189 3.69694,
	8.97223 3.70938,
	8.9324 3.71436,
	8.85273 3.71685,
	8.8129 3.72432,
	8.73324 3.72681,
	8.6934 3.7293,
	8.65357 3.72681,
	8.64361 3.72681,
	8.6237 3.73677,
	8.61374 3.74175,
	8.53407 3.74673,
	8.49424 3.75669,
	8.41458 3.76913,
	8.39466 3.77162,
	8.3847 3.77411,
	8.37972 3.77411,
	8.37474 3.77909,
	8.35483 3.78407,
	8.33491 3.79403,
	8.30006 3.82141,
	8.26023 3.83635,
	8.18305 3.88365,
	8.14322 3.89112,
	8.1233 3.89361,
	8.11832 3.89859,
	8.11334 3.89859,
	8.09343 3.91104,
	8.07351 3.91601,
	7.99385 3.91104,
	7.97393 3.91352,
	7.9341 3.92597,
	7.89427 3.92348,
	7.87435 3.91601,
	7.85941 3.89859,
	7.85195 3.87867,
	7.84946 3.85876,
	7.84946 3.8488,
	7.84946 3.84631,
	"/>
</Transform>

<Transform dim="0"
 xcoef=" 0 1 0 0 0 0"
 ycoef=" 0 0 1 0 0 0">
<Contour name="d01ax06" hidden="false" closed="true" simplified="true" border="0 1 0" fill="0 1 1" mode="-11"
 points="8.60585 3.76744,
	8.61691 3.74777,
	8.63659 3.7367,
	8.64151 3.73424,
	8.66118 3.73055,
	8.68085 3.72871,
	8.7202 3.72932,
	8.75955 3.73301,
	8.76938 3.73424,
	8.80873 3.75146,
	8.8284 3.76314,
	8.83824 3.76867,
	8.85054 3.78834,
	8.85361 3.79326,
	8.86099 3.81294,
	8.86345 3.81785,
	8.86529 3.82769,
	8.86959 3.86704,
	8.87205 3.88671,
	8.87267 3.90638,
	8.87205 3.91622,
	8.87144 3.92114,
	8.87082 3.9236,
	8.86713 3.92852,
	8.86283 3.93835,
	8.85976 3.94819,
	8.85545 3.95803,
	8.85299 3.96294,
	8.84931 3.96725,
	8.84316 3.98692,
	8.8407 3.99184,
	8.82717 4.01151,
	8.81795 4.02135,
	8.81303 4.02565,
	8.79336 4.03549,
	8.78352 4.03918,
	8.7786 4.04102,
	8.73926 4.04287,
	8.71958 4.04287,
	8.70975 4.04287,
	8.69007 4.04656,
	8.68024 4.0484,
	8.6704 4.04779,
	8.66056 4.04594,
	8.65073 4.04287,
	8.64581 4.04102,
	8.63597 4.03488,
	8.62614 4.02504,
	8.62306 4.0152,
	8.62245 4.01274,
	8.62737 3.99307,
	8.63413 3.9734,
	8.63966 3.95372,
	8.64212 3.94389,
	8.64274 3.90454,
	8.64028 3.86519,
	8.63966 3.85536,
	8.63905 3.85044,
	8.61937 3.81109,
	8.61507 3.80125,
	8.60954 3.78158,
	8.60708 3.77174,
	8.60646 3.76929,
	8.60585 3.76806,
	"/>
</Transform>

<Transform dim="0"
 xcoef=" 0 1 0 0 0 0"
 ycoef=" 0 0 1 0 0 0">
<Contour name="d01ax12" hidden="false" closed="true" simplified="true" border="0 1 1" fill="0 1 1" mode="-11"
 points="7.52365 3.89014,
	7.53587 3.85755,
	7.55013 3.84126,
	7.56642 3.82904,
	7.57457 3.82496,
	7.58272 3.81682,
	7.58883 3.81274,
	7.60105 3.79849,
	7.61734 3.78423,
	7.63363 3.77812,
	7.66622 3.7883,
	7.68252 3.79441,
	7.69066 3.80052,
	7.69474 3.80052,
	7.71103 3.81478,
	7.71918 3.82293,
	7.72325 3.83107,
	7.72529 3.86366,
	7.71918 3.89625,
	7.70899 3.92884,
	7.70899 3.96142,
	7.69881 3.99401,
	7.68659 4.01031,
	7.68252 4.01031,
	7.67437 4.01642,
	7.64178 4.01642,
	7.63363 4.01234,
	7.62549 4.01234,
	7.5929 3.99809,
	7.57661 3.99198,
	7.56846 3.9879,
	7.56031 3.97976,
	7.54809 3.94717,
	7.54809 3.94309,
	7.52773 3.91051,
	7.52365 3.90236,
	7.52365 3.89421,
	7.52365 3.89218,
	"/>
</Transform>

</Section>