<?xml version="1.0"?>
<!DOCTYPE Section SYSTEM "section.dtd">

<Section index="44" thickness="0.0532092" alignLocked="true">
<Transform dim="0"
 xcoef=" 0 1 0 0 0 0"
 ycoef=" 0 0 1 0 0 0">
<Contour name="Ax03" hidden="false" closed="true" simplified="true" border="1 0 0.5" fill="1 0 0.5" mode="-11"
 points="5.98752 4.99227,
	6.01159 4.96017,
	6.0437 4.95214,
	6.0758 4.93609,
	6.10791 4.92806,
	6.14001 4.92806,
	6.17212 4.93609,
	6.18014 4.95214,
	6.17613 4.98425,
	6.15606 5.01635,
	6.12396 5.03642,
	6.05975 5.05648,
	6.02765 5.05648,
	6.01962 5.05648,
	6.01159 5.04845,
	6.00357 5.04845,
	5.99153 5.0324,
	5.98752 5.0003,
	5.98752 4.99628,
	"/>
</Transform>

<Transform dim="0"
 xcoef=" 0 1 0 0 0 0"
 ycoef=" 0 0 1 0 0 0">
<Contour name="Ax04" hidden="false" closed="true" simplified="true" border="1 0 0" fill="1 0 0" mode="-11"
 points="7.72747 3.86373,
	7.72996 3.84382,
	7.73494 3.83884,
	7.73494 3.83386,
	7.75983 3.79403,
	7.79469 3.76166,
	7.80962 3.74175,
	7.84946 3.71436,
	7.86937 3.70192,
	7.94904 3.66955,
	7.98887 3.66457,
	8.0287 3.65461,
	8.06853 3.63968,
	8.10837 3.63221,
	8.12828 3.63221,
	8.1482 3.62723,
	8.30753 3.6347,
	8.32744 3.6347,
	8.3374 3.6347,
	8.34238 3.63221,
	8.3623 3.64715,
	8.44196 3.65959,
	8.44943 3.66955,
	8.432 3.68698,
	8.39715 3.70938,
	8.35732 3.7293,
	8.3374 3.73677,
	8.32744 3.73926,
	8.31749 3.74673,
	8.30753 3.74922,
	8.28761 3.76166,
	8.27765 3.76664,
	8.27516 3.77162,
	8.27018 3.77162,
	8.23284 3.8015,
	8.22288 3.81145,
	8.18305 3.83884,
	8.16562 3.8488,
	8.15567 3.85627,
	8.11583 3.87369,
	8.09592 3.88614,
	8.076 3.89112,
	8.03617 3.89112,
	7.99634 3.90357,
	7.97642 3.91104,
	7.95651 3.91352,
	7.91667 3.92597,
	7.87684 3.93344,
	7.83701 3.93593,
	7.79718 3.93344,
	7.77726 3.92846,
	7.75983 3.9185,
	7.74987 3.91104,
	7.72747 3.87369,
	7.72747 3.86622,
	"/>
</Transform>

<Transform dim="0"
 xcoef=" 0 1 0 0 0 0"
 ycoef=" 0 0 1 0 0 0">
<Contour name="Ax04B01ssrv4" hidden="false" closed="true" simplified="false" border="0.5 0 1" fill="0.5 0 1" mode="13"
 points="7.99615 3.76303,
	7.98868 3.76054,
	7.99615 3.75805,
	7.99117 3.75058,
	7.99864 3.75556,
	8.00113 3.74809,
	8.00361 3.75556,
	8.01108 3.75058,
	8.0061 3.75805,
	8.01357 3.76054,
	8.0061 3.76303,
	8.01108 3.7705,
	8.00361 3.76552,
	8.00113 3.77299,
	7.99864 3.76552,
	7.99117 3.7705,
	"/>
</Transform>

<Transform dim="0"
 xcoef=" 0 1 0 0 0 0"
 ycoef=" 0 0 1 0 0 0">
<Contour name="Ax06" hidden="false" closed="true" simplified="true" border="0 0 1" fill="0 0 1" mode="11"
 points="3.68785 0.649007,
	3.70137 0.621965,
	3.72503 0.598304,
	3.75207 0.588163,
	3.76559 0.581402,
	3.87376 0.581402,
	3.9008 0.584783,
	3.92785 0.594923,
	3.94475 0.615205,
	3.96841 0.642247,
	3.99883 0.696331,
	4.00897 0.750415,
	4.00221 0.804499,
	3.99207 0.831541,
	3.96165 0.885624,
	3.94813 0.912666,
	3.90418 0.95661,
	3.8501 0.96675,
	3.79602 0.970131,
	3.76897 0.95999,
	3.74531 0.939708,
	3.72841 0.919427,
	3.71489 0.892385,
	3.70813 0.878864,
	3.69461 0.770696,
	3.68785 0.662528,
	3.68785 0.652387,
	"/>
</Transform>

<Transform dim="0"
 xcoef=" 0 1 0 0 0 0"
 ycoef=" 0 0 1 0 0 0">
<Contour name="Ax06B02ssrv1" hidden="false" closed="true" simplified="false" border="0.5 0 1" fill="0.5 0 1" mode="13"
 points="3.77558 0.905846,
	3.7679 0.903285,
	3.77558 0.900725,
	3.77046 0.893042,
	3.77814 0.898164,
	3.7807 0.890482,
	3.78326 0.898164,
	3.79095 0.893042,
	3.78582 0.900725,
	3.79351 0.903285,
	3.78582 0.905846,
	3.79095 0.913529,
	3.78326 0.908407,
	3.7807 0.916089,
	3.77814 0.908407,
	3.77046 0.913529,
	"/>
</Transform>

<Transform dim="0"
 xcoef=" 0 1 0 0 0 0"
 ycoef=" 0 0 1 0 0 0">
<Contour name="d01" hidden="false" closed="true" simplified="true" border="1 0.5 0" fill="1 0.5 0" mode="9"
 points="5.10694 4.80668,
	5.11464 4.78615,
	5.13004 4.76819,
	5.13517 4.76306,
	5.1403 4.76306,
	5.15057 4.75279,
	5.15827 4.74766,
	5.17623 4.72713,
	5.17623 4.7066,
	5.15313 4.66554,
	5.15057 4.64501,
	5.15057 4.63474,
	5.16083 4.61421,
	5.16853 4.60395,
	5.16853 4.59368,
	5.1634 4.58342,
	5.1634 4.56288,
	5.1711 4.55262,
	5.19163 4.54235,
	5.23269 4.53979,
	5.27375 4.55262,
	5.29428 4.55005,
	5.33534 4.53466,
	5.35587 4.52696,
	5.39693 4.52182,
	5.41746 4.51669,
	5.45852 4.51669,
	5.47905 4.51926,
	5.49958 4.53209,
	5.54065 4.53466,
	5.58171 4.53209,
	5.60224 4.52439,
	5.6433 4.51669,
	5.80754 4.52439,
	5.8486 4.53466,
	5.86913 4.53979,
	5.88966 4.53722,
	5.89993 4.53722,
	5.92046 4.52952,
	5.93072 4.52696,
	5.93586 4.52696,
	5.94099 4.52182,
	6.02311 4.50129,
	6.04364 4.49359,
	6.06417 4.4782,
	6.07444 4.47306,
	6.08727 4.4551,
	6.12063 4.41661,
	6.13859 4.39864,
	6.14886 4.38838,
	6.16169 4.36785,
	6.17965 4.35501,
	6.22072 4.35245,
	6.24125 4.35501,
	6.25921 4.36528,
	6.26691 4.38581,
	6.26948 4.39608,
	6.26434 4.41661,
	6.25151 4.43714,
	6.21045 4.4705,
	6.20019 4.47306,
	6.17965 4.4859,
	6.17452 4.4859,
	6.15656 4.50129,
	6.14116 4.52182,
	6.13859 4.54235,
	6.14373 4.56288,
	6.15912 4.58085,
	6.16939 4.58855,
	6.21045 4.60138,
	6.22072 4.60395,
	6.25921 4.62704,
	6.27974 4.63731,
	6.29001 4.64244,
	6.29514 4.64244,
	6.3054 4.65271,
	6.30797 4.66297,
	6.3054 4.67324,
	6.3054 4.67837,
	6.27974 4.71943,
	6.26434 4.73996,
	6.22585 4.77589,
	6.21302 4.79642,
	6.19249 4.81438,
	6.17196 4.82208,
	6.16169 4.82721,
	6.12063 4.83235,
	6.1001 4.83748,
	6.07957 4.84774,
	5.99745 4.86571,
	5.95639 4.87341,
	5.91533 4.88624,
	5.87426 4.88624,
	5.85373 4.88624,
	5.81524 4.89907,
	5.79471 4.9042,
	5.75365 4.9042,
	5.71259 4.89137,
	5.69206 4.88624,
	5.67153 4.88881,
	5.63047 4.9042,
	5.58941 4.90934,
	5.54834 4.90934,
	5.52781 4.9119,
	5.51755 4.91703,
	5.43543 4.9273,
	5.39437 4.94013,
	5.37384 4.9427,
	5.33278 4.93756,
	5.32764 4.93243,
	5.28658 4.92473,
	5.27632 4.92473,
	5.23526 4.90164,
	5.21473 4.89137,
	5.17366 4.88624,
	5.15313 4.87854,
	5.1326 4.86571,
	5.11721 4.84518,
	5.10694 4.82465,
	5.10694 4.81438,
	5.10694 4.80925,
	"/>
</Transform>

<Transform dim="0"
 xcoef=" 0 1 0 0 0 0"
 ycoef=" 0 0 1 0 0 0">
<Contour name="d01p12" hidden="false" closed="true" simplified="false" border="0.5 0 1" fill="0.5 0 1" mode="-13"
 points="6.05358 4.56769,
	6.04386 4.56446,
	6.05358 4.56122,
	6.0471 4.5515,
	6.05682 4.55798,
	6.06006 4.54826,
	6.06329 4.55798,
	6.07301 4.5515,
	6.06653 4.56122,
	6.07625 4.56446,
	6.06653 4.56769,
	6.07301 4.57741,
	6.06329 4.57093,
	6.06006 4.58065,
	6.05682 4.57093,
	6.0471 4.57741,
	"/>
</Transform>

<Transform dim="0"
 xcoef=" 0 1 0 0 0 0"
 ycoef=" 0 0 1 0 0 0">
<Contour name="d01" hidden="false" closed="true" simplified="true" border="1 0.5 0" fill="1 0.5 0" mode="9"
 points="5.74359 5.1247,
	5.7485 5.1116,
	5.75996 5.10014,
	5.78616 5.08376,
	5.79926 5.07721,
	5.85165 5.06739,
	5.95644 5.05757,
	6.00883 5.06412,
	6.03503 5.06739,
	6.06122 5.06739,
	6.08742 5.07067,
	6.09397 5.0723,
	6.12016 5.08868,
	6.13163 5.0985,
	6.13817 5.1116,
	6.14145 5.11815,
	6.14145 5.13125,
	6.13817 5.14434,
	6.11525 5.16563,
	6.10215 5.19182,
	6.08906 5.20165,
	6.07596 5.20656,
	6.02356 5.2082,
	5.91878 5.20165,
	5.89258 5.20165,
	5.84019 5.19182,
	5.7878 5.18691,
	5.7747 5.182,
	5.7616 5.17381,
	5.75014 5.16072,
	5.74359 5.14762,
	5.74359 5.13452,
	5.74359 5.12797,
	5.74359 5.12633,
	"/>
</Transform>

<Transform dim="0"
 xcoef=" 0 1 0 0 0 0"
 ycoef=" 0 0 1 0 0 0">
<Contour name="d03" hidden="false" closed="true" simplified="true" border="1 0 0.5" fill="1 0 0.5" mode="9"
 points="7.84167 3.55106,
	7.85048 3.5041,
	7.85341 3.48062,
	7.85635 3.46888,
	7.87982 3.44834,
	7.88276 3.44247,
	7.92972 3.43073,
	7.95319 3.43073,
	7.96493 3.43367,
	8.01189 3.46888,
	8.05298 3.51584,
	8.06765 3.53932,
	8.08232 3.55693,
	8.097 3.5804,
	8.09406 3.60388,
	8.08819 3.61562,
	8.07645 3.62736,
	8.05298 3.6391,
	8.04711 3.6391,
	8.04124 3.64497,
	7.99428 3.65964,
	7.9708 3.66551,
	7.92385 3.66258,
	7.91211 3.66258,
	7.89156 3.64203,
	7.87982 3.61856,
	7.85928 3.60388,
	7.84754 3.59508,
	7.84167 3.58334,
	7.84167 3.55986,
	7.84167 3.55399,
	"/>
<Contour name="d03" hidden="false" closed="true" simplified="true" border="1 0 0.5" fill="1 0 0.5" mode="9"
 points="8.34352 4.66333,
	8.36112 4.64279,
	8.37286 4.63398,
	8.39634 4.63105,
	8.4433 4.63985,
	8.46678 4.64279,
	8.51373 4.63398,
	8.56069 4.63398,
	8.58417 4.63398,
	8.59591 4.63398,
	8.60177 4.63398,
	8.60764 4.62811,
	8.63112 4.62224,
	8.63699 4.61637,
	8.7309 4.58409,
	8.75438 4.57529,
	8.76612 4.57529,
	8.81308 4.56061,
	8.83656 4.55768,
	8.86003 4.54887,
	8.88351 4.54594,
	8.93047 4.5254,
	8.95395 4.51659,
	8.97742 4.51953,
	8.9921 4.54301,
	8.99797 4.56648,
	9.00384 4.57235,
	9.01264 4.59583,
	9.01558 4.60757,
	9.01264 4.61931,
	8.99797 4.64279,
	8.97742 4.6604,
	8.96862 4.67213,
	8.96568 4.68387,
	8.95101 4.70735,
	8.90406 4.7455,
	8.88058 4.75431,
	8.8571 4.75724,
	8.76319 4.78952,
	8.71623 4.79833,
	8.62232 4.82474,
	8.57536 4.83061,
	8.48145 4.82768,
	8.45797 4.82474,
	8.41102 4.80713,
	8.40221 4.80126,
	8.38167 4.77779,
	8.35232 4.73376,
	8.34352 4.68681,
	8.34352 4.66626,
	"/>
<Contour name="d03" hidden="false" closed="true" simplified="true" border="1 0 0.5" fill="1 0 0.5" mode="9"
 points="7.53352 4.10866,
	7.54526 4.08518,
	7.56874 4.07051,
	7.59222 4.07051,
	7.6157 4.06464,
	7.62157 4.05877,
	7.62744 4.05877,
	7.66559 4.01475,
	7.67439 4.00594,
	7.68613 3.95899,
	7.68613 3.94725,
	7.69493 3.93551,
	7.71841 3.92671,
	7.74189 3.92964,
	7.76243 3.93844,
	7.80939 3.94431,
	7.83287 3.94431,
	7.84461 3.94431,
	7.89156 3.92964,
	7.93852 3.92671,
	7.962 3.92671,
	7.97374 3.93258,
	8.02069 3.93844,
	8.06765 3.95899,
	8.07939 3.96192,
	8.08526 3.96192,
	8.09113 3.96779,
	8.18504 4.01181,
	8.20852 4.02649,
	8.24373 4.06757,
	8.29069 4.09399,
	8.30536 4.11453,
	8.34645 4.15268,
	8.35232 4.15855,
	8.35232 4.18203,
	8.34352 4.20551,
	8.33178 4.21725,
	8.32591 4.22018,
	8.32297 4.26714,
	8.32884 4.31409,
	8.32884 4.31996,
	8.34352 4.34344,
	8.34939 4.34931,
	8.35819 4.37279,
	8.35819 4.39627,
	8.35232 4.40214,
	8.35232 4.40801,
	8.3083 4.44029,
	8.29069 4.46377,
	8.27895 4.48724,
	8.27895 4.51072,
	8.28482 4.52246,
	8.3083 4.54007,
	8.33178 4.54594,
	8.34352 4.54887,
	8.35526 4.55768,
	8.36112 4.56648,
	8.35526 4.58996,
	8.33765 4.61344,
	8.32884 4.62224,
	8.32591 4.63398,
	8.31123 4.65746,
	8.30243 4.68094,
	8.30243 4.69268,
	8.29363 4.71616,
	8.27895 4.73963,
	8.25547 4.75431,
	8.20852 4.76898,
	8.16156 4.76605,
	8.11461 4.7455,
	8.02069 4.69268,
	7.99721 4.68094,
	7.98548 4.67507,
	7.96493 4.65159,
	7.95906 4.63985,
	7.962 4.61637,
	7.98254 4.59877,
	7.99135 4.58996,
	7.98548 4.56648,
	7.98254 4.55474,
	7.98254 4.54887,
	7.9708 4.54007,
	7.96493 4.52833,
	7.96493 4.52246,
	7.94145 4.52246,
	7.92972 4.51659,
	7.92385 4.51659,
	7.91211 4.50779,
	7.88863 4.49898,
	7.84167 4.50192,
	7.81819 4.50192,
	7.77124 4.51366,
	7.74776 4.51953,
	7.7008 4.51659,
	7.67733 4.51366,
	7.65385 4.50485,
	7.64211 4.49898,
	7.59515 4.49311,
	7.57168 4.48431,
	7.55113 4.4667,
	7.53646 4.44322,
	7.53939 4.41975,
	7.56287 4.40507,
	7.57461 4.3992,
	7.58048 4.39333,
	7.58635 4.39333,
	7.59809 4.38453,
	7.62157 4.37866,
	7.6245 4.35518,
	7.62157 4.34344,
	7.59809 4.3229,
	7.58341 4.30235,
	7.57754 4.29062,
	7.57168 4.28475,
	7.57168 4.27888,
	7.56581 4.27301,
	7.56287 4.22605,
	7.5482 4.1791,
	7.53939 4.16736,
	7.53352 4.14388,
	7.53352 4.1204,
	7.53352 4.1116,
	"/>
</Transform>

<Transform dim="0"
 xcoef=" 0 1 0 0 0 0"
 ycoef=" 0 0 1 0 0 0">
<Contour name="d03p07" hidden="false" closed="true" simplified="false" border="1 0 1" fill="1 0 1" mode="-9"
 points="8.18686 4.68047,
	8.18686 4.66873,
	8.1986 4.65699,
	8.21034 4.65699,
	8.22207 4.66873,
	8.22207 4.68047,
	8.21034 4.6922,
	8.1986 4.6922,
	"/>
</Transform>

<Transform dim="0"
 xcoef=" 0 1 0 0 0 0"
 ycoef=" 0 0 1 0 0 0">
<Contour name="d03c04" hidden="false" closed="true" simplified="true" border="0 1 0" fill="0 1 0" mode="9"
 points="8.54684 4.63126,
	8.55714 4.61066,
	8.59833 4.60551,
	8.60863 4.60551,
	8.64982 4.58234,
	8.67041 4.57205,
	8.68071 4.56432,
	8.7219 4.55145,
	8.7425 4.54373,
	8.76309 4.54115,
	8.77339 4.54115,
	8.78369 4.53601,
	8.80428 4.53343,
	8.81458 4.53086,
	8.81973 4.52571,
	8.86092 4.51799,
	8.88151 4.51541,
	8.90211 4.51799,
	8.9124 4.52056,
	8.91755 4.53086,
	8.91498 4.54115,
	8.89953 4.56175,
	8.87894 4.57977,
	8.85834 4.58749,
	8.77596 4.60294,
	8.73477 4.61066,
	8.69358 4.62353,
	8.68843 4.62868,
	8.60605 4.65185,
	8.58546 4.65443,
	8.56487 4.65185,
	8.55457 4.6467,
	8.54684 4.63641,
	8.54684 4.63383,
	"/>
<Contour name="d03cfa04" hidden="false" closed="false" simplified="false" border="0 1 1" fill="0 1 1" mode="-9"
 points="8.55288 4.62841,
	8.59922 4.63356,
	8.64813 4.62069,
	8.68932 4.60267,
	8.76655 4.57435,
	8.8515 4.55118,
	8.91329 4.53059,
	"/>
</Transform>

<Transform dim="0"
 xcoef=" 0 1 0 0 0 0"
 ycoef=" 0 0 1 0 0 0">
<Contour name="d04" hidden="false" closed="true" simplified="true" border="1 0 0" fill="1 0 0" mode="9"
 points="4.072 6.15808,
	4.08345 6.13519,
	4.12065 6.09227,
	4.15213 6.04934,
	4.17502 6.03217,
	4.19505 6.02073,
	4.20077 6.02073,
	4.2065 6.01501,
	4.25228 6.00356,
	4.29807 6.00356,
	4.38964 5.98925,
	4.48121 5.98925,
	4.52699 5.98925,
	4.54988 5.98925,
	4.64145 5.97208,
	4.73302 5.97208,
	4.77881 5.98067,
	4.87038 5.9778,
	4.89327 5.97208,
	4.90472 5.97208,
	4.91616 5.96636,
	4.93906 5.9635,
	4.9505 5.96064,
	4.99343 5.92916,
	5.00773 5.90913,
	5.01346 5.9034,
	5.0106 5.88051,
	5.00487 5.86907,
	4.95909 5.84045,
	4.94192 5.81756,
	4.92761 5.77177,
	4.90472 5.75746,
	4.85893 5.7403,
	4.84176 5.72026,
	4.83318 5.69737,
	4.83318 5.67448,
	4.83604 5.66303,
	4.84749 5.65445,
	4.87038 5.64873,
	4.91616 5.65159,
	4.93906 5.65731,
	4.9505 5.66589,
	4.95623 5.66589,
	4.96195 5.67162,
	4.96767 5.67162,
	4.9734 5.67734,
	5.01918 5.69737,
	5.03063 5.70882,
	5.05352 5.7174,
	5.0993 5.72026,
	5.11075 5.72026,
	5.11647 5.72026,
	5.1222 5.72599,
	5.16798 5.73743,
	5.19087 5.74888,
	5.20232 5.75174,
	5.22235 5.77177,
	5.22521 5.7775,
	5.23666 5.7775,
	5.24811 5.78322,
	5.25383 5.78894,
	5.29961 5.79466,
	5.31106 5.79753,
	5.33109 5.81756,
	5.32823 5.84045,
	5.28531 5.87193,
	5.26241 5.88623,
	5.21663 5.90054,
	5.19374 5.9034,
	5.18229 5.90627,
	5.17371 5.91485,
	5.17084 5.9263,
	5.17371 5.94919,
	5.17084 5.97208,
	5.17084 5.9778,
	5.14795 5.99211,
	5.13651 5.99784,
	5.13364 6.00356,
	5.13651 6.01501,
	5.14509 6.02645,
	5.15081 6.04934,
	5.15367 6.05507,
	5.15081 6.07796,
	5.15367 6.10085,
	5.16512 6.1123,
	5.25383 6.16381,
	5.27672 6.18098,
	5.30534 6.2239,
	5.31965 6.26968,
	5.32251 6.31547,
	5.31392 6.33836,
	5.31392 6.34408,
	5.29961 6.36698,
	5.25383 6.38415,
	5.20804 6.39559,
	5.18515 6.40132,
	5.09358 6.40418,
	5.0478 6.40418,
	5.00201 6.39845,
	4.95623 6.39845,
	4.91044 6.40418,
	4.88755 6.40418,
	4.86466 6.39559,
	4.84176 6.39559,
	4.81887 6.40132,
	4.77309 6.40132,
	4.76164 6.40132,
	4.75592 6.40132,
	4.74447 6.39273,
	4.73302 6.38987,
	4.7273 6.38415,
	4.68152 6.38129,
	4.63573 6.3727,
	4.58995 6.36984,
	4.56705 6.36698,
	4.54416 6.35553,
	4.53272 6.34695,
	4.52127 6.34408,
	4.47548 6.31833,
	4.45259 6.30975,
	4.36102 6.30116,
	4.26945 6.30116,
	4.22367 6.27541,
	4.17788 6.27255,
	4.15499 6.26682,
	4.14354 6.26396,
	4.1321 6.25538,
	4.12637 6.25538,
	4.12065 6.24965,
	4.11493 6.24965,
	4.08345 6.21245,
	4.07487 6.18956,
	4.072 6.16667,
	4.072 6.16094,
	"/>
</Transform>

<Transform dim="0"
 xcoef=" 0 1 0 0 0 0"
 ycoef=" 0 0 1 0 0 0">
<Contour name="d04p07" hidden="false" closed="true" simplified="false" border="1 0 1" fill="1 0 1" mode="-9"
 points="5.24507 6.34867,
	5.24507 6.33722,
	5.25652 6.32577,
	5.26797 6.32577,
	5.27942 6.33722,
	5.27942 6.34867,
	5.26797 6.36012,
	5.25652 6.36012,
	"/>
</Transform>

<Transform dim="0"
 xcoef=" 0 1 0 0 0 0"
 ycoef=" 0 0 1 0 0 0">
<Contour name="d04p08" hidden="false" closed="true" simplified="false" border="1 0 0" fill="1 0 0" mode="-9"
 points="5.03328 6.02525,
	5.0161 6.02525,
	5.0161 6.03384,
	5.02469 6.04242,
	5.05045 6.05101,
	5.03328 6.0596,
	5.02469 6.07677,
	5.00752 6.0596,
	4.99893 6.04242,
	4.99893 6.02525,
	4.98176 6.02525,
	5.00752 6.00808,
	"/>
</Transform>

<Transform dim="0"
 xcoef=" 0 1 0 0 0 0"
 ycoef=" 0 0 1 0 0 0">
<Contour name="d04c08" hidden="false" closed="true" simplified="true" border="0 1 0" fill="0 1 0" mode="9"
 points="4.99755 5.67895,
	5.00424 5.67393,
	5.01764 5.67393,
	5.02433 5.67393,
	5.02768 5.67728,
	5.04108 5.6823,
	5.04275 5.68063,
	5.05614 5.6823,
	5.06954 5.68732,
	5.07623 5.689,
	5.07958 5.689,
	5.08628 5.69402,
	5.09298 5.6957,
	5.09632 5.6957,
	5.098 5.69904,
	5.11139 5.70407,
	5.11809 5.70574,
	5.12144 5.70574,
	5.12479 5.70909,
	5.17836 5.71579,
	5.18506 5.71746,
	5.18841 5.71746,
	5.19176 5.72081,
	5.19845 5.72248,
	5.2018 5.72248,
	5.22524 5.74592,
	5.22859 5.74927,
	5.22859 5.75597,
	5.21687 5.76769,
	5.21519 5.76936,
	5.18841 5.75764,
	5.18506 5.75764,
	5.18171 5.75429,
	5.15492 5.74927,
	5.14823 5.74592,
	5.14488 5.74592,
	5.14153 5.74257,
	5.12814 5.73923,
	5.12144 5.73588,
	5.10804 5.73588,
	5.08126 5.73085,
	5.05447 5.72918,
	5.04108 5.72751,
	5.02768 5.72248,
	5.02098 5.71913,
	5.01764 5.71913,
	5.01429 5.71579,
	5.00759 5.71411,
	5.00257 5.70742,
	5.00089 5.70072,
	4.99755 5.69737,
	4.99755 5.68398,
	4.99755 5.68063,
	"/>
<Contour name="d04cfa08" hidden="false" closed="false" simplified="false" border="0 1 1" fill="0 1 1" mode="-9"
 points="5.22111 5.76055,
	5.17758 5.73711,
	5.12065 5.72372,
	5.06875 5.71702,
	5.03359 5.7053,
	4.99509 5.69023,
	"/>
</Transform>

<Transform dim="0"
 xcoef=" 0 1 0 0 0 0"
 ycoef=" 0 0 1 0 0 0">
<Contour name="d02" hidden="false" closed="true" simplified="true" border="0.5 0 1" fill="0.5 0 1" mode="9"
 points="6.20357 5.09746,
	6.22134 5.08191,
	6.23911 5.07302,
	6.24355 5.07302,
	6.27687 5.05303,
	6.29464 5.04193,
	6.30352 5.03971,
	6.33906 5.01305,
	6.35683 4.99973,
	6.41458 4.92865,
	6.42568 4.91088,
	6.44123 4.89311,
	6.46122 4.85758,
	6.47899 4.84203,
	6.51453 4.82204,
	6.5856 4.81982,
	6.60337 4.81982,
	6.63891 4.83092,
	6.65668 4.83536,
	6.69222 4.83536,
	6.72775 4.84203,
	6.74552 4.84869,
	6.78106 4.84869,
	6.8166 4.84203,
	6.85214 4.83981,
	6.88767 4.8287,
	6.92321 4.82204,
	6.95875 4.80871,
	6.99429 4.79983,
	7.02982 4.78428,
	7.03427 4.78428,
	7.04981 4.76873,
	7.06758 4.76651,
	7.08535 4.77095,
	7.10312 4.77095,
	7.12089 4.77762,
	7.12977 4.78206,
	7.16531 4.7865,
	7.23639 4.78872,
	7.30746 4.79538,
	7.343 4.79983,
	7.36077 4.80427,
	7.37854 4.81315,
	7.52069 4.81982,
	7.53846 4.82426,
	7.54734 4.83092,
	7.55179 4.83981,
	7.58732 4.84647,
	7.59621 4.84647,
	7.66728 4.87757,
	7.68505 4.88645,
	7.72059 4.89756,
	7.73836 4.90422,
	7.74724 4.91088,
	7.75169 4.91088,
	7.76946 4.92643,
	7.785 4.93754,
	7.79833 4.9553,
	7.80499 4.96419,
	7.80944 4.99973,
	7.80721 5.0175,
	7.80944 5.03526,
	7.82498 5.05081,
	7.84275 5.0597,
	7.85608 5.07524,
	7.86052 5.09301,
	7.85608 5.11078,
	7.84053 5.12633,
	7.83165 5.13521,
	7.82943 5.1441,
	7.84275 5.16187,
	7.87829 5.1863,
	7.88717 5.19296,
	7.92271 5.20185,
	7.94048 5.20407,
	7.94937 5.20407,
	7.9849 5.2174,
	8.00267 5.22184,
	8.03821 5.22184,
	8.07375 5.23294,
	8.09152 5.23961,
	8.10929 5.25071,
	8.11817 5.25738,
	8.15371 5.26848,
	8.17148 5.27292,
	8.18925 5.28403,
	8.22256 5.31957,
	8.23589 5.33734,
	8.24477 5.34622,
	8.247 5.35511,
	8.25144 5.35955,
	8.25144 5.36399,
	8.28253 5.39953,
	8.29808 5.43507,
	8.3003 5.44395,
	8.29364 5.46172,
	8.28698 5.4706,
	8.26921 5.47727,
	8.26032 5.47727,
	8.25144 5.47282,
	8.24255 5.47282,
	8.22478 5.46616,
	8.20702 5.46838,
	8.18925 5.47505,
	8.11817 5.47949,
	8.04709 5.47949,
	8.01156 5.48615,
	7.97602 5.48837,
	7.94048 5.49726,
	7.79833 5.50392,
	7.78056 5.49948,
	7.77168 5.49948,
	7.76279 5.49504,
	7.75391 5.48615,
	7.7428 5.45061,
	7.75613 5.37954,
	7.76723 5.344,
	7.77168 5.32623,
	7.77168 5.30846,
	7.76946 5.29958,
	7.76279 5.29069,
	7.75391 5.28847,
	7.73614 5.29514,
	7.66506 5.34622,
	7.64729 5.35733,
	7.64285 5.35733,
	7.63841 5.36177,
	7.60287 5.36843,
	7.56733 5.38176,
	7.54957 5.3862,
	7.54068 5.39064,
	7.53624 5.39064,
	7.52735 5.39731,
	7.52291 5.39731,
	7.50514 5.41063,
	7.5007 5.41063,
	7.46516 5.43507,
	7.42963 5.45283,
	7.39409 5.45061,
	7.37632 5.45506,
	7.34078 5.47505,
	7.3319 5.47949,
	7.32745 5.47949,
	7.31857 5.48615,
	7.3008 5.49059,
	7.28303 5.5017,
	7.26526 5.50614,
	7.24749 5.50614,
	7.22973 5.5017,
	7.2275 5.49948,
	7.20973 5.50614,
	7.19197 5.50614,
	7.1742 5.5128,
	7.13866 5.5128,
	7.12089 5.50836,
	7.10534 5.49726,
	7.0698 5.48837,
	7.03427 5.48615,
	7.0165 5.48615,
	7.00761 5.48615,
	6.98984 5.47727,
	6.91877 5.46172,
	6.77662 5.41952,
	6.63447 5.38842,
	6.56339 5.3862,
	6.52785 5.38398,
	6.51008 5.38398,
	6.43901 5.39953,
	6.40347 5.39953,
	6.36793 5.39064,
	6.3324 5.37287,
	6.29686 5.35066,
	6.28797 5.34178,
	6.27909 5.33956,
	6.26132 5.32623,
	6.24799 5.30846,
	6.23911 5.29069,
	6.23911 5.27292,
	6.23467 5.25515,
	6.21912 5.23739,
	6.21468 5.23294,
	6.21468 5.2285,
	6.21023 5.22406,
	6.20357 5.15298,
	6.20357 5.11745,
	6.20357 5.09968,
	"/>
</Transform>

<Transform dim="0"
 xcoef=" 0 1 0 0 0 0"
 ycoef=" 0 0 1 0 0 0">
<Contour name="d02" hidden="false" closed="true" simplified="true" border="0.5 0 1" fill="0.5 0 1" mode="9"
 points="5.72917 4.3965,
	5.73897 4.37037,
	5.7455 4.3573,
	5.75203 4.30504,
	5.77163 4.25278,
	5.77816 4.23971,
	5.78469 4.23318,
	5.81083 4.22665,
	5.82389 4.22992,
	5.87615 4.26911,
	5.92188 4.30504,
	5.92841 4.31157,
	5.92841 4.3377,
	5.93821 4.36384,
	5.96434 4.38017,
	5.99047 4.3867,
	5.99701 4.3867,
	6.00027 4.39323,
	6.0264 4.3965,
	6.03947 4.3965,
	6.0656 4.3769,
	6.09173 4.3671,
	6.1048 4.36384,
	6.11786 4.3671,
	6.12439 4.37037,
	6.12113 4.3965,
	6.11133 4.42263,
	6.11133 4.42916,
	6.08846 4.45203,
	6.06233 4.46183,
	6.04927 4.46836,
	6.04274 4.46836,
	6.0362 4.47489,
	6.02314 4.47816,
	6.01007 4.48796,
	5.99701 4.49122,
	5.98394 4.50102,
	5.97088 4.50429,
	5.96434 4.50429,
	5.95128 4.51409,
	5.94475 4.51409,
	5.91861 4.53042,
	5.89248 4.53368,
	5.84022 4.52389,
	5.81409 4.51409,
	5.76183 4.50429,
	5.7357 4.50429,
	5.72917 4.49776,
	5.72917 4.44549,
	5.72917 4.41936,
	5.72917 4.4063,
	5.72917 4.39976,
	"/>
</Transform>

<Transform dim="0"
 xcoef=" 0 1 0 0 0 0"
 ycoef=" 0 0 1 0 0 0">
<Contour name="d02p08" hidden="false" closed="true" simplified="false" border="1 0 0" fill="1 0 0" mode="-9"
 points="7.76064 5.16844,
	7.74512 5.16844,
	7.74512 5.1762,
	7.75288 5.18397,
	7.77617 5.19173,
	7.76064 5.19949,
	7.75288 5.21501,
	7.73736 5.19949,
	7.7296 5.18397,
	7.7296 5.16844,
	7.71407 5.16844,
	7.73736 5.15292,
	"/>
</Transform>

<Transform dim="0"
 xcoef=" 0 1 0 0 0 0"
 ycoef=" 0 0 1 0 0 0">
<Contour name="d02p09" hidden="false" closed="true" simplified="false" border="0 1 0" fill="0 1 0" mode="-9"
 points="6.4973 4.89542,
	6.4973 4.87217,
	6.52056 4.87217,
	6.52056 4.84891,
	6.54382 4.84891,
	6.54382 4.87217,
	6.56707 4.87217,
	6.56707 4.89542,
	6.54382 4.89542,
	6.54382 4.91868,
	6.52056 4.91868,
	6.52056 4.89542,
	"/>
</Transform>

<Transform dim="0"
 xcoef=" 0 1 0 0 0 0"
 ycoef=" 0 0 1 0 0 0">
<Contour name="d02c08" hidden="false" closed="true" simplified="true" border="0 1 0" fill="0 1 0" mode="9"
 points="7.8362 5.49845,
	7.8381 5.49085,
	7.85331 5.48135,
	7.86851 5.47755,
	7.87611 5.47185,
	7.88372 5.46995,
	7.88752 5.46995,
	7.89322 5.47755,
	7.95404 5.47375,
	8.01486 5.46614,
	8.02246 5.46234,
	8.08328 5.45854,
	8.11369 5.45284,
	8.12889 5.45284,
	8.1441 5.44904,
	8.17451 5.44904,
	8.18971 5.44904,
	8.20492 5.45284,
	8.21252 5.45854,
	8.21632 5.46234,
	8.21632 5.47755,
	8.21062 5.48515,
	8.20492 5.48895,
	8.1441 5.49085,
	8.11369 5.49085,
	8.05287 5.49845,
	8.02246 5.49845,
	7.99205 5.50226,
	7.96164 5.50986,
	7.94644 5.51556,
	7.93123 5.51746,
	7.92363 5.52126,
	7.86281 5.51936,
	7.8476 5.51366,
	7.8438 5.50986,
	7.84 5.50986,
	7.8362 5.50606,
	7.8362 5.50035,
	"/>
</Transform>

<Transform dim="0"
 xcoef=" 0 1 0 0 0 0"
 ycoef=" 0 0 1 0 0 0">
<Contour name="d02cfa08" hidden="false" closed="false" simplified="false" border="0 1 1" fill="0 1 1" mode="-9"
 points="8.21262 5.46683,
	8.11949 5.47634,
	8.01876 5.48394,
	7.93513 5.49914,
	7.842 5.49724,
	"/>
</Transform>

<Transform dim="0"
 xcoef=" 0 1 0 0 0 0"
 ycoef=" 0 0 1 0 0 0">
<Contour name="d02c09" hidden="false" closed="true" simplified="true" border="0 1 0" fill="0 1 0" mode="9"
 points="5.70463 4.44284,
	5.70684 4.40742,
	5.72455 4.33658,
	5.72455 4.32773,
	5.73783 4.29231,
	5.74669 4.2746,
	5.75997 4.2591,
	5.76883 4.25246,
	5.77768 4.25246,
	5.78211 4.25246,
	5.79096 4.2591,
	5.79318 4.26132,
	5.78875 4.26353,
	5.78653 4.28124,
	5.78432 4.29009,
	5.77768 4.29895,
	5.77104 4.33437,
	5.75997 4.36757,
	5.75554 4.43841,
	5.75333 4.45612,
	5.7489 4.46497,
	5.7489 4.47383,
	5.74005 4.49154,
	5.72234 4.49375,
	5.71791 4.49375,
	5.70463 4.47604,
	5.70463 4.45833,
	5.70463 4.44948,
	5.70463 4.44505,
	"/>
<Contour name="d02cfa09" hidden="false" closed="false" simplified="false" border="0 1 1" fill="0 1 1" mode="-9"
 points="5.72579 4.49369,
	5.72579 4.46049,
	5.73243 4.38744,
	5.75014 4.31217,
	5.77449 4.25019,
	"/>
</Transform>

<Transform dim="0"
 xcoef=" 0 1 0 0 0 0"
 ycoef=" 0 0 1 0 0 0">
<Contour name="d02rb08a2" hidden="false" closed="true" simplified="false" border="1 0 1" fill="1 0 1" mode="-9"
 points="7.62885 5.24752,
	7.62885 5.23947,
	7.6369 5.23142,
	7.64496 5.23142,
	7.65301 5.23947,
	7.65301 5.24752,
	7.64496 5.25557,
	7.6369 5.25557,
	"/>
<Contour name="d02rb08a3" hidden="false" closed="true" simplified="false" border="1 0 1" fill="1 0 1" mode="-9"
 points="7.70937 5.20525,
	7.70937 5.1972,
	7.71742 5.18915,
	7.72547 5.18915,
	7.73352 5.1972,
	7.73352 5.20525,
	7.72547 5.2133,
	7.71742 5.2133,
	"/>
<Contour name="d02rb08a4" hidden="false" closed="true" simplified="false" border="1 0 1" fill="1 0 1" mode="-9"
 points="7.69326 5.18713,
	7.69326 5.17908,
	7.70132 5.17103,
	7.70937 5.17103,
	7.71742 5.17908,
	7.71742 5.18713,
	7.70937 5.19519,
	7.70132 5.19519,
	"/>
</Transform>

<Transform dim="0"
 xcoef=" 0 1 0 0 0 0"
 ycoef=" 0 0 1 0 0 0">
<Contour name="d02rb08a1" hidden="false" closed="true" simplified="false" border="1 0 1" fill="1 0 1" mode="-9"
 points="7.65502 5.21733,
	7.65502 5.20928,
	7.66307 5.20122,
	7.67112 5.20122,
	7.67917 5.20928,
	7.67917 5.21733,
	7.67112 5.22538,
	7.66307 5.22538,
	"/>
</Transform>

<Transform dim="6"
 xcoef=" 0.0804533348464945 0.94069039324198 0.0148921767720002 0 0 0"
 ycoef=" -0.239923033230042 0.037717892008066 0.995979991583349 0 0 0">
<Image mag="0.00223443" contrast="1.407" brightness="-0.21" red="true" green="true" blue="true"
 src="CVZWG_und.044.tif" />
<Contour name="domain1" hidden="false" closed="true" simplified="false" border="1 0 1" fill="1 0 1" mode="11"
 points="0 0,
	4097 0,
	4097 4097,
	0 4097,
	"/>
</Transform>

<Transform dim="0"
 xcoef=" 0 1 0 0 0 0"
 ycoef=" 0 0 1 0 0 0">
<Contour name="d02ax11" hidden="false" closed="true" simplified="true" border="0 1 1" fill="0 1 1" mode="-11"
 points="7.03783 4.16211,
	7.04529 4.15017,
	7.06619 4.12629,
	7.07514 4.11734,
	7.08708 4.1054,
	7.09305 4.10093,
	7.11693 4.09197,
	7.1408 4.086,
	7.18707 4.06063,
	7.19602 4.05168,
	7.20497 4.03974,
	7.21691 4.0278,
	7.2393 4.00989,
	7.25124 3.99945,
	7.2587 3.98751,
	7.2587 3.98154,
	7.25124 3.9696,
	7.24079 3.95766,
	7.23034 3.93378,
	7.22288 3.90991,
	7.21691 3.89797,
	7.20497 3.88603,
	7.19303 3.87708,
	7.18707 3.87111,
	7.16319 3.85917,
	7.14379 3.83678,
	7.13931 3.82484,
	7.1408 3.80097,
	7.1423 3.78903,
	7.13931 3.76515,
	7.1408 3.74127,
	7.13931 3.7174,
	7.13782 3.71143,
	7.13633 3.70844,
	7.14379 3.6965,
	7.15274 3.67263,
	7.15573 3.64875,
	7.15573 3.63681,
	7.1617 3.61293,
	7.16319 3.56518,
	7.16617 3.55324,
	7.1796 3.52936,
	7.18856 3.51742,
	7.19453 3.51145,
	7.24228 3.49205,
	7.29004 3.48012,
	7.31391 3.47862,
	7.32585 3.47862,
	7.34973 3.48608,
	7.36167 3.49056,
	7.37361 3.50101,
	7.4139 3.54727,
	7.42136 3.55921,
	7.42435 3.56518,
	7.42435 3.56816,
	7.43927 3.59204,
	7.47807 3.63979,
	7.49598 3.66218,
	7.50493 3.68606,
	7.50642 3.70993,
	7.50493 3.72187,
	7.49001 3.76963,
	7.48255 3.7935,
	7.47807 3.88901,
	7.47807 3.91289,
	7.47508 3.93677,
	7.46762 3.94871,
	7.44524 3.9696,
	7.42136 3.98154,
	7.40942 3.98751,
	7.36465 4.0278,
	7.34078 4.04571,
	7.3169 4.0666,
	7.31242 4.06959,
	7.29153 4.09346,
	7.28407 4.1054,
	7.27213 4.11734,
	7.26616 4.12331,
	7.24228 4.13674,
	7.2199 4.15913,
	7.19602 4.17554,
	7.17214 4.18897,
	7.1602 4.19494,
	7.13633 4.21285,
	7.12439 4.2218,
	7.11245 4.22628,
	7.10051 4.22628,
	7.07663 4.21733,
	7.05425 4.20091,
	7.0438 4.19046,
	7.03932 4.1845,
	7.03783 4.17256,
	7.03783 4.16659,
	7.03783 4.1636,
	"/>
</Transform>

<Transform dim="0"
 xcoef=" 0 1 0 0 0 0"
 ycoef=" 0 0 1 0 0 0">
<Contour name="d02ax12" hidden="false" closed="true" simplified="true" border="0 1 1" fill="0 1 1" mode="-11"
 points="5.39353 5.94691,
	5.39658 5.93471,
	5.40268 5.92252,
	5.41335 5.91032,
	5.42554 5.90117,
	5.43774 5.89508,
	5.44384 5.8905,
	5.44689 5.8905,
	5.45908 5.88288,
	5.47128 5.87831,
	5.52006 5.86916,
	5.52616 5.86611,
	5.57494 5.85849,
	5.59933 5.85087,
	5.61153 5.84782,
	5.61762 5.84477,
	5.66641 5.83562,
	5.6908 5.83257,
	5.70299 5.82952,
	5.71519 5.82952,
	5.71824 5.82952,
	5.71367 5.82495,
	5.72434 5.81428,
	5.77312 5.80818,
	5.79751 5.80056,
	5.84629 5.79141,
	5.87068 5.78989,
	5.89508 5.79141,
	5.90727 5.79141,
	5.93166 5.79599,
	5.95605 5.79751,
	6.00484 5.80513,
	6.1024 5.80971,
	6.15118 5.8158,
	6.16338 5.8219,
	6.21216 5.83105,
	6.23655 5.83562,
	6.26095 5.83562,
	6.28534 5.83867,
	6.33412 5.85544,
	6.35851 5.86001,
	6.40729 5.87373,
	6.41949 5.87678,
	6.44388 5.88898,
	6.49266 5.90727,
	6.50486 5.90727,
	6.51096 5.90727,
	6.52315 5.90117,
	6.54754 5.89965,
	6.59633 5.90422,
	6.60852 5.91032,
	6.63139 5.93166,
	6.64206 5.94386,
	6.64816 5.95605,
	6.65883 5.96825,
	6.67255 5.99112,
	6.67255 5.99417,
	6.68017 6.00636,
	6.6817 6.01246,
	6.68475 6.01551,
	6.68475 6.01856,
	6.69999 6.04295,
	6.70761 6.06734,
	6.70914 6.09173,
	6.70151 6.11612,
	6.69999 6.14051,
	6.71066 6.16491,
	6.72438 6.1893,
	6.72895 6.19539,
	6.72743 6.20759,
	6.71676 6.21826,
	6.66798 6.23351,
	6.64358 6.23808,
	6.54602 6.23503,
	6.52163 6.23046,
	6.51553 6.23046,
	6.50943 6.22741,
	6.50333 6.22741,
	6.47894 6.21826,
	6.43016 6.20759,
	6.40577 6.19997,
	6.38138 6.18777,
	6.35699 6.18015,
	6.35089 6.1771,
	6.34479 6.1771,
	6.29601 6.16338,
	6.28381 6.16033,
	6.23503 6.15576,
	6.13746 6.14051,
	6.08868 6.12984,
	6.0399 6.12374,
	6.01551 6.12222,
	5.96673 6.1146,
	5.94233 6.11155,
	5.91794 6.10545,
	5.90575 6.10393,
	5.85696 6.08716,
	5.84477 6.08411,
	5.83257 6.07801,
	5.78379 6.07039,
	5.7594 6.06582,
	5.71062 6.06124,
	5.66183 6.06124,
	5.61305 6.05667,
	5.51549 6.05514,
	5.4911 6.0521,
	5.4667 6.046,
	5.45451 6.04295,
	5.43012 6.02313,
	5.3981 5.97435,
	5.39353 5.96215,
	5.39353 5.94996,
	5.39353 5.94843,
	"/>
</Transform>

<Transform dim="0"
 xcoef=" 0 1 0 0 0 0"
 ycoef=" 0 0 1 0 0 0">
<Contour name="d01ax13" hidden="false" closed="true" simplified="true" border="0 1 1" fill="0 1 1" mode="-11"
 points="3.50669 4.88936,
	3.51562 4.87685,
	3.51919 4.87328,
	3.53348 4.86792,
	3.54777 4.85899,
	3.55492 4.85541,
	3.5835 4.85541,
	3.61208 4.86435,
	3.62638 4.87149,
	3.68354 4.87685,
	3.79787 4.88042,
	3.85503 4.87685,
	3.88362 4.87685,
	3.9122 4.88221,
	3.91934 4.88757,
	3.92292 4.88757,
	3.93721 4.8965,
	3.94435 4.89829,
	3.95864 4.90901,
	4.01224 4.96438,
	4.0694 4.99833,
	4.08369 5.00904,
	4.09798 5.02333,
	4.1087 5.03763,
	4.12478 5.06621,
	4.13014 5.0805,
	4.13014 5.09479,
	4.11585 5.10372,
	4.08727 5.11087,
	4.05868 5.12516,
	4.00152 5.14481,
	3.97294 5.15731,
	3.94435 5.16446,
	3.91577 5.16803,
	3.85861 5.16803,
	3.83002 5.16446,
	3.81573 5.16267,
	3.78715 5.15374,
	3.72999 5.14838,
	3.72284 5.14838,
	3.70855 5.14302,
	3.7014 5.14302,
	3.67282 5.13409,
	3.65853 5.12516,
	3.64603 5.11265,
	3.62816 5.05549,
	3.60137 4.99833,
	3.58172 4.96974,
	3.56743 4.95902,
	3.55492 4.94473,
	3.54777 4.93937,
	3.5442 4.9358,
	3.54599 4.93223,
	3.53706 4.91794,
	3.5317 4.91079,
	3.51741 4.90543,
	3.51026 4.90186,
	3.50669 4.89829,
	3.50669 4.89114,
	"/>
</Transform>

<Transform dim="0"
 xcoef=" 0 1 0 0 0 0"
 ycoef=" 0 0 1 0 0 0">
<Contour name="d01ax13ssvr" hidden="false" closed="true" simplified="false" border="0 1 0.25098" fill="0 1 0" mode="-9"
 points="3.7201 5.07099,
	3.7201 5.06755,
	3.72354 5.06411,
	3.72698 5.06411,
	3.73042 5.06755,
	3.73042 5.07099,
	3.72698 5.07443,
	3.72354 5.07443,
	"/>
<Contour name="d01ax13ssvr" hidden="false" closed="true" simplified="false" border="0 1 0.25098" fill="0 1 0" mode="-9"
 points="3.73386 4.96262,
	3.73386 4.95918,
	3.7373 4.95574,
	3.74074 4.95574,
	3.74418 4.95918,
	3.74418 4.96262,
	3.74074 4.96606,
	3.7373 4.96606,
	"/>
<Contour name="d01ax13ssvr" hidden="false" closed="true" simplified="false" border="0 1 0.25098" fill="0 1 0" mode="-9"
 points="3.92134 5.07615,
	3.92134 5.07271,
	3.92478 5.06927,
	3.92822 5.06927,
	3.93166 5.07271,
	3.93166 5.07615,
	3.92822 5.07959,
	3.92478 5.07959,
	"/>
<Contour name="d01ax13ssvr" hidden="false" closed="true" simplified="false" border="0 1 0.25098" fill="0 1 0" mode="-9"
 points="3.88436 5.00648,
	3.88436 5.00304,
	3.8878 4.9996,
	3.89124 4.9996,
	3.89468 5.00304,
	3.89468 5.00648,
	3.89124 5.00992,
	3.8878 5.00992,
	"/>
<Contour name="d01ax13ssvr" hidden="false" closed="true" simplified="false" border="0 1 0.25098" fill="0 1 0" mode="-9"
 points="3.78976 4.99788,
	3.78976 4.99444,
	3.7932 4.991,
	3.79664 4.991,
	3.80008 4.99444,
	3.80008 4.99788,
	3.79664 5.00132,
	3.7932 5.00132,
	"/>
<Contour name="d01ax13ssvr" hidden="false" closed="true" simplified="false" border="0 1 0.25098" fill="0 1 0" mode="-9"
 points="3.82932 5.02626,
	3.82932 5.02282,
	3.83276 5.01938,
	3.8362 5.01938,
	3.83964 5.02282,
	3.83964 5.02626,
	3.8362 5.0297,
	3.83276 5.0297,
	"/>
<Contour name="d01ax13ssvr" hidden="false" closed="true" simplified="false" border="0 1 0.25098" fill="0 1 0" mode="-9"
 points="3.71494 5.0082,
	3.71494 5.00476,
	3.71838 5.00132,
	3.72182 5.00132,
	3.72526 5.00476,
	3.72526 5.0082,
	3.72182 5.01164,
	3.71838 5.01164,
	"/>
<Contour name="d01ax13ssvr" hidden="false" closed="true" simplified="false" border="0 1 0.25098" fill="0 1 0" mode="-9"
 points="3.9437 5.00476,
	3.9437 5.00132,
	3.94714 4.99788,
	3.95058 4.99788,
	3.95403 5.00132,
	3.95403 5.00476,
	3.95058 5.0082,
	3.94714 5.0082,
	"/>
</Transform>

<Transform dim="0"
 xcoef=" 0 1 0 0 0 0"
 ycoef=" 0 0 1 0 0 0">
<Contour name="d01ax13ssvr" hidden="false" closed="true" simplified="false" border="0 1 0.25098" fill="0 1 0" mode="-9"
 points="3.7764 5.04522,
	3.7764 5.0409,
	3.78072 5.03659,
	3.78503 5.03659,
	3.78935 5.0409,
	3.78935 5.04522,
	3.78503 5.04954,
	3.78072 5.04954,
	"/>
<Contour name="d01ax13ssvr" hidden="false" closed="true" simplified="false" border="0 1 0.25098" fill="0 1 0" mode="-9"
 points="3.82497 5.07544,
	3.82497 5.07113,
	3.82929 5.06681,
	3.83361 5.06681,
	3.83792 5.07113,
	3.83792 5.07544,
	3.83361 5.07976,
	3.82929 5.07976,
	"/>
<Contour name="d01ax13ssvr" hidden="false" closed="true" simplified="false" border="0 1 0.25098" fill="0 1 0" mode="-9"
 points="3.87462 5.06357,
	3.87462 5.05925,
	3.87894 5.05493,
	3.88326 5.05493,
	3.88757 5.05925,
	3.88757 5.06357,
	3.88326 5.06789,
	3.87894 5.06789,
	"/>
<Contour name="d01ax13ssvr" hidden="false" closed="true" simplified="false" border="0 1 0.25098" fill="0 1 0" mode="-9"
 points="3.76668 5.09163,
	3.76668 5.08732,
	3.771 5.083,
	3.77532 5.083,
	3.77964 5.08732,
	3.77964 5.09163,
	3.77532 5.09595,
	3.771 5.09595,
	"/>
<Contour name="d01ax13ssvr" hidden="false" closed="true" simplified="false" border="0 1 0.25098" fill="0 1 0" mode="-9"
 points="3.85087 5.12186,
	3.85087 5.11754,
	3.85519 5.11322,
	3.85951 5.11322,
	3.86383 5.11754,
	3.86383 5.12186,
	3.85951 5.12617,
	3.85519 5.12617,
	"/>
<Contour name="d01ax13ssvr" hidden="false" closed="true" simplified="false" border="0 1 0.25098" fill="0 1 0" mode="-9"
 points="3.96852 5.07113,
	3.96852 5.06681,
	3.97284 5.06249,
	3.97716 5.06249,
	3.98148 5.06681,
	3.98148 5.07113,
	3.97716 5.07544,
	3.97284 5.07544,
	"/>
</Transform>

<Transform dim="0"
 xcoef=" 0 1 0 0 0 0"
 ycoef=" 0 0 1 0 0 0">
<Contour name="d01ax13ssvr" hidden="false" closed="true" simplified="false" border="0 1 0.25098" fill="0 1 0" mode="-9"
 points="3.94154 5.12725,
	3.94154 5.12293,
	3.94586 5.11862,
	3.95018 5.11862,
	3.95449 5.12293,
	3.95449 5.12725,
	3.95018 5.13157,
	3.94586 5.13157,
	"/>
<Contour name="d01ax13ssvr" hidden="false" closed="true" simplified="false" border="0 1 0.25098" fill="0 1 0" mode="-9"
 points="4.03652 5.03874,
	4.03652 5.03443,
	4.04084 5.03011,
	4.04516 5.03011,
	4.04948 5.03443,
	4.04948 5.03874,
	4.04516 5.04306,
	4.04084 5.04306,
	"/>
</Transform>

<Transform dim="0"
 xcoef=" 0 1 0 0 0 0"
 ycoef=" 0 0 1 0 0 0">
<Contour name="d01ax14" hidden="false" closed="true" simplified="true" border="0 1 1" fill="0 1 1" mode="-11"
 points="4.11112 5.59607,
	4.11456 5.58232,
	4.11971 5.57545,
	4.11971 5.57201,
	4.12831 5.55826,
	4.13174 5.55139,
	4.14377 5.53764,
	4.15581 5.53248,
	4.16955 5.52217,
	4.1833 5.51529,
	4.2108 5.51186,
	4.22455 5.51357,
	4.2383 5.51873,
	4.2658 5.52217,
	4.3758 5.52045,
	4.38267 5.52045,
	4.41017 5.53076,
	4.41705 5.53248,
	4.42048 5.53248,
	4.42736 5.53764,
	4.4308 5.53764,
	4.4583 5.55654,
	4.46345 5.55998,
	4.48408 5.58404,
	4.48923 5.59779,
	4.48751 5.61154,
	4.47548 5.62013,
	4.47205 5.62013,
	4.46861 5.62357,
	4.41361 5.63216,
	4.38611 5.63216,
	4.35861 5.63732,
	4.33111 5.63732,
	4.31736 5.63732,
	4.30361 5.64076,
	4.27611 5.64248,
	4.24861 5.63732,
	4.19362 5.63904,
	4.17987 5.64076,
	4.12659 5.62185,
	4.11971 5.62013,
	4.11284 5.61498,
	4.11112 5.60123,
	4.11112 5.59779,
	"/>
</Transform>

<Transform dim="0"
 xcoef=" 0 1 0 0 0 0"
 ycoef=" 0 0 1 0 0 0">
<Contour name="d01ax12" hidden="false" closed="true" simplified="true" border="0 1 1" fill="0 1 1" mode="-11"
 points="7.45848 3.8881,
	7.46662 3.85552,
	7.4707 3.83922,
	7.48292 3.82293,
	7.49921 3.80867,
	7.5155 3.80052,
	7.5318 3.79645,
	7.54809 3.78627,
	7.56439 3.78016,
	7.58068 3.77812,
	7.58883 3.77812,
	7.65197 3.827,
	7.66215 3.84329,
	7.67233 3.87588,
	7.67844 3.90847,
	7.67844 3.92476,
	7.67437 3.94106,
	7.66419 3.95735,
	7.66419 3.96142,
	7.63974 3.99401,
	7.60716 4.01845,
	7.57457 4.02049,
	7.55828 4.01845,
	7.4931 3.99198,
	7.48495 3.9879,
	7.47477 3.97161,
	7.46051 3.93902,
	7.45848 3.90643,
	7.45848 3.89014,
	"/>
</Transform>

<Transform dim="0"
 xcoef=" 0 1 0 0 0 0"
 ycoef=" 0 0 1 0 0 0">
<Contour name="d03ax07" hidden="false" closed="true" simplified="true" border="0 1 1" fill="0 1 1" mode="-11"
 points="8.11539 6.17115,
	8.12239 6.15248,
	8.13172 6.14547,
	8.13639 6.14081,
	8.14573 6.13847,
	8.15507 6.13147,
	8.15973 6.1268,
	8.16907 6.12447,
	8.18541 6.11046,
	8.22275 6.09879,
	8.2601 6.09646,
	8.27877 6.09179,
	8.29744 6.09179,
	8.30678 6.09179,
	8.32545 6.10346,
	8.33012 6.10813,
	8.33712 6.1268,
	8.33712 6.16415,
	8.33478 6.18282,
	8.32311 6.20149,
	8.31378 6.21083,
	8.27643 6.22716,
	8.25776 6.23183,
	8.24142 6.2435,
	8.22742 6.25984,
	8.19008 6.26218,
	8.1714 6.26218,
	8.15273 6.24817,
	8.14106 6.2295,
	8.13639 6.22483,
	8.13639 6.22016,
	8.12706 6.21083,
	8.11772 6.19215,
	8.11539 6.17348,
	"/>
</Transform>

<Transform dim="0"
 xcoef=" 0 1 0 0 0 0"
 ycoef=" 0 0 1 0 0 0">
<Contour name="d03ax07" hidden="false" closed="true" simplified="true" border="0 1 1" fill="0 1 1" mode="-11"
 points="8.20603 5.3003,
	8.21586 5.28457,
	8.24338 5.25508,
	8.25911 5.24525,
	8.26698 5.24132,
	8.27091 5.23739,
	8.27877 5.23542,
	8.30826 5.21576,
	8.31613 5.21183,
	8.32006 5.21183,
	8.35151 5.19414,
	8.35938 5.18824,
	8.39083 5.17841,
	8.42229 5.17251,
	8.4852 5.17251,
	8.51666 5.17251,
	8.53238 5.17251,
	8.56384 5.17841,
	8.59333 5.1961,
	8.60906 5.2079,
	8.61299 5.2138,
	8.64444 5.23542,
	8.66017 5.24722,
	8.6759 5.25508,
	8.68376 5.26098,
	8.71522 5.26885,
	8.73095 5.27671,
	8.7624 5.30227,
	8.77617 5.31603,
	8.79189 5.32586,
	8.79583 5.32979,
	8.82728 5.34159,
	8.84301 5.34552,
	8.90592 5.34552,
	8.92165 5.34945,
	8.92951 5.34945,
	8.96097 5.35928,
	8.99046 5.37894,
	9.00619 5.39074,
	9.01405 5.3927,
	9.02191 5.3986,
	9.05337 5.40843,
	9.08483 5.41236,
	9.14774 5.43202,
	9.21065 5.44185,
	9.21851 5.44578,
	9.28142 5.45168,
	9.34434 5.45365,
	9.37579 5.45561,
	9.40725 5.46151,
	9.4387 5.47134,
	9.45443 5.47921,
	9.4623 5.48314,
	9.47802 5.4969,
	9.48982 5.51263,
	9.48982 5.52836,
	9.48785 5.53622,
	9.47409 5.54802,
	9.44264 5.55981,
	9.41118 5.56571,
	9.28536 5.55588,
	9.22245 5.55391,
	9.15953 5.54802,
	9.14381 5.54802,
	9.12808 5.55195,
	9.12021 5.55195,
	9.10449 5.55981,
	9.08876 5.57357,
	9.08089 5.57947,
	9.06517 5.58144,
	9.03371 5.57554,
	9.00225 5.56374,
	8.99439 5.55785,
	8.98653 5.55588,
	8.92361 5.51853,
	8.8607 5.50083,
	8.82925 5.4969,
	8.81352 5.4969,
	8.78206 5.48904,
	8.75061 5.47527,
	8.71915 5.46544,
	8.70342 5.45955,
	8.67197 5.45758,
	8.60906 5.46348,
	8.5776 5.46348,
	8.45178 5.45365,
	8.38887 5.45561,
	8.35741 5.45561,
	8.34168 5.45365,
	8.33382 5.45365,
	8.32595 5.44775,
	8.31809 5.44578,
	8.3063 5.43006,
	8.30236 5.42612,
	8.29843 5.4104,
	8.29843 5.40253,
	8.26894 5.37304,
	8.25321 5.36125,
	8.24338 5.34552,
	8.23552 5.33962,
	8.23159 5.33962,
	8.20603 5.3121,
	8.20603 5.30423,
	8.20603 5.30227,
	"/>
</Transform>

<Transform dim="0"
 xcoef=" 0 1 0 0 0 0"
 ycoef=" 0 0 1 0 0 0">
<Contour name="d04ax10" hidden="false" closed="true" simplified="true" border="0 1 1" fill="0 1 1" mode="-11"
 points="5.10013 6.00427,
	5.10762 5.98429,
	5.12511 5.96431,
	5.14509 5.95681,
	5.16507 5.95431,
	5.20503 5.96181,
	5.24499 5.97679,
	5.26497 5.98429,
	5.27496 5.98678,
	5.27996 5.99178,
	5.28495 5.99178,
	5.32242 6.01925,
	5.36238 6.05172,
	5.38236 6.06421,
	5.39235 6.0717,
	5.43231 6.08169,
	5.45229 6.08919,
	5.45729 6.08919,
	5.49725 6.11666,
	5.53721 6.14913,
	5.57717 6.1741,
	5.61714 6.19159,
	5.6571 6.20408,
	5.67708 6.21157,
	5.71454 6.24154,
	5.73452 6.25902,
	5.73952 6.25902,
	5.74951 6.26652,
	5.78947 6.26901,
	5.80945 6.27151,
	5.81944 6.27151,
	5.83942 6.284,
	5.85191 6.30398,
	5.85191 6.32396,
	5.84692 6.34394,
	5.84192 6.35393,
	5.84192 6.35893,
	5.80945 6.39639,
	5.78947 6.41388,
	5.74951 6.43386,
	5.72953 6.44135,
	5.64961 6.44385,
	5.48976 6.43136,
	5.4498 6.42636,
	5.42982 6.41887,
	5.38985 6.3889,
	5.36987 6.37142,
	5.35489 6.35144,
	5.3449 6.33145,
	5.3449 6.32646,
	5.3399 6.32146,
	5.32741 6.2815,
	5.31992 6.26152,
	5.31493 6.25153,
	5.29494 6.23655,
	5.25498 6.21906,
	5.21502 6.20657,
	5.17506 6.1791,
	5.13759 6.14164,
	5.1301 6.13165,
	5.12511 6.12665,
	5.12261 6.10667,
	5.12011 6.09668,
	5.12511 6.0767,
	5.12511 6.06671,
	5.10513 6.02675,
	5.10013 6.01676,
	5.10013 6.00676,
	"/>
</Transform>

<Transform dim="0"
 xcoef=" 0 1 0 0 0 0"
 ycoef=" 0 0 1 0 0 0">
<Contour name="d04ax10" hidden="false" closed="true" simplified="true" border="0 1 1" fill="0 1 1" mode="-11"
 points="6.43635 6.60869,
	6.45384 6.56873,
	6.46882 6.55124,
	6.50879 6.52877,
	6.52877 6.52877,
	6.56873 6.54125,
	6.58871 6.54875,
	6.5987 6.55374,
	6.63866 6.56124,
	6.65864 6.57123,
	6.6986 6.58371,
	6.77853 6.61618,
	6.85845 6.64366,
	6.89841 6.65614,
	6.91839 6.66364,
	6.93838 6.67613,
	6.95836 6.69361,
	6.96835 6.7036,
	6.97334 6.71359,
	6.97334 6.73357,
	6.96835 6.75355,
	6.95836 6.77353,
	6.92339 6.811,
	6.88343 6.83847,
	6.8035 6.86594,
	6.72358 6.86844,
	6.68362 6.85845,
	6.60369 6.82099,
	6.58371 6.811,
	6.54375 6.78103,
	6.46383 6.70859,
	6.44884 6.68861,
	6.43635 6.64865,
	6.43635 6.61119,
	"/>
</Transform>

<Transform dim="0"
 xcoef=" 0 1 0 0 0 0"
 ycoef=" 0 0 1 0 0 0">
<Contour name="d04ax10ssvr" hidden="false" closed="true" simplified="false" border="0 1 0" fill="0 1 0" mode="-11"
 points="4.4789 5.72526,
	4.46618 5.71253,
	4.4789 5.69981,
	4.49163 5.71253,
	"/>
<Contour name="d04ax10ssvr" hidden="false" closed="true" simplified="false" border="0 1 0" fill="0 1 0" mode="-11"
 points="4.5589 5.71981,
	4.54617 5.70708,
	4.5589 5.69435,
	4.57162 5.70708,
	"/>
<Contour name="d04ax10ssvr" hidden="false" closed="true" simplified="false" border="0 1 0" fill="0 1 0" mode="-11"
 points="4.54072 5.76526,
	4.52799 5.75253,
	4.54072 5.7398,
	4.55344 5.75253,
	"/>
<Contour name="d04ax10ssvr" hidden="false" closed="true" simplified="false" border="0 1 0" fill="0 1 0" mode="-11"
 points="4.48981 5.77435,
	4.47708 5.76162,
	4.48981 5.74889,
	4.50254 5.76162,
	"/>
<Contour name="d04ax10ssvr" hidden="false" closed="true" simplified="false" border="0 1 0" fill="0 1 0" mode="-11"
 points="4.48981 5.81798,
	4.47708 5.80525,
	4.48981 5.79253,
	4.50254 5.80525,
	"/>
<Contour name="d04ax10ssvr" hidden="false" closed="true" simplified="false" border="0 1 0" fill="0 1 0" mode="-11"
 points="4.54072 5.82889,
	4.52799 5.81616,
	4.54072 5.80344,
	4.55344 5.81616,
	"/>
<Contour name="d04ax10ssvr" hidden="false" closed="true" simplified="false" border="0 1 0" fill="0 1 0" mode="-11"
 points="4.51345 5.85434,
	4.50072 5.84162,
	4.51345 5.82889,
	4.52617 5.84162,
	"/>
<Contour name="d04ax10ssvr" hidden="false" closed="true" simplified="false" border="0 1 0" fill="0 1 0" mode="-11"
 points="4.59162 5.84343,
	4.5789 5.83071,
	4.59162 5.81798,
	4.60435 5.83071,
	"/>
<Contour name="d04ax10ssvr" hidden="false" closed="true" simplified="false" border="0 1 0" fill="0 1 0" mode="-11"
 points="4.5789 5.79798,
	4.56617 5.78526,
	4.5789 5.77253,
	4.59162 5.78526,
	"/>
<Contour name="d04ax10ssvr" hidden="false" closed="true" simplified="false" border="0 1 0" fill="0 1 0" mode="-11"
 points="4.63526 5.77798,
	4.62253 5.76526,
	4.63526 5.75253,
	4.64798 5.76526,
	"/>
<Contour name="d04ax10ssvr" hidden="false" closed="true" simplified="false" border="0 1 0" fill="0 1 0" mode="-11"
 points="4.6498 5.82344,
	4.63707 5.81071,
	4.6498 5.79798,
	4.66253 5.81071,
	"/>
<Contour name="d04ax10ssvr" hidden="false" closed="true" simplified="false" border="0 1 0" fill="0 1 0" mode="-11"
 points="4.6898 5.86161,
	4.67707 5.84889,
	4.6898 5.83616,
	4.70252 5.84889,
	"/>
<Contour name="d04ax10ssvr" hidden="false" closed="true" simplified="false" border="0 1 0" fill="0 1 0" mode="-11"
 points="4.64616 5.8707,
	4.63344 5.85798,
	4.64616 5.84525,
	4.65889 5.85798,
	"/>
<Contour name="d04ax10ssvr" hidden="false" closed="true" simplified="false" border="0 1 0" fill="0 1 0" mode="-11"
 points="4.66616 5.91252,
	4.65344 5.89979,
	4.66616 5.88707,
	4.67889 5.89979,
	"/>
<Contour name="d04ax10ssvr" hidden="false" closed="true" simplified="false" border="0 1 0" fill="0 1 0" mode="-11"
 points="4.72798 5.91616,
	4.71525 5.90343,
	4.72798 5.8907,
	4.7407 5.90343,
	"/>
<Contour name="d04ax10ssvr" hidden="false" closed="true" simplified="false" border="0 1 0" fill="0 1 0" mode="-11"
 points="4.7807 5.88161,
	4.76797 5.86889,
	4.7807 5.85616,
	4.79343 5.86889,
	"/>
<Contour name="d04ax10ssvr" hidden="false" closed="true" simplified="false" border="0 1 0" fill="0 1 0" mode="-11"
 points="4.75161 5.85434,
	4.73888 5.84162,
	4.75161 5.82889,
	4.76434 5.84162,
	"/>
<Contour name="d04ax10ssvr" hidden="false" closed="true" simplified="false" border="0 1 0" fill="0 1 0" mode="-11"
 points="4.73707 5.71799,
	4.72434 5.70526,
	4.73707 5.69254,
	4.74979 5.70526,
	"/>
<Contour name="d04ax10ssvr" hidden="false" closed="true" simplified="false" border="0 1 0" fill="0 1 0" mode="-11"
 points="4.55708 5.89434,
	4.54435 5.88161,
	4.55708 5.86889,
	4.56981 5.88161,
	"/>
<Contour name="d04ax10ssvr" hidden="false" closed="true" simplified="false" border="0 1 0" fill="0 1 0" mode="-11"
 points="4.57162 5.92706,
	4.5589 5.91434,
	4.57162 5.90161,
	4.58435 5.91434,
	"/>
<Contour name="d04ax10ssvr" hidden="false" closed="true" simplified="false" border="0 1 0" fill="0 1 0" mode="-11"
 points="4.60798 5.93434,
	4.59526 5.92161,
	4.60798 5.90888,
	4.62071 5.92161,
	"/>
<Contour name="d04ax10ssvr" hidden="false" closed="true" simplified="false" border="0 1 0" fill="0 1 0" mode="-11"
 points="4.50799 5.90707,
	4.49527 5.89434,
	4.50799 5.88161,
	4.52072 5.89434,
	"/>
<Contour name="d04ax10ssvr" hidden="false" closed="true" simplified="false" border="0 1 0" fill="0 1 0" mode="-11"
 points="4.51163 5.94706,
	4.4989 5.93434,
	4.51163 5.92161,
	4.52435 5.93434,
	"/>
<Contour name="d04ax10ssvr" hidden="false" closed="true" simplified="false" border="0 1 0" fill="0 1 0" mode="-11"
 points="4.448 5.89252,
	4.43527 5.87979,
	4.448 5.86707,
	4.46072 5.87979,
	"/>
<Contour name="d04ax10ssvr" hidden="false" closed="true" simplified="false" border="0 1 0" fill="0 1 0" mode="-11"
 points="4.44618 5.83798,
	4.43345 5.82525,
	4.44618 5.81253,
	4.4589 5.82525,
	"/>
<Contour name="d04ax10ssvr" hidden="false" closed="true" simplified="false" border="0 1 0" fill="0 1 0" mode="-11"
 points="4.408 5.86343,
	4.39527 5.85071,
	4.408 5.83798,
	4.42072 5.85071,
	"/>
<Contour name="d04ax10ssvr" hidden="false" closed="true" simplified="false" border="0 1 0" fill="0 1 0" mode="-11"
 points="4.40436 5.90888,
	4.39164 5.89616,
	4.40436 5.88343,
	4.41709 5.89616,
	"/>
<Contour name="d04ax10ssvr" hidden="false" closed="true" simplified="false" border="0 1 0" fill="0 1 0" mode="-11"
 points="4.448 5.95434,
	4.43527 5.94161,
	4.448 5.92888,
	4.46072 5.94161,
	"/>
<Contour name="d04ax10ssvr" hidden="false" closed="true" simplified="false" border="0 1 0" fill="0 1 0" mode="-11"
 points="4.37346 5.94161,
	4.36073 5.92888,
	4.37346 5.91616,
	4.38618 5.92888,
	"/>
<Contour name="d04ax10ssvr" hidden="false" closed="true" simplified="false" border="0 1 0" fill="0 1 0" mode="-11"
 points="4.35346 5.91797,
	4.34073 5.90525,
	4.35346 5.89252,
	4.36618 5.90525,
	"/>
<Contour name="d04ax10ssvr" hidden="false" closed="true" simplified="false" border="0 1 0" fill="0 1 0" mode="-11"
 points="4.30801 5.91616,
	4.29528 5.90343,
	4.30801 5.8907,
	4.32073 5.90343,
	"/>
<Contour name="d04ax10ssvr" hidden="false" closed="true" simplified="false" border="0 1 0" fill="0 1 0" mode="-11"
 points="4.39709 5.96706,
	4.38436 5.95434,
	4.39709 5.94161,
	4.40982 5.95434,
	"/>
<Contour name="d04ax10ssvr" hidden="false" closed="true" simplified="false" border="0 1 0" fill="0 1 0" mode="-11"
 points="4.35527 5.88889,
	4.34255 5.87616,
	4.35527 5.86343,
	4.368 5.87616,
	"/>
<Contour name="d04ax10ssvr" hidden="false" closed="true" simplified="false" border="0 1 0" fill="0 1 0" mode="-11"
 points="4.62071 5.88525,
	4.60798 5.87252,
	4.62071 5.8598,
	4.63344 5.87252,
	"/>
<Contour name="d04ax10ssvr" hidden="false" closed="true" simplified="false" border="0 1 0" fill="0 1 0" mode="-11"
 points="4.13529 5.91252,
	4.12256 5.89979,
	4.13529 5.88707,
	4.14802 5.89979,
	"/>
<Contour name="d04ax10ssvr" hidden="false" closed="true" simplified="false" border="0 1 0" fill="0 1 0" mode="-11"
 points="3.94258 5.81434,
	3.92985 5.80162,
	3.94258 5.78889,
	3.9553 5.80162,
	"/>
<Contour name="d04ax10ssvr" hidden="false" closed="true" simplified="false" border="0 1 0" fill="0 1 0" mode="-11"
 points="3.84986 5.79435,
	3.83713 5.78162,
	3.84986 5.76889,
	3.86258 5.78162,
	"/>
</Transform>

<Transform dim="0"
 xcoef=" 0 1 0 0 0 0"
 ycoef=" 0 0 1 0 0 0">
<Contour name="d04ax10" hidden="false" closed="true" simplified="true" border="0 1 1" fill="0 1 1" mode="-11"
 points="3.07248 5.41057,
	3.09064 5.36905,
	3.10102 5.34829,
	3.11659 5.32753,
	3.12697 5.31715,
	3.14773 5.30677,
	3.18925 5.29639,
	3.19963 5.2912,
	3.24115 5.2886,
	3.28267 5.2912,
	3.30343 5.29898,
	3.38647 5.30158,
	3.42799 5.29898,
	3.44875 5.29898,
	3.53179 5.33272,
	3.54217 5.33791,
	3.5811 5.37164,
	3.59667 5.41316,
	3.59407 5.43392,
	3.54996 5.51696,
	3.54217 5.53772,
	3.54217 5.57924,
	3.54477 5.58443,
	3.58629 5.58184,
	3.62781 5.58443,
	3.64857 5.58703,
	3.69009 5.6,
	3.77313 5.63633,
	3.81465 5.6545,
	3.85617 5.66488,
	3.89769 5.67007,
	3.93921 5.66488,
	4.02225 5.64412,
	4.04301 5.63633,
	4.12605 5.63114,
	4.16757 5.63374,
	4.25061 5.62855,
	4.33365 5.63633,
	4.41669 5.63114,
	4.49973 5.64412,
	4.54125 5.64152,
	4.56201 5.63374,
	4.60353 5.62855,
	4.68657 5.63114,
	4.70733 5.63374,
	4.71771 5.63633,
	4.73847 5.6545,
	4.77999 5.67785,
	4.80075 5.69083,
	4.82151 5.70899,
	4.84227 5.72197,
	4.85784 5.74273,
	4.8786 5.76349,
	4.89936 5.77387,
	4.94088 5.78684,
	4.95126 5.78944,
	4.97202 5.80501,
	4.99018 5.82577,
	5.00056 5.83355,
	5.04208 5.85172,
	5.04987 5.8621,
	5.05506 5.86729,
	5.05506 5.88805,
	5.05506 5.89843,
	5.04468 5.91919,
	5.00575 5.95292,
	4.99537 5.95811,
	4.82929 5.97628,
	4.74625 5.97368,
	4.70473 5.9659,
	4.66321 5.9633,
	4.58017 5.97628,
	4.53865 5.98147,
	4.45561 5.97628,
	4.41409 5.97368,
	4.39333 5.97368,
	4.38295 5.97368,
	4.37257 5.97887,
	4.35181 5.97887,
	4.33105 5.98406,
	4.28953 5.98666,
	4.12345 5.97368,
	4.10269 5.97109,
	4.01965 5.93995,
	3.97813 5.93476,
	3.89509 5.91659,
	3.81205 5.914,
	3.79129 5.9114,
	3.78091 5.9114,
	3.73939 5.88805,
	3.69787 5.86988,
	3.67711 5.8595,
	3.63559 5.83096,
	3.61743 5.81279,
	3.60964 5.80241,
	3.59926 5.76089,
	3.58888 5.74013,
	3.57331 5.72197,
	3.49027 5.70121,
	3.47989 5.69861,
	3.45913 5.7038,
	3.41761 5.7038,
	3.37609 5.69083,
	3.29305 5.64412,
	3.25153 5.62336,
	3.21001 5.61038,
	3.18925 5.6026,
	3.14773 5.57665,
	3.10621 5.54032,
	3.09064 5.51956,
	3.07248 5.43652,
	3.07248 5.41576,
	3.07248 5.41316,
	"/>
</Transform>

<Transform dim="0"
 xcoef=" 0 1 0 0 0 0"
 ycoef=" 0 0 1 0 0 0">
<Contour name="d04ax10ssvr" hidden="false" closed="true" simplified="false" border="0 1 0" fill="0 1 0" mode="-11"
 points="3.44623 5.4436,
	3.43234 5.42972,
	3.44623 5.41583,
	3.46012 5.42972,
	"/>
<Contour name="d04ax10ssvr" hidden="false" closed="true" simplified="false" border="0 1 0" fill="0 1 0" mode="-11"
 points="3.50773 5.49121,
	3.49384 5.47733,
	3.50773 5.46344,
	3.52161 5.47733,
	"/>
<Contour name="d04ax10ssvr" hidden="false" closed="true" simplified="false" border="0 1 0" fill="0 1 0" mode="-11"
 points="3.50178 5.41583,
	3.48789 5.40194,
	3.50178 5.38806,
	3.51566 5.40194,
	"/>
<Contour name="d04ax10ssvr" hidden="false" closed="true" simplified="false" border="0 1 0" fill="0 1 0" mode="-11"
 points="3.46607 5.37615,
	3.45218 5.36227,
	3.46607 5.34838,
	3.47995 5.36227,
	"/>
<Contour name="d04ax10ssvr" hidden="false" closed="true" simplified="false" border="0 1 0" fill="0 1 0" mode="-11"
 points="3.41052 5.35036,
	3.39663 5.33648,
	3.41052 5.32259,
	3.42441 5.33648,
	"/>
<Contour name="d04ax10ssvr" hidden="false" closed="true" simplified="false" border="0 1 0" fill="0 1 0" mode="-11"
 points="3.33712 5.37417,
	3.32323 5.36028,
	3.33712 5.3464,
	3.35101 5.36028,
	"/>
</Transform>

<Transform dim="0"
 xcoef=" 0 1 0 0 0 0"
 ycoef=" 0 0 1 0 0 0">
<Contour name="d01ax06" hidden="false" closed="true" simplified="true" border="0 1 0" fill="0 1 1" mode="-11"
 points="8.53649 5.11519,
	8.53872 5.09733,
	8.53984 5.09286,
	8.55435 5.07499,
	8.5711 5.05713,
	8.57892 5.0482,
	8.58785 5.04261,
	8.60572 5.0348,
	8.61465 5.03145,
	8.62358 5.02586,
	8.65931 5.01135,
	8.69505 5.00241,
	8.71291 4.99906,
	8.73078 4.99237,
	8.73971 4.99013,
	8.77544 4.98678,
	8.79331 4.98455,
	8.86477 4.98567,
	8.8737 4.9879,
	8.88264 4.9879,
	8.91837 4.99572,
	8.92283 4.99683,
	8.93177 5.00241,
	8.94963 5.01805,
	8.95187 5.02251,
	8.95075 5.04038,
	8.95075 5.04931,
	8.95633 5.06718,
	8.97531 5.10291,
	8.98425 5.12078,
	8.99765 5.15651,
	9.00323 5.17437,
	9.00658 5.19224,
	9.00435 5.2101,
	8.99876 5.22797,
	8.99095 5.24584,
	8.9809 5.2637,
	8.97866 5.26593,
	8.97866 5.26817,
	8.96415 5.28603,
	8.95857 5.29497,
	8.92507 5.32735,
	8.91613 5.33293,
	8.89827 5.33851,
	8.8804 5.33963,
	8.84467 5.33851,
	8.80894 5.33293,
	8.80001 5.32735,
	8.79777 5.32735,
	8.77991 5.3173,
	8.76204 5.30502,
	8.74529 5.28827,
	8.73859 5.28045,
	8.72966 5.27152,
	8.69393 5.25142,
	8.68946 5.24695,
	8.6716 5.23579,
	8.66266 5.22909,
	8.65373 5.22015,
	8.63587 5.20899,
	8.618 5.19447,
	8.58227 5.17102,
	8.5644 5.16097,
	8.55547 5.15539,
	8.54654 5.14757,
	8.54095 5.13864,
	8.5376 5.12971,
	8.53649 5.12078,
	8.53649 5.11631,
	"/>
</Transform>

</Section>