<?xml version="1.0"?>
<!DOCTYPE Section SYSTEM "section.dtd">

<Section index="192" thickness="0.0532092" alignLocked="true">
<Transform dim="6"
 xcoef=" 2.23385563551747 0.816812840322382 -0.0211628799950064 0 0 0"
 ycoef=" 2.27731065571824 0.0237239481873878 0.984676775391265 0 0 0">
<Image mag="0.00223443" contrast="1" brightness="0" red="true" green="true" blue="true"
 src="CVZWG_und.192.tif" />
<Contour name="domain1" hidden="false" closed="true" simplified="false" border="1 0 1" fill="1 0 1" mode="11"
 points="0 0,
	4097 0,
	4097 4097,
	0 4097,
	"/>
</Transform>

<Transform dim="0"
 xcoef=" 0 1 0 0 0 0"
 ycoef=" 0 0 1 0 0 0">
<Contour name="Ax07" hidden="false" closed="true" simplified="true" border="1 0 1" fill="1 0 1" mode="11"
 points="-2.6276 3.67109,
	-2.61188 3.64595,
	-2.58674 3.63023,
	-2.58045 3.63023,
	-2.56788 3.6208,
	-2.54273 3.61452,
	-2.53016 3.60823,
	-2.42958 3.5988,
	-2.22843 3.60195,
	-2.12785 3.59252,
	-2.07756 3.58623,
	-1.87641 3.58937,
	-1.67525 3.58623,
	-1.57467 3.58309,
	-1.47409 3.60195,
	-1.42381 3.60509,
	-1.37352 3.61452,
	-1.34837 3.6208,
	-1.3358 3.62395,
	-1.32951 3.62709,
	-1.34209 3.63023,
	-1.29494 3.64909,
	-1.2698 3.66166,
	-1.24465 3.68681,
	-1.22579 3.71195,
	-1.22265 3.72452,
	-1.21636 3.73081,
	-1.21951 3.75595,
	-1.25408 3.8031,
	-1.30123 3.83767,
	-1.3138 3.85025,
	-1.41438 3.90368,
	-1.51495 3.92568,
	-1.56524 3.93825,
	-1.57153 3.94454,
	-1.67211 3.9854,
	-1.7224 3.99797,
	-1.82297 4.01054,
	-1.83555 4.01683,
	-1.88584 4.02311,
	-1.98641 4.04512,
	-2.0367 4.0514,
	-2.13728 4.04826,
	-2.16242 4.04826,
	-2.21271 4.03254,
	-2.263 4.01054,
	-2.31329 4.00111,
	-2.36358 3.99797,
	-2.41387 3.98226,
	-2.42644 3.97911,
	-2.42958 3.97283,
	-2.47987 3.96025,
	-2.49245 3.95711,
	-2.54273 3.92568,
	-2.59302 3.87853,
	-2.59931 3.86596,
	-2.6056 3.85968,
	-2.61502 3.83453,
	-2.62131 3.82196,
	-2.6276 3.77167,
	-2.6276 3.67424,
	"/>
</Transform>

<Transform dim="0"
 xcoef=" 0 1 0 0 0 0"
 ycoef=" 0 0 1 0 0 0">
<Contour name="d03" hidden="false" closed="true" simplified="true" border="1 0 0.5" fill="1 0 0.5" mode="9"
 points="5.66702 5.09768,
	5.71104 5.0654,
	5.73452 5.04485,
	5.74626 5.03311,
	5.75213 5.02137,
	5.758 5.0155,
	5.75213 4.99203,
	5.75213 4.98029,
	5.758 4.97442,
	5.7668 4.95094,
	5.78441 4.9304,
	5.83137 4.91572,
	5.87832 4.90692,
	5.97224 4.89811,
	6.06615 4.90105,
	6.07789 4.90398,
	6.10137 4.91866,
	6.11017 4.94214,
	6.12484 4.96268,
	6.1718 4.96561,
	6.19528 4.95974,
	6.20995 4.94507,
	6.20702 4.94214,
	6.2305 4.9392,
	6.27745 4.94214,
	6.28332 4.94801,
	6.3068 4.95387,
	6.31267 4.95974,
	6.35962 4.96561,
	6.37136 4.96561,
	6.41832 4.99203,
	6.46528 4.98909,
	6.48875 4.9979,
	6.49756 5.02137,
	6.49462 5.06833,
	6.49756 5.09181,
	6.50636 5.11529,
	6.50636 5.13876,
	6.48582 5.16224,
	6.47408 5.16518,
	6.4506 5.17985,
	6.43886 5.18866,
	6.43299 5.19453,
	6.43593 5.218,
	6.43299 5.22974,
	6.40952 5.24442,
	6.3156 5.2767,
	6.30973 5.2767,
	6.29799 5.2855,
	6.25104 5.30018,
	6.15713 5.31485,
	6.11017 5.31485,
	6.08669 5.31485,
	6.03974 5.30311,
	6.028 5.30311,
	6.02213 5.29724,
	5.97517 5.27963,
	5.92822 5.2767,
	5.88126 5.27963,
	5.86952 5.2767,
	5.84604 5.25909,
	5.82843 5.23855,
	5.80496 5.22681,
	5.78148 5.22387,
	5.758 5.21213,
	5.73452 5.18866,
	5.71691 5.16518,
	5.67876 5.1329,
	5.66996 5.12116,
	5.66702 5.10061,
	"/>
</Transform>

</Section>