<?xml version="1.0"?>
<!DOCTYPE Section SYSTEM "section.dtd">

<Section index="16" thickness="0.0532092" alignLocked="true">
<Transform dim="0"
 xcoef=" 0 1 0 0 0 0"
 ycoef=" 0 0 1 0 0 0">
<Contour name="mito1" hidden="false" closed="false" simplified="true" border="1 0.5 0" fill="1 0.5 0" mode="13"
 points="5.15873 4.46348,
	5.05212 4.31266,
	"/>
</Transform>

<Transform dim="0"
 xcoef=" 0 1 0 0 0 0"
 ycoef=" 0 0 1 0 0 0">
<Contour name="Ax03" hidden="false" closed="true" simplified="true" border="1 0 0.5" fill="1 0 0.5" mode="-11"
 points="8.04623 5.58621,
	8.06228 5.5541,
	8.09438 5.53805,
	8.15859 5.522,
	8.1907 5.52601,
	8.2228 5.53805,
	8.28701 5.54608,
	8.31911 5.54608,
	8.32714 5.5541,
	8.39135 5.58219,
	8.4074 5.59022,
	8.43148 5.62233,
	8.44753 5.65443,
	8.44352 5.67048,
	8.41543 5.69857,
	8.39938 5.70259,
	8.39135 5.71061,
	8.26293 5.72265,
	8.19872 5.71864,
	8.16662 5.71061,
	8.13451 5.69055,
	8.10642 5.66246,
	8.07833 5.64239,
	8.05024 5.61029,
	8.04623 5.59423,
	8.04623 5.59022,
	"/>
</Transform>

<Transform dim="0"
 xcoef=" 0 1 0 0 0 0"
 ycoef=" 0 0 1 0 0 0">
<Contour name="d01" hidden="false" closed="true" simplified="true" border="1 0.5 0" fill="1 0.5 0" mode="9"
 points="6.7853 4.4782,
	6.81097 4.43714,
	6.81353 4.42687,
	6.80583 4.40634,
	6.793 4.38581,
	6.78787 4.37554,
	6.793 4.35501,
	6.81866 4.31395,
	6.8161 4.29342,
	6.8161 4.28316,
	6.82636 4.27289,
	6.84689 4.26006,
	6.85716 4.25236,
	6.87769 4.24466,
	6.91875 4.2421,
	6.92902 4.2421,
	6.97008 4.2113,
	6.99061 4.2036,
	7.01114 4.20617,
	7.03167 4.21387,
	7.0522 4.21387,
	7.13432 4.17794,
	7.15485 4.17537,
	7.23697 4.14201,
	7.27803 4.11891,
	7.29856 4.11378,
	7.30883 4.11378,
	7.32936 4.10608,
	7.34989 4.10352,
	7.36015 4.10095,
	7.40121 4.10608,
	7.42174 4.11122,
	7.44228 4.11122,
	7.45254 4.11635,
	7.4936 4.11635,
	7.51413 4.11635,
	7.53466 4.11122,
	7.69891 4.11891,
	7.78103 4.11635,
	7.82209 4.11891,
	7.84262 4.11891,
	7.92474 4.13175,
	8.00686 4.13688,
	8.04792 4.15741,
	8.13004 4.15741,
	8.17111 4.16254,
	8.21217 4.16254,
	8.2327 4.15998,
	8.25323 4.14971,
	8.29429 4.13944,
	8.31482 4.13175,
	8.35588 4.13431,
	8.37641 4.14201,
	8.38411 4.16254,
	8.37384 4.2036,
	8.37641 4.24466,
	8.39437 4.28572,
	8.40464 4.30625,
	8.40977 4.31652,
	8.41234 4.33705,
	8.4303 4.35758,
	8.44057 4.36785,
	8.4457 4.38838,
	8.46623 4.40121,
	8.48676 4.40121,
	8.50729 4.40891,
	8.52782 4.42944,
	8.54835 4.44227,
	8.58941 4.45253,
	8.67153 4.46537,
	8.71259 4.4782,
	8.75366 4.48076,
	8.79472 4.47306,
	8.83578 4.4705,
	8.85631 4.46537,
	8.93843 4.46793,
	8.97949 4.48076,
	8.98976 4.48846,
	8.99232 4.49873,
	8.97949 4.53979,
	8.97179 4.56032,
	8.95639 4.58085,
	8.94613 4.62191,
	8.941 4.64244,
	8.9256 4.66297,
	8.9025 4.70403,
	8.88454 4.722,
	8.86401 4.72969,
	8.84348 4.74253,
	8.80242 4.75279,
	8.76135 4.75279,
	8.67923 4.7143,
	8.63817 4.6912,
	8.61764 4.68093,
	8.60738 4.67324,
	8.60224 4.67324,
	8.58171 4.65271,
	8.56888 4.63217,
	8.56118 4.62191,
	8.54065 4.61164,
	8.53039 4.60395,
	8.53039 4.59881,
	8.52525 4.59368,
	8.51756 4.57315,
	8.50986 4.56288,
	8.50472 4.55775,
	8.50216 4.54749,
	8.47393 4.50899,
	8.4688 4.49873,
	8.46623 4.49359,
	8.4457 4.48846,
	8.43543 4.48333,
	8.35331 4.48333,
	8.27119 4.50129,
	8.25066 4.50643,
	8.23013 4.52182,
	8.2019 4.56288,
	8.18137 4.57572,
	8.14031 4.59111,
	8.05819 4.61421,
	8.01713 4.63217,
	7.97607 4.64501,
	7.89394 4.64757,
	7.85288 4.64501,
	7.81182 4.65014,
	7.77076 4.66554,
	7.75023 4.6758,
	7.66811 4.67837,
	7.62705 4.67837,
	7.60652 4.6835,
	7.56546 4.68607,
	7.5244 4.69633,
	7.50387 4.69633,
	7.48334 4.70147,
	7.46281 4.71173,
	7.42174 4.72456,
	7.38068 4.73226,
	7.29856 4.73483,
	7.2575 4.73739,
	7.23697 4.73739,
	7.15485 4.7143,
	7.13432 4.70403,
	7.0522 4.6912,
	7.01114 4.68863,
	6.97008 4.68093,
	6.92902 4.6681,
	6.88795 4.66554,
	6.86742 4.66297,
	6.82636 4.63987,
	6.81097 4.61934,
	6.80583 4.61421,
	6.8007 4.59368,
	6.8007 4.57315,
	6.80327 4.56288,
	6.81097 4.55262,
	6.79813 4.53209,
	6.793 4.52952,
	6.793 4.52439,
	6.78787 4.51926,
	6.7853 4.48076,
	"/>
</Transform>

<Transform dim="0"
 xcoef=" 0 1 0 0 0 0"
 ycoef=" 0 0 1 0 0 0">
<Contour name="d01p03" hidden="false" closed="true" simplified="false" border="1 0 0.5" fill="1 0 0.5" mode="-9"
 points="8.35355 4.39371,
	8.38503 4.39371,
	8.36929 4.42256,
	"/>
</Transform>

<Transform dim="0"
 xcoef=" 0 1 0 0 0 0"
 ycoef=" 0 0 1 0 0 0">
<Contour name="d01" hidden="false" closed="true" simplified="true" border="1 0.5 0" fill="1 0.5 0" mode="9"
 points="7.1704 3.88195,
	7.17608 3.8706,
	7.1988 3.85356,
	7.28967 3.8422,
	7.33511 3.83368,
	7.35782 3.83368,
	7.38054 3.83936,
	7.38906 3.84788,
	7.38906 3.85924,
	7.37202 3.87911,
	7.35214 3.89331,
	7.32943 3.90183,
	7.31807 3.90467,
	7.31239 3.90467,
	7.30671 3.91035,
	7.21584 3.93023,
	7.19312 3.92739,
	7.18176 3.92171,
	7.1704 3.91035,
	7.1704 3.88763,
	7.1704 3.88479,
	"/>
</Transform>

<Transform dim="0"
 xcoef=" 0 1 0 0 0 0"
 ycoef=" 0 0 1 0 0 0">
<Contour name="d01c03" hidden="false" closed="true" simplified="true" border="0 1 0" fill="0 1 0" mode="9"
 points="8.83264 4.72967,
	8.8408 4.71662,
	8.86691 4.70193,
	8.87997 4.69214,
	8.89792 4.66929,
	8.90608 4.65623,
	8.90935 4.6497,
	8.91261 4.64644,
	8.91261 4.64317,
	8.91751 4.63828,
	8.91914 4.63175,
	8.92403 4.62522,
	8.94035 4.573,
	8.95504 4.54688,
	8.973 4.52403,
	8.97952 4.52403,
	8.98605 4.52893,
	8.98605 4.54199,
	8.99095 4.55504,
	8.98768 4.58116,
	8.98442 4.59421,
	8.97789 4.60727,
	8.97626 4.6138,
	8.96157 4.63991,
	8.95831 4.64644,
	8.95504 4.6497,
	8.95341 4.65623,
	8.91914 4.70519,
	8.90771 4.71662,
	8.89629 4.72478,
	8.88976 4.7313,
	8.86365 4.74599,
	8.83754 4.74599,
	8.83264 4.73946,
	8.83264 4.73294,
	8.83264 4.7313,
	"/>
<Contour name="d01cfa03" hidden="false" closed="false" simplified="false" border="0 1 1" fill="0 1 1" mode="-9"
 points="8.83733 4.74517,
	8.88629 4.71253,
	8.91403 4.675,
	8.93852 4.63256,
	8.94994 4.59666,
	8.96463 4.56891,
	8.98258 4.53138,
	"/>
</Transform>

<Transform dim="0"
 xcoef=" 0 1 0 0 0 0"
 ycoef=" 0 0 1 0 0 0">
<Contour name="d03" hidden="false" closed="true" simplified="true" border="1 0 0.5" fill="1 0 0.5" mode="9"
 points="8.10287 3.77997,
	8.12634 3.76529,
	8.14982 3.75942,
	8.19678 3.75942,
	8.22026 3.75356,
	8.232 3.74769,
	8.27895 3.73888,
	8.37286 3.73301,
	8.41982 3.72421,
	8.4433 3.72421,
	8.45504 3.72421,
	8.47852 3.7154,
	8.50199 3.71247,
	8.52547 3.71834,
	8.53721 3.72127,
	8.54308 3.72421,
	8.54895 3.72127,
	8.57243 3.73301,
	8.59591 3.73888,
	8.61938 3.73888,
	8.64286 3.74475,
	8.68982 3.74769,
	8.70156 3.75062,
	8.72503 3.76823,
	8.74851 3.77997,
	8.76025 3.78584,
	8.76906 3.79758,
	8.77493 3.80345,
	8.78373 3.8504,
	8.7896 3.87388,
	8.80427 3.89736,
	8.82482 3.91497,
	8.83362 3.92377,
	8.83362 3.93551,
	8.82775 3.94725,
	8.80427 3.95312,
	8.7808 3.96486,
	8.77493 3.96486,
	8.75145 3.97953,
	8.70449 3.98834,
	8.68101 4.00007,
	8.65754 4.00301,
	8.61058 3.99421,
	8.51667 3.99714,
	8.46971 4.00888,
	8.42275 4.00888,
	8.39928 4.00301,
	8.21145 4.00007,
	8.19971 4.00007,
	8.17624 3.99127,
	8.15569 3.9766,
	8.13808 3.95605,
	8.13221 3.94431,
	8.13221 3.92084,
	8.13221 3.9091,
	8.13808 3.89736,
	8.13808 3.87388,
	8.13221 3.8504,
	8.12634 3.83866,
	8.12047 3.83279,
	8.11754 3.82105,
	8.10874 3.80932,
	8.10287 3.78584,
	8.10287 3.7829,
	"/>
</Transform>

<Transform dim="0"
 xcoef=" 0 1 0 0 0 0"
 ycoef=" 0 0 1 0 0 0">
<Contour name="d03" hidden="false" closed="true" simplified="true" border="1 0 0.5" fill="1 0 0.5" mode="9"
 points="8.39341 4.1967,
	8.40221 4.17323,
	8.40808 4.16149,
	8.43156 4.14975,
	8.45504 4.14975,
	8.50199 4.16736,
	8.52547 4.17616,
	8.53134 4.17616,
	8.55188 4.1967,
	8.54895 4.22018,
	8.52547 4.26714,
	8.52254 4.29062,
	8.52841 4.31409,
	8.51667 4.36105,
	8.49319 4.37866,
	8.46971 4.37866,
	8.46384 4.37866,
	8.4433 4.36105,
	8.42862 4.34051,
	8.41982 4.29355,
	8.41102 4.27007,
	8.39634 4.24659,
	8.39341 4.19964,
	"/>
</Transform>

<Transform dim="0"
 xcoef=" 0 1 0 0 0 0"
 ycoef=" 0 0 1 0 0 0">
<Contour name="d04" hidden="false" closed="true" simplified="true" border="1 0 0" fill="1 0 0" mode="9"
 points="4.27274 6.52491,
	4.27766 6.51999,
	4.29738 6.51999,
	4.30723 6.51506,
	4.31216 6.5052,
	4.30477 6.48549,
	4.3097 6.46578,
	4.32695 6.45346,
	4.3368 6.4436,
	4.37376 6.41649,
	4.38855 6.40171,
	4.4058 6.382,
	4.44029 6.34996,
	4.44769 6.34011,
	4.46247 6.32779,
	4.47233 6.32286,
	4.47725 6.31793,
	4.48218 6.31793,
	4.5019 6.30561,
	4.54132 6.29083,
	4.56103 6.28343,
	4.57089 6.28097,
	4.58075 6.27358,
	4.62017 6.26126,
	4.69902 6.24894,
	4.77787 6.24401,
	4.79759 6.24401,
	4.83701 6.26126,
	4.84687 6.26372,
	4.8518 6.26865,
	4.85672 6.26865,
	4.86165 6.27358,
	4.86658 6.27358,
	4.87151 6.27851,
	4.91093 6.29329,
	4.95036 6.29575,
	4.98979 6.29329,
	5.0095 6.2859,
	5.01935 6.27851,
	5.02921 6.27604,
	5.03414 6.27111,
	5.07356 6.27111,
	5.09328 6.27111,
	5.10313 6.27111,
	5.10806 6.26865,
	5.11545 6.27851,
	5.11792 6.28836,
	5.11053 6.30807,
	5.09081 6.32779,
	5.0711 6.34257,
	5.05878 6.35489,
	5.05632 6.37461,
	5.04892 6.39432,
	5.044 6.39925,
	5.044 6.40417,
	5.02921 6.42389,
	5.02182 6.43374,
	4.98239 6.45838,
	4.94543 6.49535,
	4.92572 6.50767,
	4.91586 6.51013,
	4.91093 6.51506,
	4.89122 6.52245,
	4.85919 6.55941,
	4.8444 6.5742,
	4.82469 6.58652,
	4.81484 6.59145,
	4.80991 6.59145,
	4.80498 6.59637,
	4.78527 6.60377,
	4.76555 6.62101,
	4.74584 6.63087,
	4.73598 6.63334,
	4.72613 6.64073,
	4.7212 6.64073,
	4.70149 6.65798,
	4.68177 6.6703,
	4.67192 6.67522,
	4.65221 6.67276,
	4.64235 6.6703,
	4.60292 6.64812,
	4.58321 6.64073,
	4.5635 6.63826,
	4.55857 6.63826,
	4.55364 6.63334,
	4.53393 6.62841,
	4.51422 6.61362,
	4.47479 6.6013,
	4.45508 6.59145,
	4.44522 6.58898,
	4.44029 6.58405,
	4.36144 6.56927,
	4.32202 6.56434,
	4.3023 6.56188,
	4.28259 6.54956,
	4.27766 6.54463,
	4.27766 6.5397,
	4.27274 6.53477,
	4.27274 6.52738,
	"/>
</Transform>

<Transform dim="0"
 xcoef=" 0 1 0 0 0 0"
 ycoef=" 0 0 1 0 0 0">
<Contour name="d04p03" hidden="false" closed="true" simplified="false" border="1 0 0.5" fill="1 0 0.5" mode="9"
 points="4.98462 6.37157,
	5.01897 6.37157,
	5.00179 6.40305,
	"/>
</Transform>

<Transform dim="0"
 xcoef=" 0 1 0 0 0 0"
 ycoef=" 0 0 1 0 0 0">
<Contour name="d04c03" hidden="false" closed="true" simplified="true" border="0 1 0" fill="0 1 0" mode="9"
 points="4.94957 6.47592,
	4.95843 6.46174,
	4.96552 6.45464,
	4.97616 6.44578,
	4.99034 6.4316,
	5.00275 6.42451,
	5.01161 6.41387,
	5.02225 6.39969,
	5.02579 6.37132,
	5.03289 6.35714,
	5.04707 6.35005,
	5.05416 6.34473,
	5.06125 6.34473,
	5.06479 6.34473,
	5.06834 6.34828,
	5.06834 6.36246,
	5.06834 6.36955,
	5.07543 6.38373,
	5.07366 6.39082,
	5.06834 6.39792,
	5.06479 6.39969,
	5.05239 6.42805,
	5.02934 6.45287,
	5.02225 6.45642,
	5.02048 6.45996,
	5.01693 6.45996,
	5.00275 6.4706,
	4.9992 6.4706,
	4.99566 6.47414,
	4.98857 6.47592,
	4.97438 6.48478,
	4.96729 6.48833,
	4.95311 6.48833,
	4.94957 6.48478,
	4.94957 6.47769,
	"/>
<Contour name="d04cfa03" hidden="false" closed="false" simplified="false" border="0 1 1" fill="0 1 1" mode="-9"
 points="4.95911 6.48294,
	5.00875 6.44217,
	5.05307 6.38367,
	5.06193 6.34999,
	"/>
</Transform>

<Transform dim="0"
 xcoef=" 0 1 0 0 0 0"
 ycoef=" 0 0 1 0 0 0">
<Contour name="d02" hidden="false" closed="true" simplified="true" border="0.5 0 1" fill="0.5 0 1" mode="9"
 points="6.91795 5.21867,
	6.93138 5.18799,
	6.9448 5.1784,
	6.95439 5.16689,
	6.95248 5.15154,
	6.94864 5.14771,
	6.94864 5.14387,
	6.94289 5.1362,
	6.9448 5.12086,
	6.97357 5.09976,
	6.98892 5.09209,
	6.99275 5.09209,
	7.00618 5.08058,
	7.01385 5.07866,
	7.02536 5.06716,
	7.03303 5.0614,
	7.0407 5.05948,
	7.05604 5.04798,
	7.06755 5.03455,
	7.09632 5.01537,
	7.09824 5.01154,
	7.10207 5.01154,
	7.11742 5.00195,
	7.12125 4.99811,
	7.12509 4.99811,
	7.15002 4.9751,
	7.17112 4.94441,
	7.18263 4.9329,
	7.18646 4.92907,
	7.1903 4.92907,
	7.20372 4.91756,
	7.23441 4.90605,
	7.24208 4.90413,
	7.244 4.9003,
	7.25167 4.89838,
	7.26702 4.88879,
	7.27469 4.88304,
	7.30537 4.87153,
	7.30921 4.87153,
	7.31305 4.86769,
	7.34373 4.86002,
	7.35908 4.85427,
	7.42045 4.85427,
	7.42429 4.85427,
	7.42812 4.8581,
	7.48949 4.86194,
	7.50484 4.86386,
	7.52018 4.86961,
	7.53169 4.87728,
	7.54703 4.88112,
	7.56238 4.88112,
	7.59306 4.88879,
	7.60841 4.89262,
	7.61608 4.89262,
	7.618 4.89646,
	7.63334 4.89838,
	7.63717 4.89838,
	7.6506 4.9118,
	7.65827 4.91756,
	7.67362 4.92331,
	7.67937 4.92907,
	7.6832 4.92907,
	7.70814 4.95592,
	7.71197 4.96359,
	7.71965 4.97126,
	7.72732 4.9751,
	7.73115 4.97893,
	7.73882 4.98085,
	7.74266 4.98469,
	7.7465 4.98469,
	7.75033 4.98852,
	7.75417 4.98852,
	7.78485 5.0077,
	7.79253 5.00962,
	7.79636 5.01345,
	7.80403 5.01537,
	7.80787 5.01537,
	7.81171 5.01921,
	7.84239 5.02688,
	7.85006 5.0288,
	7.8539 5.0288,
	7.86924 5.03839,
	7.875 5.04222,
	7.88075 5.05757,
	7.88075 5.0614,
	7.88459 5.06524,
	7.89034 5.09592,
	7.89226 5.12661,
	7.89226 5.13428,
	7.89226 5.13812,
	7.9076 5.15154,
	7.90952 5.16689,
	7.9076 5.18223,
	7.90185 5.19757,
	7.89609 5.20525,
	7.89609 5.20908,
	7.89226 5.21292,
	7.89418 5.24361,
	7.89418 5.24744,
	7.88842 5.25511,
	7.8865 5.26278,
	7.88267 5.26662,
	7.88267 5.28196,
	7.88842 5.29731,
	7.8865 5.31265,
	7.8865 5.31649,
	7.87883 5.32416,
	7.87116 5.32799,
	7.86349 5.32799,
	7.85582 5.33375,
	7.8539 5.34909,
	7.8539 5.35676,
	7.84623 5.36635,
	7.81554 5.37594,
	7.80787 5.37978,
	7.77718 5.37786,
	7.76184 5.37786,
	7.7465 5.3817,
	7.73882 5.38745,
	7.73882 5.39512,
	7.70814 5.40855,
	7.69279 5.41046,
	7.66211 5.40471,
	7.64676 5.40087,
	7.63142 5.40087,
	7.62375 5.40087,
	7.59306 5.41238,
	7.58539 5.4143,
	7.58155 5.4143,
	7.57772 5.41814,
	7.56238 5.42005,
	7.53169 5.41622,
	7.501 5.41814,
	7.47032 5.42389,
	7.45497 5.42964,
	7.3936 5.42773,
	7.37825 5.42773,
	7.36291 5.42197,
	7.30154 5.41238,
	7.24016 5.40855,
	7.22482 5.40471,
	7.16345 5.39896,
	7.13276 5.38745,
	7.12509 5.3817,
	7.10975 5.37594,
	7.10591 5.37594,
	7.10207 5.37211,
	7.0944 5.37019,
	7.09057 5.37019,
	7.05988 5.34909,
	7.02919 5.32416,
	7.01577 5.30881,
	7.0081 5.29539,
	6.94864 5.27429,
	6.9333 5.26278,
	6.92562 5.25511,
	6.91795 5.23977,
	6.91795 5.22443,
	6.91795 5.22059,
	"/>
</Transform>

<Transform dim="6"
 xcoef=" 0.510083882322398 0.95968991715187 -0.031630870740706 0 0 0"
 ycoef=" -0.460832603967971 0.0152192136891136 1.035828679482 0 0 0">
<Image mag="0.00223443" contrast="1.407" brightness="-0.21" red="true" green="true" blue="true"
 src="CVZWG_und.016.tif" />
<Contour name="domain1" hidden="false" closed="true" simplified="false" border="1 0 1" fill="1 0 1" mode="11"
 points="0 0,
	4097 0,
	4097 4097,
	0 4097,
	"/>
</Transform>

<Transform dim="0"
 xcoef=" 0 1 0 0 0 0"
 ycoef=" 0 0 1 0 0 0">
<Contour name="d01ax05" hidden="false" closed="true" simplified="true" border="0 1 1" fill="0 1 1" mode="-11"
 points="4.10808 4.55897,
	4.12812 4.50553,
	4.13814 4.47881,
	4.15818 4.45209,
	4.1849 4.39865,
	4.23166 4.34521,
	4.24502 4.33185,
	4.25838 4.32851,
	4.27174 4.31515,
	4.32517 4.28843,
	4.37861 4.2684,
	4.40533 4.2517,
	4.45877 4.23166,
	4.48549 4.22164,
	4.59237 4.14148,
	4.59905 4.12812,
	4.65248 4.09472,
	4.6792 4.07802,
	4.73264 4.06132,
	4.78608 4.05798,
	4.83952 4.06132,
	4.89296 4.07468,
	4.91968 4.0847,
	4.93304 4.08804,
	4.93972 4.09472,
	4.9464 4.09472,
	4.99983 4.13814,
	5.02655 4.15484,
	5.07999 4.17154,
	5.10671 4.17822,
	5.21359 4.17488,
	5.26703 4.16486,
	5.32046 4.1682,
	5.3739 4.16486,
	5.48078 4.14148,
	5.5075 4.12812,
	5.53422 4.10808,
	5.60436 4.0012,
	5.62106 3.97448,
	5.67115 3.92439,
	5.69119 3.89767,
	5.71791 3.88097,
	5.77135 3.86093,
	5.79807 3.85425,
	5.85151 3.85091,
	5.87823 3.85091,
	5.90495 3.85759,
	5.91831 3.85759,
	5.94503 3.87095,
	5.95839 3.87763,
	6.01182 3.86761,
	6.06526 3.86761,
	6.09198 3.86093,
	6.10534 3.85759,
	6.13206 3.84089,
	6.1855 3.82085,
	6.23894 3.80749,
	6.34582 3.80081,
	6.39925 3.78411,
	6.42597 3.76741,
	6.45269 3.74403,
	6.55957 3.70061,
	6.57293 3.69727,
	6.62637 3.71397,
	6.63639 3.72399,
	6.63639 3.75071,
	6.63639 3.76407,
	6.61969 3.79079,
	6.57293 3.83755,
	6.54621 3.86093,
	6.51949 3.87763,
	6.47273 3.92773,
	6.36585 3.98784,
	6.35249 3.99786,
	6.31576 4.10474,
	6.3024 4.13146,
	6.27902 4.14816,
	6.2523 4.15818,
	6.23894 4.16486,
	6.13206 4.18156,
	6.02518 4.1849,
	5.91831 4.2016,
	5.81143 4.22832,
	5.78471 4.24502,
	5.73127 4.26506,
	5.67783 4.27842,
	5.6244 4.30513,
	5.59768 4.31849,
	5.58432 4.32183,
	5.53088 4.35523,
	5.424 4.36525,
	5.39728 4.36525,
	5.38392 4.36525,
	5.33048 4.40199,
	5.28373 4.45209,
	5.27371 4.47881,
	5.26035 4.49217,
	5.23363 4.50887,
	5.22027 4.51221,
	5.21359 4.51221,
	5.17685 4.56565,
	5.15347 4.61909,
	5.14679 4.63244,
	5.12007 4.65248,
	5.01319 4.6959,
	4.98647 4.70592,
	4.93304 4.73932,
	4.90966 4.76604,
	4.8963 4.7794,
	4.78942 4.83618,
	4.68254 4.88294,
	4.62911 4.8963,
	4.52223 4.8963,
	4.41535 4.8796,
	4.36191 4.85956,
	4.30847 4.8295,
	4.25504 4.80612,
	4.22832 4.78942,
	4.21496 4.7794,
	4.20828 4.7794,
	4.15484 4.73264,
	4.12478 4.6792,
	4.11142 4.62577,
	4.10808 4.57233,
	4.10808 4.56231,
	"/>
</Transform>

<Transform dim="0"
 xcoef=" 0 1 0 0 0 0"
 ycoef=" 0 0 1 0 0 0">
<Contour name="d01ax05" hidden="false" closed="true" simplified="true" border="0 1 1" fill="0 1 1" mode="-11"
 points="6.87949 3.13199,
	6.8931 3.1102,
	6.93395 3.0748,
	7.01838 3.02578,
	7.02383 3.02033,
	7.0674 3.00126,
	7.08919 2.99037,
	7.10281 2.96858,
	7.1246 2.96041,
	7.20903 2.90322,
	7.23081 2.8896,
	7.23626 2.8896,
	7.24171 2.88415,
	7.26349 2.87871,
	7.30707 2.88143,
	7.39422 2.90322,
	7.41601 2.91139,
	7.4269 2.91956,
	7.44869 2.92773,
	7.45958 2.93318,
	7.47048 2.94407,
	7.4841 2.96586,
	7.48954 2.97675,
	7.48682 3.0639,
	7.48954 3.08569,
	7.48954 3.09659,
	7.49771 3.11837,
	7.50044 3.14016,
	7.49771 3.16195,
	7.4841 3.18374,
	7.47865 3.19463,
	7.46775 3.20552,
	7.42418 3.22459,
	7.40512 3.24093,
	7.39967 3.24638,
	7.37788 3.25182,
	7.29073 3.2491,
	7.24715 3.25182,
	7.20358 3.26272,
	7.16 3.25999,
	7.14911 3.25999,
	7.12732 3.25182,
	7.12187 3.24638,
	7.0783 3.2491,
	7.05651 3.25999,
	7.03472 3.26544,
	6.99115 3.25999,
	6.96936 3.24638,
	6.9503 3.22731,
	6.90944 3.20008,
	6.88766 3.18646,
	6.87949 3.17557,
	6.87949 3.13471,
	"/>
</Transform>

<Transform dim="0"
 xcoef=" 0 1 0 0 0 0"
 ycoef=" 0 0 1 0 0 0">
<Contour name="d02ax04" hidden="false" closed="true" simplified="true" border="0 1 1" fill="0 1 1" mode="-11"
 points="6.18584 5.22999,
	6.18802 5.22128,
	6.19673 5.21257,
	6.20544 5.21039,
	6.22286 5.19733,
	6.29253 5.17773,
	6.36221 5.17555,
	6.39704 5.17773,
	6.41446 5.17773,
	6.42317 5.17773,
	6.43188 5.17338,
	6.50156 5.16249,
	6.5364 5.1516,
	6.55381 5.14289,
	6.56035 5.13418,
	6.5647 5.12983,
	6.56906 5.11241,
	6.56906 5.09499,
	6.56906 5.08628,
	6.56035 5.06886,
	6.55817 5.03403,
	6.55599 5.01661,
	6.55164 5.0079,
	6.54075 4.93822,
	6.54075 4.93387,
	6.57341 4.90339,
	6.59083 4.88814,
	6.59954 4.87943,
	6.63438 4.85766,
	6.65179 4.84895,
	6.6605 4.8446,
	6.66486 4.84024,
	6.6997 4.82936,
	6.71711 4.81847,
	6.78679 4.79452,
	6.82163 4.78145,
	6.83905 4.77492,
	6.87388 4.77057,
	6.94356 4.77274,
	6.96098 4.77274,
	6.9784 4.76839,
	7.01323 4.77057,
	7.08291 4.78363,
	7.15258 4.78799,
	7.17 4.79234,
	7.17871 4.79887,
	7.21355 4.81194,
	7.24839 4.81411,
	7.26581 4.81629,
	7.27452 4.81629,
	7.28323 4.82065,
	7.29193 4.82065,
	7.30064 4.825,
	7.30935 4.84242,
	7.30718 4.87726,
	7.29411 4.89468,
	7.27669 4.90774,
	7.26798 4.90992,
	7.26363 4.91427,
	7.22879 4.92951,
	7.21137 4.93605,
	7.20702 4.93605,
	7.1896 4.94693,
	7.15476 4.96,
	7.13734 4.96653,
	7.13299 4.97088,
	7.12863 4.97088,
	7.11121 4.98395,
	7.07855 5.01878,
	7.06549 5.03403,
	6.99582 5.07757,
	6.96316 5.10152,
	6.95445 5.10806,
	6.94574 5.12547,
	6.94356 5.16031,
	6.94356 5.17773,
	6.9392 5.19515,
	6.93049 5.21257,
	6.92614 5.22128,
	6.90872 5.23652,
	6.87388 5.25176,
	6.85647 5.25612,
	6.82163 5.25612,
	6.80421 5.25612,
	6.73453 5.27136,
	6.6997 5.28007,
	6.68228 5.2866,
	6.66486 5.29748,
	6.65615 5.30184,
	6.65179 5.30619,
	6.64744 5.30619,
	6.63873 5.31273,
	6.62131 5.31926,
	6.6126 5.32361,
	6.57776 5.32361,
	6.54293 5.33014,
	6.50809 5.33232,
	6.49067 5.33232,
	6.421 5.31055,
	6.38616 5.29966,
	6.36874 5.29095,
	6.29906 5.27136,
	6.22939 5.26047,
	6.21197 5.25829,
	6.19455 5.25176,
	6.18584 5.24305,
	6.18584 5.23434,
	6.18584 5.23216,
	"/>
</Transform>

<Transform dim="0"
 xcoef=" 0 1 0 0 0 0"
 ycoef=" 0 0 1 0 0 0">
<Contour name="d01ax05ssrv" hidden="false" closed="true" simplified="false" border="0 1 0" fill="0 1 0" mode="-11"
 points="6.01767 4.01937,
	6.00844 4.01014,
	6.01767 4.00091,
	6.0269 4.01014,
	"/>
<Contour name="d01ax05ssrv" hidden="false" closed="true" simplified="false" border="0 1 0" fill="0 1 0" mode="-11"
 points="5.95042 4.06684,
	5.94119 4.05761,
	5.95042 4.04838,
	5.95965 4.05761,
	"/>
<Contour name="d01ax05ssrv" hidden="false" closed="true" simplified="false" border="0 1 0" fill="0 1 0" mode="-11"
 points="6.02031 4.08925,
	6.01108 4.08002,
	6.02031 4.07079,
	6.02954 4.08002,
	"/>
<Contour name="d01ax05ssrv" hidden="false" closed="true" simplified="false" border="0 1 0" fill="0 1 0" mode="-11"
 points="6.06514 4.12617,
	6.05591 4.11694,
	6.06514 4.10771,
	6.07437 4.11694,
	"/>
<Contour name="d01ax05ssrv" hidden="false" closed="true" simplified="false" border="0 1 0" fill="0 1 0" mode="-11"
 points="6.08096 4.06684,
	6.07173 4.05761,
	6.08096 4.04838,
	6.09019 4.05761,
	"/>
<Contour name="d01ax05ssrv" hidden="false" closed="true" simplified="false" border="0 1 0" fill="0 1 0" mode="-11"
 points="6.13898 4.0998,
	6.12975 4.09057,
	6.13898 4.08134,
	6.14821 4.09057,
	"/>
<Contour name="d01ax05ssrv" hidden="false" closed="true" simplified="false" border="0 1 0" fill="0 1 0" mode="-11"
 points="6.22601 4.04838,
	6.21678 4.03915,
	6.22601 4.02992,
	6.23524 4.03915,
	"/>
<Contour name="d01ax05ssrv" hidden="false" closed="true" simplified="false" border="0 1 0" fill="0 1 0" mode="-11"
 points="6.27216 4.00618,
	6.26293 3.99695,
	6.27216 3.98772,
	6.28139 3.99695,
	"/>
<Contour name="d01ax05ssrv" hidden="false" closed="true" simplified="false" border="0 1 0" fill="0 1 0" mode="-11"
 points="6.12579 3.96399,
	6.11656 3.95476,
	6.12579 3.94553,
	6.13502 3.95476,
	"/>
<Contour name="d01ax05ssrv" hidden="false" closed="true" simplified="false" border="0 1 0" fill="0 1 0" mode="-11"
 points="6.05591 3.99827,
	6.04668 3.98904,
	6.05591 3.97981,
	6.06514 3.98904,
	"/>
<Contour name="d01ax05ssrv" hidden="false" closed="true" simplified="false" border="0 1 0" fill="0 1 0" mode="-11"
 points="6.11656 3.91388,
	6.10733 3.90465,
	6.11656 3.89542,
	6.12579 3.90465,
	"/>
<Contour name="d01ax05ssrv" hidden="false" closed="true" simplified="false" border="0 1 0" fill="0 1 0" mode="-11"
 points="5.82384 3.98113,
	5.81461 3.9719,
	5.82384 3.96267,
	5.83307 3.9719,
	"/>
<Contour name="d01ax05ssrv" hidden="false" closed="true" simplified="false" border="0 1 0" fill="0 1 0" mode="-11"
 points="5.81329 4.0853,
	5.80406 4.07607,
	5.81329 4.06684,
	5.82252 4.07607,
	"/>
<Contour name="d01ax05ssrv" hidden="false" closed="true" simplified="false" border="0 1 0" fill="0 1 0" mode="-11"
 points="5.76318 4.13276,
	5.75395 4.12353,
	5.76318 4.1143,
	5.77241 4.12353,
	"/>
<Contour name="d01ax05ssrv" hidden="false" closed="true" simplified="false" border="0 1 0" fill="0 1 0" mode="-11"
 points="5.70121 3.97453,
	5.69198 3.9653,
	5.70121 3.95607,
	5.71044 3.9653,
	"/>
</Transform>

<Transform dim="0"
 xcoef=" 0 1 0 0 0 0"
 ycoef=" 0 0 1 0 0 0">
<Contour name="d02ax04ssvr" hidden="false" closed="true" simplified="false" border="0 1 0" fill="0 1 0" mode="-11"
 points="7.0603 4.82231,
	7.04921 4.81122,
	7.0603 4.80013,
	7.0714 4.81122,
	"/>
<Contour name="d02ax04ssvr" hidden="false" closed="true" simplified="false" border="0 1 0" fill="0 1 0" mode="-11"
 points="7.05238 4.86352,
	7.04128 4.85243,
	7.05238 4.84133,
	7.06347 4.85243,
	"/>
<Contour name="d02ax04ssvr" hidden="false" closed="true" simplified="false" border="0 1 0" fill="0 1 0" mode="-11"
 points="7.11102 4.87462,
	7.09993 4.86352,
	7.11102 4.85243,
	7.12212 4.86352,
	"/>
<Contour name="d02ax04ssvr" hidden="false" closed="true" simplified="false" border="0 1 0" fill="0 1 0" mode="-11"
 points="7.16174 4.89364,
	7.15064 4.88254,
	7.16174 4.87145,
	7.17283 4.88254,
	"/>
<Contour name="d02ax04ssvr" hidden="false" closed="true" simplified="false" border="0 1 0" fill="0 1 0" mode="-11"
 points="7.14272 4.94119,
	7.13163 4.93009,
	7.14272 4.919,
	7.15381 4.93009,
	"/>
<Contour name="d02ax04ssvr" hidden="false" closed="true" simplified="false" border="0 1 0" fill="0 1 0" mode="-11"
 points="7.09359 4.90473,
	7.08249 4.89364,
	7.09359 4.88254,
	7.10468 4.89364,
	"/>
<Contour name="d02ax04ssvr" hidden="false" closed="true" simplified="false" border="0 1 0" fill="0 1 0" mode="-11"
 points="7.04287 4.89998,
	7.03177 4.88888,
	7.04287 4.87779,
	7.05396 4.88888,
	"/>
<Contour name="d02ax04ssvr" hidden="false" closed="true" simplified="false" border="0 1 0" fill="0 1 0" mode="-11"
 points="6.99056 4.91424,
	6.97947 4.90315,
	6.99056 4.89205,
	7.00166 4.90315,
	"/>
<Contour name="d02ax04ssvr" hidden="false" closed="true" simplified="false" border="0 1 0" fill="0 1 0" mode="-11"
 points="6.99373 4.9507,
	6.98264 4.9396,
	6.99373 4.92851,
	7.00483 4.9396,
	"/>
<Contour name="d02ax04ssvr" hidden="false" closed="true" simplified="false" border="0 1 0" fill="0 1 0" mode="-11"
 points="7.04287 4.94911,
	7.03177 4.93802,
	7.04287 4.92692,
	7.05396 4.93802,
	"/>
<Contour name="d02ax04ssvr" hidden="false" closed="true" simplified="false" border="0 1 0" fill="0 1 0" mode="-11"
 points="6.91448 4.919,
	6.90339 4.9079,
	6.91448 4.89681,
	6.92558 4.9079,
	"/>
<Contour name="d02ax04ssvr" hidden="false" closed="true" simplified="false" border="0 1 0" fill="0 1 0" mode="-11"
 points="6.93984 4.94753,
	6.92875 4.93643,
	6.93984 4.92534,
	6.95094 4.93643,
	"/>
<Contour name="d02ax04ssvr" hidden="false" closed="true" simplified="false" border="0 1 0" fill="0 1 0" mode="-11"
 points="6.91765 4.98557,
	6.90656 4.97447,
	6.91765 4.96338,
	6.92875 4.97447,
	"/>
<Contour name="d02ax04ssvr" hidden="false" closed="true" simplified="false" border="0 1 0" fill="0 1 0" mode="-11"
 points="6.94935 4.99666,
	6.93826 4.98557,
	6.94935 4.97447,
	6.96045 4.98557,
	"/>
<Contour name="d02ax04ssvr" hidden="false" closed="true" simplified="false" border="0 1 0" fill="0 1 0" mode="-11"
 points="6.9763 4.99825,
	6.9652 4.98715,
	6.9763 4.97606,
	6.98739 4.98715,
	"/>
<Contour name="d02ax04ssvr" hidden="false" closed="true" simplified="false" border="0 1 0" fill="0 1 0" mode="-11"
 points="7.01434 5.003,
	7.00324 4.99191,
	7.01434 4.98081,
	7.02543 4.99191,
	"/>
<Contour name="d02ax04ssvr" hidden="false" closed="true" simplified="false" border="0 1 0" fill="0 1 0" mode="-11"
 points="6.96045 5.05531,
	6.94935 5.04421,
	6.96045 5.03312,
	6.97154 5.04421,
	"/>
<Contour name="d02ax04ssvr" hidden="false" closed="true" simplified="false" border="0 1 0" fill="0 1 0" mode="-11"
 points="7.03019 5.02995,
	7.01909 5.01885,
	7.03019 5.00776,
	7.04128 5.01885,
	"/>
<Contour name="d02ax04ssvr" hidden="false" closed="true" simplified="false" border="0 1 0" fill="0 1 0" mode="-11"
 points="6.84157 4.9079,
	6.83048 4.89681,
	6.84157 4.88571,
	6.85267 4.89681,
	"/>
<Contour name="d02ax04ssvr" hidden="false" closed="true" simplified="false" border="0 1 0" fill="0 1 0" mode="-11"
 points="6.76233 4.88571,
	6.75123 4.87462,
	6.76233 4.86352,
	6.77342 4.87462,
	"/>
<Contour name="d02ax04ssvr" hidden="false" closed="true" simplified="false" border="0 1 0" fill="0 1 0" mode="-11"
 points="6.7861 4.8445,
	6.77501 4.83341,
	6.7861 4.82231,
	6.7972 4.83341,
	"/>
<Contour name="d02ax04ssvr" hidden="false" closed="true" simplified="false" border="0 1 0" fill="0 1 0" mode="-11"
 points="6.82414 4.85243,
	6.81305 4.84133,
	6.82414 4.83024,
	6.83524 4.84133,
	"/>
<Contour name="d02ax04ssvr" hidden="false" closed="true" simplified="false" border="0 1 0" fill="0 1 0" mode="-11"
 points="6.86535 4.86828,
	6.85425 4.85718,
	6.86535 4.84609,
	6.87644 4.85718,
	"/>
<Contour name="d02ax04ssvr" hidden="false" closed="true" simplified="false" border="0 1 0" fill="0 1 0" mode="-11"
 points="6.87961 4.81914,
	6.86852 4.80805,
	6.87961 4.79696,
	6.89071 4.80805,
	"/>
<Contour name="d02ax04ssvr" hidden="false" closed="true" simplified="false" border="0 1 0" fill="0 1 0" mode="-11"
 points="6.91924 4.8556,
	6.90814 4.8445,
	6.91924 4.83341,
	6.93033 4.8445,
	"/>
<Contour name="d02ax04ssvr" hidden="false" closed="true" simplified="false" border="0 1 0" fill="0 1 0" mode="-11"
 points="6.93509 4.81756,
	6.92399 4.80647,
	6.93509 4.79537,
	6.94618 4.80647,
	"/>
<Contour name="d02ax04ssvr" hidden="false" closed="true" simplified="false" border="0 1 0" fill="0 1 0" mode="-11"
 points="6.96996 4.81756,
	6.95886 4.80647,
	6.96996 4.79537,
	6.98105 4.80647,
	"/>
<Contour name="d02ax04ssvr" hidden="false" closed="true" simplified="false" border="0 1 0" fill="0 1 0" mode="-11"
 points="6.99215 4.86511,
	6.98105 4.85401,
	6.99215 4.84292,
	7.00324 4.85401,
	"/>
<Contour name="d02ax04ssvr" hidden="false" closed="true" simplified="false" border="0 1 0" fill="0 1 0" mode="-11"
 points="6.96837 4.84926,
	6.95728 4.83816,
	6.96837 4.82707,
	6.97947 4.83816,
	"/>
<Contour name="d02ax04ssvr" hidden="false" closed="true" simplified="false" border="0 1 0" fill="0 1 0" mode="-11"
 points="6.65138 4.92534,
	6.64028 4.91424,
	6.65138 4.90315,
	6.66247 4.91424,
	"/>
</Transform>

</Section>