<?xml version="1.0"?>
<!DOCTYPE Section SYSTEM "section.dtd">

<Section index="168" thickness="0.0532092" alignLocked="true">
<Transform dim="6"
 xcoef=" 1.9135048763447 0.874303185957581 0.0141888029683176 0 0 0"
 ycoef=" 2.35543164947382 -0.00533445732830832 0.997531664027535 0 0 0">
<Image mag="0.00223443" contrast="1" brightness="0" red="true" green="true" blue="true"
 src="CVZWG_und.168.tif" />
<Contour name="domain1" hidden="false" closed="true" simplified="false" border="1 0 1" fill="1 0 1" mode="11"
 points="0 0,
	4097 0,
	4097 4097,
	0 4097,
	"/>
</Transform>

<Transform dim="0"
 xcoef=" 0 1 0 0 0 0"
 ycoef=" 0 0 1 0 0 0">
<Contour name="Ax03" hidden="false" closed="true" simplified="true" border="1 0 0.5" fill="1 0 0.5" mode="-11"
 points="-0.151191 -0.0407053,
	-0.145376 -0.0523354,
	-0.101763 -0.0930408,
	-0.061058 -0.127931,
	-0.0494279 -0.136654,
	-0.0348903 -0.159914,
	-0.0116301 -0.168636,
	0.0348903 -0.165729,
	0.0814107 -0.148284,
	0.127931 -0.113393,
	0.148284 -0.0901333,
	0.168636 -0.0726881,
	0.180267 -0.061058,
	0.188989 -0.0377978,
	0.188989 -0.0145376,
	0.177359 0.00872257,
	0.162821 0.0261677,
	0.151191 0.0348903,
	0.127931 0.0436129,
	0.0814107 0.0494279,
	0.0581505 0.0494279,
	0.0116301 0.0581505,
	-0.0348903 0.061058,
	-0.0465204 0.061058,
	-0.0901333 0.0348903,
	-0.0988558 0.0261677,
	-0.101763 0.0145376,
	-0.110486 0.00290752,
	-0.133746 -0.00581505,
	-0.145376 -0.0145376,
	-0.151191 -0.0261677,
	-0.151191 -0.0377978,
	"/>
</Transform>

<Transform dim="0"
 xcoef=" 0 1 0 0 0 0"
 ycoef=" 0 0 1 0 0 0">
<Contour name="Ax03" hidden="false" closed="true" simplified="true" border="1 0 0.5" fill="1 0 0.5" mode="-11"
 points="-1.51482 -1.45085,
	-1.49156 -1.47121,
	-1.4683 -1.48575,
	-1.44504 -1.49156,
	-1.43341 -1.49738,
	-1.38689 -1.49738,
	-1.34037 -1.49156,
	-1.31711 -1.48865,
	-1.29385 -1.47412,
	-1.28222 -1.46539,
	-1.2735 -1.44213,
	-1.27059 -1.41887,
	-1.27059 -1.40724,
	-1.2764 -1.39561,
	-1.2764 -1.3898,
	-1.32002 -1.34909,
	-1.41306 -1.34618,
	-1.45958 -1.352,
	-1.50319 -1.38398,
	-1.51191 -1.39561,
	-1.51482 -1.44213,
	-1.51482 -1.44795,
	"/>
</Transform>

<Transform dim="0"
 xcoef=" 0 1 0 0 0 0"
 ycoef=" 0 0 1 0 0 0">
<Contour name="Ax07" hidden="false" closed="true" simplified="true" border="1 0 1" fill="1 0 1" mode="11"
 points="1.16293 3.33164,
	1.18179 3.30964,
	1.20693 3.2845,
	1.25722 3.26878,
	1.28237 3.26249,
	1.38295 3.27192,
	1.40809 3.27821,
	1.41438 3.27821,
	1.43952 3.29393,
	1.45838 3.31593,
	1.46781 3.34107,
	1.48981 3.36307,
	1.4961 3.37564,
	1.49295 3.40079,
	1.47095 3.42279,
	1.42066 3.45108,
	1.37037 3.46051,
	1.34523 3.46051,
	1.32008 3.45422,
	1.2698 3.42908,
	1.25722 3.42279,
	1.23208 3.41965,
	1.21951 3.4165,
	1.20693 3.40708,
	1.20065 3.40708,
	1.1755 3.38822,
	1.16293 3.36307,
	1.16293 3.33793,
	1.16293 3.33479,
	"/>
</Transform>

<Transform dim="0"
 xcoef=" 0 1 0 0 0 0"
 ycoef=" 0 0 1 0 0 0">
<Contour name="Ax09" hidden="false" closed="true" simplified="true" border="0 1 0" fill="0 1 0" mode="-11"
 points="-1.60809 4.37929,
	-1.57725 4.34404,
	-1.55522 4.31761,
	-1.51557 4.24712,
	-1.49354 4.21187,
	-1.49354 4.17663,
	-1.4627 4.15019,
	-1.42745 4.14138,
	-1.41864 4.13257,
	-1.40983 4.13257,
	-1.37459 4.11054,
	-1.35696 4.10614,
	-1.34815 4.09732,
	-1.31291 4.09732,
	-1.27766 4.10614,
	-1.26885 4.12376,
	-1.26885 4.159,
	-1.27766 4.17663,
	-1.28647 4.18544,
	-1.28647 4.19425,
	-1.34815 4.26474,
	-1.37459 4.29999,
	-1.39221 4.33523,
	-1.41864 4.37048,
	-1.41864 4.37929,
	-1.42745 4.3837,
	-1.42745 4.39251,
	-1.43627 4.40132,
	-1.44067 4.43657,
	-1.43186 4.47181,
	-1.42305 4.48943,
	-1.42305 4.49825,
	-1.41424 4.50706,
	-1.41424 4.5423,
	-1.42745 4.55552,
	-1.4627 4.55111,
	-1.49795 4.52909,
	-1.50676 4.52909,
	-1.57284 4.463,
	-1.59487 4.43216,
	-1.60809 4.39691,
	-1.60809 4.3837,
	"/>
</Transform>

<Transform dim="0"
 xcoef=" 0 1 0 0 0 0"
 ycoef=" 0 0 1 0 0 0">
<Contour name="Ax09" hidden="false" closed="true" simplified="true" border="0 1 0" fill="0 1 0" mode="-11"
 points="-2.18524 5.55121,
	-2.14999 5.48513,
	-2.09272 5.42345,
	-2.0751 5.41023,
	-2.0046 5.3882,
	-1.93411 5.37498,
	-1.86362 5.37939,
	-1.82838 5.3838,
	-1.81075 5.3882,
	-1.80194 5.3882,
	-1.77991 5.42345,
	-1.7667 5.44107,
	-1.7711 5.47632,
	-1.846 5.61289,
	-1.88565 5.68339,
	-1.90327 5.70101,
	-1.93852 5.71423,
	-1.97376 5.71863,
	-2.00901 5.71423,
	-2.04426 5.70101,
	-2.05307 5.6922,
	-2.06188 5.6922,
	-2.07069 5.68339,
	-2.0795 5.68339,
	-2.11034 5.66136,
	-2.14559 5.63052,
	-2.17202 5.60408,
	-2.18524 5.56884,
	-2.18524 5.55562,
	"/>
</Transform>

<Transform dim="0"
 xcoef=" 0 1 0 0 0 0"
 ycoef=" 0 0 1 0 0 0">
<Contour name="d03" hidden="false" closed="true" simplified="true" border="1 0 0.5" fill="1 0 0.5" mode="9"
 points="5.91648 5.14463,
	5.93702 5.12409,
	5.9605 5.10942,
	6.00745 5.09768,
	6.05441 5.10061,
	6.07789 5.10942,
	6.08963 5.11822,
	6.13658 5.12409,
	6.16006 5.12703,
	6.25397 5.15931,
	6.30093 5.16518,
	6.39484 5.18572,
	6.41832 5.19453,
	6.43006 5.19746,
	6.45354 5.21213,
	6.45941 5.21213,
	6.46234 5.218,
	6.47408 5.22094,
	6.49462 5.24442,
	6.49756 5.25029,
	6.48582 5.27376,
	6.47408 5.2767,
	6.45354 5.29431,
	6.4506 5.30605,
	6.43006 5.32365,
	6.33615 5.33833,
	6.28919 5.35594,
	6.28332 5.36181,
	6.27745 5.36181,
	6.27158 5.36768,
	6.22463 5.37648,
	6.20115 5.37648,
	6.17767 5.36768,
	6.13071 5.33833,
	6.12778 5.33246,
	6.08082 5.31192,
	6.05734 5.30018,
	6.03387 5.28257,
	6.00452 5.23561,
	5.98985 5.21507,
	5.96637 5.19159,
	5.95463 5.18572,
	5.94876 5.17985,
	5.94289 5.17985,
	5.91941 5.16224,
	5.91648 5.1505,
	5.91648 5.14757,
	"/>
</Transform>

<Transform dim="0"
 xcoef=" 0 1 0 0 0 0"
 ycoef=" 0 0 1 0 0 0">
<Contour name="d03ax19" hidden="false" closed="true" simplified="true" border="0 1 1" fill="0 1 1" mode="-11"
 points="3.49219 5.4628,
	3.49989 5.44228,
	3.50246 5.43201,
	3.52298 5.41405,
	3.54351 5.40122,
	3.56404 5.39352,
	3.64615 5.38326,
	3.66667 5.38069,
	3.70773 5.36273,
	3.72825 5.3576,
	3.73852 5.35247,
	3.77957 5.35247,
	3.86168 5.36273,
	3.90274 5.37556,
	3.913 5.37813,
	3.93353 5.39096,
	3.97201 5.43201,
	3.99511 5.47307,
	4.00024 5.49359,
	3.99511 5.53465,
	3.98228 5.55261,
	3.96175 5.56801,
	3.94122 5.57314,
	3.90017 5.57314,
	3.87964 5.57057,
	3.86938 5.57057,
	3.84885 5.56287,
	3.8078 5.53721,
	3.76674 5.52182,
	3.72569 5.51412,
	3.64358 5.51412,
	3.60253 5.51412,
	3.56147 5.50899,
	3.54094 5.50642,
	3.49989 5.48333,
	3.49219 5.47307,
	3.49219 5.46537,
	"/>
</Transform>

</Section>