<?xml version="1.0"?>
<!DOCTYPE Section SYSTEM "section.dtd">

<Section index="50" thickness="0.0532092" alignLocked="true">
<Transform dim="0"
 xcoef=" 0 1 0 0 0 0"
 ycoef=" 0 0 1 0 0 0">
<Contour name="Ax03" hidden="false" closed="true" simplified="true" border="1 0 0.5" fill="1 0 0.5" mode="-11"
 points="5.90725 5.00832,
	5.92732 4.97622,
	5.93535 4.96017,
	5.96344 4.92806,
	5.9835 4.89596,
	6.01561 4.87589,
	6.04771 4.87188,
	6.07982 4.87589,
	6.11192 4.89596,
	6.12797 4.90398,
	6.15205 4.93609,
	6.14804 4.96819,
	6.11995 4.99628,
	6.08784 5.01635,
	6.05574 5.01635,
	6.03969 5.01635,
	6.02363 5.00832,
	5.99153 5.01234,
	5.97548 5.01635,
	5.95942 5.02839,
	5.92732 5.03642,
	5.91127 5.0324,
	5.90725 5.01635,
	5.90725 5.01234,
	"/>
</Transform>

<Transform dim="0"
 xcoef=" 0 1 0 0 0 0"
 ycoef=" 0 0 1 0 0 0">
<Contour name="Ax04" hidden="false" closed="true" simplified="true" border="1 0 0" fill="1 0 0" mode="-11"
 points="7.26193 3.89112,
	7.27189 3.8712,
	7.28185 3.86125,
	7.2918 3.85627,
	7.29678 3.85129,
	7.37645 3.83635,
	7.39636 3.83635,
	7.4362 3.82888,
	7.45611 3.82639,
	7.46607 3.8239,
	7.47603 3.82888,
	7.48101 3.82888,
	7.49843 3.84631,
	7.53329 3.8712,
	7.53578 3.88116,
	7.53329 3.89112,
	7.4586 3.95336,
	7.45362 3.95336,
	7.44864 3.95834,
	7.40881 3.9658,
	7.36898 3.95834,
	7.32915 3.9658,
	7.30923 3.96332,
	7.28931 3.95336,
	7.27189 3.93593,
	7.26193 3.91601,
	7.26193 3.8961,
	7.26193 3.89361,
	"/>
</Transform>

<Transform dim="0"
 xcoef=" 0 1 0 0 0 0"
 ycoef=" 0 0 1 0 0 0">
<Contour name="Ax06" hidden="false" closed="true" simplified="true" border="0 0 1" fill="0 0 1" mode="11"
 points="3.73517 1.19661,
	3.73855 1.18309,
	3.75545 1.15604,
	3.76559 1.14252,
	3.78926 1.129,
	3.80278 1.12562,
	3.80954 1.11886,
	3.82306 1.11548,
	3.84334 1.08844,
	3.85686 1.0614,
	3.86362 1.04788,
	3.85348 0.939708,
	3.85686 0.912666,
	3.87376 0.885624,
	3.89742 0.861963,
	3.92447 0.851822,
	3.97855 0.841681,
	4.03263 0.845061,
	4.04615 0.848442,
	4.05291 0.848442,
	4.05968 0.855202,
	4.08672 0.865343,
	4.13742 0.905906,
	4.14418 0.95999,
	4.14756 0.987032,
	4.13742 1.01407,
	4.13404 1.02759,
	4.11376 1.05464,
	4.06644 1.08844,
	4.04277 1.1121,
	4.01911 1.12562,
	4.00559 1.13238,
	3.99207 1.1459,
	3.95827 1.19999,
	3.93461 1.21689,
	3.88052 1.24055,
	3.867 1.24393,
	3.86024 1.25069,
	3.8332 1.25745,
	3.77911 1.25407,
	3.75207 1.24055,
	3.73855 1.21351,
	3.73517 1.19999,
	"/>
</Transform>

<Transform dim="0"
 xcoef=" 0 1 0 0 0 0"
 ycoef=" 0 0 1 0 0 0">
<Contour name="Ax07" hidden="false" closed="true" simplified="true" border="1 0 1" fill="1 0 1" mode="11"
 points="8.05649 1.35985,
	8.07115 1.34886,
	8.12613 1.3232,
	8.15546 1.30854,
	8.24709 1.19858,
	8.26542 1.17292,
	8.29474 1.15093,
	8.31673 1.1326,
	8.37172 1.09228,
	8.43036 1.06296,
	8.45968 1.05196,
	8.57698 1.04097,
	8.63562 1.04463,
	8.69427 1.05563,
	8.75291 1.05929,
	8.78224 1.06296,
	8.7969 1.06296,
	8.81156 1.07029,
	8.81889 1.07029,
	8.82622 1.07762,
	8.84088 1.08129,
	8.87021 1.09961,
	8.88853 1.12894,
	8.88487 1.15826,
	8.87387 1.18758,
	8.82622 1.24256,
	8.80056 1.26822,
	8.68327 1.30487,
	8.65395 1.31587,
	8.62463 1.3342,
	8.5953 1.35985,
	8.56598 1.37818,
	8.44869 1.40384,
	8.3314 1.41483,
	8.30207 1.4185,
	8.27275 1.4295,
	8.25809 1.43683,
	8.19944 1.43316,
	8.1408 1.41483,
	8.08215 1.40384,
	8.06749 1.39651,
	8.05649 1.38185,
	8.05649 1.36718,
	8.05649 1.36352,
	"/>
</Transform>

<Transform dim="0"
 xcoef=" 0 1 0 0 0 0"
 ycoef=" 0 0 1 0 0 0">
<Contour name="D01" hidden="false" closed="true" simplified="true" border="1 0.5 0" fill="1 0.5 0" mode="-11"
 points="5.07071 4.6908,
	5.07269 4.66491,
	5.0786 4.63956,
	5.0883 4.61532,
	5.1016 4.59268,
	5.11821 4.57213,
	5.13777 4.55411,
	5.15986 4.539,
	5.18403 4.52713,
	5.20974 4.51875,
	5.23646 4.51403,
	5.26361 4.51308,
	5.29062 4.51592,
	5.3169 4.52249,
	5.34191 4.53264,
	5.3651 4.54617,
	5.38598 4.56278,
	5.40411 4.58211,
	5.41911 4.60376,
	5.43064 4.62727,
	5.43847 4.65213,
	5.44242 4.67782,
	5.44242 4.70378,
	5.43847 4.72947,
	5.43064 4.75433,
	5.41911 4.77783,
	5.40411 4.79949,
	5.38598 4.81882,
	5.3651 4.83543,
	5.34191 4.84895,
	5.3169 4.85911,
	5.29062 4.86567,
	5.26361 4.86851,
	5.23646 4.86757,
	5.20974 4.86285,
	5.18403 4.85447,
	5.15986 4.8426,
	5.13777 4.82749,
	5.11821 4.80947,
	5.1016 4.78892,
	5.0883 4.76628,
	5.0786 4.74203,
	5.07269 4.71669,
	"/>
</Transform>

<Transform dim="0"
 xcoef=" 0 1 0 0 0 0"
 ycoef=" 0 0 1 0 0 0">
<Contour name="D02" hidden="false" closed="true" simplified="true" border="0.5 0 1" fill="0.5 0 1" mode="-11"
 points="6.50117 5.05338,
	6.50328 5.0298,
	6.50956 5.00659,
	6.51991 4.98414,
	6.53417 4.96281,
	6.55211 4.94293,
	6.57343 4.92483,
	6.5978 4.9088,
	6.62483 4.89509,
	6.65407 4.88393,
	6.68507 4.8755,
	6.71731 4.86992,
	6.75028 4.86731,
	6.78345 4.86768,
	6.81629 4.87104,
	6.84827 4.87734,
	6.87887 4.88647,
	6.9076 4.89828,
	6.934 4.91259,
	6.95765 4.92917,
	6.97816 4.94774,
	6.9952 4.96802,
	7.0085 4.98967,
	7.01785 5.01234,
	7.02309 5.03567,
	7.02414 5.05929,
	7.02099 5.08281,
	7.01368 5.10586,
	7.00233 5.12807,
	6.98713 5.14907,
	6.96832 5.16853,
	6.9462 5.18614,
	6.92112 5.20162,
	6.8935 5.21471,
	6.86377 5.2252,
	6.83242 5.23293,
	6.79995 5.23777,
	6.76688 5.23964,
	6.73374 5.23852,
	6.70106 5.23441,
	6.66938 5.2274,
	6.6392 5.21758,
	6.61101 5.20512,
	6.58526 5.19022,
	6.56237 5.17312,
	6.5427 5.15409,
	6.52656 5.13344,
	6.51423 5.11151,
	6.5059 5.08863,
	"/>
</Transform>

<Transform dim="0"
 xcoef=" 0 1 0 0 0 0"
 ycoef=" 0 0 1 0 0 0">
<Contour name="D03" hidden="false" closed="true" simplified="true" border="1 0 0.5" fill="1 0 0.5" mode="-11"
 points="7.48988 4.28289,
	7.49311 4.25664,
	7.50267 4.23157,
	7.51812 4.20883,
	7.53876 4.18943,
	7.56366 4.17425,
	7.59169 4.16399,
	7.6216 4.15909,
	7.65202 4.1598,
	7.68158 4.16606,
	7.70894 4.17761,
	7.73287 4.19391,
	7.7523 4.21424,
	7.76633 4.23767,
	7.77433 4.26314,
	7.77595 4.2895,
	7.77111 4.31557,
	7.76003 4.34016,
	7.74321 4.36216,
	7.72141 4.38058,
	7.69561 4.39458,
	7.66699 4.40354,
	7.63683 4.40704,
	7.6065 4.40493,
	7.57736 4.39731,
	7.55074 4.38452,
	7.52784 4.36713,
	7.5097 4.34594,
	7.49712 4.3219,
	"/>
</Transform>

<Transform dim="0"
 xcoef=" 0 1 0 0 0 0"
 ycoef=" 0 0 1 0 0 0">
<Contour name="D04" hidden="false" closed="true" simplified="true" border="1 0 0" fill="1 0 0" mode="-11"
 points="4.3224 6.10406,
	4.3267 6.08103,
	4.33944 6.05895,
	4.3601 6.03871,
	4.38781 6.02115,
	4.42146 6.00699,
	4.45967 5.9968,
	4.50086 5.99099,
	4.54336 5.98982,
	4.58543 5.99333,
	4.62533 6.00136,
	4.66144 6.01361,
	4.69229 6.02955,
	4.7166 6.04855,
	4.73338 6.06981,
	4.74194 6.09248,
	4.74194 6.11563,
	4.73338 6.1383,
	4.7166 6.15956,
	4.69229 6.17856,
	4.66144 6.1945,
	4.62533 6.20675,
	4.58543 6.21478,
	4.54336 6.21829,
	4.50086 6.21712,
	4.45967 6.21132,
	4.42146 6.20112,
	4.38781 6.18696,
	4.3601 6.1694,
	4.33944 6.14916,
	4.3267 6.12708,
	"/>
</Transform>

<Transform dim="0"
 xcoef=" 0 1 0 0 0 0"
 ycoef=" 0 0 1 0 0 0">
<Contour name="D05" hidden="false" closed="true" simplified="true" border="1 1 0" fill="1 1 0" mode="-11"
 points="3.80006 4.29447,
	3.80224 4.27021,
	3.80872 4.2467,
	3.8193 4.22469,
	3.83365 4.20485,
	3.85131 4.18782,
	3.87173 4.17412,
	3.89429 4.16417,
	3.91826 4.1583,
	3.94291 4.15669,
	3.96747 4.15938,
	3.99116 4.16629,
	4.01324 4.1772,
	4.03303 4.19178,
	4.04991 4.20957,
	4.06335 4.23001,
	4.07293 4.25247,
	4.07835 4.27623,
	4.07945 4.30057,
	4.07618 4.32472,
	4.06865 4.34792,
	4.05709 4.36945,
	4.04187 4.38864,
	4.02346 4.40489,
	4.00244 4.41769,
	3.97947 4.42663,
	3.95525 4.43145,
	3.93055 4.43199,
	3.90614 4.42823,
	3.88279 4.4203,
	3.86121 4.40843,
	3.84209 4.393,
	3.82603 4.37449,
	3.81352 4.35349,
	3.80496 4.33064,
	"/>
<Contour name="D05" hidden="false" closed="true" simplified="true" border="1 1 0" fill="1 1 0" mode="-11"
 points="3.34972 3.32585,
	3.35567 3.30182,
	3.37299 3.27992,
	3.40015 3.26211,
	3.43472 3.24996,
	3.47365 3.24455,
	3.51346 3.24637,
	3.55062 3.25524,
	3.58184 3.2704,
	3.60433 3.29048,
	3.6161 3.3137,
	3.6161 3.338,
	3.60433 3.36122,
	3.58184 3.3813,
	3.55062 3.39645,
	3.51346 3.40533,
	3.47365 3.40715,
	3.43472 3.40174,
	3.40015 3.38959,
	3.37299 3.37177,
	"/>
</Transform>

<Transform dim="0"
 xcoef=" 0 1 0 0 0 0"
 ycoef=" 0 0 1 0 0 0">
<Contour name="d01" hidden="false" closed="true" simplified="true" border="1 0.5 0" fill="1 0.5 0" mode="9"
 points="6.3439 4.14201,
	6.35416 4.12148,
	6.37213 4.10865,
	6.38239 4.10352,
	6.39266 4.10352,
	6.40292 4.09838,
	6.44398 4.09838,
	6.46451 4.10608,
	6.47478 4.10865,
	6.47991 4.10865,
	6.48504 4.11378,
	6.52611 4.12405,
	6.60823 4.12918,
	6.64929 4.13944,
	6.65955 4.13944,
	6.68008 4.14714,
	6.69805 4.15998,
	6.70575 4.18051,
	6.70318 4.20104,
	6.69035 4.22157,
	6.66982 4.23953,
	6.64929 4.2498,
	6.64416 4.2498,
	6.63902 4.25493,
	6.59796 4.26263,
	6.5569 4.26006,
	6.51584 4.24466,
	6.47478 4.25749,
	6.43372 4.25749,
	6.41319 4.2498,
	6.39266 4.23696,
	6.37726 4.21643,
	6.36186 4.20104,
	6.34903 4.18051,
	6.3439 4.15998,
	6.3439 4.14971,
	6.3439 4.14458,
	"/>
<Contour name="d01" hidden="false" closed="true" simplified="true" border="1 0.5 0" fill="1 0.5 0" mode="9"
 points="4.29086 4.88624,
	4.30369 4.86571,
	4.30882 4.85544,
	4.31909 4.84518,
	4.36015 4.83235,
	4.40121 4.83491,
	4.44227 4.84261,
	4.4628 4.83748,
	4.48333 4.83748,
	4.52439 4.84774,
	4.54492 4.85288,
	4.55262 4.86058,
	4.55005 4.88111,
	4.53209 4.89907,
	4.49103 4.9119,
	4.40891 4.91447,
	4.36785 4.91447,
	4.32678 4.90934,
	4.30625 4.9042,
	4.29599 4.89907,
	4.29086 4.89394,
	4.29086 4.88881,
	"/>
<Contour name="d01" hidden="false" closed="true" simplified="true" border="1 0.5 0" fill="1 0.5 0" mode="9"
 points="4.81182 4.74509,
	4.82208 4.72456,
	4.83748 4.70403,
	4.85801 4.68863,
	4.88881 4.65014,
	4.8965 4.63987,
	4.90164 4.61934,
	4.90164 4.59881,
	4.90677 4.57828,
	4.90164 4.53722,
	4.90934 4.51669,
	4.92217 4.49616,
	4.92217 4.4859,
	4.9273 4.47563,
	4.94783 4.46793,
	5.02995 4.4705,
	5.04022 4.4705,
	5.06075 4.46023,
	5.10181 4.44997,
	5.11207 4.44997,
	5.12234 4.44483,
	5.20446 4.4474,
	5.28658 4.44483,
	5.30711 4.44227,
	5.38923 4.41404,
	5.43029 4.39608,
	5.47136 4.38581,
	5.49189 4.38581,
	5.50215 4.38581,
	5.50728 4.38581,
	5.51242 4.39094,
	5.52268 4.39351,
	5.54321 4.40891,
	5.55091 4.41917,
	5.55348 4.42174,
	5.55091 4.4243,
	5.57144 4.43714,
	5.63047 4.51669,
	5.64586 4.53722,
	5.68692 4.56545,
	5.70746 4.57828,
	5.72799 4.59625,
	5.74082 4.61421,
	5.74595 4.63474,
	5.75622 4.65271,
	5.77675 4.65527,
	5.81781 4.6681,
	5.85887 4.6912,
	5.87683 4.70147,
	5.88196 4.70147,
	5.88966 4.70916,
	5.89993 4.71173,
	5.91019 4.71943,
	5.91533 4.71943,
	5.93586 4.73483,
	5.94869 4.75536,
	5.95639 4.76562,
	5.95382 4.77589,
	5.94356 4.78359,
	5.93842 4.78872,
	5.91789 4.79642,
	5.87683 4.80412,
	5.83577 4.80668,
	5.79471 4.81438,
	5.77418 4.82208,
	5.75365 4.83491,
	5.71259 4.84774,
	5.67153 4.84774,
	5.63047 4.84005,
	5.60994 4.83748,
	5.56888 4.84261,
	5.54834 4.84774,
	5.52781 4.84774,
	5.44569 4.87597,
	5.40463 4.89394,
	5.36357 4.89907,
	5.35331 4.9042,
	5.27118 4.9196,
	5.18906 4.92473,
	5.148 4.92987,
	5.12747 4.935,
	5.08641 4.93243,
	5.06588 4.92473,
	5.04535 4.90677,
	5.02482 4.89394,
	5.01455 4.88881,
	4.93243 4.88881,
	4.89137 4.88111,
	4.85031 4.87854,
	4.82978 4.87084,
	4.82465 4.86058,
	4.83491 4.81951,
	4.82721 4.79898,
	4.81951 4.78872,
	4.81182 4.76819,
	4.81182 4.74766,
	"/>
</Transform>

<Transform dim="0"
 xcoef=" 0 1 0 0 0 0"
 ycoef=" 0 0 1 0 0 0">
<Contour name="d01p13" hidden="false" closed="true" simplified="false" border="1 0 0.5" fill="1 0 0.5" mode="-13"
 points="4.87146 4.79116,
	4.91032 4.79116,
	4.89089 4.82679,
	"/>
</Transform>

<Transform dim="0"
 xcoef=" 0 1 0 0 0 0"
 ycoef=" 0 0 1 0 0 0">
<Contour name="d01c12" hidden="false" closed="true" simplified="true" border="0 1 0" fill="0 1 0" mode="9"
 points="6.44182 4.09111,
	6.45524 4.08273,
	6.46865 4.08273,
	6.47536 4.08441,
	6.47871 4.08776,
	6.49212 4.08776,
	6.54578 4.0995,
	6.57261 4.10453,
	6.59943 4.11291,
	6.62626 4.11794,
	6.63967 4.12129,
	6.6665 4.12297,
	6.67991 4.12632,
	6.68662 4.128,
	6.70003 4.13806,
	6.70842 4.1498,
	6.71177 4.15315,
	6.71177 4.15986,
	6.70506 4.17327,
	6.70003 4.1783,
	6.68662 4.17998,
	6.67321 4.1783,
	6.64638 4.16992,
	6.63297 4.16489,
	6.62626 4.16153,
	6.62291 4.16153,
	6.61955 4.15818,
	6.5659 4.14812,
	6.53907 4.14141,
	6.48542 4.13303,
	6.472 4.12968,
	6.46194 4.12129,
	6.45524 4.11962,
	6.4435 4.11123,
	6.44182 4.09782,
	6.44182 4.09279,
	"/>
<Contour name="d01cfa12" hidden="false" closed="false" simplified="false" border="0 1 1" fill="0 1 1" mode="-9"
 points="6.70976 4.16367,
	6.65443 4.14187,
	6.59742 4.13181,
	6.52365 4.12175,
	6.44149 4.0966,
	"/>
</Transform>

<Transform dim="0"
 xcoef=" 0 1 0 0 0 0"
 ycoef=" 0 0 1 0 0 0">
<Contour name="d03" hidden="false" closed="true" simplified="true" border="1 0 0.5" fill="1 0 0.5" mode="9"
 points="7.152 4.41975,
	7.18429 4.37572,
	7.19016 4.35225,
	7.18429 4.32877,
	7.18429 4.31703,
	7.2107 4.27301,
	7.21657 4.26714,
	7.22537 4.24366,
	7.23418 4.23192,
	7.23711 4.22018,
	7.24298 4.21431,
	7.24885 4.16736,
	7.25179 4.15562,
	7.27233 4.13507,
	7.31929 4.11453,
	7.36624 4.1204,
	7.38972 4.12627,
	7.4132 4.1204,
	7.46015 4.09986,
	7.50711 4.09105,
	7.51885 4.09105,
	7.54233 4.09986,
	7.55407 4.09986,
	7.56581 4.10573,
	7.58928 4.10279,
	7.59515 4.10279,
	7.60102 4.09692,
	7.6245 4.09399,
	7.64798 4.08518,
	7.74189 4.07344,
	7.78885 4.08225,
	7.88276 4.11747,
	7.8945 4.1204,
	7.91504 4.14094,
	7.92972 4.16149,
	7.9708 4.19377,
	7.99428 4.20551,
	7.99721 4.21138,
	8.00308 4.21138,
	8.01482 4.22018,
	8.02069 4.23192,
	8.02656 4.23779,
	8.02363 4.26127,
	8.02363 4.26714,
	8.01776 4.27301,
	8.01482 4.28475,
	8.00015 4.30822,
	7.99721 4.31409,
	8.00015 4.32583,
	8.01776 4.34638,
	8.05884 4.37279,
	8.07352 4.39627,
	8.07352 4.44322,
	8.06471 4.49018,
	8.04417 4.53714,
	8.03537 4.56061,
	8.01776 4.58409,
	8.00602 4.59583,
	7.98254 4.6105,
	7.95906 4.61931,
	7.94732 4.62518,
	7.93558 4.62518,
	7.92972 4.63105,
	7.88276 4.63692,
	7.8358 4.62811,
	7.74189 4.62224,
	7.69493 4.6105,
	7.67146 4.60757,
	7.6245 4.5929,
	7.60102 4.58703,
	7.58928 4.58409,
	7.58341 4.58409,
	7.57754 4.57822,
	7.57168 4.57822,
	7.52765 4.54007,
	7.51591 4.53714,
	7.51005 4.53714,
	7.50418 4.53127,
	7.45722 4.51953,
	7.41026 4.52833,
	7.31635 4.5342,
	7.22244 4.5342,
	7.19896 4.5254,
	7.18135 4.50485,
	7.17842 4.48138,
	7.16081 4.4579,
	7.152 4.43442,
	7.152 4.42268,
	"/>
</Transform>

<Transform dim="0"
 xcoef=" 0 1 0 0 0 0"
 ycoef=" 0 0 1 0 0 0">
<Contour name="d03" hidden="false" closed="true" simplified="true" border="1 0 0.5" fill="1 0 0.5" mode="9"
 points="7.65972 5.218,
	7.67733 5.19746,
	7.7008 5.18278,
	7.74776 5.17985,
	7.79472 5.18572,
	7.81819 5.18572,
	7.82993 5.18865,
	7.84754 5.21213,
	7.85341 5.22387,
	7.85635 5.2268,
	7.83874 5.24735,
	7.79472 5.27376,
	7.74776 5.2943,
	7.72428 5.29724,
	7.71254 5.29724,
	7.68907 5.2855,
	7.66852 5.26496,
	7.65972 5.24148,
	7.65972 5.22093,
	"/>
</Transform>

<Transform dim="0"
 xcoef=" 0 1 0 0 0 0"
 ycoef=" 0 0 1 0 0 0">
<Contour name="d04" hidden="false" closed="true" simplified="true" border="1 0 0" fill="1 0 0" mode="9"
 points="4.65004 5.5314,
	4.66435 5.50851,
	4.67007 5.50279,
	4.67293 5.49134,
	4.68724 5.46845,
	4.6901 5.457,
	4.69869 5.44555,
	4.70441 5.43983,
	4.7273 5.43983,
	4.77309 5.45414,
	4.81887 5.47703,
	4.83032 5.48562,
	4.83604 5.48562,
	4.88183 5.51709,
	4.90472 5.52282,
	4.94764 5.55143,
	4.96767 5.56574,
	4.98484 5.58577,
	4.99915 5.60008,
	4.99915 5.62297,
	4.98484 5.64586,
	4.96195 5.66017,
	4.91616 5.67734,
	4.87038 5.67448,
	4.84749 5.66589,
	4.83604 5.66303,
	4.83032 5.65731,
	4.82459 5.65731,
	4.81887 5.65159,
	4.81315 5.65159,
	4.80743 5.64586,
	4.76164 5.64014,
	4.71586 5.64014,
	4.70441 5.63442,
	4.69869 5.63442,
	4.68724 5.62583,
	4.65862 5.58005,
	4.65004 5.55716,
	4.65004 5.53426,
	"/>
<Contour name="d04" hidden="false" closed="true" simplified="true" border="1 0 0" fill="1 0 0" mode="9"
 points="3.31083 5.90054,
	3.31369 5.8891,
	3.31941 5.88337,
	3.33944 5.83759,
	3.34803 5.8147,
	3.42529 5.73171,
	3.44818 5.70882,
	3.49397 5.70309,
	3.51686 5.70309,
	3.53975 5.69737,
	3.63132 5.70023,
	3.67711 5.70596,
	3.72289 5.70309,
	3.74579 5.70023,
	3.76868 5.70596,
	3.78585 5.74888,
	3.80016 5.76891,
	3.82019 5.78608,
	3.83736 5.80897,
	3.8488 5.81756,
	3.87742 5.86048,
	3.88314 5.87193,
	3.88028 5.89482,
	3.86597 5.91771,
	3.84594 5.92916,
	3.84308 5.93488,
	3.83736 5.93488,
	3.82591 5.94347,
	3.81446 5.96636,
	3.8116 5.98925,
	3.79729 6.01214,
	3.78012 6.02931,
	3.76868 6.03504,
	3.67711 6.03217,
	3.63132 6.03217,
	3.53975 6.02073,
	3.44818 6.01787,
	3.4024 6.01501,
	3.37951 6.00928,
	3.35661 5.99784,
	3.33658 5.98067,
	3.32514 5.95777,
	3.31655 5.94633,
	3.31083 5.92344,
	3.31083 5.9034,
	"/>
<Contour name="d04" hidden="false" closed="true" simplified="true" border="1 0 0" fill="1 0 0" mode="9"
 points="3.85739 6.12374,
	3.88028 6.10085,
	3.89459 6.07796,
	3.91176 6.03217,
	3.93179 6.01787,
	4.02336 5.99784,
	4.06914 5.98925,
	4.09203 5.98353,
	4.10348 5.9778,
	4.1092 5.9778,
	4.11493 5.97208,
	4.16071 5.95491,
	4.17216 5.94919,
	4.21794 5.94633,
	4.30951 5.93202,
	4.3553 5.92344,
	4.44687 5.92344,
	4.49265 5.92057,
	4.53844 5.91199,
	4.58422 5.90913,
	4.60712 5.9034,
	4.6529 5.90054,
	4.67579 5.89482,
	4.76736 5.89196,
	4.81315 5.89482,
	4.85893 5.9034,
	4.90472 5.92057,
	4.91044 5.9263,
	4.93333 5.92916,
	4.97912 5.94919,
	4.99629 5.97208,
	5.04207 6.0007,
	5.05352 6.00928,
	5.07927 6.05507,
	5.09358 6.07796,
	5.18229 6.14378,
	5.20518 6.15808,
	5.21949 6.17811,
	5.22521 6.18384,
	5.22521 6.22962,
	5.21091 6.24965,
	5.19087 6.26396,
	5.14509 6.26968,
	5.0993 6.26396,
	5.07641 6.26396,
	5.05352 6.25824,
	5.00773 6.25824,
	4.99629 6.26396,
	4.98484 6.26396,
	4.9734 6.26968,
	4.96767 6.26968,
	4.96195 6.27541,
	4.91616 6.28972,
	4.90472 6.29544,
	4.85893 6.30402,
	4.83604 6.30402,
	4.82459 6.30116,
	4.73302 6.30975,
	4.68724 6.31261,
	4.66435 6.31833,
	4.64145 6.32978,
	4.59567 6.3355,
	4.57278 6.34122,
	4.56133 6.34408,
	4.55561 6.34408,
	4.54988 6.34981,
	4.5041 6.35839,
	4.41253 6.35839,
	4.36674 6.34981,
	4.27517 6.35267,
	4.25228 6.34981,
	4.24084 6.34981,
	4.19505 6.32978,
	4.14927 6.30402,
	4.12637 6.29544,
	4.11493 6.29258,
	4.09203 6.27541,
	4.08345 6.26396,
	4.08345 6.25824,
	4.06914 6.23821,
	4.0577 6.22676,
	3.96613 6.19528,
	3.94323 6.18384,
	3.93179 6.17811,
	3.886 6.17525,
	3.88028 6.17525,
	3.86883 6.16667,
	3.85739 6.14378,
	3.85739 6.13233,
	3.85739 6.12661,
	"/>
</Transform>

<Transform dim="0"
 xcoef=" 0 1 0 0 0 0"
 ycoef=" 0 0 1 0 0 0">
<Contour name="d04" hidden="false" closed="true" simplified="true" border="1 0 0" fill="1 0 0" mode="9"
 points="4.59281 5.70023,
	4.60425 5.67734,
	4.6157 5.66876,
	4.66149 5.66017,
	4.75306 5.65445,
	4.79884 5.67448,
	4.81029 5.68593,
	4.82459 5.70882,
	4.82173 5.73171,
	4.79884 5.74316,
	4.78739 5.74888,
	4.78167 5.74888,
	4.77023 5.75746,
	4.75878 5.76033,
	4.75306 5.76605,
	4.73016 5.77463,
	4.68438 5.77463,
	4.66149 5.77177,
	4.65576 5.77177,
	4.61284 5.7403,
	4.59567 5.7174,
	4.59281 5.70596,
	4.59281 5.70309,
	"/>
</Transform>

<Transform dim="0"
 xcoef=" 0 1 0 0 0 0"
 ycoef=" 0 0 1 0 0 0">
<Contour name="d04" hidden="false" closed="true" simplified="true" border="1 0 0" fill="1 0 0" mode="9"
 points="3.41671 5.56288,
	3.42243 5.53999,
	3.42815 5.52854,
	3.43388 5.52282,
	3.43388 5.51709,
	3.45391 5.4942,
	3.48252 5.45128,
	3.50541 5.43125,
	3.5512 5.42266,
	3.64277 5.39405,
	3.68855 5.37974,
	3.7 5.37688,
	3.70572 5.37402,
	3.71431 5.37974,
	3.7372 5.37974,
	3.76009 5.39118,
	3.77154 5.39691,
	3.79443 5.44269,
	3.79157 5.48848,
	3.80016 5.51137,
	3.80302 5.53426,
	3.80016 5.55716,
	3.79157 5.58005,
	3.78871 5.59149,
	3.75151 5.63728,
	3.72862 5.65731,
	3.68283 5.67448,
	3.65994 5.6802,
	3.61415 5.6802,
	3.56837 5.68593,
	3.52258 5.68306,
	3.51114 5.68306,
	3.49969 5.67734,
	3.49397 5.67734,
	3.47394 5.66303,
	3.44246 5.62297,
	3.42529 5.60008,
	3.41671 5.57719,
	3.41671 5.56574,
	"/>
</Transform>

<Transform dim="0"
 xcoef=" 0 1 0 0 0 0"
 ycoef=" 0 0 1 0 0 0">
<Contour name="d04p09" hidden="false" closed="true" simplified="false" border="0 1 0" fill="0 1 0" mode="-9"
 points="3.94281 6.09966,
	3.94281 6.07677,
	3.96571 6.07677,
	3.96571 6.05387,
	3.98861 6.05387,
	3.98861 6.07677,
	4.0115 6.07677,
	4.0115 6.09966,
	3.98861 6.09966,
	3.98861 6.12256,
	3.96571 6.12256,
	3.96571 6.09966,
	"/>
</Transform>

<Transform dim="0"
 xcoef=" 0 1 0 0 0 0"
 ycoef=" 0 0 1 0 0 0">
<Contour name="d02" hidden="false" closed="true" simplified="true" border="0.5 0 1" fill="0.5 0 1" mode="9"
 points="7.86596 4.81615,
	7.86914 4.80345,
	7.88502 4.78439,
	7.90726 4.76215,
	7.91997 4.73673,
	7.94538 4.72085,
	7.9708 4.71767,
	8.02163 4.7272,
	8.06928 4.75579,
	8.08199 4.75897,
	8.1773 4.81615,
	8.19636 4.83522,
	8.20906 4.84157,
	8.21224 4.84792,
	8.2186 4.84792,
	8.24083 4.87016,
	8.25354 4.88287,
	8.30119 4.91146,
	8.3139 4.91781,
	8.32661 4.93052,
	8.42827 4.94958,
	8.4791 4.96547,
	8.52993 4.99088,
	8.55534 5.00041,
	8.60618 5.00677,
	8.63159 5.00677,
	8.6443 5.00994,
	8.66654 5.02901,
	8.67607 5.05442,
	8.67289 5.06713,
	8.67289 5.07348,
	8.65065 5.0989,
	8.62524 5.11796,
	8.57441 5.1402,
	8.52358 5.14337,
	8.42192 5.13702,
	8.3965 5.13384,
	8.37109 5.11796,
	8.34567 5.10843,
	8.29484 5.10525,
	8.24401 5.08937,
	8.19318 5.06713,
	8.16777 5.0576,
	8.16141 5.0576,
	8.1487 5.04807,
	8.09787 5.02901,
	8.08517 5.02583,
	8.07881 5.01947,
	8.0534 5.01312,
	8.04704 5.00677,
	8.02163 5.00041,
	7.99621 4.98771,
	7.98351 4.97818,
	7.9708 4.975,
	7.95809 4.96229,
	7.90726 4.92734,
	7.89138 4.91146,
	7.89138 4.89875,
	7.88502 4.88605,
	7.88502 4.87969,
	7.86914 4.86381,
	7.86596 4.83839,
	7.86596 4.82568,
	7.86596 4.81933,
	"/>
<Contour name="d02" hidden="false" closed="true" simplified="true" border="0.5 0 1" fill="0.5 0 1" mode="9"
 points="5.97889 5.07348,
	5.99478 5.04807,
	6.00749 5.04171,
	6.01384 5.03536,
	6.03925 5.02901,
	6.09008 5.02583,
	6.14091 5.00677,
	6.14727 5.00677,
	6.16633 4.98771,
	6.16951 4.975,
	6.17586 4.96864,
	6.17904 4.95594,
	6.1981 4.9337,
	6.20445 4.9337,
	6.21716 4.92417,
	6.2394 4.91464,
	6.34106 4.91146,
	6.39189 4.90193,
	6.49355 4.85428,
	6.51579 4.84157,
	6.52849 4.83204,
	6.5412 4.82886,
	6.55073 4.81933,
	6.60156 4.79709,
	6.61427 4.79392,
	6.62062 4.78756,
	6.63333 4.78439,
	6.63968 4.77803,
	6.69051 4.77485,
	6.71593 4.77485,
	6.74134 4.7685,
	6.75405 4.76215,
	6.77947 4.76215,
	6.79218 4.76215,
	6.81759 4.77485,
	6.84301 4.78121,
	6.94467 4.78439,
	6.97008 4.79392,
	7.02091 4.79709,
	7.04633 4.80027,
	7.09398 4.83522,
	7.10669 4.83839,
	7.11304 4.84475,
	7.12575 4.84475,
	7.15116 4.85745,
	7.16387 4.86381,
	7.18929 4.88922,
	7.23058 4.93052,
	7.25282 4.95594,
	7.256 4.96229,
	7.26871 4.96547,
	7.27188 4.97182,
	7.2973 4.975,
	7.32271 4.98771,
	7.34178 5.00994,
	7.36401 5.06077,
	7.38625 5.07984,
	7.39896 5.08619,
	7.41484 5.1116,
	7.41484 5.16243,
	7.40531 5.21326,
	7.40214 5.23868,
	7.39578 5.25139,
	7.37037 5.26727,
	7.34495 5.26727,
	7.31954 5.27363,
	7.27824 5.31492,
	7.22741 5.3181,
	7.2147 5.3181,
	7.16387 5.29904,
	7.13846 5.29904,
	7.12575 5.29904,
	7.10033 5.30857,
	7.0908 5.3181,
	7.08445 5.3181,
	7.07809 5.32446,
	7.05268 5.33081,
	7.04633 5.33716,
	6.9955 5.35622,
	6.97008 5.3594,
	6.86842 5.39435,
	6.81759 5.40388,
	6.71593 5.40388,
	6.69051 5.40388,
	6.67781 5.40388,
	6.65239 5.41658,
	6.64604 5.41658,
	6.63333 5.42612,
	6.60792 5.43247,
	6.50626 5.42929,
	6.4046 5.41341,
	6.30294 5.40388,
	6.25211 5.39435,
	6.20127 5.37846,
	6.17586 5.36893,
	6.16951 5.36258,
	6.1568 5.36258,
	6.10597 5.34669,
	6.05832 5.31492,
	6.04243 5.28951,
	6.02972 5.2768,
	6.02972 5.27045,
	6.01384 5.25139,
	6.00113 5.22597,
	5.99795 5.17514,
	5.99795 5.14973,
	5.99795 5.13702,
	5.98842 5.1116,
	5.98525 5.0989,
	5.97889 5.09254,
	5.97889 5.07984,
	5.97889 5.07666,
	"/>
</Transform>

<Transform dim="0"
 xcoef=" 0 1 0 0 0 0"
 ycoef=" 0 0 1 0 0 0">
<Contour name="d02" hidden="false" closed="true" simplified="true" border="0.5 0 1" fill="0.5 0 1" mode="9"
 points="5.88041 4.81933,
	5.89312 4.81615,
	5.89947 4.8098,
	5.9503 4.78756,
	5.95665 4.78756,
	5.96936 4.77803,
	5.98207 4.77485,
	6.00431 4.75897,
	6.01066 4.75262,
	6.03608 4.74309,
	6.04878 4.74309,
	6.05514 4.73673,
	6.10597 4.73356,
	6.13138 4.73991,
	6.14409 4.74626,
	6.14091 4.77168,
	6.12821 4.79709,
	6.1155 4.80662,
	6.10279 4.8098,
	6.09644 4.81615,
	6.04561 4.82886,
	6.02019 4.82886,
	5.96936 4.84475,
	5.95665 4.8511,
	5.90582 4.8511,
	5.88041 4.84792,
	5.88041 4.82251,
	"/>
</Transform>

<Transform dim="0"
 xcoef=" 0 1 0 0 0 0"
 ycoef=" 0 0 1 0 0 0">
<Contour name="d02" hidden="false" closed="true" simplified="true" border="0.5 0 1" fill="0.5 0 1" mode="9"
 points="5.3285 5.73283,
	5.33572 5.71358,
	5.35016 5.69432,
	5.36941 5.68469,
	5.37182 5.67988,
	5.39107 5.67507,
	5.42958 5.67507,
	5.43921 5.67507,
	5.44402 5.67507,
	5.44884 5.67988,
	5.48734 5.6871,
	5.64137 5.69191,
	5.66063 5.69191,
	5.67025 5.69191,
	5.70876 5.70636,
	5.74727 5.69913,
	5.74968 5.70154,
	5.74727 5.70395,
	5.7569 5.70395,
	5.76652 5.70876,
	5.80503 5.71117,
	5.82428 5.71117,
	5.86279 5.7232,
	5.86761 5.72802,
	5.87723 5.73042,
	5.88205 5.73524,
	5.89167 5.73764,
	5.89889 5.74727,
	5.9013 5.78578,
	5.9013 5.80503,
	5.87483 5.88205,
	5.85798 5.92055,
	5.85557 5.93981,
	5.85557 5.94462,
	5.85076 5.94943,
	5.84835 5.95906,
	5.83632 5.97832,
	5.81706 5.99035,
	5.80262 6.00238,
	5.78096 6.03848,
	5.74727 6.06977,
	5.72802 6.06977,
	5.71117 6.05533,
	5.68951 6.01682,
	5.65581 5.97832,
	5.63897 5.95906,
	5.62693 5.93981,
	5.60768 5.92537,
	5.59805 5.91815,
	5.55954 5.90611,
	5.52104 5.88927,
	5.51622 5.88927,
	5.51141 5.88445,
	5.50178 5.88205,
	5.49697 5.88205,
	5.48734 5.87483,
	5.47772 5.87242,
	5.4729 5.87242,
	5.4368 5.84113,
	5.4007 5.81706,
	5.38145 5.80503,
	5.37663 5.80503,
	5.34053 5.77374,
	5.3285 5.75449,
	5.3285 5.73524,
	"/>
</Transform>

<Transform dim="0"
 xcoef=" 0 1 0 0 0 0"
 ycoef=" 0 0 1 0 0 0">
<Contour name="d02c10" hidden="false" closed="true" simplified="true" border="0 1 0" fill="0 1 0" mode="9"
 points="8.09362 4.76777,
	8.09897 4.76242,
	8.11323 4.76242,
	8.12749 4.76599,
	8.13462 4.76599,
	8.16313 4.78024,
	8.21126 4.81946,
	8.22195 4.83193,
	8.25047 4.84797,
	8.2772 4.86758,
	8.28611 4.87649,
	8.34137 4.90144,
	8.3485 4.90679,
	8.40553 4.9264,
	8.4091 4.9264,
	8.41266 4.92996,
	8.4697 4.94066,
	8.48395 4.94779,
	8.49108 4.95135,
	8.49643 4.95848,
	8.49643 4.97274,
	8.49287 4.97987,
	8.47861 4.98165,
	8.42157 4.97987,
	8.39305 4.9763,
	8.38593 4.9763,
	8.35741 4.96739,
	8.30037 4.93887,
	8.24334 4.89788,
	8.23086 4.88719,
	8.20413 4.87471,
	8.20234 4.87114,
	8.19878 4.87114,
	8.14353 4.83728,
	8.1364 4.83015,
	8.11323 4.81054,
	8.09897 4.79629,
	8.09362 4.76955,
	"/>
<Contour name="d02cfa10" hidden="false" closed="false" simplified="false" border="0 1 1" fill="0 1 1" mode="-9"
 points="8.49501 4.97,
	8.39342 4.94504,
	8.29717 4.90583,
	8.18132 4.82741,
	8.09399 4.76681,
	"/>
</Transform>

<Transform dim="0"
 xcoef=" 0 1 0 0 0 0"
 ycoef=" 0 0 1 0 0 0">
<Contour name="d02c12" hidden="false" closed="true" simplified="true" border="0 1 0" fill="0 1 0" mode="9"
 points="5.44536 5.85783,
	5.45091 5.85228,
	5.45276 5.84858,
	5.46755 5.85043,
	5.49715 5.86338,
	5.51195 5.87078,
	5.57113 5.88557,
	5.58593 5.88742,
	5.58963 5.89112,
	5.59703 5.89297,
	5.60073 5.89297,
	5.60443 5.89667,
	5.61923 5.90037,
	5.62662 5.90222,
	5.64142 5.91147,
	5.64512 5.91517,
	5.64882 5.91517,
	5.65992 5.92627,
	5.67287 5.94106,
	5.68026 5.95401,
	5.68026 5.96881,
	5.67841 5.97621,
	5.67102 5.98176,
	5.65622 5.98361,
	5.64882 5.98176,
	5.64512 5.97806,
	5.64327 5.97066,
	5.61738 5.95401,
	5.58963 5.94106,
	5.57668 5.93182,
	5.56929 5.92997,
	5.55449 5.92072,
	5.4953 5.90222,
	5.4805 5.89667,
	5.45091 5.87818,
	5.44536 5.86523,
	5.44536 5.85968,
	"/>
</Transform>

<Transform dim="0"
 xcoef=" 0 1 0 0 0 0"
 ycoef=" 0 0 1 0 0 0">
<Contour name="d02ax11" hidden="false" closed="true" simplified="true" border="0 1 1" fill="0 1 1" mode="-11"
 points="5.74418 4.53779,
	5.75341 4.51317,
	5.75649 4.50702,
	5.7688 4.49624,
	5.79342 4.4824,
	5.80573 4.4747,
	5.81496 4.46239,
	5.8165 4.45008,
	5.82111 4.43777,
	5.83188 4.427,
	5.83804 4.42238,
	5.86266 4.41469,
	5.87497 4.41469,
	5.88728 4.41161,
	5.89959 4.40546,
	5.92421 4.39776,
	5.93037 4.39469,
	5.9396 4.38238,
	5.94421 4.35776,
	5.94729 4.3516,
	5.9596 4.34545,
	5.96576 4.34237,
	5.96883 4.33929,
	5.99345 4.33468,
	6.00576 4.33314,
	6.03038 4.32544,
	6.055 4.31467,
	6.06731 4.31006,
	6.11655 4.30544,
	6.12886 4.3039,
	6.15348 4.29467,
	6.16579 4.29159,
	6.19041 4.28082,
	6.21503 4.27774,
	6.22734 4.27466,
	6.25197 4.27466,
	6.27659 4.27928,
	6.32583 4.29467,
	6.33814 4.29928,
	6.36276 4.30082,
	6.38738 4.29775,
	6.412 4.29775,
	6.42431 4.29928,
	6.43662 4.3039,
	6.44585 4.31467,
	6.45816 4.32544,
	6.46739 4.33468,
	6.4797 4.34237,
	6.48586 4.34699,
	6.49201 4.34852,
	6.49509 4.3516,
	6.5074 4.35468,
	6.51971 4.36237,
	6.53202 4.36699,
	6.53817 4.36853,
	6.55048 4.3793,
	6.55664 4.38238,
	6.56433 4.39469,
	6.56741 4.40084,
	6.56741 4.42546,
	6.56125 4.43777,
	6.54894 4.45008,
	6.53663 4.45931,
	6.53202 4.46239,
	6.52125 4.4747,
	6.51817 4.48086,
	6.51817 4.48393,
	6.51509 4.48701,
	6.50586 4.51163,
	6.49355 4.52394,
	6.49047 4.52702,
	6.48739 4.52702,
	6.44123 4.56703,
	6.42123 4.59165,
	6.41507 4.59626,
	6.412 4.60242,
	6.40122 4.61473,
	6.39199 4.62396,
	6.37968 4.63319,
	6.35506 4.6455,
	6.33044 4.65166,
	6.30582 4.65474,
	6.2812 4.66397,
	6.25658 4.67012,
	6.24427 4.6732,
	6.23812 4.6732,
	6.23196 4.67628,
	6.22581 4.67628,
	6.20119 4.68705,
	6.1781 4.70244,
	6.15348 4.70859,
	6.12886 4.71167,
	6.07962 4.71167,
	6.055 4.71321,
	6.03038 4.71783,
	6.01961 4.72552,
	6.01346 4.73167,
	6.00115 4.73937,
	5.97653 4.73937,
	5.96422 4.73937,
	5.95191 4.73475,
	5.94575 4.73167,
	5.94268 4.7286,
	5.9396 4.7286,
	5.93344 4.72398,
	5.93037 4.72398,
	5.92729 4.7209,
	5.92113 4.71936,
	5.91805 4.71629,
	5.91498 4.71629,
	5.89036 4.69936,
	5.87805 4.69013,
	5.87189 4.68397,
	5.84881 4.67012,
	5.82419 4.66089,
	5.81188 4.65474,
	5.78726 4.65166,
	5.77495 4.64704,
	5.7688 4.6455,
	5.76572 4.64243,
	5.76264 4.64397,
	5.75649 4.63935,
	5.75033 4.62704,
	5.74725 4.61473,
	5.74418 4.60857,
	5.74418 4.55933,
	5.74418 4.54702,
	5.74418 4.54087,
	5.74418 4.53933,
	"/>
</Transform>

<Transform dim="0"
 xcoef=" 0 1 0 0 0 0"
 ycoef=" 0 0 1 0 0 0">
<Contour name="d02ax11ssvr" hidden="false" closed="true" simplified="false" border="0 1 0" fill="0 1 0" mode="-11"
 points="6.13858 4.39082,
	6.12906 4.38131,
	6.13858 4.37179,
	6.14809 4.38131,
	"/>
<Contour name="d02ax11ssvr" hidden="false" closed="true" simplified="false" border="0 1 0" fill="0 1 0" mode="-11"
 points="6.11547 4.42887,
	6.10596 4.41936,
	6.11547 4.40985,
	6.12499 4.41936,
	"/>
<Contour name="d02ax11ssvr" hidden="false" closed="true" simplified="false" border="0 1 0" fill="0 1 0" mode="-11"
 points="6.16032 4.45197,
	6.15081 4.44246,
	6.16032 4.43295,
	6.16983 4.44246,
	"/>
<Contour name="d02ax11ssvr" hidden="false" closed="true" simplified="false" border="0 1 0" fill="0 1 0" mode="-11"
 points="6.2242 4.46828,
	6.21468 4.45877,
	6.2242 4.44926,
	6.23371 4.45877,
	"/>
<Contour name="d02ax11ssvr" hidden="false" closed="true" simplified="false" border="0 1 0" fill="0 1 0" mode="-11"
 points="6.25409 4.42072,
	6.24458 4.4112,
	6.25409 4.40169,
	6.26361 4.4112,
	"/>
<Contour name="d02ax11ssvr" hidden="false" closed="true" simplified="false" border="0 1 0" fill="0 1 0" mode="-11"
 points="6.27312 4.4941,
	6.26361 4.48459,
	6.27312 4.47508,
	6.28263 4.48459,
	"/>
<Contour name="d02ax11ssvr" hidden="false" closed="true" simplified="false" border="0 1 0" fill="0 1 0" mode="-11"
 points="6.32884 4.48867,
	6.31933 4.47916,
	6.32884 4.46964,
	6.33835 4.47916,
	"/>
<Contour name="d02ax11ssvr" hidden="false" closed="true" simplified="false" border="0 1 0" fill="0 1 0" mode="-11"
 points="6.31117 4.53759,
	6.30166 4.52808,
	6.31117 4.51857,
	6.32068 4.52808,
	"/>
<Contour name="d02ax11ssvr" hidden="false" closed="true" simplified="false" border="0 1 0" fill="0 1 0" mode="-11"
 points="6.38184 4.53352,
	6.37233 4.524,
	6.38184 4.51449,
	6.39135 4.524,
	"/>
<Contour name="d02ax11ssvr" hidden="false" closed="true" simplified="false" border="0 1 0" fill="0 1 0" mode="-11"
 points="6.39951 4.55934,
	6.38999 4.54982,
	6.39951 4.54031,
	6.40902 4.54982,
	"/>
<Contour name="d02ax11ssvr" hidden="false" closed="true" simplified="false" border="0 1 0" fill="0 1 0" mode="-11"
 points="6.36961 4.5838,
	6.3601 4.57429,
	6.36961 4.56477,
	6.37912 4.57429,
	"/>
<Contour name="d02ax11ssvr" hidden="false" closed="true" simplified="false" border="0 1 0" fill="0 1 0" mode="-11"
 points="6.32612 4.56749,
	6.31661 4.55798,
	6.32612 4.54846,
	6.33563 4.55798,
	"/>
<Contour name="d02ax11ssvr" hidden="false" closed="true" simplified="false" border="0 1 0" fill="0 1 0" mode="-11"
 points="6.28263 4.5838,
	6.27312 4.57429,
	6.28263 4.56477,
	6.29215 4.57429,
	"/>
<Contour name="d02ax11ssvr" hidden="false" closed="true" simplified="false" border="0 1 0" fill="0 1 0" mode="-11"
 points="6.24594 4.57564,
	6.23643 4.56613,
	6.24594 4.55662,
	6.25545 4.56613,
	"/>
<Contour name="d02ax11ssvr" hidden="false" closed="true" simplified="false" border="0 1 0" fill="0 1 0" mode="-11"
 points="6.26361 4.62729,
	6.25409 4.61777,
	6.26361 4.60826,
	6.27312 4.61777,
	"/>
<Contour name="d02ax11ssvr" hidden="false" closed="true" simplified="false" border="0 1 0" fill="0 1 0" mode="-11"
 points="6.23507 4.51721,
	6.22555 4.50769,
	6.23507 4.49818,
	6.24458 4.50769,
	"/>
<Contour name="d02ax11ssvr" hidden="false" closed="true" simplified="false" border="0 1 0" fill="0 1 0" mode="-11"
 points="6.22691 4.54711,
	6.2174 4.53759,
	6.22691 4.52808,
	6.23643 4.53759,
	"/>
<Contour name="d02ax11ssvr" hidden="false" closed="true" simplified="false" border="0 1 0" fill="0 1 0" mode="-11"
 points="6.18886 4.54575,
	6.17935 4.53623,
	6.18886 4.52672,
	6.19837 4.53623,
	"/>
<Contour name="d02ax11ssvr" hidden="false" closed="true" simplified="false" border="0 1 0" fill="0 1 0" mode="-11"
 points="6.18342 4.49818,
	6.17391 4.48867,
	6.18342 4.47916,
	6.19294 4.48867,
	"/>
<Contour name="d02ax11ssvr" hidden="false" closed="true" simplified="false" border="0 1 0" fill="0 1 0" mode="-11"
 points="6.19973 4.52128,
	6.19022 4.51177,
	6.19973 4.50226,
	6.20925 4.51177,
	"/>
<Contour name="d02ax11ssvr" hidden="false" closed="true" simplified="false" border="0 1 0" fill="0 1 0" mode="-11"
 points="6.12363 4.50226,
	6.11412 4.49275,
	6.12363 4.48323,
	6.13314 4.49275,
	"/>
<Contour name="d02ax11ssvr" hidden="false" closed="true" simplified="false" border="0 1 0" fill="0 1 0" mode="-11"
 points="6.04616 4.46692,
	6.03665 4.45741,
	6.04616 4.4479,
	6.05568 4.45741,
	"/>
<Contour name="d02ax11ssvr" hidden="false" closed="true" simplified="false" border="0 1 0" fill="0 1 0" mode="-11"
 points="6.14401 4.4778,
	6.1345 4.46828,
	6.14401 4.45877,
	6.15353 4.46828,
	"/>
<Contour name="d02ax11ssvr" hidden="false" closed="true" simplified="false" border="0 1 0" fill="0 1 0" mode="-11"
 points="6.0815 4.49818,
	6.07199 4.48867,
	6.0815 4.47916,
	6.09101 4.48867,
	"/>
<Contour name="d02ax11ssvr" hidden="false" closed="true" simplified="false" border="0 1 0" fill="0 1 0" mode="-11"
 points="6.01627 4.50905,
	6.00675 4.49954,
	6.01627 4.49003,
	6.02578 4.49954,
	"/>
<Contour name="d02ax11ssvr" hidden="false" closed="true" simplified="false" border="0 1 0" fill="0 1 0" mode="-11"
 points="5.9918 4.54846,
	5.98229 4.53895,
	5.9918 4.52944,
	6.00132 4.53895,
	"/>
<Contour name="d02ax11ssvr" hidden="false" closed="true" simplified="false" border="0 1 0" fill="0 1 0" mode="-11"
 points="5.95647 4.52808,
	5.94696 4.51857,
	5.95647 4.50905,
	5.96598 4.51857,
	"/>
<Contour name="d02ax11ssvr" hidden="false" closed="true" simplified="false" border="0 1 0" fill="0 1 0" mode="-11"
 points="5.93201 4.56749,
	5.92249 4.55798,
	5.93201 4.54846,
	5.94152 4.55798,
	"/>
<Contour name="d02ax11ssvr" hidden="false" closed="true" simplified="false" border="0 1 0" fill="0 1 0" mode="-11"
 points="5.89667 4.51993,
	5.88716 4.51041,
	5.89667 4.5009,
	5.90619 4.51041,
	"/>
<Contour name="d02ax11ssvr" hidden="false" closed="true" simplified="false" border="0 1 0" fill="0 1 0" mode="-11"
 points="5.83824 4.50362,
	5.82872 4.4941,
	5.83824 4.48459,
	5.84775 4.4941,
	"/>
<Contour name="d02ax11ssvr" hidden="false" closed="true" simplified="false" border="0 1 0" fill="0 1 0" mode="-11"
 points="5.85047 4.54031,
	5.84095 4.5308,
	5.85047 4.52128,
	5.85998 4.5308,
	"/>
<Contour name="d02ax11ssvr" hidden="false" closed="true" simplified="false" border="0 1 0" fill="0 1 0" mode="-11"
 points="5.88988 4.56613,
	5.88037 4.55662,
	5.88988 4.54711,
	5.89939 4.55662,
	"/>
<Contour name="d02ax11ssvr" hidden="false" closed="true" simplified="false" border="0 1 0" fill="0 1 0" mode="-11"
 points="5.8858 4.59603,
	5.87629 4.58652,
	5.8858 4.577,
	5.89531 4.58652,
	"/>
<Contour name="d02ax11ssvr" hidden="false" closed="true" simplified="false" border="0 1 0" fill="0 1 0" mode="-11"
 points="5.83552 4.59195,
	5.826 4.58244,
	5.83552 4.57293,
	5.84503 4.58244,
	"/>
<Contour name="d02ax11ssvr" hidden="false" closed="true" simplified="false" border="0 1 0" fill="0 1 0" mode="-11"
 points="5.86406 4.63001,
	5.85454 4.62049,
	5.86406 4.61098,
	5.87357 4.62049,
	"/>
<Contour name="d02ax11ssvr" hidden="false" closed="true" simplified="false" border="0 1 0" fill="0 1 0" mode="-11"
 points="5.93201 4.61642,
	5.92249 4.6069,
	5.93201 4.59739,
	5.94152 4.6069,
	"/>
<Contour name="d02ax11ssvr" hidden="false" closed="true" simplified="false" border="0 1 0" fill="0 1 0" mode="-11"
 points="5.92929 4.6599,
	5.91978 4.65039,
	5.92929 4.64088,
	5.9388 4.65039,
	"/>
<Contour name="d02ax11ssvr" hidden="false" closed="true" simplified="false" border="0 1 0" fill="0 1 0" mode="-11"
 points="5.97957 4.68301,
	5.97006 4.67349,
	5.97957 4.66398,
	5.98909 4.67349,
	"/>
<Contour name="d02ax11ssvr" hidden="false" closed="true" simplified="false" border="0 1 0" fill="0 1 0" mode="-11"
 points="6.04073 4.577,
	6.03122 4.56749,
	6.04073 4.55798,
	6.05024 4.56749,
	"/>
<Contour name="d02ax11ssvr" hidden="false" closed="true" simplified="false" border="0 1 0" fill="0 1 0" mode="-11"
 points="5.98909 4.58924,
	5.97957 4.57972,
	5.98909 4.57021,
	5.9986 4.57972,
	"/>
<Contour name="d02ax11ssvr" hidden="false" closed="true" simplified="false" border="0 1 0" fill="0 1 0" mode="-11"
 points="5.95375 4.59059,
	5.94424 4.58108,
	5.95375 4.57157,
	5.96326 4.58108,
	"/>
<Contour name="d02ax11ssvr" hidden="false" closed="true" simplified="false" border="0 1 0" fill="0 1 0" mode="-11"
 points="5.96191 4.63544,
	5.95239 4.62593,
	5.96191 4.61642,
	5.97142 4.62593,
	"/>
<Contour name="d02ax11ssvr" hidden="false" closed="true" simplified="false" border="0 1 0" fill="0 1 0" mode="-11"
 points="5.99724 4.63001,
	5.98773 4.62049,
	5.99724 4.61098,
	6.00675 4.62049,
	"/>
<Contour name="d02ax11ssvr" hidden="false" closed="true" simplified="false" border="0 1 0" fill="0 1 0" mode="-11"
 points="6.02442 4.65447,
	6.01491 4.64495,
	6.02442 4.63544,
	6.03393 4.64495,
	"/>
<Contour name="d02ax11ssvr" hidden="false" closed="true" simplified="false" border="0 1 0" fill="0 1 0" mode="-11"
 points="5.99045 4.65175,
	5.98093 4.64224,
	5.99045 4.63272,
	5.99996 4.64224,
	"/>
<Contour name="d02ax11ssvr" hidden="false" closed="true" simplified="false" border="0 1 0" fill="0 1 0" mode="-11"
 points="6.05024 4.6137,
	6.04073 4.60418,
	6.05024 4.59467,
	6.05975 4.60418,
	"/>
<Contour name="d02ax11ssvr" hidden="false" closed="true" simplified="false" border="0 1 0" fill="0 1 0" mode="-11"
 points="6.08286 4.65039,
	6.07334 4.64088,
	6.08286 4.63136,
	6.09237 4.64088,
	"/>
<Contour name="d02ax11ssvr" hidden="false" closed="true" simplified="false" border="0 1 0" fill="0 1 0" mode="-11"
 points="6.09645 4.69252,
	6.08693 4.68301,
	6.09645 4.67349,
	6.10596 4.68301,
	"/>
<Contour name="d02ax11ssvr" hidden="false" closed="true" simplified="false" border="0 1 0" fill="0 1 0" mode="-11"
 points="6.14537 4.65175,
	6.13586 4.64224,
	6.14537 4.63272,
	6.15489 4.64224,
	"/>
<Contour name="d02ax11ssvr" hidden="false" closed="true" simplified="false" border="0 1 0" fill="0 1 0" mode="-11"
 points="6.20925 4.6436,
	6.19973 4.63408,
	6.20925 4.62457,
	6.21876 4.63408,
	"/>
<Contour name="d02ax11ssvr" hidden="false" closed="true" simplified="false" border="0 1 0" fill="0 1 0" mode="-11"
 points="6.19566 4.61642,
	6.18614 4.6069,
	6.19566 4.59739,
	6.20517 4.6069,
	"/>
<Contour name="d02ax11ssvr" hidden="false" closed="true" simplified="false" border="0 1 0" fill="0 1 0" mode="-11"
 points="6.15624 4.58788,
	6.14673 4.57836,
	6.15624 4.56885,
	6.16576 4.57836,
	"/>
<Contour name="d02ax11ssvr" hidden="false" closed="true" simplified="false" border="0 1 0" fill="0 1 0" mode="-11"
 points="6.09509 4.60011,
	6.08558 4.59059,
	6.09509 4.58108,
	6.1046 4.59059,
	"/>
<Contour name="d02ax11ssvr" hidden="false" closed="true" simplified="false" border="0 1 0" fill="0 1 0" mode="-11"
 points="6.13858 4.5539,
	6.12906 4.54439,
	6.13858 4.53487,
	6.14809 4.54439,
	"/>
<Contour name="d02ax11ssvr" hidden="false" closed="true" simplified="false" border="0 1 0" fill="0 1 0" mode="-11"
 points="6.08422 4.55798,
	6.0747 4.54846,
	6.08422 4.53895,
	6.09373 4.54846,
	"/>
<Contour name="d02ax11ssvr" hidden="false" closed="true" simplified="false" border="0 1 0" fill="0 1 0" mode="-11"
 points="6.36146 4.42887,
	6.35194 4.41936,
	6.36146 4.40985,
	6.37097 4.41936,
	"/>
<Contour name="d02ax11ssvr" hidden="false" closed="true" simplified="false" border="0 1 0" fill="0 1 0" mode="-11"
 points="6.32204 4.59331,
	6.31253 4.5838,
	6.32204 4.57429,
	6.33156 4.5838,
	"/>
</Transform>

<Transform dim="0"
 xcoef=" 0 1 0 0 0 0"
 ycoef=" 0 0 1 0 0 0">
<Contour name="d02cfa12" hidden="false" closed="false" simplified="true" border="0 1 1" fill="0 1 1" mode="-9"
 points="3.84773 5.93624,
	3.85993 5.92404,
	3.88432 5.91032,
	3.89651 5.9027,
	3.9453 5.88593,
	4.04286 5.86611,
	4.14043 5.85087,
	4.16482 5.84629,
	4.17701 5.84324,
	4.18921 5.83715,
	4.2136 5.83562,
	4.26238 5.84629,
	4.31117 5.83715,
	4.32336 5.83257,
	4.34775 5.8158,
	4.39653 5.79904,
	4.42093 5.78989,
	4.46971 5.77922,
	4.51849 5.7655,
	4.54288 5.76397,
	4.55508 5.76397,
	4.56118 5.76397,
	4.56575 5.77007,
	4.59014 5.7716,
	4.63892 5.78074,
	4.65112 5.78074,
	4.66331 5.78379,
	4.7121 5.78379,
	4.73649 5.78074,
	4.74868 5.77769,
	4.77308 5.76245,
	4.82186 5.74568,
	4.87064 5.74111,
	4.89503 5.73806,
	4.9926 5.71214,
	5.04138 5.69537,
	5.06577 5.6847,
	5.11455 5.68013,
	5.21212 5.6786,
	5.23651 5.6847,
	5.2609 5.6969,
	5.28529 5.71214,
	5.29749 5.71976,
	5.34322 5.76855,
	5.35694 5.79294,
	5.38133 5.8158,
	5.40573 5.83257,
	5.41792 5.8402,
	5.43012 5.84324,
	5.43621 5.84477,
	5.44841 5.85239,
	5.45146 5.84934,
	5.47585 5.86459,
	5.52463 5.88288,
	5.57342 5.89813,
	5.58561 5.9027,
	5.59781 5.91032,
	5.6039 5.91337,
	5.65116 5.96063,
	5.66336 5.97282,
	5.66946 5.97892,
	5.66793 5.98197,
	5.69232 6.00636,
	5.70299 6.01856,
	5.70909 6.02466,
	5.71519 6.03685,
	5.71824 6.04905,
	5.71824 6.07344,
	5.70757 6.09783,
	5.68013 6.14661,
	5.66641 6.171,
	5.65421 6.1832,
	5.60543 6.21979,
	5.59323 6.22893,
	5.56884 6.24113,
	5.52006 6.2579,
	5.42249 6.26247,
	5.3981 6.26552,
	5.37371 6.26399,
	5.32493 6.24875,
	5.27615 6.21674,
	5.23041 6.16948,
	5.20602 6.15118,
	5.19383 6.14204,
	5.17248 6.11765,
	5.14809 6.09783,
	5.1359 6.09021,
	5.11303 6.06734,
	5.09321 6.04295,
	5.07644 6.01856,
	5.0673 6.00636,
	5.0429 5.98807,
	5.02004 5.9652,
	4.99565 5.94691,
	4.94686 5.92099,
	4.92247 5.91337,
	4.89808 5.91032,
	4.88589 5.91185,
	4.8371 5.9088,
	4.73954 5.89813,
	4.69075 5.89813,
	4.64197 5.90422,
	4.61758 5.9088,
	4.52002 5.91642,
	4.49562 5.91642,
	4.44684 5.92099,
	4.39806 5.91947,
	4.37367 5.91947,
	4.36147 5.91794,
	4.26391 5.93014,
	4.21512 5.93319,
	4.19073 5.93319,
	4.14195 5.94081,
	4.09317 5.95758,
	4.08097 5.96063,
	4.05658 5.97282,
	4.0078 5.98654,
	3.98341 5.98807,
	3.95902 5.98654,
	3.94682 5.98654,
	3.89804 5.9774,
	3.87365 5.9652,
	3.86145 5.95758,
	3.84925 5.94691,
	3.84773 5.94081,
	3.84773 5.93776,
	"/>
</Transform>

<Transform dim="0"
 xcoef=" 0 1 0 0 0 0"
 ycoef=" 0 0 1 0 0 0">
<Contour name="d02ax12ssvr" hidden="false" closed="true" simplified="false" border="0 1 0" fill="0 1 0" mode="-11"
 points="5.0566 5.91651,
	5.04593 5.90584,
	5.0566 5.89517,
	5.06727 5.90584,
	"/>
<Contour name="d02ax12ssvr" hidden="false" closed="true" simplified="false" border="0 1 0" fill="0 1 0" mode="-11"
 points="5.01392 5.88755,
	5.00325 5.87687,
	5.01392 5.8662,
	5.02459 5.87687,
	"/>
<Contour name="d02ax12ssvr" hidden="false" closed="true" simplified="false" border="0 1 0" fill="0 1 0" mode="-11"
 points="4.95904 5.88602,
	4.94837 5.87535,
	4.95904 5.86468,
	4.96971 5.87535,
	"/>
<Contour name="d02ax12ssvr" hidden="false" closed="true" simplified="false" border="0 1 0" fill="0 1 0" mode="-11"
 points="5.03831 5.82962,
	5.02764 5.81894,
	5.03831 5.80827,
	5.04898 5.81894,
	"/>
<Contour name="d02ax12ssvr" hidden="false" closed="true" simplified="false" border="0 1 0" fill="0 1 0" mode="-11"
 points="5.03069 5.78083,
	5.02001 5.77016,
	5.03069 5.75949,
	5.04136 5.77016,
	"/>
<Contour name="d02ax12ssvr" hidden="false" closed="true" simplified="false" border="0 1 0" fill="0 1 0" mode="-11"
 points="5.07794 5.8662,
	5.06727 5.85553,
	5.07794 5.84486,
	5.08862 5.85553,
	"/>
<Contour name="d02ax12ssvr" hidden="false" closed="true" simplified="false" border="0 1 0" fill="0 1 0" mode="-11"
 points="5.13435 5.87078,
	5.12368 5.8601,
	5.13435 5.84943,
	5.14502 5.8601,
	"/>
<Contour name="d02ax12ssvr" hidden="false" closed="true" simplified="false" border="0 1 0" fill="0 1 0" mode="-11"
 points="5.11453 5.82504,
	5.10386 5.81437,
	5.11453 5.8037,
	5.1252 5.81437,
	"/>
<Contour name="d02ax12ssvr" hidden="false" closed="true" simplified="false" border="0 1 0" fill="0 1 0" mode="-11"
 points="5.16331 5.84638,
	5.15264 5.83571,
	5.16331 5.82504,
	5.17399 5.83571,
	"/>
<Contour name="d02ax12ssvr" hidden="false" closed="true" simplified="false" border="0 1 0" fill="0 1 0" mode="-11"
 points="5.16789 5.8098,
	5.15722 5.79913,
	5.16789 5.78846,
	5.17856 5.79913,
	"/>
<Contour name="d02ax12ssvr" hidden="false" closed="true" simplified="false" border="0 1 0" fill="0 1 0" mode="-11"
 points="5.16484 5.7412,
	5.15417 5.73053,
	5.16484 5.71985,
	5.17551 5.73053,
	"/>
<Contour name="d02ax12ssvr" hidden="false" closed="true" simplified="false" border="0 1 0" fill="0 1 0" mode="-11"
 points="5.20905 5.76711,
	5.19838 5.75644,
	5.20905 5.74577,
	5.21972 5.75644,
	"/>
<Contour name="d02ax12ssvr" hidden="false" closed="true" simplified="false" border="0 1 0" fill="0 1 0" mode="-11"
 points="5.22277 5.8159,
	5.2121 5.80522,
	5.22277 5.79455,
	5.23344 5.80522,
	"/>
<Contour name="d02ax12ssvr" hidden="false" closed="true" simplified="false" border="0 1 0" fill="0 1 0" mode="-11"
 points="5.21667 5.8601,
	5.206 5.84943,
	5.21667 5.83876,
	5.22734 5.84943,
	"/>
<Contour name="d02ax12ssvr" hidden="false" closed="true" simplified="false" border="0 1 0" fill="0 1 0" mode="-11"
 points="5.17551 5.89669,
	5.16484 5.88602,
	5.17551 5.87535,
	5.18618 5.88602,
	"/>
<Contour name="d02ax12ssvr" hidden="false" closed="true" simplified="false" border="0 1 0" fill="0 1 0" mode="-11"
 points="5.12063 5.92871,
	5.10996 5.91803,
	5.12063 5.90736,
	5.1313 5.91803,
	"/>
<Contour name="d02ax12ssvr" hidden="false" closed="true" simplified="false" border="0 1 0" fill="0 1 0" mode="-11"
 points="5.07337 5.96529,
	5.0627 5.95462,
	5.07337 5.94395,
	5.08404 5.95462,
	"/>
<Contour name="d02ax12ssvr" hidden="false" closed="true" simplified="false" border="0 1 0" fill="0 1 0" mode="-11"
 points="5.11606 6.00035,
	5.10538 5.98968,
	5.11606 5.97901,
	5.12673 5.98968,
	"/>
<Contour name="d02ax12ssvr" hidden="false" closed="true" simplified="false" border="0 1 0" fill="0 1 0" mode="-11"
 points="5.14045 5.96682,
	5.12978 5.95615,
	5.14045 5.94547,
	5.15112 5.95615,
	"/>
<Contour name="d02ax12ssvr" hidden="false" closed="true" simplified="false" border="0 1 0" fill="0 1 0" mode="-11"
 points="5.17703 5.93785,
	5.16636 5.92718,
	5.17703 5.91651,
	5.18771 5.92718,
	"/>
<Contour name="d02ax12ssvr" hidden="false" closed="true" simplified="false" border="0 1 0" fill="0 1 0" mode="-11"
 points="5.20905 5.95767,
	5.19838 5.947,
	5.20905 5.93633,
	5.21972 5.947,
	"/>
<Contour name="d02ax12ssvr" hidden="false" closed="true" simplified="false" border="0 1 0" fill="0 1 0" mode="-11"
 points="5.22429 5.91041,
	5.21362 5.89974,
	5.22429 5.88907,
	5.23496 5.89974,
	"/>
<Contour name="d02ax12ssvr" hidden="false" closed="true" simplified="false" border="0 1 0" fill="0 1 0" mode="-11"
 points="5.2746 5.84029,
	5.26393 5.82962,
	5.2746 5.81894,
	5.28527 5.82962,
	"/>
<Contour name="d02ax12ssvr" hidden="false" closed="true" simplified="false" border="0 1 0" fill="0 1 0" mode="-11"
 points="5.25935 5.87992,
	5.24868 5.86925,
	5.25935 5.85858,
	5.27003 5.86925,
	"/>
<Contour name="d02ax12ssvr" hidden="false" closed="true" simplified="false" border="0 1 0" fill="0 1 0" mode="-11"
 points="5.27155 5.78388,
	5.26088 5.77321,
	5.27155 5.76254,
	5.28222 5.77321,
	"/>
<Contour name="d02ax12ssvr" hidden="false" closed="true" simplified="false" border="0 1 0" fill="0 1 0" mode="-11"
 points="5.29137 5.87382,
	5.2807 5.86315,
	5.29137 5.85248,
	5.30204 5.86315,
	"/>
<Contour name="d02ax12ssvr" hidden="false" closed="true" simplified="false" border="0 1 0" fill="0 1 0" mode="-11"
 points="5.31881 5.89212,
	5.30814 5.88145,
	5.31881 5.87078,
	5.32948 5.88145,
	"/>
<Contour name="d02ax12ssvr" hidden="false" closed="true" simplified="false" border="0 1 0" fill="0 1 0" mode="-11"
 points="5.2746 5.92566,
	5.26393 5.91499,
	5.2746 5.90431,
	5.28527 5.91499,
	"/>
<Contour name="d02ax12ssvr" hidden="false" closed="true" simplified="false" border="0 1 0" fill="0 1 0" mode="-11"
 points="5.2685 5.96987,
	5.25783 5.95919,
	5.2685 5.94852,
	5.27917 5.95919,
	"/>
<Contour name="d02ax12ssvr" hidden="false" closed="true" simplified="false" border="0 1 0" fill="0 1 0" mode="-11"
 points="5.22887 6.00493,
	5.21819 5.99426,
	5.22887 5.98359,
	5.23954 5.99426,
	"/>
<Contour name="d02ax12ssvr" hidden="false" closed="true" simplified="false" border="0 1 0" fill="0 1 0" mode="-11"
 points="5.17856 6.01103,
	5.16789 6.00035,
	5.17856 5.98968,
	5.18923 6.00035,
	"/>
<Contour name="d02ax12ssvr" hidden="false" closed="true" simplified="false" border="0 1 0" fill="0 1 0" mode="-11"
 points="5.1435 6.04152,
	5.13282 6.03084,
	5.1435 6.02017,
	5.15417 6.03084,
	"/>
<Contour name="d02ax12ssvr" hidden="false" closed="true" simplified="false" border="0 1 0" fill="0 1 0" mode="-11"
 points="5.20295 6.05219,
	5.19228 6.04152,
	5.20295 6.03084,
	5.21362 6.04152,
	"/>
<Contour name="d02ax12ssvr" hidden="false" closed="true" simplified="false" border="0 1 0" fill="0 1 0" mode="-11"
 points="5.20752 6.10097,
	5.19685 6.0903,
	5.20752 6.07963,
	5.21819 6.0903,
	"/>
<Contour name="d02ax12ssvr" hidden="false" closed="true" simplified="false" border="0 1 0" fill="0 1 0" mode="-11"
 points="5.24411 6.12384,
	5.23344 6.11316,
	5.24411 6.10249,
	5.25478 6.11316,
	"/>
<Contour name="d02ax12ssvr" hidden="false" closed="true" simplified="false" border="0 1 0" fill="0 1 0" mode="-11"
 points="5.27003 6.09944,
	5.25935 6.08877,
	5.27003 6.0781,
	5.2807 6.08877,
	"/>
<Contour name="d02ax12ssvr" hidden="false" closed="true" simplified="false" border="0 1 0" fill="0 1 0" mode="-11"
 points="5.25478 6.1589,
	5.24411 6.14823,
	5.25478 6.13756,
	5.26545 6.14823,
	"/>
<Contour name="d02ax12ssvr" hidden="false" closed="true" simplified="false" border="0 1 0" fill="0 1 0" mode="-11"
 points="5.30814 6.11012,
	5.29747 6.09944,
	5.30814 6.08877,
	5.31881 6.09944,
	"/>
<Contour name="d02ax12ssvr" hidden="false" closed="true" simplified="false" border="0 1 0" fill="0 1 0" mode="-11"
 points="5.26393 6.05371,
	5.25326 6.04304,
	5.26393 6.03237,
	5.2746 6.04304,
	"/>
<Contour name="d02ax12ssvr" hidden="false" closed="true" simplified="false" border="0 1 0" fill="0 1 0" mode="-11"
 points="5.27917 6.01407,
	5.2685 6.0034,
	5.27917 5.99273,
	5.28984 6.0034,
	"/>
<Contour name="d02ax12ssvr" hidden="false" closed="true" simplified="false" border="0 1 0" fill="0 1 0" mode="-11"
 points="5.30966 6.0278,
	5.29899 6.01712,
	5.30966 6.00645,
	5.32033 6.01712,
	"/>
<Contour name="d02ax12ssvr" hidden="false" closed="true" simplified="false" border="0 1 0" fill="0 1 0" mode="-11"
 points="5.35692 6.00188,
	5.34625 5.99121,
	5.35692 5.98054,
	5.36759 5.99121,
	"/>
<Contour name="d02ax12ssvr" hidden="false" closed="true" simplified="false" border="0 1 0" fill="0 1 0" mode="-11"
 points="5.31728 5.96834,
	5.30661 5.95767,
	5.31728 5.947,
	5.32796 5.95767,
	"/>
<Contour name="d02ax12ssvr" hidden="false" closed="true" simplified="false" border="0 1 0" fill="0 1 0" mode="-11"
 points="5.36607 5.92108,
	5.3554 5.91041,
	5.36607 5.89974,
	5.37674 5.91041,
	"/>
<Contour name="d02ax12ssvr" hidden="false" closed="true" simplified="false" border="0 1 0" fill="0 1 0" mode="-11"
 points="5.38436 5.97291,
	5.37369 5.96224,
	5.38436 5.95157,
	5.39503 5.96224,
	"/>
<Contour name="d02ax12ssvr" hidden="false" closed="true" simplified="false" border="0 1 0" fill="0 1 0" mode="-11"
 points="5.40265 6.0217,
	5.39198 6.01103,
	5.40265 6.00035,
	5.41332 6.01103,
	"/>
<Contour name="d02ax12ssvr" hidden="false" closed="true" simplified="false" border="0 1 0" fill="0 1 0" mode="-11"
 points="5.39808 6.07505,
	5.38741 6.06438,
	5.39808 6.05371,
	5.40875 6.06438,
	"/>
<Contour name="d02ax12ssvr" hidden="false" closed="true" simplified="false" border="0 1 0" fill="0 1 0" mode="-11"
 points="5.36149 6.12231,
	5.35082 6.11164,
	5.36149 6.10097,
	5.37216 6.11164,
	"/>
<Contour name="d02ax12ssvr" hidden="false" closed="true" simplified="false" border="0 1 0" fill="0 1 0" mode="-11"
 points="5.32948 6.16805,
	5.31881 6.15737,
	5.32948 6.1467,
	5.34015 6.15737,
	"/>
<Contour name="d02ax12ssvr" hidden="false" closed="true" simplified="false" border="0 1 0" fill="0 1 0" mode="-11"
 points="5.27155 6.19244,
	5.26088 6.18177,
	5.27155 6.17109,
	5.28222 6.18177,
	"/>
<Contour name="d02ax12ssvr" hidden="false" closed="true" simplified="false" border="0 1 0" fill="0 1 0" mode="-11"
 points="5.31271 6.20463,
	5.30204 6.19396,
	5.31271 6.18329,
	5.32338 6.19396,
	"/>
<Contour name="d02ax12ssvr" hidden="false" closed="true" simplified="false" border="0 1 0" fill="0 1 0" mode="-11"
 points="5.40113 6.18786,
	5.39046 6.17719,
	5.40113 6.16652,
	5.4118 6.17719,
	"/>
<Contour name="d02ax12ssvr" hidden="false" closed="true" simplified="false" border="0 1 0" fill="0 1 0" mode="-11"
 points="5.41637 6.14365,
	5.4057 6.13298,
	5.41637 6.12231,
	5.42705 6.13298,
	"/>
<Contour name="d02ax12ssvr" hidden="false" closed="true" simplified="false" border="0 1 0" fill="0 1 0" mode="-11"
 points="5.47278 6.1589,
	5.46211 6.14823,
	5.47278 6.13756,
	5.48345 6.14823,
	"/>
<Contour name="d02ax12ssvr" hidden="false" closed="true" simplified="false" border="0 1 0" fill="0 1 0" mode="-11"
 points="5.41485 6.21835,
	5.40418 6.20768,
	5.41485 6.19701,
	5.42552 6.20768,
	"/>
<Contour name="d02ax12ssvr" hidden="false" closed="true" simplified="false" border="0 1 0" fill="0 1 0" mode="-11"
 points="5.47583 6.21835,
	5.46516 6.20768,
	5.47583 6.19701,
	5.4865 6.20768,
	"/>
<Contour name="d02ax12ssvr" hidden="false" closed="true" simplified="false" border="0 1 0" fill="0 1 0" mode="-11"
 points="5.50327 6.11469,
	5.4926 6.10402,
	5.50327 6.09335,
	5.51394 6.10402,
	"/>
<Contour name="d02ax12ssvr" hidden="false" closed="true" simplified="false" border="0 1 0" fill="0 1 0" mode="-11"
 points="5.44229 6.09487,
	5.43162 6.0842,
	5.44229 6.07353,
	5.45296 6.0842,
	"/>
<Contour name="d02ax12ssvr" hidden="false" closed="true" simplified="false" border="0 1 0" fill="0 1 0" mode="-11"
 points="5.45601 6.04456,
	5.44534 6.03389,
	5.45601 6.02322,
	5.46668 6.03389,
	"/>
<Contour name="d02ax12ssvr" hidden="false" closed="true" simplified="false" border="0 1 0" fill="0 1 0" mode="-11"
 points="5.49717 6.06438,
	5.4865 6.05371,
	5.49717 6.04304,
	5.50784 6.05371,
	"/>
<Contour name="d02ax12ssvr" hidden="false" closed="true" simplified="false" border="0 1 0" fill="0 1 0" mode="-11"
 points="5.47735 6.00645,
	5.46668 5.99578,
	5.47735 5.98511,
	5.48802 5.99578,
	"/>
<Contour name="d02ax12ssvr" hidden="false" closed="true" simplified="false" border="0 1 0" fill="0 1 0" mode="-11"
 points="5.51394 6.01407,
	5.50327 6.0034,
	5.51394 5.99273,
	5.52461 6.0034,
	"/>
<Contour name="d02ax12ssvr" hidden="false" closed="true" simplified="false" border="0 1 0" fill="0 1 0" mode="-11"
 points="5.55357 6.0278,
	5.5429 6.01712,
	5.55357 6.00645,
	5.56425 6.01712,
	"/>
<Contour name="d02ax12ssvr" hidden="false" closed="true" simplified="false" border="0 1 0" fill="0 1 0" mode="-11"
 points="5.44381 5.98968,
	5.43314 5.97901,
	5.44381 5.96834,
	5.45449 5.97901,
	"/>
<Contour name="d02ax12ssvr" hidden="false" closed="true" simplified="false" border="0 1 0" fill="0 1 0" mode="-11"
 points="5.44077 5.95767,
	5.43009 5.947,
	5.44077 5.93633,
	5.45144 5.947,
	"/>
<Contour name="d02ax12ssvr" hidden="false" closed="true" simplified="false" border="0 1 0" fill="0 1 0" mode="-11"
 points="5.4179 5.92108,
	5.40723 5.91041,
	5.4179 5.89974,
	5.42857 5.91041,
	"/>
<Contour name="d02ax12ssvr" hidden="false" closed="true" simplified="false" border="0 1 0" fill="0 1 0" mode="-11"
 points="5.33405 5.83571,
	5.32338 5.82504,
	5.33405 5.81437,
	5.34472 5.82504,
	"/>
<Contour name="d02ax12ssvr" hidden="false" closed="true" simplified="false" border="0 1 0" fill="0 1 0" mode="-11"
 points="5.32491 5.80522,
	5.31424 5.79455,
	5.32491 5.78388,
	5.33558 5.79455,
	"/>
<Contour name="d02ax12ssvr" hidden="false" closed="true" simplified="false" border="0 1 0" fill="0 1 0" mode="-11"
 points="4.90873 5.81132,
	4.89806 5.80065,
	4.90873 5.78998,
	4.9194 5.80065,
	"/>
<Contour name="d02ax12ssvr" hidden="false" closed="true" simplified="false" border="0 1 0" fill="0 1 0" mode="-11"
 points="4.93922 5.85553,
	4.92855 5.84486,
	4.93922 5.83419,
	4.94989 5.84486,
	"/>
<Contour name="d02ax12ssvd" hidden="false" closed="true" simplified="false" border="1 0.501961 0" fill="1 0.501961 0" mode="-11"
 points="5.50784 5.91651,
	5.49717 5.90584,
	5.50784 5.89517,
	5.51851 5.90584,
	"/>
<Contour name="d02ax12ssvd" hidden="false" closed="true" simplified="false" border="1 0.501961 0" fill="1 0.501961 0" mode="-11"
 points="5.53528 5.96682,
	5.52461 5.95615,
	5.53528 5.94547,
	5.54595 5.95615,
	"/>
<Contour name="d02ax12ssvd" hidden="false" closed="true" simplified="false" border="1 0.501961 0" fill="1 0.501961 0" mode="-11"
 points="5.44839 5.88297,
	5.43772 5.8723,
	5.44839 5.86163,
	5.45906 5.8723,
	"/>
<Contour name="d02ax12ssvr" hidden="false" closed="true" simplified="false" border="0 1 0" fill="0 1 0" mode="-11"
 points="5.40418 5.88907,
	5.39351 5.8784,
	5.40418 5.86773,
	5.41485 5.8784,
	"/>
<Contour name="d02ax12ssvr" hidden="false" closed="true" simplified="false" border="0 1 0" fill="0 1 0" mode="-11"
 points="5.32796 6.07963,
	5.31728 6.06896,
	5.32796 6.05828,
	5.33863 6.06896,
	"/>
</Transform>

<Transform dim="0"
 xcoef=" 0 1 0 0 0 0"
 ycoef=" 0 0 1 0 0 0">
<Contour name="d03ax09ssvr" hidden="false" closed="true" simplified="false" border="0 1 0" fill="0 0 1" mode="11"
 points="7.20464 3.57281,
	7.19447 3.56264,
	7.20464 3.55246,
	7.21482 3.56264,
	"/>
<Contour name="d03ax09ssvr" hidden="false" closed="true" simplified="false" border="0 1 0" fill="0 0 1" mode="11"
 points="7.24824 3.53938,
	7.23807 3.52921,
	7.24824 3.51904,
	7.25842 3.52921,
	"/>
<Contour name="d03ax09ssvr" hidden="false" closed="true" simplified="false" border="0 1 0" fill="0 0 1" mode="11"
 points="7.27876 3.57281,
	7.26859 3.56264,
	7.27876 3.55246,
	7.28894 3.56264,
	"/>
<Contour name="d03ax09ssvr" hidden="false" closed="true" simplified="false" border="0 1 0" fill="0 0 1" mode="11"
 points="7.16831 3.48997,
	7.15814 3.4798,
	7.16831 3.46962,
	7.17848 3.4798,
	"/>
<Contour name="d03ax09ssvr" hidden="false" closed="true" simplified="false" border="0 1 0" fill="0 0 1" mode="11"
 points="7.13488 3.44637,
	7.12471 3.4362,
	7.13488 3.42603,
	7.14506 3.4362,
	"/>
<Contour name="d03ax09ssvr" hidden="false" closed="true" simplified="false" border="0 1 0" fill="0 0 1" mode="11"
 points="7.20028 3.44056,
	7.19011 3.43038,
	7.20028 3.42021,
	7.21046 3.43038,
	"/>
<Contour name="d03ax09ssvr" hidden="false" closed="true" simplified="false" border="0 1 0" fill="0 0 1" mode="11"
 points="7.2308 3.4798,
	7.22063 3.46962,
	7.2308 3.45945,
	7.24098 3.46962,
	"/>
<Contour name="d03ax09ssvr" hidden="false" closed="true" simplified="false" border="0 1 0" fill="0 0 1" mode="11"
 points="7.18575 3.39987,
	7.17558 3.38969,
	7.18575 3.37952,
	7.19592 3.38969,
	"/>
<Contour name="d03ax09ssvr" hidden="false" closed="true" simplified="false" border="0 1 0" fill="0 0 1" mode="11"
 points="7.17703 3.34755,
	7.16686 3.33737,
	7.17703 3.3272,
	7.1872 3.33737,
	"/>
<Contour name="d03ax09ssvr" hidden="false" closed="true" simplified="false" border="0 1 0" fill="0 0 1" mode="11"
 points="7.14215 3.38388,
	7.13198 3.37371,
	7.14215 3.36353,
	7.15232 3.37371,
	"/>
<Contour name="d03ax09ssvr" hidden="false" closed="true" simplified="false" border="0 1 0" fill="0 0 1" mode="11"
 points="7.26278 3.40713,
	7.2526 3.39696,
	7.26278 3.38679,
	7.27295 3.39696,
	"/>
<Contour name="d03ax09ssvr" hidden="false" closed="true" simplified="false" border="0 1 0" fill="0 0 1" mode="11"
 points="7.28312 3.34755,
	7.27295 3.33737,
	7.28312 3.3272,
	7.2933 3.33737,
	"/>
<Contour name="d03ax09ssvr" hidden="false" closed="true" simplified="false" border="0 1 0" fill="0 0 1" mode="11"
 points="7.23226 3.31848,
	7.22208 3.30831,
	7.23226 3.29813,
	7.24243 3.30831,
	"/>
<Contour name="d03ax09ssvr" hidden="false" closed="true" simplified="false" border="0 1 0" fill="0 0 1" mode="11"
 points="7.21482 3.35772,
	7.20464 3.34755,
	7.21482 3.33737,
	7.22499 3.34755,
	"/>
<Contour name="d03ax09ssvr" hidden="false" closed="true" simplified="false" border="0 1 0" fill="0 0 1" mode="11"
 points="7.36596 3.41731,
	7.35579 3.40713,
	7.36596 3.39696,
	7.37614 3.40713,
	"/>
<Contour name="d03ax09ssvr" hidden="false" closed="true" simplified="false" border="0 1 0" fill="0 0 1" mode="11"
 points="7.29911 3.53793,
	7.28894 3.52776,
	7.29911 3.51758,
	7.30928 3.52776,
	"/>
<Contour name="d03ax09ssvr" hidden="false" closed="true" simplified="false" border="0 1 0" fill="0 0 1" mode="11"
 points="7.28312 3.44928,
	7.27295 3.4391,
	7.28312 3.42893,
	7.2933 3.4391,
	"/>
<Contour name="d03ax09ssvr" hidden="false" closed="true" simplified="false" border="0 1 0" fill="0 0 1" mode="11"
 points="7.39212 3.34609,
	7.38195 3.33592,
	7.39212 3.32575,
	7.4023 3.33592,
	"/>
<Contour name="d03ax09ssvr" hidden="false" closed="true" simplified="false" border="0 1 0" fill="0 0 1" mode="11"
 points="7.33835 3.4362,
	7.32818 3.42603,
	7.33835 3.41585,
	7.34852 3.42603,
	"/>
<Contour name="d03ax09ssvr" hidden="false" closed="true" simplified="false" border="0 1 0" fill="0 0 1" mode="11"
 points="7.28312 3.49724,
	7.27295 3.48706,
	7.28312 3.47689,
	7.2933 3.48706,
	"/>
<Contour name="d03ax09ssvr" hidden="false" closed="true" simplified="false" border="0 1 0" fill="0 0 1" mode="11"
 points="7.19447 3.53066,
	7.1843 3.52049,
	7.19447 3.51032,
	7.20464 3.52049,
	"/>
<Contour name="d03ax09ssvr" hidden="false" closed="true" simplified="false" border="0 1 0" fill="0 0 1" mode="11"
 points="7.36306 3.46381,
	7.35288 3.45364,
	7.36306 3.44346,
	7.37323 3.45364,
	"/>
<Contour name="d03ax09ssvr" hidden="false" closed="true" simplified="false" border="0 1 0" fill="0 0 1" mode="11"
 points="7.21772 3.51468,
	7.20755 3.5045,
	7.21772 3.49433,
	7.2279 3.5045,
	"/>
<Contour name="d03ax09ssvr" hidden="false" closed="true" simplified="false" border="0 1 0" fill="0 0 1" mode="11"
 points="7.61448 3.53793,
	7.60431 3.52776,
	7.61448 3.51758,
	7.62465 3.52776,
	"/>
<Contour name="d03ax09ssvr" hidden="false" closed="true" simplified="false" border="0 1 0" fill="0 0 1" mode="11"
 points="7.48513 3.53793,
	7.47496 3.52776,
	7.48513 3.51758,
	7.49531 3.52776,
	"/>
<Contour name="d03ax09ssvr" hidden="false" closed="true" simplified="false" border="0 1 0" fill="0 0 1" mode="11"
 points="7.20028 3.31848,
	7.19011 3.30831,
	7.20028 3.29813,
	7.21046 3.30831,
	"/>
<Contour name="d03ax09ssvr" hidden="false" closed="true" simplified="false" border="0 1 0" fill="0 0 1" mode="11"
 points="7.3616 3.5263,
	7.35143 3.51613,
	7.3616 3.50596,
	7.37178 3.51613,
	"/>
<Contour name="d03ax09ssvr" hidden="false" closed="true" simplified="false" border="0 1 0" fill="0 0 1" mode="11"
 points="7.30347 3.61205,
	7.2933 3.60188,
	7.30347 3.5917,
	7.31364 3.60188,
	"/>
<Contour name="d03ax09ssvr" hidden="false" closed="true" simplified="false" border="0 1 0" fill="0 0 1" mode="11"
 points="7.35724 3.31557,
	7.34707 3.3054,
	7.35724 3.29523,
	7.36742 3.3054,
	"/>
</Transform>

<Transform dim="0"
 xcoef=" 0 1 0 0 0 0"
 ycoef=" 0 0 1 0 0 0">
<Contour name="d03ax09ssvr" hidden="false" closed="true" simplified="false" border="0 1 0" fill="0 0 1" mode="11"
 points="7.43136 3.49433,
	7.42119 3.48416,
	7.43136 3.47398,
	7.44154 3.48416,
	"/>
</Transform>

<Transform dim="0"
 xcoef=" 0 1 0 0 0 0"
 ycoef=" 0 0 1 0 0 0">
<Contour name="d03ax10" hidden="false" closed="true" simplified="true" border="0 1 1" fill="0 1 1" mode="-11"
 points="6.39898 4.61884,
	6.40427 4.60827,
	6.40691 4.60298,
	6.41616 4.59373,
	6.42673 4.58713,
	6.4307 4.58316,
	6.43334 4.58316,
	6.44391 4.57391,
	6.4492 4.56862,
	6.45184 4.56334,
	6.45581 4.56069,
	6.45449 4.55805,
	6.46374 4.54748,
	6.46902 4.54219,
	6.4796 4.53823,
	6.48488 4.53558,
	6.49545 4.53426,
	6.50074 4.53426,
	6.51131 4.52898,
	6.51528 4.52369,
	6.51924 4.52105,
	6.52321 4.51576,
	6.52717 4.49462,
	6.52453 4.48404,
	6.52321 4.47876,
	6.52453 4.47347,
	6.53114 4.4629,
	6.54039 4.45629,
	6.56153 4.44836,
	6.60382 4.44836,
	6.62497 4.44704,
	6.64611 4.44836,
	6.6884 4.44704,
	6.73069 4.45497,
	6.74126 4.45629,
	6.74655 4.45629,
	6.78752 4.48404,
	6.7928 4.48933,
	6.79941 4.51048,
	6.79809 4.53162,
	6.79677 4.53691,
	6.7862 4.54351,
	6.76505 4.55144,
	6.75448 4.55673,
	6.74391 4.55937,
	6.70162 4.58184,
	6.69633 4.58448,
	6.68047 4.60431,
	6.67254 4.61488,
	6.66197 4.62413,
	6.6514 4.63074,
	6.60911 4.64131,
	6.58796 4.64792,
	6.56682 4.64924,
	6.54567 4.64792,
	6.54039 4.64527,
	6.51924 4.64527,
	6.50867 4.64527,
	6.48752 4.65056,
	6.48224 4.65452,
	6.47695 4.65585,
	6.47431 4.65585,
	6.47167 4.65849,
	6.46109 4.66245,
	6.43995 4.66245,
	6.42938 4.66245,
	6.42409 4.66113,
	6.42277 4.65849,
	6.41748 4.65717,
	6.40691 4.64792,
	6.40162 4.63734,
	6.39898 4.63206,
	6.39898 4.62149,
	6.39898 4.62016,
	"/>
</Transform>

<Transform dim="0"
 xcoef=" 0 1 0 0 0 0"
 ycoef=" 0 0 1 0 0 0">
<Contour name="d01ax12" hidden="false" closed="true" simplified="true" border="0 1 1" fill="0 1 1" mode="-11"
 points="6.40255 3.9952,
	6.40894 3.98497,
	6.4294 3.97091,
	6.43963 3.96708,
	6.46008 3.95173,
	6.46519 3.91082,
	6.46519 3.90059,
	6.46775 3.89037,
	6.47414 3.88014,
	6.48437 3.87247,
	6.4946 3.86735,
	6.50483 3.8648,
	6.50994 3.86352,
	6.5125 3.86096,
	6.55341 3.85713,
	6.56364 3.85585,
	6.57386 3.85201,
	6.61477 3.82517,
	6.63395 3.80471,
	6.67486 3.77914,
	6.68509 3.77147,
	6.6902 3.76636,
	6.73112 3.74462,
	6.77203 3.73312,
	6.81294 3.72417,
	6.82316 3.72289,
	6.82828 3.72033,
	6.84873 3.71905,
	6.85896 3.71905,
	6.86408 3.7165,
	6.90499 3.71394,
	6.9459 3.72672,
	6.96635 3.73312,
	6.98681 3.74207,
	7.02772 3.75357,
	7.10954 3.75996,
	7.11465 3.75996,
	7.12488 3.7638,
	7.16579 3.76763,
	7.18625 3.77403,
	7.2067 3.78425,
	7.21693 3.78809,
	7.23739 3.7996,
	7.25784 3.81494,
	7.27574 3.83411,
	7.28213 3.84434,
	7.28725 3.88525,
	7.28725 3.92616,
	7.28853 3.93639,
	7.29108 3.94151,
	7.2962 3.98242,
	7.30003 3.99264,
	7.30131 4.00287,
	7.30003 4.0131,
	7.2962 4.02333,
	7.27702 4.04378,
	7.25656 4.05912,
	7.24634 4.0668,
	7.24122 4.07063,
	7.23611 4.07191,
	7.22588 4.0783,
	7.21565 4.08214,
	7.2131 4.08469,
	7.21054 4.08469,
	7.20543 4.08981,
	7.20031 4.09109,
	7.1952 4.09492,
	7.19264 4.09492,
	7.19008 4.09748,
	7.14917 4.09748,
	7.12872 4.09236,
	7.1236 4.09236,
	7.11338 4.08853,
	7.07247 4.08214,
	7.06735 4.08086,
	7.06479 4.08086,
	7.06352 4.08342,
	7.04306 4.08342,
	7.00215 4.08725,
	6.92033 4.10131,
	6.89987 4.10643,
	6.88964 4.10771,
	6.84873 4.12177,
	6.83851 4.1256,
	6.7976 4.12944,
	6.77714 4.13455,
	6.75668 4.13711,
	6.73623 4.1435,
	6.69532 4.1499,
	6.67486 4.15117,
	6.66463 4.1499,
	6.64418 4.14222,
	6.63395 4.13839,
	6.62372 4.13711,
	6.6135 4.13328,
	6.60327 4.132,
	6.52145 4.10259,
	6.51122 4.09748,
	6.49076 4.09748,
	6.48054 4.0962,
	6.47031 4.09109,
	6.46008 4.08853,
	6.43963 4.07958,
	6.41917 4.06807,
	6.41022 4.05785,
	6.40255 4.01694,
	6.40255 3.99648,
	"/>
</Transform>

<Transform dim="0"
 xcoef=" 0 1 0 0 0 0"
 ycoef=" 0 0 1 0 0 0">
<Contour name="d01ax12ssvr" hidden="false" closed="true" simplified="false" border="0 1 0.25098" fill="0 1 0" mode="-9"
 points="6.75096 3.8504,
	6.75096 3.84435,
	6.757 3.83831,
	6.76305 3.83831,
	6.76909 3.84435,
	6.76909 3.8504,
	6.76305 3.85644,
	6.757 3.85644,
	"/>
<Contour name="d01ax12ssvr" hidden="false" closed="true" simplified="false" border="0 1 0.25098" fill="0 1 0" mode="-9"
 points="6.75247 3.9199,
	6.75247 3.91386,
	6.75851 3.90781,
	6.76456 3.90781,
	6.7706 3.91386,
	6.7706 3.9199,
	6.76456 3.92594,
	6.75851 3.92594,
	"/>
<Contour name="d01ax12ssvr" hidden="false" closed="true" simplified="false" border="0 1 0.25098" fill="0 1 0" mode="-9"
 points="6.69203 3.91537,
	6.69203 3.90932,
	6.69808 3.90328,
	6.70412 3.90328,
	6.71016 3.90932,
	6.71016 3.91537,
	6.70412 3.92141,
	6.69808 3.92141,
	"/>
<Contour name="d01ax12ssvr" hidden="false" closed="true" simplified="false" border="0 1 0.25098" fill="0 1 0" mode="-9"
 points="6.64368 3.9471,
	6.64368 3.94105,
	6.64973 3.93501,
	6.65577 3.93501,
	6.66182 3.94105,
	6.66182 3.9471,
	6.65577 3.95314,
	6.64973 3.95314,
	"/>
<Contour name="d01ax12ssvr" hidden="false" closed="true" simplified="false" border="0 1 0.25098" fill="0 1 0" mode="-9"
 points="6.6316 3.88968,
	6.6316 3.88364,
	6.63764 3.87759,
	6.64368 3.87759,
	6.64973 3.88364,
	6.64973 3.88968,
	6.64368 3.89573,
	6.63764 3.89573,
	"/>
<Contour name="d01ax12ssvr" hidden="false" closed="true" simplified="false" border="0 1 0.25098" fill="0 1 0" mode="-9"
 points="6.82046 3.95465,
	6.82046 3.94861,
	6.8265 3.94256,
	6.83255 3.94256,
	6.83859 3.94861,
	6.83859 3.95465,
	6.83255 3.96069,
	6.8265 3.96069,
	"/>
<Contour name="d01ax12ssvr" hidden="false" closed="true" simplified="false" border="0 1 0.25098" fill="0 1 0" mode="-9"
 points="6.79478 3.99696,
	6.79478 3.99091,
	6.80082 3.98487,
	6.80686 3.98487,
	6.81291 3.99091,
	6.81291 3.99696,
	6.80686 4.003,
	6.80082 4.003,
	"/>
<Contour name="d01ax12ssvr" hidden="false" closed="true" simplified="false" border="0 1 0.25098" fill="0 1 0" mode="-9"
 points="6.75247 4.05437,
	6.75247 4.04833,
	6.75851 4.04228,
	6.76456 4.04228,
	6.7706 4.04833,
	6.7706 4.05437,
	6.76456 4.06041,
	6.75851 4.06041,
	"/>
<Contour name="d01ax12ssvr" hidden="false" closed="true" simplified="false" border="0 1 0.25098" fill="0 1 0" mode="-9"
 points="6.71772 3.95767,
	6.71772 3.95163,
	6.72376 3.94559,
	6.72981 3.94559,
	6.73585 3.95163,
	6.73585 3.95767,
	6.72981 3.96372,
	6.72376 3.96372,
	"/>
<Contour name="d01ax12ssvr" hidden="false" closed="true" simplified="false" border="0 1 0.25098" fill="0 1 0" mode="-9"
 points="6.69657 4.04077,
	6.69657 4.03473,
	6.70261 4.02869,
	6.70865 4.02869,
	6.7147 4.03473,
	6.7147 4.04077,
	6.70865 4.04682,
	6.70261 4.04682,
	"/>
<Contour name="d01ax12ssvr" hidden="false" closed="true" simplified="false" border="0 1 0.25098" fill="0 1 0" mode="-9"
 points="6.67692 4.10121,
	6.67692 4.09517,
	6.68297 4.08912,
	6.68901 4.08912,
	6.69506 4.09517,
	6.69506 4.10121,
	6.68901 4.10725,
	6.68297 4.10725,
	"/>
<Contour name="d01ax12ssvr" hidden="false" closed="true" simplified="false" border="0 1 0.25098" fill="0 1 0" mode="-9"
 points="6.6044 4.03624,
	6.6044 4.0302,
	6.61044 4.02415,
	6.61649 4.02415,
	6.62253 4.0302,
	6.62253 4.03624,
	6.61649 4.04228,
	6.61044 4.04228,
	"/>
<Contour name="d01ax12ssvr" hidden="false" closed="true" simplified="false" border="0 1 0.25098" fill="0 1 0" mode="-9"
 points="6.52432 4.03473,
	6.52432 4.02869,
	6.53037 4.02264,
	6.53641 4.02264,
	6.54245 4.02869,
	6.54245 4.03473,
	6.53641 4.04077,
	6.53037 4.04077,
	"/>
<Contour name="d01ax12ssvr" hidden="false" closed="true" simplified="false" border="0 1 0.25098" fill="0 1 0" mode="-9"
 points="6.48655 4.003,
	6.48655 3.99696,
	6.49259 3.99091,
	6.49864 3.99091,
	6.50468 3.99696,
	6.50468 4.003,
	6.49864 4.00904,
	6.49259 4.00904,
	"/>
<Contour name="d01ax12ssvr" hidden="false" closed="true" simplified="false" border="0 1 0.25098" fill="0 1 0" mode="-9"
 points="6.53943 3.97429,
	6.53943 3.96825,
	6.54548 3.96221,
	6.55152 3.96221,
	6.55756 3.96825,
	6.55756 3.97429,
	6.55152 3.98034,
	6.54548 3.98034,
	"/>
<Contour name="d01ax12ssvr" hidden="false" closed="true" simplified="false" border="0 1 0.25098" fill="0 1 0" mode="-9"
 points="6.61649 3.98638,
	6.61649 3.98034,
	6.62253 3.97429,
	6.62858 3.97429,
	6.63462 3.98034,
	6.63462 3.98638,
	6.62858 3.99242,
	6.62253 3.99242,
	"/>
<Contour name="d01ax12ssvr" hidden="false" closed="true" simplified="false" border="0 1 0.25098" fill="0 1 0" mode="-9"
 points="6.6739 3.98034,
	6.6739 3.97429,
	6.67995 3.96825,
	6.68599 3.96825,
	6.69203 3.97429,
	6.69203 3.98034,
	6.68599 3.98638,
	6.67995 3.98638,
	"/>
<Contour name="d01ax12ssvr" hidden="false" closed="true" simplified="false" border="0 1 0.25098" fill="0 1 0" mode="-9"
 points="6.81744 4.03473,
	6.81744 4.02869,
	6.82348 4.02264,
	6.82953 4.02264,
	6.83557 4.02869,
	6.83557 4.03473,
	6.82953 4.04077,
	6.82348 4.04077,
	"/>
<Contour name="d01ax12ssvr" hidden="false" closed="true" simplified="false" border="0 1 0.25098" fill="0 1 0" mode="-9"
 points="6.77967 4.08761,
	6.77967 4.08157,
	6.78571 4.07552,
	6.79175 4.07552,
	6.7978 4.08157,
	6.7978 4.08761,
	6.79175 4.09365,
	6.78571 4.09365,
	"/>
<Contour name="d01ax12ssvr" hidden="false" closed="true" simplified="false" border="0 1 0.25098" fill="0 1 0" mode="-9"
 points="6.82802 4.0861,
	6.82802 4.08006,
	6.83406 4.07401,
	6.8401 4.07401,
	6.84615 4.08006,
	6.84615 4.0861,
	6.8401 4.09214,
	6.83406 4.09214,
	"/>
<Contour name="d01ax12ssvr" hidden="false" closed="true" simplified="false" border="0 1 0.25098" fill="0 1 0" mode="-9"
 points="6.89903 3.99393,
	6.89903 3.98789,
	6.90507 3.98185,
	6.91112 3.98185,
	6.91716 3.98789,
	6.91716 3.99393,
	6.91112 3.99998,
	6.90507 3.99998,
	"/>
<Contour name="d01ax12ssvr" hidden="false" closed="true" simplified="false" border="0 1 0.25098" fill="0 1 0" mode="-9"
 points="6.95342 3.88213,
	6.95342 3.87608,
	6.95947 3.87004,
	6.96551 3.87004,
	6.97155 3.87608,
	6.97155 3.88213,
	6.96551 3.88817,
	6.95947 3.88817,
	"/>
<Contour name="d01ax12ssvr" hidden="false" closed="true" simplified="false" border="0 1 0.25098" fill="0 1 0" mode="-9"
 points="7.03199 4.01962,
	7.03199 4.01358,
	7.03803 4.00753,
	7.04408 4.00753,
	7.05012 4.01358,
	7.05012 4.01962,
	7.04408 4.02566,
	7.03803 4.02566,
	"/>
<Contour name="d01ax12ssvr" hidden="false" closed="true" simplified="false" border="0 1 0.25098" fill="0 1 0" mode="-9"
 points="6.80686 3.91083,
	6.80686 3.90479,
	6.81291 3.89875,
	6.81895 3.89875,
	6.82499 3.90479,
	6.82499 3.91083,
	6.81895 3.91688,
	6.81291 3.91688,
	"/>
<Contour name="d01ax12ssvr" hidden="false" closed="true" simplified="false" border="0 1 0.25098" fill="0 1 0" mode="-9"
 points="6.72981 3.99696,
	6.72981 3.99091,
	6.73585 3.98487,
	6.74189 3.98487,
	6.74794 3.99091,
	6.74794 3.99696,
	6.74189 4.003,
	6.73585 4.003,
	"/>
</Transform>

<Transform dim="0"
 xcoef=" 0 1 0 0 0 0"
 ycoef=" 0 0 1 0 0 0">
<Contour name="d01ax13" hidden="false" closed="true" simplified="true" border="0 1 1" fill="0 1 1" mode="-11"
 points="2.43717 4.36666,
	2.44343 4.35665,
	2.45343 4.3504,
	2.49345 4.34915,
	2.51345 4.3554,
	2.53346 4.36666,
	2.57348 4.38416,
	2.57848 4.38666,
	2.57973 4.38791,
	2.57848 4.38917,
	2.58848 4.39167,
	2.59348 4.39417,
	2.60349 4.39542,
	2.6235 4.40292,
	2.6335 4.40667,
	2.6385 4.40667,
	2.65851 4.41417,
	2.67852 4.41793,
	2.71853 4.43043,
	2.72854 4.43293,
	2.73104 4.43543,
	2.75104 4.43793,
	2.76105 4.44043,
	2.80106 4.44043,
	2.84108 4.45169,
	2.85108 4.45294,
	2.8911 4.46544,
	2.9111 4.4717,
	2.93111 4.47295,
	2.97113 4.4792,
	2.99113 4.4842,
	3.03115 4.49796,
	3.07117 4.50421,
	3.09117 4.51046,
	3.10118 4.51421,
	3.10618 4.51671,
	3.10993 4.52672,
	3.11993 4.52922,
	3.13994 4.52547,
	3.14995 4.52547,
	3.16995 4.53047,
	3.18996 4.53297,
	3.20997 4.54172,
	3.21997 4.54923,
	3.22497 4.55298,
	3.22747 4.55298,
	3.24748 4.56673,
	3.2875 4.58799,
	3.30751 4.59925,
	3.31751 4.60425,
	3.32251 4.60675,
	3.32751 4.60675,
	3.34752 4.618,
	3.35252 4.6205,
	3.36253 4.62926,
	3.38628 4.66802,
	3.39879 4.68803,
	3.4313 4.72804,
	3.4388 4.73805,
	3.44756 4.75806,
	3.44756 4.77806,
	3.44381 4.79807,
	3.44381 4.80057,
	3.44131 4.80307,
	3.44131 4.80557,
	3.4388 4.80807,
	3.43755 4.81308,
	3.4213 4.83308,
	3.4163 4.83809,
	3.40629 4.84309,
	3.38628 4.84809,
	3.36628 4.85684,
	3.34627 4.86059,
	3.33627 4.86059,
	3.31626 4.86435,
	3.29625 4.8656,
	3.28625 4.86685,
	3.24623 4.86435,
	3.22622 4.8631,
	3.20622 4.85809,
	3.18621 4.85559,
	3.1662 4.85059,
	3.14619 4.83809,
	3.14119 4.83558,
	3.13744 4.83058,
	3.13369 4.82058,
	3.11868 4.80057,
	3.10993 4.79057,
	3.09993 4.78306,
	3.09492 4.77806,
	3.06866 4.73805,
	3.05866 4.71804,
	3.05241 4.70804,
	3.0199 4.66802,
	2.99989 4.65051,
	2.98988 4.64301,
	2.96988 4.63551,
	2.96487 4.63426,
	2.95487 4.62801,
	2.94487 4.62425,
	2.93486 4.623,
	2.89485 4.608,
	2.85483 4.59049,
	2.81482 4.59049,
	2.7748 4.59549,
	2.7648 4.59925,
	2.7548 4.6005,
	2.73479 4.608,
	2.69477 4.608,
	2.67476 4.6055,
	2.65476 4.59925,
	2.63475 4.59049,
	2.62475 4.58549,
	2.58473 4.55298,
	2.56722 4.53297,
	2.52971 4.49671,
	2.48969 4.46419,
	2.47344 4.44544,
	2.46469 4.43543,
	2.45968 4.43043,
	2.45718 4.42543,
	2.45468 4.42418,
	2.45343 4.41918,
	2.44968 4.41417,
	2.44843 4.40917,
	2.44468 4.40417,
	2.44343 4.39917,
	2.43968 4.39417,
	2.43717 4.38416,
	2.43717 4.37416,
	2.43717 4.36916,
	2.43717 4.36791,
	"/>
</Transform>

<Transform dim="0"
 xcoef=" 0 1 0 0 0 0"
 ycoef=" 0 0 1 0 0 0">
<Contour name="d01ax13ssvr" hidden="false" closed="true" simplified="false" border="0 1 0.25098" fill="0 1 0" mode="-9"
 points="3.3004 4.82395,
	3.3004 4.81964,
	3.30472 4.81532,
	3.30904 4.81532,
	3.31336 4.81964,
	3.31336 4.82395,
	3.30904 4.82827,
	3.30472 4.82827,
	"/>
</Transform>

<Transform dim="0"
 xcoef=" 0 1 0 0 0 0"
 ycoef=" 0 0 1 0 0 0">
<Contour name="d01ax14" hidden="false" closed="true" simplified="true" border="0 1 1" fill="0 1 1" mode="-11"
 points="3.80691 5.74904,
	3.81207 5.73529,
	3.8516 5.68373,
	3.86019 5.67169,
	3.88769 5.65451,
	3.91519 5.64248,
	3.91691 5.63904,
	3.9719 5.61841,
	3.98565 5.61326,
	3.98909 5.61326,
	4.01315 5.5892,
	4.04409 5.53592,
	4.0544 5.52561,
	4.06815 5.51357,
	4.0819 5.50498,
	4.08878 5.49811,
	4.11628 5.48264,
	4.12315 5.4792,
	4.12659 5.4792,
	4.13002 5.47576,
	4.14377 5.47061,
	4.15065 5.46717,
	4.15409 5.46717,
	4.15752 5.46373,
	4.18502 5.45514,
	4.19877 5.44998,
	4.20565 5.44826,
	4.20908 5.44483,
	4.23658 5.43795,
	4.26408 5.43623,
	4.27783 5.43795,
	4.28471 5.44139,
	4.29158 5.44139,
	4.29674 5.44655,
	4.35174 5.46201,
	4.37924 5.47061,
	4.38611 5.47404,
	4.44111 5.48608,
	4.44455 5.48951,
	4.4583 5.49467,
	4.46517 5.49811,
	4.46861 5.49811,
	4.47205 5.50154,
	4.47892 5.50326,
	4.49095 5.51357,
	4.54595 5.53935,
	4.55798 5.54795,
	4.57173 5.55998,
	4.59064 5.58576,
	4.59407 5.61326,
	4.59407 5.66826,
	4.59407 5.68201,
	4.59407 5.68888,
	4.5872 5.70263,
	4.58376 5.70951,
	4.58032 5.71294,
	4.58032 5.71638,
	4.57001 5.72841,
	4.55626 5.73872,
	4.54595 5.74904,
	4.52189 5.7645,
	4.49439 5.77138,
	4.48064 5.77138,
	4.45314 5.77825,
	4.42564 5.792,
	4.39814 5.8006,
	4.38439 5.80403,
	4.37752 5.80575,
	4.37408 5.80919,
	4.3672 5.81091,
	4.36033 5.81606,
	4.33627 5.8281,
	4.32939 5.83325,
	4.30189 5.84185,
	4.28814 5.84528,
	4.17815 5.84528,
	4.12315 5.84528,
	4.09565 5.84872,
	4.06815 5.85731,
	4.0544 5.85903,
	4.04753 5.86247,
	4.02003 5.86247,
	3.99253 5.86591,
	3.98565 5.86591,
	3.97878 5.86934,
	3.95128 5.87106,
	3.93753 5.87106,
	3.92378 5.8745,
	3.92034 5.87622,
	3.91175 5.86247,
	3.90144 5.85216,
	3.87394 5.83325,
	3.84988 5.81606,
	3.84472 5.81263,
	3.83785 5.80575,
	3.83441 5.80575,
	3.82066 5.79544,
	3.81207 5.78341,
	3.80691 5.76966,
	3.80691 5.75591,
	3.80691 5.75075,
	"/>
</Transform>

<Transform dim="0"
 xcoef=" 0 1 0 0 0 0"
 ycoef=" 0 0 1 0 0 0">
<Contour name="d01ax14ssvr" hidden="false" closed="true" simplified="false" border="0 1 0.25098" fill="0 1 0" mode="-9"
 points="4.39 5.71532,
	4.39 5.70926,
	4.39605 5.70321,
	4.4021 5.70321,
	4.40815 5.70926,
	4.40815 5.71532,
	4.4021 5.72137,
	4.39605 5.72137,
	"/>
<Contour name="d01ax14ssvr" hidden="false" closed="true" simplified="false" border="0 1 0.25098" fill="0 1 0" mode="-9"
 points="4.51706 5.65783,
	4.51706 5.65178,
	4.52311 5.64573,
	4.52916 5.64573,
	4.53521 5.65178,
	4.53521 5.65783,
	4.52916 5.66388,
	4.52311 5.66388,
	"/>
<Contour name="d01ax14ssvr" hidden="false" closed="true" simplified="false" border="0 1 0.25098" fill="0 1 0" mode="-9"
 points="4.47168 5.61699,
	4.47168 5.61094,
	4.47773 5.60489,
	4.48378 5.60489,
	4.48983 5.61094,
	4.48983 5.61699,
	4.48378 5.62304,
	4.47773 5.62304,
	"/>
<Contour name="d01ax14ssvr" hidden="false" closed="true" simplified="false" border="0 1 0.25098" fill="0 1 0" mode="-9"
 points="4.05721 5.80759,
	4.05721 5.80154,
	4.06326 5.79549,
	4.06931 5.79549,
	4.07536 5.80154,
	4.07536 5.80759,
	4.06931 5.81364,
	4.06326 5.81364,
	"/>
<Contour name="d01ax14ssvr" hidden="false" closed="true" simplified="false" border="0 1 0.25098" fill="0 1 0" mode="-9"
 points="3.93015 5.70019,
	3.93015 5.69414,
	3.9362 5.68809,
	3.94225 5.68809,
	3.9483 5.69414,
	3.9483 5.70019,
	3.94225 5.70624,
	3.9362 5.70624,
	"/>
</Transform>

<Transform dim="0"
 xcoef=" 0 1 0 0 0 0"
 ycoef=" 0 0 1 0 0 0">
<Contour name="d01ax15" hidden="false" closed="true" simplified="true" border="0 1 1" fill="0 1 1" mode="-11"
 points="4.60024 3.84154,
	4.60195 3.82781,
	4.60195 3.82094,
	4.61397 3.80893,
	4.63972 3.79691,
	4.69465 3.79348,
	4.72211 3.7952,
	4.73584 3.79691,
	4.74957 3.80206,
	4.76331 3.81065,
	4.78562 3.83296,
	4.81309 3.85184,
	4.82338 3.86557,
	4.82338 3.89304,
	4.82167 3.90677,
	4.81995 3.91364,
	4.81652 3.91707,
	4.8148 3.92393,
	4.81137 3.92737,
	4.81137 3.9308,
	4.80107 3.94453,
	4.77361 3.96341,
	4.75987 3.96856,
	4.75301 3.972,
	4.73928 3.972,
	4.71181 3.96341,
	4.69808 3.95998,
	4.67062 3.97028,
	4.65688 3.97028,
	4.638 3.94625,
	4.62942 3.93252,
	4.62942 3.92908,
	4.62599 3.92565,
	4.61912 3.89819,
	4.60882 3.87072,
	4.60195 3.85699,
	4.60024 3.84326,
	"/>
</Transform>

<Transform dim="0"
 xcoef=" 0 1 0 0 0 0"
 ycoef=" 0 0 1 0 0 0">
<Contour name="d01ax15" hidden="false" closed="true" simplified="true" border="0 1 1" fill="0 1 1" mode="-11"
 points="4.64555 4.11869,
	4.65391 4.09639,
	4.6553 4.09081,
	4.6553 4.08802,
	4.66367 4.07687,
	4.68597 4.06433,
	4.70827 4.05875,
	4.71942 4.05597,
	4.76402 4.05736,
	4.78632 4.06015,
	4.80862 4.07269,
	4.81977 4.08245,
	4.82256 4.08524,
	4.82395 4.09081,
	4.82953 4.09639,
	4.84068 4.10336,
	4.85044 4.11451,
	4.85322 4.11729,
	4.8574 4.1396,
	4.85462 4.15075,
	4.83092 4.19535,
	4.82395 4.2065,
	4.81559 4.2288,
	4.8128 4.2511,
	4.80583 4.26225,
	4.78632 4.28316,
	4.77517 4.28873,
	4.76402 4.29152,
	4.75287 4.29013,
	4.74172 4.28316,
	4.72778 4.26086,
	4.70827 4.21625,
	4.68875 4.19953,
	4.68597 4.19953,
	4.66506 4.18141,
	4.6567 4.17165,
	4.64973 4.16468,
	4.64555 4.14238,
	4.64555 4.12008,
	"/>
</Transform>

<Transform dim="0"
 xcoef=" 0 1 0 0 0 0"
 ycoef=" 0 0 1 0 0 0">
<Contour name="d03cfa09b" hidden="false" closed="false" simplified="false" border="0 1 0" fill="0 1 0" mode="-9"
 points="7.33207 3.64666,
	7.47699 3.67493,
	"/>
</Transform>

<Transform dim="0"
 xcoef=" 0 1 0 0 0 0"
 ycoef=" 0 0 1 0 0 0">
<Contour name="d03ax09" hidden="false" closed="true" simplified="true" border="0 1 1" fill="0 1 1" mode="-11"
 points="7.0446 3.49767,
	7.05461 3.47097,
	7.05962 3.4643,
	7.05795 3.45094,
	7.05962 3.43759,
	7.0663 3.42424,
	7.07631 3.41256,
	7.10301 3.39921,
	7.10969 3.3942,
	7.12137 3.3675,
	7.12971 3.3408,
	7.13138 3.32745,
	7.1414 3.30074,
	7.15141 3.28739,
	7.15809 3.28239,
	7.16142 3.27571,
	7.17478 3.26403,
	7.18813 3.25568,
	7.20148 3.25068,
	7.21483 3.25068,
	7.26823 3.2657,
	7.29494 3.27404,
	7.34834 3.27905,
	7.37504 3.28239,
	7.40175 3.28906,
	7.40842 3.28906,
	7.51523 3.32578,
	7.54194 3.33078,
	7.56864 3.34247,
	7.58199 3.34747,
	7.60869 3.35081,
	7.62204 3.35582,
	7.63539 3.36583,
	7.64207 3.36583,
	7.66877 3.38085,
	7.69381 3.40588,
	7.71884 3.42424,
	7.73219 3.42925,
	7.74554 3.43926,
	7.75222 3.44427,
	7.75889 3.45762,
	7.77058 3.47097,
	7.82398 3.50769,
	7.85068 3.52938,
	7.8607 3.54273,
	7.86403 3.54941,
	7.87572 3.56276,
	7.88072 3.57611,
	7.91911 3.62952,
	7.92578 3.63452,
	7.92745 3.63953,
	7.91577 3.64788,
	7.90242 3.65288,
	7.88907 3.66123,
	7.88239 3.6679,
	7.86904 3.67291,
	7.76223 3.67458,
	7.74888 3.67458,
	7.7422 3.67458,
	7.72885 3.68125,
	7.72385 3.68793,
	7.72218 3.69127,
	7.7155 3.69461,
	7.6888 3.68793,
	7.63539 3.68626,
	7.58199 3.68793,
	7.52858 3.68626,
	7.50188 3.68459,
	7.48853 3.67959,
	7.43512 3.67458,
	7.40842 3.67458,
	7.38172 3.66957,
	7.32831 3.64621,
	7.30161 3.6412,
	7.28826 3.63786,
	7.28159 3.63619,
	7.27992 3.63452,
	7.28325 3.63286,
	7.25655 3.62284,
	7.22985 3.60949,
	7.22317 3.60782,
	7.21984 3.60615,
	7.21316 3.60782,
	7.15975 3.59614,
	7.13305 3.5878,
	7.1197 3.58112,
	7.093 3.57278,
	7.07965 3.56109,
	7.06963 3.54941,
	7.05628 3.54107,
	7.05128 3.53439,
	7.0446 3.50769,
	7.0446 3.50101,
	7.0446 3.49934,
	"/>
</Transform>

<Transform dim="0"
 xcoef=" 0 1 0 0 0 0"
 ycoef=" 0 0 1 0 0 0">
<Contour name="d04ax10" hidden="false" closed="true" simplified="true" border="0 1 1" fill="0 1 1" mode="-11"
 points="6.26652 6.57872,
	6.27151 6.55874,
	6.2865 6.53876,
	6.29649 6.52877,
	6.30648 6.52377,
	6.3864 6.52377,
	6.42636 6.52627,
	6.50629 6.53876,
	6.58621 6.54125,
	6.66613 6.54875,
	6.7061 6.56124,
	6.74606 6.57872,
	6.78602 6.6012,
	6.82598 6.61868,
	6.84596 6.62368,
	6.85595 6.62867,
	6.87593 6.63117,
	6.89592 6.64116,
	6.93588 6.65365,
	7.0158 6.65614,
	7.05576 6.65864,
	7.07574 6.66114,
	7.11571 6.67862,
	7.13569 6.69111,
	7.14817 6.71109,
	7.14817 6.71609,
	7.16316 6.73607,
	7.17065 6.74606,
	7.18064 6.75105,
	7.20062 6.76854,
	7.21311 6.78602,
	7.20562 6.82598,
	7.19813 6.84596,
	7.18564 6.86345,
	7.16816 6.87843,
	7.14817 6.88593,
	7.06825 6.89342,
	7.02829 6.88593,
	7.00831 6.88343,
	6.96835 6.87094,
	6.92838 6.84846,
	6.91839 6.84347,
	6.9134 6.84347,
	6.87344 6.82099,
	6.83348 6.806,
	6.79351 6.79851,
	6.63367 6.79601,
	6.55374 6.78852,
	6.51378 6.77853,
	6.47382 6.76354,
	6.45384 6.75355,
	6.44385 6.74856,
	6.43885 6.74356,
	6.41887 6.73607,
	6.37891 6.71109,
	6.33895 6.67862,
	6.29899 6.65365,
	6.2815 6.61369,
	6.27151 6.5937,
	6.26652 6.58371,
	6.26652 6.58122,
	"/>
</Transform>

<Transform dim="3"
 xcoef=" 0.152198898098207 0.931075228410411 0.0613304159047673 0 0 0"
 ycoef=" 0.308133637390912 0.0253395945493115 0.952084966274929 0 0 0">
<Image mag="0.00223443" contrast="1" brightness="0" red="true" green="true" blue="true"
 src="CVZWG_und.050.tif" />
<Contour name="domain1" hidden="false" closed="true" simplified="false" border="1 0 1" fill="1 0 1" mode="11"
 points="0 0,
	4097 0,
	4097 4097,
	0 4097,
	"/>
</Transform>

</Section>