<?xml version="1.0"?>
<!DOCTYPE Section SYSTEM "section.dtd">

<Section index="25" thickness="0.0532092" alignLocked="true">
<Transform dim="0"
 xcoef=" 0 1 0 0 0 0"
 ycoef=" 0 0 1 0 0 0">
<Contour name="Ax03" hidden="false" closed="true" simplified="true" border="1 0 0.5" fill="1 0 0.5" mode="-11"
 points="6.27244 4.9401,
	6.29652 4.908,
	6.32863 4.89596,
	6.45705 4.88793,
	6.4731 4.89194,
	6.48112 4.89997,
	6.51323 4.908,
	6.52125 4.91602,
	6.58546 4.93609,
	6.5975 4.94813,
	6.58546 4.98023,
	6.55336 5.00832,
	6.48915 5.04043,
	6.42494 5.05247,
	6.39284 5.05247,
	6.32863 5.03642,
	6.30054 5.00832,
	6.2885 4.99227,
	6.28047 4.98425,
	6.27244 4.95214,
	6.27244 4.94411,
	"/>
</Transform>

<Transform dim="0"
 xcoef=" 0 1 0 0 0 0"
 ycoef=" 0 0 1 0 0 0">
<Contour name="Ax03B01ssrv12" hidden="false" closed="true" simplified="false" border="0.5 0 1" fill="0.5 0 1" mode="13"
 points="6.41222 4.96513,
	6.40108 4.96141,
	6.41222 4.9577,
	6.40479 4.94656,
	6.41594 4.95398,
	6.41965 4.94284,
	6.42336 4.95398,
	6.43451 4.94656,
	6.42708 4.9577,
	6.43822 4.96141,
	6.42708 4.96513,
	6.43451 4.97627,
	6.42336 4.96884,
	6.41965 4.97999,
	6.41594 4.96884,
	6.40479 4.97627,
	"/>
</Transform>

<Transform dim="0"
 xcoef=" 0 1 0 0 0 0"
 ycoef=" 0 0 1 0 0 0">
<Contour name="Ax06" hidden="false" closed="true" simplified="true" border="0 0 1" fill="0 0 1" mode="11"
 points="3.59996 0.503657,
	3.60672 0.476615,
	3.6101 0.463094,
	3.61686 0.456333,
	3.627 0.429291,
	3.64729 0.402249,
	3.66081 0.388728,
	3.68447 0.371827,
	3.71151 0.361686,
	3.81968 0.361686,
	3.87376 0.358306,
	3.88728 0.358306,
	3.89404 0.358306,
	3.9008 0.351546,
	3.95489 0.341405,
	4.00897 0.338025,
	4.02249 0.344785,
	4.03601 0.358306,
	4.03601 0.365067,
	4.05968 0.381968,
	4.0732 0.385348,
	4.09348 0.41239,
	4.09686 0.425911,
	4.08334 0.452953,
	4.05968 0.476615,
	4.02587 0.527318,
	4.00559 0.55436,
	3.97855 0.578022,
	3.92447 0.601684,
	3.8163 0.598304,
	3.80954 0.591543,
	3.70137 0.574642,
	3.67433 0.574642,
	3.64729 0.564501,
	3.62024 0.5476,
	3.60672 0.537459,
	3.60672 0.530699,
	3.59996 0.523938,
	3.59996 0.510417,
	3.59996 0.507037,
	"/>
</Transform>

<Transform dim="0"
 xcoef=" 0 1 0 0 0 0"
 ycoef=" 0 0 1 0 0 0">
<Contour name="Ax06B01ssrv24" hidden="false" closed="true" simplified="false" border="0.5 0 1" fill="0.5 0 1" mode="13"
 points="3.90618 0.429539,
	3.8985 0.426978,
	3.90618 0.424417,
	3.90106 0.416735,
	3.90874 0.421857,
	3.9113 0.414174,
	3.91386 0.421857,
	3.92155 0.416735,
	3.91642 0.424417,
	3.92411 0.426978,
	3.91642 0.429539,
	3.92155 0.437221,
	3.91386 0.4321,
	3.9113 0.439782,
	3.90874 0.4321,
	3.90106 0.437221,
	"/>
<Contour name="Ax06B01ssrv25" hidden="false" closed="true" simplified="false" border="0.5 0 1" fill="0.5 0 1" mode="13"
 points="3.90106 0.503802,
	3.89338 0.501241,
	3.90106 0.49868,
	3.89594 0.490998,
	3.90362 0.49612,
	3.90618 0.488437,
	3.90874 0.49612,
	3.91642 0.490998,
	3.9113 0.49868,
	3.91899 0.501241,
	3.9113 0.503802,
	3.91642 0.511484,
	3.90874 0.506363,
	3.90618 0.514045,
	3.90362 0.506363,
	3.89594 0.511484,
	"/>
<Contour name="Ax06B01ssrv26" hidden="false" closed="true" simplified="false" border="0.5 0 1" fill="0.5 0 1" mode="13"
 points="3.87033 0.470512,
	3.86265 0.467951,
	3.87033 0.46539,
	3.86521 0.457708,
	3.87289 0.462829,
	3.87545 0.455147,
	3.87801 0.462829,
	3.8857 0.457708,
	3.88057 0.46539,
	3.88826 0.467951,
	3.88057 0.470512,
	3.8857 0.478194,
	3.87801 0.473072,
	3.87545 0.480755,
	3.87289 0.473072,
	3.86521 0.478194,
	"/>
<Contour name="Ax06B01ssrv27" hidden="false" closed="true" simplified="false" border="0.5 0 1" fill="0.5 0 1" mode="13"
 points="3.83704 0.501241,
	3.82936 0.49868,
	3.83704 0.49612,
	3.83192 0.488437,
	3.8396 0.493559,
	3.84216 0.485876,
	3.84472 0.493559,
	3.85241 0.488437,
	3.84728 0.49612,
	3.85497 0.49868,
	3.84728 0.501241,
	3.85241 0.508923,
	3.84472 0.503802,
	3.84216 0.511484,
	3.8396 0.503802,
	3.83192 0.508923,
	"/>
<Contour name="Ax06B01ssrv28" hidden="false" closed="true" simplified="false" border="0.5 0 1" fill="0.5 0 1" mode="13"
 points="3.79607 0.52941,
	3.78839 0.526849,
	3.79607 0.524288,
	3.79095 0.516606,
	3.79863 0.521727,
	3.80119 0.514045,
	3.80375 0.521727,
	3.81143 0.516606,
	3.80631 0.524288,
	3.81399 0.526849,
	3.80631 0.52941,
	3.81143 0.537092,
	3.80375 0.531971,
	3.80119 0.539653,
	3.79863 0.531971,
	3.79095 0.537092,
	"/>
<Contour name="Ax06B01ssrv29" hidden="false" closed="true" simplified="false" border="0.5 0 1" fill="0.5 0 1" mode="13"
 points="3.72437 0.531971,
	3.71668 0.52941,
	3.72437 0.526849,
	3.71924 0.519167,
	3.72693 0.524288,
	3.72949 0.516606,
	3.73205 0.524288,
	3.73973 0.519167,
	3.73461 0.526849,
	3.74229 0.52941,
	3.73461 0.531971,
	3.73973 0.539653,
	3.73205 0.534531,
	3.72949 0.542214,
	3.72693 0.534531,
	3.71924 0.539653,
	"/>
<Contour name="Ax06B01ssrv30" hidden="false" closed="true" simplified="false" border="0.5 0 1" fill="0.5 0 1" mode="13"
 points="3.81143 0.462829,
	3.80375 0.460268,
	3.81143 0.457708,
	3.80631 0.450025,
	3.81399 0.455147,
	3.81655 0.447464,
	3.81911 0.455147,
	3.8268 0.450025,
	3.82168 0.457708,
	3.82936 0.460268,
	3.82168 0.462829,
	3.8268 0.470512,
	3.81911 0.46539,
	3.81655 0.473072,
	3.81399 0.46539,
	3.80631 0.470512,
	"/>
</Transform>

<Transform dim="0"
 xcoef=" 0 1 0 0 0 0"
 ycoef=" 0 0 1 0 0 0">
<Contour name="Ax06B01c01" hidden="false" closed="true" simplified="true" border="0 1 0" fill="0 1 0" mode="-9"
 points="3.96411 0.5813,
	4.00252 0.55057,
	4.01788 0.530084,
	4.0819 0.463503,
	4.08702 0.45326,
	4.09727 0.443017,
	4.10751 0.437895,
	4.128 0.437895,
	4.13824 0.445578,
	4.13056 0.466064,
	4.07166 0.545449,
	4.03837 0.583861,
	4.01788 0.596665,
	4.01276 0.601786,
	3.99228 0.606908,
	3.97179 0.604347,
	3.96411 0.594104,
	3.96411 0.583861,
	"/>
</Transform>

<Transform dim="0"
 xcoef=" 0 1 0 0 0 0"
 ycoef=" 0 0 1 0 0 0">
<Contour name="Ax06B01cfa01" hidden="false" closed="false" simplified="false" border="0 1 1" fill="0 1 1" mode="9"
 points="3.97276 0.603673,
	4.03422 0.555018,
	4.09312 0.490998,
	4.12129 0.439782,
	"/>
</Transform>

<Transform dim="0"
 xcoef=" 0 1 0 0 0 0"
 ycoef=" 0 0 1 0 0 0">
<Contour name="Ax06B01ssrv135" hidden="false" closed="true" simplified="false" border="0.501961 0 1" fill="0.501961 0 1" mode="13"
 points="3.93947 0.524288,
	3.93947 0.519167,
	3.94459 0.514045,
	3.94972 0.514045,
	3.95484 0.519167,
	3.95484 0.524288,
	3.94972 0.52941,
	3.94459 0.52941,
	"/>
</Transform>

<Transform dim="6"
 xcoef=" 0.272636526850513 0.958942893826701 -0.031131911081914 0 0 0"
 ycoef=" -0.23544812679523 0.019378252554787 1.02778236085316 0 0 0">
<Image mag="0.00223443" contrast="1" brightness="0" red="true" green="true" blue="true"
 src="CVZWG_und.025.tif" />
<Contour name="domain1" hidden="false" closed="true" simplified="false" border="1 0 1" fill="1 0 1" mode="11"
 points="0 0,
	4097 0,
	4097 4097,
	0 4097,
	"/>
</Transform>

<Transform dim="0"
 xcoef=" 0 1 0 0 0 0"
 ycoef=" 0 0 1 0 0 0">
<Contour name="D01" hidden="false" closed="true" simplified="true" border="1 0.5 0" fill="1 0.5 0" mode="-11"
 points="6.68776 4.42405,
	6.69111 4.39817,
	6.70109 4.37291,
	6.71745 4.34888,
	6.7398 4.32665,
	6.76761 4.30676,
	6.80021 4.2897,
	6.83681 4.27585,
	6.87654 4.26557,
	6.91844 4.2591,
	6.9615 4.25658,
	7.00469 4.25809,
	7.04698 4.26359,
	7.08734 4.27294,
	7.12481 4.28592,
	7.15848 4.30222,
	7.18756 4.32144,
	7.21133 4.34313,
	7.22924 4.36676,
	7.24084 4.39177,
	7.24586 4.41755,
	7.24418 4.44349,
	7.23585 4.46897,
	7.22105 4.49336,
	7.20015 4.51609,
	7.17364 4.53661,
	7.14217 4.55442,
	7.10649 4.5691,
	7.06746 4.5803,
	7.02601 4.58775,
	6.98314 4.59126,
	6.93989 4.59076,
	6.89728 4.58625,
	6.85634 4.57784,
	6.81807 4.56575,
	6.78336 4.55024,
	6.75307 4.53171,
	6.72791 4.51059,
	6.70849 4.48739,
	6.69528 4.46267,
	"/>
</Transform>

<Transform dim="0"
 xcoef=" 0 1 0 0 0 0"
 ycoef=" 0 0 1 0 0 0">
<Contour name="D02" hidden="false" closed="true" simplified="true" border="0.5 0 1" fill="0.5 0 1" mode="-11"
 points="7.45706 5.22649,
	7.45969 5.20299,
	7.46748 5.18037,
	7.48014 5.15947,
	7.49719 5.14106,
	7.51801 5.12583,
	7.54182 5.11436,
	7.56773 5.10707,
	7.59477 5.10422,
	7.62194 5.10593,
	7.64823 5.11213,
	7.67265 5.12259,
	7.69429 5.13693,
	7.71235 5.1546,
	7.72616 5.17495,
	7.73521 5.19722,
	7.73914 5.22058,
	7.73783 5.24416,
	7.73131 5.26709,
	7.71983 5.2885,
	7.70382 5.3076,
	7.68387 5.32367,
	7.66073 5.33613,
	7.63526 5.3445,
	7.6084 5.34848,
	7.58117 5.34791,
	7.55457 5.34281,
	7.5296 5.33338,
	7.50718 5.31997,
	7.48815 5.30308,
	7.47322 5.28333,
	7.46295 5.26146,
	"/>
</Transform>

<Transform dim="0"
 xcoef=" 0 1 0 0 0 0"
 ycoef=" 0 0 1 0 0 0">
<Contour name="D03" hidden="false" closed="true" simplified="true" border="1 0 0.5" fill="1 0 0.5" mode="-11"
 points="8.2182 3.93978,
	8.22178 3.91348,
	8.23241 3.88808,
	8.24973 3.86443,
	8.27314 3.84335,
	8.30184 3.82556,
	8.33487 3.81165,
	8.37109 3.80211,
	8.40927 3.79726,
	8.44812 3.79726,
	8.4863 3.80211,
	8.52252 3.81165,
	8.55555 3.82556,
	8.58425 3.84335,
	8.60766 3.86443,
	8.62498 3.88808,
	8.63561 3.91348,
	8.63919 3.93978,
	8.63561 3.96608,
	8.62498 3.99149,
	8.60766 4.01513,
	8.58425 4.03621,
	8.55555 4.05401,
	8.52252 4.06791,
	8.4863 4.07746,
	8.44812 4.08231,
	8.40927 4.08231,
	8.37109 4.07746,
	8.33487 4.06791,
	8.30184 4.05401,
	8.27314 4.03621,
	8.24973 4.01513,
	8.23241 3.99149,
	8.22178 3.96608,
	"/>
</Transform>

<Transform dim="0"
 xcoef=" 0 1 0 0 0 0"
 ycoef=" 0 0 1 0 0 0">
<Contour name="D04" hidden="false" closed="true" simplified="true" border="1 0 0" fill="1 0 0" mode="-11"
 points="4.81313 6.25533,
	4.81586 6.23226,
	4.82398 6.20985,
	4.83726 6.18875,
	4.8553 6.16957,
	4.87761 6.15285,
	4.90352 6.13908,
	4.9323 6.12866,
	4.96311 6.12188,
	4.99508 6.11894,
	5.02728 6.11992,
	5.05879 6.1248,
	5.08869 6.13343,
	5.11614 6.14557,
	5.14033 6.16087,
	5.16058 6.17889,
	5.1763 6.1991,
	5.18703 6.22093,
	5.19248 6.24376,
	5.19248 6.26691,
	5.18703 6.28973,
	5.1763 6.31156,
	5.16058 6.33178,
	5.14033 6.3498,
	5.11614 6.36509,
	5.08869 6.37723,
	5.05879 6.38587,
	5.02728 6.39075,
	4.99508 6.39173,
	4.96311 6.38879,
	4.9323 6.38201,
	4.90352 6.37158,
	4.87761 6.35781,
	4.8553 6.3411,
	4.83726 6.32191,
	4.82398 6.30081,
	4.81586 6.2784,
	"/>
</Transform>

<Transform dim="0"
 xcoef=" 0 1 0 0 0 0"
 ycoef=" 0 0 1 0 0 0">
<Contour name="D05" hidden="false" closed="true" simplified="true" border="1 1 0" fill="1 1 0" mode="-11"
 points="4.55594 3.20981,
	4.55961 3.17804,
	4.57055 3.14712,
	4.58845 3.11786,
	4.61285 3.09104,
	4.64309 3.06738,
	4.67837 3.04751,
	4.71775 3.03195,
	4.76018 3.02111,
	4.80455 3.01529,
	4.84966 3.01464,
	4.89433 3.01918,
	4.93735 3.02878,
	4.9776 3.04319,
	5.014 3.06204,
	5.04558 3.0848,
	5.0715 3.11089,
	5.09108 3.13961,
	5.10379 3.1702,
	5.1093 3.20184,
	5.10746 3.23369,
	5.09832 3.2649,
	5.08212 3.29465,
	5.05929 3.32215,
	5.03044 3.34666,
	4.99634 3.36753,
	4.95789 3.38422,
	4.91612 3.39626,
	4.87212 3.40336,
	4.82709 3.40531,
	4.7822 3.40206,
	4.73865 3.39371,
	4.69761 3.38046,
	4.66015 3.36269,
	4.62728 3.34085,
	4.59988 3.31553,
	4.57866 3.28739,
	4.56419 3.2572,
	"/>
</Transform>

<Transform dim="0"
 xcoef=" 0 1 0 0 0 0"
 ycoef=" 0 0 1 0 0 0">
<Contour name="d01" hidden="false" closed="true" simplified="true" border="1 0.5 0" fill="1 0.5 0" mode="9"
 points="8.15057 4.6989,
	8.16854 4.68093,
	8.18907 4.67324,
	8.23013 4.6758,
	8.27119 4.69377,
	8.28915 4.71173,
	8.28402 4.75279,
	8.27889 4.75792,
	8.27889 4.76819,
	8.26606 4.78615,
	8.25836 4.79385,
	8.23783 4.79129,
	8.19677 4.77589,
	8.1788 4.75792,
	8.15314 4.71686,
	8.15057 4.7066,
	8.15057 4.70147,
	"/>
<Contour name="d01" hidden="false" closed="true" simplified="true" border="1 0.5 0" fill="1 0.5 0" mode="9"
 points="6.21045 4.40634,
	6.22072 4.39864,
	6.22585 4.39351,
	6.23611 4.39094,
	6.25151 4.37554,
	6.25408 4.35501,
	6.25408 4.34475,
	6.25408 4.33962,
	6.25921 4.33448,
	6.25921 4.32935,
	6.26691 4.31909,
	6.3054 4.29599,
	6.32593 4.28829,
	6.36699 4.28572,
	6.40806 4.27803,
	6.44912 4.28059,
	6.46965 4.28316,
	6.47991 4.28316,
	6.50044 4.27289,
	6.52097 4.25493,
	6.53124 4.24723,
	6.5415 4.24466,
	6.54664 4.23953,
	6.56717 4.2344,
	6.57743 4.2344,
	6.5877 4.22927,
	6.62876 4.2267,
	6.64929 4.22413,
	6.65442 4.22413,
	6.69548 4.20104,
	6.73654 4.17024,
	6.75194 4.15484,
	6.77247 4.14201,
	6.78274 4.13688,
	6.78787 4.13175,
	6.82893 4.11891,
	6.86999 4.11122,
	6.89052 4.10865,
	6.89565 4.10352,
	6.91618 4.09838,
	6.93671 4.08812,
	6.97777 4.05989,
	6.99831 4.04706,
	7.03937 4.03166,
	7.04963 4.02909,
	7.07016 4.01626,
	7.10609 3.9829,
	7.12662 3.9752,
	7.20874 3.97264,
	7.22927 3.97007,
	7.23954 3.97264,
	7.24467 3.97264,
	7.25494 3.98033,
	7.26007 3.98547,
	7.2652 4.06759,
	7.26263 4.08812,
	7.2575 4.09838,
	7.26007 4.11891,
	7.28316 4.15998,
	7.3037 4.16767,
	7.32423 4.17024,
	7.33449 4.17537,
	7.33962 4.17537,
	7.36015 4.19334,
	7.37555 4.21387,
	7.41661 4.23696,
	7.42688 4.24466,
	7.43201 4.2498,
	7.43714 4.2498,
	7.47307 4.28316,
	7.48334 4.28829,
	7.56546 4.29086,
	7.60652 4.29342,
	7.62705 4.30112,
	7.70917 4.31395,
	7.75023 4.31395,
	7.79129 4.28829,
	7.81182 4.27546,
	7.85288 4.26519,
	7.86315 4.26519,
	7.88368 4.25749,
	7.89394 4.25493,
	7.90421 4.24723,
	7.92474 4.23953,
	7.94527 4.23696,
	7.9658 4.22927,
	7.97607 4.23183,
	7.99146 4.2498,
	7.9889 4.27033,
	7.95554 4.31139,
	7.94527 4.32935,
	7.91191 4.36528,
	7.87085 4.39351,
	7.85032 4.40634,
	7.82979 4.41404,
	7.78873 4.43714,
	7.7682 4.44997,
	7.75793 4.45767,
	7.7374 4.4628,
	7.73227 4.46793,
	7.71174 4.47563,
	7.70404 4.4859,
	7.68351 4.49359,
	7.67838 4.49873,
	7.59625 4.52439,
	7.55519 4.53979,
	7.53466 4.54492,
	7.52953 4.55005,
	7.48847 4.55262,
	7.46794 4.55262,
	7.38582 4.58342,
	7.37555 4.58855,
	7.37042 4.58855,
	7.36785 4.59368,
	7.36272 4.59368,
	7.35759 4.59881,
	7.35245 4.59881,
	7.34732 4.60395,
	7.30626 4.61678,
	7.28573 4.61934,
	7.2652 4.62704,
	7.24467 4.62961,
	7.20361 4.64244,
	7.16255 4.65014,
	7.08043 4.6758,
	6.99831 4.68607,
	6.95724 4.69377,
	6.87512 4.6912,
	6.83406 4.6912,
	6.793 4.68607,
	6.78274 4.68607,
	6.74167 4.67324,
	6.70061 4.66554,
	6.69035 4.66297,
	6.68522 4.66297,
	6.68008 4.65784,
	6.65955 4.65271,
	6.64929 4.64501,
	6.56717 4.63731,
	6.48504 4.61164,
	6.40292 4.60395,
	6.36186 4.59881,
	6.34133 4.59368,
	6.33877 4.58855,
	6.3285 4.58598,
	6.29514 4.55519,
	6.29001 4.55262,
	6.29001 4.54749,
	6.27717 4.52696,
	6.26948 4.51669,
	6.26434 4.49616,
	6.25921 4.49103,
	6.25664 4.4705,
	6.24381 4.44997,
	6.23611 4.4397,
	6.23355 4.43457,
	6.22841 4.43457,
	6.22585 4.42944,
	6.22072 4.42944,
	6.21045 4.42174,
	6.21045 4.41147,
	6.21045 4.40891,
	"/>
</Transform>

<Transform dim="0"
 xcoef=" 0 1 0 0 0 0"
 ycoef=" 0 0 1 0 0 0">
<Contour name="d01" hidden="false" closed="true" simplified="true" border="1 0.5 0" fill="1 0.5 0" mode="9"
 points="5.56888 4.89137,
	5.57914 4.88111,
	5.59967 4.87084,
	5.60994 4.86827,
	5.61507 4.86827,
	5.6202 4.86314,
	5.66126 4.84774,
	5.68179 4.84005,
	5.69206 4.83748,
	5.69719 4.83235,
	5.71772 4.82465,
	5.73825 4.80925,
	5.75878 4.80155,
	5.8409 4.79129,
	5.86143 4.79129,
	5.90249 4.80155,
	5.92302 4.80155,
	5.94356 4.80668,
	5.95382 4.81182,
	5.96409 4.82208,
	5.96409 4.83235,
	5.95895 4.84261,
	5.95895 4.85288,
	5.94099 4.89137,
	5.95895 4.93243,
	5.98462 4.97349,
	5.99745 4.99402,
	6.00001 5.00429,
	6.00771 5.01455,
	6.01541 5.03508,
	6.01798 5.05561,
	6.01798 5.06588,
	6.01028 5.08641,
	6.00258 5.09668,
	5.98205 5.10437,
	5.96152 5.10181,
	5.92046 5.10437,
	5.91019 5.10437,
	5.86913 5.11721,
	5.8486 5.11721,
	5.83834 5.11721,
	5.75622 5.07871,
	5.67409 5.03252,
	5.6356 5.00685,
	5.5971 4.97349,
	5.59197 4.96323,
	5.58684 4.9581,
	5.58171 4.93756,
	5.57144 4.91703,
	5.56888 4.8965,
	5.56888 4.89394,
	"/>
</Transform>

<Transform dim="0"
 xcoef=" 0 1 0 0 0 0"
 ycoef=" 0 0 1 0 0 0">
<Contour name="d01p07" hidden="false" closed="true" simplified="false" border="1 0 1" fill="1 0 1" mode="-9"
 points="7.09644 4.13695,
	7.09644 4.12399,
	7.10939 4.11104,
	7.12235 4.11104,
	7.1353 4.12399,
	7.1353 4.13695,
	7.12235 4.1499,
	7.10939 4.1499,
	"/>
</Transform>

<Transform dim="0"
 xcoef=" 0 1 0 0 0 0"
 ycoef=" 0 0 1 0 0 0">
<Contour name="d01c04" hidden="false" closed="true" simplified="true" border="0 1 0" fill="0 1 0" mode="9"
 points="7.46179 3.75695,
	7.46526 3.75,
	7.47395 3.69442,
	7.47742 3.68052,
	7.48263 3.67358,
	7.48784 3.65968,
	7.48958 3.65273,
	7.49305 3.64926,
	7.49826 3.63536,
	7.49826 3.62842,
	7.50174 3.62147,
	7.50347 3.60757,
	7.50868 3.59368,
	7.52605 3.56762,
	7.533 3.56068,
	7.5469 3.55547,
	7.55384 3.5572,
	7.55905 3.56241,
	7.55732 3.57631,
	7.55211 3.5902,
	7.54342 3.6041,
	7.53474 3.63189,
	7.52779 3.64578,
	7.51911 3.67358,
	7.51389 3.70137,
	7.50347 3.72916,
	7.50174 3.75695,
	7.50347 3.77084,
	7.50347 3.77779,
	7.51563 3.80558,
	7.52084 3.81253,
	7.52258 3.81948,
	7.52605 3.82295,
	7.52432 3.85074,
	7.51737 3.85421,
	7.51042 3.85421,
	7.48437 3.83163,
	7.47221 3.81774,
	7.47221 3.81427,
	7.46352 3.80037,
	7.46179 3.77258,
	7.46179 3.75868,
	"/>
<Contour name="d01cfa04" hidden="false" closed="false" simplified="false" border="0 1 1" fill="0 1 1" mode="-9"
 points="7.51364 3.85103,
	7.4928 3.82497,
	7.4789 3.79371,
	7.47717 3.7416,
	7.49454 3.67907,
	7.51191 3.62523,
	7.53275 3.58701,
	7.55012 3.55749,
	"/>
</Transform>

<Transform dim="0"
 xcoef=" 0 1 0 0 0 0"
 ycoef=" 0 0 1 0 0 0">
<Contour name="d01" hidden="false" closed="true" simplified="true" border="1 0.5 0" fill="1 0.5 0" mode="9"
 points="7.47916 3.75,
	7.48089 3.7361,
	7.48958 3.70831,
	7.49305 3.68052,
	7.5 3.65273,
	7.5 3.64578,
	7.50695 3.63363,
	7.50868 3.62668,
	7.51389 3.62147,
	7.51563 3.61452,
	7.53126 3.58847,
	7.53647 3.58152,
	7.53821 3.57457,
	7.54863 3.56068,
	7.55037 3.55373,
	7.56079 3.54157,
	7.57469 3.53289,
	7.58858 3.53289,
	7.59379 3.5381,
	7.62158 3.53983,
	7.63548 3.54504,
	7.64937 3.54678,
	7.67716 3.55547,
	7.69106 3.56068,
	7.70496 3.56241,
	7.71885 3.56762,
	7.73275 3.57805,
	7.74317 3.5902,
	7.74838 3.59541,
	7.74664 3.59889,
	7.76054 3.60757,
	7.76748 3.61278,
	7.79527 3.6232,
	7.80222 3.62494,
	7.8057 3.62494,
	7.81091 3.63015,
	7.81264 3.6371,
	7.80917 3.651,
	7.81091 3.66489,
	7.82133 3.67879,
	7.82828 3.69268,
	7.83175 3.69963,
	7.83175 3.70658,
	7.83522 3.71352,
	7.83522 3.72742,
	7.82654 3.75521,
	7.82307 3.76216,
	7.79701 3.78821,
	7.7727 3.80732,
	7.7588 3.81774,
	7.7449 3.82469,
	7.71711 3.8299,
	7.68932 3.8299,
	7.66153 3.83511,
	7.63374 3.84727,
	7.62679 3.85074,
	7.62332 3.85074,
	7.61637 3.85595,
	7.6129 3.85595,
	7.60595 3.86116,
	7.57816 3.86464,
	7.55037 3.8629,
	7.54342 3.8629,
	7.52953 3.85769,
	7.51563 3.849,
	7.50347 3.83685,
	7.49479 3.82295,
	7.49479 3.81948,
	7.49131 3.816,
	7.48958 3.80905,
	7.48437 3.80211,
	7.47916 3.77432,
	7.47916 3.76042,
	7.47916 3.75347,
	7.47916 3.75174,
	"/>
</Transform>

<Transform dim="0"
 xcoef=" 0 1 0 0 0 0"
 ycoef=" 0 0 1 0 0 0">
<Contour name="d01c08" hidden="false" closed="true" simplified="true" border="0 1 0" fill="0 1 0" mode="9"
 points="5.56385 4.92226,
	5.57829 4.91195,
	5.58654 4.91401,
	5.61336 4.94495,
	5.61955 4.95321,
	5.6278 4.95733,
	5.64224 4.97384,
	5.66906 4.99653,
	5.68556 5.00684,
	5.69382 5.00891,
	5.7 5.0151,
	5.76396 5.04398,
	5.77633 5.05636,
	5.78252 5.06461,
	5.78252 5.08111,
	5.7784 5.08936,
	5.77427 5.09349,
	5.74126 5.09143,
	5.72476 5.08936,
	5.69175 5.07286,
	5.67731 5.06461,
	5.66081 5.05223,
	5.62986 5.03366,
	5.62161 5.02541,
	5.61336 5.02129,
	5.59067 4.99034,
	5.57829 4.97384,
	5.57416 4.96971,
	5.57416 4.96558,
	5.57004 4.96146,
	5.56385 4.92845,
	5.56385 4.92433,
	"/>
<Contour name="d01cfa08" hidden="false" closed="false" simplified="false" border="0 1 1" fill="0 1 1" mode="-9"
 points="5.77691 5.08968,
	5.70677 5.04635,
	5.63869 5.00716,
	5.59124 4.95765,
	5.57267 4.91432,
	"/>
</Transform>

<Transform dim="0"
 xcoef=" 0 1 0 0 0 0"
 ycoef=" 0 0 1 0 0 0">
<Contour name="d01rs01a1" hidden="false" closed="true" simplified="false" border="1 0 1" fill="1 0 1" mode="-9"
 points="6.4269 4.38029,
	6.4269 4.37353,
	6.43366 4.36677,
	6.44042 4.36677,
	6.44719 4.37353,
	6.44719 4.38029,
	6.44042 4.38706,
	6.43366 4.38706,
	"/>
<Contour name="d01rs01a2" hidden="false" closed="true" simplified="false" border="1 0 1" fill="1 0 1" mode="-9"
 points="6.38631 4.40397,
	6.38631 4.3972,
	6.39308 4.39044,
	6.39984 4.39044,
	6.4066 4.3972,
	6.4066 4.40397,
	6.39984 4.41073,
	6.39308 4.41073,
	"/>
<Contour name="d01rs01a3" hidden="false" closed="true" simplified="false" border="1 0 1" fill="1 0 1" mode="-9"
 points="6.43028 4.4158,
	6.43028 4.40904,
	6.43704 4.40228,
	6.44381 4.40228,
	6.45057 4.40904,
	6.45057 4.4158,
	6.44381 4.42257,
	6.43704 4.42257,
	"/>
</Transform>

<Transform dim="0"
 xcoef=" 0 1 0 0 0 0"
 ycoef=" 0 0 1 0 0 0">
<Contour name="d03" hidden="false" closed="true" simplified="true" border="1 0 0.5" fill="1 0 0.5" mode="9"
 points="7.73896 4.09986,
	7.75656 4.07638,
	7.7683 4.07051,
	7.77417 4.07051,
	7.79178 4.05584,
	7.80352 4.04703,
	7.80939 4.04116,
	7.79472 4.02062,
	7.77124 4.00301,
	7.75656 3.97953,
	7.75656 3.96779,
	7.77711 3.94431,
	7.82406 3.92377,
	7.84754 3.90616,
	7.86809 3.85921,
	7.86809 3.85334,
	7.87396 3.84747,
	7.87396 3.83573,
	7.86809 3.82399,
	7.86809 3.81225,
	7.85928 3.78877,
	7.85928 3.74182,
	7.87396 3.69486,
	7.88863 3.67138,
	7.91211 3.65377,
	7.93558 3.64497,
	7.95906 3.64203,
	7.98254 3.65084,
	8.0295 3.65964,
	8.07645 3.65964,
	8.12341 3.65377,
	8.17037 3.65377,
	8.21732 3.66845,
	8.2408 3.67725,
	8.28776 3.68019,
	8.33471 3.67432,
	8.38167 3.68019,
	8.40515 3.68019,
	8.4521 3.69193,
	8.47558 3.69779,
	8.48732 3.69779,
	8.5108 3.7066,
	8.52254 3.7066,
	8.56949 3.72714,
	8.58123 3.73301,
	8.5871 3.73301,
	8.59297 3.73888,
	8.61645 3.74475,
	8.63993 3.74475,
	8.68688 3.75356,
	8.73384 3.75649,
	8.74558 3.75649,
	8.76906 3.76529,
	8.81601 3.76823,
	8.83949 3.77116,
	8.86297 3.77997,
	8.87471 3.7829,
	8.88058 3.78877,
	8.89232 3.79171,
	8.91579 3.81225,
	8.93047 3.83279,
	8.93047 3.83866,
	8.93634 3.84453,
	8.94514 3.89149,
	8.95982 3.93844,
	8.95688 3.96192,
	8.93634 4.00888,
	8.90992 4.05584,
	8.89819 4.07931,
	8.88058 4.09986,
	8.8571 4.11747,
	8.81014 4.14094,
	8.78666 4.14975,
	8.73971 4.15268,
	8.71623 4.14681,
	8.66927 4.15562,
	8.6458 4.16149,
	8.59884 4.16149,
	8.57536 4.16442,
	8.56362 4.16442,
	8.55775 4.16442,
	8.55188 4.17029,
	8.52841 4.17616,
	8.50493 4.1879,
	8.49906 4.1879,
	8.47558 4.20257,
	8.42862 4.21431,
	8.38167 4.21138,
	8.35819 4.20844,
	8.31123 4.19083,
	8.21732 4.1791,
	8.19384 4.17029,
	8.1733 4.15268,
	8.16156 4.14681,
	8.13808 4.14681,
	8.09113 4.13507,
	7.99721 4.14388,
	7.97374 4.14388,
	7.87982 4.17323,
	7.83287 4.18203,
	7.80939 4.18496,
	7.79765 4.18496,
	7.78591 4.1791,
	7.77124 4.15562,
	7.7683 4.14388,
	7.74483 4.13214,
	7.73896 4.1204,
	7.73896 4.10866,
	7.73896 4.10279,
	"/>
</Transform>

<Transform dim="0"
 xcoef=" 0 1 0 0 0 0"
 ycoef=" 0 0 1 0 0 0">
<Contour name="d03p02" hidden="false" closed="true" simplified="false" border="0.5 0 1" fill="0.5 0 1" mode="-9"
 points="7.91392 3.69732,
	7.90512 3.69439,
	7.91392 3.69145,
	7.90806 3.68265,
	7.91686 3.68852,
	7.91979 3.67971,
	7.92273 3.68852,
	7.93153 3.68265,
	7.92566 3.69145,
	7.93447 3.69439,
	7.92566 3.69732,
	7.93153 3.70613,
	7.92273 3.70026,
	7.91979 3.70906,
	7.91686 3.70026,
	7.90806 3.70613,
	"/>
</Transform>

<Transform dim="0"
 xcoef=" 0 1 0 0 0 0"
 ycoef=" 0 0 1 0 0 0">
<Contour name="d04" hidden="false" closed="true" simplified="true" border="1 0 0" fill="1 0 0" mode="9"
 points="4.15446 5.79308,
	4.15939 5.77337,
	4.15939 5.75365,
	4.15939 5.7438,
	4.16432 5.73394,
	4.18403 5.71916,
	4.19881 5.70191,
	4.20374 5.69205,
	4.20374 5.67234,
	4.20867 5.66248,
	4.20867 5.65755,
	4.22592 5.64277,
	4.25795 5.60581,
	4.27766 5.59102,
	4.29738 5.58117,
	4.3368 5.57378,
	4.35651 5.57378,
	4.39594 5.5861,
	4.4058 5.58856,
	4.41072 5.59349,
	4.42058 5.59595,
	4.44029 5.61074,
	4.45261 5.63045,
	4.46493 5.66988,
	4.46986 5.67973,
	4.46986 5.71916,
	4.4674 5.73887,
	4.46493 5.74873,
	4.46493 5.75365,
	4.46001 5.75858,
	4.45015 5.79801,
	4.42797 5.83743,
	4.42058 5.84729,
	4.40333 5.85961,
	4.39348 5.86454,
	4.35405 5.86454,
	4.33434 5.85961,
	4.25549 5.86454,
	4.23577 5.867,
	4.21606 5.86454,
	4.19635 5.84975,
	4.19142 5.84975,
	4.17171 5.83497,
	4.15692 5.81772,
	4.15446 5.79801,
	4.15446 5.79554,
	"/>
<Contour name="d04" hidden="false" closed="true" simplified="true" border="1 0 0" fill="1 0 0" mode="9"
 points="4.4058 6.18733,
	4.42551 6.17501,
	4.43537 6.17255,
	4.44029 6.17255,
	4.45015 6.16269,
	4.45508 6.15284,
	4.46001 6.15037,
	4.47233 6.07152,
	4.47233 6.06167,
	4.47972 6.04195,
	4.47725 6.0321,
	4.48218 6.01238,
	4.49204 6.00746,
	4.49697 6.00746,
	4.5019 6.00253,
	4.54132 6.00499,
	4.58075 6.01238,
	4.60046 6.01485,
	4.60539 6.01485,
	4.61524 6.02224,
	4.62017 6.02224,
	4.63988 6.03456,
	4.64974 6.04195,
	4.6596 6.04442,
	4.66453 6.04935,
	4.70395 6.05674,
	4.7828 6.05674,
	4.82223 6.04935,
	4.83208 6.04442,
	4.8518 6.04195,
	4.85672 6.03702,
	4.87644 6.0321,
	4.88137 6.02717,
	4.89122 6.0247,
	4.90108 6.01731,
	4.91093 6.01485,
	4.92079 6.00746,
	4.96022 6.00253,
	4.97993 6.00253,
	4.99964 5.9976,
	5.03907 6.00006,
	5.05878 6.00746,
	5.07849 6.02224,
	5.09821 6.0247,
	5.13763 6.04688,
	5.14749 6.05674,
	5.1672 6.06413,
	5.17706 6.07152,
	5.21648 6.08384,
	5.23619 6.09123,
	5.24605 6.0937,
	5.26576 6.10602,
	5.27316 6.11341,
	5.29287 6.11588,
	5.30273 6.11095,
	5.32244 6.11095,
	5.34215 6.11834,
	5.36926 6.15777,
	5.37172 6.17748,
	5.38158 6.19719,
	5.40129 6.21444,
	5.41115 6.21937,
	5.41607 6.21937,
	5.421 6.2243,
	5.44071 6.22922,
	5.48014 6.24894,
	5.51217 6.2859,
	5.52203 6.30561,
	5.52696 6.31547,
	5.52696 6.33518,
	5.52203 6.34504,
	5.52203 6.35489,
	5.51464 6.37461,
	5.51217 6.39432,
	5.49985 6.41403,
	5.48014 6.42882,
	5.47028 6.43621,
	5.46536 6.44114,
	5.46043 6.44114,
	5.421 6.46578,
	5.34215 6.49288,
	5.30273 6.5052,
	5.22387 6.51752,
	5.21402 6.51752,
	5.17459 6.53231,
	5.15488 6.5397,
	5.11545 6.53724,
	5.1056 6.52984,
	5.08589 6.52491,
	5.04646 6.52984,
	4.96761 6.52738,
	4.9479 6.52491,
	4.90847 6.52738,
	4.86905 6.52245,
	4.84933 6.52245,
	4.82962 6.52738,
	4.81976 6.53231,
	4.74091 6.52984,
	4.73106 6.52491,
	4.71134 6.52245,
	4.70149 6.51999,
	4.69656 6.51999,
	4.69163 6.51506,
	4.65221 6.50027,
	4.64728 6.49535,
	4.62756 6.48795,
	4.62264 6.48303,
	4.61278 6.48056,
	4.59553 6.46331,
	4.58321 6.4436,
	4.57828 6.40417,
	4.56843 6.38693,
	4.54132 6.34996,
	4.53393 6.33025,
	4.53146 6.3204,
	4.51914 6.30315,
	4.48465 6.26865,
	4.47233 6.2514,
	4.4329 6.22922,
	4.42304 6.2243,
	4.41812 6.21444,
	4.41319 6.21198,
	4.41319 6.20705,
	4.4058 6.19719,
	4.4058 6.1898,
	"/>
</Transform>

<Transform dim="0"
 xcoef=" 0 1 0 0 0 0"
 ycoef=" 0 0 1 0 0 0">
<Contour name="d04" hidden="false" closed="true" simplified="true" border="1 0 0" fill="1 0 0" mode="9"
 points="4.49204 5.67727,
	4.49697 5.65755,
	4.5019 5.6477,
	4.51914 5.63291,
	4.53886 5.62306,
	4.61771 5.60088,
	4.63496 5.58856,
	4.65221 5.56885,
	4.69163 5.54667,
	4.73106 5.53189,
	4.74091 5.52942,
	4.74584 5.52449,
	4.78527 5.5171,
	4.80498 5.5171,
	4.8444 5.53435,
	4.86412 5.54913,
	4.88383 5.55899,
	4.92079 5.59595,
	4.92818 5.60581,
	4.93065 5.60827,
	4.92818 5.6132,
	4.93558 5.63291,
	4.9479 5.65016,
	4.95282 5.65509,
	4.96022 5.69452,
	4.96268 5.71423,
	4.97254 5.73394,
	4.975 5.7438,
	4.98239 5.75365,
	4.98979 5.77337,
	4.98979 5.79308,
	4.98486 5.80294,
	4.98486 5.80786,
	4.97007 5.82758,
	4.93065 5.85222,
	4.89122 5.86947,
	4.8518 5.88179,
	4.81237 5.88425,
	4.73352 5.87932,
	4.69409 5.87932,
	4.67438 5.87932,
	4.66453 5.87932,
	4.64481 5.867,
	4.60539 5.86207,
	4.59553 5.85961,
	4.5906 5.85961,
	4.58567 5.85468,
	4.57582 5.85222,
	4.51175 5.7783,
	4.5019 5.75858,
	4.4945 5.71916,
	4.49204 5.67973,
	"/>
</Transform>

<Transform dim="0"
 xcoef=" 0 1 0 0 0 0"
 ycoef=" 0 0 1 0 0 0">
<Contour name="d04p04" hidden="false" closed="true" simplified="false" border="1 0 0" fill="1 0 0" mode="9"
 points="4.53241 6.08249,
	4.54672 6.06246,
	4.53241 6.04242,
	4.54099 6.04242,
	4.55244 6.0596,
	4.56389 6.04242,
	4.57248 6.04242,
	4.55817 6.06246,
	4.57248 6.08249,
	4.56389 6.08249,
	4.55244 6.06532,
	4.54099 6.08249,
	"/>
</Transform>

<Transform dim="0"
 xcoef=" 0 1 0 0 0 0"
 ycoef=" 0 0 1 0 0 0">
<Contour name="d02" hidden="false" closed="true" simplified="true" border="0.5 0 1" fill="0.5 0 1" mode="9"
 points="6.87384 5.75186,
	6.87576 5.74418,
	6.88151 5.73843,
	6.88151 5.73459,
	6.89494 5.72117,
	6.90069 5.71541,
	6.90836 5.7135,
	6.93905 5.69432,
	6.95439 5.68665,
	6.95823 5.68665,
	6.96207 5.68281,
	6.99275 5.67322,
	7.00042 5.66938,
	7.0081 5.66938,
	7.01577 5.66363,
	7.07714 5.64445,
	7.08481 5.64253,
	7.08673 5.6387,
	7.09057 5.6387,
	7.10399 5.62719,
	7.11166 5.62144,
	7.12701 5.6176,
	7.15769 5.61952,
	7.21715 5.65212,
	7.23249 5.65404,
	7.24016 5.65404,
	7.25551 5.65979,
	7.26893 5.67322,
	7.26893 5.68856,
	7.26318 5.69624,
	7.25934 5.70007,
	7.25167 5.70199,
	7.244 5.70774,
	7.21331 5.70966,
	7.15194 5.70774,
	7.1366 5.70774,
	7.12125 5.71158,
	7.10591 5.71158,
	7.10207 5.71541,
	7.0944 5.71541,
	7.07906 5.72117,
	7.07139 5.725,
	7.06755 5.725,
	7.06372 5.72884,
	7.04837 5.73268,
	6.987 5.75953,
	6.95631 5.77295,
	6.94097 5.77871,
	6.91028 5.78062,
	6.89494 5.78062,
	6.87959 5.77487,
	6.87576 5.77103,
	6.87384 5.75569,
	6.87384 5.75377,
	"/>
<Contour name="d02" hidden="false" closed="true" simplified="true" border="0.5 0 1" fill="0.5 0 1" mode="9"
 points="7.18454 5.11894,
	7.19989 5.10935,
	7.23057 5.09784,
	7.23441 5.09784,
	7.23633 5.09401,
	7.244 5.09401,
	7.27469 5.08058,
	7.30537 5.07099,
	7.31305 5.06716,
	7.32839 5.06524,
	7.38976 5.04798,
	7.40511 5.04414,
	7.41278 5.03839,
	7.41661 5.03839,
	7.42429 5.03263,
	7.43771 5.02688,
	7.45305 5.01729,
	7.46456 5.00386,
	7.47223 4.98852,
	7.47223 4.98469,
	7.48758 4.97318,
	7.51826 4.95783,
	7.53361 4.95016,
	7.53936 4.94441,
	7.5547 4.94057,
	7.58539 4.92715,
	7.58923 4.92331,
	7.59306 4.92331,
	7.60841 4.91372,
	7.61608 4.90797,
	7.64676 4.89838,
	7.65444 4.89454,
	7.65827 4.89454,
	7.66211 4.89071,
	7.66594 4.89071,
	7.68129 4.88112,
	7.71197 4.86961,
	7.71581 4.86961,
	7.71965 4.86577,
	7.72732 4.86386,
	7.73115 4.86002,
	7.7465 4.85618,
	7.76184 4.85618,
	7.76951 4.85618,
	7.77335 4.85618,
	7.78102 4.86194,
	7.78869 4.86386,
	7.79444 4.86961,
	7.82513 4.87728,
	7.82897 4.87728,
	7.84431 4.89262,
	7.84623 4.92331,
	7.84431 4.954,
	7.84431 4.96934,
	7.86349 5.03072,
	7.86733 5.03839,
	7.86924 5.06907,
	7.87308 5.07291,
	7.87692 5.08825,
	7.87883 5.09592,
	7.89226 5.10551,
	7.9076 5.10935,
	7.91336 5.11702,
	7.94021 5.13428,
	7.95555 5.14579,
	7.96322 5.15346,
	7.9613 5.16881,
	7.9613 5.17648,
	7.95747 5.18031,
	7.95555 5.18799,
	7.9287 5.21484,
	7.92295 5.22059,
	7.92103 5.23593,
	7.92295 5.26662,
	7.92103 5.28196,
	7.92103 5.28964,
	7.92103 5.29347,
	7.90952 5.3069,
	7.89609 5.33758,
	7.89609 5.35293,
	7.89418 5.3606,
	7.88267 5.37594,
	7.85582 5.39512,
	7.82513 5.40663,
	7.81938 5.4143,
	7.78869 5.42773,
	7.77335 5.43348,
	7.76951 5.43732,
	7.75417 5.44115,
	7.69279 5.43923,
	7.66211 5.44115,
	7.60073 5.43732,
	7.57005 5.43923,
	7.5547 5.44307,
	7.52402 5.44499,
	7.49333 5.45458,
	7.48566 5.46033,
	7.45497 5.46992,
	7.3936 5.47184,
	7.37825 5.46992,
	7.34757 5.45649,
	7.32072 5.4354,
	7.31305 5.43348,
	7.2977 5.42197,
	7.29195 5.41622,
	7.28811 5.4143,
	7.28811 5.41046,
	7.28428 5.40663,
	7.27852 5.39129,
	7.26893 5.37594,
	7.244 5.35293,
	7.23249 5.34142,
	7.22482 5.32608,
	7.23249 5.29539,
	7.23441 5.28772,
	7.244 5.27237,
	7.25359 5.26087,
	7.25743 5.25319,
	7.27085 5.23977,
	7.27277 5.2321,
	7.28619 5.21675,
	7.29195 5.20908,
	7.29003 5.19374,
	7.28811 5.18607,
	7.2766 5.17648,
	7.24592 5.16497,
	7.23057 5.16113,
	7.20181 5.14387,
	7.19413 5.14004,
	7.18646 5.13237,
	7.18454 5.12469,
	7.18454 5.12086,
	"/>
</Transform>

<Transform dim="0"
 xcoef=" 0 1 0 0 0 0"
 ycoef=" 0 0 1 0 0 0">
<Contour name="d02" hidden="false" closed="true" simplified="true" border="0.5 0 1" fill="0.5 0 1" mode="9"
 points="8.04761 4.60877,
	8.04953 4.6011,
	8.05336 4.59726,
	8.05336 4.59343,
	8.0783 4.56658,
	8.09364 4.55315,
	8.09939 4.54548,
	8.12625 4.5263,
	8.14159 4.52438,
	8.15693 4.5263,
	8.18762 4.53973,
	8.20296 4.54548,
	8.21831 4.5474,
	8.23365 4.55315,
	8.2394 4.55699,
	8.24516 4.56466,
	8.24516 4.58,
	8.24132 4.59535,
	8.22022 4.62028,
	8.19145 4.64138,
	8.18378 4.64329,
	8.1531 4.66247,
	8.14926 4.66631,
	8.14542 4.66631,
	8.11666 4.68741,
	8.11282 4.68741,
	8.09748 4.697,
	8.0898 4.70083,
	8.07446 4.70083,
	8.06679 4.69891,
	8.05912 4.69316,
	8.0572 4.68549,
	8.05145 4.67782,
	8.05145 4.67398,
	8.04761 4.67015,
	8.04761 4.61069,
	"/>
</Transform>

<Transform dim="0"
 xcoef=" 0 1 0 0 0 0"
 ycoef=" 0 0 1 0 0 0">
<Contour name="d02c03" hidden="false" closed="true" simplified="true" border="0 1 0" fill="0 1 0" mode="9"
 points="6.95052 5.76074,
	6.95432 5.75314,
	6.96952 5.74173,
	6.98283 5.73603,
	6.98473 5.73223,
	6.99233 5.73033,
	6.99993 5.72463,
	7.00373 5.72083,
	7.01134 5.71892,
	7.01514 5.71512,
	7.03034 5.71132,
	7.03795 5.70942,
	7.05315 5.69802,
	7.08356 5.69232,
	7.09876 5.68852,
	7.15958 5.68661,
	7.18999 5.68661,
	7.2204 5.69612,
	7.2223 5.70372,
	7.2204 5.71132,
	7.2052 5.72083,
	7.17479 5.72653,
	7.14438 5.72653,
	7.11397 5.73033,
	7.08356 5.73983,
	7.07596 5.73983,
	7.07216 5.74363,
	7.05695 5.74553,
	7.05315 5.74933,
	7.03795 5.75504,
	7.03034 5.75694,
	7.01514 5.76834,
	7.00754 5.77404,
	6.99233 5.77784,
	6.96192 5.77594,
	6.95432 5.77404,
	6.95052 5.77214,
	6.95052 5.76454,
	6.95052 5.76264,
	"/>
<Contour name="d02cfa03" hidden="false" closed="false" simplified="false" border="0 1 1" fill="0 1 1" mode="-9"
 points="7.22241 5.70631,
	7.12167 5.70631,
	7.03995 5.73102,
	6.96012 5.77473,
	"/>
</Transform>

<Transform dim="0"
 xcoef=" 0 1 0 0 0 0"
 ycoef=" 0 0 1 0 0 0">
<Contour name="d02ax04" hidden="false" closed="true" simplified="true" border="0 1 1" fill="0 1 1" mode="-11"
 points="6.54728 4.93169,
	6.57559 4.86202,
	6.58865 4.8446,
	6.60607 4.82936,
	6.67575 4.80976,
	6.71058 4.79887,
	6.71929 4.79452,
	6.73018 4.7771,
	6.73671 4.74226,
	6.74978 4.72702,
	6.76502 4.71613,
	6.78244 4.7096,
	6.79114 4.70742,
	6.79985 4.70089,
	6.83469 4.70089,
	6.86953 4.70742,
	7.00888 4.7096,
	7.07855 4.69654,
	7.11339 4.68565,
	7.13081 4.67912,
	7.13952 4.67476,
	7.17436 4.67041,
	7.2092 4.6617,
	7.22661 4.6617,
	7.26145 4.65299,
	7.29629 4.63993,
	7.31371 4.63122,
	7.33113 4.62904,
	7.33984 4.62468,
	7.37467 4.61815,
	7.40951 4.60727,
	7.41387 4.60727,
	7.42258 4.60073,
	7.43999 4.59638,
	7.44653 4.58985,
	7.46394 4.58549,
	7.4683 4.58114,
	7.48572 4.57461,
	7.52056 4.57025,
	7.59023 4.57025,
	7.62507 4.58114,
	7.64031 4.59202,
	7.65337 4.60727,
	7.67079 4.62468,
	7.67515 4.63339,
	7.69257 4.64428,
	7.7274 4.65734,
	7.76224 4.66605,
	7.77966 4.67694,
	7.7949 4.69218,
	7.80143 4.7096,
	7.80361 4.72702,
	7.79708 4.76186,
	7.79055 4.77928,
	7.79055 4.7967,
	7.79055 4.8054,
	7.80143 4.82282,
	7.80361 4.83153,
	7.80143 4.84024,
	7.79272 4.84677,
	7.78837 4.85113,
	7.75353 4.86202,
	7.74482 4.86637,
	7.70999 4.87072,
	7.67515 4.88597,
	7.66644 4.88814,
	7.65773 4.89468,
	7.58805 4.91863,
	7.55322 4.92734,
	7.51838 4.94258,
	7.50749 4.96,
	7.49007 4.97306,
	7.45959 5.00572,
	7.42475 5.02749,
	7.35508 5.0558,
	7.32024 5.06886,
	7.25056 5.08628,
	7.21573 5.09717,
	7.20702 5.1037,
	7.19831 5.1037,
	7.16347 5.12112,
	7.14605 5.12983,
	7.07638 5.14943,
	7.06767 5.15596,
	7.03283 5.16467,
	6.89348 5.16249,
	6.85864 5.16249,
	6.8238 5.15378,
	6.75413 5.12765,
	6.74542 5.1233,
	6.74107 5.1233,
	6.73671 5.11894,
	6.70187 5.11459,
	6.68445 5.11241,
	6.67575 5.11241,
	6.65833 5.1037,
	6.64091 5.09935,
	6.6322 5.09717,
	6.59954 5.06886,
	6.57559 5.03403,
	6.56035 4.99919,
	6.54946 4.98395,
	6.54728 4.94911,
	6.54728 4.93387,
	"/>
</Transform>

<Transform dim="0"
 xcoef=" 0 1 0 0 0 0"
 ycoef=" 0 0 1 0 0 0">
<Contour name="d02ax04ssvr" hidden="false" closed="true" simplified="false" border="0 1 0" fill="0 1 0" mode="-11"
 points="6.86693 4.79696,
	6.85584 4.78586,
	6.86693 4.77477,
	6.87803 4.78586,
	"/>
<Contour name="d02ax04ssvr" hidden="false" closed="true" simplified="false" border="0 1 0" fill="0 1 0" mode="-11"
 points="6.90339 4.82707,
	6.89229 4.81597,
	6.90339 4.80488,
	6.91448 4.81597,
	"/>
<Contour name="d02ax04ssvr" hidden="false" closed="true" simplified="false" border="0 1 0" fill="0 1 0" mode="-11"
 points="6.95886 4.82231,
	6.94777 4.81122,
	6.95886 4.80013,
	6.96996 4.81122,
	"/>
<Contour name="d02ax04ssvr" hidden="false" closed="true" simplified="false" border="0 1 0" fill="0 1 0" mode="-11"
 points="6.95886 4.85243,
	6.94777 4.84133,
	6.95886 4.83024,
	6.96996 4.84133,
	"/>
<Contour name="d02ax04ssvr" hidden="false" closed="true" simplified="false" border="0 1 0" fill="0 1 0" mode="-11"
 points="6.93033 4.78586,
	6.91924 4.77477,
	6.93033 4.76367,
	6.94143 4.77477,
	"/>
<Contour name="d02ax04ssvr" hidden="false" closed="true" simplified="false" border="0 1 0" fill="0 1 0" mode="-11"
 points="6.99532 4.7605,
	6.98422 4.74941,
	6.99532 4.73831,
	7.00641 4.74941,
	"/>
<Contour name="d02ax04ssvr" hidden="false" closed="true" simplified="false" border="0 1 0" fill="0 1 0" mode="-11"
 points="7.008 4.79537,
	6.9969 4.78428,
	7.008 4.77318,
	7.01909 4.78428,
	"/>
<Contour name="d02ax04ssvr" hidden="false" closed="true" simplified="false" border="0 1 0" fill="0 1 0" mode="-11"
 points="6.78927 4.77477,
	6.77818 4.76367,
	6.78927 4.75258,
	6.80037 4.76367,
	"/>
<Contour name="d02ax04ssvr" hidden="false" closed="true" simplified="false" border="0 1 0" fill="0 1 0" mode="-11"
 points="6.80829 4.8239,
	6.7972 4.81281,
	6.80829 4.80171,
	6.81939 4.81281,
	"/>
<Contour name="d02ax04ssvr" hidden="false" closed="true" simplified="false" border="0 1 0" fill="0 1 0" mode="-11"
 points="6.82573 4.87145,
	6.81463 4.86035,
	6.82573 4.84926,
	6.83682 4.86035,
	"/>
<Contour name="d02ax04ssvr" hidden="false" closed="true" simplified="false" border="0 1 0" fill="0 1 0" mode="-11"
 points="6.87644 4.87303,
	6.86535 4.86194,
	6.87644 4.85084,
	6.88754 4.86194,
	"/>
<Contour name="d02ax04ssvr" hidden="false" closed="true" simplified="false" border="0 1 0" fill="0 1 0" mode="-11"
 points="6.93667 4.89205,
	6.92558 4.88096,
	6.93667 4.86986,
	6.94777 4.88096,
	"/>
<Contour name="d02ax04ssvr" hidden="false" closed="true" simplified="false" border="0 1 0" fill="0 1 0" mode="-11"
 points="6.89229 4.94119,
	6.8812 4.93009,
	6.89229 4.919,
	6.90339 4.93009,
	"/>
<Contour name="d02ax04ssvr" hidden="false" closed="true" simplified="false" border="0 1 0" fill="0 1 0" mode="-11"
 points="6.85267 4.96338,
	6.84157 4.95228,
	6.85267 4.94119,
	6.86376 4.95228,
	"/>
<Contour name="d02ax04ssvr" hidden="false" closed="true" simplified="false" border="0 1 0" fill="0 1 0" mode="-11"
 points="6.88912 4.99666,
	6.87803 4.98557,
	6.88912 4.97447,
	6.90022 4.98557,
	"/>
<Contour name="d02ax04ssvr" hidden="false" closed="true" simplified="false" border="0 1 0" fill="0 1 0" mode="-11"
 points="6.77184 4.95862,
	6.76074 4.94753,
	6.77184 4.93643,
	6.78293 4.94753,
	"/>
<Contour name="d02ax04ssvr" hidden="false" closed="true" simplified="false" border="0 1 0" fill="0 1 0" mode="-11"
 points="6.73221 4.9079,
	6.72112 4.89681,
	6.73221 4.88571,
	6.74331 4.89681,
	"/>
<Contour name="d02ax04ssvr" hidden="false" closed="true" simplified="false" border="0 1 0" fill="0 1 0" mode="-11"
 points="6.691 4.8873,
	6.67991 4.8762,
	6.691 4.86511,
	6.7021 4.8762,
	"/>
<Contour name="d02ax04ssvr" hidden="false" closed="true" simplified="false" border="0 1 0" fill="0 1 0" mode="-11"
 points="6.65613 4.90949,
	6.64504 4.89839,
	6.65613 4.8873,
	6.66723 4.89839,
	"/>
<Contour name="d02ax04ssvr" hidden="false" closed="true" simplified="false" border="0 1 0" fill="0 1 0" mode="-11"
 points="6.75599 4.87303,
	6.74489 4.86194,
	6.75599 4.85084,
	6.76708 4.86194,
	"/>
<Contour name="d02ax04ssvr" hidden="false" closed="true" simplified="false" border="0 1 0" fill="0 1 0" mode="-11"
 points="7.15064 4.71295,
	7.13955 4.70186,
	7.15064 4.69076,
	7.16174 4.70186,
	"/>
<Contour name="d02ax04ssvr" hidden="false" closed="true" simplified="false" border="0 1 0" fill="0 1 0" mode="-11"
 points="7.18551 4.71612,
	7.17442 4.70503,
	7.18551 4.69393,
	7.19661 4.70503,
	"/>
<Contour name="d02ax04ssvr" hidden="false" closed="true" simplified="false" border="0 1 0" fill="0 1 0" mode="-11"
 points="7.22197 4.72563,
	7.21087 4.71454,
	7.22197 4.70344,
	7.23306 4.71454,
	"/>
<Contour name="d02ax04ssvr" hidden="false" closed="true" simplified="false" border="0 1 0" fill="0 1 0" mode="-11"
 points="7.27744 4.70186,
	7.26635 4.69076,
	7.27744 4.67967,
	7.28854 4.69076,
	"/>
<Contour name="d02ax04ssvr" hidden="false" closed="true" simplified="false" border="0 1 0" fill="0 1 0" mode="-11"
 points="7.3345 4.71771,
	7.32341 4.70661,
	7.3345 4.69552,
	7.3456 4.70661,
	"/>
<Contour name="d02ax04ssvr" hidden="false" closed="true" simplified="false" border="0 1 0" fill="0 1 0" mode="-11"
 points="7.35669 4.66857,
	7.3456 4.65748,
	7.35669 4.64638,
	7.36779 4.65748,
	"/>
<Contour name="d02ax04ssvr" hidden="false" closed="true" simplified="false" border="0 1 0" fill="0 1 0" mode="-11"
 points="7.41217 4.71295,
	7.40107 4.70186,
	7.41217 4.69076,
	7.42326 4.70186,
	"/>
<Contour name="d02ax04ssvr" hidden="false" closed="true" simplified="false" border="0 1 0" fill="0 1 0" mode="-11"
 points="7.44069 4.64163,
	7.4296 4.63053,
	7.44069 4.61944,
	7.45179 4.63053,
	"/>
<Contour name="d02ax04ssvr" hidden="false" closed="true" simplified="false" border="0 1 0" fill="0 1 0" mode="-11"
 points="7.39632 4.66699,
	7.38522 4.65589,
	7.39632 4.6448,
	7.40741 4.65589,
	"/>
<Contour name="d02ax04ssvr" hidden="false" closed="true" simplified="false" border="0 1 0" fill="0 1 0" mode="-11"
 points="7.48983 4.69393,
	7.47873 4.68284,
	7.48983 4.67174,
	7.50092 4.68284,
	"/>
<Contour name="d02ax04ssvr" hidden="false" closed="true" simplified="false" border="0 1 0" fill="0 1 0" mode="-11"
 points="7.45971 4.72088,
	7.44862 4.70978,
	7.45971 4.69869,
	7.47081 4.70978,
	"/>
<Contour name="d02ax04ssvr" hidden="false" closed="true" simplified="false" border="0 1 0" fill="0 1 0" mode="-11"
 points="7.45971 4.76843,
	7.44862 4.75733,
	7.45971 4.74624,
	7.47081 4.75733,
	"/>
<Contour name="d02ax04ssvr" hidden="false" closed="true" simplified="false" border="0 1 0" fill="0 1 0" mode="-11"
 points="7.50568 4.73197,
	7.49458 4.72088,
	7.50568 4.70978,
	7.51677 4.72088,
	"/>
<Contour name="d02ax04ssvr" hidden="false" closed="true" simplified="false" border="0 1 0" fill="0 1 0" mode="-11"
 points="7.55006 4.72246,
	7.53896 4.71137,
	7.55006 4.70027,
	7.56115 4.71137,
	"/>
<Contour name="d02ax04ssvr" hidden="false" closed="true" simplified="false" border="0 1 0" fill="0 1 0" mode="-11"
 points="7.55957 4.75416,
	7.54847 4.74307,
	7.55957 4.73197,
	7.57066 4.74307,
	"/>
<Contour name="d02ax04ssvr" hidden="false" closed="true" simplified="false" border="0 1 0" fill="0 1 0" mode="-11"
 points="7.6404 4.73831,
	7.62931 4.72722,
	7.6404 4.71612,
	7.6515 4.72722,
	"/>
<Contour name="d02ax04ssvr" hidden="false" closed="true" simplified="false" border="0 1 0" fill="0 1 0" mode="-11"
 points="7.69271 4.73831,
	7.68161 4.72722,
	7.69271 4.71612,
	7.7038 4.72722,
	"/>
<Contour name="d02ax04ssvr" hidden="false" closed="true" simplified="false" border="0 1 0" fill="0 1 0" mode="-11"
 points="7.64674 4.69235,
	7.63565 4.68125,
	7.64674 4.67016,
	7.65784 4.68125,
	"/>
<Contour name="d02ax04ssvr" hidden="false" closed="true" simplified="false" border="0 1 0" fill="0 1 0" mode="-11"
 points="7.48032 4.81597,
	7.46922 4.80488,
	7.48032 4.79379,
	7.49141 4.80488,
	"/>
<Contour name="d02ax04ssvr" hidden="false" closed="true" simplified="false" border="0 1 0" fill="0 1 0" mode="-11"
 points="7.71014 4.8033,
	7.69905 4.7922,
	7.71014 4.78111,
	7.72124 4.7922,
	"/>
</Transform>

</Section>