<?xml version="1.0"?>
<!DOCTYPE Section SYSTEM "section.dtd">

<Section index="38" thickness="0.0532092" alignLocked="true">
<Transform dim="6"
 xcoef=" 0.0777645564298544 0.928266916554279 0.0260099874088414 0 0 0"
 ycoef=" -0.219354909942569 0.0360798244585671 1.01161720502394 0 0 0">
<Image mag="0.00223443" contrast="1" brightness="0" red="true" green="true" blue="true"
 src="CVZWG_und.038.tif" />
<Contour name="domain1" hidden="false" closed="true" simplified="false" border="1 0 1" fill="1 0 1" mode="11"
 points="0 0,
	4097 0,
	4097 4097,
	0 4097,
	"/>
</Transform>

<Transform dim="0"
 xcoef=" 0 1 0 0 0 0"
 ycoef=" 0 0 1 0 0 0">
<Contour name="Ax03" hidden="false" closed="true" simplified="true" border="1 0 0.5" fill="1 0 0.5" mode="-11"
 points="5.95541 5.02036,
	5.9835 4.99227,
	5.99955 4.98023,
	6.06376 4.96819,
	6.09587 4.95615,
	6.10389 4.95615,
	6.11192 4.9401,
	6.14403 4.9401,
	6.17613 4.94813,
	6.20021 4.97622,
	6.20422 5.00832,
	6.18817 5.04043,
	6.15606 5.06451,
	6.12396 5.07253,
	6.05975 5.07253,
	6.02765 5.07253,
	5.99554 5.06451,
	5.96344 5.04444,
	5.95541 5.03642,
	5.95541 5.02438,
	"/>
</Transform>

<Transform dim="0"
 xcoef=" 0 1 0 0 0 0"
 ycoef=" 0 0 1 0 0 0">
<Contour name="Ax04" hidden="false" closed="true" simplified="true" border="1 0 0" fill="1 0 0" mode="-11"
 points="9.21122 3.62474,
	9.22367 3.60482,
	9.2635 3.57744,
	9.28342 3.56748,
	9.29338 3.56499,
	9.31329 3.55254,
	9.32325 3.54757,
	9.32823 3.54259,
	9.33819 3.5401,
	9.3581 3.52765,
	9.39047 3.49031,
	9.40043 3.48284,
	9.42034 3.47786,
	9.4303 3.47786,
	9.44026 3.47288,
	9.51992 3.47288,
	9.59959 3.46292,
	9.6195 3.46043,
	9.62946 3.46292,
	9.63693 3.47039,
	9.6444 3.51022,
	9.64191 3.55006,
	9.63444 3.58989,
	9.63195 3.59985,
	9.61453 3.61478,
	9.60457 3.62225,
	9.59959 3.62225,
	9.58963 3.62972,
	9.58465 3.62972,
	9.57967 3.6347,
	9.53984 3.63719,
	9.52988 3.6347,
	9.5249 3.62972,
	9.48507 3.61976,
	9.46515 3.62474,
	9.4552 3.62474,
	9.45022 3.62972,
	9.41038 3.63719,
	9.39047 3.63719,
	9.37055 3.64217,
	9.36557 3.64715,
	9.32574 3.66208,
	9.31578 3.66955,
	9.30582 3.67204,
	9.30085 3.67204,
	9.29587 3.67702,
	9.27595 3.67951,
	9.23612 3.67453,
	9.22616 3.66955,
	9.21371 3.64964,
	9.21122 3.62972,
	9.21122 3.62723,
	"/>
</Transform>

<Transform dim="0"
 xcoef=" 0 1 0 0 0 0"
 ycoef=" 0 0 1 0 0 0">
<Contour name="Ax06" hidden="false" closed="true" simplified="true" border="0 0 1" fill="0 0 1" mode="11"
 points="3.68447 0.564501,
	3.71151 0.5476,
	3.76559 0.530699,
	3.87376 0.513797,
	3.92785 0.503657,
	3.95489 0.503657,
	3.96165 0.503657,
	3.96841 0.510417,
	3.98193 0.513797,
	3.99545 0.527318,
	4.02925 0.578022,
	4.04277 0.584783,
	4.06644 0.608444,
	4.07996 0.618585,
	4.09348 0.645627,
	4.0901 0.672669,
	4.06644 0.696331,
	4.05291 0.703091,
	4.04615 0.703091,
	4.03939 0.709852,
	4.02587 0.713232,
	4.00221 0.736894,
	3.99545 0.790978,
	3.97855 0.814639,
	3.97179 0.8214,
	3.91771 0.82478,
	3.89066 0.82816,
	3.867 0.845061,
	3.85686 0.872103,
	3.8332 0.895765,
	3.77911 0.899145,
	3.75207 0.889005,
	3.71151 0.834921,
	3.70137 0.807879,
	3.70475 0.780837,
	3.70813 0.767316,
	3.69799 0.740274,
	3.69799 0.713232,
	3.70813 0.699711,
	3.73517 0.68957,
	3.74193 0.68957,
	3.74869 0.676049,
	3.74193 0.649007,
	3.69799 0.605064,
	3.68785 0.591543,
	3.68447 0.567881,
	"/>
</Transform>

<Transform dim="0"
 xcoef=" 0 1 0 0 0 0"
 ycoef=" 0 0 1 0 0 0">
<Contour name="d01" hidden="false" closed="true" simplified="true" border="1 0.5 0" fill="1 0.5 0" mode="9"
 points="5.38923 5.26605,
	5.39693 5.24552,
	5.40463 5.23526,
	5.40463 5.23012,
	5.43543 5.18906,
	5.47136 5.1557,
	5.49958 5.11977,
	5.52012 5.10181,
	5.56118 5.07871,
	5.60224 5.06075,
	5.6433 5.04792,
	5.66383 5.04278,
	5.70489 5.04535,
	5.74595 5.05818,
	5.78701 5.07871,
	5.82551 5.10694,
	5.8332 5.12747,
	5.82807 5.148,
	5.82294 5.15827,
	5.83064 5.17623,
	5.85117 5.18906,
	5.86143 5.19419,
	5.8717 5.20446,
	5.8794 5.22499,
	5.88453 5.23526,
	5.88453 5.25579,
	5.8794 5.27632,
	5.87683 5.28658,
	5.86913 5.29685,
	5.86913 5.30198,
	5.85117 5.31994,
	5.84604 5.32508,
	5.8409 5.32508,
	5.83577 5.33021,
	5.83064 5.33021,
	5.82551 5.33534,
	5.78444 5.34817,
	5.76391 5.35587,
	5.75365 5.35587,
	5.71259 5.37384,
	5.69206 5.38153,
	5.68179 5.38923,
	5.59967 5.42003,
	5.55861 5.42516,
	5.51755 5.42516,
	5.49702 5.4226,
	5.48675 5.4226,
	5.46622 5.4149,
	5.44569 5.40207,
	5.42773 5.38153,
	5.40207 5.34304,
	5.3918 5.32251,
	5.38923 5.28145,
	5.38923 5.27118,
	5.38923 5.26862,
	"/>
<Contour name="d01" hidden="false" closed="true" simplified="true" border="1 0.5 0" fill="1 0.5 0" mode="9"
 points="5.08128 4.80155,
	5.08384 4.78102,
	5.09411 4.76049,
	5.11207 4.74253,
	5.12234 4.73483,
	5.14287 4.72713,
	5.18393 4.72713,
	5.19419 4.73483,
	5.20189 4.75536,
	5.21473 4.77332,
	5.22499 4.78615,
	5.24552 4.79129,
	5.28402 4.81695,
	5.32251 4.85031,
	5.32251 4.87084,
	5.31481 4.89137,
	5.28145 4.9273,
	5.25322 4.96836,
	5.23269 4.98376,
	5.22242 4.98632,
	5.20189 5.00172,
	5.18136 5.00942,
	5.1403 5.00685,
	5.11977 4.99659,
	5.11464 4.99146,
	5.10694 4.9504,
	5.09411 4.93243,
	5.08898 4.92217,
	5.09154 4.90164,
	5.09411 4.89137,
	5.08384 4.85031,
	5.08128 4.80925,
	5.08128 4.80412,
	"/>
</Transform>

<Transform dim="0"
 xcoef=" 0 1 0 0 0 0"
 ycoef=" 0 0 1 0 0 0">
<Contour name="d01" hidden="false" closed="true" simplified="true" border="1 0.5 0" fill="1 0.5 0" mode="9"
 points="5.31738 4.60908,
	5.35844 4.58085,
	5.37897 4.57315,
	5.46109 4.56802,
	5.48162 4.56288,
	5.56374 4.51926,
	5.6048 4.50129,
	5.62533 4.49359,
	5.66639 4.48846,
	5.74852 4.48846,
	5.78958 4.49103,
	5.83064 4.48846,
	5.8717 4.49103,
	5.89223 4.48846,
	5.91276 4.48076,
	5.92302 4.47563,
	6.00515 4.47563,
	6.04621 4.47563,
	6.06674 4.47563,
	6.08727 4.48076,
	6.09753 4.48333,
	6.11806 4.49873,
	6.1232 4.50899,
	6.1155 4.52952,
	6.1001 4.55005,
	6.09497 4.56032,
	6.11293 4.60138,
	6.12063 4.64244,
	6.12063 4.66297,
	6.12063 4.67324,
	6.10267 4.7143,
	6.077 4.75536,
	6.06674 4.77589,
	6.0693 4.79642,
	6.07957 4.81695,
	6.1155 4.85801,
	6.12833 4.87597,
	6.14886 4.87854,
	6.18992 4.89137,
	6.23098 4.88881,
	6.27204 4.88111,
	6.3131 4.86314,
	6.33363 4.86058,
	6.37469 4.87341,
	6.38753 4.89394,
	6.39009 4.91447,
	6.38753 4.935,
	6.37469 4.95553,
	6.35416 4.97349,
	6.33363 4.98376,
	6.32337 4.98889,
	6.28231 4.99402,
	6.24125 4.99146,
	6.22328 4.97349,
	6.20275 4.96066,
	6.19249 4.95296,
	6.15143 4.93756,
	6.14116 4.93243,
	6.1001 4.94013,
	6.07957 4.95553,
	6.05904 4.96323,
	6.03851 4.96323,
	5.99745 4.97606,
	5.97692 4.97863,
	5.95639 4.98632,
	5.93586 5.00172,
	5.8948 5.00685,
	5.81267 5.00429,
	5.80241 5.00172,
	5.79728 5.00172,
	5.79214 4.99659,
	5.77161 4.98889,
	5.73055 4.96323,
	5.72029 4.96066,
	5.71772 4.95553,
	5.70746 4.95296,
	5.66639 4.92217,
	5.6279 4.88367,
	5.59454 4.84518,
	5.58427 4.83748,
	5.57401 4.83491,
	5.56888 4.82978,
	5.56374 4.82978,
	5.55861 4.82465,
	5.54834 4.82208,
	5.54321 4.81695,
	5.53295 4.81438,
	5.52781 4.80925,
	5.50728 4.80412,
	5.46622 4.80155,
	5.42516 4.79385,
	5.41233 4.77332,
	5.40976 4.76306,
	5.44826 4.68093,
	5.44569 4.67067,
	5.43543 4.66554,
	5.35331 4.66297,
	5.33278 4.65014,
	5.31994 4.62961,
	5.31738 4.61164,
	"/>
</Transform>

<Transform dim="0"
 xcoef=" 0 1 0 0 0 0"
 ycoef=" 0 0 1 0 0 0">
<Contour name="d01p09" hidden="false" closed="true" simplified="false" border="0 1 0" fill="0 1 0" mode="-9"
 points="5.73619 4.94986,
	5.73619 4.92395,
	5.7621 4.92395,
	5.7621 4.89804,
	5.78801 4.89804,
	5.78801 4.92395,
	5.81392 4.92395,
	5.81392 4.94986,
	5.78801 4.94986,
	5.78801 4.97577,
	5.7621 4.97577,
	5.7621 4.94986,
	"/>
</Transform>

<Transform dim="0"
 xcoef=" 0 1 0 0 0 0"
 ycoef=" 0 0 1 0 0 0">
<Contour name="d01p10" hidden="false" closed="true" simplified="false" border="0 1 1" fill="0 1 1" mode="-9"
 points="5.49976 4.66485,
	5.51272 4.6519,
	5.4609 4.60008,
	5.47385 4.58713,
	5.52567 4.63895,
	5.53863 4.62599,
	5.53863 4.66485,
	"/>
</Transform>

<Transform dim="0"
 xcoef=" 0 1 0 0 0 0"
 ycoef=" 0 0 1 0 0 0">
<Contour name="d01p11" hidden="false" closed="true" simplified="false" border="1 0.5 0" fill="1 0.5 0" mode="-13"
 points="6.11835 4.911,
	6.11835 4.90452,
	6.12483 4.89804,
	6.13131 4.89804,
	6.13778 4.90452,
	6.13778 4.911,
	6.13131 4.91747,
	6.12483 4.91747,
	"/>
</Transform>

<Transform dim="0"
 xcoef=" 0 1 0 0 0 0"
 ycoef=" 0 0 1 0 0 0">
<Contour name="d01c09" hidden="false" closed="true" simplified="true" border="0 1 0" fill="0 1 0" mode="9"
 points="5.51764 5.41777,
	5.52256 5.41122,
	5.52583 5.40795,
	5.55203 5.39976,
	5.57822 5.39648,
	5.58477 5.39648,
	5.59132 5.39321,
	5.59787 5.39321,
	5.62407 5.38339,
	5.65026 5.36865,
	5.66336 5.36538,
	5.67646 5.35883,
	5.68956 5.35555,
	5.69611 5.35392,
	5.70266 5.349,
	5.71576 5.34573,
	5.7223 5.34573,
	5.72885 5.34245,
	5.74195 5.34082,
	5.75505 5.33591,
	5.7616 5.33591,
	5.7878 5.32772,
	5.80089 5.33263,
	5.80581 5.33754,
	5.80581 5.34409,
	5.80581 5.34737,
	5.79434 5.35883,
	5.78125 5.36701,
	5.77797 5.36701,
	5.77142 5.37193,
	5.76487 5.37356,
	5.75341 5.38175,
	5.72722 5.38994,
	5.71412 5.39812,
	5.66172 5.41613,
	5.60933 5.43087,
	5.58314 5.43578,
	5.55694 5.43742,
	5.54384 5.43742,
	5.53074 5.43414,
	5.52419 5.43087,
	5.51764 5.42432,
	5.51764 5.41941,
	"/>
<Contour name="d01cfa09" hidden="false" closed="false" simplified="false" border="0 1 1" fill="0 1 1" mode="-9"
 points="5.8033 5.33586,
	5.7329 5.36206,
	5.6625 5.39153,
	5.57736 5.41281,
	5.51514 5.421,
	"/>
</Transform>

<Transform dim="0"
 xcoef=" 0 1 0 0 0 0"
 ycoef=" 0 0 1 0 0 0">
<Contour name="d03" hidden="false" closed="true" simplified="true" border="1 0 0.5" fill="1 0 0.5" mode="9"
 points="8.8659 4.38159,
	8.87177 4.36985,
	8.91579 4.33757,
	8.92753 4.32877,
	8.97449 4.31116,
	8.98036 4.30529,
	9.00384 4.29649,
	9.02731 4.28181,
	9.03905 4.27594,
	9.04492 4.27594,
	9.05079 4.27007,
	9.09775 4.2642,
	9.10949 4.2642,
	9.12123 4.25833,
	9.14471 4.25833,
	9.16818 4.2642,
	9.17992 4.27007,
	9.22688 4.27594,
	9.23862 4.28181,
	9.24742 4.30529,
	9.24742 4.31116,
	9.26796 4.3229,
	9.27677 4.33464,
	9.27677 4.35812,
	9.2621 4.45203,
	9.25329 4.49898,
	9.24742 4.51072,
	9.24742 4.51659,
	9.24155 4.52246,
	9.24155 4.5342,
	9.23568 4.54594,
	9.23568 4.55768,
	9.22688 4.58116,
	9.21807 4.5929,
	9.1946 4.60463,
	9.18286 4.60757,
	9.17699 4.61344,
	9.13003 4.62224,
	9.08308 4.62224,
	9.07134 4.61931,
	9.06547 4.61344,
	9.0596 4.61344,
	9.03905 4.59583,
	9.00677 4.55181,
	8.99503 4.54007,
	8.96862 4.49605,
	8.94808 4.47844,
	8.93634 4.4667,
	8.88938 4.43735,
	8.87177 4.41388,
	8.8659 4.40214,
	8.8659 4.3904,
	8.8659 4.38453,
	"/>
<Contour name="d03" hidden="false" closed="true" simplified="true" border="1 0 0.5" fill="1 0 0.5" mode="9"
 points="8.74264 4.59877,
	8.75438 4.57529,
	8.76025 4.56355,
	8.76025 4.55181,
	8.75438 4.54007,
	8.75438 4.51659,
	8.75732 4.50485,
	8.80134 4.47844,
	8.81308 4.47551,
	8.81895 4.46964,
	8.83069 4.46964,
	8.84243 4.47551,
	8.84829 4.48138,
	8.89525 4.49898,
	8.92753 4.54301,
	8.9334 4.55474,
	8.93927 4.56061,
	8.93634 4.58409,
	8.92753 4.60757,
	8.91286 4.62811,
	8.90699 4.63398,
	8.90112 4.63398,
	8.87764 4.64866,
	8.83069 4.65159,
	8.78373 4.64866,
	8.77199 4.64866,
	8.76612 4.64866,
	8.75438 4.63985,
	8.74264 4.61637,
	8.74264 4.60463,
	8.74264 4.6017,
	"/>
<Contour name="d03" hidden="false" closed="true" simplified="true" border="1 0 0.5" fill="1 0 0.5" mode="9"
 points="7.60689 4.01475,
	7.63917 3.97073,
	7.64798 3.96192,
	7.65972 3.96192,
	7.6832 3.97073,
	7.69493 3.9766,
	7.74189 3.97073,
	7.78885 3.95899,
	7.80059 3.95605,
	7.82113 3.93551,
	7.83287 3.92671,
	7.87982 3.91203,
	7.89156 3.91203,
	7.93852 3.87975,
	7.95906 3.86214,
	7.96787 3.83866,
	7.96493 3.79171,
	7.93265 3.74475,
	7.92678 3.72127,
	7.92678 3.69779,
	7.92678 3.68606,
	7.93265 3.67432,
	7.92972 3.65084,
	7.91798 3.62736,
	7.92091 3.60388,
	7.93265 3.5804,
	7.95613 3.57747,
	8.00308 3.59508,
	8.02656 3.60095,
	8.0383 3.60388,
	8.05004 3.61269,
	8.07352 3.61856,
	8.08526 3.61856,
	8.09113 3.61562,
	8.10287 3.62149,
	8.13221 3.66845,
	8.14689 3.69193,
	8.14982 3.7154,
	8.14102 3.72714,
	8.12928 3.73301,
	8.1058 3.73595,
	8.09993 3.73888,
	8.1058 3.76236,
	8.15276 3.85627,
	8.16743 3.87388,
	8.25841 3.93551,
	8.29656 3.98247,
	8.31123 4.00301,
	8.32004 4.02649,
	8.37873 4.1116,
	8.41102 4.15855,
	8.42569 4.18203,
	8.41982 4.22899,
	8.43449 4.24953,
	8.45797 4.25833,
	8.46971 4.26127,
	8.48145 4.27007,
	8.49319 4.27301,
	8.49906 4.28475,
	8.50493 4.29062,
	8.51373 4.31409,
	8.51667 4.32583,
	8.5108 4.34931,
	8.51373 4.37279,
	8.52547 4.38159,
	8.57243 4.3904,
	8.59591 4.39333,
	8.61645 4.41388,
	8.61645 4.42561,
	8.61645 4.43148,
	8.59591 4.45203,
	8.57243 4.4667,
	8.52547 4.46377,
	8.50199 4.46083,
	8.49025 4.4579,
	8.46678 4.4667,
	8.41982 4.47257,
	8.39634 4.46964,
	8.37286 4.46083,
	8.32884 4.43442,
	8.32004 4.42561,
	8.29656 4.41975,
	8.27308 4.41975,
	8.22613 4.40507,
	8.20265 4.40507,
	8.15569 4.41975,
	8.14982 4.42561,
	8.14395 4.42561,
	8.13221 4.43735,
	8.08526 4.46377,
	8.06178 4.48138,
	8.05298 4.49018,
	8.00602 4.49898,
	7.95906 4.49018,
	7.93558 4.48138,
	7.91211 4.47844,
	7.88863 4.4667,
	7.87982 4.46083,
	7.84167 4.41681,
	7.79765 4.38159,
	7.78591 4.37572,
	7.76243 4.37279,
	7.75656 4.37279,
	7.74483 4.36105,
	7.73309 4.33757,
	7.73015 4.32583,
	7.72428 4.31996,
	7.72135 4.30822,
	7.70667 4.28475,
	7.66852 4.24659,
	7.65678 4.22312,
	7.65972 4.19964,
	7.66852 4.17616,
	7.68907 4.15562,
	7.7008 4.14975,
	7.70374 4.13801,
	7.70374 4.13214,
	7.692 4.12333,
	7.66852 4.11453,
	7.63037 4.07638,
	7.6157 4.0529,
	7.60689 4.02942,
	7.60689 4.01768,
	"/>
</Transform>

<Transform dim="0"
 xcoef=" 0 1 0 0 0 0"
 ycoef=" 0 0 1 0 0 0">
<Contour name="d03" hidden="false" closed="true" simplified="true" border="1 0 0.5" fill="1 0 0.5" mode="9"
 points="8.18504 5.29137,
	8.2408 5.20039,
	8.26721 5.15343,
	8.28189 5.12996,
	8.28482 5.11822,
	8.29069 5.11235,
	8.29363 5.10061,
	8.30243 5.08887,
	8.32004 5.04191,
	8.34058 5.01844,
	8.36112 5.00083,
	8.3846 5.00083,
	8.43156 5.02137,
	8.45504 5.03017,
	8.47852 5.03311,
	8.52547 5.05072,
	8.54895 5.06539,
	8.54601 5.07126,
	8.59297 5.09474,
	8.60471 5.10354,
	8.62819 5.10941,
	8.65167 5.10648,
	8.6634 5.10061,
	8.68688 5.10354,
	8.69862 5.10941,
	8.70449 5.10941,
	8.72797 5.12996,
	8.75438 5.17691,
	8.76319 5.20039,
	8.76612 5.22387,
	8.76025 5.24735,
	8.75438 5.25909,
	8.74264 5.27082,
	8.73677 5.27669,
	8.7309 5.27669,
	8.71036 5.2943,
	8.6634 5.30311,
	8.63993 5.30311,
	8.61645 5.29724,
	8.60471 5.2943,
	8.59884 5.28843,
	8.55188 5.27082,
	8.52841 5.26496,
	8.48145 5.26496,
	8.43449 5.27963,
	8.34058 5.2943,
	8.29363 5.30898,
	8.28189 5.31191,
	8.27602 5.31778,
	8.26428 5.32072,
	8.25254 5.32952,
	8.22906 5.33832,
	8.20558 5.33539,
	8.19384 5.32952,
	8.18504 5.31778,
	8.18504 5.2943,
	"/>
</Transform>

<Transform dim="0"
 xcoef=" 0 1 0 0 0 0"
 ycoef=" 0 0 1 0 0 0">
<Contour name="d03p05" hidden="false" closed="true" simplified="false" border="1 1 0" fill="1 1 0" mode="-9"
 points="8.46272 4.37819,
	8.46272 4.33123,
	8.41577 4.33123,
	8.41577 4.37232,
	8.4099 4.37819,
	8.4099 4.32536,
	8.46859 4.32536,
	8.46859 4.38406,
	8.4099 4.38406,
	8.41577 4.37819,
	"/>
</Transform>

<Transform dim="0"
 xcoef=" 0 1 0 0 0 0"
 ycoef=" 0 0 1 0 0 0">
<Contour name="d03p06" hidden="false" closed="true" simplified="false" border="0 0 1" fill="0 0 1" mode="-9"
 points="8.04892 3.88515,
	8.02838 3.8646,
	8.04892 3.84406,
	8.06947 3.8646,
	"/>
</Transform>

<Transform dim="0"
 xcoef=" 0 1 0 0 0 0"
 ycoef=" 0 0 1 0 0 0">
<Contour name="d03c05" hidden="false" closed="true" simplified="true" border="0 1 0" fill="0 1 0" mode="9"
 points="9.21103 4.51541,
	9.21875 4.49482,
	9.23162 4.47422,
	9.23677 4.45363,
	9.24192 4.44333,
	9.24192 4.40214,
	9.24449 4.38155,
	9.24707 4.37125,
	9.25737 4.3661,
	9.25994 4.36095,
	9.27024 4.36095,
	9.27539 4.36095,
	9.28053 4.3661,
	9.28311 4.40729,
	9.28053 4.44848,
	9.27281 4.46907,
	9.26766 4.51026,
	9.25222 4.55145,
	9.24707 4.56175,
	9.23677 4.5669,
	9.23162 4.57205,
	9.22132 4.56947,
	9.2136 4.55918,
	9.21103 4.51799,
	"/>
<Contour name="d03cfa05" hidden="false" closed="false" simplified="false" border="0 1 1" fill="0 1 1" mode="-9"
 points="9.22993 4.57435,
	9.24538 4.50742,
	9.26597 4.42246,
	9.27112 4.36583,
	"/>
</Transform>

<Transform dim="0"
 xcoef=" 0 1 0 0 0 0"
 ycoef=" 0 0 1 0 0 0">
<Contour name="d03c07" hidden="false" closed="true" simplified="true" border="0 1 0" fill="0 1 0" mode="9"
 points="8.25337 5.30316,
	8.26367 5.29287,
	8.28426 5.28257,
	8.32545 5.27999,
	8.33575 5.27742,
	8.3409 5.27227,
	8.38209 5.26712,
	8.42328 5.25682,
	8.50566 5.24653,
	8.54684 5.24395,
	8.58803 5.24653,
	8.59833 5.24653,
	8.61635 5.25682,
	8.62665 5.26712,
	8.62408 5.28772,
	8.6215 5.29801,
	8.6112 5.30574,
	8.57001 5.30316,
	8.52882 5.29029,
	8.44645 5.28772,
	8.36407 5.30574,
	8.28169 5.33148,
	8.26109 5.33148,
	8.25337 5.32118,
	8.25337 5.31089,
	8.25337 5.30574,
	"/>
<Contour name="d03cfa07" hidden="false" closed="false" simplified="false" border="0 1 1" fill="0 1 1" mode="-9"
 points="8.62496 5.2926,
	8.54258 5.26943,
	8.44218 5.27972,
	8.34693 5.29774,
	8.25683 5.32349,
	"/>
</Transform>

<Transform dim="0"
 xcoef=" 0 1 0 0 0 0"
 ycoef=" 0 0 1 0 0 0">
<Contour name="d03rh04a1" hidden="false" closed="true" simplified="false" border="1 0 1" fill="1 0 1" mode="-9"
 points="8.78624 4.52446,
	8.78624 4.5177,
	8.79299 4.51095,
	8.79975 4.51095,
	8.8065 4.5177,
	8.8065 4.52446,
	8.79975 4.53121,
	8.79299 4.53121,
	"/>
<Contour name="d03rh04a2" hidden="false" closed="true" simplified="false" border="1 0 1" fill="1 0 1" mode="-9"
 points="8.81156 4.52952,
	8.81156 4.52277,
	8.81831 4.51602,
	8.82507 4.51602,
	8.83182 4.52277,
	8.83182 4.52952,
	8.82507 4.53627,
	8.81831 4.53627,
	"/>
<Contour name="d03rh04a3" hidden="false" closed="true" simplified="false" border="1 0 1" fill="1 0 1" mode="-9"
 points="8.83182 4.55484,
	8.83182 4.54809,
	8.83857 4.54134,
	8.84532 4.54134,
	8.85207 4.54809,
	8.85207 4.55484,
	8.84532 4.56159,
	8.83857 4.56159,
	"/>
<Contour name="d03rh04a4" hidden="false" closed="true" simplified="false" border="1 0 1" fill="1 0 1" mode="-9"
 points="8.84532 4.58522,
	8.84532 4.57847,
	8.85207 4.57172,
	8.85883 4.57172,
	8.86558 4.57847,
	8.86558 4.58522,
	8.85883 4.59198,
	8.85207 4.59198,
	"/>
<Contour name="d03rh04a5" hidden="false" closed="true" simplified="false" border="1 0 1" fill="1 0 1" mode="-9"
 points="8.81156 4.5751,
	8.81156 4.56834,
	8.81831 4.56159,
	8.82507 4.56159,
	8.83182 4.56834,
	8.83182 4.5751,
	8.82507 4.58185,
	8.81831 4.58185,
	"/>
</Transform>

<Transform dim="0"
 xcoef=" 0 1 0 0 0 0"
 ycoef=" 0 0 1 0 0 0">
<Contour name="d04" hidden="false" closed="true" simplified="true" border="1 0 0" fill="1 0 0" mode="9"
 points="4.32695 6.17009,
	4.33434 6.16023,
	4.35405 6.15037,
	4.39348 6.14052,
	4.41319 6.13066,
	4.45261 6.11834,
	4.47233 6.11341,
	4.55118 6.07891,
	4.5906 6.06659,
	4.63003 6.04935,
	4.63988 6.04442,
	4.64481 6.04442,
	4.64974 6.03949,
	4.6867 6.02224,
	4.70642 6.01485,
	4.86412 6.00253,
	4.90354 6.00746,
	4.94297 6.01731,
	4.96268 6.0247,
	4.97254 6.02717,
	4.98239 6.03456,
	5.00211 6.04195,
	5.04153 6.04688,
	5.07849 6.06906,
	5.09821 6.07645,
	5.10806 6.07891,
	5.11299 6.08384,
	5.15242 6.09123,
	5.16227 6.09616,
	5.17952 6.11588,
	5.19184 6.1282,
	5.19677 6.1282,
	5.21648 6.14052,
	5.23619 6.14791,
	5.27562 6.14791,
	5.28548 6.15037,
	5.29041 6.15037,
	5.30765 6.16516,
	5.31751 6.17255,
	5.32983 6.1898,
	5.33722 6.19719,
	5.35694 6.20212,
	5.43579 6.19965,
	5.47521 6.19965,
	5.49492 6.20458,
	5.49985 6.20458,
	5.5171 6.21937,
	5.52449 6.22922,
	5.52942 6.23415,
	5.52942 6.23908,
	5.53435 6.24401,
	5.52696 6.26372,
	5.5171 6.27358,
	5.51217 6.27851,
	5.50725 6.27851,
	5.49985 6.2859,
	5.46043 6.29822,
	5.45057 6.30068,
	5.44564 6.30068,
	5.44071 6.30561,
	5.40129 6.3204,
	5.38158 6.32779,
	5.37172 6.33025,
	5.36679 6.33518,
	5.34708 6.34257,
	5.33722 6.3475,
	5.31997 6.36475,
	5.28055 6.38446,
	5.26084 6.39185,
	5.25591 6.39185,
	5.25098 6.39678,
	5.21155 6.4091,
	5.17213 6.41157,
	5.1327 6.41896,
	5.12285 6.42635,
	5.10313 6.43374,
	5.02428 6.4436,
	4.98486 6.44114,
	4.975 6.43867,
	4.97007 6.43374,
	4.89369 6.40417,
	4.89122 6.4091,
	4.81237 6.41403,
	4.77295 6.41157,
	4.75323 6.40171,
	4.73352 6.38446,
	4.69409 6.36475,
	4.67438 6.35243,
	4.66453 6.34996,
	4.66206 6.34504,
	4.62264 6.33025,
	4.60292 6.32532,
	4.59307 6.3204,
	4.58814 6.3204,
	4.57828 6.313,
	4.56843 6.31054,
	4.55857 6.30315,
	4.54871 6.30068,
	4.529 6.28836,
	4.50929 6.28097,
	4.46986 6.25879,
	4.43044 6.24154,
	4.41072 6.23415,
	4.3713 6.22922,
	4.35159 6.21937,
	4.33434 6.20458,
	4.32695 6.18487,
	4.32695 6.17501,
	4.32695 6.17255,
	"/>
</Transform>

<Transform dim="0"
 xcoef=" 0 1 0 0 0 0"
 ycoef=" 0 0 1 0 0 0">
<Contour name="d04" hidden="false" closed="true" simplified="true" border="1 0 0" fill="1 0 0" mode="9"
 points="6.15037 6.6013,
	6.1553 6.59637,
	6.16023 6.59637,
	6.16516 6.59145,
	6.20458 6.58405,
	6.2243 6.57666,
	6.24401 6.56434,
	6.26372 6.56188,
	6.28343 6.56927,
	6.30315 6.58159,
	6.313 6.58652,
	6.33272 6.58405,
	6.37214 6.5668,
	6.41157 6.55941,
	6.49042 6.55448,
	6.52984 6.5668,
	6.56927 6.58898,
	6.58405 6.60869,
	6.59145 6.62841,
	6.59145 6.64812,
	6.58652 6.66783,
	6.54956 6.69494,
	6.52984 6.70233,
	6.49042 6.70479,
	6.45099 6.6974,
	6.37461 6.66783,
	6.29575 6.64812,
	6.2859 6.64073,
	6.26619 6.63334,
	6.22676 6.63087,
	6.18733 6.63334,
	6.16762 6.63087,
	6.16269 6.63087,
	6.15284 6.62348,
	6.15037 6.60377,
	"/>
</Transform>

<Transform dim="0"
 xcoef=" 0 1 0 0 0 0"
 ycoef=" 0 0 1 0 0 0">
<Contour name="d02" hidden="false" closed="true" simplified="true" border="0.5 0 1" fill="0.5 0 1" mode="9"
 points="7.95381 5.43507,
	7.96713 5.42174,
	8.00267 5.40619,
	8.01156 5.40619,
	8.02044 5.40175,
	8.03821 5.39953,
	8.04709 5.39509,
	8.05598 5.39509,
	8.06486 5.39064,
	8.08263 5.38842,
	8.11817 5.3751,
	8.13594 5.37065,
	8.17148 5.37287,
	8.18036 5.37732,
	8.19147 5.41285,
	8.19813 5.43062,
	8.20035 5.44839,
	8.20479 5.45283,
	8.22478 5.52391,
	8.24477 5.55723,
	8.25366 5.57277,
	8.25588 5.58166,
	8.26032 5.5861,
	8.26699 5.60387,
	8.27143 5.61275,
	8.27143 5.64829,
	8.25588 5.68383,
	8.24477 5.69938,
	8.23811 5.70826,
	8.20257 5.71048,
	8.1848 5.70604,
	8.16703 5.69494,
	8.15815 5.68827,
	8.14927 5.68605,
	8.14038 5.67939,
	8.10484 5.66828,
	8.10262 5.66384,
	8.09374 5.66162,
	8.06264 5.63719,
	8.02933 5.60831,
	8.00045 5.58388,
	7.98046 5.54834,
	7.97158 5.53057,
	7.97158 5.52613,
	7.96491 5.51503,
	7.95381 5.47949,
	7.95381 5.44395,
	7.95381 5.43729,
	"/>
<Contour name="d02" hidden="false" closed="true" simplified="true" border="0.5 0 1" fill="0.5 0 1" mode="9"
 points="6.48121 5.23294,
	6.48565 5.2285,
	6.49009 5.21073,
	6.49676 5.20185,
	6.5012 5.19741,
	6.5012 5.19296,
	6.51675 5.17742,
	6.52341 5.15965,
	6.52341 5.1552,
	6.54118 5.1441,
	6.55006 5.13744,
	6.5856 5.13521,
	6.62114 5.12855,
	6.63669 5.11745,
	6.64779 5.09968,
	6.66556 5.08857,
	6.68333 5.08413,
	6.69222 5.07969,
	6.7011 5.07969,
	6.71887 5.07302,
	6.72775 5.07302,
	6.73664 5.06858,
	6.80771 5.06858,
	6.84325 5.0708,
	6.86102 5.07302,
	6.87879 5.07969,
	6.91433 5.08413,
	7.05648 5.08413,
	7.09202 5.08635,
	7.12755 5.07969,
	7.16309 5.06858,
	7.19863 5.06414,
	7.2164 5.06192,
	7.22528 5.05748,
	7.22973 5.05748,
	7.23195 5.05303,
	7.24083 5.05081,
	7.25194 5.03526,
	7.2586 5.0175,
	7.25194 5.01083,
	7.23417 5.00639,
	7.2164 4.99751,
	7.20085 4.98196,
	7.19197 4.96419,
	7.18752 4.9553,
	7.18752 4.93754,
	7.18974 4.92865,
	7.20751 4.91755,
	7.22528 4.91088,
	7.22973 4.91088,
	7.23417 4.90644,
	7.25194 4.90422,
	7.25638 4.89978,
	7.29192 4.90422,
	7.30969 4.90866,
	7.31857 4.9131,
	7.35411 4.91088,
	7.37188 4.90644,
	7.40741 4.91088,
	7.42518 4.91532,
	7.44295 4.91532,
	7.47849 4.92643,
	7.51403 4.92865,
	7.5318 4.93309,
	7.56733 4.93309,
	7.5851 4.93087,
	7.59399 4.92643,
	7.59843 4.92643,
	7.60287 4.92199,
	7.62064 4.92199,
	7.62953 4.92421,
	7.66284 4.94864,
	7.69838 4.95308,
	7.71615 4.95975,
	7.73392 4.97085,
	7.75613 5.00417,
	7.76279 5.02194,
	7.76501 5.03971,
	7.76946 5.04415,
	7.7739 5.04415,
	7.77612 5.04859,
	7.81166 5.06414,
	7.8272 5.08191,
	7.83831 5.09746,
	7.85386 5.10856,
	7.85164 5.12633,
	7.84942 5.13521,
	7.79833 5.19741,
	7.76501 5.2285,
	7.76501 5.23294,
	7.75169 5.24849,
	7.74724 5.25738,
	7.74947 5.29291,
	7.74947 5.31068,
	7.74724 5.31957,
	7.73392 5.33512,
	7.7006 5.35511,
	7.68505 5.36399,
	7.68283 5.36843,
	7.67839 5.36843,
	7.66951 5.3751,
	7.66062 5.37732,
	7.65174 5.38398,
	7.64285 5.3862,
	7.63397 5.39286,
	7.62953 5.39286,
	7.62064 5.39953,
	7.54957 5.39731,
	7.5318 5.39286,
	7.51403 5.39286,
	7.44295 5.41285,
	7.43407 5.41508,
	7.42963 5.41952,
	7.42074 5.42174,
	7.4163 5.42618,
	7.40741 5.4284,
	7.39853 5.43507,
	7.38965 5.43729,
	7.37632 5.44839,
	7.34078 5.46172,
	7.33634 5.46616,
	7.3319 5.46616,
	7.31413 5.47727,
	7.30969 5.48171,
	7.27415 5.48837,
	7.23861 5.48615,
	7.20307 5.47949,
	7.06092 5.47727,
	6.98984 5.47505,
	6.97208 5.47505,
	6.93654 5.48393,
	6.86546 5.48615,
	6.82992 5.48393,
	6.81216 5.47727,
	6.77662 5.47282,
	6.74108 5.47282,
	6.70554 5.46838,
	6.68777 5.46172,
	6.68333 5.46172,
	6.66778 5.44839,
	6.6589 5.43951,
	6.65668 5.43062,
	6.65224 5.42618,
	6.65001 5.4173,
	6.64335 5.40841,
	6.63669 5.39064,
	6.63447 5.37287,
	6.63447 5.36399,
	6.62336 5.34622,
	6.61892 5.34178,
	6.61892 5.33734,
	6.61448 5.33512,
	6.61448 5.33067,
	6.61003 5.32623,
	6.61003 5.32179,
	6.60559 5.31735,
	6.60559 5.3129,
	6.59671 5.30624,
	6.59227 5.30624,
	6.58338 5.29958,
	6.54784 5.28847,
	6.5434 5.28847,
	6.53896 5.28403,
	6.50342 5.27514,
	6.49454 5.27292,
	6.48565 5.26626,
	6.48121 5.26404,
	6.48121 5.24627,
	6.48121 5.23739,
	6.48121 5.23516,
	"/>
</Transform>

<Transform dim="0"
 xcoef=" 0 1 0 0 0 0"
 ycoef=" 0 0 1 0 0 0">
<Contour name="d02p06" hidden="false" closed="true" simplified="false" border="0 0 1" fill="0 0 1" mode="-9"
 points="7.69079 5.30556,
	7.67268 5.28745,
	7.69079 5.26934,
	7.7089 5.28745,
	"/>
</Transform>

<Transform dim="0"
 xcoef=" 0 1 0 0 0 0"
 ycoef=" 0 0 1 0 0 0">
<Contour name="d02rs01a1" hidden="false" closed="true" simplified="false" border="1 0 1" fill="1 0 1" mode="-9"
 points="7.42964 5.36412,
	7.42964 5.35738,
	7.43638 5.35064,
	7.44312 5.35064,
	7.44986 5.35738,
	7.44986 5.36412,
	7.44312 5.37086,
	7.43638 5.37086,
	"/>
<Contour name="d02rs01a2" hidden="false" closed="true" simplified="false" border="1 0 1" fill="1 0 1" mode="-9"
 points="7.45155 5.34896,
	7.45155 5.34222,
	7.45828 5.33548,
	7.46502 5.33548,
	7.47176 5.34222,
	7.47176 5.34896,
	7.46502 5.35569,
	7.45828 5.35569,
	"/>
<Contour name="d02rs01a3" hidden="false" closed="true" simplified="false" border="1 0 1" fill="1 0 1" mode="-9"
 points="7.48524 5.34896,
	7.48524 5.34222,
	7.49198 5.33548,
	7.49872 5.33548,
	7.50546 5.34222,
	7.50546 5.34896,
	7.49872 5.35569,
	7.49198 5.35569,
	"/>
<Contour name="d02rs01a4" hidden="false" closed="true" simplified="false" border="1 0 1" fill="1 0 1" mode="-9"
 points="7.48187 5.37591,
	7.48187 5.36917,
	7.48861 5.36243,
	7.49535 5.36243,
	7.50209 5.36917,
	7.50209 5.37591,
	7.49535 5.38265,
	7.48861 5.38265,
	"/>
<Contour name="d02rs01a5" hidden="false" closed="true" simplified="false" border="1 0 1" fill="1 0 1" mode="-9"
 points="7.4566 5.37928,
	7.4566 5.37254,
	7.46334 5.3658,
	7.47008 5.3658,
	7.47682 5.37254,
	7.47682 5.37928,
	7.47008 5.38602,
	7.46334 5.38602,
	"/>
</Transform>

<Transform dim="0"
 xcoef=" 0 1 0 0 0 0"
 ycoef=" 0 0 1 0 0 0">
<Contour name="d01ax13" hidden="false" closed="true" simplified="true" border="0 1 1" fill="0 1 1" mode="-11"
 points="4.10848 5.23803,
	4.11664 5.21191,
	4.12807 5.20049,
	4.15419 5.19233,
	4.1803 5.18906,
	4.23254 5.17111,
	4.25865 5.16947,
	4.28477 5.17764,
	4.29783 5.1858,
	4.30436 5.19069,
	4.30762 5.19069,
	4.32068 5.20049,
	4.33374 5.20538,
	4.3468 5.20538,
	4.35986 5.20865,
	4.41209 5.20865,
	4.42515 5.20865,
	4.43821 5.21355,
	4.44474 5.21681,
	4.45616 5.22824,
	4.5084 5.24293,
	4.52145 5.25109,
	4.53451 5.25599,
	4.58675 5.25925,
	4.61286 5.26741,
	4.6651 5.27721,
	4.71733 5.29353,
	4.73039 5.29843,
	4.73365 5.29843,
	4.74671 5.30822,
	4.75977 5.31312,
	4.7663 5.31475,
	4.79241 5.33107,
	4.81363 5.35556,
	4.82016 5.36698,
	4.82016 5.38004,
	4.812 5.3931,
	4.80874 5.39963,
	4.78262 5.41432,
	4.7565 5.41922,
	4.70427 5.41922,
	4.67815 5.42085,
	4.67162 5.42085,
	4.65857 5.42574,
	4.64551 5.42574,
	4.61939 5.43391,
	4.59327 5.4388,
	4.56716 5.4388,
	4.5541 5.4388,
	4.54104 5.43554,
	4.51492 5.41922,
	4.48881 5.40779,
	4.47575 5.40126,
	4.42352 5.38494,
	4.41046 5.38004,
	4.38434 5.37514,
	4.37128 5.37188,
	4.36475 5.37188,
	4.31252 5.35229,
	4.2864 5.3376,
	4.28314 5.3376,
	4.27661 5.3327,
	4.22438 5.32128,
	4.17214 5.31312,
	4.15908 5.30985,
	4.15256 5.30659,
	4.14929 5.30659,
	4.13623 5.29679,
	4.12644 5.287,
	4.11501 5.27394,
	4.10848 5.26088,
	4.10848 5.24782,
	4.10848 5.2413,
	4.10848 5.23966,
	"/>
</Transform>

<Transform dim="0"
 xcoef=" 0 1 0 0 0 0"
 ycoef=" 0 0 1 0 0 0">
<Contour name="d01ax14" hidden="false" closed="true" simplified="true" border="0 1 1" fill="0 1 1" mode="-11"
 points="4.1929 5.40922,
	4.19579 5.40345,
	4.19579 5.40056,
	4.20733 5.39191,
	4.23042 5.38613,
	4.2535 5.38469,
	4.34584 5.38613,
	4.39201 5.38902,
	4.40356 5.39046,
	4.44973 5.40778,
	4.46127 5.4121,
	4.46704 5.41643,
	4.47137 5.42798,
	4.47137 5.43086,
	4.47859 5.4424,
	4.48291 5.45395,
	4.4858 5.45972,
	4.48436 5.4828,
	4.47714 5.50589,
	4.4656 5.51743,
	4.45406 5.52465,
	4.44829 5.52898,
	4.4454 5.53186,
	4.44251 5.53186,
	4.42087 5.54485,
	4.40933 5.55062,
	4.40644 5.55062,
	4.40356 5.5535,
	4.35739 5.56649,
	4.3343 5.57082,
	4.28813 5.57082,
	4.26504 5.57226,
	4.24196 5.57082,
	4.23042 5.56649,
	4.21887 5.55783,
	4.21022 5.54773,
	4.20589 5.53619,
	4.20445 5.52465,
	4.20589 5.5131,
	4.20733 5.50733,
	4.21022 5.50445,
	4.21599 5.48136,
	4.21743 5.45828,
	4.21599 5.44673,
	4.21166 5.43663,
	4.20012 5.42942,
	4.19435 5.42509,
	4.1929 5.41355,
	4.1929 5.41066,
	"/>
</Transform>

<Transform dim="0"
 xcoef=" 0 1 0 0 0 0"
 ycoef=" 0 0 1 0 0 0">
<Contour name="d01ax06" hidden="false" closed="true" simplified="true" border="0 1 1" fill="0 1 1" mode="-11"
 points="7.60122 3.13442,
	7.60516 3.1187,
	7.60712 3.11084,
	7.60712 3.10691,
	7.62284 3.09512,
	7.65428 3.09316,
	7.67001 3.10298,
	7.68376 3.1187,
	7.69948 3.15015,
	7.70931 3.16587,
	7.73682 3.19534,
	7.74272 3.2032,
	7.8056 3.22875,
	7.81346 3.23072,
	7.84294 3.26019,
	7.84687 3.27592,
	7.84687 3.28378,
	7.85277 3.2995,
	7.88421 3.32897,
	7.91565 3.35256,
	7.93137 3.36238,
	7.94316 3.3781,
	7.95102 3.39383,
	7.9805 3.4233,
	7.99622 3.43509,
	8.01194 3.44295,
	8.02766 3.44492,
	8.05911 3.45671,
	8.09055 3.48619,
	8.1161 3.51763,
	8.13182 3.52942,
	8.13378 3.53139,
	8.12985 3.53335,
	8.13575 3.54907,
	8.1554 3.58051,
	8.16719 3.59427,
	8.18291 3.59624,
	8.21435 3.59427,
	8.23008 3.59427,
	8.29296 3.60803,
	8.30868 3.61392,
	8.37157 3.61982,
	8.43445 3.62964,
	8.49734 3.62375,
	8.52878 3.61982,
	8.65455 3.61982,
	8.68599 3.61982,
	8.70171 3.62178,
	8.71743 3.63357,
	8.74298 3.66502,
	8.75477 3.68074,
	8.77049 3.69253,
	8.83338 3.72594,
	8.86482 3.73969,
	8.88054 3.74559,
	8.89233 3.75934,
	8.89823 3.77507,
	8.90019 3.79079,
	8.89233 3.85367,
	8.8943 3.88511,
	8.89233 3.91656,
	8.89626 3.948,
	8.89626 3.97944,
	8.91002 4.04233,
	8.91788 4.07377,
	8.92181 4.13665,
	8.91984 4.1681,
	8.90609 4.23098,
	8.90216 4.26242,
	8.90019 4.27815,
	8.89037 4.30959,
	8.88447 4.32531,
	8.88054 4.33317,
	8.85499 4.36461,
	8.8432 4.38033,
	8.82945 4.41178,
	8.82748 4.4275,
	8.82748 4.43536,
	8.81569 4.45108,
	8.78425 4.4668,
	8.76853 4.47663,
	8.74888 4.50807,
	8.74691 4.51593,
	8.75084 4.54737,
	8.74888 4.56309,
	8.73905 4.59454,
	8.74298 4.62598,
	8.75674 4.65742,
	8.77246 4.66921,
	8.83534 4.69476,
	8.86679 4.71048,
	8.88251 4.72424,
	8.89823 4.73406,
	8.92967 4.73996,
	8.96111 4.75371,
	8.97683 4.76354,
	8.99256 4.7773,
	8.99256 4.78516,
	9.00042 4.80088,
	9.00631 4.83232,
	9.01024 4.8952,
	9.00828 4.95809,
	9.00631 4.98953,
	8.99845 5.02097,
	8.99256 5.0367,
	8.96111 5.05438,
	8.92967 5.06814,
	8.91395 5.07403,
	8.85106 5.07993,
	8.83534 5.08189,
	8.8039 5.09369,
	8.77246 5.11137,
	8.74102 5.1212,
	8.72529 5.12513,
	8.66241 5.12513,
	8.64669 5.12513,
	8.63883 5.12513,
	8.62311 5.11727,
	8.56022 5.05831,
	8.55236 5.05045,
	8.53664 5.04259,
	8.5052 5.03277,
	8.44231 5.0249,
	8.41087 5.00722,
	8.39515 4.99739,
	8.37157 4.96595,
	8.35978 4.93451,
	8.35191 4.91879,
	8.34602 4.8559,
	8.34405 4.84018,
	8.34209 4.83232,
	8.34602 4.82446,
	8.33619 4.80874,
	8.33423 4.80088,
	8.34995 4.76943,
	8.35781 4.75371,
	8.37157 4.73799,
	8.3755 4.73406,
	8.37943 4.70262,
	8.37353 4.63973,
	8.37746 4.60829,
	8.37943 4.59257,
	8.40497 4.56113,
	8.4207 4.54737,
	8.45214 4.53165,
	8.51502 4.51593,
	8.53074 4.50807,
	8.5386 4.50414,
	8.55433 4.48842,
	8.57791 4.45697,
	8.59166 4.44125,
	8.5897 4.42553,
	8.58773 4.41767,
	8.57594 4.40195,
	8.57005 4.39409,
	8.5386 4.3764,
	8.52878 4.36068,
	8.52288 4.32924,
	8.52288 4.31352,
	8.50913 4.28208,
	8.47965 4.25653,
	8.46589 4.24474,
	8.45803 4.24081,
	8.45017 4.22509,
	8.44624 4.19364,
	8.44428 4.17792,
	8.44428 4.17006,
	8.4148 4.14451,
	8.40104 4.12879,
	8.39318 4.12093,
	8.35585 4.05805,
	8.34012 4.04822,
	8.3244 4.0325,
	8.31261 4.00106,
	8.30672 3.98534,
	8.2458 3.94014,
	8.21435 3.92638,
	8.19863 3.91852,
	8.16916 3.89297,
	8.16326 3.87725,
	8.15343 3.86153,
	8.14557 3.83009,
	8.13771 3.81437,
	8.13575 3.80651,
	8.12199 3.79079,
	8.11413 3.78293,
	8.10037 3.72004,
	8.09644 3.6886,
	8.09448 3.68074,
	8.08072 3.66502,
	8.07286 3.65912,
	8.05714 3.65323,
	8.04142 3.6434,
	8.00998 3.63161,
	7.97854 3.60999,
	7.94906 3.58051,
	7.94513 3.57658,
	7.94513 3.56872,
	7.88224 3.5078,
	7.86259 3.47636,
	7.83704 3.44492,
	7.81739 3.41348,
	7.79185 3.38203,
	7.7604 3.35059,
	7.74665 3.33487,
	7.7152 3.31325,
	7.69948 3.30343,
	7.67001 3.27199,
	7.66214 3.25626,
	7.63463 3.22679,
	7.60122 3.1639,
	7.60122 3.14818,
	7.60122 3.14032,
	7.60122 3.13639,
	"/>
</Transform>

<Transform dim="0"
 xcoef=" 0 1 0 0 0 0"
 ycoef=" 0 0 1 0 0 0">
<Contour name="d03ax07" hidden="false" closed="true" simplified="true" border="0 1 1" fill="0 1 1" mode="-11"
 points="8.14573 5.99376,
	8.14806 5.98443,
	8.1644 5.96809,
	8.17607 5.94942,
	8.17607 5.91207,
	8.18074 5.8934,
	8.19941 5.85606,
	8.20175 5.83738,
	8.19241 5.76269,
	8.19474 5.74402,
	8.20175 5.72535,
	8.20641 5.72068,
	8.21342 5.70201,
	8.22975 5.68334,
	8.26476 5.653,
	8.27877 5.63666,
	8.28577 5.61799,
	8.2811 5.58064,
	8.2671 5.5643,
	8.22975 5.53163,
	8.21575 5.51295,
	8.20875 5.50362,
	8.20641 5.48495,
	8.21342 5.41026,
	8.21808 5.40092,
	8.21808 5.39625,
	8.22509 5.38692,
	8.22742 5.37758,
	8.2601 5.34257,
	8.29744 5.32157,
	8.30678 5.31923,
	8.31611 5.31223,
	8.3908 5.29122,
	8.40947 5.28655,
	8.55885 5.29122,
	8.59619 5.29589,
	8.67088 5.31923,
	8.68956 5.33557,
	8.70123 5.35424,
	8.70823 5.37291,
	8.7129 5.41026,
	8.72923 5.4476,
	8.74324 5.46627,
	8.75024 5.47561,
	8.74791 5.49428,
	8.74557 5.50362,
	8.7409 5.50829,
	8.72223 5.51295,
	8.7129 5.51996,
	8.70823 5.53863,
	8.70589 5.54796,
	8.68956 5.56197,
	8.65221 5.5643,
	8.63354 5.55964,
	8.61487 5.55964,
	8.59619 5.57131,
	8.56585 5.60632,
	8.55652 5.62499,
	8.54951 5.63432,
	8.54251 5.67167,
	8.54251 5.69034,
	8.55185 5.72768,
	8.58686 5.80237,
	8.59853 5.82105,
	8.59853 5.82571,
	8.60786 5.83505,
	8.62654 5.87239,
	8.63121 5.88173,
	8.63354 5.9004,
	8.63354 5.90974,
	8.66622 5.98443,
	8.67088 6.0031,
	8.67088 6.02177,
	8.66855 6.03111,
	8.63587 6.06145,
	8.6242 6.08012,
	8.61953 6.09879,
	8.6102 6.11747,
	8.59153 6.1338,
	8.58219 6.14081,
	8.54485 6.15248,
	8.5075 6.15948,
	8.48883 6.16881,
	8.45149 6.17582,
	8.41414 6.17815,
	8.33945 6.17115,
	8.30211 6.15948,
	8.28344 6.15481,
	8.24609 6.1338,
	8.24142 6.1338,
	8.22275 6.1198,
	8.21108 6.10346,
	8.17607 6.06845,
	8.16207 6.05211,
	8.14573 6.01477,
	8.14573 5.9961,
	"/>
</Transform>

<Transform dim="0"
 xcoef=" 0 1 0 0 0 0"
 ycoef=" 0 0 1 0 0 0">
<Contour name="d04ax10" hidden="false" closed="true" simplified="true" border="0 1 1" fill="0 1 1" mode="-11"
 points="2.44134 4.89545,
	2.44681 4.88086,
	2.45593 4.86628,
	2.4614 4.86081,
	2.46869 4.85899,
	2.49604 4.83528,
	2.52521 4.81705,
	2.55439 4.81523,
	2.56897 4.81705,
	2.57627 4.82252,
	2.60544 4.83164,
	2.62002 4.83164,
	2.62732 4.83164,
	2.6419 4.84075,
	2.64737 4.85534,
	2.64737 4.86993,
	2.64737 4.87722,
	2.66196 4.8918,
	2.6729 4.90092,
	2.6966 4.92827,
	2.75494 4.96656,
	2.78412 4.98297,
	2.7987 4.99026,
	2.85705 5.00667,
	2.88622 5.01579,
	2.91539 5.02855,
	2.94456 5.04678,
	2.97191 5.07595,
	2.98103 5.09054,
	2.99379 5.10513,
	2.99744 5.11242,
	3.02661 5.13794,
	3.05031 5.16347,
	3.0649 5.17259,
	3.07219 5.17806,
	3.10136 5.189,
	3.15971 5.20358,
	3.21805 5.22728,
	3.24722 5.24552,
	3.26181 5.25281,
	3.26546 5.25281,
	3.2691 5.25646,
	3.27275 5.25646,
	3.30192 5.27469,
	3.31651 5.28563,
	3.32927 5.30021,
	3.35844 5.31845,
	3.38762 5.32756,
	3.4022 5.32939,
	3.46055 5.32209,
	3.57723 5.33121,
	3.60641 5.33486,
	3.63558 5.34215,
	3.69392 5.36403,
	3.7231 5.38044,
	3.78144 5.41873,
	3.83978 5.44972,
	3.85437 5.45519,
	3.86896 5.46431,
	3.88354 5.46978,
	3.91271 5.48801,
	3.94006 5.51536,
	3.98017 5.57188,
	4.00752 5.60105,
	4.0367 5.62111,
	4.05128 5.6284,
	4.08045 5.63569,
	4.09504 5.63934,
	4.10963 5.63934,
	4.1388 5.64481,
	4.15338 5.64846,
	4.18256 5.66487,
	4.18985 5.66851,
	4.21538 5.69404,
	4.22996 5.7068,
	4.23725 5.72139,
	4.2409 5.72868,
	4.23908 5.75785,
	4.23361 5.78702,
	4.21902 5.80161,
	4.21173 5.80708,
	4.20808 5.81073,
	4.17891 5.82167,
	4.12057 5.83808,
	4.09139 5.84355,
	4.07681 5.84902,
	4.04764 5.84719,
	3.98929 5.83443,
	3.93095 5.81437,
	3.90177 5.80161,
	3.88719 5.79432,
	3.82884 5.75603,
	3.81426 5.74874,
	3.81061 5.74874,
	3.80697 5.74509,
	3.74862 5.71956,
	3.71945 5.70862,
	3.70486 5.70315,
	3.64652 5.69404,
	3.61735 5.68675,
	3.58817 5.67581,
	3.559 5.66122,
	3.55171 5.65757,
	3.54806 5.65393,
	3.54442 5.65393,
	3.54077 5.65028,
	3.52618 5.64663,
	3.51889 5.64481,
	3.51524 5.64116,
	3.50066 5.63569,
	3.44414 5.59741,
	3.42955 5.58464,
	3.42226 5.57735,
	3.41861 5.57188,
	3.39309 5.54453,
	3.36391 5.51901,
	3.30557 5.48072,
	3.24722 5.44972,
	3.18888 5.42967,
	3.15971 5.42055,
	3.13054 5.40779,
	3.11595 5.40049,
	3.08678 5.37861,
	3.07219 5.36767,
	3.05761 5.35309,
	3.03755 5.32392,
	3.0339 5.30933,
	3.03208 5.30204,
	3.00655 5.27651,
	2.99197 5.2674,
	2.98468 5.26193,
	2.98103 5.25828,
	2.97738 5.25828,
	2.97009 5.25281,
	2.94092 5.24552,
	2.88257 5.24005,
	2.8534 5.23822,
	2.82423 5.22911,
	2.80964 5.22181,
	2.80235 5.21817,
	2.77682 5.19447,
	2.74765 5.17076,
	2.71848 5.15435,
	2.68931 5.14341,
	2.66014 5.127,
	2.63279 5.09783,
	2.6182 5.08325,
	2.58903 5.06501,
	2.57444 5.05043,
	2.5635 5.03584,
	2.53615 5.00667,
	2.47781 4.96473,
	2.46505 4.95379,
	2.45228 4.93921,
	2.44317 4.92462,
	2.44134 4.89727,
	"/>
</Transform>

<Transform dim="0"
 xcoef=" 0 1 0 0 0 0"
 ycoef=" 0 0 1 0 0 0">
<Contour name="d01ax06ssrv" hidden="false" closed="true" simplified="false" border="0 1 0" fill="0 1 0" mode="-11"
 points="8.61544 4.68185,
	8.60352 4.66993,
	8.61544 4.65802,
	8.62735 4.66993,
	"/>
<Contour name="d01ax06ssrv" hidden="false" closed="true" simplified="false" border="0 1 0" fill="0 1 0" mode="-11"
 points="8.61714 4.75335,
	8.60522 4.74143,
	8.61714 4.72952,
	8.62906 4.74143,
	"/>
<Contour name="d01ax06ssrv" hidden="false" closed="true" simplified="false" border="0 1 0" fill="0 1 0" mode="-11"
 points="8.72609 4.77037,
	8.71417 4.75846,
	8.72609 4.74654,
	8.73801 4.75846,
	"/>
<Contour name="d01ax06ssrv" hidden="false" closed="true" simplified="false" border="0 1 0" fill="0 1 0" mode="-11"
 points="8.75333 4.72781,
	8.74141 4.7159,
	8.75333 4.70398,
	8.76525 4.7159,
	"/>
<Contour name="d01ax06ssrv" hidden="false" closed="true" simplified="false" border="0 1 0" fill="0 1 0" mode="-11"
 points="8.78567 4.76016,
	8.77376 4.74824,
	8.78567 4.73633,
	8.79759 4.74824,
	"/>
<Contour name="d01ax06ssrv" hidden="false" closed="true" simplified="false" border="0 1 0" fill="0 1 0" mode="-11"
 points="8.82313 4.80272,
	8.81121 4.7908,
	8.82313 4.77889,
	8.83504 4.7908,
	"/>
<Contour name="d01ax06ssrv" hidden="false" closed="true" simplified="false" border="0 1 0" fill="0 1 0" mode="-11"
 points="8.8759 4.77718,
	8.86398 4.76527,
	8.8759 4.75335,
	8.88782 4.76527,
	"/>
<Contour name="d01ax06ssrv" hidden="false" closed="true" simplified="false" border="0 1 0" fill="0 1 0" mode="-11"
 points="8.81632 4.85209,
	8.8044 4.84017,
	8.81632 4.82825,
	8.82823 4.84017,
	"/>
<Contour name="d01ax06ssrv" hidden="false" closed="true" simplified="false" border="0 1 0" fill="0 1 0" mode="-11"
 points="8.74482 4.86571,
	8.7329 4.85379,
	8.74482 4.84187,
	8.75673 4.85379,
	"/>
<Contour name="d01ax06ssrv" hidden="false" closed="true" simplified="false" border="0 1 0" fill="0 1 0" mode="-11"
 points="8.75503 4.81634,
	8.74311 4.80442,
	8.75503 4.7925,
	8.76695 4.80442,
	"/>
<Contour name="d01ax06ssrv" hidden="false" closed="true" simplified="false" border="0 1 0" fill="0 1 0" mode="-11"
 points="8.77376 4.9338,
	8.76184 4.92188,
	8.77376 4.90997,
	8.78567 4.92188,
	"/>
<Contour name="d01ax06ssrv" hidden="false" closed="true" simplified="false" border="0 1 0" fill="0 1 0" mode="-11"
 points="8.81972 4.96955,
	8.8078 4.95763,
	8.81972 4.94572,
	8.83164 4.95763,
	"/>
<Contour name="d01ax06ssrv" hidden="false" closed="true" simplified="false" border="0 1 0" fill="0 1 0" mode="-11"
 points="8.80951 5.00871,
	8.79759 4.99679,
	8.80951 4.98487,
	8.82142 4.99679,
	"/>
<Contour name="d01ax06ssrv" hidden="false" closed="true" simplified="false" border="0 1 0" fill="0 1 0" mode="-11"
 points="8.81461 5.05127,
	8.8027 5.03935,
	8.81461 5.02743,
	8.82653 5.03935,
	"/>
<Contour name="d01ax06ssrv" hidden="false" closed="true" simplified="false" border="0 1 0" fill="0 1 0" mode="-11"
 points="8.76014 5.04275,
	8.74822 5.03084,
	8.76014 5.01892,
	8.77205 5.03084,
	"/>
<Contour name="d01ax06ssrv" hidden="false" closed="true" simplified="false" border="0 1 0" fill="0 1 0" mode="-11"
 points="8.4435 4.88273,
	8.43158 4.87081,
	8.4435 4.8589,
	8.45541 4.87081,
	"/>
</Transform>

<Transform dim="0"
 xcoef=" 0 1 0 0 0 0"
 ycoef=" 0 0 1 0 0 0">
<Contour name="d03ax07ssvd" hidden="false" closed="true" simplified="false" border="1 0.502 0" fill="1 0.502 0" mode="-11"
 points="8.51583 5.32012,
	8.50493 5.30922,
	8.51583 5.29832,
	8.52673 5.30922,
	"/>
<Contour name="d03ax07ssvd" hidden="false" closed="true" simplified="false" border="1 0.502 0" fill="1 0.502 0" mode="-11"
 points="8.43798 5.33414,
	8.42708 5.32324,
	8.43798 5.31234,
	8.44888 5.32324,
	"/>
<Contour name="d03ax07ssvr" hidden="false" closed="true" simplified="false" border="0 1 0" fill="0 1 0" mode="-11"
 points="8.46912 5.38708,
	8.45822 5.37618,
	8.46912 5.36528,
	8.48002 5.37618,
	"/>
<Contour name="d03ax07ssvr" hidden="false" closed="true" simplified="false" border="0 1 0" fill="0 1 0" mode="-11"
 points="8.55476 5.36995,
	8.54386 5.35905,
	8.55476 5.34815,
	8.56566 5.35905,
	"/>
</Transform>

</Section>