<?xml version="1.0"?>
<!DOCTYPE Section SYSTEM "section.dtd">

<Section index="211" thickness="0.046483" alignLocked="true">
<Transform dim="6"
 xcoef=" -0.0148986433536944 0.939350551703236 0.0147461341654333 0 0 0"
 ycoef=" 0.10642791676951 0.0347797682257061 1.02545167901191 0 0 0">
<Image mag="0.00217927" contrast="1" brightness="0" red="true" green="true" blue="true"
 src="LKJKD_und.211.jpg" />
<Contour name="domain1" hidden="false" closed="true" simplified="false" border="1 0 1" fill="1 0 1" mode="11"
 points="0 0,
	4112 0,
	4112 4096,
	0 4096,
	"/>
</Transform>

<Transform dim="0"
 xcoef=" 0 1 0 0 0 0"
 ycoef=" 0 0 1 0 0 0">
<Contour name="mito11" hidden="false" closed="false" simplified="true" border="1 0.5 0" fill="1 0.5 0" mode="13"
 points="7.56056 6.1336,
	7.46379 5.87555,
	"/>
</Transform>

<Transform dim="0"
 xcoef=" 0 1 0 0 0 0"
 ycoef=" 0 0 1 0 0 0">
<Contour name="Ax05" hidden="false" closed="true" simplified="true" border="1 1 0" fill="1 1 0" mode="-11"
 points="1.68355 2.54975,
	1.70635 2.52696,
	1.75845 2.50742,
	1.76496 2.50091,
	1.81706 2.47811,
	1.86265 2.43578,
	1.91476 2.41298,
	1.92127 2.40647,
	1.94732 2.39996,
	1.96034 2.39344,
	2.06455 2.39344,
	2.0906 2.3967,
	2.11665 2.40647,
	2.13945 2.42601,
	2.13945 2.43252,
	2.14596 2.43903,
	2.1427 2.46508,
	2.12968 2.48788,
	2.11991 2.50091,
	2.1134 2.52696,
	2.11991 2.57906,
	2.12316 2.60511,
	2.12316 2.61162,
	2.11014 2.62465,
	2.05804 2.6507,
	2.03199 2.66047,
	2.00593 2.66047,
	1.95383 2.64744,
	1.84963 2.64093,
	1.79753 2.63767,
	1.7845 2.63442,
	1.77799 2.6279,
	1.75194 2.62465,
	1.70309 2.58883,
	1.69332 2.58231,
	1.68355 2.56929,
	1.68355 2.55626,
	1.68355 2.55301,
	"/>
</Transform>

<Transform dim="0"
 xcoef=" 0 1 0 0 0 0"
 ycoef=" 0 0 1 0 0 0">
<Contour name="d02" hidden="false" closed="true" simplified="true" border="1 0 0" fill="1 0 0" mode="11"
 points="5.09929 3.08814,
	5.10187 3.08557,
	5.10187 3.08299,
	5.1083 3.0727,
	5.12631 3.05469,
	5.1469 3.04825,
	5.18808 3.04697,
	5.19837 3.05211,
	5.20352 3.05597,
	5.20866 3.05726,
	5.21896 3.06498,
	5.23955 3.07399,
	5.24984 3.07785,
	5.25499 3.08042,
	5.25756 3.08042,
	5.26013 3.08299,
	5.30131 3.09715,
	5.3219 3.10487,
	5.34248 3.11002,
	5.36307 3.1113,
	5.38366 3.11645,
	5.39395 3.12288,
	5.40425 3.13189,
	5.41583 3.15119,
	5.4184 3.15634,
	5.41969 3.16663,
	5.4184 3.17693,
	5.40939 3.18722,
	5.39009 3.20266,
	5.3798 3.20909,
	5.3605 3.22582,
	5.3412 3.23611,
	5.30002 3.24383,
	5.28973 3.24512,
	5.273 3.22839,
	5.25241 3.21167,
	5.21252 3.18593,
	5.20995 3.18593,
	5.20738 3.18336,
	5.18679 3.17564,
	5.18422 3.17306,
	5.18164 3.17306,
	5.16363 3.15762,
	5.15591 3.1499,
	5.13532 3.13446,
	5.11731 3.12031,
	5.11216 3.11774,
	5.10187 3.10744,
	5.09929 3.10229,
	5.09929 3.092,
	5.09929 3.08943,
	"/>
</Transform>

<Transform dim="0"
 xcoef=" 0 1 0 0 0 0"
 ycoef=" 0 0 1 0 0 0">
<Contour name="d02" hidden="false" closed="true" simplified="true" border="1 0 0" fill="1 0 0" mode="11"
 points="2.65311 3.53543,
	2.66536 3.52777,
	2.67149 3.52624,
	2.68374 3.52777,
	2.696 3.53237,
	2.70212 3.5339,
	2.72663 3.52318,
	2.73889 3.51858,
	2.74501 3.51552,
	2.75727 3.51399,
	2.76952 3.50939,
	2.77565 3.50633,
	2.78178 3.5002,
	2.78484 3.49714,
	2.78484 3.49407,
	2.79403 3.48182,
	2.81854 3.46037,
	2.84305 3.44352,
	2.8553 3.43586,
	2.87828 3.41442,
	2.889 3.40216,
	2.90432 3.37765,
	2.90585 3.37153,
	2.91351 3.35927,
	2.91505 3.35315,
	2.93802 3.3317,
	2.95794 3.30719,
	2.96406 3.29494,
	2.97479 3.28421,
	2.98704 3.27809,
	2.9993 3.27502,
	3.0238 3.26124,
	3.04831 3.25511,
	3.07282 3.24439,
	3.08508 3.23213,
	3.09427 3.21988,
	3.1004 3.21528,
	3.1249 3.21528,
	3.13716 3.21375,
	3.16167 3.1969,
	3.17392 3.19077,
	3.17699 3.18465,
	3.17852 3.18158,
	3.1678 3.17392,
	3.14329 3.16626,
	3.11878 3.1632,
	3.10652 3.16014,
	3.1004 3.16014,
	3.07589 3.14788,
	3.06363 3.14022,
	3.0575 3.13716,
	3.00849 3.1295,
	2.98398 3.12797,
	2.97172 3.1249,
	2.95947 3.11725,
	2.91198 3.06823,
	2.89973 3.05597,
	2.89054 3.04372,
	2.88594 3.03146,
	2.88288 3.0284,
	2.88288 3.02534,
	2.87981 3.02227,
	2.87675 3.01002,
	2.87675 3.00695,
	2.87369 3.00389,
	2.87215 2.99164,
	2.85837 2.96713,
	2.84152 2.94262,
	2.82773 2.91811,
	2.82773 2.91505,
	2.82467 2.91198,
	2.82007 2.88747,
	2.82161 2.86296,
	2.82926 2.85071,
	2.84152 2.84305,
	2.85377 2.83845,
	2.87828 2.83692,
	2.88441 2.83692,
	2.93343 2.8599,
	2.98245 2.87062,
	3.03146 2.86909,
	3.04372 2.86603,
	3.04985 2.86603,
	3.07435 2.87828,
	3.08661 2.88441,
	3.13563 2.88594,
	3.14175 2.88594,
	3.14788 2.88135,
	3.15095 2.88135,
	3.15707 2.87675,
	3.16933 2.87369,
	3.18158 2.86603,
	3.19077 2.85377,
	3.19843 2.82926,
	3.2015 2.81701,
	3.21222 2.80629,
	3.22447 2.79863,
	3.24898 2.79097,
	3.26124 2.78944,
	3.28575 2.7925,
	3.298 2.80016,
	3.30413 2.80629,
	3.30719 2.81241,
	3.31945 2.82314,
	3.34395 2.8308,
	3.39297 2.83233,
	3.40523 2.83539,
	3.40982 2.83999,
	3.41289 2.85224,
	3.41135 2.87675,
	3.40982 2.88288,
	3.41595 2.90739,
	3.41595 2.91964,
	3.40829 2.9319,
	3.39757 2.94415,
	3.39297 2.95028,
	3.36846 2.95794,
	3.35621 2.95947,
	3.35008 2.96253,
	3.33783 2.96406,
	3.31332 2.97479,
	3.29034 2.99776,
	3.26583 3.01461,
	3.24285 3.03759,
	3.23826 3.04985,
	3.23673 3.07435,
	3.2352 3.08048,
	3.23366 3.08201,
	3.24592 3.09274,
	3.25817 3.0958,
	3.28268 3.0958,
	3.30719 3.1004,
	3.3317 3.10805,
	3.35621 3.11265,
	3.38072 3.11418,
	3.40523 3.12031,
	3.41748 3.1249,
	3.42974 3.12644,
	3.44199 3.1249,
	3.44812 3.1249,
	3.45118 3.1249,
	3.45884 3.13716,
	3.46344 3.14329,
	3.46956 3.14635,
	3.47263 3.14635,
	3.47569 3.14941,
	3.5002 3.15095,
	3.54922 3.13103,
	3.56147 3.1249,
	3.57373 3.11571,
	3.58598 3.11112,
	3.635 3.11112,
	3.64113 3.11112,
	3.65338 3.11725,
	3.66564 3.1295,
	3.67789 3.15248,
	3.68402 3.17699,
	3.69014 3.18924,
	3.7024 3.19996,
	3.72691 3.21528,
	3.75142 3.2352,
	3.76214 3.24745,
	3.76827 3.25358,
	3.77746 3.27809,
	3.78052 3.28421,
	3.78665 3.29034,
	3.78971 3.2934,
	3.80197 3.29494,
	3.80503 3.29494,
	3.81116 3.29953,
	3.82341 3.3026,
	3.83567 3.31179,
	3.84179 3.31485,
	3.86171 3.33936,
	3.87243 3.35161,
	3.89694 3.37153,
	3.91685 3.39604,
	3.92145 3.40216,
	3.94596 3.41289,
	3.95821 3.42055,
	3.97813 3.44352,
	3.99038 3.45578,
	4.00723 3.48029,
	4.00876 3.49254,
	4.01642 3.50326,
	4.04093 3.50786,
	4.05012 3.52011,
	4.06238 3.53084,
	4.08689 3.54615,
	4.09301 3.54922,
	4.10833 3.57373,
	4.11293 3.58598,
	4.11139 3.59824,
	4.10373 3.61049,
	4.08076 3.63347,
	4.05625 3.64419,
	4.04399 3.64879,
	4.03174 3.65798,
	4.02255 3.67023,
	4.01489 3.69474,
	4.01029 3.71925,
	4.01183 3.74376,
	4.01029 3.76827,
	4.01029 3.78052,
	4.0057 3.79278,
	3.98885 3.81729,
	3.98425 3.82341,
	3.97966 3.84792,
	3.97813 3.86018,
	3.97813 3.86324,
	3.95515 3.88622,
	3.90613 3.88622,
	3.89388 3.88469,
	3.88162 3.88009,
	3.86937 3.87856,
	3.85711 3.87243,
	3.84945 3.86018,
	3.8372 3.85405,
	3.81269 3.85252,
	3.78818 3.85405,
	3.77593 3.86018,
	3.7698 3.86477,
	3.72078 3.86784,
	3.67176 3.86324,
	3.65951 3.86324,
	3.635 3.86937,
	3.61049 3.86937,
	3.59824 3.86937,
	3.57373 3.86324,
	3.54922 3.85099,
	3.5002 3.82188,
	3.47569 3.80809,
	3.46344 3.80503,
	3.45731 3.8035,
	3.45118 3.7989,
	3.43893 3.77439,
	3.42208 3.74989,
	3.41289 3.73763,
	3.40063 3.72538,
	3.38838 3.72538,
	3.38225 3.72538,
	3.35774 3.7361,
	3.33323 3.75142,
	3.32098 3.75601,
	3.29647 3.75601,
	3.29034 3.75448,
	3.28575 3.74989,
	3.28421 3.74376,
	3.27502 3.7315,
	3.26277 3.72231,
	3.25205 3.71006,
	3.24592 3.68555,
	3.24439 3.66104,
	3.24439 3.64879,
	3.23979 3.63653,
	3.23213 3.62428,
	3.2306 3.61815,
	3.21835 3.60743,
	3.20609 3.60283,
	3.19996 3.60283,
	3.19384 3.59824,
	3.18771 3.5967,
	3.17086 3.57373,
	3.16014 3.563,
	3.14788 3.56607,
	3.13563 3.57526,
	3.11725 3.59977,
	3.10652 3.61049,
	3.08201 3.61049,
	3.0575 3.60743,
	3.033 3.60743,
	3.00849 3.59977,
	2.98398 3.58904,
	2.95947 3.58445,
	2.91045 3.56913,
	2.88594 3.5676,
	2.87369 3.56607,
	2.84918 3.55381,
	2.82467 3.55075,
	2.80016 3.55534,
	2.77565 3.55534,
	2.7634 3.55688,
	2.75114 3.56147,
	2.73889 3.57066,
	2.71438 3.58139,
	2.68987 3.58904,
	2.67761 3.59364,
	2.67149 3.59211,
	2.66383 3.58445,
	2.66383 3.57219,
	2.66076 3.56607,
	2.6577 3.56607,
	2.65311 3.55994,
	2.65311 3.53696,
	"/>
</Transform>

</Section>