<?xml version="1.0"?>
<!DOCTYPE Section SYSTEM "section.dtd">

<Section index="214" thickness="0.046483" alignLocked="true">
<Transform dim="6"
 xcoef=" -0.132429315026993 0.945233585236869 0.0217601203396642 0 0 0"
 ycoef=" 0.0585916291477218 0.0321029899833623 1.03172137624834 0 0 0">
<Image mag="0.00217927" contrast="1" brightness="0" red="true" green="true" blue="true"
 src="LKJKD_und.214.jpg" />
<Contour name="domain1" hidden="false" closed="true" simplified="false" border="1 0 1" fill="1 0 1" mode="11"
 points="0 0,
	4112 0,
	4112 4096,
	0 4096,
	"/>
</Transform>

<Transform dim="0"
 xcoef=" 0 1 0 0 0 0"
 ycoef=" 0 0 1 0 0 0">
<Contour name="mito11" hidden="false" closed="false" simplified="true" border="1 0.5 0" fill="1 0.5 0" mode="13"
 points="7.56056 6.1336,
	7.46379 5.87555,
	"/>
</Transform>

<Transform dim="0"
 xcoef=" 0 1 0 0 0 0"
 ycoef=" 0 0 1 0 0 0">
<Contour name="Ax05" hidden="false" closed="true" simplified="true" border="1 1 0" fill="1 1 0" mode="-11"
 points="1.36443 2.55301,
	1.3742 2.53998,
	1.40025 2.5237,
	1.60866 2.43903,
	1.65424 2.39996,
	1.6803 2.37391,
	1.70635 2.36088,
	1.71937 2.35111,
	1.77147 2.33483,
	1.82358 2.31203,
	1.84963 2.30552,
	1.85614 2.29901,
	1.96034 2.28598,
	2.06455 2.28598,
	2.0906 2.28924,
	2.1427 2.30552,
	2.1948 2.33483,
	2.21434 2.35437,
	2.23063 2.38042,
	2.23388 2.40647,
	2.23388 2.4195,
	2.24039 2.43252,
	2.25342 2.43903,
	2.25668 2.45206,
	2.25342 2.46508,
	2.25342 2.4716,
	2.24365 2.48462,
	2.24039 2.49765,
	2.21109 2.54649,
	2.20132 2.5986,
	2.19155 2.62139,
	2.1655 2.64093,
	2.15247 2.64744,
	2.10037 2.65721,
	2.07432 2.66372,
	2.02222 2.66372,
	1.97011 2.65721,
	1.94406 2.6507,
	1.89196 2.64744,
	1.87894 2.64419,
	1.86917 2.63442,
	1.85614 2.63116,
	1.84311 2.62139,
	1.8366 2.62139,
	1.83009 2.61488,
	1.82358 2.61488,
	1.80404 2.59534,
	1.69983 2.56603,
	1.59563 2.55626,
	1.38722 2.56603,
	1.3742 2.56603,
	1.36768 2.56603,
	1.36443 2.55626,
	"/>
</Transform>

<Transform dim="0"
 xcoef=" 0 1 0 0 0 0"
 ycoef=" 0 0 1 0 0 0">
<Contour name="d02" hidden="false" closed="true" simplified="true" border="1 0 0" fill="1 0 0" mode="11"
 points="5.08385 3.11002,
	5.09157 3.09972,
	5.09801 3.092,
	5.10187 3.08814,
	5.11216 3.08428,
	5.13275 3.08299,
	5.14304 3.08299,
	5.14819 3.08299,
	5.15848 3.08685,
	5.17907 3.09071,
	5.22025 3.10229,
	5.26142 3.10873,
	5.28201 3.11388,
	5.32318 3.11516,
	5.34377 3.11774,
	5.38495 3.13189,
	5.40553 3.13704,
	5.44671 3.13832,
	5.48788 3.1499,
	5.49689 3.15505,
	5.50204 3.1602,
	5.50332 3.17049,
	5.50204 3.18079,
	5.50075 3.18593,
	5.48917 3.20523,
	5.4866 3.20781,
	5.48274 3.2181,
	5.47888 3.22325,
	5.4763 3.23354,
	5.47116 3.24383,
	5.46858 3.25413,
	5.4673 3.25928,
	5.46344 3.26442,
	5.46086 3.27472,
	5.45829 3.27986,
	5.45829 3.28244,
	5.45572 3.28501,
	5.45186 3.2953,
	5.44542 3.3056,
	5.43513 3.31203,
	5.41454 3.32104,
	5.40425 3.32876,
	5.40039 3.33262,
	5.35921 3.3442,
	5.33862 3.35063,
	5.32833 3.35192,
	5.32318 3.35192,
	5.32061 3.35192,
	5.31546 3.34806,
	5.31289 3.34806,
	5.3026 3.34163,
	5.29874 3.33905,
	5.29745 3.33648,
	5.28715 3.33391,
	5.27686 3.33519,
	5.25627 3.34163,
	5.2151 3.34163,
	5.19451 3.33905,
	5.18422 3.33519,
	5.17392 3.32876,
	5.16749 3.31846,
	5.15848 3.30817,
	5.15591 3.30302,
	5.15591 3.30045,
	5.15334 3.29788,
	5.15076 3.2567,
	5.14175 3.23611,
	5.13918 3.22582,
	5.1276 3.20523,
	5.12117 3.19494,
	5.11731 3.18979,
	5.11602 3.18465,
	5.09415 3.14476,
	5.09029 3.13961,
	5.08771 3.12932,
	5.08514 3.12674,
	5.08385 3.11645,
	5.08385 3.1113,
	"/>
</Transform>

<Transform dim="0"
 xcoef=" 0 1 0 0 0 0"
 ycoef=" 0 0 1 0 0 0">
<Contour name="d02" hidden="false" closed="true" simplified="true" border="1 0 0" fill="1 0 0" mode="11"
 points="3.14476 3.33648,
	3.14862 3.33133,
	3.15891 3.32747,
	3.16148 3.3249,
	3.18207 3.31589,
	3.19237 3.31332,
	3.19494 3.31074,
	3.21553 3.30431,
	3.22067 3.30174,
	3.22582 3.30174,
	3.23611 3.29788,
	3.2567 3.2953,
	3.27729 3.29016,
	3.28758 3.28887,
	3.29273 3.2863,
	3.29788 3.2863,
	3.30302 3.28372,
	3.32361 3.28372,
	3.33391 3.28244,
	3.33905 3.27986,
	3.4214 3.27858,
	3.44199 3.27729,
	3.46258 3.27343,
	3.46772 3.27343,
	3.5089 3.25928,
	3.51919 3.25542,
	3.52177 3.25284,
	3.53206 3.25027,
	3.53463 3.25027,
	3.53978 3.24641,
	3.54493 3.24641,
	3.5861 3.23354,
	3.5964 3.22711,
	3.60154 3.22453,
	3.61055 3.22839,
	3.62857 3.24512,
	3.63629 3.25156,
	3.63886 3.25156,
	3.64915 3.25799,
	3.6543 3.26185,
	3.65945 3.26314,
	3.66459 3.267,
	3.66717 3.267,
	3.67231 3.27086,
	3.67746 3.27214,
	3.68003 3.27472,
	3.70062 3.27986,
	3.72121 3.27986,
	3.7418 3.2863,
	3.75209 3.29016,
	3.75466 3.29016,
	3.75724 3.29273,
	3.77783 3.29916,
	3.79841 3.30817,
	3.81643 3.32104,
	3.82543 3.32619,
	3.83316 3.33391,
	3.84216 3.3442,
	3.84216 3.34677,
	3.85889 3.36607,
	3.86532 3.37508,
	3.88205 3.39181,
	3.90264 3.40982,
	3.92065 3.42526,
	3.94124 3.4407,
	3.9451 3.44456,
	3.94767 3.44456,
	3.95668 3.45228,
	3.96697 3.45743,
	3.97083 3.46129,
	3.97598 3.46258,
	3.99528 3.47673,
	4.01587 3.49603,
	4.02488 3.50504,
	4.03517 3.51147,
	4.05576 3.52048,
	4.06091 3.52305,
	4.08021 3.53978,
	4.0905 3.54493,
	4.09565 3.5475,
	4.11623 3.54879,
	4.12653 3.55136,
	4.13168 3.55522,
	4.1394 3.57581,
	4.14583 3.5861,
	4.14583 3.58868,
	4.14969 3.59254,
	4.15098 3.59768,
	4.15741 3.60798,
	4.17671 3.62213,
	4.21789 3.64401,
	4.22818 3.64915,
	4.23075 3.64915,
	4.2359 3.65301,
	4.23847 3.65301,
	4.23976 3.65559,
	4.24491 3.65687,
	4.25005 3.66073,
	4.26035 3.66459,
	4.26292 3.66717,
	4.26549 3.66717,
	4.2848 3.68003,
	4.2938 3.68776,
	4.32468 3.72893,
	4.33112 3.73922,
	4.33498 3.75981,
	4.33498 3.77011,
	4.33626 3.77525,
	4.33626 3.77783,
	4.33884 3.7804,
	4.3427 3.80099,
	4.3427 3.81128,
	4.34141 3.81643,
	4.33369 3.82543,
	4.3234 3.83187,
	4.32082 3.83187,
	4.31053 3.83959,
	4.30281 3.84731,
	4.29252 3.85503,
	4.27193 3.86275,
	4.25134 3.86661,
	4.24105 3.86918,
	4.2359 3.87304,
	4.22561 3.8769,
	4.22046 3.88076,
	4.21789 3.88076,
	4.19987 3.89492,
	4.19472 3.89878,
	4.19215 3.90135,
	4.18186 3.90392,
	4.16127 3.90521,
	4.15098 3.90779,
	4.14068 3.90779,
	4.05833 3.8962,
	4.03774 3.89492,
	4.02745 3.89492,
	4.00686 3.89106,
	3.99657 3.88848,
	3.98628 3.88334,
	3.9837 3.88076,
	3.94253 3.87176,
	3.93223 3.86918,
	3.92709 3.8679,
	3.91679 3.86018,
	3.89878 3.84088,
	3.88848 3.83444,
	3.88334 3.83058,
	3.86275 3.82415,
	3.8576 3.82157,
	3.81643 3.81771,
	3.79584 3.81643,
	3.77525 3.81257,
	3.73408 3.80871,
	3.71349 3.80871,
	3.6929 3.80613,
	3.65173 3.79327,
	3.64915 3.79327,
	3.64658 3.79069,
	3.6054 3.77783,
	3.52305 3.74566,
	3.51276 3.74437,
	3.43041 3.71992,
	3.42012 3.71606,
	3.41754 3.71606,
	3.41497 3.71349,
	3.39438 3.70706,
	3.39181 3.70448,
	3.38923 3.70448,
	3.38666 3.70191,
	3.38409 3.70191,
	3.3828 3.69934,
	3.38023 3.69934,
	3.3635 3.68132,
	3.35707 3.67231,
	3.34677 3.66202,
	3.33262 3.64143,
	3.3249 3.63243,
	3.31718 3.62599,
	3.30688 3.62085,
	3.30431 3.62085,
	3.30174 3.61827,
	3.28115 3.61699,
	3.27086 3.61699,
	3.26056 3.60669,
	3.24512 3.58996,
	3.23997 3.5861,
	3.23483 3.58482,
	3.23225 3.58482,
	3.22968 3.58224,
	3.22453 3.58096,
	3.22196 3.57581,
	3.22196 3.57066,
	3.23483 3.55136,
	3.23354 3.54107,
	3.23225 3.53592,
	3.22968 3.53335,
	3.22968 3.52305,
	3.23225 3.51276,
	3.23483 3.51019,
	3.2374 3.49989,
	3.2374 3.4896,
	3.2374 3.48445,
	3.23225 3.47416,
	3.23225 3.47159,
	3.22968 3.46901,
	3.22325 3.44842,
	3.22325 3.44585,
	3.22067 3.44328,
	3.22067 3.4407,
	3.20523 3.42269,
	3.19623 3.41368,
	3.19237 3.40854,
	3.19108 3.40339,
	3.18851 3.40082,
	3.18079 3.38023,
	3.17435 3.36993,
	3.17049 3.36607,
	3.1692 3.3635,
	3.16663 3.3635,
	3.15634 3.35578,
	3.14733 3.34549,
	3.14476 3.34034,
	3.14476 3.33777,
	"/>
<Contour name="d02" hidden="false" closed="true" simplified="true" border="1 0 0" fill="1 0 0" mode="11"
 points="2.52456 3.57324,
	2.53356 3.55265,
	2.53356 3.53206,
	2.53485 3.52177,
	2.53356 3.51147,
	2.53099 3.50633,
	2.53228 3.49603,
	2.53228 3.49346,
	2.53871 3.48574,
	2.54772 3.47802,
	2.55029 3.47545,
	2.55286 3.47545,
	2.56187 3.46644,
	2.56573 3.46386,
	2.57088 3.45357,
	2.5786 3.44328,
	2.5979 3.4317,
	2.60562 3.42269,
	2.61077 3.41368,
	2.61977 3.40468,
	2.63007 3.39824,
	2.67124 3.38666,
	2.69183 3.38023,
	2.70212 3.37765,
	2.70727 3.37508,
	2.71242 3.37508,
	2.72271 3.37122,
	2.76389 3.36479,
	2.77418 3.36479,
	2.78447 3.36221,
	2.82565 3.35964,
	2.84624 3.35835,
	2.86682 3.35449,
	2.88741 3.35321,
	2.908 3.35578,
	2.91315 3.35707,
	2.92344 3.36479,
	2.9273 3.36993,
	2.93373 3.39052,
	2.9466 3.41111,
	2.95561 3.4214,
	2.95947 3.4317,
	2.96076 3.43684,
	2.96076 3.43942,
	2.96333 3.44199,
	2.96719 3.45228,
	2.97362 3.46258,
	2.97748 3.47287,
	2.97877 3.49346,
	2.97234 3.51405,
	2.96462 3.52434,
	2.94403 3.53849,
	2.94145 3.54107,
	2.92087 3.5475,
	2.91057 3.55394,
	2.90543 3.55522,
	2.88484 3.56938,
	2.86425 3.57838,
	2.8591 3.57967,
	2.84881 3.58739,
	2.84366 3.59254,
	2.84366 3.59511,
	2.8398 3.60026,
	2.83723 3.62085,
	2.83594 3.63114,
	2.83466 3.63629,
	2.83466 3.63886,
	2.82694 3.64787,
	2.82436 3.65044,
	2.78319 3.66202,
	2.7626 3.66717,
	2.72142 3.6736,
	2.70084 3.67875,
	2.69826 3.68132,
	2.69312 3.68132,
	2.68797 3.68389,
	2.68282 3.68389,
	2.67768 3.68647,
	2.65709 3.69033,
	2.6365 3.68904,
	2.62621 3.68904,
	2.61591 3.68647,
	2.59533 3.6736,
	2.59018 3.66974,
	2.5876 3.66717,
	2.58503 3.66717,
	2.57474 3.65945,
	2.56959 3.65687,
	2.56444 3.65173,
	2.54514 3.64015,
	2.52584 3.62599,
	2.52456 3.58482,
	2.52456 3.57452,
	"/>
</Transform>

<Transform dim="0"
 xcoef=" 0 1 0 0 0 0"
 ycoef=" 0 0 1 0 0 0">
<Contour name="d02" hidden="false" closed="true" simplified="true" border="1 0 0" fill="1 0 0" mode="11"
 points="2.90279 2.74348,
	2.90432 2.73736,
	2.91045 2.73123,
	2.91658 2.72816,
	2.91964 2.72816,
	2.92577 2.72357,
	3.0238 2.72357,
	3.04831 2.7251,
	3.06057 2.7251,
	3.0667 2.7251,
	3.0912 2.71285,
	3.10346 2.70519,
	3.12797 2.69753,
	3.15248 2.69753,
	3.16473 2.69753,
	3.18924 2.70519,
	3.20915 2.72816,
	3.21375 2.74042,
	3.21681 2.74655,
	3.21835 2.77106,
	3.21375 2.82007,
	3.21375 2.83233,
	3.20762 2.85684,
	3.20609 2.88135,
	3.20762 2.8936,
	3.21222 2.90585,
	3.21988 2.91811,
	3.2306 2.92577,
	3.23673 2.93036,
	3.23979 2.93343,
	3.23979 2.93955,
	3.23979 2.94262,
	3.22754 2.95028,
	3.22141 2.95487,
	3.20915 2.9564,
	3.18465 2.95487,
	3.13563 2.92883,
	3.11112 2.92117,
	3.0621 2.9227,
	3.04985 2.91964,
	3.02687 2.89973,
	2.97938 2.87369,
	2.96713 2.8645,
	2.95334 2.84152,
	2.95028 2.82926,
	2.9319 2.80629,
	2.9227 2.79556,
	2.91045 2.78331,
	2.90432 2.77106,
	2.90279 2.74655,
	2.90279 2.74501,
	"/>
</Transform>

</Section>