<?xml version="1.0"?>
<!DOCTYPE Section SYSTEM "section.dtd">

<Section index="215" thickness="0.046483" alignLocked="true">
<Transform dim="6"
 xcoef=" -0.0446033467820842 0.93356226612286 0.0077026193028028 0 0 0"
 ycoef=" 0.0695645340867426 0.0506668659860569 1.0308011808081 0 0 0">
<Image mag="0.00217927" contrast="1" brightness="0" red="true" green="true" blue="true"
 src="LKJKD_und.215.jpg" />
<Contour name="domain1" hidden="false" closed="true" simplified="false" border="1 0 1" fill="1 0 1" mode="11"
 points="0 0,
	4112 0,
	4112 4096,
	0 4096,
	"/>
</Transform>

<Transform dim="0"
 xcoef=" 0 1 0 0 0 0"
 ycoef=" 0 0 1 0 0 0">
<Contour name="mito11" hidden="false" closed="false" simplified="true" border="1 0.5 0" fill="1 0.5 0" mode="13"
 points="7.56056 6.1336,
	7.46379 5.87555,
	"/>
</Transform>

<Transform dim="0"
 xcoef=" 0 1 0 0 0 0"
 ycoef=" 0 0 1 0 0 0">
<Contour name="Ax05" hidden="false" closed="true" simplified="true" border="1 1 0" fill="1 1 0" mode="-11"
 points="1.29279 2.54975,
	1.31558 2.5237,
	1.34163 2.51067,
	1.39373 2.49765,
	1.44584 2.49765,
	1.49794 2.49114,
	1.54678 2.46508,
	1.57283 2.45532,
	1.58586 2.44555,
	1.59889 2.44229,
	1.6054 2.44229,
	1.65099 2.39344,
	1.67704 2.37391,
	1.69658 2.35437,
	1.71286 2.32832,
	1.76171 2.29901,
	1.81381 2.27621,
	1.83986 2.25342,
	1.94081 2.20457,
	2.04501 2.19806,
	2.07106 2.19155,
	2.09711 2.1948,
	2.11014 2.1948,
	2.13619 2.20783,
	2.14922 2.21109,
	2.19806 2.25342,
	2.22086 2.27621,
	2.25016 2.32506,
	2.25993 2.37716,
	2.26319 2.39019,
	2.2697 2.3967,
	2.28273 2.4488,
	2.27947 2.47485,
	2.26319 2.52696,
	2.23388 2.57906,
	2.19155 2.62139,
	2.1655 2.63767,
	2.15247 2.64093,
	2.13945 2.6507,
	2.08734 2.66047,
	1.98314 2.65721,
	1.93104 2.64744,
	1.87894 2.62465,
	1.83009 2.58557,
	1.80404 2.56603,
	1.79101 2.55952,
	1.77799 2.55952,
	1.76496 2.55301,
	1.71286 2.55626,
	1.50445 2.59208,
	1.45235 2.59208,
	1.4263 2.59208,
	1.3742 2.61162,
	1.36768 2.60837,
	1.3742 2.60185,
	1.34814 2.60185,
	1.33512 2.60185,
	1.30907 2.59208,
	1.29604 2.57906,
	1.29279 2.55301,
	"/>
</Transform>

<Transform dim="0"
 xcoef=" 0 1 0 0 0 0"
 ycoef=" 0 0 1 0 0 0">
<Contour name="d02" hidden="false" closed="true" simplified="true" border="1 0 0" fill="1 0 0" mode="11"
 points="5.08257 3.12546,
	5.09029 3.11516,
	5.09929 3.10744,
	5.1083 3.09715,
	5.1276 3.08814,
	5.14819 3.08814,
	5.16878 3.092,
	5.17392 3.09457,
	5.2151 3.10101,
	5.22025 3.10358,
	5.3026 3.11902,
	5.32318 3.12546,
	5.34377 3.12546,
	5.38495 3.13446,
	5.40553 3.13704,
	5.44671 3.13832,
	5.457 3.13961,
	5.47759 3.15248,
	5.48531 3.15891,
	5.49432 3.16792,
	5.4956 3.17306,
	5.49432 3.17821,
	5.48145 3.19623,
	5.4763 3.20652,
	5.47373 3.21681,
	5.47373 3.2374,
	5.48016 3.25799,
	5.48402 3.26314,
	5.48402 3.27343,
	5.48402 3.27858,
	5.47759 3.28887,
	5.457 3.3056,
	5.43641 3.31975,
	5.42612 3.32876,
	5.42097 3.33133,
	5.41969 3.33391,
	5.40939 3.33777,
	5.3991 3.33905,
	5.39395 3.34034,
	5.39138 3.34291,
	5.37079 3.34806,
	5.3605 3.34935,
	5.35792 3.34935,
	5.35535 3.35192,
	5.34506 3.35321,
	5.34248 3.35578,
	5.30131 3.36221,
	5.26013 3.3635,
	5.23955 3.3635,
	5.21896 3.35964,
	5.17778 3.35964,
	5.1572 3.35835,
	5.1469 3.35835,
	5.14175 3.35835,
	5.13918 3.35835,
	5.12631 3.33777,
	5.11731 3.31718,
	5.11345 3.29659,
	5.11345 3.276,
	5.11345 3.26571,
	5.10444 3.24512,
	5.10058 3.22453,
	5.10444 3.18336,
	5.10315 3.17306,
	5.09157 3.15248,
	5.08257 3.13318,
	5.08257 3.12803,
	5.08257 3.12674,
	"/>
</Transform>

<Transform dim="0"
 xcoef=" 0 1 0 0 0 0"
 ycoef=" 0 0 1 0 0 0">
<Contour name="d02" hidden="false" closed="true" simplified="true" border="1 0 0" fill="1 0 0" mode="11"
 points="3.23997 3.47802,
	3.25284 3.45872,
	3.26056 3.451,
	3.26442 3.44585,
	3.26828 3.42526,
	3.26828 3.41497,
	3.27086 3.40468,
	3.27214 3.39953,
	3.28758 3.38023,
	3.28887 3.36993,
	3.28501 3.34935,
	3.28372 3.32876,
	3.28501 3.30817,
	3.28758 3.30302,
	3.28758 3.30045,
	3.29273 3.29788,
	3.31332 3.29402,
	3.31846 3.29273,
	3.32747 3.28372,
	3.34806 3.28244,
	3.36865 3.27858,
	3.451 3.27858,
	3.46129 3.27858,
	3.48188 3.27472,
	3.50247 3.26828,
	3.51276 3.26957,
	3.51791 3.27086,
	3.52305 3.27472,
	3.52563 3.27472,
	3.54622 3.28887,
	3.55651 3.29144,
	3.5668 3.29016,
	3.5771 3.2863,
	3.59768 3.28372,
	3.61827 3.28501,
	3.62857 3.28887,
	3.64915 3.29273,
	3.65945 3.2953,
	3.70062 3.29788,
	3.71092 3.29659,
	3.71349 3.29659,
	3.71735 3.29273,
	3.7225 3.29144,
	3.72507 3.28887,
	3.74566 3.28758,
	3.75595 3.28887,
	3.7611 3.29016,
	3.77139 3.29916,
	3.77525 3.30174,
	3.79198 3.32233,
	3.80099 3.33133,
	3.80999 3.33648,
	3.83058 3.35063,
	3.87176 3.37251,
	3.87433 3.37251,
	3.88462 3.3828,
	3.90392 3.39696,
	3.91422 3.40339,
	3.95539 3.42012,
	3.96054 3.4214,
	3.97083 3.42912,
	3.99014 3.4407,
	4.00686 3.45614,
	4.01587 3.46258,
	4.03517 3.48059,
	4.04289 3.48831,
	4.0519 3.49346,
	4.06219 3.50118,
	4.06863 3.5089,
	4.07249 3.51405,
	4.07249 3.51662,
	4.08021 3.52563,
	4.0905 3.53463,
	4.10079 3.53978,
	4.12138 3.54493,
	4.13168 3.54879,
	4.13682 3.54879,
	4.1394 3.55136,
	4.14454 3.55265,
	4.15484 3.56037,
	4.15998 3.56294,
	4.16899 3.57324,
	4.18057 3.59382,
	4.19859 3.61441,
	4.20631 3.62342,
	4.2166 3.63371,
	4.22689 3.64015,
	4.23719 3.64401,
	4.23976 3.64658,
	4.25005 3.64915,
	4.2552 3.65173,
	4.26549 3.65301,
	4.28608 3.66202,
	4.29638 3.66588,
	4.31696 3.68003,
	4.32726 3.68647,
	4.33498 3.69419,
	4.34012 3.70448,
	4.34012 3.70706,
	4.3427 3.70963,
	4.34527 3.73022,
	4.34527 3.73536,
	4.36457 3.77525,
	4.37101 3.78555,
	4.37487 3.79584,
	4.37487 3.81643,
	4.37487 3.82672,
	4.36071 3.84602,
	4.35428 3.85117,
	4.3131 3.86532,
	4.30281 3.8679,
	4.28222 3.88076,
	4.27193 3.88334,
	4.26935 3.88591,
	4.26421 3.8872,
	4.25391 3.89363,
	4.24362 3.8962,
	4.24105 3.89878,
	4.22046 3.90264,
	4.21017 3.9065,
	4.19987 3.91293,
	4.19472 3.91551,
	4.17414 3.91937,
	4.16899 3.92194,
	4.1484 3.92065,
	4.14326 3.92065,
	4.12267 3.91293,
	4.11237 3.90779,
	4.09179 3.90392,
	4.05061 3.90392,
	4.03002 3.90264,
	4.02488 3.90264,
	4.01458 3.89878,
	3.97341 3.89749,
	3.96311 3.89492,
	3.95797 3.89363,
	3.95539 3.89363,
	3.93481 3.87819,
	3.92451 3.87047,
	3.90521 3.85117,
	3.89878 3.83058,
	3.89363 3.82543,
	3.87433 3.81514,
	3.85374 3.81128,
	3.84345 3.81128,
	3.82286 3.80742,
	3.81257 3.80356,
	3.80227 3.80227,
	3.78169 3.79455,
	3.7611 3.78297,
	3.7508 3.78169,
	3.74051 3.77783,
	3.69934 3.77654,
	3.67875 3.77654,
	3.66845 3.77525,
	3.66588 3.77268,
	3.65559 3.77011,
	3.65044 3.76753,
	3.64787 3.76753,
	3.62728 3.75595,
	3.61699 3.74952,
	3.61184 3.74823,
	3.60926 3.74566,
	3.60669 3.74566,
	3.60412 3.74308,
	3.60154 3.74308,
	3.58096 3.72764,
	3.56294 3.71092,
	3.54236 3.69162,
	3.53206 3.68518,
	3.52177 3.68132,
	3.51662 3.68003,
	3.51405 3.67746,
	3.49346 3.67746,
	3.45228 3.68518,
	3.41111 3.68776,
	3.39052 3.68518,
	3.38537 3.68518,
	3.36479 3.67875,
	3.35964 3.67489,
	3.35578 3.66459,
	3.35449 3.6543,
	3.35192 3.65173,
	3.34806 3.64143,
	3.34549 3.63629,
	3.34549 3.63371,
	3.34291 3.63114,
	3.34034 3.62085,
	3.34034 3.61827,
	3.33777 3.6157,
	3.33648 3.6054,
	3.32747 3.58482,
	3.32104 3.57581,
	3.31718 3.57066,
	3.31332 3.56809,
	3.30431 3.55908,
	3.2953 3.55265,
	3.29273 3.55265,
	3.27214 3.54107,
	3.267 3.53978,
	3.2567 3.53335,
	3.24641 3.52305,
	3.24898 3.50247,
	3.24898 3.49732,
	3.24512 3.48703,
	3.24255 3.48445,
	3.24255 3.48188,
	3.23997 3.47931,
	"/>
</Transform>

<Transform dim="0"
 xcoef=" 0 1 0 0 0 0"
 ycoef=" 0 0 1 0 0 0">
<Contour name="d02" hidden="false" closed="true" simplified="true" border="1 0 0" fill="1 0 0" mode="11"
 points="2.5104 3.60412,
	2.51683 3.59382,
	2.5207 3.58868,
	2.52327 3.57838,
	2.52327 3.53721,
	2.52327 3.53206,
	2.52713 3.52177,
	2.52713 3.51919,
	2.5297 3.51662,
	2.53228 3.50633,
	2.53228 3.50118,
	2.53871 3.48059,
	2.53871 3.47545,
	2.53871 3.47287,
	2.55801 3.45614,
	2.57345 3.43942,
	2.58246 3.4317,
	2.59146 3.4214,
	2.60562 3.40339,
	2.61591 3.39309,
	2.62492 3.38666,
	2.63521 3.37765,
	2.64036 3.37508,
	2.64293 3.37508,
	2.64551 3.37251,
	2.6558 3.37122,
	2.66095 3.37122,
	2.6661 3.36865,
	2.67124 3.36865,
	2.67639 3.36607,
	2.68668 3.36607,
	2.70727 3.36221,
	2.71756 3.35964,
	2.75874 3.35707,
	2.76903 3.35449,
	2.85138 3.35321,
	2.86168 3.35321,
	2.88226 3.35835,
	2.88355 3.36093,
	2.90414 3.36736,
	2.908 3.37122,
	2.90929 3.38151,
	2.90543 3.38666,
	2.89771 3.40725,
	2.89385 3.41754,
	2.89256 3.42269,
	2.88484 3.43298,
	2.87326 3.451,
	2.86682 3.45872,
	2.83852 3.49989,
	2.82308 3.51791,
	2.81793 3.52177,
	2.81536 3.52177,
	2.79605 3.53463,
	2.78576 3.54107,
	2.7819 3.54493,
	2.77675 3.54622,
	2.75745 3.56166,
	2.74073 3.5771,
	2.73172 3.58482,
	2.72271 3.58996,
	2.70212 3.6054,
	2.69183 3.61312,
	2.68154 3.61699,
	2.67124 3.61699,
	2.65065 3.62213,
	2.63007 3.62985,
	2.60948 3.64658,
	2.60047 3.6543,
	2.59018 3.65816,
	2.56959 3.65559,
	2.56444 3.65559,
	2.54643 3.63886,
	2.53614 3.635,
	2.51555 3.63243,
	2.51169 3.62728,
	2.5104 3.60669,
	2.5104 3.6054,
	"/>
</Transform>

</Section>