<?xml version="1.0"?>
<!DOCTYPE Section SYSTEM "section.dtd">

<Section index="113" thickness="0.046483" alignLocked="true">
<Transform dim="0"
 xcoef=" 0 1 0 0 0 0"
 ycoef=" 0 0 1 0 0 0">
<Contour name="Ax01" hidden="false" closed="true" simplified="true" border="1 0.5 0" fill="1 0.5 0" mode="11"
 points="7.2506 5.29259,
	7.27512 5.27508,
	7.28213 5.26807,
	7.28913 5.26807,
	7.29614 5.26106,
	7.30314 5.26106,
	7.33116 5.24355,
	7.33817 5.23655,
	7.34517 5.23655,
	7.35919 5.22604,
	7.38721 5.21903,
	7.40122 5.21903,
	7.41523 5.21203,
	7.42924 5.21203,
	7.45726 5.19802,
	7.46427 5.19451,
	7.52031 5.21903,
	7.54833 5.23304,
	7.56234 5.23655,
	7.56935 5.24355,
	7.62539 5.26457,
	7.6429 5.28208,
	7.6394 5.3101,
	7.6359 5.32411,
	7.62539 5.33812,
	7.59737 5.35213,
	7.54133 5.36264,
	7.5133 5.35914,
	7.49929 5.35914,
	7.48528 5.35213,
	7.3732 5.36264,
	7.31715 5.35914,
	7.28913 5.35213,
	7.26111 5.33462,
	7.2506 5.32061,
	7.2506 5.29609,
	"/>
</Transform>

<Transform dim="0"
 xcoef=" 0 1 0 0 0 0"
 ycoef=" 0 0 1 0 0 0">
<Contour name="Ax01" hidden="false" closed="true" simplified="true" border="1 0.5 0" fill="1 0.5 0" mode="11"
 points="3.21545 4.9338,
	3.23758 4.9043,
	3.26708 4.88587,
	3.28183 4.88218,
	3.31133 4.86006,
	3.34083 4.85637,
	3.37033 4.86006,
	3.42933 4.85268,
	3.48832 4.85637,
	3.60632 4.88955,
	3.63582 4.88587,
	3.66532 4.87481,
	3.69482 4.89324,
	3.71326 4.92274,
	3.72432 4.95224,
	3.71326 4.98174,
	3.68376 5.00018,
	3.62476 5.01862,
	3.59526 5.03337,
	3.58051 5.04074,
	3.52151 5.02968,
	3.46251 5.02599,
	3.40351 5.04443,
	3.37401 5.04074,
	3.35926 5.02968,
	3.30027 5.02968,
	3.27077 5.0223,
	3.24127 5.00387,
	3.21914 4.97437,
	3.21545 4.94487,
	3.21545 4.93749,
	"/>
</Transform>

<Transform dim="0"
 xcoef=" 0 1 0 0 0 0"
 ycoef=" 0 0 1 0 0 0">
<Contour name="Ax01B02ssvr4" hidden="false" closed="true" simplified="false" border="0.5 0 1" fill="0.5 0 1" mode="13"
 points="3.41711 4.97624,
	3.40781 4.97314,
	3.41711 4.97005,
	3.41091 4.96075,
	3.42021 4.96695,
	3.4233 4.95765,
	3.4264 4.96695,
	3.4357 4.96075,
	3.4295 4.97005,
	3.4388 4.97314,
	3.4295 4.97624,
	3.4357 4.98554,
	3.4264 4.97934,
	3.4233 4.98864,
	3.42021 4.97934,
	3.41091 4.98554,
	"/>
<Contour name="Ax01B02ssvr5" hidden="false" closed="true" simplified="false" border="0.5 0 1" fill="0.5 0 1" mode="13"
 points="3.48218 4.99174,
	3.47288 4.98864,
	3.48218 4.98554,
	3.47598 4.97624,
	3.48528 4.98244,
	3.48838 4.97314,
	3.49148 4.98244,
	3.50077 4.97624,
	3.49458 4.98554,
	3.50387 4.98864,
	3.49458 4.99174,
	3.50077 5.00103,
	3.49148 4.99484,
	3.48838 5.00413,
	3.48528 4.99484,
	3.47598 5.00103,
	"/>
<Contour name="Ax01B02ssvr6" hidden="false" closed="true" simplified="false" border="0.5 0 1" fill="0.5 0 1" mode="13"
 points="3.53796 4.97624,
	3.52866 4.97314,
	3.53796 4.97005,
	3.53176 4.96075,
	3.54106 4.96695,
	3.54416 4.95765,
	3.54725 4.96695,
	3.55655 4.96075,
	3.55035 4.97005,
	3.55965 4.97314,
	3.55035 4.97624,
	3.55655 4.98554,
	3.54725 4.97934,
	3.54416 4.98864,
	3.54106 4.97934,
	3.53176 4.98554,
	"/>
<Contour name="Ax01B02ssvr7" hidden="false" closed="true" simplified="false" border="0.5 0 1" fill="0.5 0 1" mode="13"
 points="3.45429 4.90187,
	3.445 4.89877,
	3.45429 4.89568,
	3.44809 4.88638,
	3.45739 4.89258,
	3.46049 4.88328,
	3.46359 4.89258,
	3.47288 4.88638,
	3.46669 4.89568,
	3.47598 4.89877,
	3.46669 4.90187,
	3.47288 4.91117,
	3.46359 4.90497,
	3.46049 4.91427,
	3.45739 4.90497,
	3.44809 4.91117,
	"/>
</Transform>

<Transform dim="0"
 xcoef=" 0 1 0 0 0 0"
 ycoef=" 0 0 1 0 0 0">
<Contour name="Ax02" hidden="false" closed="true" simplified="true" border="0.5 0 1" fill="0.5 0 1" mode="11"
 points="0.478482 7.45145,
	0.492473 7.43186,
	0.51206 7.41228,
	0.554032 7.38709,
	0.570821 7.36471,
	0.615591 7.34792,
	0.637976 7.33952,
	0.643572 7.33952,
	0.688343 7.31154,
	0.777883 7.28636,
	0.822654 7.27797,
	0.912194 7.27797,
	0.956964 7.28076,
	0.979349 7.27797,
	1.02412 7.25838,
	1.11366 7.2332,
	1.15843 7.2248,
	1.2032 7.2276,
	1.22559 7.2332,
	1.26756 7.26397,
	1.27875 7.26957,
	1.32352 7.27517,
	1.36829 7.28916,
	1.39068 7.30595,
	1.40187 7.31154,
	1.41306 7.32274,
	1.41026 7.34512,
	1.40747 7.35631,
	1.39068 7.3759,
	1.30114 7.35631,
	1.27875 7.35631,
	1.23398 7.36471,
	1.18921 7.3787,
	1.14444 7.3815,
	1.12205 7.38989,
	1.11086 7.39829,
	1.06609 7.40668,
	1.04371 7.41507,
	1.00173 7.44306,
	0.990542 7.45425,
	0.945772 7.46824,
	0.934579 7.46824,
	0.914992 7.47943,
	0.892607 7.48503,
	0.847837 7.47943,
	0.825452 7.48223,
	0.803067 7.49062,
	0.758296 7.49342,
	0.7527 7.49902,
	0.70793 7.50741,
	0.685545 7.50741,
	0.674352 7.50182,
	0.651967 7.50182,
	0.640774 7.50182,
	0.618389 7.51021,
	0.612793 7.51581,
	0.590408 7.51301,
	0.568023 7.50182,
	0.562426 7.49622,
	0.540041 7.49062,
	0.528849 7.48503,
	0.523252 7.48503,
	0.517656 7.47943,
	0.495271 7.47104,
	0.478482 7.45705,
	0.478482 7.45425,
	"/>
</Transform>

<Transform dim="0"
 xcoef=" 0 1 0 0 0 0"
 ycoef=" 0 0 1 0 0 0">
<Contour name="Ax04" hidden="false" closed="true" simplified="true" border="1 0 0" fill="1 0 0" mode="-11"
 points="7.26303 4.02061,
	7.26855 4.01509,
	7.27131 4.00405,
	7.29339 3.98473,
	7.31546 3.97094,
	7.33478 3.94886,
	7.3403 3.93782,
	7.38169 3.90195,
	7.42584 3.87711,
	7.43688 3.86883,
	7.45896 3.86608,
	7.48103 3.86883,
	7.48655 3.87435,
	7.53071 3.88815,
	7.55278 3.89091,
	7.56382 3.89091,
	7.57486 3.89919,
	7.5721 3.92127,
	7.56934 3.9323,
	7.54726 3.95438,
	7.51139 3.99025,
	7.46724 4.02061,
	7.46172 4.03165,
	7.4562 4.03716,
	7.44792 4.12547,
	7.45344 4.16962,
	7.4562 4.1917,
	7.4424 4.23585,
	7.41757 4.28,
	7.38721 4.32139,
	7.35134 4.35727,
	7.33202 4.37658,
	7.30995 4.38762,
	7.28787 4.38762,
	7.27959 4.37934,
	7.27959 4.35727,
	7.29339 4.33519,
	7.30995 4.29104,
	7.30995 4.28552,
	7.31546 4.28,
	7.30167 4.23585,
	7.29615 4.23033,
	7.29339 4.21929,
	7.28511 4.20825,
	7.28235 4.19722,
	7.26855 4.17514,
	7.26579 4.15306,
	7.27407 4.10891,
	7.27683 4.06476,
	7.26579 4.04268,
	7.26303 4.02337,
	"/>
</Transform>

<Transform dim="0"
 xcoef=" 0 1 0 0 0 0"
 ycoef=" 0 0 1 0 0 0">
<Contour name="Ax05" hidden="false" closed="true" simplified="true" border="1 1 0" fill="1 1 0" mode="-11"
 points="4.74591 4.96716,
	4.76149 4.9173,
	4.76461 4.91107,
	4.81447 4.89237,
	4.86433 4.88302,
	4.87679 4.88302,
	4.88925 4.87679,
	4.93911 4.87679,
	5.03883 4.89237,
	5.06376 4.89549,
	5.08869 4.90484,
	5.10115 4.91107,
	5.10739 4.91107,
	5.11362 4.9173,
	5.13855 4.92665,
	5.15101 4.936,
	5.15724 4.936,
	5.17906 4.95781,
	5.18217 4.96404,
	5.17283 4.98897,
	5.15413 5.0139,
	5.1479 5.02325,
	5.05129 5.09492,
	4.95158 5.1292,
	4.92665 5.1292,
	4.87679 5.13855,
	4.85186 5.13543,
	4.82693 5.12608,
	4.80512 5.1105,
	4.78331 5.08869,
	4.76772 5.06376,
	4.76772 5.03883,
	4.75838 5.01702,
	4.74903 5.00455,
	4.74591 4.97962,
	4.74591 4.97027,
	"/>
</Transform>

<Transform dim="0"
 xcoef=" 0 1 0 0 0 0"
 ycoef=" 0 0 1 0 0 0">
<Contour name="Ax06" hidden="false" closed="true" simplified="true" border="0 0 1" fill="0 0 1" mode="11"
 points="8.06392 5.92489,
	8.09353 5.89898,
	8.21195 5.84717,
	8.22675 5.84347,
	8.23415 5.83977,
	8.24896 5.84347,
	8.36738 5.82497,
	8.4858 5.81387,
	8.60423 5.82497,
	8.66344 5.82867,
	8.69305 5.83977,
	8.72265 5.84347,
	8.73745 5.85087,
	8.79667 5.85087,
	8.82627 5.85458,
	8.84108 5.86198,
	8.85958 5.89158,
	8.85588 5.95079,
	8.84848 5.9804,
	8.82257 6.00631,
	8.80777 6.01741,
	8.74856 6.02111,
	8.71895 6.02111,
	8.60053 5.9989,
	8.4821 5.9989,
	8.4525 5.9952,
	8.39329 5.9767,
	8.33407 5.9767,
	8.27486 5.9878,
	8.24526 5.9804,
	8.23785 5.973,
	8.22305 5.9693,
	8.16384 5.9878,
	8.13423 5.9915,
	8.10463 5.9878,
	8.08982 5.9841,
	8.07502 5.973,
	8.06392 5.94339,
	8.06392 5.92859,
	"/>
<Contour name="Ax06" hidden="false" closed="true" simplified="true" border="0 0 1" fill="0 0 1" mode="11"
 points="5.29576 5.72875,
	5.30687 5.71395,
	5.42529 5.69914,
	5.54371 5.69174,
	5.60292 5.69174,
	5.63253 5.68434,
	5.75095 5.68434,
	5.76576 5.69174,
	5.79536 5.69544,
	5.85458 5.72135,
	5.88418 5.72875,
	5.89158 5.73615,
	5.95079 5.75466,
	5.9804 5.76206,
	6.03961 5.75466,
	6.09882 5.75466,
	6.12843 5.77316,
	6.14323 5.78056,
	6.15063 5.79536,
	6.15804 5.80277,
	6.15434 5.83237,
	6.13953 5.86198,
	6.13583 5.87678,
	6.07662 5.92489,
	6.05071 5.94339,
	5.9915 5.93969,
	5.9619 5.93599,
	5.90269 5.91379,
	5.88788 5.90269,
	5.87308 5.89898,
	5.86568 5.89898,
	5.85828 5.89158,
	5.79906 5.87678,
	5.68064 5.86198,
	5.62143 5.86938,
	5.56222 5.86938,
	5.53261 5.85828,
	5.503 5.83977,
	5.4956 5.84347,
	5.466 5.83237,
	5.40679 5.82497,
	5.37718 5.82497,
	5.34757 5.81387,
	5.31797 5.79166,
	5.29946 5.76576,
	5.29576 5.73615,
	5.29576 5.73245,
	"/>
</Transform>

<Transform dim="0"
 xcoef=" 0 1 0 0 0 0"
 ycoef=" 0 0 1 0 0 0">
<Contour name="Ax07" hidden="false" closed="true" simplified="true" border="1 0 1" fill="1 0 1" mode="11"
 points="3.58774 1.44461,
	3.59525 1.42458,
	3.59275 1.40455,
	3.59525 1.36449,
	3.59275 1.28438,
	3.59275 1.26435,
	3.59775 1.24432,
	3.60777 1.22429,
	3.61278 1.22178,
	3.61528 1.21177,
	3.64282 1.17922,
	3.66034 1.1642,
	3.68037 1.1667,
	3.7004 1.17672,
	3.70541 1.17672,
	3.71042 1.18173,
	3.73045 1.18673,
	3.73545 1.19174,
	3.74547 1.19424,
	3.76299 1.20927,
	3.77551 1.22929,
	3.78553 1.23931,
	3.82559 1.26184,
	3.84311 1.27937,
	3.85563 1.2994,
	3.86815 1.31442,
	3.87566 1.31943,
	3.89569 1.33695,
	3.9057 1.33946,
	3.91321 1.35949,
	3.91321 1.3695,
	3.9057 1.38953,
	3.89819 1.39954,
	3.89819 1.40455,
	3.89068 1.41457,
	3.87566 1.49468,
	3.87316 1.5047,
	3.87065 1.5097,
	3.9032 1.54726,
	3.92072 1.56478,
	3.94826 1.60484,
	3.96579 1.62487,
	3.98332 1.63989,
	4.01336 1.67995,
	4.02588 1.69748,
	4.04591 1.71,
	4.06594 1.71,
	4.106 1.72252,
	4.14605 1.74505,
	4.16358 1.76508,
	4.17109 1.78511,
	4.17359 1.80514,
	4.17359 1.81515,
	4.1786 1.82516,
	4.1786 1.84519,
	4.16608 1.88525,
	4.15356 1.90278,
	4.14355 1.91029,
	4.13854 1.91029,
	4.11851 1.92281,
	4.07846 1.93783,
	4.05843 1.94284,
	4.01837 1.94033,
	3.99834 1.94033,
	3.98832 1.93783,
	3.98332 1.93282,
	3.9733 1.93032,
	3.93324 1.90528,
	3.91572 1.88776,
	3.89819 1.87524,
	3.87065 1.83518,
	3.84812 1.79512,
	3.84812 1.75506,
	3.85062 1.73503,
	3.84812 1.715,
	3.85062 1.7125,
	3.84311 1.69247,
	3.8381 1.68246,
	3.8381 1.67745,
	3.82559 1.65742,
	3.82058 1.64741,
	3.81557 1.6424,
	3.81557 1.63739,
	3.81056 1.63238,
	3.80556 1.61235,
	3.80305 1.60234,
	3.80305 1.59733,
	3.72544 1.55227,
	3.70791 1.54225,
	3.69039 1.52723,
	3.65283 1.5047,
	3.64282 1.49969,
	3.64032 1.49468,
	3.6303 1.49218,
	3.59275 1.46213,
	3.58774 1.45212,
	3.58774 1.44711,
	"/>
</Transform>

<Transform dim="0"
 xcoef=" 0 1 0 0 0 0"
 ycoef=" 0 0 1 0 0 0">
<Contour name="Ax07B02ssvr188" hidden="false" closed="true" simplified="false" border="0.5 0 1" fill="0.5 0 1" mode="13"
 points="3.7311 1.29599,
	3.72359 1.29349,
	3.7311 1.29098,
	3.7261 1.28347,
	3.73361 1.28848,
	3.73611 1.28097,
	3.73862 1.28848,
	3.74613 1.28347,
	3.74112 1.29098,
	3.74863 1.29349,
	3.74112 1.29599,
	3.74613 1.3035,
	3.73862 1.2985,
	3.73611 1.30601,
	3.73361 1.2985,
	3.7261 1.3035,
	"/>
<Contour name="Ax07B02ssvr189" hidden="false" closed="true" simplified="false" border="0.5 0 1" fill="0.5 0 1" mode="13"
 points="3.69856 1.34857,
	3.69105 1.34607,
	3.69856 1.34356,
	3.69355 1.33605,
	3.70106 1.34106,
	3.70356 1.33355,
	3.70607 1.34106,
	3.71358 1.33605,
	3.70857 1.34356,
	3.71608 1.34607,
	3.70857 1.34857,
	3.71358 1.35608,
	3.70607 1.35107,
	3.70356 1.35858,
	3.70106 1.35107,
	3.69355 1.35608,
	"/>
<Contour name="Ax07B02ssvr190" hidden="false" closed="true" simplified="false" border="0.5 0 1" fill="0.5 0 1" mode="13"
 points="3.74362 1.39113,
	3.73611 1.38863,
	3.74362 1.38612,
	3.73862 1.37861,
	3.74613 1.38362,
	3.74863 1.37611,
	3.75113 1.38362,
	3.75864 1.37861,
	3.75364 1.38612,
	3.76115 1.38863,
	3.75364 1.39113,
	3.75864 1.39864,
	3.75113 1.39363,
	3.74863 1.40115,
	3.74613 1.39363,
	3.73862 1.39864,
	"/>
<Contour name="Ax07B02ssvr191" hidden="false" closed="true" simplified="false" border="0.5 0 1" fill="0.5 0 1" mode="13"
 points="3.74613 1.4387,
	3.73862 1.4362,
	3.74613 1.43369,
	3.74112 1.42618,
	3.74863 1.43119,
	3.75113 1.42368,
	3.75364 1.43119,
	3.76115 1.42618,
	3.75614 1.43369,
	3.76365 1.4362,
	3.75614 1.4387,
	3.76115 1.44621,
	3.75364 1.4412,
	3.75113 1.44872,
	3.74863 1.4412,
	3.74112 1.44621,
	"/>
<Contour name="Ax07B02ssvr192" hidden="false" closed="true" simplified="false" border="0.5 0 1" fill="0.5 0 1" mode="13"
 points="3.77116 1.46123,
	3.76365 1.45873,
	3.77116 1.45623,
	3.76616 1.44872,
	3.77367 1.45372,
	3.77617 1.44621,
	3.77867 1.45372,
	3.78618 1.44872,
	3.78118 1.45623,
	3.78869 1.45873,
	3.78118 1.46123,
	3.78618 1.46874,
	3.77867 1.46374,
	3.77617 1.47125,
	3.77367 1.46374,
	3.76616 1.46874,
	"/>
<Contour name="Ax07B02ssvr193" hidden="false" closed="true" simplified="false" border="0.5 0 1" fill="0.5 0 1" mode="13"
 points="3.78869 1.49628,
	3.78118 1.49378,
	3.78869 1.49128,
	3.78368 1.48377,
	3.79119 1.48877,
	3.7937 1.48126,
	3.7962 1.48877,
	3.80371 1.48377,
	3.7987 1.49128,
	3.80621 1.49378,
	3.7987 1.49628,
	3.80371 1.5038,
	3.7962 1.49879,
	3.7937 1.5063,
	3.79119 1.49879,
	3.78368 1.5038,
	"/>
<Contour name="Ax07B02ssvr194" hidden="false" closed="true" simplified="false" border="0.5 0 1" fill="0.5 0 1" mode="13"
 points="3.86881 1.65151,
	3.86129 1.64901,
	3.86881 1.6465,
	3.8638 1.63899,
	3.87131 1.644,
	3.87381 1.63649,
	3.87632 1.644,
	3.88383 1.63899,
	3.87882 1.6465,
	3.88633 1.64901,
	3.87882 1.65151,
	3.88383 1.65902,
	3.87632 1.65401,
	3.87381 1.66153,
	3.87131 1.65401,
	3.8638 1.65902,
	"/>
<Contour name="Ax07B02ssvr195" hidden="false" closed="true" simplified="false" border="0.5 0 1" fill="0.5 0 1" mode="13"
 points="3.90386 1.68907,
	3.89635 1.68656,
	3.90386 1.68406,
	3.89885 1.67655,
	3.90636 1.68156,
	3.90886 1.67404,
	3.91137 1.68156,
	3.91888 1.67655,
	3.91387 1.68406,
	3.92138 1.68656,
	3.91387 1.68907,
	3.91888 1.69658,
	3.91137 1.69157,
	3.90886 1.69908,
	3.90636 1.69157,
	3.89885 1.69658,
	"/>
<Contour name="Ax07B02ssvr196" hidden="false" closed="true" simplified="false" border="0.5 0 1" fill="0.5 0 1" mode="13"
 points="3.9364 1.70659,
	3.92889 1.70409,
	3.9364 1.70158,
	3.9314 1.69407,
	3.93891 1.69908,
	3.94141 1.69157,
	3.94391 1.69908,
	3.95143 1.69407,
	3.94642 1.70158,
	3.95393 1.70409,
	3.94642 1.70659,
	3.95143 1.7141,
	3.94391 1.7091,
	3.94141 1.71661,
	3.93891 1.7091,
	3.9314 1.7141,
	"/>
<Contour name="Ax07B02ssvr197" hidden="false" closed="true" simplified="false" border="0.5 0 1" fill="0.5 0 1" mode="13"
 points="3.95894 1.74415,
	3.95143 1.74164,
	3.95894 1.73914,
	3.95393 1.73163,
	3.96144 1.73664,
	3.96394 1.72912,
	3.96645 1.73664,
	3.97396 1.73163,
	3.96895 1.73914,
	3.97646 1.74164,
	3.96895 1.74415,
	3.97396 1.75166,
	3.96645 1.74665,
	3.96394 1.75416,
	3.96144 1.74665,
	3.95393 1.75166,
	"/>
<Contour name="Ax07B02ssvr198" hidden="false" closed="true" simplified="false" border="0.5 0 1" fill="0.5 0 1" mode="13"
 points="4.02654 1.79672,
	4.01902 1.79422,
	4.02654 1.79172,
	4.02153 1.7842,
	4.02904 1.78921,
	4.03154 1.7817,
	4.03405 1.78921,
	4.04156 1.7842,
	4.03655 1.79172,
	4.04406 1.79422,
	4.03655 1.79672,
	4.04156 1.80423,
	4.03405 1.79923,
	4.03154 1.80674,
	4.02904 1.79923,
	4.02153 1.80423,
	"/>
<Contour name="Ax07B02ssvr199" hidden="false" closed="true" simplified="false" border="0.5 0 1" fill="0.5 0 1" mode="13"
 points="3.97897 1.80924,
	3.97146 1.80674,
	3.97897 1.80423,
	3.97396 1.79672,
	3.98147 1.80173,
	3.98397 1.79422,
	3.98648 1.80173,
	3.99399 1.79672,
	3.98898 1.80423,
	3.99649 1.80674,
	3.98898 1.80924,
	3.99399 1.81675,
	3.98648 1.81175,
	3.98397 1.81926,
	3.98147 1.81175,
	3.97396 1.81675,
	"/>
<Contour name="Ax07B02ssvr200" hidden="false" closed="true" simplified="false" border="0.5 0 1" fill="0.5 0 1" mode="13"
 points="4.01402 1.83678,
	4.00651 1.83428,
	4.01402 1.83177,
	4.00901 1.82426,
	4.01652 1.82927,
	4.01902 1.82176,
	4.02153 1.82927,
	4.02904 1.82426,
	4.02403 1.83177,
	4.03154 1.83428,
	4.02403 1.83678,
	4.02904 1.84429,
	4.02153 1.83929,
	4.01902 1.8468,
	4.01652 1.83929,
	4.00901 1.84429,
	"/>
</Transform>

<Transform dim="0"
 xcoef=" 0 1 0 0 0 0"
 ycoef=" 0 0 1 0 0 0">
<Contour name="Ax07B02ssvd4" hidden="false" closed="true" simplified="false" border="1 0.5 0" fill="1 0.5 0" mode="13"
 points="3.96144 1.87434,
	3.96144 1.86933,
	3.96645 1.86432,
	3.97146 1.86432,
	3.97646 1.86933,
	3.97646 1.87434,
	3.97146 1.87934,
	3.96645 1.87934,
	"/>
<Contour name="Ax07B02ssvd5" hidden="false" closed="true" simplified="false" border="1 0.5 0" fill="1 0.5 0" mode="13"
 points="4.01151 1.88936,
	4.01151 1.88435,
	4.01652 1.87934,
	4.02153 1.87934,
	4.02654 1.88435,
	4.02654 1.88936,
	4.02153 1.89437,
	4.01652 1.89437,
	"/>
</Transform>

<Transform dim="0"
 xcoef=" 0 1 0 0 0 0"
 ycoef=" 0 0 1 0 0 0">
<Contour name="Ax07B02c01" hidden="false" closed="true" simplified="true" border="0 1 0" fill="0 1 0" mode="11"
 points="3.88567 1.88776,
	3.9032 1.87023,
	3.90821 1.87023,
	3.91321 1.86522,
	3.93324 1.86773,
	3.95327 1.88275,
	3.9733 1.88776,
	3.97831 1.89276,
	4.01837 1.90027,
	4.0384 1.90278,
	4.05843 1.9203,
	4.07094 1.94033,
	4.07595 1.94784,
	4.07595 1.95786,
	4.06343 1.97789,
	4.0434 1.99541,
	4.02337 2.00042,
	3.98332 2.00042,
	3.96329 2.00042,
	3.94326 1.99541,
	3.92323 1.9854,
	3.9057 1.96787,
	3.89318 1.94784,
	3.88567 1.90779,
	3.88567 1.89026,
	"/>
</Transform>

<Transform dim="1"
 xcoef=" 0.01 1 0 0 0 0"
 ycoef=" -0.01 0 1 0 0 0">
<Contour name="Ax07B02cfa01" hidden="false" closed="true" simplified="true" border="0 1 0" fill="0 1 0" mode="11"
 points="3.88567 1.88776,
	3.9032 1.87023,
	3.90821 1.87023,
	3.91321 1.86522,
	3.93324 1.86773,
	3.95327 1.88275,
	3.9733 1.88776,
	3.97831 1.89276,
	4.01837 1.90027,
	4.0384 1.90278,
	4.05843 1.9203,
	4.07094 1.94033,
	4.07595 1.94784,
	4.07595 1.95786,
	4.06343 1.97789,
	4.0434 1.99541,
	4.02337 2.00042,
	3.98332 2.00042,
	3.96329 2.00042,
	3.94326 1.99541,
	3.92323 1.9854,
	3.9057 1.96787,
	3.89318 1.94784,
	3.88567 1.90779,
	3.88567 1.89026,
	"/>
</Transform>

<Transform dim="0"
 xcoef=" 0 1 0 0 0 0"
 ycoef=" 0 0 1 0 0 0">
<Contour name="Ax08" hidden="false" closed="true" simplified="true" border="1 0 0" fill="1 0 0" mode="11"
 points="6.91499 4.54745,
	6.92879 4.52537,
	6.93983 4.5171,
	6.94535 4.5171,
	6.96742 4.50054,
	6.97846 4.49778,
	7.01985 4.47295,
	7.064 4.45915,
	7.2406 4.44535,
	7.26267 4.44811,
	7.27371 4.45087,
	7.29579 4.46743,
	7.32614 4.51158,
	7.33442 4.51986,
	7.34546 4.52262,
	7.35097 4.52813,
	7.39512 4.53917,
	7.48342 4.53917,
	7.52757 4.53917,
	7.61587 4.55573,
	7.66002 4.55573,
	7.6821 4.55573,
	7.69314 4.55021,
	7.73729 4.55021,
	7.82559 4.56401,
	7.84766 4.56401,
	7.89181 4.55297,
	7.93596 4.54745,
	7.98011 4.54745,
	8.02426 4.55297,
	8.04634 4.55849,
	8.05737 4.56125,
	8.06289 4.56677,
	8.08497 4.57228,
	8.09601 4.58056,
	8.10152 4.58056,
	8.14567 4.6054,
	8.18982 4.62471,
	8.2119 4.62747,
	8.25605 4.64679,
	8.26709 4.65231,
	8.2864 4.67162,
	8.28916 4.68266,
	8.31952 4.72681,
	8.33055 4.74612,
	8.3747 4.75164,
	8.41885 4.74888,
	8.59545 4.72129,
	8.6396 4.71025,
	8.66168 4.70197,
	8.74998 4.70473,
	8.77205 4.70749,
	8.8162 4.72681,
	8.83276 4.74612,
	8.83828 4.75716,
	8.8438 4.80131,
	8.8438 4.88961,
	8.8438 4.93376,
	8.84932 4.97791,
	8.85207 4.99999,
	8.84656 5.02206,
	8.84656 5.02758,
	8.84104 5.0331,
	8.83828 5.04414,
	8.82172 5.06345,
	8.77757 5.06897,
	8.73342 5.06621,
	8.71135 5.06069,
	8.68927 5.06069,
	8.64512 5.05242,
	8.60097 5.03862,
	8.58993 5.03586,
	8.5789 5.02758,
	8.55682 5.02206,
	8.5513 5.02206,
	8.54578 5.01654,
	8.52371 5.01102,
	8.51819 5.01102,
	8.51267 5.00551,
	8.50163 5.00275,
	8.45748 4.97791,
	8.43541 4.96136,
	8.39126 4.95032,
	8.34711 4.9448,
	8.30296 4.92824,
	8.28088 4.92272,
	8.19258 4.91997,
	8.14843 4.91997,
	8.14292 4.91997,
	8.1374 4.91445,
	8.09325 4.90065,
	8.0491 4.90065,
	7.9608 4.88961,
	7.93872 4.88133,
	7.85042 4.87582,
	7.80627 4.86754,
	7.76212 4.85374,
	7.74005 4.84546,
	7.72901 4.8427,
	7.72349 4.83718,
	7.71797 4.83718,
	7.71245 4.83167,
	7.62415 4.80407,
	7.53585 4.782,
	7.52482 4.77924,
	7.5193 4.77372,
	7.50826 4.77096,
	7.48618 4.75716,
	7.48067 4.75716,
	7.43652 4.73233,
	7.39237 4.70197,
	7.37029 4.68818,
	7.32614 4.67162,
	7.28199 4.67714,
	7.27095 4.67714,
	7.2268 4.69646,
	7.20473 4.70473,
	7.16058 4.70197,
	7.1385 4.69922,
	7.09435 4.67438,
	7.08332 4.66886,
	7.0778 4.66334,
	7.03365 4.66058,
	7.01157 4.65231,
	7.00605 4.64403,
	6.98398 4.62471,
	6.94259 4.59436,
	6.92327 4.57228,
	6.91499 4.55021,
	"/>
</Transform>

<Transform dim="0"
 xcoef=" 0 1 0 0 0 0"
 ycoef=" 0 0 1 0 0 0">
<Contour name="Ax08" hidden="false" closed="true" simplified="true" border="1 0 0" fill="1 0 0" mode="11"
 points="2.41507 3.36276,
	2.46399 3.32913,
	2.5129 3.32302,
	2.61073 3.32302,
	2.63518 3.32913,
	2.64741 3.33219,
	2.65352 3.3383,
	2.66575 3.34136,
	2.69021 3.35665,
	2.69938 3.36582,
	2.72384 3.37499,
	2.74829 3.37805,
	2.77275 3.39027,
	2.78498 3.39639,
	2.80943 3.39639,
	2.82166 3.39639,
	2.83389 3.38722,
	2.84 3.38722,
	2.84612 3.3811,
	2.87058 3.3811,
	2.91949 3.39333,
	2.9684 3.41779,
	2.98674 3.43613,
	3.00509 3.46059,
	3.00814 3.48504,
	3.00509 3.49727,
	2.98674 3.51867,
	2.98063 3.52479,
	2.97452 3.52479,
	2.9684 3.5309,
	2.96229 3.5309,
	2.93783 3.54618,
	2.9256 3.57064,
	2.91643 3.58287,
	2.9042 3.58898,
	2.85529 3.59204,
	2.84306 3.59204,
	2.81861 3.60427,
	2.80638 3.61038,
	2.70855 3.6165,
	2.68409 3.61955,
	2.63518 3.61344,
	2.58933 3.57064,
	2.54653 3.53396,
	2.50067 3.50339,
	2.48844 3.49727,
	2.44259 3.45447,
	2.42425 3.43002,
	2.41507 3.40556,
	2.41507 3.3811,
	2.41507 3.36888,
	2.41507 3.36582,
	"/>
</Transform>

<Transform dim="0"
 xcoef=" 0 1 0 0 0 0"
 ycoef=" 0 0 1 0 0 0">
<Contour name="Ax08B02ssvr7" hidden="false" closed="true" simplified="false" border="0.5 0 1" fill="0.5 0 1" mode="13"
 points="2.78836 3.57355,
	2.77808 3.57013,
	2.78836 3.56671,
	2.78151 3.55643,
	2.79178 3.56328,
	2.79521 3.55301,
	2.79863 3.56328,
	2.8089 3.55643,
	2.80206 3.56671,
	2.81233 3.57013,
	2.80206 3.57355,
	2.8089 3.58383,
	2.79863 3.57698,
	2.79521 3.58725,
	2.79178 3.57698,
	2.78151 3.58383,
	"/>
<Contour name="Ax08B02ssvr8" hidden="false" closed="true" simplified="false" border="0.5 0 1" fill="0.5 0 1" mode="13"
 points="2.77808 3.52219,
	2.76781 3.51876,
	2.77808 3.51534,
	2.77124 3.50506,
	2.78151 3.51191,
	2.78493 3.50164,
	2.78836 3.51191,
	2.79863 3.50506,
	2.79178 3.51534,
	2.80206 3.51876,
	2.79178 3.52219,
	2.79863 3.53246,
	2.78836 3.52561,
	2.78493 3.53589,
	2.78151 3.52561,
	2.77124 3.53246,
	"/>
<Contour name="Ax08B02ssvr9" hidden="false" closed="true" simplified="false" border="0.5 0 1" fill="0.5 0 1" mode="13"
 points="2.74041 3.56671,
	2.73014 3.56328,
	2.74041 3.55986,
	2.73357 3.54958,
	2.74384 3.55643,
	2.74726 3.54616,
	2.75069 3.55643,
	2.76096 3.54958,
	2.75411 3.55986,
	2.76439 3.56328,
	2.75411 3.56671,
	2.76096 3.57698,
	2.75069 3.57013,
	2.74726 3.5804,
	2.74384 3.57013,
	2.73357 3.57698,
	"/>
<Contour name="Ax08B02ssvr10" hidden="false" closed="true" simplified="false" border="0.5 0 1" fill="0.5 0 1" mode="13"
 points="2.66508 3.55643,
	2.6548 3.55301,
	2.66508 3.54958,
	2.65823 3.53931,
	2.6685 3.54616,
	2.67192 3.53589,
	2.67535 3.54616,
	2.68562 3.53931,
	2.67877 3.54958,
	2.68905 3.55301,
	2.67877 3.55643,
	2.68562 3.56671,
	2.67535 3.55986,
	2.67192 3.57013,
	2.6685 3.55986,
	2.65823 3.56671,
	"/>
<Contour name="Ax08B02ssvr11" hidden="false" closed="true" simplified="false" border="0.5 0 1" fill="0.5 0 1" mode="13"
 points="2.69932 3.50164,
	2.68905 3.49822,
	2.69932 3.49479,
	2.69247 3.48452,
	2.70275 3.49137,
	2.70617 3.48109,
	2.70959 3.49137,
	2.71987 3.48452,
	2.71302 3.49479,
	2.72329 3.49822,
	2.71302 3.50164,
	2.71987 3.51191,
	2.70959 3.50506,
	2.70617 3.51534,
	2.70275 3.50506,
	2.69247 3.51191,
	"/>
<Contour name="Ax08B02ssvr12" hidden="false" closed="true" simplified="false" border="0.5 0 1" fill="0.5 0 1" mode="13"
 points="2.6685 3.47082,
	2.65823 3.4674,
	2.6685 3.46397,
	2.66165 3.4537,
	2.67192 3.46055,
	2.67535 3.45027,
	2.67877 3.46055,
	2.68905 3.4537,
	2.6822 3.46397,
	2.69247 3.4674,
	2.6822 3.47082,
	2.68905 3.48109,
	2.67877 3.47424,
	2.67535 3.48452,
	2.67192 3.47424,
	2.66165 3.48109,
	"/>
</Transform>

<Transform dim="0"
 xcoef=" 0 1 0 0 0 0"
 ycoef=" 0 0 1 0 0 0">
<Contour name="Ax08B05ssvr158" hidden="false" closed="true" simplified="false" border="0.5 0 1" fill="0.5 0 1" mode="13"
 points="7.15118 4.58401,
	7.14119 4.58068,
	7.15118 4.57735,
	7.14452 4.56736,
	7.15451 4.57402,
	7.15784 4.56403,
	7.16117 4.57402,
	7.17116 4.56736,
	7.1645 4.57735,
	7.17449 4.58068,
	7.1645 4.58401,
	7.17116 4.594,
	7.16117 4.58734,
	7.15784 4.59733,
	7.15451 4.58734,
	7.14452 4.594,
	"/>
<Contour name="Ax08B05ssvr159" hidden="false" closed="true" simplified="false" border="0.5 0 1" fill="0.5 0 1" mode="13"
 points="7.0979 4.60399,
	7.08791 4.60066,
	7.0979 4.59733,
	7.09124 4.58734,
	7.10123 4.594,
	7.10456 4.58401,
	7.10789 4.594,
	7.11788 4.58734,
	7.11122 4.59733,
	7.12121 4.60066,
	7.11122 4.60399,
	7.11788 4.61398,
	7.10789 4.60732,
	7.10456 4.61731,
	7.10123 4.60732,
	7.09124 4.61398,
	"/>
</Transform>

<Transform dim="0"
 xcoef=" 0 1 0 0 0 0"
 ycoef=" 0 0 1 0 0 0">
<Contour name="Ax08B05ssvr165" hidden="false" closed="true" simplified="false" border="0.5 0 1" fill="0.5 0 1" mode="13"
 points="8.36996 4.86706,
	8.35997 4.86373,
	8.36996 4.8604,
	8.3633 4.85041,
	8.37329 4.85707,
	8.37662 4.84708,
	8.37995 4.85707,
	8.38994 4.85041,
	8.38328 4.8604,
	8.39327 4.86373,
	8.38328 4.86706,
	8.38994 4.87705,
	8.37995 4.87039,
	8.37662 4.88038,
	8.37329 4.87039,
	8.3633 4.87705,
	"/>
<Contour name="Ax08B05ssvr166" hidden="false" closed="true" simplified="false" border="0.5 0 1" fill="0.5 0 1" mode="13"
 points="8.34332 4.82377,
	8.33333 4.82044,
	8.34332 4.81711,
	8.33666 4.80712,
	8.34665 4.81378,
	8.34998 4.80379,
	8.35331 4.81378,
	8.3633 4.80712,
	8.35664 4.81711,
	8.36663 4.82044,
	8.35664 4.82377,
	8.3633 4.83376,
	8.35331 4.8271,
	8.34998 4.83709,
	8.34665 4.8271,
	8.33666 4.83376,
	"/>
<Contour name="Ax08B05ssvr167" hidden="false" closed="true" simplified="false" border="0.5 0 1" fill="0.5 0 1" mode="13"
 points="8.31002 4.84042,
	8.30003 4.83709,
	8.31002 4.83376,
	8.30336 4.82377,
	8.31335 4.83043,
	8.31668 4.82044,
	8.32001 4.83043,
	8.33 4.82377,
	8.32334 4.83376,
	8.33333 4.83709,
	8.32334 4.84042,
	8.33 4.85041,
	8.32001 4.84375,
	8.31668 4.85374,
	8.31335 4.84375,
	8.30336 4.85041,
	"/>
<Contour name="Ax08B05ssvr168" hidden="false" closed="true" simplified="false" border="0.5 0 1" fill="0.5 0 1" mode="13"
 points="8.29337 4.87705,
	8.28338 4.87372,
	8.29337 4.87039,
	8.28671 4.8604,
	8.2967 4.86706,
	8.30003 4.85707,
	8.30336 4.86706,
	8.31335 4.8604,
	8.30669 4.87039,
	8.31668 4.87372,
	8.30669 4.87705,
	8.31335 4.88704,
	8.30336 4.88038,
	8.30003 4.89037,
	8.2967 4.88038,
	8.28671 4.88704,
	"/>
<Contour name="Ax08B05ssvr169" hidden="false" closed="true" simplified="false" border="0.5 0 1" fill="0.5 0 1" mode="13"
 points="8.33 4.90036,
	8.32001 4.89703,
	8.33 4.8937,
	8.32334 4.88371,
	8.33333 4.89037,
	8.33666 4.88038,
	8.33999 4.89037,
	8.34998 4.88371,
	8.34332 4.8937,
	8.35331 4.89703,
	8.34332 4.90036,
	8.34998 4.91035,
	8.33999 4.90369,
	8.33666 4.91368,
	8.33333 4.90369,
	8.32334 4.91035,
	"/>
</Transform>

<Transform dim="0"
 xcoef=" 0 1 0 0 0 0"
 ycoef=" 0 0 1 0 0 0">
<Contour name="Ax10" hidden="false" closed="true" simplified="true" border="0 1 1" fill="0 1 1" mode="11"
 points="2.70879 7.12409,
	2.72608 7.10681,
	2.79088 7.06792,
	2.80816 7.05496,
	2.82544 7.05064,
	2.84272 7.03768,
	2.85136 7.03768,
	2.88592 7.01608,
	2.90321 7.01176,
	2.91185 7.00312,
	2.98097 6.98152,
	3.04145 6.92535,
	3.11058 6.88647,
	3.1797 6.85623,
	3.19698 6.84327,
	3.26611 6.82167,
	3.28339 6.81735,
	3.41299 6.71366,
	3.4778 6.66182,
	3.53396 6.60566,
	3.5642 6.57541,
	3.59444 6.55381,
	3.61173 6.54085,
	3.62037 6.53221,
	3.62037 6.52357,
	3.64629 6.49333,
	3.66357 6.45877,
	3.67221 6.44149,
	3.68949 6.42421,
	3.69813 6.42421,
	3.70677 6.41557,
	3.7759 6.41989,
	3.81046 6.42421,
	3.82774 6.43717,
	3.83638 6.44581,
	3.83638 6.48037,
	3.83206 6.49765,
	3.81478 6.50629,
	3.80614 6.51493,
	3.73701 6.54085,
	3.70245 6.55381,
	3.66789 6.57541,
	3.65061 6.58838,
	3.64197 6.58838,
	3.59444 6.64454,
	3.55556 6.70934,
	3.53828 6.7439,
	3.52964 6.81303,
	3.50372 6.88215,
	3.48644 6.89511,
	3.46484 6.92103,
	3.40003 6.9772,
	3.36547 6.99448,
	3.34819 7.00312,
	3.33955 7.00312,
	3.33091 7.01176,
	3.29635 7.0204,
	3.26179 7.03768,
	3.25315 7.03768,
	3.2445 7.04632,
	3.17538 7.06792,
	3.14082 7.07224,
	3.12354 7.07656,
	3.1149 7.07656,
	3.10626 7.0852,
	2.96801 7.13705,
	2.93345 7.15865,
	2.86432 7.18025,
	2.85568 7.18889,
	2.78656 7.20185,
	2.752 7.19753,
	2.73472 7.18889,
	2.71743 7.17161,
	2.70879 7.15433,
	2.70879 7.13705,
	2.70879 7.12841,
	"/>
</Transform>

<Transform dim="0"
 xcoef=" 0 1 0 0 0 0"
 ycoef=" 0 0 1 0 0 0">
<Contour name="Ax10" hidden="false" closed="true" simplified="true" border="0 1 1" fill="0 1 1" mode="11"
 points="0.578913 8.41152,
	0.596194 8.39856,
	0.630756 8.38992,
	0.648037 8.3856,
	0.717161 8.33808,
	0.751723 8.32511,
	0.889971 8.30351,
	1.16647 8.17823,
	1.23559 8.17391,
	1.24855 8.15663,
	1.3868 8.07454,
	1.52505 7.98382,
	1.55961 7.95357,
	1.59417 7.93197,
	1.61145 7.91469,
	1.68058 7.89309,
	1.7497 7.86285,
	1.81882 7.82397,
	1.85339 7.81533,
	1.88795 7.82397,
	1.90523 7.83261,
	1.91387 7.84989,
	1.88363 7.91901,
	1.8361 7.98814,
	1.69786 8.0875,
	1.62873 8.1523,
	1.57257 8.22143,
	1.50777 8.28623,
	1.49048 8.29919,
	1.42136 8.32079,
	1.35224 8.36832,
	1.31768 8.37264,
	1.28311 8.36832,
	1.27447 8.36832,
	1.13622 8.46768,
	1.10166 8.48496,
	0.963415 8.51521,
	0.894291 8.54545,
	0.825167 8.54113,
	0.790605 8.53681,
	0.773324 8.53249,
	0.764684 8.52385,
	0.730122 8.51089,
	0.712841 8.49792,
	0.643717 8.48064,
	0.626436 8.47632,
	0.591874 8.4504,
	0.578913 8.41584,
	"/>
</Transform>

<Transform dim="0"
 xcoef=" 0 1 0 0 0 0"
 ycoef=" 0 0 1 0 0 0">
<Contour name="Ax10B01ssvr232" hidden="false" closed="true" simplified="false" border="0.5 0 1" fill="0.5 0 1" mode="13"
 points="0.713604 8.44,
	0.702334 8.43625,
	0.713604 8.43249,
	0.706091 8.42122,
	0.717361 8.42873,
	0.721118 8.41746,
	0.724875 8.42873,
	0.736145 8.42122,
	0.728631 8.43249,
	0.739902 8.43625,
	0.728631 8.44,
	0.736145 8.45127,
	0.724875 8.44376,
	0.721118 8.45503,
	0.717361 8.44376,
	0.706091 8.45127,
	"/>
<Contour name="Ax10B01ssvr233" hidden="false" closed="true" simplified="false" border="0.5 0 1" fill="0.5 0 1" mode="13"
 points="0.769956 8.42122,
	0.758685 8.41746,
	0.769956 8.41371,
	0.762442 8.40244,
	0.773712 8.40995,
	0.777469 8.39868,
	0.781226 8.40995,
	0.792496 8.40244,
	0.784982 8.41371,
	0.796253 8.41746,
	0.784982 8.42122,
	0.792496 8.43249,
	0.781226 8.42498,
	0.777469 8.43625,
	0.773712 8.42498,
	0.762442 8.43249,
	"/>
<Contour name="Ax10B01ssvr234" hidden="false" closed="true" simplified="false" border="0.5 0 1" fill="0.5 0 1" mode="13"
 points="0.784982 8.36487,
	0.773712 8.36111,
	0.784982 8.35736,
	0.777469 8.34609,
	0.788739 8.3536,
	0.792496 8.34233,
	0.796253 8.3536,
	0.807523 8.34609,
	0.800009 8.35736,
	0.81128 8.36111,
	0.800009 8.36487,
	0.807523 8.37614,
	0.796253 8.36863,
	0.792496 8.3799,
	0.788739 8.36863,
	0.777469 8.37614,
	"/>
<Contour name="Ax10B01ssvr235" hidden="false" closed="true" simplified="false" border="0.5 0 1" fill="0.5 0 1" mode="13"
 points="0.815036 8.39492,
	0.803766 8.39117,
	0.815036 8.38741,
	0.807523 8.37614,
	0.818793 8.38365,
	0.82255 8.37238,
	0.826307 8.38365,
	0.837577 8.37614,
	0.830063 8.38741,
	0.841334 8.39117,
	0.830063 8.39492,
	0.837577 8.40619,
	0.826307 8.39868,
	0.82255 8.40995,
	0.818793 8.39868,
	0.807523 8.40619,
	"/>
<Contour name="Ax10B01ssvr236" hidden="false" closed="true" simplified="false" border="0.5 0 1" fill="0.5 0 1" mode="13"
 points="0.830063 8.44376,
	0.818793 8.44,
	0.830063 8.43625,
	0.82255 8.42498,
	0.83382 8.43249,
	0.837577 8.42122,
	0.841334 8.43249,
	0.852604 8.42498,
	0.84509 8.43625,
	0.85636 8.44,
	0.84509 8.44376,
	0.852604 8.45503,
	0.841334 8.44752,
	0.837577 8.45879,
	0.83382 8.44752,
	0.82255 8.45503,
	"/>
<Contour name="Ax10B01ssvr237" hidden="false" closed="true" simplified="false" border="0.5 0 1" fill="0.5 0 1" mode="13"
 points="0.871387 8.47757,
	0.860117 8.47381,
	0.871387 8.47006,
	0.863874 8.45879,
	0.875144 8.4663,
	0.878901 8.45503,
	0.882658 8.4663,
	0.893928 8.45879,
	0.886414 8.47006,
	0.897685 8.47381,
	0.886414 8.47757,
	0.893928 8.48884,
	0.882658 8.48133,
	0.878901 8.4926,
	0.875144 8.48133,
	0.863874 8.48884,
	"/>
<Contour name="Ax10B01ssvr238" hidden="false" closed="true" simplified="false" border="0.5 0 1" fill="0.5 0 1" mode="13"
 points="0.927738 8.45879,
	0.916468 8.45503,
	0.927738 8.45127,
	0.920225 8.44,
	0.931495 8.44752,
	0.935252 8.43625,
	0.939009 8.44752,
	0.950279 8.44,
	0.942765 8.45127,
	0.954036 8.45503,
	0.942765 8.45879,
	0.950279 8.47006,
	0.939009 8.46254,
	0.935252 8.47381,
	0.931495 8.46254,
	0.920225 8.47006,
	"/>
<Contour name="Ax10B01ssvr239" hidden="false" closed="true" simplified="false" border="0.5 0 1" fill="0.5 0 1" mode="13"
 points="0.954036 8.37614,
	0.942765 8.37238,
	0.954036 8.36863,
	0.946522 8.35736,
	0.957792 8.36487,
	0.961549 8.3536,
	0.965306 8.36487,
	0.976576 8.35736,
	0.969063 8.36863,
	0.980333 8.37238,
	0.969063 8.37614,
	0.976576 8.38741,
	0.965306 8.3799,
	0.961549 8.39117,
	0.957792 8.3799,
	0.946522 8.38741,
	"/>
<Contour name="Ax10B01ssvr240" hidden="false" closed="true" simplified="false" border="0.5 0 1" fill="0.5 0 1" mode="13"
 points="0.999116 8.3273,
	0.987846 8.32355,
	0.999116 8.31979,
	0.991603 8.30852,
	1.00287 8.31603,
	1.00663 8.30476,
	1.01039 8.31603,
	1.02166 8.30852,
	1.01414 8.31979,
	1.02541 8.32355,
	1.01414 8.3273,
	1.02166 8.33857,
	1.01039 8.33106,
	1.00663 8.34233,
	1.00287 8.33106,
	0.991603 8.33857,
	"/>
<Contour name="Ax10B01ssvr241" hidden="false" closed="true" simplified="false" border="0.5 0 1" fill="0.5 0 1" mode="13"
 points="1.63025 7.97793,
	1.61898 7.97417,
	1.63025 7.97041,
	1.62273 7.95914,
	1.634 7.96666,
	1.63776 7.95539,
	1.64152 7.96666,
	1.65279 7.95914,
	1.64528 7.97041,
	1.65655 7.97417,
	1.64528 7.97793,
	1.65279 7.9892,
	1.64152 7.98168,
	1.63776 7.99295,
	1.634 7.98168,
	1.62273 7.9892,
	"/>
</Transform>

<Transform dim="1"
 xcoef=" 0.11 1 0 0 0 0"
 ycoef=" 0.04 0 1 0 0 0">
<Contour name="Brick Analysis" hidden="false" closed="false" simplified="true" border="1 0 0" fill="1 0 1" mode="9"
 points="2.89398 8.1437,
	2.89398 6.3937,
	2.89398 2.8937,
	6.39398 2.8937,
	6.39398 1.1437,
	"/>
<Contour name="Brick Analysis" hidden="false" closed="false" simplified="true" border="0 1 0" fill="1 0 1" mode="9"
 points="2.89398 6.3937,
	6.39398 6.3937,
	6.39398 2.8937,
	"/>
</Transform>

<Transform dim="0"
 xcoef=" 0 1 0 0 0 0"
 ycoef=" 0 0 1 0 0 0">
<Contour name="Brax51" hidden="false" closed="true" simplified="false" border="1 0.5 0" fill="1 0.5 0" mode="-13"
 points="4.32478 4.96647,
	4.32478 4.95793,
	4.33332 4.94939,
	4.34186 4.94939,
	4.3504 4.95793,
	4.3504 4.96647,
	4.34186 4.97501,
	4.33332 4.97501,
	"/>
</Transform>

<Transform dim="0"
 xcoef=" 0 1 0 0 0 0"
 ycoef=" 0 0 1 0 0 0">
<Contour name="Brax66" hidden="false" closed="true" simplified="false" border="0 0 1" fill="0 0 1" mode="-13"
 points="5.12352 4.64185,
	5.09362 4.61195,
	5.12352 4.58205,
	5.15342 4.61195,
	"/>
</Transform>

<Transform dim="0"
 xcoef=" 0 1 0 0 0 0"
 ycoef=" 0 0 1 0 0 0">
<Contour name="Brax67" hidden="false" closed="true" simplified="false" border="1 0 1" fill="1 0 1" mode="-13"
 points="4.35468 6.21371,
	4.35468 6.19663,
	4.37176 6.17954,
	4.38885 6.17954,
	4.40593 6.19663,
	4.40593 6.21371,
	4.38885 6.2308,
	4.37176 6.2308,
	"/>
</Transform>

<Transform dim="0"
 xcoef=" 0 1 0 0 0 0"
 ycoef=" 0 0 1 0 0 0">
<Contour name="Brax68" hidden="false" closed="true" simplified="false" border="1 0 0" fill="1 0 0" mode="-13"
 points="3.64563 3.52275,
	3.62 3.52275,
	3.62 3.53556,
	3.63281 3.54838,
	3.67126 3.56119,
	3.64563 3.574,
	3.63281 3.59963,
	3.60719 3.574,
	3.59437 3.54838,
	3.59437 3.52275,
	3.56874 3.52275,
	3.60719 3.49712,
	"/>
</Transform>

<Transform dim="0"
 xcoef=" 0 1 0 0 0 0"
 ycoef=" 0 0 1 0 0 0">
<Contour name="Brax69" hidden="false" closed="true" simplified="false" border="0 1 0" fill="0 1 0" mode="-13"
 points="3.78231 3.9328,
	3.78231 3.89863,
	3.81648 3.89863,
	3.81648 3.86446,
	3.85065 3.86446,
	3.85065 3.89863,
	3.88483 3.89863,
	3.88483 3.9328,
	3.85065 3.9328,
	3.85065 3.96697,
	3.81648 3.96697,
	3.81648 3.9328,
	"/>
</Transform>

<Transform dim="0"
 xcoef=" 0 1 0 0 0 0"
 ycoef=" 0 0 1 0 0 0">
<Contour name="Brax70" hidden="false" closed="true" simplified="false" border="0 1 1" fill="0 1 1" mode="-13"
 points="6.23835 4.35566,
	6.25544 4.33858,
	6.18709 4.27024,
	6.20418 4.25315,
	6.27252 4.32149,
	6.28961 4.30441,
	6.28961 4.35566,
	"/>
</Transform>

<Transform dim="0"
 xcoef=" 0 1 0 0 0 0"
 ycoef=" 0 0 1 0 0 0">
<Contour name="Brax71" hidden="false" closed="true" simplified="false" border="1 0.5 0" fill="1 0.5 0" mode="-13"
 points="5.72151 5.09034,
	5.72151 5.0818,
	5.73006 5.07325,
	5.7386 5.07325,
	5.74714 5.0818,
	5.74714 5.09034,
	5.7386 5.09888,
	5.73006 5.09888,
	"/>
</Transform>

<Transform dim="0"
 xcoef=" 0 1 0 0 0 0"
 ycoef=" 0 0 1 0 0 0">
<Contour name="Brax72" hidden="false" closed="true" simplified="false" border="0.5 0 1" fill="0.5 0 1" mode="-13"
 points="5.58056 6.10693,
	5.56775 6.10266,
	5.58056 6.09838,
	5.57202 6.08557,
	5.58483 6.09411,
	5.5891 6.0813,
	5.59337 6.09411,
	5.60619 6.08557,
	5.59764 6.09838,
	5.61046 6.10266,
	5.59764 6.10693,
	5.60619 6.11974,
	5.59337 6.1112,
	5.5891 6.12401,
	5.58483 6.1112,
	5.57202 6.11974,
	"/>
</Transform>

<Transform dim="0"
 xcoef=" 0 1 0 0 0 0"
 ycoef=" 0 0 1 0 0 0">
<Contour name="Brax73" hidden="false" closed="true" simplified="false" border="1 0 0.5" fill="1 0 0.5" mode="-13"
 points="3.70543 4.36421,
	3.75668 4.36421,
	3.73106 4.41119,
	"/>
</Transform>

<Transform dim="0"
 xcoef=" 0 1 0 0 0 0"
 ycoef=" 0 0 1 0 0 0">
<Contour name="Brax74" hidden="false" closed="true" simplified="false" border="1 0 0" fill="1 0 0" mode="-13"
 points="6.27252 3.12124,
	6.29388 3.09134,
	6.27252 3.06144,
	6.28534 3.06144,
	6.30242 3.08707,
	6.31951 3.06144,
	6.33232 3.06144,
	6.31096 3.09134,
	6.33232 3.12124,
	6.31951 3.12124,
	6.30242 3.09561,
	6.28534 3.12124,
	"/>
</Transform>

<Transform dim="0"
 xcoef=" 0 1 0 0 0 0"
 ycoef=" 0 0 1 0 0 0">
<Contour name="Brax75" hidden="false" closed="true" simplified="false" border="1 1 0" fill="1 1 0" mode="-13"
 points="3.44915 4.98356,
	3.44915 4.91521,
	3.3808 4.91521,
	3.3808 4.97501,
	3.37226 4.98356,
	3.37226 4.90667,
	3.45769 4.90667,
	3.45769 4.9921,
	3.37226 4.9921,
	3.3808 4.98356,
	"/>
</Transform>

<Transform dim="0"
 xcoef=" 0 1 0 0 0 0"
 ycoef=" 0 0 1 0 0 0">
<Contour name="Brax76" hidden="false" closed="true" simplified="false" border="0 0 1" fill="0 0 1" mode="-13"
 points="4.88005 5.82074,
	4.85016 5.79085,
	4.88005 5.76095,
	4.90995 5.79085,
	"/>
</Transform>

<Transform dim="0"
 xcoef=" 0 1 0 0 0 0"
 ycoef=" 0 0 1 0 0 0">
<Contour name="Brax77" hidden="false" closed="true" simplified="false" border="1 0 1" fill="1 0 1" mode="-13"
 points="3.65417 5.28255,
	3.65417 5.26547,
	3.67126 5.24838,
	3.68834 5.24838,
	3.70543 5.26547,
	3.70543 5.28255,
	3.68834 5.29964,
	3.67126 5.29964,
	"/>
</Transform>

<Transform dim="0"
 xcoef=" 0 1 0 0 0 0"
 ycoef=" 0 0 1 0 0 0">
<Contour name="Brax78" hidden="false" closed="true" simplified="false" border="1 0 0" fill="1 0 0" mode="-13"
 points="6.12302 5.42351,
	6.0974 5.42351,
	6.0974 5.43632,
	6.11021 5.44914,
	6.14865 5.46195,
	6.12302 5.47476,
	6.11021 5.50039,
	6.08458 5.47476,
	6.07177 5.44914,
	6.07177 5.42351,
	6.04614 5.42351,
	6.08458 5.39788,
	"/>
</Transform>

<Transform dim="0"
 xcoef=" 0 1 0 0 0 0"
 ycoef=" 0 0 1 0 0 0">
<Contour name="Brax79" hidden="false" closed="true" simplified="false" border="0 1 0" fill="0 1 0" mode="-13"
 points="4.13256 5.44486,
	4.13256 5.41069,
	4.16674 5.41069,
	4.16674 5.37652,
	4.20091 5.37652,
	4.20091 5.41069,
	4.23508 5.41069,
	4.23508 5.44486,
	4.20091 5.44486,
	4.20091 5.47904,
	4.16674 5.47904,
	4.16674 5.44486,
	"/>
</Transform>

<Transform dim="0"
 xcoef=" 0 1 0 0 0 0"
 ycoef=" 0 0 1 0 0 0">
<Contour name="d01" hidden="false" closed="true" simplified="false" border="1 0 0.5" fill="1 0 0.5" mode="-13"
 points="3.36812 4.6722,
	3.46231 4.6722,
	3.41522 4.75855,
	"/>
</Transform>

<Transform dim="0"
 xcoef=" 0 1 0 0 0 0"
 ycoef=" 0 0 1 0 0 0">
<Contour name="d01" hidden="false" closed="true" simplified="true" border="1 0 0.5" fill="1 0 0.5" mode="11"
 points="3.03449 4.70465,
	3.04198 4.66471,
	3.04947 4.64473,
	3.05072 4.63475,
	3.05072 4.62975,
	3.05571 4.62601,
	3.0632 4.60604,
	3.0657 4.60105,
	3.06695 4.59855,
	3.07693 4.5973,
	3.08692 4.59231,
	3.09566 4.57234,
	3.09815 4.56984,
	3.10814 4.57109,
	3.11813 4.57483,
	3.12811 4.57483,
	3.1381 4.57109,
	3.14684 4.56485,
	3.15183 4.55486,
	3.15682 4.55112,
	3.17679 4.54737,
	3.19677 4.54612,
	3.21674 4.54238,
	3.23671 4.53364,
	3.2467 4.52615,
	3.25418 4.51616,
	3.25793 4.51117,
	3.26292 4.50867,
	3.27291 4.49994,
	3.2779 4.49619,
	3.28789 4.49245,
	3.32783 4.46873,
	3.33532 4.45874,
	3.33782 4.44876,
	3.34406 4.43877,
	3.36278 4.42005,
	3.38275 4.40881,
	3.39274 4.40507,
	3.41271 4.40257,
	3.43268 4.40257,
	3.47263 4.40757,
	3.4926 4.41131,
	3.50259 4.4188,
	3.54253 4.4575,
	3.57374 4.49744,
	3.59371 4.50368,
	3.60369 4.50743,
	3.62367 4.51866,
	3.66361 4.52989,
	3.68358 4.53489,
	3.72353 4.53614,
	3.7435 4.53738,
	3.75348 4.53863,
	3.76347 4.54363,
	3.78344 4.54987,
	3.79343 4.55112,
	3.8134 4.54862,
	3.82339 4.54487,
	3.84211 4.53114,
	3.84585 4.52615,
	3.85584 4.51991,
	3.85834 4.51741,
	3.85834 4.51242,
	3.86458 4.50243,
	3.87456 4.49619,
	3.89454 4.4937,
	3.91451 4.49494,
	3.92449 4.49619,
	3.94447 4.50368,
	3.96444 4.51492,
	3.97318 4.5249,
	3.97942 4.53489,
	3.98316 4.57483,
	3.97942 4.5948,
	3.96069 4.63475,
	3.9532 4.64473,
	3.93323 4.66096,
	3.91326 4.67469,
	3.91326 4.69466,
	3.91326 4.70465,
	3.91326 4.70964,
	3.91326 4.71214,
	3.89329 4.71963,
	3.85334 4.73835,
	3.8134 4.74335,
	3.79343 4.74709,
	3.7747 4.76706,
	3.76597 4.77705,
	3.75973 4.78703,
	3.75348 4.80701,
	3.75224 4.81699,
	3.74849 4.82698,
	3.74724 4.83696,
	3.7435 4.84695,
	3.73726 4.85694,
	3.73351 4.86193,
	3.71354 4.86567,
	3.70355 4.86817,
	3.62367 4.86942,
	3.60369 4.87192,
	3.59371 4.87316,
	3.55376 4.86692,
	3.53379 4.86443,
	3.52381 4.86318,
	3.48386 4.84445,
	3.46389 4.83696,
	3.4589 4.83447,
	3.41895 4.83572,
	3.39898 4.83821,
	3.35904 4.83447,
	3.34905 4.83447,
	3.30911 4.82199,
	3.28914 4.81949,
	3.24919 4.81949,
	3.20925 4.82323,
	3.1693 4.82199,
	3.14933 4.81574,
	3.13935 4.81075,
	3.13685 4.80076,
	3.13186 4.79577,
	3.12936 4.79328,
	3.10939 4.79328,
	3.08942 4.78953,
	3.06944 4.78204,
	3.06071 4.7733,
	3.04698 4.75333,
	3.03574 4.73336,
	3.03449 4.71339,
	3.03449 4.70839,
	3.03449 4.7059,
	"/>
</Transform>

<Transform dim="0"
 xcoef=" 0 1 0 0 0 0"
 ycoef=" 0 0 1 0 0 0">
<Contour name="d03" hidden="false" closed="true" simplified="false" border="1 1 0.501961" fill="1 1 0.501961" mode="-13"
 points="7.05708 7.31137,
	7.0006 7.25489,
	7.05708 7.19841,
	7.11356 7.25489,
	"/>
</Transform>

<Transform dim="0"
 xcoef=" 0 1 0 0 0 0"
 ycoef=" 0 0 1 0 0 0">
<Contour name="d03" hidden="false" closed="true" simplified="true" border="1 1 0.501961" fill="1 1 0.501961" mode="11"
 points="8.006 7.59555,
	8.02346 7.58681,
	8.0322 7.58463,
	8.06495 7.5628,
	8.08241 7.55188,
	8.08678 7.55188,
	8.09115 7.54751,
	8.10861 7.54315,
	8.17848 7.54315,
	8.19594 7.54315,
	8.21341 7.53878,
	8.24834 7.53878,
	8.25707 7.53878,
	8.26362 7.54533,
	8.26362 7.5628,
	8.25926 7.57153,
	8.24179 7.58463,
	8.22432 7.59336,
	8.21559 7.59991,
	8.14573 7.62829,
	8.13699 7.63266,
	8.06713 7.63266,
	8.04966 7.63266,
	8.0322 7.62611,
	8.02783 7.62175,
	8.02346 7.62175,
	8.006 7.60865,
	8.006 7.59991,
	8.006 7.59773,
	"/>
<Contour name="d03" hidden="false" closed="true" simplified="true" border="1 1 0.501961" fill="1 1 0.501961" mode="11"
 points="7.85754 7.27242,
	7.87064 7.25496,
	7.87282 7.23749,
	7.87064 7.22003,
	7.88592 7.20256,
	7.9012 7.18946,
	7.90339 7.15453,
	7.90339 7.1458,
	7.90993 7.12833,
	7.93395 7.09776,
	7.93832 7.09558,
	7.93832 7.09121,
	7.95578 7.0803,
	7.97325 7.07593,
	8.00818 7.07375,
	8.04311 7.07593,
	8.05185 7.0803,
	8.06058 7.08903,
	8.06058 7.12396,
	8.0584 7.1327,
	8.0322 7.16544,
	8.01691 7.18073,
	8.01036 7.18946,
	7.9929 7.20038,
	7.96452 7.23531,
	7.9405 7.26806,
	7.92085 7.30299,
	7.91648 7.31172,
	7.91212 7.31609,
	7.87719 7.31609,
	7.8619 7.30517,
	7.85754 7.29644,
	7.85754 7.27897,
	7.85754 7.27461,
	"/>
</Transform>

<Transform dim="0"
 xcoef=" 0 1 0 0 0 0"
 ycoef=" 0 0 1 0 0 0">
<Contour name="d03" hidden="false" closed="true" simplified="true" border="1 1 0.501961" fill="1 1 0.501961" mode="11"
 points="6.57815 6.95804,
	6.59561 6.95585,
	6.61308 6.96022,
	6.64801 6.98642,
	6.68295 6.99733,
	6.68731 6.99733,
	6.69168 7.0017,
	6.72661 7.01262,
	6.73534 7.01262,
	6.73971 7.01698,
	6.75718 7.02135,
	6.76154 7.02135,
	6.76591 7.02572,
	6.83577 7.04537,
	6.87071 7.04755,
	6.94057 7.041,
	6.9493 7.03882,
	6.96677 7.02572,
	6.99515 6.99078,
	7.0017 6.97332,
	7.00388 6.93839,
	7.00825 6.92092,
	7.00607 6.85106,
	6.9886 6.83359,
	6.98205 6.82486,
	6.98423 6.81612,
	6.99078 6.80739,
	6.99515 6.80302,
	7.00388 6.80302,
	7.00825 6.80302,
	7.0148 6.81176,
	7.01698 6.82049,
	7.04755 6.84451,
	7.06501 6.84887,
	7.07375 6.85106,
	7.07811 6.85106,
	7.08685 6.85761,
	7.09558 6.85979,
	7.09995 6.86416,
	7.10868 6.86634,
	7.11305 6.86634,
	7.11741 6.87071,
	7.12615 6.87071,
	7.16108 6.8838,
	7.17854 6.89035,
	7.18728 6.8969,
	7.19164 6.8969,
	7.20911 6.90782,
	7.21784 6.91219,
	7.22221 6.91655,
	7.25714 6.93184,
	7.27461 6.94494,
	7.28334 6.95149,
	7.30081 6.95367,
	7.31827 6.95149,
	7.33574 6.94494,
	7.34011 6.94494,
	7.37285 6.91874,
	7.39032 6.90782,
	7.39905 6.90345,
	7.43399 6.90564,
	7.43835 6.91,
	7.44708 6.91219,
	7.45145 6.91655,
	7.48638 6.92092,
	7.50385 6.92747,
	7.51258 6.92747,
	7.52132 6.93184,
	7.53005 6.93184,
	7.54751 6.93839,
	7.58245 6.94275,
	7.59991 6.94275,
	7.60428 6.94494,
	7.6021 6.95367,
	7.589 6.96895,
	7.58245 6.9755,
	7.57808 6.9755,
	7.56061 6.98642,
	7.55188 6.99297,
	7.54315 6.99515,
	7.53878 6.99952,
	7.53441 7.01698,
	7.52568 7.03445,
	7.49948 7.06283,
	7.48638 7.09558,
	7.47765 7.13051,
	7.47547 7.14798,
	7.47328 7.15671,
	7.46892 7.16108,
	7.46892 7.17854,
	7.47547 7.19601,
	7.47983 7.20474,
	7.51477 7.23531,
	7.5497 7.25932,
	7.58463 7.28771,
	7.59991 7.30299,
	7.60865 7.31172,
	7.61301 7.32919,
	7.61301 7.34665,
	7.59555 7.38159,
	7.59118 7.39905,
	7.589 7.40779,
	7.5759 7.42307,
	7.56061 7.45582,
	7.55843 7.46455,
	7.53878 7.49948,
	7.53878 7.53441,
	7.54096 7.55188,
	7.54751 7.56061,
	7.55188 7.56498,
	7.5497 7.57371,
	7.53878 7.589,
	7.53005 7.59555,
	7.52787 7.59991,
	7.5104 7.6021,
	7.50167 7.60646,
	7.49512 7.6152,
	7.48638 7.61956,
	7.48202 7.62393,
	7.47765 7.62393,
	7.46673 7.64139,
	7.46018 7.65886,
	7.46018 7.69379,
	7.46018 7.71126,
	7.46018 7.71999,
	7.4449 7.73309,
	7.43617 7.73746,
	7.4318 7.73964,
	7.4318 7.74401,
	7.42525 7.75274,
	7.39032 7.76802,
	7.38159 7.77021,
	7.3663 7.78112,
	7.35102 7.79641,
	7.34229 7.80296,
	7.32482 7.80296,
	7.28989 7.79641,
	7.22003 7.79641,
	7.18509 7.79204,
	7.16763 7.78767,
	7.1327 7.76584,
	7.09776 7.73746,
	7.0672 7.70253,
	7.06283 7.69379,
	7.04537 7.67633,
	6.99078 7.60865,
	6.9755 7.59118,
	6.97113 7.58463,
	6.95367 7.56716,
	6.94057 7.55406,
	6.90782 7.51913,
	6.87944 7.49075,
	6.86197 7.47547,
	6.85324 7.46673,
	6.84669 7.46237,
	6.83359 7.4449,
	6.83359 7.40997,
	6.83359 7.3925,
	6.82922 7.37504,
	6.82704 7.3663,
	6.81394 7.34884,
	6.80521 7.34011,
	6.80084 7.33574,
	6.80084 7.33137,
	6.78992 7.31391,
	6.77901 7.27897,
	6.77683 7.27024,
	6.75281 7.23749,
	6.73753 7.22658,
	6.72879 7.21784,
	6.69386 7.19819,
	6.68949 7.19819,
	6.65456 7.17418,
	6.6371 7.16763,
	6.61963 7.16763,
	6.5847 7.15453,
	6.57815 7.14798,
	6.57815 7.11305,
	6.58033 7.09558,
	6.5847 7.08685,
	6.59125 7.01698,
	6.59125 7.00825,
	6.59125 7.00388,
	6.58688 7.0017,
	6.58252 6.98423,
	6.57815 6.9755,
	6.57815 6.96022,
	"/>
</Transform>

<Transform dim="0"
 xcoef=" 0 1 0 0 0 0"
 ycoef=" 0 0 1 0 0 0">
<Contour name="d03" hidden="false" closed="true" simplified="true" border="1 1 0.501961" fill="1 1 0.501961" mode="11"
 points="5.91495 6.81278,
	5.93183 6.78823,
	5.94104 6.77748,
	5.9656 6.76981,
	5.97788 6.76521,
	5.99015 6.76367,
	5.99629 6.76367,
	6.02085 6.77442,
	6.02699 6.77748,
	6.03927 6.77902,
	6.05155 6.78516,
	6.0761 6.79283,
	6.08838 6.80204,
	6.09298 6.80818,
	6.10066 6.83274,
	6.09912 6.84501,
	6.09145 6.85729,
	6.08071 6.86497,
	6.07764 6.86804,
	6.05308 6.87264,
	6.02852 6.87111,
	6.00397 6.86497,
	5.95486 6.84348,
	5.9303 6.8312,
	5.91802 6.82353,
	5.91495 6.81739,
	5.91495 6.81432,
	"/>
</Transform>

<Transform dim="0"
 xcoef=" 0 1 0 0 0 0"
 ycoef=" 0 0 1 0 0 0">
<Contour name="d04" hidden="false" closed="true" simplified="true" border="0 1 0" fill="0 1 0" mode="-11"
 points="3.09949 1.90693,
	3.10386 1.89526,
	3.10532 1.88943,
	3.10823 1.88652,
	3.11552 1.86319,
	3.11844 1.85153,
	3.12573 1.83986,
	3.12719 1.83403,
	3.13593 1.82237,
	3.14905 1.79904,
	3.16655 1.77717,
	3.17821 1.76843,
	3.19571 1.74802,
	3.20445 1.73635,
	3.21612 1.72469,
	3.26131 1.69116,
	3.28464 1.67366,
	3.29484 1.66637,
	3.29922 1.662,
	3.30505 1.66054,
	3.31671 1.6518,
	3.33712 1.63867,
	3.34733 1.62993,
	3.35024 1.62993,
	3.36191 1.62118,
	3.36482 1.61826,
	3.36774 1.61826,
	3.41293 1.58911,
	3.43626 1.57453,
	3.44209 1.57015,
	3.44792 1.5687,
	3.47125 1.55557,
	3.48291 1.55266,
	3.48874 1.5512,
	3.49166 1.54828,
	3.49749 1.54683,
	3.50041 1.54683,
	3.50332 1.54391,
	3.51499 1.541,
	3.5179 1.53808,
	3.52373 1.53662,
	3.52665 1.53662,
	3.52956 1.53371,
	3.55289 1.52642,
	3.55581 1.52642,
	3.55872 1.5235,
	3.58205 1.51621,
	3.60538 1.51767,
	3.61704 1.5235,
	3.62287 1.52642,
	3.6287 1.52642,
	3.65203 1.53662,
	3.66369 1.54391,
	3.66806 1.54683,
	3.67098 1.54683,
	3.69431 1.56141,
	3.70451 1.56724,
	3.71034 1.57161,
	3.757 1.58473,
	3.76866 1.58765,
	3.77449 1.58911,
	3.78032 1.59348,
	3.78324 1.59931,
	3.78324 1.62264,
	3.78324 1.6343,
	3.78761 1.64596,
	3.79053 1.6518,
	3.8124 1.67366,
	3.81823 1.67804,
	3.82114 1.68387,
	3.82114 1.7072,
	3.81531 1.73052,
	3.8124 1.75385,
	3.80073 1.77717,
	3.79344 1.78884,
	3.79199 1.79467,
	3.78761 1.8005,
	3.78761 1.80342,
	3.77303 1.82528,
	3.7672 1.83695,
	3.76283 1.84278,
	3.76283 1.8457,
	3.74388 1.86611,
	3.7395 1.86902,
	3.7293 1.88068,
	3.71909 1.88943,
	3.70743 1.9011,
	3.69576 1.90984,
	3.68993 1.91422,
	3.68702 1.91422,
	3.68119 1.91859,
	3.67535 1.92005,
	3.66952 1.92442,
	3.65786 1.92734,
	3.65203 1.93025,
	3.64036 1.93171,
	3.63745 1.93463,
	3.62579 1.939,
	3.60246 1.95358,
	3.58205 1.96962,
	3.57184 1.98128,
	3.56601 1.98711,
	3.53685 2.03085,
	3.53102 2.03668,
	3.5077 2.04397,
	3.49603 2.04834,
	3.4902 2.0498,
	3.48729 2.05126,
	3.46396 2.03522,
	3.4523 2.03085,
	3.44646 2.02793,
	3.39981 2.02502,
	3.30651 2.02647,
	3.29484 2.02647,
	3.27152 2.03231,
	3.24819 2.04105,
	3.23653 2.04397,
	3.2307 2.04689,
	3.20737 2.04834,
	3.19571 2.04834,
	3.18987 2.04834,
	3.16655 2.0396,
	3.15489 2.02939,
	3.13885 2.00752,
	3.13156 1.99586,
	3.12719 1.99003,
	3.12573 1.9842,
	3.12135 1.97836,
	3.1199 1.97253,
	3.11261 1.96087,
	3.10969 1.95504,
	3.10969 1.95212,
	3.10677 1.94921,
	3.10386 1.93754,
	3.10094 1.93171,
	3.09949 1.90838,
	"/>
</Transform>

<Transform dim="0"
 xcoef=" 0 1 0 0 0 0"
 ycoef=" 0 0 1 0 0 0">
<Contour name="d01p18" hidden="false" closed="true" simplified="false" border="1 0 0" fill="1 0 0" mode="-13"
 points="3.82614 4.61509,
	3.79982 4.61509,
	3.79982 4.62825,
	3.81298 4.64141,
	3.85246 4.65457,
	3.82614 4.66773,
	3.81298 4.69406,
	3.78665 4.66773,
	3.77349 4.64141,
	3.77349 4.61509,
	3.74717 4.61509,
	3.78665 4.58876,
	"/>
</Transform>

<Transform dim="0"
 xcoef=" 0 1 0 0 0 0"
 ycoef=" 0 0 1 0 0 0">
<Contour name="d03p02" hidden="false" closed="true" simplified="false" border="0.5 0 1" fill="0.5 0 1" mode="-13"
 points="7.37216 7.0256,
	7.35564 7.02009,
	7.37216 7.01459,
	7.36115 6.99807,
	7.37766 7.00908,
	7.38317 6.99257,
	7.38867 7.00908,
	7.40519 6.99807,
	7.39418 7.01459,
	7.4107 7.02009,
	7.39418 7.0256,
	7.40519 7.04212,
	7.38867 7.03111,
	7.38317 7.04762,
	7.37766 7.03111,
	7.36115 7.04212,
	"/>
</Transform>

<Transform dim="0"
 xcoef=" 0 1 0 0 0 0"
 ycoef=" 0 0 1 0 0 0">
<Contour name="d01cfa18" hidden="false" closed="false" simplified="false" border="1 0 0" fill="1 0 0" mode="11"
 points="4.71637 4.66778,
	4.71365 4.65281,
	4.70639 4.62107,
	4.70322 4.59478,
	4.71864 4.56666,
	4.71818 4.5322,
	4.70503 4.51089,
	"/>
</Transform>

<Transform dim="0"
 xcoef=" 0 1 0 0 0 0"
 ycoef=" 0 0 1 0 0 0">
<Contour name="d03diap01" hidden="false" closed="false" simplified="true" border="0 1 1" fill="0 1 1" mode="-13"
 points="8.17179 7.61489,
	7.94803 7.08028,
	"/>
</Transform>

<Transform dim="0"
 xcoef=" 0 1 0 0 0 0"
 ycoef=" 0 0 1 0 0 0">
<Contour name="d01ax16" hidden="false" closed="true" simplified="true" border="0 1 1" fill="0 1 1" mode="-11"
 points="3.03145 5.20085,
	3.03462 5.16708,
	3.03462 5.1502,
	3.0399 5.11644,
	3.04306 5.10799,
	3.06311 5.07423,
	3.07683 5.0584,
	3.08421 5.04996,
	3.09265 5.04363,
	3.10004 5.03519,
	3.10426 5.03097,
	3.10742 5.02886,
	3.11165 5.02464,
	3.12853 5.01936,
	3.16229 5.01831,
	3.17918 5.01831,
	3.19606 5.02147,
	3.21294 5.03097,
	3.22982 5.03835,
	3.23826 5.04152,
	3.25515 5.04469,
	3.27203 5.04996,
	3.28891 5.06262,
	3.29735 5.06579,
	3.30157 5.06579,
	3.31001 5.06895,
	3.3269 5.07951,
	3.33534 5.08689,
	3.33956 5.09006,
	3.34167 5.09322,
	3.35644 5.1101,
	3.36488 5.12699,
	3.37016 5.14387,
	3.37016 5.17763,
	3.36699 5.18608,
	3.36383 5.21984,
	3.36277 5.25361,
	3.3575 5.28737,
	3.35222 5.30425,
	3.34694 5.31164,
	3.3385 5.31903,
	3.32162 5.32641,
	3.31318 5.33169,
	3.2963 5.33274,
	3.28786 5.33169,
	3.27097 5.3243,
	3.23721 5.3148,
	3.22877 5.31269,
	3.21189 5.30531,
	3.17812 5.29792,
	3.16124 5.29687,
	3.14436 5.30003,
	3.13591 5.30214,
	3.11903 5.30109,
	3.11059 5.30003,
	3.09371 5.29265,
	3.07683 5.28104,
	3.061 5.26627,
	3.05361 5.25783,
	3.03884 5.22406,
	3.03356 5.21562,
	3.03145 5.2114,
	3.03145 5.20296,
	3.03145 5.2019,
	"/>
</Transform>

<Transform dim="0"
 xcoef=" 0 1 0 0 0 0"
 ycoef=" 0 0 1 0 0 0">
<Contour name="d01ax18" hidden="false" closed="true" simplified="true" border="0 1 1" fill="0 1 1" mode="-11"
 points="4.71722 4.49581,
	4.72878 4.46938,
	4.7387 4.45616,
	4.7453 4.44294,
	4.74861 4.43633,
	4.76183 4.42476,
	4.77504 4.41816,
	4.80148 4.4132,
	4.80809 4.41155,
	4.82131 4.40329,
	4.82792 4.39668,
	4.83453 4.39337,
	4.84774 4.38181,
	4.85105 4.38181,
	4.85766 4.37685,
	4.91053 4.36859,
	4.93697 4.36528,
	4.9634 4.35537,
	4.98984 4.34215,
	5.00306 4.33389,
	5.01628 4.32893,
	5.04271 4.32728,
	5.09558 4.33224,
	5.12202 4.33224,
	5.13524 4.32893,
	5.14846 4.32893,
	5.15507 4.32893,
	5.16828 4.33554,
	5.17489 4.33885,
	5.19968 4.36363,
	5.20794 4.3752,
	5.23107 4.39668,
	5.25751 4.41816,
	5.28394 4.43303,
	5.29716 4.43964,
	5.3236 4.45946,
	5.33021 4.46442,
	5.34342 4.46772,
	5.36986 4.46938,
	5.3963 4.48259,
	5.44586 4.53051,
	5.4723 4.54868,
	5.52517 4.57347,
	5.53839 4.58173,
	5.55161 4.5933,
	5.55987 4.60651,
	5.56483 4.61973,
	5.55987 4.64617,
	5.54996 4.6726,
	5.545 4.68582,
	5.54335 4.69243,
	5.52517 4.71887,
	5.50369 4.7453,
	5.49874 4.75852,
	5.48552 4.77009,
	5.45908 4.78826,
	5.4343 4.81305,
	5.41282 4.83618,
	5.38638 4.85931,
	5.37482 4.87253,
	5.34838 4.89236,
	5.34508 4.89236,
	5.33847 4.89731,
	5.31203 4.90557,
	5.25916 4.91053,
	5.23272 4.91218,
	5.2195 4.91879,
	5.19307 4.94027,
	5.17985 4.94523,
	5.16663 4.94688,
	5.1402 4.94192,
	5.11376 4.92871,
	5.10054 4.91879,
	5.08732 4.91218,
	5.06089 4.90557,
	5.03445 4.90557,
	5.02123 4.90557,
	4.9948 4.89731,
	4.94192 4.86757,
	4.91549 4.85931,
	4.88905 4.85435,
	4.83618 4.83783,
	4.80974 4.82957,
	4.78331 4.8147,
	4.77009 4.80479,
	4.75687 4.79157,
	4.75026 4.78496,
	4.742 4.77174,
	4.73539 4.7453,
	4.73374 4.71887,
	4.73704 4.69243,
	4.73704 4.67921,
	4.73043 4.666,
	4.72878 4.63956,
	4.72713 4.62634,
	4.72217 4.61312,
	4.72217 4.5999,
	4.72548 4.58669,
	4.72713 4.58008,
	4.73209 4.57347,
	4.73539 4.57016,
	4.73539 4.56686,
	4.7387 4.56355,
	4.7387 4.55695,
	4.72713 4.53051,
	4.72548 4.5239,
	4.72052 4.51729,
	4.72052 4.51399,
	4.71722 4.51068,
	4.71722 4.49746,
	"/>
</Transform>

<Transform dim="0"
 xcoef=" 0 1 0 0 0 0"
 ycoef=" 0 0 1 0 0 0">
<Contour name="d04ax14" hidden="false" closed="true" simplified="true" border="0 1 1" fill="0 1 1" mode="-11"
 points="3.41968 2.31511,
	3.42783 2.29881,
	3.44209 2.2825,
	3.4584 2.27027,
	3.48693 2.23767,
	3.51139 2.20506,
	3.51546 2.20098,
	3.51546 2.19691,
	3.52973 2.1806,
	3.56233 2.15819,
	3.59494 2.14392,
	3.66016 2.13373,
	3.72537 2.13169,
	3.79058 2.14392,
	3.80689 2.15207,
	3.83949 2.15819,
	3.90471 2.16226,
	3.93732 2.16634,
	4.00253 2.16226,
	4.03514 2.15207,
	4.10035 2.11947,
	4.13296 2.09501,
	4.16353 2.0624,
	4.19614 2.03591,
	4.21244 2.02572,
	4.24505 2.01757,
	4.2532 2.01553,
	4.26339 1.99923,
	4.29192 1.96866,
	4.35713 1.93401,
	4.38974 1.91975,
	4.42235 1.91363,
	4.45496 1.91363,
	4.47126 1.91975,
	4.47941 1.92382,
	4.49571 1.94013,
	4.52017 1.97273,
	4.5324 1.98904,
	4.55074 2.02164,
	4.565 2.03591,
	4.59761 2.05425,
	4.60576 2.05629,
	4.61392 2.0624,
	4.61799 2.0624,
	4.62614 2.06852,
	4.63429 2.08482,
	4.64041 2.11743,
	4.64245 2.15004,
	4.63837 2.16634,
	4.62207 2.18264,
	4.58946 2.20098,
	4.52425 2.2234,
	4.49164 2.22544,
	4.47533 2.22544,
	4.46718 2.22544,
	4.45903 2.22952,
	4.45088 2.23767,
	4.41827 2.25397,
	4.35306 2.2662,
	4.33675 2.26824,
	4.30415 2.27843,
	4.28784 2.2825,
	4.15741 2.34568,
	4.12481 2.35791,
	4.05959 2.37217,
	4.02699 2.37829,
	3.99438 2.38848,
	3.96177 2.40478,
	3.94547 2.40885,
	3.93732 2.41089,
	3.90471 2.40682,
	3.77428 2.40478,
	3.75798 2.40478,
	3.69276 2.42516,
	3.66016 2.42923,
	3.62755 2.4272,
	3.6194 2.4272,
	3.58679 2.41701,
	3.55418 2.40274,
	3.48897 2.38848,
	3.45636 2.38236,
	3.44006 2.37217,
	3.42172 2.3416,
	3.41968 2.3253,
	3.41968 2.31715,
	"/>
</Transform>

<Transform dim="0"
 xcoef=" 0 1 0 0 0 0"
 ycoef=" 0 0 1 0 0 0">
<Contour name="d04ax14" hidden="false" closed="true" simplified="true" border="0 1 1" fill="0 1 1" mode="-11"
 points="2.2065 2.61275,
	2.21612 2.58195,
	2.22575 2.56654,
	2.25656 2.53766,
	2.27196 2.52611,
	2.30277 2.50878,
	2.31047 2.50108,
	2.31432 2.49338,
	2.34512 2.46835,
	2.37593 2.45487,
	2.40674 2.44524,
	2.42214 2.43562,
	2.42984 2.42792,
	2.49145 2.39326,
	2.55307 2.39133,
	2.56847 2.38941,
	2.63008 2.36438,
	2.69169 2.3509,
	2.7071 2.34705,
	2.76871 2.34512,
	2.79952 2.34512,
	2.81492 2.34512,
	2.83032 2.3509,
	2.83417 2.35475,
	2.83995 2.37015,
	2.83802 2.40096,
	2.83802 2.40866,
	2.8284 2.42407,
	2.81492 2.43754,
	2.79952 2.44524,
	2.7379 2.45102,
	2.67629 2.4645,
	2.64548 2.4799,
	2.58387 2.50108,
	2.55307 2.51648,
	2.49145 2.55692,
	2.46065 2.57617,
	2.44524 2.58387,
	2.43754 2.58965,
	2.43369 2.58965,
	2.40289 2.61275,
	2.38748 2.62623,
	2.37786 2.64163,
	2.37015 2.64934,
	2.34897 2.67822,
	2.3355 2.69362,
	2.30469 2.7148,
	2.29699 2.71865,
	2.26618 2.71672,
	2.25078 2.7071,
	2.22382 2.67822,
	2.2142 2.66281,
	2.20842 2.64741,
	2.2065 2.6166,
	2.2065 2.61468,
	"/>
</Transform>

<Transform dim="0"
 xcoef=" 0 1 0 0 0 0"
 ycoef=" 0 0 1 0 0 0">
<Contour name="d01ax18ssvr" hidden="false" closed="true" simplified="false" border="0 1 0" fill="0 1 0" mode="11"
 points="4.89448 4.41724,
	4.88508 4.40784,
	4.89448 4.39843,
	4.90389 4.40784,
	"/>
<Contour name="d01ax18ssvr" hidden="false" closed="true" simplified="false" border="0 1 0" fill="0 1 0" mode="11"
 points="4.90523 4.46829,
	4.89583 4.45889,
	4.90523 4.44948,
	4.91464 4.45889,
	"/>
<Contour name="d01ax18ssvr" hidden="false" closed="true" simplified="false" border="0 1 0" fill="0 1 0" mode="11"
 points="4.94554 4.49113,
	4.93613 4.48173,
	4.94554 4.47232,
	4.95494 4.48173,
	"/>
<Contour name="d01ax18ssvr" hidden="false" closed="true" simplified="false" border="0 1 0" fill="0 1 0" mode="11"
 points="4.95897 4.43874,
	4.94957 4.42933,
	4.95897 4.41993,
	4.96838 4.42933,
	"/>
<Contour name="d01ax18ssvr" hidden="false" closed="true" simplified="false" border="0 1 0" fill="0 1 0" mode="11"
 points="5.00734 4.41993,
	4.99793 4.41052,
	5.00734 4.40112,
	5.01674 4.41052,
	"/>
<Contour name="d01ax18ssvr" hidden="false" closed="true" simplified="false" border="0 1 0" fill="0 1 0" mode="11"
 points="5.03555 4.49919,
	5.02615 4.48979,
	5.03555 4.48038,
	5.04495 4.48979,
	"/>
<Contour name="d01ax18ssvr" hidden="false" closed="true" simplified="false" border="0 1 0" fill="0 1 0" mode="11"
 points="4.99525 4.50994,
	4.98584 4.50054,
	4.99525 4.49113,
	5.00465 4.50054,
	"/>
<Contour name="d01ax18ssvr" hidden="false" closed="true" simplified="false" border="0 1 0" fill="0 1 0" mode="11"
 points="5.01405 4.54218,
	5.00465 4.53278,
	5.01405 4.52337,
	5.02346 4.53278,
	"/>
<Contour name="d01ax18ssvr" hidden="false" closed="true" simplified="false" border="0 1 0" fill="0 1 0" mode="11"
 points="4.96569 4.54756,
	4.95628 4.53815,
	4.96569 4.52875,
	4.97509 4.53815,
	"/>
<Contour name="d01ax18ssvr" hidden="false" closed="true" simplified="false" border="0 1 0" fill="0 1 0" mode="11"
 points="4.98987 4.59458,
	4.98047 4.58517,
	4.98987 4.57577,
	4.99928 4.58517,
	"/>
<Contour name="d01ax18ssvr" hidden="false" closed="true" simplified="false" border="0 1 0" fill="0 1 0" mode="11"
 points="5.02615 4.61339,
	5.01674 4.60398,
	5.02615 4.59458,
	5.03555 4.60398,
	"/>
<Contour name="d01ax18ssvr" hidden="false" closed="true" simplified="false" border="0 1 0" fill="0 1 0" mode="11"
 points="5.06779 4.59995,
	5.05839 4.59055,
	5.06779 4.58114,
	5.0772 4.59055,
	"/>
<Contour name="d01ax18ssvr" hidden="false" closed="true" simplified="false" border="0 1 0" fill="0 1 0" mode="11"
 points="4.97509 4.65235,
	4.96569 4.64294,
	4.97509 4.63354,
	4.9845 4.64294,
	"/>
<Contour name="d01ax18ssvr" hidden="false" closed="true" simplified="false" border="0 1 0" fill="0 1 0" mode="11"
 points="4.95494 4.62951,
	4.94554 4.6201,
	4.95494 4.6107,
	4.96435 4.6201,
	"/>
<Contour name="d01ax18ssvr" hidden="false" closed="true" simplified="false" border="0 1 0" fill="0 1 0" mode="11"
 points="4.91867 4.56771,
	4.90926 4.5583,
	4.91867 4.5489,
	4.92807 4.5583,
	"/>
<Contour name="d01ax18ssvr" hidden="false" closed="true" simplified="false" border="0 1 0" fill="0 1 0" mode="11"
 points="4.9012 4.59055,
	4.8918 4.58114,
	4.9012 4.57174,
	4.91061 4.58114,
	"/>
<Contour name="d01ax18ssvr" hidden="false" closed="true" simplified="false" border="0 1 0" fill="0 1 0" mode="11"
 points="4.88777 4.52337,
	4.87836 4.51397,
	4.88777 4.50457,
	4.89717 4.51397,
	"/>
<Contour name="d01ax18ssvr" hidden="false" closed="true" simplified="false" border="0 1 0" fill="0 1 0" mode="11"
 points="4.86627 4.58383,
	4.85687 4.57443,
	4.86627 4.56502,
	4.87568 4.57443,
	"/>
<Contour name="d01ax18ssvr" hidden="false" closed="true" simplified="false" border="0 1 0" fill="0 1 0" mode="11"
 points="4.83537 4.62279,
	4.82597 4.61339,
	4.83537 4.60398,
	4.84478 4.61339,
	"/>
<Contour name="d01ax18ssvr" hidden="false" closed="true" simplified="false" border="0 1 0" fill="0 1 0" mode="11"
 points="4.87971 4.64026,
	4.8703 4.63085,
	4.87971 4.62145,
	4.88911 4.63085,
	"/>
<Contour name="d01ax18ssvr" hidden="false" closed="true" simplified="false" border="0 1 0" fill="0 1 0" mode="11"
 points="4.81925 4.5892,
	4.80985 4.5798,
	4.81925 4.5704,
	4.82865 4.5798,
	"/>
<Contour name="d01ax18ssvr" hidden="false" closed="true" simplified="false" border="0 1 0" fill="0 1 0" mode="11"
 points="4.76014 4.61204,
	4.75073 4.60264,
	4.76014 4.59324,
	4.76954 4.60264,
	"/>
<Contour name="d01ax18ssvr" hidden="false" closed="true" simplified="false" border="0 1 0" fill="0 1 0" mode="11"
 points="4.7682 4.66041,
	4.75879 4.651,
	4.7682 4.6416,
	4.7776 4.651,
	"/>
<Contour name="d01ax18ssvr" hidden="false" closed="true" simplified="false" border="0 1 0" fill="0 1 0" mode="11"
 points="4.81522 4.68593,
	4.80582 4.67653,
	4.81522 4.66713,
	4.82462 4.67653,
	"/>
<Contour name="d01ax18ssvr" hidden="false" closed="true" simplified="false" border="0 1 0" fill="0 1 0" mode="11"
 points="4.95763 4.59189,
	4.94822 4.58249,
	4.95763 4.57308,
	4.96703 4.58249,
	"/>
<Contour name="d01ax18ssvr" hidden="false" closed="true" simplified="false" border="0 1 0" fill="0 1 0" mode="11"
 points="5.06242 4.5395,
	5.05301 4.53009,
	5.06242 4.52069,
	5.07182 4.53009,
	"/>
<Contour name="d01ax18ssvr" hidden="false" closed="true" simplified="false" border="0 1 0" fill="0 1 0" mode="11"
 points="5.07451 4.56099,
	5.06511 4.55159,
	5.07451 4.54218,
	5.08391 4.55159,
	"/>
<Contour name="d01ax18ssvr" hidden="false" closed="true" simplified="false" border="0 1 0" fill="0 1 0" mode="11"
 points="5.11078 4.54353,
	5.10138 4.53412,
	5.11078 4.52472,
	5.12019 4.53412,
	"/>
<Contour name="d01ax18ssvr" hidden="false" closed="true" simplified="false" border="0 1 0" fill="0 1 0" mode="11"
 points="5.08929 4.48576,
	5.07988 4.47635,
	5.08929 4.46695,
	5.09869 4.47635,
	"/>
<Contour name="d01ax18ssvr" hidden="false" closed="true" simplified="false" border="0 1 0" fill="0 1 0" mode="11"
 points="5.10675 4.44814,
	5.09735 4.43874,
	5.10675 4.42933,
	5.11616 4.43874,
	"/>
<Contour name="d01ax18ssvr" hidden="false" closed="true" simplified="false" border="0 1 0" fill="0 1 0" mode="11"
 points="5.12691 4.39037,
	5.1175 4.38097,
	5.12691 4.37156,
	5.13631 4.38097,
	"/>
<Contour name="d01ax18ssvr" hidden="false" closed="true" simplified="false" border="0 1 0" fill="0 1 0" mode="11"
 points="5.15512 4.4159,
	5.14571 4.40649,
	5.15512 4.39709,
	5.16452 4.40649,
	"/>
<Contour name="d01ax18ssvr" hidden="false" closed="true" simplified="false" border="0 1 0" fill="0 1 0" mode="11"
 points="5.18602 4.44814,
	5.17661 4.43874,
	5.18602 4.42933,
	5.19542 4.43874,
	"/>
<Contour name="d01ax18ssvr" hidden="false" closed="true" simplified="false" border="0 1 0" fill="0 1 0" mode="11"
 points="5.15646 4.46292,
	5.14706 4.45351,
	5.15646 4.44411,
	5.16587 4.45351,
	"/>
<Contour name="d01ax18ssvr" hidden="false" closed="true" simplified="false" border="0 1 0" fill="0 1 0" mode="11"
 points="5.12959 4.45889,
	5.12019 4.44948,
	5.12959 4.44008,
	5.139 4.44948,
	"/>
<Contour name="d01ax18ssvr" hidden="false" closed="true" simplified="false" border="0 1 0" fill="0 1 0" mode="11"
 points="5.12288 4.50322,
	5.11347 4.49382,
	5.12288 4.48441,
	5.13228 4.49382,
	"/>
<Contour name="d01ax18ssvr" hidden="false" closed="true" simplified="false" border="0 1 0" fill="0 1 0" mode="11"
 points="5.15109 4.49919,
	5.14168 4.48979,
	5.15109 4.48038,
	5.16049 4.48979,
	"/>
<Contour name="d01ax18ssvr" hidden="false" closed="true" simplified="false" border="0 1 0" fill="0 1 0" mode="11"
 points="5.16452 4.55293,
	5.15512 4.54353,
	5.16452 4.53412,
	5.17393 4.54353,
	"/>
<Contour name="d01ax18ssvr" hidden="false" closed="true" simplified="false" border="0 1 0" fill="0 1 0" mode="11"
 points="5.139 4.57443,
	5.12959 4.56502,
	5.139 4.55562,
	5.1484 4.56502,
	"/>
<Contour name="d01ax18ssvr" hidden="false" closed="true" simplified="false" border="0 1 0" fill="0 1 0" mode="11"
 points="5.18468 4.57846,
	5.17527 4.56905,
	5.18468 4.55965,
	5.19408 4.56905,
	"/>
<Contour name="d01ax18ssvr" hidden="false" closed="true" simplified="false" border="0 1 0" fill="0 1 0" mode="11"
 points="5.21692 4.55293,
	5.20751 4.54353,
	5.21692 4.53412,
	5.22632 4.54353,
	"/>
<Contour name="d01ax18ssvr" hidden="false" closed="true" simplified="false" border="0 1 0" fill="0 1 0" mode="11"
 points="5.21154 4.49516,
	5.20214 4.48576,
	5.21154 4.47635,
	5.22095 4.48576,
	"/>
<Contour name="d01ax18ssvr" hidden="false" closed="true" simplified="false" border="0 1 0" fill="0 1 0" mode="11"
 points="5.24916 4.50994,
	5.23976 4.50054,
	5.24916 4.49113,
	5.25857 4.50054,
	"/>
<Contour name="d01ax18ssvr" hidden="false" closed="true" simplified="false" border="0 1 0" fill="0 1 0" mode="11"
 points="5.27469 4.55696,
	5.26528 4.54756,
	5.27469 4.53815,
	5.28409 4.54756,
	"/>
<Contour name="d01ax18ssvr" hidden="false" closed="true" simplified="false" border="0 1 0" fill="0 1 0" mode="11"
 points="5.23976 4.45754,
	5.23035 4.44814,
	5.23976 4.43874,
	5.24916 4.44814,
	"/>
<Contour name="d01ax18ssvr" hidden="false" closed="true" simplified="false" border="0 1 0" fill="0 1 0" mode="11"
 points="5.28947 4.51666,
	5.28006 4.50725,
	5.28947 4.49785,
	5.29887 4.50725,
	"/>
<Contour name="d01ax18ssvr" hidden="false" closed="true" simplified="false" border="0 1 0" fill="0 1 0" mode="11"
 points="5.3338 4.55562,
	5.3244 4.54621,
	5.3338 4.53681,
	5.34321 4.54621,
	"/>
<Contour name="d01ax18ssvr" hidden="false" closed="true" simplified="false" border="0 1 0" fill="0 1 0" mode="11"
 points="5.37948 4.55562,
	5.37007 4.54621,
	5.37948 4.53681,
	5.38888 4.54621,
	"/>
<Contour name="d01ax18ssvr" hidden="false" closed="true" simplified="false" border="0 1 0" fill="0 1 0" mode="11"
 points="5.21826 4.62817,
	5.20886 4.61876,
	5.21826 4.60936,
	5.22767 4.61876,
	"/>
<Contour name="d01ax18ssvr" hidden="false" closed="true" simplified="false" border="0 1 0" fill="0 1 0" mode="11"
 points="5.16318 4.62951,
	5.15378 4.6201,
	5.16318 4.6107,
	5.17258 4.6201,
	"/>
<Contour name="d01ax18ssvr" hidden="false" closed="true" simplified="false" border="0 1 0" fill="0 1 0" mode="11"
 points="5.2626 4.65907,
	5.25319 4.64966,
	5.2626 4.64026,
	5.272 4.64966,
	"/>
<Contour name="d01ax18ssvr" hidden="false" closed="true" simplified="false" border="0 1 0" fill="0 1 0" mode="11"
 points="5.24648 4.69668,
	5.23707 4.68728,
	5.24648 4.67787,
	5.25588 4.68728,
	"/>
<Contour name="d01ax18ssvr" hidden="false" closed="true" simplified="false" border="0 1 0" fill="0 1 0" mode="11"
 points="5.28544 4.62548,
	5.27603 4.61607,
	5.28544 4.60667,
	5.29484 4.61607,
	"/>
<Contour name="d01ax18ssvr" hidden="false" closed="true" simplified="false" border="0 1 0" fill="0 1 0" mode="11"
 points="5.29753 4.67519,
	5.28812 4.66578,
	5.29753 4.65638,
	5.30693 4.66578,
	"/>
<Contour name="d01ax18ssvr" hidden="false" closed="true" simplified="false" border="0 1 0" fill="0 1 0" mode="11"
 points="5.34589 4.63891,
	5.33649 4.62951,
	5.34589 4.6201,
	5.3553 4.62951,
	"/>
<Contour name="d01ax18ssvr" hidden="false" closed="true" simplified="false" border="0 1 0" fill="0 1 0" mode="11"
 points="5.37814 4.68728,
	5.36873 4.67787,
	5.37814 4.66847,
	5.38754 4.67787,
	"/>
<Contour name="d01ax18ssvr" hidden="false" closed="true" simplified="false" border="0 1 0" fill="0 1 0" mode="11"
 points="5.41307 4.64026,
	5.40366 4.63085,
	5.41307 4.62145,
	5.42247 4.63085,
	"/>
<Contour name="d01ax18ssvr" hidden="false" closed="true" simplified="false" border="0 1 0" fill="0 1 0" mode="11"
 points="5.43322 4.67787,
	5.42381 4.66847,
	5.43322 4.65907,
	5.44262 4.66847,
	"/>
<Contour name="d01ax18ssvr" hidden="false" closed="true" simplified="false" border="0 1 0" fill="0 1 0" mode="11"
 points="5.38754 4.73027,
	5.37814 4.72087,
	5.38754 4.71146,
	5.39694 4.72087,
	"/>
<Contour name="d01ax18ssvr" hidden="false" closed="true" simplified="false" border="0 1 0" fill="0 1 0" mode="11"
 points="5.42113 4.73564,
	5.41172 4.72624,
	5.42113 4.71683,
	5.43053 4.72624,
	"/>
<Contour name="d01ax18ssvr" hidden="false" closed="true" simplified="false" border="0 1 0" fill="0 1 0" mode="11"
 points="5.42516 4.76789,
	5.41575 4.75848,
	5.42516 4.74908,
	5.43456 4.75848,
	"/>
<Contour name="d01ax18ssvr" hidden="false" closed="true" simplified="false" border="0 1 0" fill="0 1 0" mode="11"
 points="5.33514 4.74102,
	5.32574 4.73161,
	5.33514 4.72221,
	5.34455 4.73161,
	"/>
<Contour name="d01ax18ssvr" hidden="false" closed="true" simplified="false" border="0 1 0" fill="0 1 0" mode="11"
 points="5.28812 4.77998,
	5.27872 4.77057,
	5.28812 4.76117,
	5.29753 4.77057,
	"/>
<Contour name="d01ax18ssvr" hidden="false" closed="true" simplified="false" border="0 1 0" fill="0 1 0" mode="11"
 points="5.32305 4.80147,
	5.31365 4.79207,
	5.32305 4.78267,
	5.33246 4.79207,
	"/>
<Contour name="d01ax18ssvr" hidden="false" closed="true" simplified="false" border="0 1 0" fill="0 1 0" mode="11"
 points="5.26125 4.82566,
	5.25185 4.81625,
	5.26125 4.80685,
	5.27066 4.81625,
	"/>
<Contour name="d01ax18ssvr" hidden="false" closed="true" simplified="false" border="0 1 0" fill="0 1 0" mode="11"
 points="5.30021 4.74505,
	5.29081 4.73564,
	5.30021 4.72624,
	5.30962 4.73564,
	"/>
<Contour name="d01ax18ssvr" hidden="false" closed="true" simplified="false" border="0 1 0" fill="0 1 0" mode="11"
 points="4.92001 4.62145,
	4.91061 4.61204,
	4.92001 4.60264,
	4.92942 4.61204,
	"/>
<Contour name="d01ax18ssvr" hidden="false" closed="true" simplified="false" border="0 1 0" fill="0 1 0" mode="11"
 points="4.92001 4.67922,
	4.91061 4.66981,
	4.92001 4.66041,
	4.92942 4.66981,
	"/>
<Contour name="d01ax18ssvr" hidden="false" closed="true" simplified="false" border="0 1 0" fill="0 1 0" mode="11"
 points="5.08391 4.43202,
	5.07451 4.42261,
	5.08391 4.41321,
	5.09332 4.42261,
	"/>
<Contour name="d01ax18ssvr" hidden="false" closed="true" simplified="false" border="0 1 0" fill="0 1 0" mode="11"
 points="5.05705 4.43739,
	5.04764 4.42799,
	5.05705 4.41858,
	5.06645 4.42799,
	"/>
<Contour name="d01ax18ssvr" hidden="false" closed="true" simplified="false" border="0 1 0" fill="0 1 0" mode="11"
 points="4.77089 4.57308,
	4.76148 4.56368,
	4.77089 4.55427,
	4.78029 4.56368,
	"/>
<Contour name="d01ax18ssvr" hidden="false" closed="true" simplified="false" border="0 1 0" fill="0 1 0" mode="11"
 points="5.51651 4.65369,
	5.50711 4.64429,
	5.51651 4.63488,
	5.52592 4.64429,
	"/>
<Contour name="d01ax18ssvr" hidden="false" closed="true" simplified="false" border="0 1 0" fill="0 1 0" mode="11"
 points="5.48561 4.60667,
	5.47621 4.59727,
	5.48561 4.58786,
	5.49502 4.59727,
	"/>
</Transform>

<Transform dim="0"
 xcoef=" 0 1 0 0 0 0"
 ycoef=" 0 0 1 0 0 0">
<Contour name="d03ax05ssvr" hidden="false" closed="true" simplified="false" border="0 1 0" fill="0 1 0" mode="11"
 points="6.50285 7.02458,
	6.49141 7.01314,
	6.50285 7.0017,
	6.51429 7.01314,
	"/>
<Contour name="d03ax05ssvr" hidden="false" closed="true" simplified="false" border="0 1 0" fill="0 1 0" mode="11"
 points="6.44727 6.99353,
	6.43583 6.98208,
	6.44727 6.97064,
	6.45872 6.98208,
	"/>
<Contour name="d03ax05ssvr" hidden="false" closed="true" simplified="false" border="0 1 0" fill="0 1 0" mode="11"
 points="6.38026 7.01968,
	6.36881 7.00824,
	6.38026 6.9968,
	6.3917 7.00824,
	"/>
</Transform>

<Transform dim="0"
 xcoef=" 0 1 0 0 0 0"
 ycoef=" 0 0 1 0 0 0">
<Contour name="d01" hidden="false" closed="true" simplified="true" border="1 0 0.5" fill="1 0 0.5" mode="11"
 points="4.07928 4.53114,
	4.08427 4.52116,
	4.09426 4.51367,
	4.09925 4.50992,
	4.11922 4.50493,
	4.12921 4.49994,
	4.14918 4.49744,
	4.18912 4.49619,
	4.20909 4.49245,
	4.21908 4.4912,
	4.22907 4.48745,
	4.23905 4.48121,
	4.25902 4.47248,
	4.33891 4.46623,
	4.3489 4.46499,
	4.35888 4.45999,
	4.36887 4.4575,
	4.37761 4.44751,
	4.39758 4.44377,
	4.43752 4.44252,
	4.47747 4.43877,
	4.49744 4.43628,
	4.51741 4.44002,
	4.5274 4.44252,
	4.56734 4.44252,
	4.58731 4.44252,
	4.60729 4.44501,
	4.62726 4.45625,
	4.63724 4.46623,
	4.67719 4.48745,
	4.69716 4.49869,
	4.71214 4.51866,
	4.71713 4.52865,
	4.71838 4.54862,
	4.71464 4.56859,
	4.71089 4.57858,
	4.70215 4.58856,
	4.69591 4.5973,
	4.69841 4.60229,
	4.7034 4.60729,
	4.70964 4.62726,
	4.70964 4.63225,
	4.71464 4.64224,
	4.71838 4.66221,
	4.71838 4.68218,
	4.72462 4.72213,
	4.72337 4.7421,
	4.71713 4.75208,
	4.69716 4.76457,
	4.69591 4.76581,
	4.69342 4.76332,
	4.67344 4.76207,
	4.66346 4.76332,
	4.65347 4.76706,
	4.64349 4.76581,
	4.6335 4.75957,
	4.62726 4.74959,
	4.62601 4.74459,
	4.61727 4.73586,
	4.5973 4.7396,
	4.58731 4.7371,
	4.58232 4.7371,
	4.57733 4.73461,
	4.53863 4.69466,
	4.52241 4.67469,
	4.50867 4.65472,
	4.4887 4.64848,
	4.47872 4.64473,
	4.43877 4.62351,
	4.42879 4.61852,
	4.38884 4.60978,
	4.37886 4.60853,
	4.36887 4.60354,
	4.36513 4.59855,
	4.36388 4.58856,
	4.36263 4.58357,
	4.35264 4.57858,
	4.34765 4.57608,
	4.30771 4.57608,
	4.28773 4.57858,
	4.24779 4.59356,
	4.22782 4.59855,
	4.21783 4.5998,
	4.19786 4.5973,
	4.17789 4.58731,
	4.1679 4.58607,
	4.14793 4.57733,
	4.12796 4.57234,
	4.10799 4.56984,
	4.098 4.56485,
	4.08801 4.55611,
	4.08302 4.55112,
	4.07928 4.54113,
	4.07928 4.53239,
	"/>
</Transform>

<Transform dim="0"
 xcoef=" 0 1 0 0 0 0"
 ycoef=" 0 0 1 0 0 0">
<Contour name="d01c18" hidden="false" closed="true" simplified="true" border="1 0 0" fill="1 0 0" mode="11"
 points="4.62376 4.50414,
	4.62788 4.50311,
	4.66088 4.5062,
	4.67738 4.50827,
	4.68563 4.50723,
	4.75162 4.51548,
	4.78462 4.51858,
	4.79287 4.52064,
	4.79699 4.5227,
	4.7939 4.65469,
	4.79287 4.67119,
	4.79287 4.67532,
	4.78977 4.67841,
	4.72378 4.67119,
	4.65779 4.6681,
	4.64129 4.66707,
	4.63304 4.66603,
	4.62582 4.53405,
	4.62479 4.51755,
	4.62376 4.5093,
	4.62376 4.50517,
	"/>
</Transform>

<Transform dim="6"
 xcoef=" 0.301327943603729 0.990089709025701 -0.0208969740202117 0 0 0"
 ycoef=" -0.217727378462045 0.0169747149672732 1.04333188555681 0 0 0">
<Image mag="0.00217927" contrast="1" brightness="0" red="true" green="true" blue="true"
 src="LKJKD_und.113.jpg" />
<Contour name="domain1" hidden="false" closed="true" simplified="false" border="1 0 1" fill="1 0 1" mode="11"
 points="0 0,
	4112 0,
	4112 4096,
	0 4096,
	"/>
</Transform>

<Transform dim="0"
 xcoef=" 0 1 0 0 0 0"
 ycoef=" 0 0 1 0 0 0">
<Contour name="d03ax05" hidden="false" closed="true" simplified="true" border="0 1 1" fill="0 1 1" mode="-11"
 points="6.09985 6.8789,
	6.1045 6.8696,
	6.12311 6.85332,
	6.13241 6.85099,
	6.16962 6.8603,
	6.20682 6.87425,
	6.21613 6.8789,
	6.29054 6.8882,
	6.36496 6.90448,
	6.43938 6.90681,
	6.44868 6.90913,
	6.45333 6.90913,
	6.47193 6.92076,
	6.50914 6.93239,
	6.52775 6.93936,
	6.53705 6.94402,
	6.5417 6.94402,
	6.5603 6.95797,
	6.57426 6.97657,
	6.58356 6.99518,
	6.58588 7.01378,
	6.58356 7.03239,
	6.58123 7.04169,
	6.57658 7.04634,
	6.57426 7.05564,
	6.56728 7.06494,
	6.5603 7.08355,
	6.54868 7.10215,
	6.53937 7.10913,
	6.52077 7.11378,
	6.48356 7.11145,
	6.47426 7.10913,
	6.46961 7.10913,
	6.46496 7.10448,
	6.39054 7.09052,
	6.37194 7.08122,
	6.35333 7.06727,
	6.34403 7.05797,
	6.3324 7.03936,
	6.31612 7.02308,
	6.29752 7.01146,
	6.14869 6.95099,
	6.1138 6.92309,
	6.1045 6.90448,
	6.09985 6.89518,
	6.09985 6.88588,
	6.09985 6.88123,
	"/>
</Transform>

</Section>