<?xml version="1.0"?>
<!DOCTYPE Section SYSTEM "section.dtd">

<Section index="44" thickness="0.0471499" alignLocked="true">
<Transform dim="0"
 xcoef=" 0 1 0 0 0 0"
 ycoef=" 0 0 1 0 0 0">
<Contour name="D01ax01" hidden="false" closed="true" simplified="true" border="1 0.5 0" fill="1 0.5 0" mode="-9"
 points="4.34534 5.28927,
	4.35081 5.26471,
	4.36669 5.24255,
	4.39142 5.22497,
	4.42258 5.21368,
	4.45712 5.20979,
	4.49166 5.21368,
	4.52282 5.22497,
	4.54755 5.24255,
	4.56343 5.26471,
	4.5689 5.28927,
	4.56343 5.31383,
	4.54755 5.33599,
	4.52282 5.35358,
	4.49166 5.36487,
	4.45712 5.36876,
	4.42258 5.36487,
	4.39142 5.35358,
	4.36669 5.33599,
	"/>
</Transform>

<Transform dim="0"
 xcoef=" 0 1 0 0 0 0"
 ycoef=" 0 0 1 0 0 0">
<Contour name="d09" hidden="false" closed="true" simplified="true" border="0 1 0" fill="0 1 0" mode="-11"
 points="4.88303 6.65692,
	4.89593 6.64402,
	4.94753 6.62789,
	4.99914 6.62789,
	5.01204 6.62789,
	5.02494 6.63434,
	5.03784 6.63434,
	5.04752 6.64402,
	5.04752 6.69562,
	5.04752 6.72142,
	5.02171 6.74077,
	4.91851 6.744,
	4.90561 6.74077,
	4.89593 6.72787,
	4.89593 6.70207,
	4.88625 6.68917,
	4.88303 6.66337,
	4.88303 6.66014,
	"/>
<Contour name="d09" hidden="false" closed="true" simplified="true" border="0 1 0" fill="0 1 0" mode="-11"
 points="4.93141 7.28907,
	4.95721 7.23746,
	4.98946 7.18586,
	5.01526 7.16973,
	5.02816 7.16328,
	5.07332 7.11813,
	5.10235 7.06652,
	5.1475 7.02459,
	5.16685 7.00202,
	5.17975 6.99234,
	5.212 6.94719,
	5.21845 6.94074,
	5.21845 6.93429,
	5.23458 6.90849,
	5.23781 6.85688,
	5.24426 6.84398,
	5.25716 6.8343,
	5.26361 6.82785,
	5.36682 6.82785,
	5.41842 6.82785,
	5.44422 6.81818,
	5.49583 6.81818,
	5.50873 6.81818,
	5.53453 6.84076,
	5.56033 6.85043,
	5.61194 6.86011,
	5.62484 6.86978,
	5.83125 6.87301,
	5.88286 6.87623,
	5.90866 6.87623,
	5.93446 6.88268,
	5.95704 6.89881,
	5.97961 6.92461,
	5.99574 6.95041,
	6.01187 7.00202,
	6.02477 7.01492,
	6.03122 7.04072,
	6.03122 7.09232,
	6.04734 7.11813,
	6.05057 7.14393,
	6.05379 7.15683,
	6.05379 7.16328,
	6.07637 7.18586,
	6.08282 7.21166,
	6.08282 7.26326,
	6.08927 7.28907,
	6.0925 7.30197,
	6.11507 7.32454,
	6.14088 7.33422,
	6.15055 7.34389,
	6.15378 7.3697,
	6.15055 7.3955,
	6.1441 7.40195,
	6.1183 7.40517,
	6.0925 7.41808,
	5.98929 7.41808,
	5.93769 7.42775,
	5.93123 7.4342,
	5.92478 7.4342,
	5.91833 7.44065,
	5.86673 7.44388,
	5.81513 7.46323,
	5.78932 7.47935,
	5.77642 7.49226,
	5.75062 7.50838,
	5.69902 7.52128,
	5.64741 7.51806,
	5.62161 7.51483,
	5.60871 7.50838,
	5.5055 7.50838,
	5.4926 7.50838,
	5.4797 7.51806,
	5.47325 7.51806,
	5.44745 7.53418,
	5.42165 7.54386,
	5.31844 7.54386,
	5.26683 7.53418,
	5.25716 7.52773,
	5.24426 7.52773,
	5.21845 7.51161,
	5.19588 7.48903,
	5.18298 7.47935,
	5.17008 7.47935,
	5.14427 7.45678,
	5.13137 7.44388,
	5.10557 7.4342,
	5.07977 7.41485,
	5.05719 7.38905,
	5.03139 7.38905,
	5.01849 7.38905,
	5.00559 7.3826,
	4.95398 7.3826,
	4.94108 7.37937,
	4.93141 7.36647,
	4.93141 7.31487,
	4.93141 7.29229,
	"/>
</Transform>

<Transform dim="0"
 xcoef=" 0 1 0 0 0 0"
 ycoef=" 0 0 1 0 0 0">
<Contour name="d09" hidden="false" closed="true" simplified="true" border="0 1 0" fill="0 1 0" mode="-11"
 points="6.32794 6.51178,
	6.34729 6.49243,
	6.3989 6.48598,
	6.4247 6.47953,
	6.4376 6.4892,
	6.4892 6.4892,
	6.5021 6.49888,
	6.49565 6.52468,
	6.48598 6.53758,
	6.46018 6.55371,
	6.35697 6.55693,
	6.34407 6.55371,
	6.33439 6.54081,
	6.32794 6.51501,
	"/>
</Transform>

<Transform dim="0"
 xcoef=" 0 1 0 0 0 0"
 ycoef=" 0 0 1 0 0 0">
<Contour name="d09p09" hidden="false" closed="true" simplified="false" border="0 1 0" fill="0 1 0" mode="-9"
 points="4.97616 7.32565,
	4.97616 7.30401,
	4.9978 7.30401,
	4.9978 7.28237,
	5.01944 7.28237,
	5.01944 7.30401,
	5.04108 7.30401,
	5.04108 7.32565,
	5.01944 7.32565,
	5.01944 7.34729,
	4.9978 7.34729,
	4.9978 7.32565,
	"/>
</Transform>

<Transform dim="0"
 xcoef=" 0 1 0 0 0 0"
 ycoef=" 0 0 1 0 0 0">
<Contour name="d01" hidden="false" closed="true" simplified="true" border="1 1 0" fill="1 0.5 0" mode="11"
 points="2.64284 4.97687,
	2.72518 4.94342,
	2.76636 4.92798,
	2.78694 4.92026,
	2.82812 4.92283,
	2.86929 4.92026,
	2.91047 4.90224,
	2.93105 4.8971,
	2.94135 4.89452,
	2.98252 4.90224,
	3.06487 4.90739,
	3.14721 4.89967,
	3.18839 4.89452,
	3.27074 4.86364,
	3.31191 4.84563,
	3.3325 4.83791,
	3.35308 4.8199,
	3.36338 4.8096,
	3.36852 4.76843,
	3.36852 4.75814,
	3.35051 4.71696,
	3.35051 4.55227,
	3.35051 4.46992,
	3.35051 4.44933,
	3.36595 4.36699,
	3.37624 4.3464,
	3.37882 4.3361,
	3.41999 4.29493,
	3.50234 4.24861,
	3.55123 4.16626,
	3.5924 4.13796,
	3.61299 4.12509,
	3.62329 4.11737,
	3.62843 4.1148,
	3.64902 4.11994,
	3.73137 4.11994,
	3.77254 4.11222,
	3.81371 4.11737,
	3.89606 4.1431,
	3.93723 4.15854,
	3.95782 4.16626,
	4.04017 4.17398,
	4.06076 4.1817,
	4.07105 4.18685,
	4.08906 4.20744,
	4.09678 4.22802,
	4.11222 4.24861,
	4.13281 4.2589,
	4.1534 4.26405,
	4.16369 4.27177,
	4.18428 4.2692,
	4.19457 4.27177,
	4.20229 4.27949,
	4.20229 4.30008,
	4.22545 4.3361,
	4.23574 4.35669,
	4.24089 4.37728,
	4.23832 4.41845,
	4.24346 4.43904,
	4.24346 4.44933,
	4.26662 4.49051,
	4.30522 4.52911,
	4.3078 4.53425,
	4.2975 4.55484,
	4.28978 4.56513,
	4.24861 4.58572,
	4.2306 4.59859,
	4.2306 4.60888,
	4.22545 4.61917,
	4.18428 4.6552,
	4.16369 4.67321,
	4.13538 4.71439,
	4.12509 4.72211,
	4.08392 4.73498,
	4.06333 4.74012,
	4.05304 4.74527,
	3.97069 4.75042,
	3.92951 4.75814,
	3.84717 4.75814,
	3.80599 4.75814,
	3.76482 4.76328,
	3.74423 4.76586,
	3.66189 4.75814,
	3.57954 4.771,
	3.53836 4.79159,
	3.51778 4.80188,
	3.50748 4.80703,
	3.4869 4.80703,
	3.4766 4.80703,
	3.45344 4.8482,
	3.44315 4.86879,
	3.44572 4.88938,
	3.44572 4.89967,
	3.45344 4.90996,
	3.41227 4.91768,
	3.3711 4.9357,
	3.3608 4.94342,
	3.34794 4.98459,
	3.33764 5.00518,
	3.33507 5.02576,
	3.34022 5.04635,
	3.38396 5.1287,
	3.39426 5.14929,
	3.3994 5.23163,
	3.40198 5.24193,
	3.41742 5.26251,
	3.42514 5.34486,
	3.42514 5.36545,
	3.44315 5.40662,
	3.48432 5.44522,
	3.50491 5.46581,
	3.5152 5.4761,
	3.52035 5.48125,
	3.52292 5.50184,
	3.52035 5.52242,
	3.52035 5.53272,
	3.51006 5.53786,
	3.48947 5.53529,
	3.46888 5.52242,
	3.4483 5.50441,
	3.438 5.49669,
	3.35566 5.47353,
	3.33507 5.46838,
	3.2939 5.47095,
	3.27331 5.47867,
	3.25272 5.48125,
	3.23214 5.47867,
	3.22699 5.47867,
	3.23471 5.46838,
	3.245 5.42721,
	3.26302 5.38603,
	3.28618 5.30369,
	3.29904 5.26251,
	3.30419 5.22134,
	3.30419 5.18017,
	3.29647 5.15958,
	3.27074 5.11841,
	3.25015 5.07723,
	3.23728 5.05664,
	3.19611 5.01804,
	3.15493 4.99746,
	3.13435 4.98716,
	3.052 4.98716,
	2.96965 4.99488,
	2.88731 5.00775,
	2.80496 5.02576,
	2.72261 5.03091,
	2.68144 5.03091,
	2.66342 5.02319,
	2.64541 4.98202,
	2.64284 4.97944,
	"/>
</Transform>

<Transform dim="0"
 xcoef=" 0 1 0 0 0 0"
 ycoef=" 0 0 1 0 0 0">
<Contour name="d02" hidden="false" closed="true" simplified="true" border="0.502 0 1" fill="1 0.5 0" mode="11"
 points="4.24886 4.27818,
	4.25337 4.26915,
	4.27141 4.25337,
	4.28945 4.24209,
	4.29847 4.24209,
	4.3323 4.21052,
	4.33907 4.19248,
	4.33907 4.18346,
	4.35485 4.16767,
	4.3729 4.16541,
	4.38192 4.16541,
	4.39094 4.15639,
	4.40221 4.13835,
	4.418 4.12707,
	4.42702 4.12482,
	4.43153 4.12031,
	4.44055 4.12031,
	4.44732 4.12707,
	4.51949 4.12482,
	4.524 4.12031,
	4.54204 4.12031,
	4.54655 4.12031,
	4.56008 4.1361,
	4.57587 4.14737,
	4.60293 4.1812,
	4.62999 4.21052,
	4.64578 4.22179,
	4.66382 4.22856,
	4.68186 4.23984,
	4.69539 4.25337,
	4.71344 4.26239,
	4.72922 4.27592,
	4.73373 4.27592,
	4.7405 4.28494,
	4.74275 4.29396,
	4.75628 4.312,
	4.75628 4.31651,
	4.76982 4.3323,
	4.77207 4.35034,
	4.76982 4.38643,
	4.77207 4.40447,
	4.77658 4.41349,
	4.77658 4.42251,
	4.77658 4.42702,
	4.76305 4.44281,
	4.74501 4.44957,
	4.73599 4.45634,
	4.73373 4.46536,
	4.74275 4.4834,
	4.74275 4.50144,
	4.73599 4.51949,
	4.72246 4.53302,
	4.68637 4.55782,
	4.67284 4.57587,
	4.65705 4.5894,
	4.63901 4.59616,
	4.62097 4.60744,
	4.58489 4.60744,
	4.56685 4.60067,
	4.55782 4.59616,
	4.55331 4.59165,
	4.54429 4.59165,
	4.50821 4.60518,
	4.43604 4.61195,
	4.42702 4.61195,
	4.41123 4.62097,
	4.39319 4.6345,
	4.38868 4.63901,
	4.3526 4.63901,
	4.33456 4.62999,
	4.3323 4.62548,
	4.32779 4.62548,
	4.32102 4.61872,
	4.31877 4.58263,
	4.32328 4.54655,
	4.32102 4.51046,
	4.28494 4.48566,
	4.27141 4.47438,
	4.26013 4.45859,
	4.25337 4.44055,
	4.25337 4.42251,
	4.26013 4.40447,
	4.26013 4.36838,
	4.24886 4.3323,
	4.24886 4.29622,
	4.24886 4.28043,
	"/>
</Transform>

<Transform dim="0"
 xcoef=" 0 1 0 0 0 0"
 ycoef=" 0 0 1 0 0 0">
<Contour name="d03" hidden="false" closed="true" simplified="true" border="1 0 0.501961" fill="1 0.5 0" mode="11"
 points="3.02446 2.81959,
	3.03291 2.81114,
	3.0498 2.80692,
	3.0836 2.80692,
	3.09205 2.80903,
	3.10683 2.8217,
	3.11528 2.82804,
	3.14907 2.83015,
	3.16597 2.83015,
	3.17442 2.83649,
	3.17864 2.83649,
	3.18709 2.84494,
	3.19342 2.86183,
	3.19342 2.86606,
	3.19765 2.87028,
	3.21243 2.90196,
	3.21877 2.91041,
	3.22088 2.92731,
	3.22088 2.93575,
	3.1533 2.93787,
	3.1364 2.93575,
	3.13217 2.93575,
	3.12373 2.92942,
	3.10261 2.89774,
	3.09205 2.88084,
	3.06036 2.85761,
	3.05614 2.85338,
	3.05192 2.85338,
	3.04347 2.84705,
	3.02657 2.84071,
	3.02446 2.82381,
	3.02446 2.8217,
	"/>
</Transform>

<Transform dim="0"
 xcoef=" 0 1 0 0 0 0"
 ycoef=" 0 0 1 0 0 0">
<Contour name="d03" hidden="false" closed="true" simplified="true" border="1 0 0.501961" fill="1 0.5 0" mode="11"
 points="4.16708 3.83338,
	4.16919 3.82493,
	4.17553 3.81648,
	4.17553 3.81226,
	4.19454 3.78057,
	4.20932 3.76368,
	4.22622 3.76157,
	4.24311 3.76368,
	4.24734 3.76368,
	4.26001 3.77846,
	4.26424 3.78691,
	4.26846 3.79114,
	4.2748 3.80803,
	4.27691 3.82282,
	4.28536 3.82915,
	4.28747 3.83338,
	4.29169 3.83338,
	4.30648 3.84605,
	4.3107 3.84605,
	4.32548 3.85872,
	4.32971 3.85872,
	4.34661 3.87139,
	4.35083 3.87984,
	4.34872 3.89674,
	4.34449 3.90519,
	4.34449 3.90941,
	4.33393 3.92631,
	4.33182 3.9601,
	4.31915 3.977,
	4.30436 3.98967,
	4.28747 3.98967,
	4.27057 3.98333,
	4.24523 3.95588,
	4.23255 3.9432,
	4.23044 3.93898,
	4.22622 3.93898,
	4.20932 3.92419,
	4.20721 3.91997,
	4.20299 3.91997,
	4.17553 3.89251,
	4.17553 3.88407,
	4.16919 3.86717,
	4.16708 3.83549,
	"/>
</Transform>

<Transform dim="0"
 xcoef=" 0 1 0 0 0 0"
 ycoef=" 0 0 1 0 0 0">
<Contour name="d03" hidden="false" closed="true" simplified="true" border="1 0 0.501961" fill="1 0.5 0" mode="11"
 points="3.69457 3.10695,
	3.69908 3.09795,
	3.69908 3.07994,
	3.69908 3.07543,
	3.71934 3.04166,
	3.7306 3.02365,
	3.7351 3.01465,
	3.7396 3.01014,
	3.7396 3.00564,
	3.76437 2.96962,
	3.77337 2.95386,
	3.77337 2.94485,
	3.78688 2.92909,
	3.82065 2.91333,
	3.82966 2.90883,
	3.86568 2.90883,
	3.9017 2.89307,
	3.91971 2.88181,
	3.92872 2.87731,
	3.96249 2.84354,
	3.9805 2.83678,
	3.99851 2.83453,
	4.01653 2.82778,
	4.0503 2.80752,
	4.0593 2.80752,
	4.07731 2.80076,
	4.10433 2.76699,
	4.10433 2.76249,
	4.13585 2.73322,
	4.16962 2.71296,
	4.20564 2.71296,
	4.22366 2.71521,
	4.23266 2.71521,
	4.24167 2.71971,
	4.24617 2.71971,
	4.26418 2.73322,
	4.27094 2.73997,
	4.27544 2.73997,
	4.27994 2.74448,
	4.27994 2.74898,
	4.28895 2.75123,
	4.32497 2.776,
	4.33848 2.7895,
	4.34748 2.79401,
	4.3655 2.79626,
	4.38351 2.80301,
	4.38576 2.80752,
	4.39026 2.80752,
	4.41503 2.83678,
	4.45105 2.84804,
	4.46906 2.8638,
	4.48257 2.88181,
	4.48707 2.88406,
	4.48707 2.88857,
	4.51409 2.91783,
	4.52309 2.92234,
	4.55912 2.92234,
	4.59514 2.93134,
	4.61315 2.9381,
	4.61765 2.9426,
	4.62216 2.9426,
	4.63566 2.95611,
	4.65368 2.97412,
	4.66268 2.99213,
	4.66718 3.01014,
	4.68069 3.02365,
	4.6852 3.02365,
	4.6942 3.03041,
	4.70321 3.03266,
	4.70996 3.03941,
	4.70996 3.05742,
	4.70996 3.06643,
	4.70321 3.07543,
	4.70321 3.09345,
	4.70321 3.10245,
	4.69645 3.12046,
	4.68294 3.13622,
	4.66493 3.14973,
	4.65368 3.16549,
	4.64467 3.17224,
	4.64017 3.17675,
	4.63566 3.17675,
	4.61765 3.188,
	4.60865 3.19026,
	4.60415 3.19026,
	4.59514 3.19701,
	4.58613 3.19701,
	4.57938 3.20376,
	4.57488 3.20376,
	4.56137 3.21727,
	4.54336 3.23078,
	4.50733 3.24654,
	4.48932 3.24879,
	4.48032 3.24879,
	4.46231 3.24204,
	4.42628 3.23979,
	4.39026 3.22853,
	4.38125 3.22403,
	4.30921 3.22628,
	4.30471 3.22628,
	4.3002 3.23078,
	4.28219 3.23754,
	4.21015 3.23754,
	4.19214 3.23754,
	4.18313 3.23754,
	4.16512 3.24654,
	4.09307 3.2668,
	4.08407 3.27131,
	4.07506 3.27131,
	4.06606 3.27581,
	4.03003 3.27581,
	3.99401 3.27131,
	3.95799 3.27356,
	3.94898 3.27356,
	3.93097 3.28031,
	3.92197 3.28482,
	3.88594 3.28256,
	3.86793 3.27581,
	3.86343 3.27581,
	3.85442 3.26906,
	3.84992 3.26906,
	3.84542 3.26455,
	3.83641 3.26455,
	3.8184 3.2578,
	3.80489 3.24654,
	3.78688 3.24204,
	3.77788 3.24204,
	3.76212 3.22403,
	3.72834 3.19926,
	3.71258 3.18575,
	3.70583 3.179,
	3.69908 3.16099,
	3.69457 3.12496,
	3.69457 3.10921,
	"/>
</Transform>

<Transform dim="0"
 xcoef=" 0 1 0 0 0 0"
 ycoef=" 0 0 1 0 0 0">
<Contour name="d04" hidden="false" closed="true" simplified="true" border="1 0 0" fill="1 0.5 0" mode="11"
 points="2.65505 5.89267,
	2.66095 5.87693,
	2.67276 5.86315,
	2.6826 5.85331,
	2.69835 5.85331,
	2.71409 5.85725,
	2.74558 5.87299,
	2.75149 5.8789,
	2.76723 5.88086,
	2.77511 5.88086,
	2.77904 5.88086,
	2.78298 5.8848,
	2.79085 5.88677,
	2.79676 5.89267,
	2.79676 5.90054,
	2.78692 5.91432,
	2.77904 5.92219,
	2.76527 5.93007,
	2.75739 5.934,
	2.74165 5.934,
	2.7259 5.9281,
	2.71016 5.934,
	2.70228 5.93794,
	2.68654 5.93794,
	2.67079 5.934,
	2.65702 5.92023,
	2.65505 5.90448,
	2.65505 5.89661,
	2.65505 5.89464,
	"/>
</Transform>

<Transform dim="0"
 xcoef=" 0 1 0 0 0 0"
 ycoef=" 0 0 1 0 0 0">
<Contour name="d04" hidden="false" closed="true" simplified="true" border="1 0 0" fill="1 0.5 0" mode="11"
 points="2.57435 5.39473,
	2.60388 5.36717,
	2.61765 5.35536,
	2.62159 5.34946,
	2.63537 5.33371,
	2.63537 5.32978,
	2.64127 5.32387,
	2.64718 5.30813,
	2.64914 5.30026,
	2.65308 5.29632,
	2.65308 5.29238,
	2.66292 5.27861,
	2.68851 5.25302,
	2.70032 5.23924,
	2.70622 5.23334,
	2.70622 5.2294,
	2.71803 5.21563,
	2.71803 5.21169,
	2.74558 5.18217,
	2.77707 5.15264,
	2.80069 5.13099,
	2.81644 5.11919,
	2.82037 5.11525,
	2.82431 5.11525,
	2.83218 5.10934,
	2.84006 5.10934,
	2.84793 5.10541,
	2.87942 5.10541,
	2.9424 5.09163,
	2.97389 5.07982,
	2.98176 5.07982,
	2.99751 5.07392,
	3.029 5.0562,
	3.05655 5.03455,
	3.0723 5.02668,
	3.08017 5.02078,
	3.09592 5.01487,
	3.09985 5.01487,
	3.1156 5.00503,
	3.13134 5.00503,
	3.16283 5.01487,
	3.17071 5.01684,
	3.18645 5.02668,
	3.19039 5.02668,
	3.21991 5.05227,
	3.23172 5.06801,
	3.23566 5.07195,
	3.24156 5.08769,
	3.24353 5.09557,
	3.27108 5.12312,
	3.27108 5.12706,
	3.27699 5.13296,
	3.28289 5.14871,
	3.28289 5.15658,
	3.2947 5.18807,
	3.3006 5.21956,
	3.29864 5.25105,
	3.2947 5.25499,
	3.2947 5.26286,
	3.28683 5.27861,
	3.28289 5.29435,
	3.28289 5.3101,
	3.27305 5.34159,
	3.27108 5.34946,
	3.27108 5.3534,
	3.26518 5.36127,
	3.26518 5.36914,
	3.26124 5.37308,
	3.25534 5.38686,
	3.24943 5.39473,
	3.2455 5.41047,
	3.2455 5.42622,
	3.23566 5.45771,
	3.23566 5.46165,
	3.20613 5.48329,
	3.20023 5.49117,
	3.18448 5.49707,
	3.16874 5.49707,
	3.15299 5.50298,
	3.13922 5.51479,
	3.12938 5.52856,
	3.12741 5.53644,
	3.11363 5.55021,
	3.08411 5.56793,
	3.05262 5.56793,
	3.03687 5.56793,
	3.029 5.56793,
	3.01325 5.56202,
	2.98176 5.56202,
	2.96602 5.56793,
	2.95027 5.56793,
	2.93453 5.57383,
	2.90304 5.5758,
	2.88729 5.5758,
	2.8558 5.56399,
	2.84006 5.55808,
	2.80856 5.55612,
	2.79479 5.54824,
	2.78101 5.53644,
	2.77707 5.5325,
	2.77314 5.5325,
	2.75739 5.52266,
	2.74952 5.52069,
	2.74165 5.51479,
	2.7259 5.51085,
	2.69441 5.50888,
	2.66489 5.47739,
	2.65898 5.46952,
	2.65702 5.46165,
	2.64914 5.46165,
	2.64127 5.45574,
	2.6334 5.45377,
	2.62946 5.44984,
	2.62553 5.44984,
	2.59994 5.42622,
	2.58419 5.41047,
	2.57632 5.40654,
	2.57435 5.39866,
	2.57435 5.3967,
	"/>
</Transform>

<Transform dim="0"
 xcoef=" 0 1 0 0 0 0"
 ycoef=" 0 0 1 0 0 0">
<Contour name="d04" hidden="false" closed="true" simplified="true" border="1 0 0" fill="1 0.5 0" mode="11"
 points="3.15299 4.16856,
	3.1589 4.15282,
	3.1589 4.14888,
	3.18252 4.1233,
	3.21401 4.09377,
	3.22188 4.0859,
	3.22581 4.07803,
	3.22975 4.07606,
	3.22975 4.07212,
	3.24156 4.05835,
	3.24156 4.05441,
	3.25337 4.04063,
	3.28289 4.01111,
	3.2888 4.00324,
	3.2888 3.9993,
	3.30454 3.98946,
	3.33603 3.97962,
	3.36752 3.97765,
	3.38327 3.97765,
	3.39901 3.98356,
	3.40689 3.98749,
	3.41279 3.99537,
	3.41673 3.9993,
	3.41673 4.00324,
	3.42854 4.01898,
	3.42854 4.02292,
	3.45019 4.05244,
	3.45806 4.05835,
	3.4738 4.06425,
	3.47774 4.06425,
	3.48561 4.07016,
	3.48955 4.07016,
	3.50529 4.08196,
	3.51317 4.08984,
	3.52301 4.10558,
	3.52891 4.11346,
	3.53088 4.14495,
	3.52891 4.16069,
	3.5171 4.19218,
	3.5112 4.20793,
	3.50529 4.2158,
	3.50529 4.21974,
	3.49545 4.23548,
	3.48168 4.25123,
	3.4738 4.25713,
	3.46987 4.25713,
	3.43838 4.27484,
	3.42263 4.28075,
	3.35965 4.29059,
	3.29667 4.29256,
	3.28092 4.29256,
	3.27305 4.29256,
	3.24156 4.30437,
	3.23369 4.30633,
	3.23172 4.31027,
	3.22778 4.31027,
	3.21991 4.31618,
	3.21597 4.31618,
	3.2022 4.32798,
	3.19432 4.33389,
	3.17858 4.33586,
	3.17071 4.33586,
	3.16283 4.32995,
	3.1589 4.32602,
	3.15496 4.31027,
	3.1589 4.27878,
	3.1589 4.27091,
	3.15299 4.25516,
	3.15299 4.23942,
	3.15693 4.23154,
	3.15693 4.2158,
	3.15693 4.20793,
	3.15299 4.20005,
	3.15299 4.17053,
	"/>
</Transform>

<Transform dim="0"
 xcoef=" 0 1 0 0 0 0"
 ycoef=" 0 0 1 0 0 0">
<Contour name="d05" hidden="false" closed="true" simplified="true" border="1 0.501961 0" fill="1 0.5 0" mode="11"
 points="4.89379 5.84792,
	4.90027 5.82717,
	4.90675 5.8194,
	4.90805 5.81421,
	4.91583 5.80514,
	4.9262 5.80384,
	4.93138 5.80384,
	4.93398 5.80384,
	4.93916 5.80773,
	4.94175 5.80773,
	4.95213 5.81551,
	4.95472 5.81551,
	4.97416 5.82847,
	4.97805 5.83884,
	4.97935 5.84921,
	4.97935 5.8518,
	4.98453 5.85569,
	4.98972 5.85699,
	4.9962 5.8544,
	5.00139 5.85829,
	5.01176 5.86218,
	5.02213 5.86866,
	5.03898 5.88162,
	5.04287 5.88421,
	5.06232 5.90107,
	5.0675 5.90236,
	5.0688 5.90496,
	5.07139 5.90496,
	5.07398 5.91014,
	5.07398 5.92051,
	5.07009 5.9244,
	5.04935 5.92181,
	5.03898 5.91922,
	5.01824 5.91922,
	5.00787 5.9244,
	4.9975 5.93477,
	4.99231 5.93866,
	4.98194 5.93866,
	4.97935 5.93866,
	4.96898 5.93088,
	4.96509 5.92699,
	4.9625 5.92699,
	4.94305 5.91014,
	4.93268 5.90236,
	4.91323 5.8907,
	4.90286 5.88292,
	4.90286 5.88032,
	4.89638 5.87125,
	4.89379 5.86088,
	4.89379 5.85051,
	4.89379 5.84921,
	"/>
</Transform>

<Transform dim="0"
 xcoef=" 0 1 0 0 0 0"
 ycoef=" 0 0 1 0 0 0">
<Contour name="d05" hidden="false" closed="true" simplified="true" border="1 0.501961 0" fill="1 0.5 0" mode="11"
 points="5.50438 4.86397,
	5.51734 4.84453,
	5.52512 4.83545,
	5.54845 4.79915,
	5.54716 4.77841,
	5.54845 4.76804,
	5.54327 4.75897,
	5.54327 4.7486,
	5.54845 4.74341,
	5.55105 4.74341,
	5.55494 4.73822,
	5.55623 4.71748,
	5.55883 4.70711,
	5.55623 4.70193,
	5.55105 4.69804,
	5.54845 4.69544,
	5.54586 4.69544,
	5.54197 4.69026,
	5.54716 4.67989,
	5.54845 4.6773,
	5.54586 4.67341,
	5.54068 4.66952,
	5.54197 4.65915,
	5.55883 4.64229,
	5.56271 4.63192,
	5.57827 4.61377,
	5.58994 4.59433,
	5.59512 4.58396,
	5.60549 4.57618,
	5.62624 4.57618,
	5.63531 4.57229,
	5.6379 4.5684,
	5.6405 4.5684,
	5.64309 4.56581,
	5.66383 4.56062,
	5.6742 4.55933,
	5.68457 4.55544,
	5.68717 4.55544,
	5.68976 4.55284,
	5.69494 4.55284,
	5.70013 4.54896,
	5.74161 4.53599,
	5.74291 4.5334,
	5.7455 4.5334,
	5.75458 4.52432,
	5.75717 4.52173,
	5.75717 4.51914,
	5.76624 4.51136,
	5.77662 4.50877,
	5.7818 4.50617,
	5.78439 4.50617,
	5.80384 4.49062,
	5.81162 4.48543,
	5.8531 4.45691,
	5.85829 4.45432,
	5.85958 4.45173,
	5.86218 4.45173,
	5.87125 4.44136,
	5.87384 4.44006,
	5.87384 4.43747,
	5.88162 4.42839,
	5.88681 4.4245,
	5.8894 4.4245,
	5.89847 4.41673,
	5.90107 4.41673,
	5.91014 4.41024,
	5.91533 4.40895,
	5.91792 4.40635,
	5.92311 4.40506,
	5.92699 4.40117,
	5.93218 4.40117,
	5.94255 4.39598,
	5.94774 4.39339,
	5.95811 4.39339,
	5.96848 4.39728,
	5.97366 4.40117,
	5.97626 4.40117,
	5.98403 4.40895,
	5.99441 4.41284,
	6.01515 4.41673,
	6.02422 4.42191,
	6.02422 4.4245,
	6.032 4.43358,
	6.03719 4.43747,
	6.03978 4.44006,
	6.04496 4.44136,
	6.05015 4.44006,
	6.06052 4.43358,
	6.07089 4.43358,
	6.07997 4.44006,
	6.08645 4.45043,
	6.08645 4.45562,
	6.09423 4.47636,
	6.09811 4.48673,
	6.09811 4.48932,
	6.10589 4.4984,
	6.12663 4.51136,
	6.13701 4.51784,
	6.1396 4.51784,
	6.15775 4.52951,
	6.16293 4.5334,
	6.16553 4.53858,
	6.16553 4.54896,
	6.17201 4.5697,
	6.18368 4.59044,
	6.18368 4.61118,
	6.1759 4.63192,
	6.17201 4.64229,
	6.17201 4.64748,
	6.16812 4.65266,
	6.16812 4.65526,
	6.16423 4.65915,
	6.16423 4.66174,
	6.16034 4.66692,
	6.15645 4.68767,
	6.15645 4.69285,
	6.14997 4.70322,
	6.14867 4.70711,
	6.14478 4.7123,
	6.13701 4.73304,
	6.13701 4.73563,
	6.13441 4.73822,
	6.13312 4.74341,
	6.12793 4.7486,
	6.12275 4.75119,
	6.12015 4.75378,
	6.10978 4.75767,
	6.09552 4.77841,
	6.08645 4.78749,
	6.07608 4.79008,
	6.05533 4.78878,
	6.05274 4.78619,
	6.04237 4.78489,
	6.03978 4.78489,
	6.02941 4.79267,
	6.02163 4.80045,
	6.01255 4.80564,
	6.01126 4.80823,
	5.99052 4.81601,
	5.98015 4.8199,
	5.97755 4.8199,
	5.95811 4.83286,
	5.94774 4.83934,
	5.94125 4.84842,
	5.93737 4.85879,
	5.93348 4.86397,
	5.93088 4.86657,
	5.92829 4.86657,
	5.9257 4.86916,
	5.90496 4.87305,
	5.86347 4.87434,
	5.84273 4.88083,
	5.82199 4.88342,
	5.81162 4.88471,
	5.79088 4.89249,
	5.7805 4.89638,
	5.75976 4.89638,
	5.75458 4.89638,
	5.74421 4.90027,
	5.73384 4.90027,
	5.72346 4.90416,
	5.71828 4.90675,
	5.71569 4.90935,
	5.71309 4.90935,
	5.70791 4.91323,
	5.69754 4.91323,
	5.69235 4.91323,
	5.68198 4.91712,
	5.67161 4.91842,
	5.66254 4.92231,
	5.65994 4.9249,
	5.65735 4.9249,
	5.65216 4.92879,
	5.63142 4.93009,
	5.62105 4.92749,
	5.61587 4.9249,
	5.57438 4.92361,
	5.55364 4.92361,
	5.54327 4.92361,
	5.5329 4.91712,
	5.53031 4.91712,
	5.51086 4.90157,
	5.50956 4.89638,
	5.51216 4.88601,
	5.51345 4.88083,
	5.50956 4.87564,
	5.50438 4.87305,
	5.50438 4.86786,
	5.50438 4.86527,
	"/>
</Transform>

<Transform dim="0"
 xcoef=" 0 1 0 0 0 0"
 ycoef=" 0 0 1 0 0 0">
<Contour name="d07" hidden="false" closed="true" simplified="true" border="1 0 1" fill="1 0.5 0" mode="11"
 points="3.99724 1.8679,
	4.00292 1.85275,
	4.00671 1.84517,
	4.0105 1.84328,
	4.0105 1.83949,
	4.03323 1.80918,
	4.06165 1.78455,
	4.06923 1.77697,
	4.09954 1.7675,
	4.10332 1.76371,
	4.10711 1.76371,
	4.12227 1.75234,
	4.13742 1.74666,
	4.16774 1.74855,
	4.18668 1.77887,
	4.19047 1.78265,
	4.19615 1.79781,
	4.19615 1.81296,
	4.20183 1.82812,
	4.20183 1.8357,
	4.20562 1.84328,
	4.22078 1.85464,
	4.22457 1.85464,
	4.23972 1.86601,
	4.24541 1.88116,
	4.2473 1.91147,
	4.25298 1.92663,
	4.25298 1.93421,
	4.25867 1.94179,
	4.27193 1.9721,
	4.28898 2.00241,
	4.29466 2.00999,
	4.29656 2.02514,
	4.29466 2.0403,
	4.29277 2.04787,
	4.27951 2.05735,
	4.27193 2.06303,
	4.26435 2.06303,
	4.25677 2.06871,
	4.2492 2.07061,
	4.24541 2.0744,
	4.24162 2.0744,
	4.23593 2.08008,
	4.23593 2.08387,
	4.22267 2.09713,
	4.20752 2.09523,
	4.19994 2.09523,
	4.18479 2.08955,
	4.181 2.08576,
	4.17721 2.08576,
	4.16584 2.0744,
	4.15826 2.06682,
	4.14311 2.05735,
	4.13553 2.05166,
	4.13174 2.05166,
	4.10522 2.02703,
	4.09006 2.01756,
	4.08628 2.01756,
	4.07491 2.00241,
	4.07112 1.99483,
	4.05596 1.98536,
	4.04839 1.98346,
	4.01997 1.96073,
	4.0105 1.94557,
	4.0105 1.93042,
	4.00481 1.91526,
	4.00481 1.91147,
	3.99913 1.9039,
	3.99724 1.87359,
	3.99724 1.8698,
	"/>
</Transform>

<Transform dim="0"
 xcoef=" 0 1 0 0 0 0"
 ycoef=" 0 0 1 0 0 0">
<Contour name="d07" hidden="false" closed="true" simplified="true" border="1 0 1" fill="1 0.5 0" mode="11"
 points="1.76371 1.98536,
	1.77129 1.97778,
	1.78645 1.96831,
	1.79213 1.96074,
	1.79403 1.95316,
	1.8035 1.94369,
	1.81108 1.94369,
	1.81486 1.94369,
	1.83002 1.95695,
	1.83381 1.95695,
	1.84707 1.96642,
	1.85275 1.97021,
	1.85465 1.98536,
	1.85465 1.99294,
	1.85465 1.99673,
	1.86033 2.00241,
	1.85844 2.01757,
	1.85654 2.02515,
	1.85086 2.03272,
	1.84328 2.03651,
	1.83949 2.0403,
	1.80918 2.04977,
	1.79403 2.04977,
	1.77887 2.0403,
	1.77319 2.03462,
	1.7694 2.03272,
	1.76561 2.00241,
	1.76371 1.98726,
	"/>
</Transform>

<Transform dim="0"
 xcoef=" 0 1 0 0 0 0"
 ycoef=" 0 0 1 0 0 0">
<Contour name="d07" hidden="false" closed="true" simplified="true" border="1 0 1" fill="1 0.5 0" mode="11"
 points="2.12723 1.90728,
	2.13194 1.901,
	2.13194 1.87586,
	2.13194 1.86958,
	2.14294 1.84444,
	2.14137 1.83187,
	2.14294 1.8193,
	2.14608 1.81302,
	2.15237 1.8083,
	2.15551 1.80516,
	2.15551 1.79888,
	2.1508 1.79259,
	2.1508 1.78002,
	2.15394 1.77374,
	2.16494 1.76117,
	2.18065 1.73918,
	2.19165 1.73132,
	2.19322 1.72504,
	2.20107 1.71404,
	2.20421 1.70776,
	2.20736 1.70618,
	2.20736 1.70304,
	2.21521 1.69047,
	2.21678 1.66534,
	2.21678 1.65277,
	2.21207 1.64805,
	2.2105 1.64334,
	2.20579 1.63706,
	2.19636 1.6292,
	2.1885 1.6182,
	2.19007 1.60564,
	2.19479 1.59307,
	2.20893 1.5695,
	2.21364 1.55693,
	2.21678 1.55065,
	2.21678 1.54751,
	2.2215 1.54122,
	2.22621 1.51608,
	2.23249 1.50352,
	2.24349 1.49409,
	2.25606 1.48938,
	2.26234 1.48938,
	2.27491 1.48466,
	2.27805 1.48466,
	2.28905 1.47524,
	2.29219 1.47524,
	2.30319 1.46581,
	2.30948 1.4611,
	2.33461 1.4611,
	2.34718 1.4611,
	2.35975 1.46581,
	2.38489 1.46581,
	2.39746 1.47052,
	2.40374 1.47524,
	2.41631 1.47524,
	2.42888 1.48152,
	2.43202 1.48466,
	2.44459 1.48938,
	2.46973 1.49252,
	2.48229 1.49566,
	2.49486 1.49566,
	2.50743 1.50352,
	2.53257 1.50352,
	2.54514 1.4988,
	2.55299 1.48938,
	2.56085 1.47681,
	2.58441 1.45167,
	2.58441 1.44853,
	2.59384 1.43753,
	2.60641 1.43439,
	2.61269 1.43439,
	2.63783 1.4501,
	2.6504 1.45795,
	2.66297 1.46267,
	2.67554 1.47052,
	2.70067 1.47052,
	2.71324 1.47209,
	2.72581 1.47838,
	2.73209 1.47995,
	2.73524 1.47995,
	2.73995 1.47524,
	2.75252 1.47681,
	2.7588 1.47995,
	2.76194 1.48152,
	2.76194 1.48466,
	2.7698 1.49409,
	2.77608 1.4988,
	2.80122 1.50666,
	2.81379 1.51451,
	2.82479 1.52551,
	2.8295 1.5318,
	2.83264 1.53337,
	2.83264 1.53651,
	2.84992 1.56007,
	2.85621 1.56636,
	2.86878 1.57421,
	2.88135 1.57893,
	2.88763 1.57893,
	2.9379 1.59621,
	2.95047 1.59778,
	2.95519 1.60249,
	2.95833 1.60249,
	2.96461 1.60721,
	2.96775 1.60721,
	2.97875 1.61663,
	2.98347 1.62292,
	2.98818 1.63549,
	2.98818 1.64805,
	2.98504 1.66062,
	2.98347 1.66691,
	2.96775 1.69204,
	2.96618 1.69833,
	2.96933 1.7109,
	2.97875 1.72189,
	2.98189 1.72504,
	2.99446 1.72818,
	3.00075 1.72975,
	3.00546 1.73603,
	3.00546 1.7486,
	2.99761 1.75803,
	2.99603 1.76117,
	2.99289 1.76117,
	2.98189 1.7706,
	2.96775 1.79416,
	2.96304 1.79888,
	2.9599 1.79888,
	2.95519 1.80359,
	2.95204 1.80359,
	2.94105 1.81145,
	2.93476 1.81459,
	2.92848 1.82087,
	2.92376 1.83344,
	2.92219 1.84601,
	2.92062 1.85229,
	2.91591 1.85858,
	2.90963 1.86015,
	2.89863 1.87115,
	2.89391 1.88372,
	2.89391 1.89,
	2.8892 1.90257,
	2.8892 1.90885,
	2.88449 1.92142,
	2.88292 1.93399,
	2.87977 1.94027,
	2.86721 1.94499,
	2.86092 1.94499,
	2.84835 1.95127,
	2.83736 1.9607,
	2.82636 1.98583,
	2.80593 2.00469,
	2.78237 2.01569,
	2.75723 2.02982,
	2.7478 2.03611,
	2.74466 2.03925,
	2.74152 2.03925,
	2.73838 2.04239,
	2.73209 2.04396,
	2.72895 2.04396,
	2.72267 2.04868,
	2.67239 2.06282,
	2.65982 2.06439,
	2.64726 2.0691,
	2.64097 2.07224,
	2.63469 2.07224,
	2.60955 2.08167,
	2.59698 2.08638,
	2.58441 2.08795,
	2.57813 2.08795,
	2.57184 2.0911,
	2.55928 2.09267,
	2.54671 2.09738,
	2.54042 2.10052,
	2.49015 2.10052,
	2.46501 2.10209,
	2.43987 2.09738,
	2.41474 2.08953,
	2.36446 2.08795,
	2.35818 2.08638,
	2.33461 2.06753,
	2.3299 2.06282,
	2.32676 2.06282,
	2.3189 2.05339,
	2.30633 2.04396,
	2.30005 2.03925,
	2.29377 2.03768,
	2.29219 2.03454,
	2.28905 2.03454,
	2.2812 2.02511,
	2.27805 2.01883,
	2.27805 2.01254,
	2.27334 2.00626,
	2.27334 2.00312,
	2.26863 1.99683,
	2.26863 1.99055,
	2.26863 1.98741,
	2.2592 1.97641,
	2.25606 1.97327,
	2.24349 1.97327,
	2.23721 1.97484,
	2.23406 1.97484,
	2.23092 1.97798,
	2.21835 1.98269,
	2.20579 1.98269,
	2.1995 1.98269,
	2.19636 1.98269,
	2.18379 1.97327,
	2.18065 1.97327,
	2.16808 1.96227,
	2.1508 1.9387,
	2.13823 1.93085,
	2.1288 1.92142,
	2.12723 1.90885,
	"/>
</Transform>

<Transform dim="0"
 xcoef=" 0 1 0 0 0 0"
 ycoef=" 0 0 1 0 0 0">
<Contour name="d07" hidden="false" closed="true" simplified="true" border="1 0 1" fill="1 0.5 0" mode="11"
 points="1.72818 1.52394,
	1.73132 1.51137,
	1.73132 1.48623,
	1.73603 1.47367,
	1.74546 1.46267,
	1.76903 1.44539,
	1.77845 1.43439,
	1.80202 1.41868,
	1.8083 1.41396,
	1.81145 1.41396,
	1.81616 1.40925,
	1.86643 1.39197,
	1.87272 1.3904,
	1.87586 1.3904,
	1.879 1.38726,
	1.89157 1.38726,
	1.90414 1.3904,
	1.91042 1.39354,
	1.92299 1.39354,
	1.93556 1.3904,
	1.94184 1.38726,
	1.96698 1.38726,
	1.97327 1.38726,
	1.9984 1.39825,
	2.00469 1.39983,
	2.01726 1.40925,
	2.03925 1.43282,
	2.04711 1.44382,
	2.0581 1.45638,
	2.07067 1.46581,
	2.07539 1.46895,
	2.0801 1.47524,
	2.08324 1.47681,
	2.08324 1.47995,
	2.08638 1.48309,
	2.08638 1.50823,
	2.07853 1.53337,
	2.07853 1.5585,
	2.07853 1.57107,
	2.07696 1.57736,
	2.07381 1.5805,
	2.07381 1.59307,
	2.07067 1.59935,
	2.06439 1.60564,
	2.05968 1.60878,
	2.05496 1.61506,
	2.05182 1.62763,
	2.05025 1.63391,
	2.05025 1.63706,
	2.02668 1.65434,
	2.01411 1.66219,
	1.98898 1.67162,
	1.98583 1.67162,
	1.97955 1.67633,
	1.97327 1.67633,
	1.96698 1.67948,
	1.91671 1.67476,
	1.89157 1.67319,
	1.879 1.67005,
	1.87272 1.66691,
	1.86643 1.66691,
	1.86329 1.66377,
	1.85072 1.66062,
	1.83815 1.6512,
	1.83187 1.64648,
	1.82873 1.64334,
	1.81616 1.63863,
	1.80987 1.63863,
	1.79888 1.6292,
	1.78788 1.62292,
	1.76431 1.60406,
	1.74546 1.58364,
	1.73132 1.5585,
	1.72818 1.55222,
	1.72818 1.52708,
	1.72818 1.52551,
	"/>
</Transform>

<Transform dim="0"
 xcoef=" 0 1 0 0 0 0"
 ycoef=" 0 0 1 0 0 0">
<Contour name="d10" hidden="false" closed="true" simplified="true" border="0 1 1" fill="1 0.5 0" mode="11"
 points="6.73647 5.45086,
	6.74119 5.43827,
	6.74906 5.42568,
	6.76165 5.41467,
	6.77424 5.40837,
	6.78053 5.40523,
	6.80571 5.40523,
	6.83088 5.40837,
	6.84347 5.41309,
	6.85606 5.42096,
	6.86236 5.42568,
	6.86865 5.42726,
	6.88124 5.42568,
	6.89383 5.42096,
	6.90642 5.41309,
	6.91271 5.41152,
	6.9253 5.41309,
	6.93789 5.42254,
	6.95048 5.42726,
	6.96306 5.42726,
	6.96936 5.42726,
	6.97251 5.42726,
	6.98195 5.43985,
	6.98352 5.45243,
	6.98195 5.46502,
	6.9788 5.47132,
	6.98037 5.48391,
	6.99296 5.49492,
	6.99454 5.50751,
	6.98824 5.5201,
	6.98195 5.52639,
	6.9788 5.52954,
	6.96621 5.52954,
	6.95992 5.52639,
	6.95048 5.5138,
	6.94733 5.51066,
	6.94103 5.51066,
	6.94261 5.52324,
	6.94103 5.52954,
	6.93002 5.54055,
	6.90484 5.5437,
	6.89855 5.54685,
	6.88596 5.54685,
	6.86078 5.54055,
	6.83561 5.53111,
	6.78525 5.52954,
	6.77896 5.52797,
	6.75535 5.50436,
	6.74276 5.49492,
	6.73962 5.49177,
	6.73962 5.4666,
	6.73647 5.46345,
	6.73647 5.45243,
	"/>
</Transform>

<Transform dim="0"
 xcoef=" 0 1 0 0 0 0"
 ycoef=" 0 0 1 0 0 0">
<Contour name="d10" hidden="false" closed="true" simplified="true" border="0 1 1" fill="1 0.5 0" mode="11"
 points="5.59091 5.92923,
	5.59406 5.92293,
	5.59406 5.91979,
	5.61451 5.89461,
	5.6271 5.88674,
	5.6507 5.86314,
	5.70106 5.82694,
	5.70735 5.82222,
	5.71994 5.81908,
	5.74512 5.8175,
	5.75613 5.80491,
	5.76872 5.80019,
	5.81908 5.80491,
	5.84425 5.80491,
	5.86943 5.80019,
	5.88202 5.79705,
	5.88831 5.7939,
	5.91349 5.79547,
	5.93867 5.80334,
	5.95126 5.80963,
	5.97643 5.8175,
	5.98902 5.82065,
	5.99532 5.82222,
	5.99846 5.82222,
	6.00004 5.82537,
	6.01263 5.82852,
	6.02521 5.82852,
	6.05039 5.83324,
	6.07557 5.83324,
	6.08816 5.83167,
	6.10075 5.82537,
	6.12592 5.82694,
	6.13851 5.83324,
	6.14953 5.84583,
	6.16684 5.871,
	6.17942 5.88202,
	6.19201 5.88989,
	6.2046 5.9009,
	6.22506 5.95126,
	6.22506 5.97643,
	6.22821 5.98273,
	6.25024 6.00791,
	6.26754 6.03308,
	6.29272 6.05039,
	6.29744 6.06298,
	6.30846 6.07557,
	6.31947 6.08501,
	6.33206 6.0976,
	6.32891 6.12278,
	6.32262 6.13536,
	6.3179 6.14166,
	6.31947 6.15425,
	6.31947 6.15739,
	6.32734 6.16998,
	6.33049 6.17628,
	6.33049 6.20145,
	6.33049 6.21404,
	6.33049 6.22034,
	6.33836 6.23293,
	6.33993 6.23922,
	6.33521 6.25181,
	6.33206 6.2581,
	6.31947 6.26282,
	6.2943 6.27856,
	6.28171 6.28485,
	6.27856 6.288,
	6.25338 6.2943,
	6.24079 6.29744,
	6.21562 6.30846,
	6.20303 6.31633,
	6.15267 6.3179,
	6.1275 6.32577,
	6.10232 6.32577,
	6.08973 6.32577,
	6.06455 6.3179,
	6.05826 6.31475,
	6.03308 6.31633,
	6.02049 6.31947,
	5.99532 6.31947,
	5.94496 6.30374,
	5.91979 6.29902,
	5.89461 6.29902,
	5.86943 6.29272,
	5.84425 6.28171,
	5.7939 6.26912,
	5.7876 6.26912,
	5.76243 6.25024,
	5.75299 6.23765,
	5.74984 6.23135,
	5.74354 6.22663,
	5.71837 6.21876,
	5.69319 6.19831,
	5.6806 6.19044,
	5.66959 6.17942,
	5.66172 6.16684,
	5.6507 6.15582,
	5.64441 6.14953,
	5.63654 6.13694,
	5.63497 6.08658,
	5.63654 6.06141,
	5.63497 6.04882,
	5.63025 6.03623,
	5.6271 6.02994,
	5.6035 6.00948,
	5.60035 5.99689,
	5.59878 5.97171,
	5.59091 5.94654,
	5.59091 5.93395,
	5.59091 5.9308,
	"/>
</Transform>

<Transform dim="0"
 xcoef=" 0 1 0 0 0 0"
 ycoef=" 0 0 1 0 0 0">
<Contour name="d10" hidden="false" closed="true" simplified="true" border="0 1 1" fill="1 0.5 0" mode="11"
 points="6.08501 6.78053,
	6.10232 6.75535,
	6.11491 6.74276,
	6.12435 6.73018,
	6.12907 6.71759,
	6.15739 6.66723,
	6.16526 6.65464,
	6.16998 6.64835,
	6.18257 6.64678,
	6.18572 6.64678,
	6.19044 6.65307,
	6.19044 6.67825,
	6.19044 6.68454,
	6.20145 6.69556,
	6.2046 6.70185,
	6.20618 6.71444,
	6.21719 6.73962,
	6.22191 6.75221,
	6.22506 6.7585,
	6.22663 6.77109,
	6.22191 6.79627,
	6.22034 6.80885,
	6.22191 6.82144,
	6.22506 6.82774,
	6.23765 6.84033,
	6.27227 6.89068,
	6.288 6.91586,
	6.288 6.92845,
	6.288 6.93474,
	6.288 6.93789,
	6.28171 6.93946,
	6.26912 6.93631,
	6.26282 6.93474,
	6.25024 6.92687,
	6.23765 6.92215,
	6.23135 6.92215,
	6.21876 6.91743,
	6.20618 6.90956,
	6.181 6.90012,
	6.15582 6.8954,
	6.13064 6.88439,
	6.1275 6.88124,
	6.12907 6.85606,
	6.1275 6.84347,
	6.11963 6.83088,
	6.10704 6.82302,
	6.10075 6.8183,
	6.09917 6.80571,
	6.09917 6.80256,
	6.09288 6.79941,
	6.08973 6.79941,
	6.08501 6.79312,
	6.08501 6.7821,
	"/>
</Transform>

<Transform dim="0"
 xcoef=" 0 1 0 0 0 0"
 ycoef=" 0 0 1 0 0 0">
<Contour name="d10" hidden="false" closed="true" simplified="true" border="0 1 1" fill="1 0.5 0" mode="11"
 points="5.51223 5.56573,
	5.5201 5.54055,
	5.53426 5.51538,
	5.54213 5.50279,
	5.54527 5.47761,
	5.55 5.46502,
	5.56101 5.45243,
	5.5673 5.44614,
	5.57045 5.43355,
	5.57203 5.42726,
	5.57675 5.42096,
	5.58304 5.41782,
	5.60192 5.39264,
	5.60822 5.38634,
	5.63339 5.38477,
	5.64598 5.38634,
	5.67116 5.39736,
	5.68375 5.40051,
	5.7341 5.40208,
	5.7404 5.40523,
	5.74354 5.40523,
	5.76715 5.42883,
	5.76715 5.44142,
	5.75928 5.4666,
	5.75928 5.47289,
	5.75928 5.47604,
	5.76715 5.48863,
	5.77502 5.53898,
	5.77502 5.54213,
	5.77974 5.54842,
	5.78131 5.56101,
	5.77974 5.5736,
	5.77974 5.57989,
	5.77502 5.59248,
	5.77344 5.60507,
	5.77344 5.61136,
	5.76243 5.63654,
	5.75141 5.64913,
	5.74512 5.65385,
	5.71994 5.65542,
	5.69476 5.64913,
	5.68847 5.64598,
	5.66329 5.64756,
	5.657 5.64913,
	5.65385 5.65228,
	5.62867 5.6507,
	5.62238 5.64913,
	5.5972 5.63182,
	5.57203 5.61766,
	5.54685 5.60979,
	5.53426 5.60507,
	5.52797 5.60192,
	5.51538 5.59091,
	5.51223 5.58776,
	5.51223 5.57517,
	5.51223 5.56888,
	5.51223 5.5673,
	"/>
</Transform>

<Transform dim="0"
 xcoef=" 0 1 0 0 0 0"
 ycoef=" 0 0 1 0 0 0">
<Contour name="d11" hidden="false" closed="true" simplified="true" border="1 0.501961 0" fill="1 0.5 0" mode="11"
 points="2.72962 6.46148,
	2.73257 6.4379,
	2.74141 6.4261,
	2.76499 6.40694,
	2.77384 6.39515,
	2.77973 6.38926,
	2.78563 6.38631,
	2.79742 6.37599,
	2.80774 6.35241,
	2.81511 6.32883,
	2.83132 6.30525,
	2.84164 6.28166,
	2.85785 6.25956,
	2.86964 6.25219,
	2.87553 6.24924,
	2.87996 6.24334,
	2.88143 6.23155,
	2.87848 6.21976,
	2.87848 6.20797,
	2.87848 6.20207,
	2.88585 6.19028,
	2.89617 6.17849,
	2.90354 6.1667,
	2.92417 6.14312,
	2.93449 6.1328,
	2.94628 6.12543,
	2.99344 6.10627,
	3.01703 6.09743,
	3.02882 6.09448,
	3.04061 6.08859,
	3.0524 6.08564,
	3.09956 6.08416,
	3.10546 6.08416,
	3.11135 6.08122,
	3.15852 6.07974,
	3.1821 6.07385,
	3.19389 6.07385,
	3.21747 6.08122,
	3.22926 6.09006,
	3.23516 6.09596,
	3.25874 6.10627,
	3.30591 6.10922,
	3.32949 6.11659,
	3.33538 6.12101,
	3.3457 6.14459,
	3.35012 6.15638,
	3.35749 6.16818,
	3.36044 6.17407,
	3.36044 6.17702,
	3.36339 6.17997,
	3.36781 6.19176,
	3.38697 6.21387,
	3.39876 6.22124,
	3.44592 6.23745,
	3.49309 6.24482,
	3.51667 6.25219,
	3.52846 6.25808,
	3.53436 6.26103,
	3.54615 6.27135,
	3.59331 6.3023,
	3.6051 6.31409,
	3.62132 6.33767,
	3.63163 6.36125,
	3.63163 6.38484,
	3.63016 6.39663,
	3.62869 6.40252,
	3.62279 6.40842,
	3.57563 6.42316,
	3.56383 6.43053,
	3.55647 6.44232,
	3.53288 6.46295,
	3.5093 6.47474,
	3.49751 6.48211,
	3.48719 6.4939,
	3.47982 6.51748,
	3.4754 6.52928,
	3.47393 6.53517,
	3.45772 6.55875,
	3.4474 6.57054,
	3.4415 6.57644,
	3.41792 6.57644,
	3.40613 6.57644,
	3.38255 6.58676,
	3.33538 6.61329,
	3.28822 6.61181,
	3.27643 6.60887,
	3.26464 6.6015,
	3.25285 6.59707,
	3.20568 6.5956,
	3.1821 6.59413,
	3.15852 6.59855,
	3.13494 6.61329,
	3.12315 6.6236,
	3.11725 6.6295,
	3.10546 6.63392,
	3.09367 6.63392,
	3.08188 6.63097,
	3.03471 6.61181,
	3.02882 6.60887,
	3.02587 6.60592,
	3.01997 6.60444,
	3.01408 6.60002,
	3.00229 6.59707,
	2.95512 6.59855,
	2.94923 6.59855,
	2.92565 6.5897,
	2.91386 6.58676,
	2.86669 6.58676,
	2.8549 6.58528,
	2.83132 6.57791,
	2.821 6.5676,
	2.81805 6.5617,
	2.80626 6.54991,
	2.78268 6.53075,
	2.73699 6.48506,
	2.73109 6.47916,
	2.72962 6.46737,
	2.72962 6.46295,
	"/>
</Transform>

<Transform dim="0"
 xcoef=" 0 1 0 0 0 0"
 ycoef=" 0 0 1 0 0 0">
<Contour name="d01" hidden="false" closed="true" simplified="true" border="1 1 0" fill="1 0.5 0" mode="11"
 points="4.3469 4.10384,
	4.3509 4.09316,
	4.36025 4.08381,
	4.38162 4.07179,
	4.3923 4.06244,
	4.40031 4.05176,
	4.411 4.04108,
	4.42168 4.04108,
	4.43237 4.04775,
	4.4337 4.04909,
	4.43904 4.04508,
	4.46041 4.04508,
	4.48178 4.05043,
	4.48712 4.0531,
	4.49246 4.05844,
	4.4978 4.06111,
	4.49914 4.07179,
	4.4978 4.08248,
	4.4938 4.08782,
	4.48311 4.09316,
	4.47777 4.09583,
	4.46709 4.09717,
	4.4564 4.10384,
	4.44572 4.10785,
	4.42435 4.10919,
	4.40299 4.11586,
	4.38162 4.12655,
	4.37628 4.12922,
	4.36559 4.12922,
	4.35491 4.12655,
	4.3469 4.1172,
	4.3469 4.10651,
	4.3469 4.10518,
	"/>
</Transform>

<Transform dim="0"
 xcoef=" 0 1 0 0 0 0"
 ycoef=" 0 0 1 0 0 0">
<Contour name="d01p07" hidden="false" closed="true" simplified="false" border="1 0 1" fill="1 0 1" mode="-9"
 points="3.4297 4.73968,
	3.4297 4.72017,
	3.44921 4.70066,
	3.46872 4.70066,
	3.48823 4.72017,
	3.48823 4.73968,
	3.46872 4.75919,
	3.44921 4.75919,
	"/>
</Transform>

<Transform dim="0"
 xcoef=" 0 1 0 0 0 0"
 ycoef=" 0 0 1 0 0 0">
<Contour name="d01c07b" hidden="false" closed="true" simplified="true" border="1 0 0" fill="1 0 0" mode="11"
 points="3.30093 5.46536,
	3.31017 5.45612,
	3.31941 5.4515,
	3.35637 5.4515,
	3.37485 5.4515,
	3.41181 5.46074,
	3.43029 5.46767,
	3.44877 5.47922,
	3.45801 5.48846,
	3.45801 5.4977,
	3.44877 5.51618,
	3.43953 5.52311,
	3.40257 5.51849,
	3.36561 5.50925,
	3.32865 5.49539,
	3.31017 5.49077,
	3.30093 5.48384,
	3.30093 5.46767,
	"/>
</Transform>

<Transform dim="0"
 xcoef=" 0 1 0 0 0 0"
 ycoef=" 0 0 1 0 0 0">
<Contour name="d01cfa07b" hidden="false" closed="false" simplified="false" border="0 0 1" fill="1 0 0" mode="11"
 points="3.31078 5.46732,
	3.34081 5.46732,
	3.43321 5.49504,
	3.44707 5.50659,
	"/>
</Transform>

<Transform dim="0"
 xcoef=" 0 1 0 0 0 0"
 ycoef=" 0 0 1 0 0 0">
<Contour name="d03c08" hidden="false" closed="true" simplified="true" border="1 0 0" fill="0 1 0" mode="11"
 points="4.13577 3.87325,
	4.14477 3.86125,
	4.15077 3.85675,
	4.17477 3.85675,
	4.18677 3.86425,
	4.19877 3.87475,
	4.20627 3.88675,
	4.20627 3.89275,
	4.20927 3.89875,
	4.25578 3.94076,
	4.26478 3.95276,
	4.26628 3.95726,
	4.27228 3.96326,
	4.27528 3.96926,
	4.27528 3.98126,
	4.27378 3.98726,
	4.26328 3.99926,
	4.25728 4.00226,
	4.24527 4.00226,
	4.23927 3.99926,
	4.23627 3.99926,
	4.21377 3.97976,
	4.17027 3.93175,
	4.14777 3.90775,
	4.14027 3.89575,
	4.13577 3.88975,
	4.13577 3.87775,
	4.13577 3.87475,
	"/>
<Contour name="d03cfa08" hidden="false" closed="false" simplified="false" border="0 0 1" fill="0 0.502 1" mode="11"
 points="4.26824 3.98672,
	4.26224 3.98672,
	4.19173 3.92522,
	4.16773 3.89522,
	4.16173 3.85771,
	"/>
</Transform>

<Transform dim="0"
 xcoef=" 0 1 0 0 0 0"
 ycoef=" 0 0 1 0 0 0">
<Contour name="d04" hidden="false" closed="true" simplified="true" border="1 0 0" fill="1 0.5 0" mode="11"
 points="3.40322 5.19664,
	3.42733 5.16697,
	3.44217 5.15213,
	3.45701 5.141,
	3.48668 5.12431,
	3.50152 5.11875,
	3.51636 5.10576,
	3.5349 5.07609,
	3.55901 5.04642,
	3.56829 5.03158,
	3.57199 5.01674,
	3.57385 4.98707,
	3.57756 4.97965,
	3.57941 4.96481,
	3.58312 4.95739,
	3.59796 4.94256,
	3.62763 4.92216,
	3.65731 4.91659,
	3.68698 4.91659,
	3.6944 4.91845,
	3.70738 4.92957,
	3.74633 4.98892,
	3.75746 5.00376,
	3.77229 5.01489,
	3.80197 5.02787,
	3.8168 5.03529,
	3.84648 5.04085,
	3.87615 5.04085,
	3.90397 5.04642,
	3.93364 5.04642,
	3.96332 5.04085,
	3.97816 5.03714,
	4.0375 5.00932,
	4.09685 4.99634,
	4.11169 4.99263,
	4.14136 4.99263,
	4.17104 5.00005,
	4.18587 5.00376,
	4.19329 5.00747,
	4.20813 5.00932,
	4.22297 5.01674,
	4.2378 5.02972,
	4.24337 5.03714,
	4.24151 5.06682,
	4.23595 5.09649,
	4.22297 5.12616,
	4.21926 5.13358,
	4.2174 5.16326,
	4.21555 5.17068,
	4.20442 5.18551,
	4.17475 5.20591,
	4.1154 5.23002,
	4.08572 5.2393,
	4.07089 5.24671,
	4.05605 5.2597,
	4.04678 5.27453,
	4.04121 5.28937,
	4.04121 5.31904,
	4.04121 5.33388,
	4.05049 5.36356,
	4.05605 5.37839,
	4.0579 5.40807,
	4.0542 5.4229,
	4.03936 5.45258,
	4.03008 5.46741,
	4.0171 5.49709,
	4.00783 5.51192,
	3.98001 5.5416,
	3.97259 5.54531,
	3.96517 5.55273,
	3.95775 5.55644,
	3.94292 5.57127,
	3.92623 5.60095,
	3.91881 5.60836,
	3.91139 5.61207,
	3.90397 5.61949,
	3.89655 5.6232,
	3.88172 5.6232,
	3.8743 5.6232,
	3.85946 5.61578,
	3.85204 5.61393,
	3.84462 5.60836,
	3.82979 5.60836,
	3.81495 5.61393,
	3.7556 5.61764,
	3.74076 5.6232,
	3.73335 5.6232,
	3.70367 5.63247,
	3.64432 5.63247,
	3.63691 5.63062,
	3.62949 5.62506,
	3.63134 5.61022,
	3.6332 5.6028,
	3.64618 5.58796,
	3.66102 5.57869,
	3.69069 5.56942,
	3.70553 5.56756,
	3.72036 5.562,
	3.7352 5.55087,
	3.76487 5.52305,
	3.81309 5.4637,
	3.82422 5.44887,
	3.83906 5.41919,
	3.85019 5.38952,
	3.85575 5.37468,
	3.86502 5.35985,
	3.87059 5.34501,
	3.86502 5.28566,
	3.84833 5.22631,
	3.84462 5.21148,
	3.8372 5.19664,
	3.82422 5.1818,
	3.7964 5.1614,
	3.78157 5.15398,
	3.77415 5.15213,
	3.76673 5.14657,
	3.70738 5.12616,
	3.67771 5.12431,
	3.66287 5.12431,
	3.6332 5.13915,
	3.57385 5.18922,
	3.54418 5.20962,
	3.53676 5.21704,
	3.52934 5.22075,
	3.5145 5.23559,
	3.49966 5.24486,
	3.49225 5.25228,
	3.46257 5.27082,
	3.4329 5.26897,
	3.41992 5.25784,
	3.4125 5.25042,
	3.40508 5.23559,
	3.40322 5.20591,
	3.40322 5.19849,
	"/>
</Transform>

<Transform dim="0"
 xcoef=" 0 1 0 0 0 0"
 ycoef=" 0 0 1 0 0 0">
<Contour name="d04c05" hidden="false" closed="true" simplified="true" border="1 0 0" fill="1 0 0" mode="11"
 points="3.68327 5.55458,
	3.74076 5.49523,
	3.76858 5.46556,
	3.79269 5.43774,
	3.80939 5.40807,
	3.82051 5.37839,
	3.82793 5.34872,
	3.83906 5.31904,
	3.84277 5.28937,
	3.84277 5.27453,
	3.8372 5.2597,
	3.8335 5.25228,
	3.80382 5.23002,
	3.78898 5.21704,
	3.75931 5.20035,
	3.72964 5.19108,
	3.7148 5.1818,
	3.71109 5.17809,
	3.71109 5.16326,
	3.72407 5.13358,
	3.7352 5.11875,
	3.75004 5.10947,
	3.77971 5.10762,
	3.78713 5.10762,
	3.84648 5.15769,
	3.87615 5.18737,
	3.89099 5.21704,
	3.90212 5.24671,
	3.90768 5.27639,
	3.91695 5.30606,
	3.91881 5.33574,
	3.91881 5.35057,
	3.91881 5.35799,
	3.90953 5.38767,
	3.89655 5.41734,
	3.87801 5.44701,
	3.83164 5.50636,
	3.80382 5.53603,
	3.7964 5.55087,
	3.78342 5.56571,
	3.776 5.57313,
	3.74633 5.58611,
	3.71665 5.59167,
	3.70182 5.59167,
	3.6944 5.58982,
	3.68698 5.58425,
	3.68327 5.57684,
	3.68327 5.562,
	3.68327 5.55644,
	"/>
</Transform>

<Transform dim="1"
 xcoef=" -0.01 1 0 0 0 0"
 ycoef=" 0 0 1 0 0 0">
<Contour name="d04cfa05" hidden="false" closed="true" simplified="true" border="0 0 1" fill="1 0 0" mode="11"
 points="3.68327 5.55458,
	3.74076 5.49523,
	3.76858 5.46556,
	3.79269 5.43774,
	3.80939 5.40807,
	3.82051 5.37839,
	3.82793 5.34872,
	3.83906 5.31904,
	3.84277 5.28937,
	3.84277 5.27453,
	3.8372 5.2597,
	3.8335 5.25228,
	3.80382 5.23002,
	3.78898 5.21704,
	3.75931 5.20035,
	3.72964 5.19108,
	3.7148 5.1818,
	3.71109 5.17809,
	3.71109 5.16326,
	3.72407 5.13358,
	3.7352 5.11875,
	3.75004 5.10947,
	3.77971 5.10762,
	3.78713 5.10762,
	3.84648 5.15769,
	3.87615 5.18737,
	3.89099 5.21704,
	3.90212 5.24671,
	3.90768 5.27639,
	3.91695 5.30606,
	3.91881 5.33574,
	3.91881 5.35057,
	3.91881 5.35799,
	3.90953 5.38767,
	3.89655 5.41734,
	3.87801 5.44701,
	3.83164 5.50636,
	3.80382 5.53603,
	3.7964 5.55087,
	3.78342 5.56571,
	3.776 5.57313,
	3.74633 5.58611,
	3.71665 5.59167,
	3.70182 5.59167,
	3.6944 5.58982,
	3.68698 5.58425,
	3.68327 5.57684,
	3.68327 5.562,
	3.68327 5.55644,
	"/>
<Contour name="d04cfa05" hidden="false" closed="false" simplified="false" border="0 0 1" fill="0 0 1" mode="11"
 points="3.69301 5.57569,
	3.69301 5.559,
	3.7097 5.53489,
	3.77832 5.47183,
	3.81356 5.42361,
	3.84323 5.33273,
	3.85807 5.29564,
	3.84508 5.25113,
	3.8117 5.21589,
	3.76719 5.19364,
	3.72639 5.1788,
	3.71897 5.16396,
	3.72639 5.13985,
	"/>
</Transform>

<Transform dim="0"
 xcoef=" 0 1 0 0 0 0"
 ycoef=" 0 0 1 0 0 0">
<Contour name="d07c11" hidden="false" closed="true" simplified="true" border="1 0 0" fill="1 0 0" mode="11"
 points="1.76701 1.56555,
	1.77429 1.54614,
	1.77915 1.53643,
	1.79857 1.53885,
	1.80828 1.54128,
	1.84711 1.57284,
	1.86653 1.58012,
	1.88595 1.58012,
	1.91993 1.61653,
	1.92478 1.62138,
	1.92478 1.6408,
	1.91265 1.65779,
	1.90294 1.65779,
	1.88352 1.64565,
	1.86653 1.62623,
	1.85682 1.61895,
	1.81798 1.61653,
	1.80828 1.6141,
	1.80342 1.6141,
	1.76701 1.58254,
	1.76701 1.57284,
	1.76701 1.56798,
	"/>
</Transform>

<Transform dim="1"
 xcoef=" 0 1 0 0 0 0"
 ycoef=" 0.01 0 1 0 0 0">
<Contour name="d07cfa11" hidden="false" closed="true" simplified="true" border="0 0 1" fill="1 0 0" mode="11"
 points="1.76701 1.56555,
	1.77429 1.54614,
	1.77915 1.53643,
	1.79857 1.53885,
	1.80828 1.54128,
	1.84711 1.57284,
	1.86653 1.58012,
	1.88595 1.58012,
	1.91993 1.61653,
	1.92478 1.62138,
	1.92478 1.6408,
	1.91265 1.65779,
	1.90294 1.65779,
	1.88352 1.64565,
	1.86653 1.62623,
	1.85682 1.61895,
	1.81798 1.61653,
	1.80828 1.6141,
	1.80342 1.6141,
	1.76701 1.58254,
	1.76701 1.57284,
	1.76701 1.56798,
	"/>
<Contour name="d07cfa11" hidden="false" closed="false" simplified="false" border="0 0 1" fill="1 0 0" mode="11"
 points="1.91677 1.63092,
	1.91677 1.64549,
	1.90464 1.64791,
	1.89493 1.63578,
	1.84639 1.60665,
	1.8027 1.60665,
	1.77357 1.5751,
	1.776 1.55083,
	"/>
</Transform>

<Transform dim="0"
 xcoef=" 0 1 0 0 0 0"
 ycoef=" 0 0 1 0 0 0">
<Contour name="d01c38" hidden="false" closed="true" simplified="true" border="1 0 0" fill="1 0 0" mode="11"
 points="3.30801 4.56881,
	3.31032 4.5596,
	3.31147 4.48591,
	3.31147 4.46749,
	3.31147 4.45828,
	3.31377 4.44907,
	3.32298 4.43064,
	3.32759 4.42719,
	3.3368 4.42719,
	3.3414 4.42719,
	3.35062 4.43295,
	3.35407 4.43755,
	3.35752 4.45597,
	3.35752 4.46519,
	3.35868 4.46634,
	3.35407 4.46979,
	3.34831 4.48821,
	3.34486 4.50664,
	3.34256 4.54348,
	3.34025 4.5619,
	3.3414 4.59875,
	3.35177 4.63559,
	3.35522 4.64481,
	3.35522 4.66323,
	3.35522 4.66783,
	3.35062 4.67705,
	3.34601 4.68165,
	3.32759 4.67935,
	3.31723 4.66093,
	3.31147 4.6425,
	3.30801 4.62408,
	3.30801 4.58724,
	3.30801 4.56996,
	"/>
<Contour name="d01cfa38" hidden="false" closed="false" simplified="false" border="0 0 1" fill="0 0 1" mode="11"
 points="3.3415 4.67808,
	3.32768 4.61245,
	3.32768 4.5307,
	3.3369 4.42707,
	"/>
</Transform>

<Transform dim="0"
 xcoef=" 0 1 0 0 0 0"
 ycoef=" 0 0 1 0 0 0">
<Contour name="d01ser" hidden="false" closed="true" simplified="true" border="0 0.501961 0.501961" fill="0 0.501961 0.501961" mode="-9"
 points="3.91526 4.20434,
	3.91985 4.2009,
	3.9382 4.2009,
	3.94738 4.19746,
	3.95197 4.19402,
	3.96114 4.19402,
	3.97032 4.19746,
	3.9795 4.19861,
	3.98868 4.20434,
	3.98868 4.20893,
	3.98638 4.21122,
	3.9772 4.21467,
	3.96803 4.2204,
	3.94967 4.21696,
	3.94049 4.21696,
	3.92214 4.21122,
	3.91755 4.20893,
	3.91526 4.20778,
	3.91526 4.20549,
	"/>
</Transform>

<Transform dim="0"
 xcoef=" 0 1 0 0 0 0"
 ycoef=" 0 0 1 0 0 0">
<Contour name="d01mito01" hidden="false" closed="true" simplified="true" border="1 0 0" fill="1 0 0" mode="11"
 points="3.58804 4.2732,
	3.59072 4.26783,
	3.59072 4.26515,
	3.5934 4.26247,
	3.59474 4.24102,
	3.60144 4.21956,
	3.61217 4.19811,
	3.61888 4.18738,
	3.62156 4.18202,
	3.62692 4.17666,
	3.6296 4.17397,
	3.65105 4.17263,
	3.65642 4.17129,
	3.66312 4.16057,
	3.66849 4.15654,
	3.67921 4.15654,
	3.68458 4.15789,
	3.68726 4.16325,
	3.6886 4.16593,
	3.69396 4.16593,
	3.70469 4.16057,
	3.71005 4.15923,
	3.72078 4.14984,
	3.7315 4.14984,
	3.73687 4.15118,
	3.74759 4.15923,
	3.76905 4.16057,
	3.77441 4.16057,
	3.78514 4.16727,
	3.78916 4.17263,
	3.79989 4.17532,
	3.80525 4.17666,
	3.81061 4.18068,
	3.81329 4.18604,
	3.81866 4.19006,
	3.82134 4.19275,
	3.8267 4.19275,
	3.82938 4.19409,
	3.82804 4.19543,
	3.83877 4.19811,
	3.84816 4.20615,
	3.8562 4.21688,
	3.87095 4.25979,
	3.86961 4.27051,
	3.86559 4.28124,
	3.85754 4.29197,
	3.85352 4.30269,
	3.8495 4.32415,
	3.84011 4.33353,
	3.83743 4.33621,
	3.8267 4.3389,
	3.81598 4.3456,
	3.79452 4.35364,
	3.7838 4.35633,
	3.76234 4.35767,
	3.74089 4.36437,
	3.73016 4.36571,
	3.7248 4.36571,
	3.71407 4.36169,
	3.70871 4.35901,
	3.68726 4.36035,
	3.6658 4.35633,
	3.65508 4.35364,
	3.64971 4.3523,
	3.64703 4.34962,
	3.63631 4.34694,
	3.61485 4.33219,
	3.60815 4.32147,
	3.60547 4.31878,
	3.60279 4.30806,
	3.60279 4.30269,
	3.59742 4.29197,
	3.58804 4.28258,
	3.58804 4.27722,
	3.58804 4.27454,
	"/>
</Transform>

<Transform dim="0"
 xcoef=" 0 1 0 0 0 0"
 ycoef=" 0 0 1 0 0 0">
<Contour name="d01ser" hidden="false" closed="true" simplified="true" border="0 0.501961 0.501961" fill="0 0.501961 0.501961" mode="-9"
 points="3.39094 4.56818,
	3.40032 4.56013,
	3.403 4.55745,
	3.42446 4.55611,
	3.42848 4.56147,
	3.42982 4.58293,
	3.41909 4.58963,
	3.41373 4.58963,
	3.403 4.5789,
	3.39228 4.57488,
	3.39094 4.56952,
	"/>
</Transform>

<Transform dim="0"
 xcoef=" 0 1 0 0 0 0"
 ycoef=" 0 0 1 0 0 0">
<Contour name="d01ser" hidden="false" closed="true" simplified="true" border="0 0.501961 0.501961" fill="0 0.501961 0.501961" mode="-9"
 points="3.42848 4.53734,
	3.43518 4.52661,
	3.44591 4.52661,
	3.45127 4.52661,
	3.462 4.53331,
	3.46468 4.536,
	3.46468 4.54136,
	3.462 4.54672,
	3.45664 4.55209,
	3.45664 4.55745,
	3.45395 4.56281,
	3.44859 4.56415,
	3.44591 4.56415,
	3.43652 4.55343,
	3.43384 4.54806,
	3.42848 4.54404,
	3.42848 4.53868,
	"/>
</Transform>

<Transform dim="0"
 xcoef=" 0 1 0 0 0 0"
 ycoef=" 0 0 1 0 0 0">
<Contour name="d01ser" hidden="false" closed="true" simplified="true" border="0 0.501961 0.501961" fill="0 0.501961 0.501961" mode="-9"
 points="3.92362 4.70708,
	3.92839 4.70072,
	3.93157 4.69754,
	3.957 4.69754,
	3.96971 4.70072,
	3.97289 4.7039,
	3.97289 4.71026,
	3.96176 4.7182,
	3.95859 4.7182,
	3.95541 4.72138,
	3.94269 4.72138,
	3.93634 4.72138,
	3.92362 4.71344,
	3.92362 4.70867,
	"/>
</Transform>

<Transform dim="0"
 xcoef=" 0 1 0 0 0 0"
 ycoef=" 0 0 1 0 0 0">
<Contour name="d01ser" hidden="false" closed="true" simplified="true" border="0 0.501961 0.501961" fill="0 0.501961 0.501961" mode="-9"
 points="4.10002 4.33522,
	4.10956 4.3225,
	4.11591 4.31774,
	4.12863 4.31774,
	4.14134 4.32409,
	4.14293 4.33045,
	4.13657 4.34316,
	4.13022 4.34475,
	4.1175 4.33998,
	4.10479 4.33839,
	4.10002 4.33681,
	"/>
</Transform>

<Transform dim="0"
 xcoef=" 0 1 0 0 0 0"
 ycoef=" 0 0 1 0 0 0">
<Contour name="d02ser" hidden="false" closed="true" simplified="true" border="0.251 0.502 0.502" fill="0 0.502 0.502" mode="-9"
 points="4.46262 4.55795,
	4.4717 4.55228,
	4.47397 4.55001,
	4.48305 4.55001,
	4.49212 4.55228,
	4.50007 4.56022,
	4.50461 4.56363,
	4.50688 4.5659,
	4.50688 4.57044,
	4.49893 4.57838,
	4.49439 4.58065,
	4.48532 4.57952,
	4.47624 4.57611,
	4.46716 4.57044,
	4.46375 4.56703,
	4.46262 4.55909,
	"/>
</Transform>

<Transform dim="0"
 xcoef=" 0 1 0 0 0 0"
 ycoef=" 0 0 1 0 0 0">
<Contour name="d02ser" hidden="false" closed="true" simplified="true" border="0.251 0.502 0.502" fill="0 0.502 0.502" mode="-9"
 points="4.39405 4.19379,
	4.41226 4.16897,
	4.41888 4.16566,
	4.4255 4.16566,
	4.42715 4.19214,
	4.42219 4.20538,
	4.42384 4.20869,
	4.41888 4.21531,
	4.41888 4.22193,
	4.4255 4.22855,
	4.42881 4.2302,
	4.42881 4.23682,
	4.42881 4.24013,
	4.41557 4.2451,
	4.40895 4.2451,
	4.40233 4.24013,
	4.39736 4.22689,
	4.39405 4.20041,
	4.39405 4.19545,
	"/>
</Transform>

<Transform dim="0"
 xcoef=" 0 1 0 0 0 0"
 ycoef=" 0 0 1 0 0 0">
<Contour name="d02ser" hidden="false" closed="true" simplified="true" border="0.251 0.502 0.502" fill="0 0.502 0.502" mode="-9"
 points="4.49335 4.1789,
	4.49997 4.17228,
	4.51321 4.16566,
	4.52314 4.15242,
	4.52976 4.1458,
	4.543 4.1458,
	4.54962 4.15242,
	4.55624 4.15573,
	4.56286 4.16235,
	4.56452 4.18883,
	4.56452 4.19214,
	4.5579 4.19876,
	4.53142 4.20869,
	4.50494 4.21365,
	4.50163 4.21365,
	4.49335 4.20041,
	4.49335 4.18717,
	4.49335 4.18055,
	"/>
</Transform>

<Transform dim="0"
 xcoef=" 0 1 0 0 0 0"
 ycoef=" 0 0 1 0 0 0">
<Contour name="d02ser" hidden="false" closed="true" simplified="true" border="0.251 0.502 0.502" fill="0 0.502 0.502" mode="-9"
 points="4.44701 4.25834,
	4.45198 4.25172,
	4.46522 4.25337,
	4.47184 4.25668,
	4.48011 4.28317,
	4.48342 4.28813,
	4.48177 4.30137,
	4.4768 4.30634,
	4.47018 4.30634,
	4.4586 4.29806,
	4.45363 4.28482,
	4.45032 4.2782,
	4.44701 4.27489,
	4.44701 4.26165,
	4.44701 4.26,
	"/>
</Transform>

<Transform dim="0"
 xcoef=" 0 1 0 0 0 0"
 ycoef=" 0 0 1 0 0 0">
<Contour name="d03ser" hidden="false" closed="true" simplified="true" border="0.251 0.502 0.502" fill="0 0.502 0.502" mode="-9"
 points="4.13021 2.80437,
	4.14567 2.79084,
	4.1534 2.78697,
	4.16886 2.78697,
	4.18432 2.79277,
	4.19978 2.80243,
	4.20172 2.81016,
	4.19978 2.8179,
	4.18432 2.82756,
	4.16886 2.82949,
	4.1534 2.82756,
	4.14567 2.82563,
	4.13021 2.81403,
	4.13021 2.8063,
	"/>
<Contour name="d03ser" hidden="false" closed="true" simplified="true" border="0.251 0.502 0.502" fill="0 0.502 0.502" mode="-9"
 points="4.19399 3.19477,
	4.20172 3.18898,
	4.23264 3.18125,
	4.24617 3.16965,
	4.2481 3.16772,
	4.25197 3.17158,
	4.25583 3.16385,
	4.26356 3.15612,
	4.27129 3.15612,
	4.27516 3.15612,
	4.29062 3.16578,
	4.29835 3.16965,
	4.30222 3.17351,
	4.30029 3.18898,
	4.28482 3.19864,
	4.26936 3.20057,
	4.2539 3.20637,
	4.22298 3.20637,
	4.20752 3.20637,
	4.19978 3.20637,
	4.19399 3.20057,
	4.19399 3.19671,
	"/>
</Transform>

<Transform dim="0"
 xcoef=" 0 1 0 0 0 0"
 ycoef=" 0 0 1 0 0 0">
<Contour name="d01MT1" hidden="false" closed="true" simplified="false" border="1 0.501961 0" fill="1 0.498039 0" mode="-9"
 points="3.83671 4.35792,
	3.83671 4.35207,
	3.84257 4.34621,
	3.84842 4.34621,
	3.85428 4.35207,
	3.85428 4.35792,
	3.84842 4.36378,
	3.84257 4.36378,
	"/>
<Contour name="d01MT2" hidden="false" closed="true" simplified="false" border="1 0.501961 0" fill="1 0.498039 0" mode="-9"
 points="4.16176 4.39014,
	4.16176 4.38428,
	4.16762 4.37842,
	4.17348 4.37842,
	4.17933 4.38428,
	4.17933 4.39014,
	4.17348 4.39599,
	4.16762 4.39599,
	"/>
<Contour name="d01MT3" hidden="false" closed="true" simplified="false" border="1 0.501961 0" fill="1 0.498039 0" mode="-9"
 points="3.9392 4.27886,
	3.9392 4.273,
	3.94506 4.26714,
	3.95092 4.26714,
	3.95677 4.273,
	3.95677 4.27886,
	3.95092 4.28471,
	3.94506 4.28471,
	"/>
<Contour name="d01MT4" hidden="false" closed="true" simplified="false" border="1 0.501961 0" fill="1 0.498039 0" mode="-9"
 points="3.43551 4.5512,
	3.43551 4.54534,
	3.44137 4.53949,
	3.44723 4.53949,
	3.45309 4.54534,
	3.45309 4.5512,
	3.44723 4.55706,
	3.44137 4.55706,
	"/>
<Contour name="d01MT5" hidden="false" closed="true" simplified="false" border="1 0.501961 0" fill="1 0.498039 0" mode="-9"
 points="3.45016 4.70055,
	3.45016 4.69469,
	3.45601 4.68883,
	3.46187 4.68883,
	3.46773 4.69469,
	3.46773 4.70055,
	3.46187 4.70641,
	3.45601 4.70641,
	"/>
<Contour name="d01MT6" hidden="false" closed="true" simplified="false" border="1 0.501961 0" fill="1 0.498039 0" mode="-9"
 points="3.55851 4.44285,
	3.55851 4.43699,
	3.56437 4.43113,
	3.57022 4.43113,
	3.57608 4.43699,
	3.57608 4.44285,
	3.57022 4.4487,
	3.56437 4.4487,
	"/>
<Contour name="d01MT7" hidden="false" closed="true" simplified="false" border="1 0.501961 0" fill="1 0.498039 0" mode="-9"
 points="3.50873 4.59513,
	3.50873 4.58927,
	3.51458 4.58341,
	3.52044 4.58341,
	3.5263 4.58927,
	3.5263 4.59513,
	3.52044 4.60098,
	3.51458 4.60098,
	"/>
<Contour name="d01MT8" hidden="false" closed="true" simplified="false" border="1 0.501961 0" fill="1 0.498039 0" mode="-9"
 points="3.55851 4.72105,
	3.55851 4.71519,
	3.56437 4.70933,
	3.57022 4.70933,
	3.57608 4.71519,
	3.57608 4.72105,
	3.57022 4.7269,
	3.56437 4.7269,
	"/>
<Contour name="d01MT9" hidden="false" closed="true" simplified="false" border="1 0.501961 0" fill="1 0.498039 0" mode="-9"
 points="3.68443 4.41649,
	3.68443 4.41063,
	3.69029 4.40478,
	3.69614 4.40478,
	3.702 4.41063,
	3.702 4.41649,
	3.69614 4.42235,
	3.69029 4.42235,
	"/>
<Contour name="d01MT10" hidden="false" closed="true" simplified="false" border="1 0.501961 0" fill="1 0.498039 0" mode="-9"
 points="3.65515 4.63027,
	3.65515 4.62441,
	3.661 4.61855,
	3.66686 4.61855,
	3.67272 4.62441,
	3.67272 4.63027,
	3.66686 4.63612,
	3.661 4.63612,
	"/>
</Transform>

<Transform dim="0"
 xcoef=" 0 1 0 0 0 0"
 ycoef=" 0 0 1 0 0 0">
<Contour name="d01MT14" hidden="false" closed="true" simplified="false" border="1 0.501961 0" fill="1 0.498039 0" mode="-9"
 points="3.40037 4.46042,
	3.40037 4.45456,
	3.40623 4.4487,
	3.41209 4.4487,
	3.41794 4.45456,
	3.41794 4.46042,
	3.41209 4.46627,
	3.40623 4.46627,
	"/>
<Contour name="d01MT15" hidden="false" closed="true" simplified="false" border="1 0.501961 0" fill="1 0.498039 0" mode="-9"
 points="4.02998 4.23493,
	4.02998 4.22907,
	4.03584 4.22322,
	4.0417 4.22322,
	4.04755 4.22907,
	4.04755 4.23493,
	4.0417 4.24079,
	4.03584 4.24079,
	"/>
<Contour name="d01MT16" hidden="false" closed="true" simplified="false" border="1 0.501961 0" fill="1 0.498039 0" mode="-9"
 points="4.12955 4.33157,
	4.12955 4.32571,
	4.13541 4.31985,
	4.14126 4.31985,
	4.14712 4.32571,
	4.14712 4.33157,
	4.14126 4.33742,
	4.13541 4.33742,
	"/>
<Contour name="d01MT17" hidden="false" closed="true" simplified="false" border="1 0.501961 0" fill="1 0.498039 0" mode="-9"
 points="3.45601 4.34914,
	3.45601 4.34328,
	3.46187 4.33742,
	3.46773 4.33742,
	3.47358 4.34328,
	3.47358 4.34914,
	3.46773 4.35499,
	3.46187 4.35499,
	"/>
<Contour name="d01MT18" hidden="false" closed="true" simplified="false" border="1 0.501961 0" fill="1 0.498039 0" mode="-9"
 points="3.57022 4.37257,
	3.57022 4.36671,
	3.57608 4.36085,
	3.58194 4.36085,
	3.58779 4.36671,
	3.58779 4.37257,
	3.58194 4.37842,
	3.57608 4.37842,
	"/>
</Transform>

<Transform dim="0"
 xcoef=" 0 1 0 0 0 0"
 ycoef=" 0 0 1 0 0 0">
<Contour name="d01MT19" hidden="false" closed="true" simplified="false" border="1 0.501961 0" fill="1 0.498039 0" mode="-9"
 points="3.54387 4.52484,
	3.54387 4.51899,
	3.54972 4.51313,
	3.55558 4.51313,
	3.56144 4.51899,
	3.56144 4.52484,
	3.55558 4.5307,
	3.54972 4.5307,
	"/>
</Transform>

<Transform dim="0"
 xcoef=" 0 1 0 0 0 0"
 ycoef=" 0 0 1 0 0 0">
<Contour name="Ax01" hidden="false" closed="true" simplified="true" border="1 0.502 0" fill="1 0.498 0" mode="-11"
 points="3.34741 5.01592,
	3.35779 4.96053,
	3.37164 4.94669,
	3.42702 4.92245,
	3.48241 4.91207,
	3.5101 4.90861,
	3.5378 4.91207,
	3.55857 4.93976,
	3.56203 4.95361,
	3.56895 4.96053,
	3.56895 4.98822,
	3.55511 5.01592,
	3.51703 5.0713,
	3.49972 5.09554,
	3.47549 5.11631,
	3.44779 5.12669,
	3.4201 5.12669,
	3.40625 5.12323,
	3.38202 5.09554,
	3.36818 5.0713,
	3.35433 5.05746,
	3.34741 5.04361,
	3.34741 5.01938,
	"/>
</Transform>

<Transform dim="0"
 xcoef=" 0 1 0 0 0 0"
 ycoef=" 0 0 1 0 0 0">
<Contour name="Ax01B01ssvr11" hidden="false" closed="true" simplified="false" border="0.251 0 0.502" fill="0.251 0 0.502" mode="-9"
 points="3.43286 4.97197,
	3.42248 4.96851,
	3.43286 4.96505,
	3.42594 4.95466,
	3.43633 4.96159,
	3.43979 4.9512,
	3.44325 4.96159,
	3.45363 4.95466,
	3.44671 4.96505,
	3.4571 4.96851,
	3.44671 4.97197,
	3.45363 4.98236,
	3.44325 4.97543,
	3.43979 4.98582,
	3.43633 4.97543,
	3.42594 4.98236,
	"/>
<Contour name="Ax01B01ssvr12" hidden="false" closed="true" simplified="false" border="0.251 0 0.502" fill="0.251 0 0.502" mode="-9"
 points="3.4571 5.01351,
	3.44671 5.01005,
	3.4571 5.00659,
	3.45017 4.9962,
	3.46056 5.00313,
	3.46402 4.99274,
	3.46748 5.00313,
	3.47787 4.9962,
	3.47094 5.00659,
	3.48133 5.01005,
	3.47094 5.01351,
	3.47787 5.0239,
	3.46748 5.01697,
	3.46402 5.02736,
	3.46056 5.01697,
	3.45017 5.0239,
	"/>
<Contour name="Ax01B01ssvr13" hidden="false" closed="true" simplified="false" border="0.251 0 0.502" fill="0.251 0 0.502" mode="-9"
 points="3.51248 4.99274,
	3.5021 4.98928,
	3.51248 4.98582,
	3.50556 4.97543,
	3.51594 4.98236,
	3.5194 4.97197,
	3.52287 4.98236,
	3.53325 4.97543,
	3.52633 4.98582,
	3.53671 4.98928,
	3.52633 4.99274,
	3.53325 5.00313,
	3.52287 4.9962,
	3.5194 5.00659,
	3.51594 4.9962,
	3.50556 5.00313,
	"/>
</Transform>

<Transform dim="0"
 xcoef=" 0 1 0 0 0 0"
 ycoef=" 0 0 1 0 0 0">
<Contour name="Ax03" hidden="false" closed="true" simplified="true" border="1 0.502 0.753" fill="1 0.502 0.753" mode="-11"
 points="5.77643 5.37909,
	5.78978 5.32567,
	5.78978 5.31899,
	5.80982 5.29228,
	5.86324 5.26223,
	5.88995 5.25221,
	5.91666 5.24887,
	5.94338 5.25221,
	5.97009 5.27224,
	5.98011 5.29895,
	5.99346 5.30897,
	6.00682 5.31231,
	6.0135 5.31231,
	6.02685 5.32233,
	6.02685 5.34904,
	6.01683 5.37575,
	6.0135 5.38243,
	6.04021 5.39912,
	6.09363 5.4225,
	6.10699 5.42917,
	6.12034 5.44253,
	6.14372 5.49595,
	6.15039 5.50931,
	6.14705 5.56273,
	6.12702 5.66958,
	6.14038 5.69629,
	6.14038 5.723,
	6.13704 5.73636,
	6.12702 5.74972,
	6.12368 5.76307,
	6.10699 5.78978,
	6.05356 5.8165,
	6.00014 5.81316,
	5.97343 5.7998,
	5.92 5.78311,
	5.86658 5.77309,
	5.85322 5.77309,
	5.82651 5.75639,
	5.8165 5.74304,
	5.80982 5.71633,
	5.81316 5.70297,
	5.78644 5.67626,
	5.77977 5.66958,
	5.77643 5.61616,
	5.77977 5.58945,
	5.77977 5.57609,
	5.78644 5.56273,
	5.78311 5.45589,
	5.77643 5.40246,
	5.77643 5.38911,
	5.77643 5.38243,
	"/>
</Transform>

<Transform dim="0"
 xcoef=" 0 1 0 0 0 0"
 ycoef=" 0 0 1 0 0 0">
<Contour name="Ax03B05ssvr6" hidden="false" closed="true" simplified="false" border="0.251 0 0.502" fill="0.251 0 0.502" mode="-9"
 points="5.99415 5.71438,
	5.98413 5.71104,
	5.99415 5.7077,
	5.98747 5.69768,
	5.99749 5.70436,
	6.00083 5.69434,
	6.00417 5.70436,
	6.01418 5.69768,
	6.00751 5.7077,
	6.01752 5.71104,
	6.00751 5.71438,
	6.01418 5.72439,
	6.00417 5.71771,
	6.00083 5.72773,
	5.99749 5.71771,
	5.98747 5.72439,
	"/>
<Contour name="Ax03B05ssvr7" hidden="false" closed="true" simplified="false" border="0.251 0 0.502" fill="0.251 0 0.502" mode="-9"
 points="5.96744 5.76112,
	5.95742 5.75778,
	5.96744 5.75444,
	5.96076 5.74443,
	5.97078 5.7511,
	5.97412 5.74109,
	5.97745 5.7511,
	5.98747 5.74443,
	5.98079 5.75444,
	5.99081 5.75778,
	5.98079 5.76112,
	5.98747 5.77114,
	5.97745 5.76446,
	5.97412 5.77448,
	5.97078 5.76446,
	5.96076 5.77114,
	"/>
<Contour name="Ax03B05ssvr8" hidden="false" closed="true" simplified="false" border="0.251 0 0.502" fill="0.251 0 0.502" mode="-9"
 points="5.8272 5.35377,
	5.81718 5.35043,
	5.8272 5.34709,
	5.82052 5.33707,
	5.83054 5.34375,
	5.83388 5.33373,
	5.83722 5.34375,
	5.84723 5.33707,
	5.84056 5.34709,
	5.85057 5.35043,
	5.84056 5.35377,
	5.84723 5.36378,
	5.83722 5.35711,
	5.83388 5.36712,
	5.83054 5.35711,
	5.82052 5.36378,
	"/>
</Transform>

<Transform dim="0"
 xcoef=" 0 1 0 0 0 0"
 ycoef=" 0 0 1 0 0 0">
<Contour name="Ax04" hidden="false" closed="true" simplified="true" border="1 0 0" fill="1 0 0" mode="-11"
 points="-0.777203 1.58066,
	-0.769326 1.55966,
	-0.769326 1.54915,
	-0.764075 1.5439,
	-0.722064 1.54128,
	-0.701058 1.5334,
	-0.690555 1.52815,
	-0.648544 1.52815,
	-0.638042 1.52815,
	-0.627539 1.5334,
	-0.617036 1.5334,
	-0.596031 1.54128,
	-0.55402 1.54128,
	-0.533014 1.5439,
	-0.512009 1.55178,
	-0.469998 1.54915,
	-0.448992 1.5439,
	-0.406981 1.54653,
	-0.396479 1.55178,
	-0.375473 1.55178,
	-0.36497 1.55178,
	-0.354468 1.54653,
	-0.270446 1.54915,
	-0.24944 1.54915,
	-0.228435 1.55703,
	-0.217932 1.56228,
	-0.175921 1.55441,
	-0.13391 1.55703,
	-0.091899 1.55441,
	-0.0708935 1.54653,
	-0.049888 1.54653,
	-0.00787706 1.55703,
	0.0131284 1.56228,
	0.0971504 1.56228,
	0.118156 1.56491,
	0.160167 1.57804,
	0.181172 1.59117,
	0.196926 1.61217,
	0.199552 1.62267,
	0.202178 1.62793,
	0.191675 1.64893,
	0.17067 1.66731,
	0.149664 1.67256,
	0.107653 1.66994,
	0.0866476 1.66731,
	0.0656422 1.65681,
	0.0551394 1.65156,
	0.0131284 1.65943,
	-0.0288825 1.65681,
	-0.0315082 1.65418,
	-0.042011 1.66206,
	-0.084022 1.67519,
	-0.126033 1.68306,
	-0.210055 1.67519,
	-0.294077 1.65943,
	-0.336088 1.66731,
	-0.42011 1.66731,
	-0.462121 1.66731,
	-0.483126 1.66206,
	-0.488378 1.65681,
	-0.5724 1.65156,
	-0.614411 1.64893,
	-0.698433 1.65156,
	-0.740443 1.64893,
	-0.761449 1.64368,
	-0.769326 1.63318,
	-0.777203 1.59117,
	-0.777203 1.58329,
	"/>
</Transform>

<Transform dim="0"
 xcoef=" 0 1 0 0 0 0"
 ycoef=" 0 0 1 0 0 0">
<Contour name="Ax04" hidden="false" closed="true" simplified="true" border="1 0 0" fill="1 0 0" mode="-11"
 points="7.78516 6.53796,
	7.81142 6.49595,
	7.83242 6.48019,
	7.84292 6.46969,
	7.88494 6.45131,
	7.92695 6.44343,
	7.94795 6.44081,
	7.96896 6.44343,
	8.01097 6.46444,
	8.03197 6.48019,
	8.07398 6.5012,
	8.116 6.53008,
	8.15801 6.56422,
	8.17901 6.57472,
	8.20002 6.59047,
	8.21052 6.59572,
	8.21577 6.59835,
	8.22102 6.59572,
	8.26303 6.62198,
	8.28404 6.64036,
	8.28667 6.65086,
	8.29454 6.66137,
	8.29454 6.67187,
	8.29979 6.68237,
	8.3418 6.72176,
	8.35493 6.74276,
	8.36281 6.76377,
	8.36544 6.77427,
	8.36018 6.79528,
	8.35231 6.80578,
	8.3313 6.81628,
	8.31555 6.83466,
	8.30767 6.84516,
	8.29454 6.88717,
	8.26566 6.92919,
	8.24991 6.95019,
	8.2289 6.96069,
	8.18689 6.96332,
	8.10287 6.93969,
	8.06086 6.92131,
	8.03985 6.90818,
	8.03197 6.89768,
	8.02147 6.89505,
	7.97946 6.86617,
	7.95845 6.85567,
	7.91644 6.84254,
	7.90594 6.83729,
	7.88494 6.83466,
	7.86393 6.82678,
	7.82192 6.7979,
	7.81142 6.7874,
	7.80354 6.76639,
	7.80354 6.72438,
	7.80616 6.70338,
	7.81667 6.68237,
	7.82192 6.67187,
	7.82454 6.65086,
	7.78516 6.56684,
	7.78516 6.54584,
	7.78516 6.54058,
	"/>
</Transform>

<Transform dim="0"
 xcoef=" 0 1 0 0 0 0"
 ycoef=" 0 0 1 0 0 0">
<Contour name="Ax04B07ssvr106" hidden="false" closed="true" simplified="false" border="0.251 0 0.502" fill="0.251 0 0.502" mode="-9"
 points="7.86455 6.54832,
	7.85647 6.54563,
	7.86455 6.54293,
	7.85916 6.53486,
	7.86724 6.54024,
	7.86993 6.53216,
	7.87263 6.54024,
	7.88071 6.53486,
	7.87532 6.54293,
	7.8834 6.54563,
	7.87532 6.54832,
	7.88071 6.5564,
	7.87263 6.55101,
	7.86993 6.55909,
	7.86724 6.55101,
	7.85916 6.5564,
	"/>
<Contour name="Ax04B07ssvr107" hidden="false" closed="true" simplified="false" border="0.251 0 0.502" fill="0.251 0 0.502" mode="-9"
 points="7.86724 6.66681,
	7.85916 6.66412,
	7.86724 6.66143,
	7.86186 6.65335,
	7.86993 6.65873,
	7.87263 6.65066,
	7.87532 6.65873,
	7.8834 6.65335,
	7.87801 6.66143,
	7.88609 6.66412,
	7.87801 6.66681,
	7.8834 6.67489,
	7.87532 6.66951,
	7.87263 6.67759,
	7.86993 6.66951,
	7.86186 6.67489,
	"/>
<Contour name="Ax04B07ssvr108" hidden="false" closed="true" simplified="false" border="0.251 0 0.502" fill="0.251 0 0.502" mode="-9"
 points="7.91033 6.65873,
	7.90225 6.65604,
	7.91033 6.65335,
	7.90494 6.64527,
	7.91302 6.65066,
	7.91572 6.64258,
	7.91841 6.65066,
	7.92649 6.64527,
	7.9211 6.65335,
	7.92918 6.65604,
	7.9211 6.65873,
	7.92649 6.66681,
	7.91841 6.66143,
	7.91572 6.66951,
	7.91302 6.66143,
	7.90494 6.66681,
	"/>
<Contour name="Ax04B07ssvr109" hidden="false" closed="true" simplified="false" border="0.251 0 0.502" fill="0.251 0 0.502" mode="-9"
 points="7.95072 6.71529,
	7.94265 6.71259,
	7.95072 6.7099,
	7.94534 6.70182,
	7.95342 6.70721,
	7.95611 6.69913,
	7.9588 6.70721,
	7.96688 6.70182,
	7.9615 6.7099,
	7.96958 6.71259,
	7.9615 6.71529,
	7.96688 6.72337,
	7.9588 6.71798,
	7.95611 6.72606,
	7.95342 6.71798,
	7.94534 6.72337,
	"/>
<Contour name="Ax04B07ssvr110" hidden="false" closed="true" simplified="false" border="0.251 0 0.502" fill="0.251 0 0.502" mode="-9"
 points="7.9588 6.66412,
	7.95072 6.66143,
	7.9588 6.65873,
	7.95342 6.65066,
	7.9615 6.65604,
	7.96419 6.64796,
	7.96688 6.65604,
	7.97496 6.65066,
	7.96958 6.65873,
	7.97765 6.66143,
	7.96958 6.66412,
	7.97496 6.6722,
	7.96688 6.66681,
	7.96419 6.67489,
	7.9615 6.66681,
	7.95342 6.6722,
	"/>
<Contour name="Ax04B07ssvr111" hidden="false" closed="true" simplified="false" border="0.251 0 0.502" fill="0.251 0 0.502" mode="-9"
 points="7.94803 6.62642,
	7.93995 6.62372,
	7.94803 6.62103,
	7.94265 6.61295,
	7.95072 6.61834,
	7.95342 6.61026,
	7.95611 6.61834,
	7.96419 6.61295,
	7.9588 6.62103,
	7.96688 6.62372,
	7.9588 6.62642,
	7.96419 6.6345,
	7.95611 6.62911,
	7.95342 6.63719,
	7.95072 6.62911,
	7.94265 6.6345,
	"/>
<Contour name="Ax04B07ssvr112" hidden="false" closed="true" simplified="false" border="0.251 0 0.502" fill="0.251 0 0.502" mode="-9"
 points="7.98843 6.59679,
	7.98035 6.5941,
	7.98843 6.59141,
	7.98304 6.58333,
	7.99112 6.58872,
	7.99381 6.58064,
	7.99651 6.58872,
	8.00458 6.58333,
	7.9992 6.59141,
	8.00728 6.5941,
	7.9992 6.59679,
	8.00458 6.60487,
	7.99651 6.59949,
	7.99381 6.60757,
	7.99112 6.59949,
	7.98304 6.60487,
	"/>
<Contour name="Ax04B07ssvr113" hidden="false" closed="true" simplified="false" border="0.251 0 0.502" fill="0.251 0 0.502" mode="-9"
 points="8.0369 6.61026,
	8.02882 6.60757,
	8.0369 6.60487,
	8.03151 6.59679,
	8.03959 6.60218,
	8.04229 6.5941,
	8.04498 6.60218,
	8.05306 6.59679,
	8.04767 6.60487,
	8.05575 6.60757,
	8.04767 6.61026,
	8.05306 6.61834,
	8.04498 6.61295,
	8.04229 6.62103,
	8.03959 6.61295,
	8.03151 6.61834,
	"/>
<Contour name="Ax04B07ssvr114" hidden="false" closed="true" simplified="false" border="0.251 0 0.502" fill="0.251 0 0.502" mode="-9"
 points="8.08268 6.68028,
	8.0746 6.67759,
	8.08268 6.67489,
	8.0773 6.66681,
	8.08537 6.6722,
	8.08807 6.66412,
	8.09076 6.6722,
	8.09884 6.66681,
	8.09345 6.67489,
	8.10153 6.67759,
	8.09345 6.68028,
	8.09884 6.68836,
	8.09076 6.68297,
	8.08807 6.69105,
	8.08537 6.68297,
	8.0773 6.68836,
	"/>
<Contour name="Ax04B07ssvr115" hidden="false" closed="true" simplified="false" border="0.251 0 0.502" fill="0.251 0 0.502" mode="-9"
 points="8.16617 6.67759,
	8.15809 6.67489,
	8.16617 6.6722,
	8.16078 6.66412,
	8.16886 6.66951,
	8.17155 6.66143,
	8.17424 6.66951,
	8.18232 6.66412,
	8.17694 6.6722,
	8.18502 6.67489,
	8.17694 6.67759,
	8.18232 6.68566,
	8.17424 6.68028,
	8.17155 6.68836,
	8.16886 6.68028,
	8.16078 6.68566,
	"/>
<Contour name="Ax04B07ssvr116" hidden="false" closed="true" simplified="false" border="0.251 0 0.502" fill="0.251 0 0.502" mode="-9"
 points="8.22272 6.70452,
	8.21464 6.70182,
	8.22272 6.69913,
	8.21733 6.69105,
	8.22541 6.69644,
	8.2281 6.68836,
	8.2308 6.69644,
	8.23888 6.69105,
	8.23349 6.69913,
	8.24157 6.70182,
	8.23349 6.70452,
	8.23888 6.71259,
	8.2308 6.70721,
	8.2281 6.71529,
	8.22541 6.70721,
	8.21733 6.71259,
	"/>
<Contour name="Ax04B07ssvr117" hidden="false" closed="true" simplified="false" border="0.251 0 0.502" fill="0.251 0 0.502" mode="-9"
 points="8.27927 6.74491,
	8.27119 6.74222,
	8.27927 6.73952,
	8.27389 6.73145,
	8.28196 6.73683,
	8.28466 6.72875,
	8.28735 6.73683,
	8.29543 6.73145,
	8.29004 6.73952,
	8.29812 6.74222,
	8.29004 6.74491,
	8.29543 6.75299,
	8.28735 6.7476,
	8.28466 6.75568,
	8.28196 6.7476,
	8.27389 6.75299,
	"/>
</Transform>

<Transform dim="0"
 xcoef=" 0 1 0 0 0 0"
 ycoef=" 0 0 1 0 0 0">
<Contour name="Ax09" hidden="false" closed="true" simplified="true" border="0 1 0.251" fill="0 1 0" mode="11"
 points="6.45551 4.10651,
	6.46036 4.09681,
	6.46036 4.09196,
	6.46763 4.08227,
	6.47005 4.07257,
	6.49672 4.03621,
	6.49914 4.02651,
	6.50642 4.01681,
	6.50884 4.00712,
	6.51611 3.99742,
	6.53551 3.99015,
	6.5549 3.99257,
	6.55975 3.99257,
	6.57914 4.00469,
	6.61793 4.00227,
	6.62762 4.00227,
	6.64702 4.01681,
	6.65671 4.03621,
	6.66156 4.0459,
	6.66399 4.0653,
	6.66399 4.07015,
	6.68095 4.08469,
	6.70035 4.09439,
	6.71004 4.09681,
	6.72944 4.11136,
	6.74398 4.1259,
	6.7561 4.14529,
	6.76095 4.16469,
	6.76095 4.18408,
	6.76095 4.19378,
	6.74883 4.21317,
	6.72944 4.22529,
	6.72459 4.22529,
	6.6858 4.24953,
	6.66641 4.25196,
	6.65671 4.24953,
	6.65186 4.24953,
	6.64702 4.24468,
	6.62762 4.23984,
	6.58884 4.22287,
	6.55005 4.2156,
	6.54035 4.21075,
	6.53551 4.21075,
	6.49914 4.17923,
	6.48702 4.15984,
	6.48217 4.15742,
	6.48217 4.15257,
	6.45551 4.1162,
	6.45551 4.10893,
	"/>
</Transform>

<Transform dim="0"
 xcoef=" 0 1 0 0 0 0"
 ycoef=" 0 0 1 0 0 0">
<Contour name="Brax09" hidden="false" closed="true" simplified="false" border="0 1 0.251" fill="0 1 0" mode="-9"
 points="4.9435 2.88054,
	4.9435 2.84724,
	4.9768 2.84724,
	4.9768 2.81393,
	5.01011 2.81393,
	5.01011 2.84724,
	5.04341 2.84724,
	5.04341 2.88054,
	5.01011 2.88054,
	5.01011 2.91385,
	4.9768 2.91385,
	4.9768 2.88054,
	"/>
</Transform>

<Transform dim="0"
 xcoef=" 0 1 0 0 0 0"
 ycoef=" 0 0 1 0 0 0">
<Contour name="Brax13" hidden="false" closed="true" simplified="false" border="0 0 1" fill="0 0 1" mode="-9"
 points="2.67218 4.79435,
	2.72422 4.79435,
	2.6982 4.84206,
	"/>
</Transform>

<Transform dim="0"
 xcoef=" 0 1 0 0 0 0"
 ycoef=" 0 0 1 0 0 0">
<Contour name="Brax14" hidden="false" closed="true" simplified="false" border="0 0 1" fill="1 0 0" mode="-9"
 points="2.35995 4.16555,
	2.38163 4.1352,
	2.35995 4.10484,
	2.37296 4.10484,
	2.39031 4.13086,
	2.40765 4.10484,
	2.42066 4.10484,
	2.39898 4.1352,
	2.42066 4.16555,
	2.40765 4.16555,
	2.39031 4.13953,
	2.37296 4.16555,
	"/>
</Transform>

<Transform dim="0"
 xcoef=" 0 1 0 0 0 0"
 ycoef=" 0 0 1 0 0 0">
<Contour name="Brax16" hidden="false" closed="true" simplified="false" border="0 0 1" fill="0 0 1" mode="-9"
 points="4.45017 5.32341,
	4.41982 5.29306,
	4.45017 5.2627,
	4.48053 5.29306,
	"/>
</Transform>

<Transform dim="0"
 xcoef=" 0 1 0 0 0 0"
 ycoef=" 0 0 1 0 0 0">
<Contour name="Brax17" hidden="false" closed="true" simplified="false" border="0 0 1" fill="1 0 1" mode="-9"
 points="3.62189 5.36244,
	3.62189 5.3451,
	3.63924 5.32775,
	3.65658 5.32775,
	3.67393 5.3451,
	3.67393 5.36244,
	3.65658 5.37979,
	3.63924 5.37979,
	"/>
</Transform>

<Transform dim="0"
 xcoef=" 0 1 0 0 0 0"
 ycoef=" 0 0 1 0 0 0">
<Contour name="d07p11dia" hidden="false" closed="false" simplified="true" border="1 0.502 0.251" fill="1 0.5 0" mode="-9"
 points="1.74742 1.46148,
	2.04145 1.64644,
	"/>
</Transform>

<Transform dim="0"
 xcoef=" 0 1 0 0 0 0"
 ycoef=" 0 0 1 0 0 0">
<Contour name="d01ax11" hidden="false" closed="true" simplified="true" border="0 1 1" fill="0 1 1" mode="-11"
 points="2.16205 4.23118,
	2.18528 4.174,
	2.19064 4.14541,
	2.19421 4.13112,
	2.20672 4.10253,
	2.20851 4.09538,
	2.23173 4.06679,
	2.23888 4.06143,
	2.2764 4.00604,
	2.28355 3.9989,
	2.31929 3.94172,
	2.32465 3.93457,
	2.32465 3.931,
	2.33358 3.9167,
	2.33894 3.90241,
	2.34252 3.89526,
	2.34252 3.86667,
	2.34788 3.85238,
	2.36038 3.83987,
	2.38897 3.822,
	2.40327 3.81664,
	2.43186 3.82021,
	2.46045 3.83629,
	2.47474 3.8488,
	2.4944 3.87739,
	2.50154 3.89169,
	2.5069 3.89883,
	2.51941 3.92742,
	2.52656 3.94172,
	2.548 3.97031,
	2.55872 3.9846,
	2.58731 4.00962,
	2.6159 4.02927,
	2.63019 4.03821,
	2.63734 4.04535,
	2.6427 4.04893,
	2.67129 4.07394,
	2.69988 4.08824,
	2.72847 4.09896,
	2.78565 4.10789,
	2.81424 4.11682,
	2.82138 4.11861,
	2.83568 4.12755,
	2.84282 4.13291,
	2.8464 4.13648,
	2.84461 4.15077,
	2.83746 4.15792,
	2.82317 4.16507,
	2.76599 4.18294,
	2.7374 4.19187,
	2.72311 4.19723,
	2.69452 4.2151,
	2.68737 4.21689,
	2.66057 4.23833,
	2.65342 4.24548,
	2.63913 4.25441,
	2.63198 4.25977,
	2.60339 4.27049,
	2.5891 4.27585,
	2.56051 4.27943,
	2.54621 4.27943,
	2.53192 4.28479,
	2.52477 4.28657,
	2.51048 4.29729,
	2.50333 4.30265,
	2.47474 4.31159,
	2.46045 4.31516,
	2.40327 4.31516,
	2.34609 4.31159,
	2.28891 4.31159,
	2.26032 4.31874,
	2.24603 4.3241,
	2.23888 4.32767,
	2.23531 4.32767,
	2.23173 4.33124,
	2.20314 4.34196,
	2.17456 4.34018,
	2.16741 4.3366,
	2.16383 4.33303,
	2.16383 4.31874,
	2.1692 4.29015,
	2.16741 4.26156,
	2.16205 4.24726,
	2.16205 4.23297,
	"/>
</Transform>

<Transform dim="0"
 xcoef=" 0 1 0 0 0 0"
 ycoef=" 0 0 1 0 0 0">
<Contour name="d01ax11" hidden="false" closed="true" simplified="true" border="0 1 1" fill="0 1 1" mode="-11"
 points="5.21233 3.40555,
	5.2153 3.39366,
	5.21679 3.38772,
	5.22422 3.37583,
	5.23462 3.36394,
	5.25393 3.34463,
	5.26582 3.33423,
	5.36091 3.27777,
	5.40846 3.25102,
	5.4144 3.24805,
	5.42035 3.2421,
	5.44412 3.22725,
	5.49167 3.20496,
	5.50355 3.19902,
	5.5511 3.18416,
	5.57488 3.17821,
	5.58676 3.17524,
	5.63431 3.17524,
	5.65808 3.17524,
	5.66997 3.17821,
	5.68186 3.17821,
	5.68631 3.18267,
	5.69374 3.20644,
	5.6982 3.21833,
	5.69374 3.23022,
	5.68631 3.2421,
	5.67591 3.25399,
	5.66403 3.26291,
	5.64025 3.27479,
	5.59271 3.29114,
	5.56893 3.30451,
	5.52138 3.33571,
	5.47384 3.37286,
	5.46789 3.37732,
	5.46492 3.38177,
	5.41886 3.41892,
	5.39509 3.43526,
	5.37131 3.44715,
	5.34754 3.45607,
	5.32377 3.46201,
	5.29999 3.46498,
	5.27622 3.46498,
	5.26433 3.46498,
	5.24056 3.45904,
	5.23462 3.45755,
	5.22273 3.44864,
	5.21679 3.44269,
	5.21233 3.43081,
	5.21233 3.40703,
	"/>
</Transform>

<Transform dim="0"
 xcoef=" 0 1 0 0 0 0"
 ycoef=" 0 0 1 0 0 0">
<Contour name="d04ax12" hidden="false" closed="true" simplified="true" border="0 1 1" fill="0 1 1" mode="-11"
 points="5.12905 5.25969,
	5.13796 5.24781,
	5.14983 5.23742,
	5.17358 5.22257,
	5.18546 5.21515,
	5.1914 5.2107,
	5.2389 5.19437,
	5.26266 5.18843,
	5.31016 5.18695,
	5.33391 5.18695,
	5.34579 5.18695,
	5.4408 5.15429,
	5.48831 5.14389,
	5.51206 5.14093,
	5.55956 5.12756,
	5.58332 5.12608,
	5.63082 5.13053,
	5.6427 5.1335,
	5.65457 5.13944,
	5.66051 5.14389,
	5.66348 5.14983,
	5.66348 5.16171,
	5.65309 5.16913,
	5.62934 5.17655,
	5.60558 5.17952,
	5.59371 5.18249,
	5.58777 5.18249,
	5.54026 5.20179,
	5.49276 5.21515,
	5.48088 5.21812,
	5.45713 5.22851,
	5.43338 5.24336,
	5.4215 5.25227,
	5.41556 5.25672,
	5.36806 5.27008,
	5.27305 5.27602,
	5.2493 5.28196,
	5.23742 5.28344,
	5.21367 5.29086,
	5.20179 5.29532,
	5.17804 5.29977,
	5.16616 5.29977,
	5.15429 5.2968,
	5.14241 5.29086,
	5.13053 5.27899,
	5.12905 5.26711,
	5.12905 5.26117,
	"/>
</Transform>

<Transform dim="0"
 xcoef=" 0 1 0 0 0 0"
 ycoef=" 0 0 1 0 0 0">
<Contour name="d05ax07" hidden="false" closed="true" simplified="true" border="0 1 1" fill="0 1 1" mode="-11"
 points="4.16839 6.64368,
	4.17697 6.62406,
	4.19659 6.60445,
	4.2064 6.59709,
	4.24563 6.5738,
	4.26524 6.56031,
	4.28486 6.54928,
	4.29467 6.5456,
	4.30447 6.53947,
	4.30938 6.53824,
	4.31306 6.53334,
	4.31551 6.52353,
	4.32654 6.50391,
	4.35964 6.46468,
	4.36577 6.45487,
	4.37558 6.44507,
	4.41481 6.41932,
	4.45405 6.40093,
	4.46385 6.39603,
	4.50309 6.38744,
	4.5227 6.38499,
	4.56193 6.38499,
	4.58155 6.39112,
	4.60117 6.3997,
	4.61097 6.40338,
	4.65021 6.40706,
	4.66982 6.41196,
	4.67963 6.41687,
	4.71886 6.42177,
	4.72867 6.42422,
	4.73848 6.43035,
	4.74338 6.43158,
	4.75319 6.43771,
	4.763 6.44139,
	4.80223 6.44507,
	4.82185 6.44874,
	4.84146 6.45978,
	4.85127 6.46959,
	4.8525 6.47939,
	4.85127 6.4892,
	4.84514 6.49901,
	4.82798 6.51863,
	4.8243 6.52353,
	4.82307 6.53334,
	4.81817 6.54315,
	4.80836 6.5505,
	4.78874 6.55908,
	4.74951 6.56276,
	4.7299 6.56399,
	4.71028 6.56767,
	4.70047 6.57012,
	4.69557 6.57134,
	4.68576 6.5787,
	4.65511 6.61793,
	4.63672 6.63755,
	4.62691 6.64368,
	4.6073 6.64981,
	4.58768 6.65226,
	4.54845 6.65103,
	4.50922 6.65226,
	4.49941 6.65471,
	4.47979 6.67065,
	4.46018 6.68291,
	4.45037 6.69026,
	4.43075 6.69885,
	4.41114 6.70252,
	4.39152 6.70375,
	4.38171 6.70252,
	4.37681 6.70375,
	4.35719 6.71601,
	4.33758 6.72459,
	4.32777 6.72704,
	4.28854 6.72827,
	4.26892 6.72704,
	4.24931 6.72337,
	4.22969 6.71724,
	4.21007 6.7062,
	4.19046 6.68904,
	4.17452 6.66942,
	4.16962 6.65961,
	4.16839 6.64981,
	4.16839 6.6449,
	"/>
</Transform>

<Transform dim="6"
 xcoef=" 0.910220563263486 0.993788309874915 -0.0905106498331134 0 0 0"
 ycoef=" -0.0111527489487372 0.0818810071605267 1.04033695644826 0 0 0">
<Image mag="0.00217549" contrast="1.155" brightness="0.015" red="true" green="true" blue="true"
 src="JYBWM.62.jpg" />
<Contour name="domain1" hidden="false" closed="true" simplified="false" border="1 0 1" fill="1 0 1" mode="11"
 points="0 0,
	4083 0,
	4083 4083,
	0 4083,
	"/>
</Transform>

<Transform dim="0"
 xcoef=" 0 1 0 0 0 0"
 ycoef=" 0 0 1 0 0 0">
<Contour name="d01ax13" hidden="false" closed="true" simplified="true" border="0 1 1" fill="0 1 1" mode="-11"
 points="2.46795 5.46893,
	2.46972 5.45471,
	2.4715 5.45294,
	2.47328 5.44672,
	2.48038 5.43339,
	2.48394 5.42629,
	2.48927 5.41918,
	2.49193 5.41563,
	2.49815 5.41118,
	2.51237 5.40585,
	2.5408 5.40141,
	2.55501 5.40408,
	2.56922 5.40852,
	2.57633 5.41296,
	2.58877 5.42629,
	2.59676 5.4405,
	2.60387 5.44761,
	2.61809 5.45649,
	2.6323 5.4636,
	2.63941 5.46893,
	2.65184 5.48225,
	2.67761 5.50446,
	2.68116 5.50624,
	2.68294 5.50802,
	2.71137 5.51335,
	2.72558 5.51779,
	2.73269 5.52134,
	2.73979 5.52667,
	2.74157 5.53023,
	2.74513 5.53378,
	2.74601 5.53734,
	2.74335 5.54444,
	2.73891 5.55155,
	2.73535 5.55421,
	2.73358 5.55599,
	2.7318 5.55599,
	2.72825 5.55866,
	2.72114 5.56043,
	2.70692 5.56665,
	2.69982 5.56932,
	2.67139 5.57376,
	2.66428 5.57376,
	2.65007 5.57998,
	2.64651 5.58175,
	2.64563 5.58353,
	2.64385 5.58353,
	2.62963 5.5933,
	2.62253 5.59686,
	2.62075 5.59863,
	2.61364 5.6013,
	2.60654 5.60219,
	2.59232 5.6013,
	2.58522 5.59952,
	2.55767 5.58353,
	2.55146 5.57731,
	2.54968 5.57376,
	2.53635 5.56221,
	2.52925 5.55599,
	2.51503 5.548,
	2.50171 5.54267,
	2.49815 5.54178,
	2.48483 5.532,
	2.47328 5.51957,
	2.47328 5.51779,
	2.46884 5.51068,
	2.46884 5.48225,
	2.46795 5.47515,
	2.46795 5.47159,
	2.46795 5.46982,
	"/>
</Transform>

<Transform dim="0"
 xcoef=" 0 1 0 0 0 0"
 ycoef=" 0 0 1 0 0 0">
<Contour name="d10ax10" hidden="false" closed="true" simplified="true" border="0 1 1" fill="0 1 1" mode="-11"
 points="3.91605 5.81718,
	3.92509 5.77267,
	3.92787 5.76711,
	3.92926 5.76433,
	3.93065 5.7532,
	3.93134 5.74764,
	3.94247 5.72539,
	3.94525 5.71983,
	3.94664 5.71704,
	3.95777 5.70731,
	3.96333 5.70314,
	3.97446 5.69757,
	3.99671 5.68158,
	4.00784 5.67323,
	4.03009 5.66072,
	4.04122 5.65515,
	4.08572 5.64264,
	4.09685 5.63916,
	4.14135 5.62943,
	4.1636 5.62525,
	4.20811 5.62525,
	4.23036 5.63221,
	4.23592 5.63429,
	4.2387 5.63499,
	4.26096 5.65029,
	4.26652 5.65376,
	4.2853 5.67532,
	4.30268 5.69757,
	4.30477 5.70035,
	4.30546 5.71148,
	4.30546 5.71704,
	4.31381 5.72817,
	4.31798 5.73373,
	4.34023 5.74973,
	4.35136 5.75877,
	4.37361 5.77963,
	4.38195 5.79075,
	4.38613 5.79632,
	4.38543 5.81857,
	4.38404 5.8297,
	4.38126 5.84082,
	4.37778 5.84639,
	4.37639 5.84917,
	4.375 5.85056,
	4.375 5.85125,
	4.37291 5.85195,
	4.37013 5.84986,
	4.36874 5.84986,
	4.36596 5.84778,
	4.34371 5.8436,
	4.33814 5.84291,
	4.32702 5.8436,
	4.32424 5.84499,
	4.31867 5.84569,
	4.31311 5.84778,
	4.31033 5.84778,
	4.30477 5.85056,
	4.30338 5.85056,
	4.29364 5.86099,
	4.29016 5.86655,
	4.28947 5.86933,
	4.28808 5.87072,
	4.28808 5.87211,
	4.28669 5.87351,
	4.28669 5.8749,
	4.28043 5.88602,
	4.27765 5.89159,
	4.27347 5.89715,
	4.27069 5.90271,
	4.26652 5.90758,
	4.26374 5.91314,
	4.26165 5.91523,
	4.25748 5.9194,
	4.23523 5.934,
	4.21298 5.94722,
	4.20185 5.95347,
	4.1796 5.96251,
	4.17403 5.96321,
	4.12953 5.96182,
	4.10728 5.95973,
	4.10171 5.95904,
	4.09059 5.95487,
	4.07946 5.94861,
	4.0739 5.94513,
	4.07112 5.94374,
	4.05234 5.92149,
	4.04747 5.91592,
	4.02522 5.90202,
	4.0141 5.89506,
	3.99184 5.88533,
	3.94734 5.87003,
	3.93621 5.86586,
	3.93065 5.86238,
	3.92509 5.85682,
	3.91883 5.84569,
	3.91605 5.84013,
	3.91605 5.81787,
	"/>
</Transform>

</Section>