<?xml version="1.0"?>
<!DOCTYPE Section SYSTEM "section.dtd">

<Section index="197" thickness="0.0471499" alignLocked="true">
<Transform dim="6"
 xcoef=" 2.78031271424548 0.849987623176738 -0.246653333664898 0 0 0"
 ycoef=" 0.677223082984133 0.100150063387868 1.01025622013703 0 0 0">
<Image mag="0.00217549" contrast="1.155" brightness="0.015" red="true" green="true" blue="true"
 src="JYBWM.215.jpg" />
<Contour name="domain1" hidden="false" closed="true" simplified="false" border="1 0 1" fill="1 0 1" mode="11"
 points="0 0,
	4083 0,
	4083 4083,
	0 4083,
	"/>
</Transform>

<Transform dim="0"
 xcoef=" 0 1 0 0 0 0"
 ycoef=" 0 0 1 0 0 0">
<Contour name="mito10" hidden="false" closed="false" simplified="true" border="1 0.5 0" fill="1 0.5 0" mode="13"
 points="3.81659 3.44853,
	3.76563 3.23791,
	"/>
</Transform>

<Transform dim="0"
 xcoef=" 0 1 0 0 0 0"
 ycoef=" 0 0 1 0 0 0">
<Contour name="d09" hidden="false" closed="true" simplified="true" border="0 1 0" fill="0 1 0" mode="-11"
 points="7.57654 4.57047,
	7.61571 4.5313,
	7.62616 4.52085,
	7.66533 4.49473,
	7.68623 4.4869,
	7.72801 4.4869,
	7.74891 4.4869,
	7.75413 4.48951,
	7.75674 4.4869,
	7.74891 4.47645,
	7.75413 4.47384,
	7.77502 4.4869,
	7.81681 4.49996,
	7.82726 4.50257,
	7.83248 4.50779,
	7.87427 4.52607,
	7.89516 4.53391,
	7.91606 4.54697,
	7.93173 4.56002,
	7.96829 4.5992,
	7.97612 4.60965,
	7.98135 4.63054,
	7.98135 4.64099,
	7.99441 4.68277,
	7.99441 4.70367,
	7.98918 4.72456,
	7.97612 4.74545,
	7.95784 4.76112,
	7.93956 4.77157,
	7.92911 4.7768,
	7.84554 4.77418,
	7.82465 4.77157,
	7.78286 4.7559,
	7.77764 4.7559,
	7.76719 4.74807,
	7.7254 4.72978,
	7.70451 4.72195,
	7.66272 4.69583,
	7.64183 4.68016,
	7.60526 4.63838,
	7.58959 4.61748,
	7.57915 4.59659,
	7.57654 4.57569,
	7.57654 4.57308,
	"/>
<Contour name="d09" hidden="false" closed="true" simplified="true" border="0 1 0" fill="0 1 0" mode="-11"
 points="5.52374 4.21528,
	5.53419 4.19439,
	5.53419 4.18916,
	5.54202 4.18133,
	5.54202 4.1761,
	5.54986 4.16566,
	5.55508 4.16043,
	5.55769 4.14999,
	5.57075 4.12909,
	5.57597 4.11865,
	5.57597 4.11342,
	5.58903 4.09253,
	5.60993 4.07947,
	5.65171 4.06119,
	5.67261 4.05335,
	5.6935 4.0403,
	5.70917 4.02724,
	5.75096 4.01418,
	5.77185 4.00634,
	5.79275 4.00373,
	5.81364 4.01157,
	5.82409 4.01418,
	5.86326 4.05597,
	5.86848 4.06641,
	5.86587 4.08731,
	5.85804 4.1082,
	5.84237 4.12648,
	5.83192 4.13693,
	5.79013 4.15782,
	5.74835 4.17349,
	5.72745 4.1761,
	5.70656 4.18655,
	5.69611 4.19439,
	5.69089 4.19439,
	5.67 4.21006,
	5.62821 4.22834,
	5.60732 4.23879,
	5.58642 4.24401,
	5.54463 4.24401,
	5.53419 4.23879,
	5.52374 4.22834,
	5.52374 4.21789,
	"/>
<Contour name="d09" hidden="false" closed="true" simplified="true" border="0 1 0" fill="0 1 0" mode="-11"
 points="6.05914 3.96978,
	6.06436 3.94889,
	6.06436 3.94366,
	6.08264 3.92277,
	6.09048 3.91232,
	6.10093 3.9071,
	6.10615 3.89926,
	6.14532 3.86531,
	6.18711 3.84703,
	6.2289 3.84442,
	6.24979 3.84442,
	6.29158 3.85225,
	6.37515 3.85748,
	6.45873 3.85748,
	6.50052 3.85487,
	6.5423 3.84703,
	6.5632 3.84703,
	6.60498 3.83658,
	6.62588 3.82875,
	6.64677 3.82614,
	6.73035 3.83397,
	6.77213 3.84964,
	6.85571 3.8627,
	6.8766 3.87054,
	6.88182 3.87054,
	6.88705 3.87576,
	6.90794 3.88359,
	6.92622 3.89665,
	6.94712 3.91755,
	6.9889 3.94366,
	7.00719 3.95933,
	7.01241 3.95933,
	7.01763 3.96456,
	7.02286 3.96456,
	7.06464 3.99067,
	7.07509 3.9959,
	7.08031 3.9959,
	7.09076 4.00373,
	7.11165 4.01157,
	7.1221 4.01157,
	7.12732 4.01679,
	7.14822 4.0194,
	7.15866 4.02201,
	7.16911 4.02985,
	7.17433 4.02985,
	7.19523 4.05074,
	7.2109 4.07164,
	7.22134 4.08208,
	7.22134 4.10298,
	7.21612 4.12387,
	7.20567 4.13171,
	7.19523 4.13432,
	7.19 4.13954,
	7.10643 4.16305,
	7.09598 4.16305,
	7.07509 4.17088,
	6.99151 4.18916,
	6.94973 4.20222,
	6.92883 4.21006,
	6.91839 4.21006,
	6.90794 4.21528,
	6.82437 4.23095,
	6.74079 4.25707,
	6.699 4.27013,
	6.61543 4.28318,
	6.53186 4.28841,
	6.49007 4.29885,
	6.45089 4.31975,
	6.43 4.33803,
	6.41172 4.35109,
	6.40649 4.35109,
	6.40127 4.35631,
	6.35948 4.36154,
	6.33859 4.36154,
	6.3177 4.35631,
	6.29941 4.34064,
	6.27069 4.29885,
	6.23673 4.26229,
	6.22106 4.2414,
	6.18711 4.21267,
	6.15838 4.17349,
	6.14532 4.15782,
	6.12965 4.13693,
	6.11921 4.11865,
	6.11398 4.1082,
	6.11398 4.10298,
	6.10876 4.09775,
	6.10615 4.08731,
	6.09831 4.07686,
	6.09048 4.05597,
	6.07481 4.03507,
	6.06697 4.02463,
	6.05914 4.00373,
	6.05914 3.98284,
	6.05914 3.97239,
	"/>
</Transform>

<Transform dim="0"
 xcoef=" 0 1 0 0 0 0"
 ycoef=" 0 0 1 0 0 0">
<Contour name="d01" hidden="false" closed="true" simplified="true" border="1 1 0" fill="1 0.5 0" mode="11"
 points="-0.541134 5.1417,
	-0.528117 5.11195,
	-0.526257 5.05244,
	-0.522538 5.045,
	-0.522538 5.03013,
	-0.522538 5.02269,
	-0.492785 5.00781,
	-0.433279 5.00781,
	-0.373773 5.01153,
	-0.358896 5.01525,
	-0.34402 5.02827,
	-0.329143 5.03757,
	-0.29939 5.04686,
	-0.286373 5.05616,
	-0.277075 5.07104,
	-0.247322 5.07476,
	-0.234305 5.08963,
	-0.236165 5.14914,
	-0.243603 5.16402,
	-0.247322 5.17145,
	-0.262199 5.17145,
	-0.321705 5.19749,
	-0.351458 5.19935,
	-0.358896 5.19935,
	-0.418402 5.23282,
	-0.433279 5.24026,
	-0.463032 5.24212,
	-0.477909 5.24026,
	-0.507662 5.21794,
	-0.526257 5.18819,
	-0.535555 5.15844,
	-0.541134 5.14356,
	"/>
</Transform>

<Transform dim="0"
 xcoef=" 0 1 0 0 0 0"
 ycoef=" 0 0 1 0 0 0">
<Contour name="d02" hidden="false" closed="true" simplified="true" border="0.502 0 1" fill="1 0.5 0" mode="11"
 points="2.74111 2.26791,
	2.75828 2.25075,
	2.7975 2.22869,
	2.81712 2.22133,
	2.85635 2.19681,
	2.89558 2.1821,
	2.91519 2.16984,
	2.95442 2.13552,
	3.03288 2.11345,
	3.07211 2.12326,
	3.09172 2.12326,
	3.09662 2.12326,
	3.1334 2.16004,
	3.14321 2.16984,
	3.18244 2.18946,
	3.20205 2.20417,
	3.2045 2.22378,
	3.19715 2.2434,
	3.19715 2.2532,
	3.21431 2.26056,
	3.25354 2.26546,
	3.27315 2.27527,
	3.28541 2.29488,
	3.29032 2.30469,
	3.29277 2.30714,
	3.27315 2.31695,
	3.23392 2.34637,
	3.1947 2.36844,
	3.15547 2.37334,
	3.13585 2.37579,
	3.05739 2.36844,
	2.97894 2.35128,
	2.93971 2.34392,
	2.90048 2.34392,
	2.86125 2.33166,
	2.82202 2.32921,
	2.80241 2.32185,
	2.78279 2.30714,
	2.76318 2.30224,
	2.74602 2.28998,
	2.74111 2.28017,
	2.74111 2.27037,
	"/>
</Transform>

<Transform dim="0"
 xcoef=" 0 1 0 0 0 0"
 ycoef=" 0 0 1 0 0 0">
<Contour name="d03" hidden="false" closed="true" simplified="true" border="1 0 0.502" fill="1 0.5 0" mode="11"
 points="0.0066265 4.43632,
	0.0130761 4.41913,
	0.0130761 4.40193,
	0.0130761 4.39333,
	0.0259752 4.35893,
	0.0281251 4.35033,
	0.0453239 4.33313,
	0.0797216 4.31808,
	0.088321 4.31808,
	0.10337 4.30733,
	0.111969 4.29013,
	0.129168 4.27509,
	0.137768 4.26864,
	0.172165 4.26219,
	0.204413 4.23209,
	0.217312 4.21489,
	0.228062 4.18049,
	0.234511 4.16329,
	0.24956 4.14824,
	0.266759 4.13749,
	0.283958 4.13319,
	0.292557 4.13319,
	0.296857 4.13319,
	0.314056 4.11815,
	0.324805 4.10095,
	0.329105 4.08375,
	0.329105 4.07945,
	0.363502 4.0601,
	0.380701 4.0515,
	0.389301 4.04505,
	0.526891 4.0386,
	0.54409 4.03645,
	0.55054 4.0386,
	0.54194 4.04075,
	0.539791 4.0429,
	0.608586 4.03645,
	0.625785 4.0257,
	0.634384 4.0171,
	0.651583 4.01065,
	0.720378 4.0085,
	0.728978 4.0042,
	0.746177 4.00205,
	0.780574 3.9913,
	0.797773 3.98485,
	0.806373 3.97841,
	0.823571 3.97196,
	0.857969 3.97411,
	0.875168 3.97411,
	0.943963 3.98915,
	0.978361 4.00205,
	0.99556 4.0128,
	1.00846 4.03,
	1.01491 4.0386,
	1.01706 4.0558,
	1.01706 4.0644,
	1.01706 4.0687,
	0.99986 4.08375,
	0.967612 4.1031,
	0.969762 4.1203,
	0.976211 4.13749,
	0.980511 4.14609,
	0.982661 4.15039,
	0.978361 4.16114,
	0.963312 4.17619,
	0.959012 4.18479,
	0.954713 4.18694,
	0.954713 4.19124,
	0.941813 4.20844,
	0.935364 4.21489,
	0.935364 4.21919,
	0.928914 4.22779,
	0.913865 4.23639,
	0.905266 4.24069,
	0.896666 4.24069,
	0.862269 4.25789,
	0.830021 4.28368,
	0.804223 4.31808,
	0.771975 4.38688,
	0.761226 4.40408,
	0.744027 4.41483,
	0.709629 4.42343,
	0.640834 4.44922,
	0.606436 4.45997,
	0.574188 4.47717,
	0.505393 4.47287,
	0.436598 4.49652,
	0.4022 4.50942,
	0.333404 4.52017,
	0.316206 4.52447,
	0.299007 4.53307,
	0.290407 4.53952,
	0.25601 4.55027,
	0.187214 4.55027,
	0.152817 4.55027,
	0.118419 4.53952,
	0.10122 4.53307,
	0.0926207 4.53092,
	0.0840213 4.52447,
	0.0754219 4.52232,
	0.0410242 4.49652,
	0.0238253 4.48577,
	0.00877636 4.47072,
	0.0066265 4.43847,
	"/>
</Transform>

<Transform dim="0"
 xcoef=" 0 1 0 0 0 0"
 ycoef=" 0 0 1 0 0 0">
<Contour name="d03" hidden="false" closed="true" simplified="true" border="1 0 0.502" fill="1 0.5 0" mode="11"
 points="0.0494467 5.1317,
	0.0558962 5.11451,
	0.0623458 5.10806,
	0.0795446 5.10806,
	0.0967435 5.1188,
	0.120392 5.15105,
	0.128991 5.1575,
	0.133291 5.1575,
	0.135441 5.1747,
	0.135441 5.1833,
	0.126841 5.2005,
	0.109643 5.2005,
	0.101043 5.2005,
	0.0967435 5.2005,
	0.0881441 5.19405,
	0.0795446 5.1919,
	0.0644957 5.18115,
	0.0601959 5.17685,
	0.0601959 5.15965,
	0.0494467 5.1446,
	0.0494467 5.136,
	0.0494467 5.13385,
	"/>
</Transform>

<Transform dim="0"
 xcoef=" 0 1 0 0 0 0"
 ycoef=" 0 0 1 0 0 0">
<Contour name="d04" hidden="false" closed="true" simplified="true" border="1 0 0" fill="1 0.5 0" mode="11"
 points="1.73727 3.81378,
	1.74375 3.79649,
	1.74591 3.7792,
	1.74375 3.74463,
	1.74375 3.72735,
	1.74375 3.7187,
	1.75887 3.7079,
	1.76536 3.70142,
	1.78048 3.669,
	1.78697 3.66252,
	1.82154 3.66036,
	1.8345 3.64524,
	1.84315 3.62795,
	1.84747 3.62363,
	1.88204 3.61066,
	1.88852 3.59338,
	1.89068 3.58473,
	1.90797 3.57393,
	1.95551 3.50911,
	1.99008 3.49398,
	2.00736 3.4875,
	2.01601 3.48534,
	2.02033 3.48102,
	2.03545 3.47453,
	2.07003 3.4486,
	2.08515 3.43996,
	2.11973 3.43996,
	2.1543 3.43348,
	2.17158 3.427,
	2.20616 3.42916,
	2.24073 3.43564,
	2.24505 3.44212,
	2.27962 3.4486,
	2.29691 3.45509,
	2.3142 3.46589,
	2.32716 3.47453,
	2.3358 3.48102,
	2.34445 3.48102,
	2.37254 3.50695,
	2.37686 3.50695,
	2.38118 3.51343,
	2.3855 3.51559,
	2.3855 3.51991,
	2.39198 3.52639,
	2.39198 3.53071,
	2.40495 3.548,
	2.42223 3.56097,
	2.42656 3.56529,
	2.4352 3.56745,
	2.43952 3.57177,
	2.47409 3.57825,
	2.49138 3.58473,
	2.50002 3.58689,
	2.51299 3.59986,
	2.52811 3.61715,
	2.53676 3.62579,
	2.53892 3.66036,
	2.53892 3.669,
	2.53027 3.68629,
	2.52163 3.72086,
	2.51515 3.73815,
	2.51299 3.74679,
	2.50434 3.75544,
	2.4957 3.75976,
	2.49138 3.76408,
	2.45681 3.77272,
	2.42223 3.79649,
	2.40495 3.80729,
	2.39631 3.81378,
	2.38766 3.81594,
	2.37902 3.82242,
	2.3747 3.82242,
	2.37038 3.82674,
	2.35309 3.83106,
	2.34445 3.83538,
	2.34012 3.83538,
	2.325 3.84835,
	2.31203 3.86564,
	2.29475 3.87644,
	2.29259 3.88076,
	2.28827 3.88076,
	2.26018 3.91317,
	2.24289 3.9283,
	2.20832 3.94126,
	2.19103 3.94558,
	2.15862 3.96935,
	2.14349 3.978,
	2.13485 3.98448,
	2.10028 3.99744,
	2.08299 4.00393,
	2.07435 4.00393,
	2.05706 4.01041,
	2.02249 4.01257,
	2.01385 4.01257,
	1.99656 4.01905,
	1.9944 4.02337,
	1.99008 4.02337,
	1.97495 4.03634,
	1.95767 4.04282,
	1.94902 4.0493,
	1.93174 4.05578,
	1.86259 4.05362,
	1.84531 4.0493,
	1.82802 4.0493,
	1.81073 4.04282,
	1.80209 4.03418,
	1.78697 3.9996,
	1.78264 3.99096,
	1.77832 3.9888,
	1.77832 3.98448,
	1.774 3.98448,
	1.76104 3.97151,
	1.75239 3.96287,
	1.74591 3.94558,
	1.74591 3.91101,
	1.74591 3.89373,
	1.75023 3.88508,
	1.75239 3.88076,
	1.73727 3.84835,
	1.73727 3.81594,
	"/>
</Transform>

<Transform dim="0"
 xcoef=" 0 1 0 0 0 0"
 ycoef=" 0 0 1 0 0 0">
<Contour name="d05" hidden="false" closed="true" simplified="true" border="1 0.502 0" fill="1 0.5 0" mode="11"
 points="3.92571 4.2747,
	3.92992 4.26348,
	3.93272 4.26068,
	3.93272 4.25788,
	3.94253 4.24807,
	3.94533 4.24807,
	3.95094 4.24386,
	3.96215 4.23966,
	3.97336 4.23826,
	3.98458 4.23405,
	4.007 4.23265,
	4.01821 4.23685,
	4.01962 4.23966,
	4.03083 4.24386,
	4.03643 4.24807,
	4.03924 4.24807,
	4.04344 4.25227,
	4.05465 4.25507,
	4.05886 4.25928,
	4.07007 4.26068,
	4.07848 4.27049,
	4.08269 4.2761,
	4.09109 4.2817,
	4.11352 4.29572,
	4.12193 4.30273,
	4.12333 4.30833,
	4.12193 4.31394,
	4.11772 4.31814,
	4.0953 4.31814,
	4.08409 4.31814,
	4.07848 4.31955,
	4.07568 4.31955,
	4.07287 4.32235,
	4.02803 4.32095,
	4.02242 4.32095,
	3.99999 4.31394,
	3.99439 4.31394,
	3.97196 4.32235,
	3.96916 4.32235,
	3.96355 4.32655,
	3.94113 4.32655,
	3.93552 4.32375,
	3.93132 4.31814,
	3.93272 4.30693,
	3.93692 4.30273,
	3.93692 4.29151,
	3.93692 4.28871,
	3.93412 4.28871,
	3.92992 4.28451,
	3.92711 4.28451,
	3.92571 4.2789,
	3.92571 4.2761,
	"/>
</Transform>

<Transform dim="0"
 xcoef=" 0 1 0 0 0 0"
 ycoef=" 0 0 1 0 0 0">
<Contour name="d05" hidden="false" closed="true" simplified="true" border="1 0.502 0" fill="1 0.5 0" mode="11"
 points="3.37771 4.80027,
	3.37911 4.78906,
	3.38332 4.77785,
	3.39173 4.76664,
	3.39453 4.76383,
	3.39453 4.75262,
	3.38612 4.7302,
	3.38332 4.71898,
	3.38472 4.69656,
	3.40154 4.67554,
	3.40294 4.66993,
	3.40714 4.66432,
	3.40714 4.66152,
	3.41695 4.65451,
	3.41976 4.65171,
	3.42256 4.65171,
	3.42817 4.64751,
	3.45059 4.6447,
	3.4618 4.6433,
	3.46741 4.6405,
	3.48983 4.6419,
	3.50105 4.6433,
	3.50665 4.64751,
	3.51226 4.64891,
	3.51786 4.65311,
	3.52067 4.65591,
	3.52347 4.65591,
	3.52908 4.66012,
	3.53188 4.66292,
	3.53608 4.67413,
	3.54309 4.68535,
	3.56412 4.70357,
	3.57252 4.71338,
	3.57813 4.71478,
	3.58234 4.71898,
	3.58514 4.71898,
	3.59495 4.72879,
	3.59495 4.7316,
	3.60336 4.74281,
	3.60756 4.75402,
	3.61037 4.75963,
	3.61037 4.77084,
	3.60756 4.78205,
	3.60196 4.78766,
	3.59074 4.79327,
	3.58794 4.79327,
	3.58234 4.79747,
	3.57953 4.79747,
	3.57393 4.80167,
	3.5515 4.80868,
	3.54029 4.81149,
	3.53328 4.81989,
	3.52627 4.83111,
	3.51646 4.84092,
	3.51086 4.84372,
	3.48843 4.84372,
	3.47722 4.84372,
	3.47161 4.84512,
	3.46601 4.84933,
	3.4548 4.85073,
	3.44358 4.84232,
	3.43658 4.83671,
	3.43097 4.83671,
	3.42536 4.83952,
	3.41415 4.83952,
	3.40854 4.83952,
	3.39733 4.83391,
	3.38752 4.8241,
	3.38051 4.81429,
	3.37771 4.80868,
	3.37771 4.80308,
	3.37771 4.80167,
	"/>
</Transform>

<Transform dim="0"
 xcoef=" 0 1 0 0 0 0"
 ycoef=" 0 0 1 0 0 0">
<Contour name="d05" hidden="false" closed="true" simplified="true" border="1 0.502 0" fill="1 0.5 0" mode="11"
 points="4.9136 3.92003,
	4.926 3.91538,
	4.93065 3.91228,
	4.9353 3.89988,
	4.9353 3.88748,
	4.93685 3.88128,
	4.9415 3.87508,
	4.96476 3.86268,
	4.97096 3.85803,
	4.97871 3.84718,
	4.99111 3.83633,
	5.00351 3.83013,
	5.00971 3.82858,
	5.01591 3.82393,
	5.02056 3.81153,
	5.02366 3.80533,
	5.02366 3.79913,
	5.03451 3.77433,
	5.03451 3.74953,
	5.04226 3.73713,
	5.04691 3.73093,
	5.04846 3.72783,
	5.05156 3.72783,
	5.05776 3.72318,
	5.10736 3.71388,
	5.13216 3.70613,
	5.14456 3.70613,
	5.16936 3.71543,
	5.18176 3.72318,
	5.18796 3.72783,
	5.19416 3.74023,
	5.19571 3.74643,
	5.20811 3.75728,
	5.21276 3.76193,
	5.21276 3.76813,
	5.21276 3.77123,
	5.20811 3.77743,
	5.20811 3.78983,
	5.21276 3.80223,
	5.21586 3.80843,
	5.21741 3.82083,
	5.21896 3.82703,
	5.22516 3.83013,
	5.23756 3.83013,
	5.24376 3.83168,
	5.25461 3.84098,
	5.25461 3.84718,
	5.25926 3.85958,
	5.25926 3.86268,
	5.26391 3.86888,
	5.26856 3.88128,
	5.27321 3.88748,
	5.27321 3.89058,
	5.29026 3.91383,
	5.29336 3.92003,
	5.29336 3.92313,
	5.31351 3.94793,
	5.31816 3.96033,
	5.31971 3.97273,
	5.31971 3.97583,
	5.31661 3.97893,
	5.31661 4.00373,
	5.31661 4.01614,
	5.31196 4.02234,
	5.29956 4.02854,
	5.27476 4.03474,
	5.26856 4.03474,
	5.25616 4.03939,
	5.20656 4.03939,
	5.18176 4.04249,
	5.15696 4.03784,
	5.14456 4.03939,
	5.13216 4.04404,
	5.12596 4.04714,
	5.12286 4.05024,
	5.12131 4.04869,
	5.10891 4.05334,
	5.10271 4.05644,
	5.09651 4.05644,
	5.08411 4.06109,
	5.07791 4.06264,
	5.07481 4.06574,
	5.06861 4.06574,
	5.04381 4.07349,
	5.01901 4.07349,
	5.00661 4.07039,
	4.99421 4.07194,
	4.98956 4.08434,
	4.98956 4.09054,
	4.98336 4.10294,
	4.98026 4.10914,
	4.97716 4.11224,
	4.97561 4.11844,
	4.96941 4.12154,
	4.96321 4.11999,
	4.96321 4.10759,
	4.96166 4.10139,
	4.96166 4.09829,
	4.95856 4.09519,
	4.95856 4.09209,
	4.9539 4.08589,
	4.9446 4.06264,
	4.9415 4.05644,
	4.94305 4.03164,
	4.94305 4.02544,
	4.9384 4.01303,
	4.9384 4.00993,
	4.9353 4.00683,
	4.93065 3.99443,
	4.93065 3.99133,
	4.926 3.98513,
	4.926 3.97893,
	4.9229 3.97273,
	4.9229 3.96033,
	4.91515 3.93553,
	4.9136 3.92313,
	4.9136 3.92158,
	"/>
</Transform>

<Transform dim="0"
 xcoef=" 0 1 0 0 0 0"
 ycoef=" 0 0 1 0 0 0">
<Contour name="d05" hidden="false" closed="true" simplified="true" border="1 0.502 0" fill="1 0.5 0" mode="11"
 points="4.23081 4.60687,
	4.23391 4.59447,
	4.24011 4.58982,
	4.25251 4.58517,
	4.25716 4.57897,
	4.25716 4.55417,
	4.26026 4.54797,
	4.28351 4.52317,
	4.30676 4.50147,
	4.31761 4.49062,
	4.34241 4.47977,
	4.35481 4.47512,
	4.36721 4.47357,
	4.39201 4.45962,
	4.41216 4.43482,
	4.41681 4.42862,
	4.41681 4.41622,
	4.41836 4.41002,
	4.44316 4.39607,
	4.46796 4.39607,
	4.51756 4.37902,
	4.52996 4.37747,
	4.55476 4.36662,
	4.56716 4.36042,
	4.57956 4.35732,
	4.58576 4.35422,
	4.59816 4.34182,
	4.60281 4.33562,
	4.60591 4.32322,
	4.60901 4.31702,
	4.63381 4.30307,
	4.65861 4.29532,
	4.68342 4.29532,
	4.73302 4.27517,
	4.75782 4.26277,
	4.77022 4.25656,
	4.79502 4.25036,
	4.80742 4.24881,
	4.81362 4.24726,
	4.82602 4.23641,
	4.85082 4.22866,
	4.86322 4.22556,
	4.87562 4.21936,
	4.90042 4.20231,
	4.92522 4.19456,
	4.95002 4.18991,
	4.97482 4.19456,
	4.99497 4.21781,
	5.00582 4.24261,
	5.01047 4.29222,
	5.01202 4.30462,
	5.01202 4.31082,
	5.00427 4.33562,
	5.00117 4.34182,
	5.00117 4.35422,
	5.01357 4.37902,
	5.03062 4.40227,
	5.03527 4.40847,
	5.03992 4.41932,
	5.04147 4.42552,
	5.04612 4.43172,
	5.04922 4.43172,
	5.05232 4.43482,
	5.05852 4.43637,
	5.06937 4.44567,
	5.07712 4.45652,
	5.07867 4.46892,
	5.09262 4.49372,
	5.09417 4.51852,
	5.10192 4.52937,
	5.10347 4.53557,
	5.10037 4.54177,
	5.10192 4.55417,
	5.10502 4.55727,
	5.10502 4.56037,
	5.10967 4.56657,
	5.11122 4.57897,
	5.11122 4.58207,
	5.09882 4.59137,
	5.08642 4.59292,
	5.08022 4.59602,
	5.07712 4.59757,
	5.07712 4.60997,
	5.08332 4.62237,
	5.08952 4.62857,
	5.09107 4.63477,
	5.08177 4.65957,
	5.07712 4.66577,
	5.07557 4.69057,
	5.06937 4.70297,
	5.07092 4.71537,
	5.07247 4.72157,
	5.08177 4.73243,
	5.08642 4.73863,
	5.08952 4.75103,
	5.08797 4.76343,
	5.08797 4.76963,
	5.08797 4.77273,
	5.09727 4.78358,
	5.10967 4.79133,
	5.11587 4.79443,
	5.12207 4.79443,
	5.12827 4.79908,
	5.13137 4.79908,
	5.13447 4.80528,
	5.14533 4.81768,
	5.17013 4.81923,
	5.18253 4.81923,
	5.19493 4.81613,
	5.20113 4.81303,
	5.20733 4.81303,
	5.21973 4.80838,
	5.23213 4.80063,
	5.23833 4.79598,
	5.24453 4.79443,
	5.25073 4.78978,
	5.25383 4.78978,
	5.27863 4.77428,
	5.28948 4.76498,
	5.29258 4.76188,
	5.30498 4.75723,
	5.31738 4.74793,
	5.32668 4.73553,
	5.33443 4.72622,
	5.34218 4.71382,
	5.34528 4.70762,
	5.34528 4.70142,
	5.35613 4.67662,
	5.37318 4.65337,
	5.37318 4.65027,
	5.38558 4.64252,
	5.39178 4.63787,
	5.39798 4.63632,
	5.40108 4.63322,
	5.42588 4.62547,
	5.43208 4.62237,
	5.45688 4.62237,
	5.46928 4.62082,
	5.47548 4.62082,
	5.48788 4.61617,
	5.50028 4.61772,
	5.52508 4.62702,
	5.62429 4.64872,
	5.67389 4.66112,
	5.72349 4.67972,
	5.73589 4.68592,
	5.74209 4.69677,
	5.76689 4.69832,
	5.77309 4.69987,
	5.78549 4.71227,
	5.79169 4.71847,
	5.79014 4.72467,
	5.79014 4.72777,
	5.78704 4.73088,
	5.78549 4.73708,
	5.78084 4.74173,
	5.77464 4.76653,
	5.75139 4.78668,
	5.74519 4.79288,
	5.74364 4.79908,
	5.73124 4.80993,
	5.72504 4.81458,
	5.72194 4.81613,
	5.69714 4.81148,
	5.67234 4.81458,
	5.66769 4.82698,
	5.66769 4.83938,
	5.64444 4.86108,
	5.63824 4.86573,
	5.63669 4.86883,
	5.63359 4.86883,
	5.63204 4.87193,
	5.60723 4.87193,
	5.59483 4.87348,
	5.59173 4.87348,
	5.57933 4.88278,
	5.48013 4.88278,
	5.46773 4.88743,
	5.44293 4.88743,
	5.43053 4.88588,
	5.42433 4.88278,
	5.39953 4.88588,
	5.37473 4.88588,
	5.34993 4.88278,
	5.32513 4.87503,
	5.30033 4.86418,
	5.28793 4.85953,
	5.26313 4.85953,
	5.25073 4.85953,
	5.22593 4.85488,
	5.20113 4.85488,
	5.18873 4.85488,
	5.16393 4.86418,
	5.13913 4.86883,
	5.11432 4.87658,
	5.06472 4.87813,
	5.05852 4.87813,
	5.03372 4.88588,
	4.98412 4.88743,
	4.95932 4.88743,
	4.94692 4.88743,
	4.92212 4.89518,
	4.90972 4.89983,
	4.89732 4.90138,
	4.84772 4.91843,
	4.83532 4.92153,
	4.82292 4.92773,
	4.79812 4.93548,
	4.79192 4.93858,
	4.76712 4.94168,
	4.66792 4.94013,
	4.65551 4.93703,
	4.63071 4.93703,
	4.61831 4.93703,
	4.59351 4.92773,
	4.58731 4.92618,
	4.57491 4.92773,
	4.56251 4.92153,
	4.55631 4.91533,
	4.55321 4.91533,
	4.54081 4.90448,
	4.51601 4.90293,
	4.49121 4.90603,
	4.46641 4.90603,
	4.45401 4.90138,
	4.44781 4.89983,
	4.43696 4.88743,
	4.42921 4.87503,
	4.42611 4.86883,
	4.42611 4.86263,
	4.41991 4.85178,
	4.41371 4.84868,
	4.40131 4.85178,
	4.37651 4.85023,
	4.35171 4.83473,
	4.34861 4.83163,
	4.34551 4.83163,
	4.33311 4.82078,
	4.32846 4.81458,
	4.30366 4.80993,
	4.27886 4.80218,
	4.26646 4.79753,
	4.25561 4.78668,
	4.25096 4.78048,
	4.24941 4.77428,
	4.24166 4.76653,
	4.24011 4.75413,
	4.25096 4.74173,
	4.25406 4.74018,
	4.25406 4.73708,
	4.26336 4.72467,
	4.26956 4.71227,
	4.26801 4.68747,
	4.26646 4.68127,
	4.24321 4.65647,
	4.23081 4.63167,
	4.23081 4.60842,
	"/>
</Transform>

<Transform dim="0"
 xcoef=" 0 1 0 0 0 0"
 ycoef=" 0 0 1 0 0 0">
<Contour name="d07" hidden="false" closed="true" simplified="true" border="1 0 1" fill="1 0.5 0" mode="11"
 points="1.6563 1.88131,
	1.66307 1.87624,
	1.69014 1.86947,
	1.70367 1.86778,
	1.71721 1.86101,
	1.73074 1.85932,
	1.73751 1.85594,
	1.74089 1.85594,
	1.79503 1.82041,
	1.80687 1.80687,
	1.82041 1.79672,
	1.83394 1.78996,
	1.84071 1.77811,
	1.85086 1.76458,
	1.8627 1.75443,
	1.87624 1.74935,
	1.90331 1.74935,
	1.91008 1.74766,
	1.93714 1.72397,
	1.96421 1.71213,
	1.97098 1.70875,
	1.99805 1.70367,
	2.00482 1.70029,
	2.01835 1.6986,
	2.03189 1.69352,
	2.05896 1.67153,
	2.08603 1.65461,
	2.09956 1.64784,
	2.10294 1.64784,
	2.10633 1.64446,
	2.1131 1.64277,
	2.14016 1.61908,
	2.1537 1.61231,
	2.15708 1.60893,
	2.21122 1.59878,
	2.22476 1.5937,
	2.23152 1.5937,
	2.25859 1.58355,
	2.31273 1.57509,
	2.3398 1.57509,
	2.39394 1.57002,
	2.44808 1.55987,
	2.50222 1.56325,
	2.51575 1.56325,
	2.54282 1.55141,
	2.59696 1.5531,
	2.61049 1.5531,
	2.61388 1.5531,
	2.61726 1.55818,
	2.6308 1.55818,
	2.65786 1.56663,
	2.68493 1.57848,
	2.69847 1.58355,
	2.70524 1.58694,
	2.70862 1.58694,
	2.72215 1.59878,
	2.72723 1.60555,
	2.73061 1.60893,
	2.73061 1.6157,
	2.75599 1.62754,
	2.81013 1.6563,
	2.82366 1.66307,
	2.82705 1.66307,
	2.83043 1.66645,
	2.8575 1.67322,
	2.91164 1.70367,
	2.93871 1.71552,
	2.95224 1.72059,
	2.97931 1.7189,
	2.99285 1.7189,
	2.99961 1.72059,
	3.01315 1.73074,
	3.01822 1.73751,
	3.01992 1.75104,
	3.01484 1.76458,
	3.01484 1.77135,
	3.01146 1.77811,
	3.01146 1.78488,
	3.003 1.79841,
	2.99961 1.80518,
	2.99623 1.80857,
	2.99115 1.8221,
	2.99115 1.84917,
	2.99115 1.85594,
	2.98608 1.86947,
	2.99285 1.88301,
	2.99623 1.89654,
	3.003 1.91008,
	3.00638 1.92361,
	3.00638 1.93714,
	3.00977 1.95068,
	3.01653 1.96421,
	3.01992 1.97098,
	3.01992 1.98452,
	3.01484 1.99805,
	3.01484 2.01159,
	3.02668 2.03865,
	3.03683 2.05219,
	3.03853 2.05896,
	3.03345 2.07249,
	3.02161 2.08603,
	2.96747 2.1114,
	2.9404 2.12325,
	2.93363 2.12494,
	2.9201 2.13678,
	2.90487 2.16385,
	2.89134 2.17569,
	2.86427 2.18754,
	2.8372 2.1943,
	2.82366 2.19769,
	2.79659 2.2163,
	2.78306 2.22814,
	2.75599 2.23998,
	2.74246 2.24844,
	2.73569 2.2569,
	2.73569 2.27044,
	2.74076 2.28397,
	2.75261 2.29581,
	2.75768 2.30258,
	2.76107 2.30596,
	2.76107 2.31273,
	2.7543 2.31781,
	2.72723 2.31611,
	2.71369 2.31442,
	2.68663 2.30596,
	2.65956 2.30258,
	2.63249 2.30258,
	2.60542 2.30766,
	2.59188 2.31442,
	2.53774 2.32965,
	2.51068 2.33472,
	2.48361 2.34318,
	2.42947 2.34488,
	2.4024 2.34995,
	2.38886 2.35334,
	2.36179 2.35334,
	2.33472 2.34995,
	2.32119 2.34657,
	2.26705 2.34995,
	2.23998 2.35334,
	2.22645 2.35672,
	2.17231 2.35841,
	2.11817 2.35672,
	2.0911 2.35164,
	2.06403 2.34149,
	2.05726 2.3398,
	2.03189 2.31442,
	2.02343 2.30089,
	2.02343 2.2975,
	2.01666 2.29074,
	2.01328 2.28905,
	2.01328 2.28228,
	2.02174 2.26874,
	2.02512 2.26536,
	2.02512 2.25183,
	2.02512 2.24506,
	2.01666 2.23322,
	2.00989 2.22645,
	1.99636 2.21799,
	1.94222 2.19938,
	1.91515 2.18754,
	1.88808 2.17231,
	1.8847 2.16893,
	1.88131 2.16893,
	1.87793 2.16554,
	1.87116 2.16385,
	1.86778 2.16047,
	1.85425 2.15539,
	1.82887 2.13001,
	1.83056 2.10294,
	1.83225 2.09618,
	1.83902 2.08941,
	1.8424 2.08603,
	1.83902 2.07249,
	1.82548 2.06403,
	1.81195 2.05896,
	1.79334 2.03358,
	1.76627 2.02512,
	1.7595 2.02343,
	1.75612 2.02004,
	1.74935 2.01835,
	1.74428 2.01159,
	1.74597 1.99805,
	1.74766 1.99128,
	1.74597 1.98452,
	1.73243 1.97606,
	1.72567 1.96929,
	1.72736 1.95576,
	1.73243 1.94899,
	1.73243 1.94222,
	1.72567 1.93714,
	1.6986 1.93207,
	1.67153 1.93038,
	1.66476 1.93038,
	1.65968 1.9253,
	1.65968 1.91177,
	1.65968 1.90838,
	1.66476 1.90162,
	1.66645 1.89485,
	1.6563 1.8847,
	1.6563 1.88301,
	"/>
</Transform>

<Transform dim="0"
 xcoef=" 0 1 0 0 0 0"
 ycoef=" 0 0 1 0 0 0">
<Contour name="d07" hidden="false" closed="true" simplified="true" border="1 0 1" fill="1 0.5 0" mode="11"
 points="1.21643 2.08095,
	1.23673 2.05557,
	1.24519 2.04373,
	1.25872 2.0302,
	1.2638 2.01666,
	1.27226 2.00313,
	1.29933 1.98621,
	1.32132 1.95914,
	1.33485 1.9473,
	1.34162 1.94391,
	1.39576 1.9456,
	1.40929 1.9456,
	1.43636 1.93714,
	1.4499 1.93545,
	1.45667 1.93545,
	1.46343 1.93884,
	1.46851 1.9456,
	1.46851 1.95237,
	1.46005 1.96591,
	1.43636 1.99128,
	1.40929 2.00482,
	1.40253 2.01159,
	1.3873 2.03865,
	1.36023 2.06065,
	1.35685 2.06065,
	1.35346 2.06403,
	1.33993 2.06234,
	1.33316 2.06234,
	1.31963 2.05726,
	1.30609 2.05557,
	1.29933 2.05726,
	1.29256 2.06234,
	1.29087 2.06911,
	1.2841 2.07588,
	1.27733 2.07926,
	1.25026 2.08264,
	1.23673 2.08772,
	1.22319 2.08941,
	1.21643 2.08603,
	1.21643 2.08264,
	"/>
</Transform>

<Transform dim="0"
 xcoef=" 0 1 0 0 0 0"
 ycoef=" 0 0 1 0 0 0">
<Contour name="d08" hidden="false" closed="true" simplified="true" border="1 0 0" fill="1 0.5 0" mode="11"
 points="5.13761 2.71407,
	5.15095 2.69035,
	5.15392 2.68442,
	5.15095 2.66071,
	5.15243 2.65478,
	5.16429 2.64588,
	5.21173 2.63106,
	5.22358 2.62661,
	5.23544 2.62513,
	5.25916 2.62958,
	5.27102 2.63254,
	5.31845 2.63254,
	5.34217 2.63254,
	5.35403 2.63254,
	5.37774 2.63996,
	5.38367 2.6444,
	5.38664 2.64737,
	5.39849 2.64588,
	5.41035 2.64737,
	5.41628 2.64885,
	5.42221 2.65478,
	5.42518 2.65626,
	5.42369 2.65923,
	5.42518 2.66219,
	5.44889 2.66367,
	5.46075 2.66071,
	5.48447 2.65033,
	5.50818 2.65181,
	5.5319 2.65774,
	5.54376 2.66071,
	5.56747 2.66071,
	5.57933 2.66219,
	5.59119 2.6696,
	5.61343 2.69332,
	5.62084 2.70518,
	5.62528 2.71703,
	5.62677 2.72296,
	5.63714 2.73334,
	5.64011 2.7363,
	5.64011 2.74816,
	5.63714 2.76002,
	5.62677 2.7704,
	5.6238 2.78226,
	5.61787 2.79411,
	5.60898 2.80597,
	5.60601 2.8119,
	5.59416 2.82376,
	5.5823 2.83117,
	5.55858 2.84006,
	5.53486 2.85489,
	5.52301 2.86378,
	5.51708 2.86823,
	5.46964 2.8786,
	5.45779 2.88453,
	5.44593 2.88602,
	5.43407 2.88453,
	5.41035 2.87416,
	5.39849 2.86971,
	5.37478 2.86526,
	5.35106 2.85489,
	5.3392 2.84748,
	5.31993 2.82376,
	5.314 2.81783,
	5.29029 2.80894,
	5.28436 2.80894,
	5.2725 2.80449,
	5.24878 2.78522,
	5.23692 2.77929,
	5.23396 2.77633,
	5.2221 2.77188,
	5.21024 2.7704,
	5.19838 2.76595,
	5.19246 2.76299,
	5.1806 2.75261,
	5.16874 2.7452,
	5.14502 2.73482,
	5.13909 2.72889,
	5.13761 2.71703,
	5.13761 2.71555,
	"/>
</Transform>

<Transform dim="0"
 xcoef=" 0 1 0 0 0 0"
 ycoef=" 0 0 1 0 0 0">
<Contour name="d08" hidden="false" closed="true" simplified="true" border="1 0 0" fill="1 0.5 0" mode="11"
 points="6.37829 2.24122,
	6.39904 2.2175,
	6.39904 2.21157,
	6.39163 2.19972,
	6.39163 2.19379,
	6.402 2.18193,
	6.41386 2.17896,
	6.41979 2.176,
	6.4361 2.15228,
	6.44795 2.14487,
	6.45981 2.14042,
	6.47167 2.14042,
	6.4776 2.13894,
	6.48056 2.13894,
	6.49242 2.13005,
	6.50428 2.1256,
	6.528 2.1256,
	6.55171 2.12857,
	6.59915 2.14784,
	6.61101 2.15228,
	6.61397 2.15525,
	6.63769 2.16414,
	6.68512 2.16711,
	6.69698 2.17452,
	6.70291 2.176,
	6.72662 2.16859,
	6.73848 2.17007,
	6.74441 2.17007,
	6.75034 2.17303,
	6.75923 2.18341,
	6.77109 2.18193,
	6.78295 2.176,
	6.79481 2.16562,
	6.80074 2.15969,
	6.8126 2.15228,
	6.83631 2.15376,
	6.83631 2.15969,
	6.8289 2.17155,
	6.80519 2.1923,
	6.79629 2.20416,
	6.77406 2.2264,
	6.77258 2.23826,
	6.77999 2.24863,
	6.79036 2.26049,
	6.79036 2.28421,
	6.79333 2.29014,
	6.80519 2.29458,
	6.81111 2.29458,
	6.82297 2.29903,
	6.82594 2.30051,
	6.82594 2.30644,
	6.82594 2.30941,
	6.82001 2.31385,
	6.77258 2.31385,
	6.74886 2.31385,
	6.737 2.31385,
	6.71328 2.32126,
	6.68957 2.33164,
	6.64213 2.34202,
	6.61842 2.34794,
	6.61249 2.35091,
	6.60952 2.35091,
	6.59767 2.35832,
	6.58581 2.36277,
	6.57395 2.36425,
	6.55023 2.37314,
	6.5443 2.37759,
	6.53244 2.38204,
	6.50873 2.38204,
	6.49687 2.38204,
	6.48501 2.37907,
	6.46129 2.36277,
	6.43906 2.34053,
	6.43017 2.32867,
	6.42572 2.31682,
	6.40941 2.2931,
	6.38718 2.26938,
	6.38125 2.26345,
	6.37829 2.25753,
	6.37829 2.24567,
	6.37829 2.2427,
	"/>
</Transform>

<Transform dim="0"
 xcoef=" 0 1 0 0 0 0"
 ycoef=" 0 0 1 0 0 0">
<Contour name="d08" hidden="false" closed="true" simplified="true" border="1 0 0" fill="1 0.5 0" mode="11"
 points="5.61935 3.37962,
	5.62232 3.37369,
	5.6327 3.36183,
	5.64011 3.34997,
	5.64159 3.34404,
	5.63714 3.32033,
	5.63862 3.30847,
	5.64011 3.30254,
	5.66234 3.28327,
	5.66531 3.27734,
	5.66679 3.26548,
	5.68606 3.24176,
	5.69347 3.22991,
	5.70385 3.21953,
	5.72756 3.20915,
	5.73942 3.20026,
	5.74831 3.1884,
	5.75128 3.16469,
	5.75128 3.15283,
	5.76758 3.13059,
	5.77944 3.12911,
	5.78537 3.12911,
	5.7913 3.13208,
	5.80316 3.12911,
	5.80909 3.12615,
	5.82095 3.11429,
	5.82984 3.10539,
	5.8417 3.10243,
	5.85356 3.10243,
	5.86541 3.09502,
	5.87431 3.08316,
	5.88617 3.0713,
	5.90988 3.06093,
	5.95732 3.04758,
	5.96917 3.04462,
	5.98103 3.04462,
	6.02847 3.03276,
	6.05218 3.03128,
	6.0759 3.03276,
	6.09962 3.03869,
	6.12333 3.04017,
	6.17077 3.05203,
	6.18262 3.055,
	6.19448 3.055,
	6.2182 3.06093,
	6.24192 3.06389,
	6.25377 3.06389,
	6.26563 3.06834,
	6.31307 3.06685,
	6.32492 3.06834,
	6.34864 3.07871,
	6.37236 3.08612,
	6.37977 3.09798,
	6.38422 3.10391,
	6.39607 3.10836,
	6.402 3.11281,
	6.41238 3.13652,
	6.41979 3.16024,
	6.42572 3.1721,
	6.43461 3.18396,
	6.43906 3.18988,
	6.44351 3.20174,
	6.44795 3.20767,
	6.45092 3.21953,
	6.45092 3.23139,
	6.43461 3.27882,
	6.43461 3.29068,
	6.4272 3.30254,
	6.42127 3.30699,
	6.40941 3.30995,
	6.39756 3.31736,
	6.39311 3.34108,
	6.38866 3.35294,
	6.3768 3.36331,
	6.36495 3.37072,
	6.35012 3.39444,
	6.34123 3.4063,
	6.32937 3.41519,
	6.32344 3.41964,
	6.31158 3.44336,
	6.29528 3.46707,
	6.28935 3.473,
	6.24192 3.50116,
	6.2182 3.51599,
	6.19448 3.52488,
	6.18262 3.53229,
	6.17818 3.53822,
	6.17077 3.56194,
	6.1678 3.56787,
	6.14408 3.5649,
	6.13816 3.56639,
	6.12778 3.57528,
	6.12185 3.57973,
	6.09813 3.58714,
	6.07442 3.599,
	6.07145 3.60196,
	6.04774 3.60196,
	6.02402 3.599,
	5.97659 3.599,
	5.95287 3.59158,
	5.92915 3.58121,
	5.88172 3.56639,
	5.858 3.56194,
	5.81057 3.54563,
	5.78685 3.54119,
	5.73942 3.54119,
	5.72756 3.5397,
	5.7157 3.53526,
	5.70977 3.53378,
	5.69792 3.52488,
	5.6742 3.50265,
	5.66975 3.49672,
	5.66679 3.49375,
	5.66531 3.48782,
	5.66086 3.4819,
	5.64159 3.43446,
	5.6327 3.41075,
	5.62232 3.40037,
	5.61935 3.3974,
	5.61935 3.38555,
	5.61935 3.3811,
	"/>
</Transform>

<Transform dim="0"
 xcoef=" 0 1 0 0 0 0"
 ycoef=" 0 0 1 0 0 0">
<Contour name="d08" hidden="false" closed="true" simplified="true" border="1 0 0" fill="1 0.5 0" mode="11"
 points="6.70439 3.75908,
	6.71032 3.74722,
	6.71328 3.7413,
	6.71921 3.73537,
	6.73107 3.7324,
	6.737 3.73092,
	6.74738 3.72203,
	6.75034 3.7161,
	6.75627 3.71461,
	6.7622 3.7161,
	6.76368 3.71906,
	6.77554 3.71906,
	6.82297 3.70276,
	6.8289 3.69979,
	6.83187 3.69979,
	6.84372 3.69238,
	6.85558 3.68793,
	6.8793 3.67015,
	6.89116 3.66125,
	6.90302 3.65829,
	6.92673 3.65829,
	6.93859 3.65829,
	6.95045 3.66125,
	6.97417 3.67163,
	6.99788 3.68942,
	7.0216 3.71165,
	7.06903 3.74574,
	7.09127 3.76501,
	7.1387 3.7991,
	7.15056 3.80652,
	7.16242 3.81096,
	7.18613 3.82579,
	7.19799 3.83172,
	7.22171 3.83913,
	7.23357 3.84357,
	7.2395 3.84654,
	7.25135 3.85691,
	7.26321 3.86433,
	7.26914 3.86433,
	7.27211 3.86433,
	7.27507 3.86136,
	7.281 3.86136,
	7.29138 3.87174,
	7.31509 3.86877,
	7.32695 3.86877,
	7.33881 3.8747,
	7.35808 3.89694,
	7.36104 3.90286,
	7.36401 3.90583,
	7.3729 3.92955,
	7.37883 3.9414,
	7.38772 3.95326,
	7.39365 3.96512,
	7.40255 3.97698,
	7.40848 3.98884,
	7.41885 4.0007,
	7.43071 4.00663,
	7.43664 4.00959,
	7.43664 4.01552,
	7.43219 4.02145,
	7.38476 4.03034,
	7.36104 4.03034,
	7.34919 4.03034,
	7.34326 4.03034,
	7.31954 4.04368,
	7.29582 4.0422,
	7.27211 4.04368,
	7.26618 4.04665,
	7.21874 4.04813,
	7.21281 4.04961,
	7.20985 4.05258,
	7.20392 4.05258,
	7.19799 4.04961,
	7.1891 4.03775,
	7.17724 4.02738,
	7.17131 4.02293,
	7.16835 4.01997,
	7.15649 4.01552,
	7.14463 4.01404,
	7.0972 3.99921,
	7.07348 3.98587,
	7.06162 3.97994,
	7.05866 3.97698,
	7.03494 3.96809,
	6.98751 3.94289,
	6.96379 3.92658,
	6.95193 3.91621,
	6.94452 3.90435,
	6.92377 3.8836,
	6.91191 3.87618,
	6.88819 3.86729,
	6.87634 3.86284,
	6.8289 3.85543,
	6.81704 3.85098,
	6.79333 3.84802,
	6.76961 3.84061,
	6.74589 3.83023,
	6.72218 3.81245,
	6.71625 3.80652,
	6.70439 3.7991,
	6.70439 3.77539,
	6.70439 3.76353,
	6.70439 3.76057,
	"/>
</Transform>

<Transform dim="0"
 xcoef=" 0 1 0 0 0 0"
 ycoef=" 0 0 1 0 0 0">
<Contour name="d10" hidden="false" closed="true" simplified="true" border="0 1 1" fill="1 0.5 0" mode="11"
 points="4.95153 7.264,
	4.96472 7.25245,
	4.97792 7.24421,
	4.98452 7.21782,
	4.99606 7.20627,
	5.00926 7.20132,
	5.06204 7.19802,
	5.08843 7.18318,
	5.09503 7.18153,
	5.12142 7.16504,
	5.13461 7.15679,
	5.161 7.14854,
	5.1742 7.14524,
	5.22698 7.14524,
	5.25337 7.15184,
	5.26656 7.15679,
	5.27316 7.15679,
	5.27976 7.16009,
	5.28636 7.16009,
	5.29955 7.16504,
	5.35233 7.16504,
	5.37872 7.16504,
	5.39192 7.16504,
	5.39852 7.16504,
	5.4513 7.18813,
	5.46449 7.19472,
	5.47769 7.20462,
	5.50243 7.22936,
	5.51233 7.24256,
	5.51398 7.26895,
	5.51398 7.28214,
	5.50573 7.30853,
	5.49748 7.32173,
	5.48429 7.33328,
	5.47109 7.33657,
	5.4447 7.33657,
	5.4381 7.33657,
	5.42491 7.32998,
	5.39852 7.31183,
	5.37213 7.30029,
	5.36883 7.30029,
	5.36553 7.29699,
	5.33914 7.28544,
	5.32594 7.28049,
	5.29955 7.2772,
	5.19399 7.2772,
	5.1808 7.2772,
	5.16925 7.28709,
	5.1643 7.30029,
	5.1577 7.30688,
	5.15441 7.30853,
	5.15441 7.31183,
	5.14781 7.31843,
	5.14286 7.33163,
	5.14121 7.33822,
	5.14121 7.34152,
	5.12801 7.35307,
	5.12472 7.35307,
	5.11812 7.36626,
	5.11482 7.37286,
	5.10162 7.37781,
	5.08843 7.37946,
	5.08183 7.38111,
	5.07029 7.39265,
	5.05709 7.39265,
	5.05049 7.391,
	5.0373 7.38276,
	5.0241 7.37781,
	5.01421 7.36626,
	5.01256 7.35967,
	4.99936 7.35142,
	4.98617 7.34977,
	4.97297 7.34482,
	4.96637 7.33822,
	4.96472 7.31183,
	4.96307 7.29864,
	4.95648 7.29369,
	4.95153 7.28049,
	4.95153 7.2673,
	4.95153 7.26565,
	"/>
</Transform>

<Transform dim="0"
 xcoef=" 0 1 0 0 0 0"
 ycoef=" 0 0 1 0 0 0">
<Contour name="d10" hidden="false" closed="true" simplified="true" border="0 1 1" fill="1 0.5 0" mode="11"
 points="4.81957 6.436,
	4.82287 6.4294,
	4.82947 6.42445,
	4.85586 6.4162,
	4.86246 6.41126,
	4.91524 6.38816,
	5.0208 6.35353,
	5.04719 6.35023,
	5.09997 6.33208,
	5.12637 6.32384,
	5.15276 6.31889,
	5.16595 6.31889,
	5.17915 6.32384,
	5.19234 6.33208,
	5.19894 6.33538,
	5.20224 6.33868,
	5.21543 6.34363,
	5.22863 6.35188,
	5.25502 6.35353,
	5.26821 6.35518,
	5.2946 6.36672,
	5.3078 6.37827,
	5.32594 6.40466,
	5.32924 6.41126,
	5.32759 6.46404,
	5.32264 6.49043,
	5.3144 6.50362,
	5.3078 6.50857,
	5.2946 6.50692,
	5.26821 6.49538,
	5.25502 6.48713,
	5.24182 6.48383,
	5.21543 6.48383,
	5.20224 6.48548,
	5.19564 6.48878,
	5.16925 6.48878,
	5.15605 6.48548,
	5.14286 6.48548,
	5.11647 6.49702,
	5.10327 6.50032,
	5.07688 6.49867,
	5.07029 6.49538,
	5.0175 6.49867,
	4.96472 6.49538,
	4.93833 6.48713,
	4.92514 6.47888,
	4.91194 6.47393,
	4.88555 6.47228,
	4.87236 6.47228,
	4.85916 6.47558,
	4.84597 6.47558,
	4.83937 6.47558,
	4.82617 6.46734,
	4.81957 6.46239,
	4.81957 6.43765,
	"/>
</Transform>

<Transform dim="0"
 xcoef=" 0 1 0 0 0 0"
 ycoef=" 0 0 1 0 0 0">
<Contour name="d10" hidden="false" closed="true" simplified="true" border="0 1 1" fill="1 0.5 0" mode="11"
 points="5.34739 6.92257,
	5.36058 6.91433,
	5.37378 6.91103,
	5.38037 6.90773,
	5.38367 6.90773,
	5.43645 6.86319,
	5.44305 6.8566,
	5.45625 6.84835,
	5.46284 6.84505,
	5.46614 6.84175,
	5.47934 6.8401,
	5.48759 6.81371,
	5.49253 6.80052,
	5.49418 6.77413,
	5.49088 6.76093,
	5.46614 6.70815,
	5.45955 6.69495,
	5.45625 6.68176,
	5.44965 6.66856,
	5.4447 6.66197,
	5.44305 6.64877,
	5.43316 6.62238,
	5.42986 6.60918,
	5.42656 6.60259,
	5.41336 6.58939,
	5.38697 6.57455,
	5.38697 6.56135,
	5.39852 6.5531,
	5.42491 6.54321,
	5.4513 6.52836,
	5.47769 6.51847,
	5.50408 6.50032,
	5.51728 6.49208,
	5.53047 6.48713,
	5.55686 6.48383,
	5.57006 6.47888,
	5.57665 6.47228,
	5.60304 6.46074,
	5.62944 6.45249,
	5.64263 6.44589,
	5.66737 6.4195,
	5.67892 6.40961,
	5.7317 6.38816,
	5.75809 6.38157,
	5.78448 6.37992,
	5.79767 6.37662,
	5.80427 6.37497,
	5.81417 6.36177,
	5.84056 6.34693,
	5.86695 6.33538,
	5.97251 6.33703,
	5.9989 6.33703,
	6.05168 6.34198,
	6.06488 6.34198,
	6.09127 6.35023,
	6.11766 6.35188,
	6.13086 6.35023,
	6.15725 6.35353,
	6.21003 6.37662,
	6.23642 6.39311,
	6.26281 6.4129,
	6.2727 6.4261,
	6.27765 6.4393,
	6.29415 6.46569,
	6.30734 6.47723,
	6.31064 6.48053,
	6.32384 6.48383,
	6.35023 6.47888,
	6.35682 6.47558,
	6.38322 6.47558,
	6.38981 6.47558,
	6.40301 6.48383,
	6.4162 6.49538,
	6.42445 6.50857,
	6.42775 6.52177,
	6.4294 6.54816,
	6.4327 6.56135,
	6.4327 6.58774,
	6.43105 6.60094,
	6.436 6.62733,
	6.44754 6.64052,
	6.45084 6.64382,
	6.46404 6.64712,
	6.47063 6.65042,
	6.47228 6.66361,
	6.46734 6.67681,
	6.45744 6.69001,
	6.45249 6.6966,
	6.44754 6.7098,
	6.44424 6.7164,
	6.44424 6.74279,
	6.44259 6.75598,
	6.43105 6.78072,
	6.40466 6.79887,
	6.35188 6.81536,
	6.32549 6.81701,
	6.2991 6.81536,
	6.2727 6.81701,
	6.25951 6.81701,
	6.20673 6.83185,
	6.18034 6.83845,
	6.16714 6.8434,
	6.15395 6.85165,
	6.10117 6.87144,
	6.07478 6.88134,
	6.04839 6.89783,
	6.03519 6.90608,
	6.02199 6.91103,
	6.0088 6.91268,
	5.95602 6.93247,
	5.92963 6.94401,
	5.91643 6.95226,
	5.90983 6.95721,
	5.88344 6.96216,
	5.87025 6.96711,
	5.85705 6.97535,
	5.80427 7.01659,
	5.75149 7.03473,
	5.7251 7.04298,
	5.69871 7.05782,
	5.68552 7.06112,
	5.65912 7.06112,
	5.65253 7.05947,
	5.63933 7.04958,
	5.62944 7.03803,
	5.62284 7.03143,
	5.59645 7.02154,
	5.57006 7.01659,
	5.51728 6.99845,
	5.49088 6.9869,
	5.46449 6.97865,
	5.4381 6.977,
	5.42491 6.977,
	5.41831 6.977,
	5.40512 6.98195,
	5.39192 6.9803,
	5.37872 6.97535,
	5.37213 6.97205,
	5.35233 6.94566,
	5.34739 6.93247,
	5.34739 6.92587,
	5.34739 6.92422,
	"/>
</Transform>

<Transform dim="0"
 xcoef=" 0 1 0 0 0 0"
 ycoef=" 0 0 1 0 0 0">
<Contour name="d01p32" hidden="false" closed="true" simplified="false" border="1 0 0.5" fill="1 0 0.5" mode="-13"
 points="1.66684 4.97424,
	1.71544 4.97424,
	1.69114 5.01879,
	"/>
</Transform>

<Transform dim="0"
 xcoef=" 0 1 0 0 0 0"
 ycoef=" 0 0 1 0 0 0">
<Contour name="d01p33" hidden="false" closed="true" simplified="false" border="1 0 0" fill="1 0 0" mode="-13"
 points="0.820438 5.03904,
	0.840687 5.01069,
	0.820438 4.98234,
	0.832587 4.98234,
	0.848786 5.00664,
	0.864985 4.98234,
	0.877134 4.98234,
	0.856886 5.01069,
	0.877134 5.03904,
	0.864985 5.03904,
	0.848786 5.01474,
	0.832587 5.03904,
	"/>
</Transform>

<Transform dim="0"
 xcoef=" 0 1 0 0 0 0"
 ycoef=" 0 0 1 0 0 0">
<Contour name="d01p34" hidden="false" closed="true" simplified="false" border="1 1 0" fill="1 1 0" mode="-13"
 points="1.23351 4.59356,
	1.23351 4.52876,
	1.16872 4.52876,
	1.16872 4.58546,
	1.16062 4.59356,
	1.16062 4.52067,
	1.24161 4.52067,
	1.24161 4.60166,
	1.16062 4.60166,
	1.16872 4.59356,
	"/>
</Transform>

<Transform dim="0"
 xcoef=" 0 1 0 0 0 0"
 ycoef=" 0 0 1 0 0 0">
<Contour name="d01c32" hidden="false" closed="true" simplified="true" border="1 0 0" fill="1 0 0" mode="11"
 points="1.87387 5.43815,
	1.88552 5.41486,
	1.8928 5.40321,
	1.90299 5.39156,
	1.91755 5.36827,
	1.93502 5.32167,
	1.94521 5.29838,
	1.94958 5.28673,
	1.95686 5.27508,
	1.96851 5.26343,
	1.98016 5.25907,
	1.99181 5.25907,
	2.00345 5.26343,
	2.0151 5.27217,
	2.02675 5.28382,
	2.03112 5.28964,
	2.03257 5.31294,
	2.03257 5.32459,
	2.03257 5.33041,
	2.02093 5.35371,
	2.00637 5.377,
	1.98453 5.39884,
	1.97579 5.41049,
	1.96997 5.42214,
	1.96705 5.43379,
	1.9656 5.43961,
	1.94376 5.45999,
	1.92337 5.48329,
	1.91173 5.49348,
	1.9059 5.49639,
	1.89425 5.49639,
	1.88843 5.49494,
	1.87824 5.48475,
	1.87533 5.47892,
	1.87387 5.45563,
	1.87387 5.44398,
	1.87387 5.43961,
	"/>
</Transform>

<Transform dim="0"
 xcoef=" 0 1 0 0 0 0"
 ycoef=" 0 0 1 0 0 0">
<Contour name="d01cfa32" hidden="false" closed="false" simplified="false" border="0 0 1" fill="0 0 1" mode="11"
 points="1.88821 5.48961,
	1.91442 5.46486,
	1.94791 5.4139,
	1.97994 5.34547,
	1.99159 5.31489,
	2.00469 5.26539,
	"/>
</Transform>

<Transform dim="0"
 xcoef=" 0 1 0 0 0 0"
 ycoef=" 0 0 1 0 0 0">
<Contour name="d05p40" hidden="false" closed="true" simplified="false" border="1 0 0" fill="1 0 0" mode="11"
 points="5.07322 4.79833,
	5.05431 4.79833,
	5.05431 4.80779,
	5.06377 4.81724,
	5.09214 4.8267,
	5.07322 4.83616,
	5.06377 4.85508,
	5.04485 4.83616,
	5.03539 4.81724,
	5.03539 4.79833,
	5.01648 4.79833,
	5.04485 4.77941,
	"/>
</Transform>

<Transform dim="0"
 xcoef=" 0 1 0 0 0 0"
 ycoef=" 0 0 1 0 0 0">
<Contour name="d05c38a" hidden="false" closed="true" simplified="true" border="1 0 0" fill="1 0 0" mode="11"
 points="3.34499 4.74723,
	3.35009 4.73704,
	3.35264 4.69624,
	3.36029 4.67585,
	3.36539 4.66565,
	3.38578 4.65035,
	3.42657 4.65035,
	3.43677 4.65035,
	3.43932 4.67075,
	3.43422 4.69114,
	3.42403 4.71154,
	3.42148 4.72174,
	3.41383 4.73194,
	3.40873 4.75233,
	3.40873 4.76253,
	3.39088 4.80332,
	3.38323 4.81097,
	3.36284 4.81097,
	3.34499 4.79313,
	3.34499 4.75233,
	3.34499 4.74978,
	"/>
</Transform>

<Transform dim="1"
 xcoef=" -0.01 1 0 0 0 0"
 ycoef=" 0 0 1 0 0 0">
<Contour name="d05cfa38a" hidden="false" closed="true" simplified="true" border="0 0 1" fill="1 0 0" mode="11"
 points="3.34499 4.74723,
	3.35009 4.73704,
	3.35264 4.69624,
	3.36029 4.67585,
	3.36539 4.66565,
	3.38578 4.65035,
	3.42657 4.65035,
	3.43677 4.65035,
	3.43932 4.67075,
	3.43422 4.69114,
	3.42403 4.71154,
	3.42148 4.72174,
	3.41383 4.73194,
	3.40873 4.75233,
	3.40873 4.76253,
	3.39088 4.80332,
	3.38323 4.81097,
	3.36284 4.81097,
	3.34499 4.79313,
	3.34499 4.75233,
	3.34499 4.74978,
	"/>
<Contour name="d05cfa38a" hidden="false" closed="false" simplified="false" border="0 0 1" fill="0 0 1" mode="11"
 points="3.40101 4.6473,
	3.38316 4.65239,
	3.36531 4.66259,
	3.35511 4.68044,
	3.34746 4.71358,
	3.33982 4.74673,
	3.33982 4.77222,
	3.34237 4.79007,
	3.35256 4.80027,
	3.36531 4.80537,
	"/>
</Transform>

<Transform dim="0"
 xcoef=" 0 1 0 0 0 0"
 ycoef=" 0 0 1 0 0 0">
<Contour name="d05c39" hidden="false" closed="true" simplified="true" border="1 0 0" fill="1 0 0" mode="11"
 points="5.19095 3.77366,
	5.19383 3.76214,
	5.19959 3.75782,
	5.21111 3.75782,
	5.21688 3.7607,
	5.21976 3.7607,
	5.23128 3.77078,
	5.23992 3.78231,
	5.27737 3.87449,
	5.28457 3.88601,
	5.30474 3.90906,
	5.31482 3.92058,
	5.3177 3.92634,
	5.3177 3.9321,
	5.3105 3.94218,
	5.30618 3.9465,
	5.29465 3.94506,
	5.28313 3.94074,
	5.26441 3.91914,
	5.25 3.87305,
	5.24568 3.86152,
	5.23848 3.85,
	5.22696 3.8428,
	5.2212 3.83992,
	5.21111 3.8284,
	5.19671 3.80535,
	5.19239 3.79383,
	5.19095 3.78231,
	5.19095 3.77655,
	5.19095 3.7751,
	"/>
</Transform>

<Transform dim="0"
 xcoef=" 0 1 0 0 0 0"
 ycoef=" 0 0 1 0 0 0">
<Contour name="d05cfa39" hidden="false" closed="false" simplified="false" border="0 0 1" fill="1 0 0" mode="11"
 points="5.3116 3.93411,
	5.28711 3.89522,
	5.26263 3.86065,
	5.2511 3.83472,
	5.23814 3.82176,
	5.22518 3.81168,
	5.22086 3.78719,
	5.21797 3.76127,
	"/>
</Transform>

<Transform dim="0"
 xcoef=" 0 1 0 0 0 0"
 ycoef=" 0 0 1 0 0 0">
<Contour name="d05c40" hidden="false" closed="true" simplified="true" border="1 0 0" fill="1 0 0" mode="11"
 points="5.57757 4.63002,
	5.585 4.62444,
	5.61473 4.62444,
	5.6296 4.62444,
	5.68905 4.64116,
	5.70391 4.64488,
	5.73364 4.65974,
	5.7355 4.67461,
	5.73364 4.68947,
	5.73178 4.6969,
	5.72807 4.70062,
	5.69834 4.69876,
	5.66861 4.68947,
	5.63889 4.68947,
	5.60916 4.67832,
	5.59429 4.67089,
	5.58129 4.65789,
	5.57757 4.65045,
	5.57757 4.63559,
	5.57757 4.63188,
	"/>
</Transform>

<Transform dim="0"
 xcoef=" 0 1 0 0 0 0"
 ycoef=" 0 0 1 0 0 0">
<Contour name="d05cfa40" hidden="false" closed="false" simplified="false" border="0 0 1" fill="0 0 1" mode="11"
 points="5.73871 4.68144,
	5.70898 4.66658,
	5.66067 4.64614,
	5.61051 4.63313,
	5.58264 4.62942,
	"/>
</Transform>

<Transform dim="0"
 xcoef=" 0 1 0 0 0 0"
 ycoef=" 0 0 1 0 0 0">
<Contour name="d07p42" hidden="false" closed="true" simplified="false" border="1 0 0" fill="1 0 0" mode="11"
 points="1.84476 1.93034,
	1.84476 1.85714,
	1.77156 1.85714,
	1.77156 1.92119,
	1.76241 1.93034,
	1.76241 1.84799,
	1.85391 1.84799,
	1.85391 1.93949,
	1.76241 1.93949,
	1.77156 1.93034,
	"/>
</Transform>

<Transform dim="0"
 xcoef=" 0 1 0 0 0 0"
 ycoef=" 0 0 1 0 0 0">
<Contour name="d08c21" hidden="false" closed="true" simplified="true" border="1 0 0" fill="1 0 0" mode="11"
 points="6.97589 3.67886,
	6.98195 3.67279,
	6.99811 3.67279,
	7.03043 3.6829,
	7.06276 3.70108,
	7.07892 3.70916,
	7.11124 3.73138,
	7.1274 3.73542,
	7.14357 3.7435,
	7.17387 3.77381,
	7.17589 3.78997,
	7.17185 3.80613,
	7.16781 3.81017,
	7.13548 3.80815,
	7.07084 3.78189,
	7.05467 3.77381,
	7.02235 3.74552,
	7.00821 3.7334,
	6.97589 3.7031,
	6.97589 3.68694,
	6.97589 3.68088,
	"/>
</Transform>

<Transform dim="1"
 xcoef=" -0.01 1 0 0 0 0"
 ycoef=" 0 0 1 0 0 0">
<Contour name="d08cfa21" hidden="false" closed="true" simplified="true" border="0 0 1" fill="1 0 0" mode="11"
 points="6.97589 3.67886,
	6.98195 3.67279,
	6.99811 3.67279,
	7.03043 3.6829,
	7.06276 3.70108,
	7.07892 3.70916,
	7.11124 3.73138,
	7.1274 3.73542,
	7.14357 3.7435,
	7.17387 3.77381,
	7.17589 3.78997,
	7.17185 3.80613,
	7.16781 3.81017,
	7.13548 3.80815,
	7.07084 3.78189,
	7.05467 3.77381,
	7.02235 3.74552,
	7.00821 3.7334,
	6.97589 3.7031,
	6.97589 3.68694,
	6.97589 3.68088,
	"/>
</Transform>

<Transform dim="0"
 xcoef=" 0 1 0 0 0 0"
 ycoef=" 0 0 1 0 0 0">
<Contour name="d08cfa21" hidden="false" closed="false" simplified="false" border="0 0 1" fill="1 0 0" mode="11"
 points="7.15708 3.80941,
	7.17526 3.80537,
	7.1793 3.77708,
	7.13688 3.74072,
	7.09849 3.72658,
	7.03991 3.68617,
	7.00152 3.67405,
	"/>
</Transform>

<Transform dim="0"
 xcoef=" 0 1 0 0 0 0"
 ycoef=" 0 0 1 0 0 0">
<Contour name="d10c34" hidden="false" closed="true" simplified="true" border="1 0 0" fill="1 0 1" mode="11"
 points="4.88213 6.38513,
	4.8989 6.37255,
	5.03306 6.32434,
	5.10014 6.30547,
	5.11691 6.30128,
	5.15045 6.30128,
	5.15464 6.30547,
	5.15464 6.32224,
	5.13997 6.33901,
	5.13158 6.3453,
	5.11481 6.35159,
	5.11901 6.35369,
	5.10224 6.35578,
	4.96808 6.4019,
	4.93454 6.41029,
	4.91777 6.41448,
	4.901 6.41448,
	4.89261 6.41448,
	4.88632 6.40609,
	4.88213 6.4019,
	4.88213 6.38723,
	"/>
</Transform>

<Transform dim="0"
 xcoef=" 0 1 0 0 0 0"
 ycoef=" 0 0 1 0 0 0">
<Contour name="d10cfa34" hidden="false" closed="false" simplified="false" border="0 0 1" fill="1 0 1" mode="11"
 points="4.88455 6.39251,
	5.15287 6.30656,
	"/>
</Transform>

<Transform dim="0"
 xcoef=" 0 1 0 0 0 0"
 ycoef=" 0 0 1 0 0 0">
<Contour name="d01mito03" hidden="false" closed="true" simplified="true" border="1 0 0" fill="1 0 0" mode="11"
 points="1.24322 4.89396,
	1.24599 4.88842,
	1.25706 4.87873,
	1.26122 4.87319,
	1.26398 4.87043,
	1.26537 4.85935,
	1.26675 4.85381,
	1.28752 4.8372,
	1.2986 4.83028,
	1.32075 4.82197,
	1.33182 4.81782,
	1.35397 4.8192,
	1.36505 4.82612,
	1.40935 4.82751,
	1.42043 4.82751,
	1.4315 4.83028,
	1.43704 4.83028,
	1.45919 4.84412,
	1.47026 4.84689,
	1.4758 4.84827,
	1.48688 4.85935,
	1.50903 4.86904,
	1.5201 4.87873,
	1.52703 4.88981,
	1.53533 4.91196,
	1.53672 4.92303,
	1.54779 4.94518,
	1.54779 4.95626,
	1.54779 4.9618,
	1.51595 5.0061,
	1.50626 5.01718,
	1.48411 5.0324,
	1.47303 5.03656,
	1.46196 5.04348,
	1.45642 5.04902,
	1.36782 5.04763,
	1.34567 5.04071,
	1.33459 5.03656,
	1.32352 5.02825,
	1.30136 5.02133,
	1.29029 5.01579,
	1.28198 5.00472,
	1.25845 4.96041,
	1.25014 4.94934,
	1.24599 4.93826,
	1.24322 4.93273,
	1.24322 4.91057,
	1.24322 4.8995,
	1.24322 4.89535,
	"/>
</Transform>

<Transform dim="0"
 xcoef=" 0 1 0 0 0 0"
 ycoef=" 0 0 1 0 0 0">
<Contour name="d01ser" hidden="false" closed="true" simplified="true" border="0.251 0.502 0.502" fill="0 0.502 0.502" mode="-9"
 points="1.11095 4.58697,
	1.12708 4.58294,
	1.15934 4.58294,
	1.17547 4.59504,
	1.18959 4.61117,
	1.20572 4.62125,
	1.22185 4.62528,
	1.22991 4.6273,
	1.24604 4.6394,
	1.26217 4.64343,
	1.26621 4.64746,
	1.26621 4.65553,
	1.25008 4.66359,
	1.24201 4.66762,
	1.23798 4.67166,
	1.20572 4.67569,
	1.19765 4.67569,
	1.19362 4.67569,
	1.16338 4.65351,
	1.15934 4.64948,
	1.15934 4.64141,
	1.15128 4.62528,
	1.11902 4.60512,
	1.11297 4.59705,
	1.11095 4.58899,
	"/>
<Contour name="d01ser" hidden="false" closed="true" simplified="true" border="0.251 0.502 0.502" fill="0 0.502 0.502" mode="-9"
 points="0.991996 4.78658,
	0.998045 4.77852,
	1.0303 4.77045,
	1.04643 4.76844,
	1.07869 4.75432,
	1.10894 4.72811,
	1.12305 4.71601,
	1.13918 4.71803,
	1.1533 4.73013,
	1.15128 4.73214,
	1.15531 4.73416,
	1.15531 4.73819,
	1.13918 4.75029,
	1.1291 4.76642,
	1.12507 4.77448,
	1.10894 4.78457,
	1.07668 4.79666,
	1.06055 4.8007,
	1.02829 4.8007,
	1.01216 4.8007,
	1.00409 4.79868,
	1.00006 4.79868,
	0.991996 4.79263,
	0.991996 4.7886,
	"/>
</Transform>

<Transform dim="0"
 xcoef=" 0 1 0 0 0 0"
 ycoef=" 0 0 1 0 0 0">
<Contour name="d01ser" hidden="false" closed="true" simplified="true" border="0.251 0.502 0.502" fill="0 0.502 0.502" mode="-9"
 points="1.21983 5.00635,
	1.23596 5.0003,
	1.25209 5.0003,
	1.26016 5.0003,
	1.26419 5.0003,
	1.27225 5.00837,
	1.27427 5.0245,
	1.25814 5.0366,
	1.25612 5.03861,
	1.25411 5.0366,
	1.25008 5.04063,
	1.23395 5.04063,
	1.22386 5.0245,
	1.21983 5.00837,
	"/>
</Transform>

<Transform dim="0"
 xcoef=" 0 1 0 0 0 0"
 ycoef=" 0 0 1 0 0 0">
<Contour name="d01ser" hidden="false" closed="true" simplified="true" border="0.251 0.502 0.502" fill="0 0.502 0.502" mode="-9"
 points="1.60695 4.92369,
	1.62308 4.92167,
	1.6372 4.93377,
	1.6372 4.94183,
	1.6372 4.94587,
	1.62913 4.9499,
	1.62107 4.9499,
	1.60897 4.93578,
	1.60695 4.92772,
	1.60695 4.9257,
	"/>
</Transform>

<Transform dim="0"
 xcoef=" 0 1 0 0 0 0"
 ycoef=" 0 0 1 0 0 0">
<Contour name="d01" hidden="false" closed="true" simplified="true" border="1 1 0" fill="1 0.5 0" mode="11"
 points="0.276226 5.40355,
	0.292357 5.38944,
	0.294373 5.38138,
	0.294373 5.37734,
	0.286308 5.37129,
	0.284292 5.35516,
	0.296389 5.33903,
	0.298405 5.33097,
	0.310503 5.31484,
	0.318568 5.30677,
	0.332682 5.27451,
	0.340747 5.26847,
	0.405267 5.26645,
	0.421397 5.26242,
	0.453657 5.24427,
	0.469787 5.23217,
	0.534307 5.23016,
	0.566567 5.21806,
	0.582697 5.20395,
	0.586729 5.19991,
	0.584713 5.18378,
	0.568583 5.15152,
	0.554469 5.13539,
	0.522209 5.11523,
	0.489949 5.10918,
	0.457689 5.10918,
	0.453657 5.10717,
	0.485917 5.087,
	0.518177 5.07491,
	0.550437 5.05474,
	0.614957 5.02853,
	0.631087 5.02047,
	0.663347 4.99022,
	0.727867 4.96603,
	0.760127 4.95595,
	0.792387 4.93982,
	0.808517 4.93175,
	0.840777 4.90554,
	0.897232 4.84102,
	0.90933 4.82489,
	0.917395 4.81683,
	0.953687 4.75231,
	0.979898 4.68779,
	1.00006 4.62327,
	1.00409 4.60714,
	1.01619 4.59302,
	1.04845 4.57286,
	1.08071 4.55673,
	1.09281 4.5406,
	1.09886 4.53253,
	1.10289 4.5164,
	1.09886 4.45188,
	1.09482 4.41962,
	1.08676 4.38736,
	1.08273 4.37123,
	1.04643 4.30671,
	1.0424 4.29865,
	1.04039 4.28252,
	1.03434 4.26639,
	1.03635 4.20187,
	1.03837 4.1938,
	1.03837 4.18977,
	1.05248 4.17566,
	1.06055 4.17364,
	1.07668 4.17767,
	1.10491 4.24219,
	1.11297 4.25832,
	1.117 4.26639,
	1.14321 4.29865,
	1.1533 4.31478,
	1.15934 4.33091,
	1.18959 4.35914,
	1.19765 4.36519,
	1.20572 4.39745,
	1.20975 4.41358,
	1.22588 4.44584,
	1.23193 4.46197,
	1.24201 4.4781,
	1.30451 4.51439,
	1.33677 4.53052,
	1.34484 4.53253,
	1.3771 4.55471,
	1.40936 4.57084,
	1.42347 4.58092,
	1.42952 4.59705,
	1.43154 4.60512,
	1.44767 4.60714,
	1.45573 4.60915,
	1.45977 4.60915,
	1.47186 4.62528,
	1.50412 4.64544,
	1.56864 4.65149,
	1.6009 4.66561,
	1.61703 4.67166,
	1.68155 4.66762,
	1.71381 4.65754,
	1.74607 4.6394,
	1.7622 4.63738,
	1.77027 4.63536,
	1.77833 4.63738,
	1.77632 4.66964,
	1.78035 4.7019,
	1.79446 4.73416,
	1.80253 4.75029,
	1.81059 4.78255,
	1.80455 4.81481,
	1.77632 4.87933,
	1.76825 4.89546,
	1.7622 4.95998,
	1.75616 4.99224,
	1.75414 5.0245,
	1.75616 5.04063,
	1.75616 5.04869,
	1.76019 5.05676,
	1.77632 5.06886,
	1.80858 5.08499,
	1.82471 5.09507,
	1.85697 5.1233,
	1.8731 5.13539,
	1.90536 5.13943,
	1.92149 5.14144,
	1.95375 5.16362,
	1.98601 5.17572,
	2.00214 5.18378,
	2.01625 5.19991,
	2.02432 5.21403,
	2.00617 5.24629,
	1.99811 5.26242,
	1.99004 5.29468,
	1.97593 5.32694,
	1.96786 5.34307,
	1.96383 5.3592,
	1.92754 5.42372,
	1.90939 5.45598,
	1.88318 5.48622,
	1.85092 5.50638,
	1.84285 5.51042,
	1.82672 5.51243,
	1.81059 5.51042,
	1.77833 5.49429,
	1.74809 5.46807,
	1.71986 5.43581,
	1.68962 5.37129,
	1.68155 5.35516,
	1.67752 5.3471,
	1.67551 5.31484,
	1.65736 5.25032,
	1.64526 5.21806,
	1.64325 5.20193,
	1.64728 5.13741,
	1.63518 5.10515,
	1.62913 5.08902,
	1.61502 5.07289,
	1.58276 5.06079,
	1.51824 5.06281,
	1.45372 5.07087,
	1.44565 5.07289,
	1.38113 5.06079,
	1.31661 5.05474,
	1.28435 5.04668,
	1.27629 5.04466,
	1.21177 5.06079,
	1.19564 5.06482,
	1.0666 5.07087,
	1.00208 5.08095,
	0.937557 5.08095,
	0.905297 5.08499,
	0.840777 5.0991,
	0.808517 5.10313,
	0.792387 5.10717,
	0.760127 5.10918,
	0.756094 5.10918,
	0.723834 5.14144,
	0.713753 5.15757,
	0.703672 5.18983,
	0.693591 5.20596,
	0.677461 5.22008,
	0.661331 5.23016,
	0.653266 5.23217,
	0.637136 5.24427,
	0.621006 5.25032,
	0.604876 5.26443,
	0.598827 5.29669,
	0.582697 5.32895,
	0.574632 5.36121,
	0.562534 5.39347,
	0.552453 5.4096,
	0.536323 5.41968,
	0.471803 5.4459,
	0.463738 5.45194,
	0.463738 5.45598,
	0.455673 5.46404,
	0.391153 5.48622,
	0.326633 5.48824,
	0.310503 5.48824,
	0.302438 5.48824,
	0.294373 5.48219,
	0.29034 5.44993,
	0.29034 5.44186,
	0.276226 5.4096,
	0.276226 5.40557,
	"/>
</Transform>

<Transform dim="0"
 xcoef=" 0 1 0 0 0 0"
 ycoef=" 0 0 1 0 0 0">
<Contour name="d01ser" hidden="false" closed="true" simplified="true" border="0.251 0.502 0.502" fill="0 0.502 0.502" mode="-9"
 points="1.67551 4.78658,
	1.69164 4.78457,
	1.70777 4.79061,
	1.71583 4.79666,
	1.71583 4.80473,
	1.71583 4.80876,
	1.7118 4.81279,
	1.71381 4.81683,
	1.69768 4.81884,
	1.68155 4.80271,
	1.67551 4.79465,
	1.67551 4.7886,
	"/>
</Transform>

<Transform dim="0"
 xcoef=" 0 1 0 0 0 0"
 ycoef=" 0 0 1 0 0 0">
<Contour name="d01ser" hidden="false" closed="true" simplified="true" border="0.251 0.502 0.502" fill="0 0.502 0.502" mode="-9"
 points="0.959736 5.00837,
	0.975866 5.00635,
	0.983931 5.00837,
	0.98998 5.01442,
	0.98998 5.01845,
	1.00611 5.02853,
	1.00611 5.0366,
	1.00208 5.04466,
	0.994012 5.04265,
	0.985947 5.0366,
	0.969817 5.03458,
	0.961752 5.03458,
	0.959736 5.01845,
	0.959736 5.01039,
	"/>
</Transform>

<Transform dim="0"
 xcoef=" 0 1 0 0 0 0"
 ycoef=" 0 0 1 0 0 0">
<Contour name="d01" hidden="false" closed="true" simplified="true" border="1 1 0" fill="1 0.5 0" mode="11"
 points="2.30951 4.63851,
	2.31168 4.62985,
	2.31168 4.62552,
	2.32683 4.60821,
	2.34198 4.59738,
	2.35064 4.59738,
	2.3593 4.59305,
	2.37661 4.59305,
	2.38527 4.59305,
	2.3896 4.59305,
	2.39176 4.58873,
	2.4264 4.61037,
	2.44371 4.62769,
	2.44804 4.63418,
	2.4567 4.64284,
	2.46319 4.66015,
	2.46319 4.67747,
	2.4567 4.69479,
	2.44371 4.70994,
	2.4264 4.72076,
	2.41774 4.72509,
	2.38311 4.72725,
	2.36579 4.72292,
	2.34847 4.71427,
	2.33116 4.70128,
	2.32034 4.68613,
	2.30951 4.6515,
	2.30951 4.64284,
	2.30951 4.64067,
	"/>
</Transform>

<Transform dim="0"
 xcoef=" 0 1 0 0 0 0"
 ycoef=" 0 0 1 0 0 0">
<Contour name="d01c33b" hidden="false" closed="true" simplified="true" border="1 0 0" fill="0 1 0" mode="11"
 points="0.432899 5.46534,
	0.441557 5.44803,
	0.474024 5.42855,
	0.49134 5.42206,
	0.499998 5.41773,
	0.508656 5.40907,
	0.525972 5.40907,
	0.53463 5.40907,
	0.543288 5.4134,
	0.541123 5.43071,
	0.532465 5.43937,
	0.499998 5.45885,
	0.49134 5.46102,
	0.474024 5.474,
	0.456708 5.4805,
	0.44805 5.4805,
	0.432899 5.46751,
	"/>
<Contour name="d01cfa33b" hidden="false" closed="false" simplified="false" border="0 0 1" fill="0 0.502 1" mode="11"
 points="0.542492 5.41422,
	0.497037 5.43154,
	0.473228 5.44669,
	0.438596 5.46617,
	"/>
</Transform>

<Transform dim="0"
 xcoef=" 0 1 0 0 0 0"
 ycoef=" 0 0 1 0 0 0">
<Contour name="d02ser" hidden="false" closed="true" simplified="true" border="0.251 0.502 0.502" fill="0 0.502 0.502" mode="-9"
 points="3.07685 2.33889,
	3.08905 2.3267,
	3.10125 2.3267,
	3.11649 2.35109,
	3.11344 2.36329,
	3.08905 2.36329,
	3.07685 2.35414,
	3.07685 2.34194,
	"/>
<Contour name="d02ser" hidden="false" closed="true" simplified="true" border="0.251 0.502 0.502" fill="0 0.502 0.502" mode="-9"
 points="3.0738 2.17423,
	3.0982 2.17118,
	3.11954 2.18642,
	3.12259 2.19862,
	3.12259 2.20472,
	3.11649 2.21082,
	3.1043 2.21082,
	3.0799 2.19252,
	3.0738 2.18033,
	3.0738 2.17728,
	"/>
</Transform>

<Transform dim="0"
 xcoef=" 0 1 0 0 0 0"
 ycoef=" 0 0 1 0 0 0">
<Contour name="d01MT1" hidden="false" closed="true" simplified="false" border="1 0.501961 0" fill="1 0.498039 0" mode="-9"
 points="1.12499 5.01975,
	1.12499 5.01389,
	1.13085 5.00803,
	1.13671 5.00803,
	1.14256 5.01389,
	1.14256 5.01975,
	1.13671 5.0256,
	1.13085 5.0256,
	"/>
</Transform>

<Transform dim="0"
 xcoef=" 0 1 0 0 0 0"
 ycoef=" 0 0 1 0 0 0">
<Contour name="d01MT3" hidden="false" closed="true" simplified="false" border="1 0.501961 0" fill="1 0.498039 0" mode="-9"
 points="1.60566 4.86286,
	1.60566 4.85619,
	1.61233 4.84952,
	1.619 4.84952,
	1.62566 4.85619,
	1.62566 4.86286,
	1.619 4.86952,
	1.61233 4.86952,
	"/>
</Transform>

<Transform dim="0"
 xcoef=" 0 1 0 0 0 0"
 ycoef=" 0 0 1 0 0 0">
<Contour name="d01MT5" hidden="false" closed="true" simplified="false" border="1 0.502 0" fill="1 0.498 0" mode="-9"
 points="1.0367 4.92977,
	1.0367 4.9232,
	1.04327 4.91663,
	1.04984 4.91663,
	1.0564 4.9232,
	1.0564 4.92977,
	1.04984 4.93633,
	1.04327 4.93633,
	"/>
</Transform>

<Transform dim="0"
 xcoef=" 0 1 0 0 0 0"
 ycoef=" 0 0 1 0 0 0">
<Contour name="d01MT6" hidden="false" closed="true" simplified="false" border="1 0.502 0" fill="1 0.498 0" mode="-9"
 points="1.20651 4.8687,
	1.20651 4.86286,
	1.21235 4.85701,
	1.2182 4.85701,
	1.22405 4.86286,
	1.22405 4.8687,
	1.2182 4.87455,
	1.21235 4.87455,
	"/>
</Transform>

<Transform dim="1"
 xcoef=" -0.05 1 0 0 0 0"
 ycoef=" 0.04 0 1 0 0 0">
<Contour name="d01MT2" hidden="false" closed="true" simplified="false" border="1 0.501961 0" fill="1 0.498039 0" mode="-9"
 points="1.46707 4.74216,
	1.46707 4.73572,
	1.47351 4.72929,
	1.47994 4.72929,
	1.48638 4.73572,
	1.48638 4.74216,
	1.47994 4.74859,
	1.47351 4.74859,
	"/>
</Transform>

<Transform dim="0"
 xcoef=" 0 1 0 0 0 0"
 ycoef=" 0 0 1 0 0 0">
<Contour name="d01MT7" hidden="false" closed="true" simplified="false" border="1 0.502 0" fill="1 0.498 0" mode="-9"
 points="1.6091 4.72852,
	1.6091 4.72424,
	1.61339 4.71995,
	1.61767 4.71995,
	1.62196 4.72424,
	1.62196 4.72852,
	1.61767 4.73281,
	1.61339 4.73281,
	"/>
</Transform>

<Transform dim="0"
 xcoef=" 0 1 0 0 0 0"
 ycoef=" 0 0 1 0 0 0">
<Contour name="d01MT4" hidden="false" closed="true" simplified="false" border="1 0.502 0" fill="1 0.498 0" mode="-9"
 points="1.16223 4.94134,
	1.16223 4.93593,
	1.16764 4.93052,
	1.17305 4.93052,
	1.17846 4.93593,
	1.17846 4.94134,
	1.17305 4.94675,
	1.16764 4.94675,
	"/>
</Transform>

<Transform dim="0"
 xcoef=" 0 1 0 0 0 0"
 ycoef=" 0 0 1 0 0 0">
<Contour name="d01MT9" hidden="false" closed="true" simplified="false" border="1 0.502 0" fill="1 0.498 0" mode="-9"
 points="1.43277 4.65998,
	1.43277 4.65457,
	1.43818 4.64916,
	1.44359 4.64916,
	1.449 4.65457,
	1.449 4.65998,
	1.44359 4.66539,
	1.43818 4.66539,
	"/>
</Transform>

<Transform dim="0"
 xcoef=" 0 1 0 0 0 0"
 ycoef=" 0 0 1 0 0 0">
<Contour name="d01MT14" hidden="false" closed="true" simplified="false" border="1 0.502 0" fill="1 0.498 0" mode="-9"
 points="1.29023 4.74325,
	1.29023 4.73758,
	1.2959 4.73191,
	1.30157 4.73191,
	1.30723 4.73758,
	1.30723 4.74325,
	1.30157 4.74892,
	1.2959 4.74892,
	"/>
</Transform>

<Transform dim="0"
 xcoef=" 0 1 0 0 0 0"
 ycoef=" 0 0 1 0 0 0">
<Contour name="d01MT17" hidden="false" closed="true" simplified="false" border="1 0.502 0" fill="1 0.498 0" mode="-9"
 points="0.908621 4.95617,
	0.908621 4.95118,
	0.91361 4.94619,
	0.9186 4.94619,
	0.923589 4.95118,
	0.923589 4.95617,
	0.9186 4.96116,
	0.91361 4.96116,
	"/>
</Transform>

<Transform dim="0"
 xcoef=" 0 1 0 0 0 0"
 ycoef=" 0 0 1 0 0 0">
<Contour name="d01MT19" hidden="false" closed="true" simplified="false" border="1 0.502 0" fill="1 0.498 0" mode="-9"
 points="1.67987 4.79529,
	1.67987 4.78809,
	1.68706 4.78089,
	1.69426 4.78089,
	1.70146 4.78809,
	1.70146 4.79529,
	1.69426 4.80249,
	1.68706 4.80249,
	"/>
</Transform>

<Transform dim="0"
 xcoef=" 0 1 0 0 0 0"
 ycoef=" 0 0 1 0 0 0">
<Contour name="d01MT20" hidden="false" closed="true" simplified="false" border="1 0.502 0" fill="1 0.498 0" mode="-9"
 points="1.55748 4.80249,
	1.55748 4.79529,
	1.56468 4.78809,
	1.57188 4.78809,
	1.57908 4.79529,
	1.57908 4.80249,
	1.57188 4.80969,
	1.56468 4.80969,
	"/>
</Transform>

<Transform dim="0"
 xcoef=" 0 1 0 0 0 0"
 ycoef=" 0 0 1 0 0 0">
<Contour name="d01MT21" hidden="false" closed="true" simplified="false" border="1 0.502 0" fill="1 0.498 0" mode="-9"
 points="0.959947 5.02206,
	0.959947 5.01486,
	0.967146 5.00766,
	0.974346 5.00766,
	0.981545 5.01486,
	0.981545 5.02206,
	0.974346 5.02926,
	0.967146 5.02926,
	"/>
<Contour name="d01MT22" hidden="false" closed="true" simplified="false" border="1 0.502 0" fill="1 0.498 0" mode="-9"
 points="1.14353 4.83488,
	1.14353 4.82768,
	1.15073 4.82048,
	1.15792 4.82048,
	1.16512 4.82768,
	1.16512 4.83488,
	1.15792 4.84208,
	1.15073 4.84208,
	"/>
<Contour name="d01MT24" hidden="false" closed="true" simplified="false" border="1 0.502 0" fill="1 0.498 0" mode="-9"
 points="1.3487 4.79169,
	1.3487 4.78449,
	1.3559 4.77729,
	1.3631 4.77729,
	1.3703 4.78449,
	1.3703 4.79169,
	1.3631 4.79889,
	1.3559 4.79889,
	"/>
<Contour name="d01MT25" hidden="false" closed="true" simplified="false" border="1 0.502 0" fill="1 0.498 0" mode="-9"
 points="1.46389 4.74849,
	1.46389 4.74129,
	1.47109 4.73409,
	1.47829 4.73409,
	1.48549 4.74129,
	1.48549 4.74849,
	1.47829 4.75569,
	1.47109 4.75569,
	"/>
</Transform>

<Transform dim="0"
 xcoef=" 0 1 0 0 0 0"
 ycoef=" 0 0 1 0 0 0">
<Contour name="d01MT26" hidden="false" closed="true" simplified="false" border="1 0.502 0" fill="1 0.498 0" mode="-9"
 points="1.26951 4.81329,
	1.26951 4.80609,
	1.27671 4.79889,
	1.28391 4.79889,
	1.29111 4.80609,
	1.29111 4.81329,
	1.28391 4.82048,
	1.27671 4.82048,
	"/>
</Transform>

<Transform dim="0"
 xcoef=" 0 1 0 0 0 0"
 ycoef=" 0 0 1 0 0 0">
<Contour name="Ax08" hidden="false" closed="true" simplified="true" border="1 0 0" fill="1 0 0" mode="11"
 points="-1.39561 5.14999,
	-1.35302 5.11068,
	-1.32681 5.08774,
	-1.30715 5.06481,
	-1.29405 5.05826,
	-1.2875 5.05171,
	-1.27439 5.04843,
	-1.22198 5.01895,
	-1.20887 5.00912,
	-1.15645 4.99274,
	-1.14335 4.99274,
	-1.13025 4.98619,
	-1.10404 4.98619,
	-1.0811 4.99929,
	-1.05817 5.02222,
	-1.05162 5.03533,
	-1.02869 5.05826,
	-1.02214 5.06481,
	-1.02214 5.07136,
	-1.01558 5.07792,
	-1.01558 5.10413,
	-1.01886 5.11723,
	-1.02869 5.13033,
	-1.0549 5.14344,
	-1.068 5.14671,
	-1.0811 5.15654,
	-1.13352 5.16637,
	-1.15973 5.17292,
	-1.17283 5.18275,
	-1.22525 5.19258,
	-1.27767 5.1893,
	-1.33009 5.1762,
	-1.3825 5.15654,
	-1.39233 5.15327,
	"/>
</Transform>

<Transform dim="0"
 xcoef=" 0 1 0 0 0 0"
 ycoef=" 0 0 1 0 0 0">
<Contour name="Ax09" hidden="false" closed="true" simplified="true" border="0 1 0.251" fill="0 1 0" mode="11"
 points="1.16171 2.8148,
	1.16497 2.78876,
	1.17148 2.77575,
	1.22029 2.74646,
	1.25283 2.69439,
	1.27886 2.68138,
	1.33093 2.67487,
	1.38299 2.67487,
	1.40903 2.68138,
	1.42204 2.68138,
	1.43506 2.68789,
	1.44482 2.7009,
	1.44807 2.72694,
	1.44482 2.75297,
	1.43506 2.779,
	1.42855 2.79202,
	1.40252 2.8148,
	1.37974 2.82781,
	1.37648 2.85385,
	1.36021 2.87662,
	1.3472 2.88313,
	1.34069 2.88964,
	1.28862 2.8994,
	1.23656 2.89289,
	1.21053 2.89289,
	1.18449 2.88639,
	1.16171 2.86035,
	1.16171 2.83432,
	1.16171 2.8213,
	1.16171 2.81805,
	"/>
</Transform>

<Transform dim="0"
 xcoef=" 0 1 0 0 0 0"
 ycoef=" 0 0 1 0 0 0">
<Contour name="d01p32dia" hidden="false" closed="false" simplified="true" border="0.251 0 0.502" fill="0.251 0 0.502" mode="-9"
 points="1.99561 5.18186,
	1.78515 5.51431,
	"/>
</Transform>

<Transform dim="0"
 xcoef=" 0 1 0 0 0 0"
 ycoef=" 0 0 1 0 0 0">
<Contour name="d05p38adia" hidden="false" closed="false" simplified="true" border="0 0 1" fill="1 0 0" mode="-9"
 points="3.49091 4.64006,
	3.40531 4.83742,
	"/>
</Transform>

<Transform dim="0"
 xcoef=" 0 1 0 0 0 0"
 ycoef=" 0 0 1 0 0 0">
<Contour name="d08cfa18b" hidden="false" closed="false" simplified="false" border="0 1 0.251" fill="0 1 0" mode="-9"
 points="5.47022 2.65611,
	5.44833 2.65762,
	5.42645 2.65385,
	5.40306 2.64479,
	5.36683 2.63725,
	5.27326 2.63272,
	"/>
<Contour name="d08c18b" hidden="false" closed="true" simplified="true" border="1 0 0" fill="1 0 0" mode="-11"
 points="5.26517 2.63523,
	5.26744 2.62315,
	5.2697 2.62014,
	5.28178 2.61636,
	5.30593 2.61712,
	5.35422 2.62391,
	5.3663 2.62542,
	5.39045 2.62542,
	5.40252 2.62542,
	5.41459 2.62768,
	5.43874 2.63523,
	5.45082 2.63674,
	5.45686 2.639,
	5.46893 2.64127,
	5.481 2.64655,
	5.48251 2.64806,
	5.48025 2.66013,
	5.47949 2.66617,
	5.47874 2.66919,
	5.47346 2.67447,
	5.44931 2.67598,
	5.43723 2.67598,
	5.42516 2.67447,
	5.41912 2.67372,
	5.41309 2.67145,
	5.40705 2.6707,
	5.40101 2.66843,
	5.39497 2.66768,
	5.37083 2.65787,
	5.35875 2.65485,
	5.3346 2.65409,
	5.2863 2.64278,
	5.27423 2.63976,
	5.26819 2.63825,
	5.26517 2.63674,
	5.26517 2.63598,
	"/>
</Transform>

<Transform dim="0"
 xcoef=" 0 1 0 0 0 0"
 ycoef=" 0 0 1 0 0 0">
<Contour name="d10ax30" hidden="false" closed="true" simplified="true" border="0 1 1" fill="0 1 1" mode="-11"
 points="5.19903 5.73222,
	5.20341 5.72054,
	5.21071 5.70885,
	5.2224 5.69863,
	5.24577 5.6884,
	5.25162 5.68402,
	5.29836 5.67087,
	5.34511 5.66941,
	5.36848 5.66941,
	5.46197 5.6884,
	5.55547 5.70447,
	5.60221 5.71616,
	5.62559 5.72492,
	5.63727 5.72784,
	5.73076 5.72638,
	5.75414 5.72638,
	5.80088 5.73222,
	5.81257 5.73807,
	5.8228 5.74829,
	5.82133 5.77167,
	5.81695 5.77751,
	5.81403 5.78043,
	5.76728 5.78774,
	5.74391 5.79066,
	5.72054 5.79796,
	5.69717 5.80819,
	5.68548 5.81257,
	5.67964 5.81549,
	5.67671 5.81549,
	5.66503 5.8228,
	5.66211 5.8228,
	5.65042 5.8301,
	5.63873 5.83448,
	5.63289 5.8374,
	5.60952 5.8374,
	5.56277 5.83156,
	5.5394 5.82864,
	5.49265 5.82864,
	5.48097 5.82864,
	5.45759 5.83594,
	5.43422 5.8374,
	5.38747 5.8301,
	5.3641 5.8228,
	5.31735 5.81841,
	5.29398 5.81695,
	5.28229 5.81549,
	5.25892 5.80673,
	5.23555 5.79358,
	5.22386 5.78481,
	5.21364 5.77313,
	5.19903 5.74975,
	5.19903 5.73807,
	5.19903 5.73369,
	"/>
</Transform>

</Section>