<?xml version="1.0"?>
<!DOCTYPE Section SYSTEM "section.dtd">

<Section index="186" thickness="0.046483" alignLocked="true">
<Transform dim="0"
 xcoef=" 0 1 0 0 0 0"
 ycoef=" 0 0 1 0 0 0">
<Contour name="Ax05" hidden="false" closed="true" simplified="true" border="1 1 0" fill="1 1 0" mode="-11"
 points="2.76142 3.05775,
	2.78095 3.0317,
	2.80701 3.01541,
	2.84934 2.97959,
	2.86236 2.97308,
	2.86888 2.97308,
	2.87539 2.96657,
	2.97959 2.97634,
	3.00565 2.97959,
	3.0317 3.00239,
	3.04798 3.01867,
	3.061 3.01867,
	3.07077 3.02844,
	3.07729 3.08054,
	3.09031 3.13264,
	3.08705 3.14567,
	3.06752 3.17172,
	3.05449 3.18475,
	3.00239 3.20754,
	2.97634 3.21405,
	2.95029 3.21405,
	2.92424 3.20754,
	2.91772 3.20754,
	2.91121 3.20103,
	2.89818 3.19777,
	2.84934 3.16195,
	2.79724 3.13264,
	2.78421 3.12288,
	2.76142 3.07403,
	2.76142 3.061,
	"/>
</Transform>

<Transform dim="0"
 xcoef=" 0 1 0 0 0 0"
 ycoef=" 0 0 1 0 0 0">
<Contour name="Ax05B06ssvr4" hidden="false" closed="true" simplified="false" border="0.5 0 1" fill="0.5 0 1" mode="13"
 points="3.02526 3.10024,
	3.01822 3.0979,
	3.02526 3.09555,
	3.02056 3.08851,
	3.02761 3.0932,
	3.02995 3.08616,
	3.0323 3.0932,
	3.03934 3.08851,
	3.03465 3.09555,
	3.04169 3.0979,
	3.03465 3.10024,
	3.03934 3.10729,
	3.0323 3.10259,
	3.02995 3.10963,
	3.02761 3.10259,
	3.02056 3.10729,
	"/>
<Contour name="Ax05B06ssvr5" hidden="false" closed="true" simplified="false" border="0.5 0 1" fill="0.5 0 1" mode="13"
 points="2.9384 3.0932,
	2.93136 3.09085,
	2.9384 3.08851,
	2.93371 3.08146,
	2.94075 3.08616,
	2.9431 3.07912,
	2.94544 3.08616,
	2.95249 3.08146,
	2.94779 3.08851,
	2.95483 3.09085,
	2.94779 3.0932,
	2.95249 3.10024,
	2.94544 3.09555,
	2.9431 3.10259,
	2.94075 3.09555,
	2.93371 3.10024,
	"/>
<Contour name="Ax05B06ssvr6" hidden="false" closed="true" simplified="false" border="0.5 0 1" fill="0.5 0 1" mode="13"
 points="2.95718 3.03216,
	2.95014 3.02982,
	2.95718 3.02747,
	2.95249 3.02043,
	2.95953 3.02512,
	2.96188 3.01808,
	2.96422 3.02512,
	2.97127 3.02043,
	2.96657 3.02747,
	2.97361 3.02982,
	2.96657 3.03216,
	2.97127 3.03921,
	2.96422 3.03451,
	2.96188 3.04155,
	2.95953 3.03451,
	2.95249 3.03921,
	"/>
</Transform>

<Transform dim="0"
 xcoef=" 0 1 0 0 0 0"
 ycoef=" 0 0 1 0 0 0">
<Contour name="d02" hidden="false" closed="true" simplified="true" border="1 0 0" fill="1 0 0" mode="11"
 points="2.59979 3.58419,
	2.61013 3.55661,
	2.61358 3.55316,
	2.61358 3.54971,
	2.61703 3.54627,
	2.62393 3.51868,
	2.63255 3.50661,
	2.63772 3.50144,
	2.6653 3.49972,
	2.67909 3.49799,
	2.70668 3.50144,
	2.71013 3.50144,
	2.71357 3.50489,
	2.71702 3.50489,
	2.72392 3.51179,
	2.73254 3.52558,
	2.73943 3.52903,
	2.74288 3.52903,
	2.75495 3.53937,
	2.7584 3.54627,
	2.75667 3.56006,
	2.7515 3.57385,
	2.73943 3.58419,
	2.73599 3.58764,
	2.72909 3.61523,
	2.72392 3.62902,
	2.71185 3.64109,
	2.69806 3.64281,
	2.68427 3.64109,
	2.67737 3.63764,
	2.66358 3.63764,
	2.64979 3.63419,
	2.63599 3.62385,
	2.62737 3.61005,
	2.62737 3.60661,
	2.62048 3.59971,
	2.60669 3.59799,
	2.59979 3.59281,
	2.59979 3.58592,
	"/>
</Transform>

<Transform dim="0"
 xcoef=" 0 1 0 0 0 0"
 ycoef=" 0 0 1 0 0 0">
<Contour name="d02" hidden="false" closed="true" simplified="true" border="1 0 0" fill="1 0 0" mode="11"
 points="1.63263 2.93942,
	1.6378 2.91183,
	1.64297 2.89804,
	1.64469 2.87046,
	1.64297 2.84287,
	1.64297 2.83598,
	1.64297 2.83253,
	1.64987 2.82563,
	1.65849 2.81357,
	1.67055 2.79977,
	1.68435 2.79288,
	1.73951 2.78253,
	1.7671 2.77391,
	1.87743 2.77219,
	1.89123 2.77219,
	1.91881 2.77736,
	1.97398 2.77736,
	2.00156 2.78253,
	2.00846 2.78771,
	2.01535 2.78943,
	2.01708 2.79288,
	2.02053 2.79288,
	2.02397 2.79633,
	2.05156 2.80495,
	2.07914 2.80839,
	2.09293 2.81012,
	2.09983 2.81184,
	2.1119 2.82391,
	2.11535 2.82736,
	2.11879 2.84115,
	2.11879 2.86873,
	2.12741 2.8808,
	2.15155 2.90494,
	2.16362 2.91701,
	2.16879 2.92218,
	2.17396 2.93597,
	2.17569 2.94976,
	2.17741 2.95666,
	2.18086 2.96011,
	2.18258 2.967,
	2.20327 2.98941,
	2.23085 2.99976,
	2.24292 3.00838,
	2.24809 3.01527,
	2.25327 3.02907,
	2.25671 3.05665,
	2.26016 3.07044,
	2.26016 3.12561,
	2.26878 3.18078,
	2.2774 3.20836,
	2.2774 3.22215,
	2.27051 3.24974,
	2.27051 3.27732,
	2.27223 3.29111,
	2.27051 3.29801,
	2.26533 3.30491,
	2.25844 3.30835,
	2.23085 3.30835,
	2.21706 3.3118,
	2.20327 3.32042,
	2.18258 3.34283,
	2.15672 3.3618,
	2.14293 3.37214,
	2.13603 3.37731,
	2.13259 3.38076,
	2.12914 3.38076,
	2.10328 3.39973,
	2.09638 3.4049,
	2.08949 3.40662,
	2.08604 3.41007,
	2.07225 3.41524,
	2.06535 3.41869,
	2.0619 3.41869,
	2.05845 3.42214,
	2.04466 3.42559,
	2.04121 3.42903,
	2.01363 3.43248,
	2.00329 3.41869,
	1.99984 3.41352,
	1.97225 3.41179,
	1.94467 3.42214,
	1.91709 3.41524,
	1.90329 3.41179,
	1.8895 3.41179,
	1.88261 3.41179,
	1.87571 3.40835,
	1.86192 3.40662,
	1.85675 3.39973,
	1.85675 3.39628,
	1.8533 3.39283,
	1.84813 3.33766,
	1.83606 3.31008,
	1.82744 3.29629,
	1.82054 3.28939,
	1.80847 3.28077,
	1.78089 3.27215,
	1.77744 3.2687,
	1.74986 3.26008,
	1.72227 3.24457,
	1.70848 3.23939,
	1.69469 3.23767,
	1.68779 3.23595,
	1.68435 3.23595,
	1.67228 3.22388,
	1.66883 3.21698,
	1.66711 3.1894,
	1.66366 3.17561,
	1.65676 3.16181,
	1.65159 3.15492,
	1.64987 3.14802,
	1.64642 3.14457,
	1.64297 3.11699,
	1.63952 3.1032,
	1.6378 3.07561,
	1.6378 3.06182,
	1.63263 3.03424,
	1.63263 2.97907,
	1.63263 2.95149,
	1.63263 2.94459,
	1.63263 2.94114,
	"/>
<Contour name="d02" hidden="false" closed="true" simplified="true" border="1 0 0" fill="1 0 0" mode="11"
 points="1.88433 3.14802,
	1.88605 3.14113,
	1.88605 3.13768,
	1.8895 3.13423,
	1.89467 3.12044,
	1.89812 3.11527,
	1.89812 3.11182,
	1.90674 3.09975,
	1.91881 3.08941,
	1.92571 3.08596,
	1.95329 3.08251,
	1.95674 3.08251,
	1.95846 3.07906,
	1.96191 3.07906,
	1.97398 3.06527,
	1.9826 3.03769,
	1.99122 3.02389,
	2.00329 3.01183,
	2.01708 3.0101,
	2.03087 3.01183,
	2.04294 3.01872,
	2.0688 3.03941,
	2.07225 3.04631,
	2.07914 3.0532,
	2.08776 3.06699,
	2.08949 3.07389,
	2.09466 3.08079,
	2.09293 3.10837,
	2.08776 3.11527,
	2.07397 3.12044,
	2.06018 3.12906,
	2.03259 3.13768,
	2.00501 3.14975,
	1.99294 3.16181,
	1.99122 3.16526,
	1.96363 3.16009,
	1.94984 3.15837,
	1.94295 3.15837,
	1.91536 3.17043,
	1.90847 3.17216,
	1.89467 3.17043,
	1.88778 3.16526,
	1.88433 3.16354,
	1.88433 3.14975,
	"/>
</Transform>

<Transform dim="0"
 xcoef=" 0 1 0 0 0 0"
 ycoef=" 0 0 1 0 0 0">
<Contour name="d03" hidden="false" closed="true" simplified="true" border="0 0 1" fill="0 0 1" mode="11"
 points="6.6182 3.10874,
	6.63653 3.09041,
	6.67843 3.08779,
	6.69938 3.08779,
	6.74129 3.10613,
	6.76224 3.11922,
	6.77272 3.12708,
	6.78319 3.1297,
	6.78843 3.13493,
	6.80938 3.14279,
	6.81986 3.14279,
	6.86176 3.15589,
	6.88271 3.16374,
	6.90367 3.17684,
	6.922 3.19517,
	6.922 3.20041,
	6.91676 3.20565,
	6.87486 3.2135,
	6.8539 3.21089,
	6.7701 3.22136,
	6.74914 3.22398,
	6.70724 3.20565,
	6.66534 3.17946,
	6.62343 3.14541,
	6.6182 3.14017,
	6.6182 3.11922,
	6.6182 3.11136,
	"/>
</Transform>

<Transform dim="0"
 xcoef=" 0 1 0 0 0 0"
 ycoef=" 0 0 1 0 0 0">
<Contour name="d03" hidden="false" closed="true" simplified="true" border="0 0 1" fill="0 0 1" mode="11"
 points="5.05696 2.80705,
	5.09399 2.81862,
	5.24213 2.82093,
	5.26064 2.82093,
	5.27916 2.82556,
	5.28842 2.83019,
	5.29305 2.84871,
	5.28148 2.88574,
	5.26527 2.92278,
	5.25833 2.95981,
	5.25833 2.97833,
	5.27222 3.01536,
	5.29073 3.0524,
	5.29536 3.06165,
	5.29768 3.09869,
	5.29073 3.1172,
	5.27222 3.13109,
	5.26759 3.13341,
	5.24907 3.12415,
	5.23055 3.10795,
	5.19352 3.09174,
	5.17732 3.08017,
	5.175 3.06165,
	5.18658 3.02462,
	5.18889 3.0061,
	5.17963 2.98759,
	5.16575 2.96907,
	5.14723 2.95981,
	5.13797 2.9575,
	5.10094 2.96675,
	5.08242 2.96907,
	5.0639 2.96675,
	5.04539 2.95981,
	5.04076 2.9575,
	5.0315 2.96213,
	4.95743 3.03156,
	4.9204 3.0686,
	4.88336 3.101,
	4.86485 3.11258,
	4.84633 3.11489,
	4.80929 3.10795,
	4.79078 3.10332,
	4.75374 3.10795,
	4.73523 3.10795,
	4.71671 3.101,
	4.7144 3.06397,
	4.72365 3.04545,
	4.74217 3.02925,
	4.75606 3.01073,
	4.83013 2.99684,
	4.86716 2.98759,
	4.94123 2.9575,
	4.95049 2.95287,
	4.96669 2.93666,
	4.969 2.91815,
	4.969 2.90889,
	4.96669 2.90426,
	4.969 2.89963,
	4.97826 2.89732,
	4.98521 2.89037,
	4.98058 2.88343,
	4.98058 2.87648,
	4.99678 2.8626,
	5.00835 2.84408,
	5.01298 2.83714,
	5.0315 2.82093,
	5.0477 2.80936,
	"/>
</Transform>

<Transform dim="0"
 xcoef=" 0 1 0 0 0 0"
 ycoef=" 0 0 1 0 0 0">
<Contour name="d03" hidden="false" closed="true" simplified="true" border="0 0 1" fill="0 0 1" mode="11"
 points="3.21808 1.46249,
	3.22706 1.45053,
	3.23902 1.44455,
	3.245 1.43857,
	3.24799 1.41464,
	3.24799 1.40268,
	3.25995 1.39071,
	3.28388 1.38772,
	3.29584 1.38473,
	3.30183 1.38174,
	3.30183 1.35782,
	3.29584 1.33389,
	3.29584 1.28604,
	3.29584 1.26211,
	3.29883 1.25015,
	3.30781 1.23818,
	3.32276 1.19033,
	3.35865 1.14248,
	3.37061 1.13052,
	3.37659 1.12453,
	3.42445 1.12154,
	3.44837 1.11855,
	3.4723 1.1036,
	3.47828 1.1036,
	3.52613 1.06173,
	3.54109 1.0378,
	3.57997 0.942097,
	3.59492 0.894244,
	3.60988 0.870318,
	3.6338 0.855364,
	3.63978 0.849383,
	3.66371 0.849383,
	3.66969 0.846392,
	3.66371 0.834429,
	3.66371 0.810502,
	3.67268 0.786576,
	3.69661 0.768631,
	3.79231 0.747696,
	3.84017 0.738724,
	3.86409 0.735733,
	3.9598 0.765641,
	3.97176 0.771622,
	3.98372 0.771622,
	4.00466 0.792558,
	4.01662 0.816484,
	4.01961 0.828447,
	4.01363 0.852373,
	3.99868 0.8763,
	3.97774 0.897235,
	3.96279 0.921161,
	3.95382 0.945088,
	3.95083 0.969014,
	3.95083 0.974996,
	3.97475 0.983968,
	3.99868 0.986959,
	4.01064 0.986959,
	4.05849 1.01388,
	4.09737 1.06173,
	4.11532 1.08565,
	4.1213 1.09762,
	4.1213 1.1036,
	4.13027 1.11556,
	4.13326 1.12753,
	4.16915 1.17538,
	4.21401 1.22024,
	4.22299 1.2322,
	4.22897 1.25613,
	4.27682 1.27108,
	4.30075 1.28006,
	4.31271 1.28604,
	4.32467 1.30996,
	4.32467 1.32193,
	4.30374 1.33987,
	4.28878 1.3638,
	4.29177 1.37576,
	4.33963 1.39969,
	4.3486 1.41165,
	4.35159 1.4595,
	4.35159 1.48343,
	4.35458 1.49539,
	4.37552 1.51633,
	4.39944 1.52231,
	4.41141 1.5253,
	4.42337 1.53427,
	4.42337 1.5582,
	4.42337 1.56418,
	4.41739 1.57016,
	4.41141 1.59409,
	4.4144 1.64194,
	4.4144 1.6539,
	4.39346 1.67783,
	4.3815 1.68979,
	4.37851 1.70176,
	4.33664 1.74064,
	4.33963 1.76456,
	4.34262 1.77653,
	4.33664 1.82438,
	4.34262 1.83634,
	4.36654 1.85728,
	4.37851 1.86027,
	4.39645 1.88419,
	4.40842 1.89317,
	4.43234 1.89915,
	4.45627 1.9141,
	4.46823 1.92307,
	4.51608 1.93205,
	4.52207 1.94401,
	4.52506 1.96794,
	4.53403 1.99186,
	4.53702 2.00383,
	4.53104 2.02775,
	4.52207 2.03971,
	4.51608 2.06364,
	4.51608 2.0756,
	4.52506 2.08757,
	4.54898 2.09654,
	4.56095 2.10551,
	4.56693 2.10551,
	4.61478 2.13841,
	4.62076 2.14439,
	4.63272 2.14439,
	4.68058 2.12346,
	4.77628 2.12346,
	4.82413 2.12944,
	4.84806 2.13243,
	4.89591 2.15336,
	4.90189 2.17729,
	4.90189 2.20122,
	4.8989 2.21318,
	4.86301 2.26103,
	4.84507 2.28496,
	4.79722 2.31188,
	4.77329 2.32085,
	4.74936 2.34178,
	4.71048 2.38964,
	4.66562 2.43151,
	4.66263 2.44347,
	4.66562 2.49132,
	4.66861 2.51525,
	4.69254 2.53618,
	4.69553 2.56011,
	4.69553 2.57207,
	4.68955 2.58404,
	4.6417 2.58105,
	4.61777 2.57806,
	4.56992 2.56011,
	4.54599 2.55413,
	4.52207 2.55712,
	4.49814 2.56609,
	4.47421 2.58703,
	4.46225 2.59002,
	4.43832 2.58404,
	4.41739 2.56609,
	4.39346 2.51824,
	4.38748 2.50628,
	4.36654 2.48235,
	4.31869 2.45543,
	4.27084 2.4345,
	4.24691 2.42852,
	4.19906 2.39562,
	4.1871 2.38665,
	4.13924 2.38066,
	4.04354 2.37767,
	3.99569 2.33879,
	3.98372 2.33281,
	3.93587 2.3358,
	3.88802 2.33281,
	3.88204 2.33281,
	3.85811 2.31188,
	3.85213 2.30589,
	3.84615 2.25804,
	3.83718 2.23412,
	3.83418 2.22215,
	3.82521 2.21019,
	3.80129 2.19823,
	3.75343 2.16234,
	3.72951 2.14738,
	3.70558 2.13841,
	3.60988 2.13542,
	3.58595 2.13243,
	3.54408 2.09056,
	3.53212 2.07859,
	3.50819 2.0756,
	3.47828 2.03074,
	3.4723 2.01878,
	3.46632 1.97093,
	3.46034 1.96494,
	3.44837 1.96195,
	3.4394 1.95298,
	3.43342 1.94999,
	3.43342 1.90214,
	3.42445 1.87821,
	3.40351 1.85429,
	3.38856 1.83036,
	3.38557 1.78251,
	3.38557 1.75858,
	3.38557 1.74662,
	3.36164 1.69877,
	3.35865 1.6868,
	3.35267 1.68082,
	3.35267 1.67484,
	3.32874 1.6539,
	3.30482 1.64194,
	3.28388 1.624,
	3.2779 1.61801,
	3.2779 1.59409,
	3.28986 1.57016,
	3.29584 1.5582,
	3.29584 1.54624,
	3.29584 1.54025,
	3.27192 1.5253,
	3.25995 1.52231,
	3.23603 1.50436,
	3.22407 1.49539,
	3.21808 1.47147,
	3.21808 1.46548,
	"/>
</Transform>

<Transform dim="0"
 xcoef=" 0 1 0 0 0 0"
 ycoef=" 0 0 1 0 0 0">
<Contour name="d03" hidden="false" closed="true" simplified="true" border="0 0 1" fill="0 0 1" mode="11"
 points="3.31572 0.298415,
	3.32899 0.280731,
	3.34446 0.267468,
	3.3533 0.260837,
	3.38867 0.258627,
	3.42404 0.2741,
	3.44172 0.285152,
	3.47709 0.298415,
	3.49477 0.307257,
	3.50583 0.324941,
	3.50804 0.342625,
	3.51025 0.347046,
	3.50804 0.36473,
	3.50583 0.373572,
	3.49256 0.391256,
	3.48372 0.397887,
	3.44835 0.397887,
	3.41299 0.391256,
	3.3953 0.386835,
	3.39309 0.382414,
	3.37541 0.375782,
	3.34004 0.353677,
	3.32236 0.338204,
	3.31572 0.329362,
	3.31572 0.311678,
	3.31572 0.302836,
	3.31572 0.300626,
	"/>
</Transform>

<Transform dim="0"
 xcoef=" 0 1 0 0 0 0"
 ycoef=" 0 0 1 0 0 0">
<Contour name="d03" hidden="false" closed="true" simplified="true" border="0 0 1" fill="0 0 1" mode="11"
 points="2.11218 1.63734,
	2.136 1.61352,
	2.14236 1.60716,
	2.14871 1.60399,
	2.17412 1.60558,
	2.19953 1.61193,
	2.21223 1.61352,
	2.22494 1.61828,
	2.25035 1.61669,
	2.27576 1.60875,
	2.31863 1.57858,
	2.33134 1.57064,
	2.38216 1.55476,
	2.39486 1.55158,
	2.4965 1.55317,
	2.50921 1.54523,
	2.51238 1.54046,
	2.5108 1.51505,
	2.5108 1.50235,
	2.51715 1.49758,
	2.52985 1.49441,
	2.54256 1.49441,
	2.55526 1.50711,
	2.55844 1.51347,
	2.57114 1.52617,
	2.5775 1.53093,
	2.5902 1.53252,
	2.60291 1.52776,
	2.62832 1.52935,
	2.65373 1.54523,
	2.66643 1.55158,
	2.67278 1.55158,
	2.7236 1.57381,
	2.74901 1.57858,
	2.79983 1.57699,
	2.82524 1.57699,
	2.85065 1.58493,
	2.86336 1.58969,
	2.87288 1.59922,
	2.88559 1.61034,
	2.89035 1.61193,
	2.89829 1.60081,
	2.911 1.59128,
	2.91735 1.58652,
	3.01899 1.58334,
	3.03169 1.58175,
	3.03805 1.57858,
	3.04599 1.56587,
	3.05869 1.55952,
	3.10951 1.5484,
	3.12222 1.54682,
	3.12857 1.54523,
	3.13175 1.54205,
	3.15715 1.53729,
	3.16033 1.53887,
	3.15715 1.54205,
	3.15715 1.54523,
	3.14286 1.56905,
	3.12539 1.59287,
	3.11269 1.60399,
	3.10634 1.60875,
	3.10316 1.61193,
	3.09045 1.61669,
	3.07775 1.62622,
	3.0714 1.63098,
	3.06504 1.6421,
	3.06187 1.64369,
	3.06187 1.64687,
	3.05393 1.65957,
	3.04281 1.67069,
	3.01899 1.6818,
	3.00787 1.68816,
	2.99834 1.69769,
	2.99199 1.70245,
	2.96658 1.70563,
	2.94435 1.72468,
	2.93323 1.73421,
	2.91576 1.75962,
	2.90306 1.76439,
	2.89035 1.75962,
	2.88082 1.75009,
	2.8713 1.73739,
	2.86653 1.73104,
	2.85383 1.7231,
	2.84747 1.72151,
	2.83477 1.71357,
	2.82842 1.71039,
	2.82524 1.71039,
	2.82206 1.70721,
	2.81571 1.70563,
	2.81254 1.70245,
	2.79983 1.69927,
	2.79665 1.6961,
	2.77125 1.68657,
	2.74742 1.67386,
	2.6966 1.65639,
	2.67119 1.65481,
	2.66484 1.65639,
	2.66325 1.66275,
	2.65214 1.67386,
	2.64578 1.67863,
	2.64261 1.6818,
	2.64102 1.69451,
	2.64737 1.71992,
	2.64896 1.72627,
	2.64578 1.73898,
	2.64261 1.74056,
	2.64102 1.75327,
	2.64261 1.76439,
	2.65055 1.77709,
	2.65214 1.8025,
	2.64737 1.81521,
	2.64737 1.82156,
	2.64737 1.82473,
	2.65055 1.82791,
	2.65055 1.83426,
	2.65531 1.83903,
	2.6569 1.84538,
	2.66167 1.85173,
	2.66802 1.87714,
	2.66802 1.88985,
	2.67278 1.90255,
	2.67913 1.90732,
	2.72995 1.90414,
	2.74266 1.90414,
	2.7506 1.91208,
	2.7506 1.92478,
	2.74742 1.93749,
	2.73948 1.95019,
	2.72837 1.96131,
	2.72519 1.96131,
	2.70454 1.98672,
	2.70137 1.99148,
	2.69502 1.99784,
	2.68708 2.01054,
	2.6442 2.0566,
	2.62037 2.07883,
	2.61402 2.08042,
	2.60132 2.08995,
	2.58861 2.09471,
	2.53779 2.09471,
	2.51238 2.09154,
	2.49968 2.09154,
	2.48697 2.09471,
	2.4838 2.09312,
	2.4838 2.08995,
	2.47109 2.07724,
	2.44727 2.05977,
	2.43457 2.05342,
	2.42186 2.05342,
	2.41074 2.04548,
	2.4028 2.03278,
	2.39328 2.02325,
	2.38851 2.02007,
	2.3631 2.02007,
	2.35357 2.01054,
	2.34881 1.99784,
	2.3504 1.98513,
	2.35516 1.97878,
	2.35675 1.97402,
	2.34246 1.94861,
	2.33769 1.94225,
	2.3361 1.91684,
	2.3361 1.90414,
	2.33134 1.89779,
	2.32022 1.89143,
	2.29481 1.88508,
	2.28211 1.88191,
	2.27099 1.87397,
	2.26782 1.86761,
	2.26782 1.86444,
	2.26305 1.85808,
	2.26305 1.85491,
	2.25987 1.85173,
	2.25987 1.84856,
	2.2567 1.84538,
	2.2567 1.8422,
	2.24082 1.81838,
	2.23129 1.80726,
	2.21858 1.79774,
	2.20588 1.79297,
	2.19953 1.79138,
	2.19 1.78185,
	2.18206 1.76915,
	2.17094 1.75962,
	2.1503 1.73421,
	2.14712 1.72151,
	2.14553 1.6961,
	2.14077 1.68974,
	2.13918 1.68339,
	2.12965 1.67228,
	2.1233 1.66592,
	2.11695 1.65481,
	2.11218 1.64845,
	2.11218 1.6421,
	2.11218 1.63893,
	"/>
</Transform>

<Transform dim="0"
 xcoef=" 0 1 0 0 0 0"
 ycoef=" 0 0 1 0 0 0">
<Contour name="d03p20" hidden="false" closed="true" simplified="false" border="0 1 1" fill="0 1 1" mode="-13"
 points="3.36743 1.59019,
	3.389 1.56862,
	3.30272 1.48234,
	3.32429 1.46077,
	3.41057 1.54705,
	3.43214 1.52548,
	3.43214 1.59019,
	"/>
</Transform>

<Transform dim="0"
 xcoef=" 0 1 0 0 0 0"
 ycoef=" 0 0 1 0 0 0">
<Contour name="d03p25" hidden="false" closed="true" simplified="false" border="1 1 0" fill="1 1 0" mode="-13"
 points="5.10923 2.96529,
	5.10923 2.87901,
	5.02295 2.87901,
	5.02295 2.9545,
	5.01216 2.96529,
	5.01216 2.86822,
	5.12001 2.86822,
	5.12001 2.97607,
	5.01216 2.97607,
	5.02295 2.96529,
	"/>
</Transform>

<Transform dim="0"
 xcoef=" 0 1 0 0 0 0"
 ycoef=" 0 0 1 0 0 0">
<Contour name="d03c20" hidden="false" closed="true" simplified="true" border="1 0 1" fill="1 0 1" mode="11"
 points="2.24737 1.61803,
	2.25207 1.60728,
	2.25409 1.60191,
	2.25409 1.60056,
	2.25677 1.59855,
	2.25744 1.5972,
	2.26819 1.59385,
	2.27894 1.59183,
	2.28901 1.58579,
	2.29371 1.58243,
	2.29909 1.57773,
	2.30245 1.57302,
	2.31252 1.56429,
	2.3226 1.55892,
	2.32528 1.55825,
	2.32797 1.55623,
	2.32931 1.55623,
	2.33066 1.55489,
	2.332 1.55489,
	2.34275 1.54884,
	2.34409 1.54884,
	2.34678 1.54683,
	2.35215 1.54481,
	2.35484 1.54414,
	2.35618 1.54414,
	2.35752 1.5428,
	2.37901 1.53944,
	2.38439 1.5381,
	2.40588 1.53877,
	2.41663 1.54078,
	2.41931 1.54078,
	2.42469 1.5428,
	2.42737 1.54414,
	2.43006 1.54683,
	2.43342 1.55153,
	2.43409 1.56228,
	2.43208 1.56765,
	2.43208 1.56899,
	2.42872 1.57437,
	2.42402 1.57974,
	2.41864 1.5831,
	2.39715 1.59049,
	2.37566 1.59653,
	2.35416 1.59855,
	2.34342 1.60123,
	2.34073 1.60191,
	2.33939 1.60325,
	2.32864 1.60795,
	2.32327 1.61131,
	2.32192 1.61131,
	2.32125 1.61265,
	2.31857 1.61332,
	2.31722 1.61467,
	2.30648 1.6187,
	2.3011 1.62071,
	2.29976 1.62206,
	2.29707 1.62273,
	2.29573 1.62273,
	2.29439 1.62407,
	2.28364 1.62609,
	2.27289 1.62676,
	2.26215 1.62609,
	2.25677 1.62474,
	2.2514 1.62206,
	2.24871 1.62004,
	2.24737 1.61937,
	2.24737 1.6187,
	"/>
</Transform>

<Transform dim="0"
 xcoef=" 0 1 0 0 0 0"
 ycoef=" 0 0 1 0 0 0">
<Contour name="d03cfa20" hidden="false" closed="false" simplified="false" border="1 0 0" fill="1 0 0" mode="11"
 points="2.43289 1.55263,
	2.39796 1.55129,
	2.3637 1.55935,
	2.31199 1.58756,
	2.25019 1.61644,
	"/>
</Transform>

<Transform dim="0"
 xcoef=" 0 1 0 0 0 0"
 ycoef=" 0 0 1 0 0 0">
<Contour name="d03c26" hidden="false" closed="true" simplified="true" border="1 0 1" fill="1 0 1" mode="11"
 points="6.70411 3.08727,
	6.70559 3.08432,
	6.7115 3.08063,
	6.72332 3.07989,
	6.73513 3.08063,
	6.74695 3.08358,
	6.75286 3.08506,
	6.75434 3.08506,
	6.75581 3.08654,
	6.80308 3.10131,
	6.82672 3.10648,
	6.83853 3.10869,
	6.84149 3.11017,
	6.85331 3.11239,
	6.85626 3.11386,
	6.85774 3.11386,
	6.86069 3.11608,
	6.86217 3.11608,
	6.86365 3.11756,
	6.87546 3.12199,
	6.88137 3.1242,
	6.88728 3.1279,
	6.89245 3.13307,
	6.89245 3.13898,
	6.89245 3.14193,
	6.89097 3.14341,
	6.89023 3.14636,
	6.88433 3.15079,
	6.88137 3.15375,
	6.87546 3.15449,
	6.86955 3.15818,
	6.86365 3.15966,
	6.86069 3.16113,
	6.83706 3.16261,
	6.82524 3.16335,
	6.82229 3.16335,
	6.81047 3.15744,
	6.80751 3.15596,
	6.80161 3.15522,
	6.7957 3.15301,
	6.7728 3.13824,
	6.76098 3.12937,
	6.75507 3.12568,
	6.75286 3.12273,
	6.74104 3.11903,
	6.73809 3.11829,
	6.73661 3.11682,
	6.72479 3.11312,
	6.71371 3.10648,
	6.70854 3.10205,
	6.70485 3.09688,
	6.70411 3.09097,
	6.70411 3.08801,
	"/>
</Transform>

<Transform dim="0"
 xcoef=" 0 1 0 0 0 0"
 ycoef=" 0 0 1 0 0 0">
<Contour name="d03cfa26" hidden="false" closed="false" simplified="false" border="1 0 0" fill="1 0 0" mode="11"
 points="6.87125 3.15684,
	6.79592 3.13616,
	6.75899 3.11548,
	6.70581 3.08963,
	"/>
</Transform>

<Transform dim="6"
 xcoef=" -0.0350231241551221 0.971121716439332 -0.0103075713621512 0 0 0"
 ycoef=" -0.044530998221373 0.0520580503480151 1.03605178507831 0 0 0">
<Image mag="0.00217927" contrast="1" brightness="0" red="true" green="true" blue="true"
 src="LKJKD_und.186.jpg" />
<Contour name="domain1" hidden="false" closed="true" simplified="false" border="1 0 1" fill="1 0 1" mode="11"
 points="0 0,
	4112 0,
	4112 4096,
	0 4096,
	"/>
</Transform>

<Transform dim="0"
 xcoef=" 0 1 0 0 0 0"
 ycoef=" 0 0 1 0 0 0">
<Contour name="d03ax18" hidden="false" closed="true" simplified="true" border="0 1 1" fill="0 1 1" mode="-11"
 points="5.88683 1.8857,
	5.89881 1.85374,
	5.91279 1.83976,
	5.92878 1.83177,
	5.94476 1.81778,
	5.96074 1.8078,
	6.02466 1.8078,
	6.05662 1.8058,
	6.0726 1.8038,
	6.08059 1.79981,
	6.14451 1.79781,
	6.1525 1.8018,
	6.16848 1.8018,
	6.20044 1.8078,
	6.23241 1.81778,
	6.24839 1.82578,
	6.25438 1.83377,
	6.25837 1.83776,
	6.25638 1.86972,
	6.24439 1.8857,
	6.22841 1.90168,
	6.21243 1.91367,
	6.20843 1.91367,
	6.20044 1.91966,
	6.16848 1.93165,
	6.1525 1.93764,
	6.08858 1.93964,
	6.05662 1.93964,
	6.04064 1.93764,
	6.02466 1.93165,
	5.9947 1.90967,
	5.97871 1.90768,
	5.94675 1.91167,
	5.91479 1.91167,
	5.89881 1.90368,
	5.89082 1.89969,
	5.88683 1.89169,
	5.88683 1.8877,
	"/>
</Transform>

</Section>