<?xml version="1.0"?>
<!DOCTYPE Section SYSTEM "section.dtd">

<Section index="184" thickness="0.045" alignLocked="true">
<Transform dim="3"
 xcoef=" 0.0651399182443373 0.999707424024249 -0.0153700204976635 0 0 0"
 ycoef=" -0.294411165963035 0.00793394585277601 1.00890823768031 0 0 0">
<Contour name="mito10" hidden="false" closed="false" simplified="true" border="0 1 1" fill="0 1 1" mode="9"
 points="5.98466 7.42365,
	6.2032 7.58616,
	"/>
</Transform>

<Transform dim="3"
 xcoef=" 0.0651399182443373 0.999707424024249 -0.0153700204976635 0 0 0"
 ycoef=" -0.294411165963035 0.00793394585277601 1.00890823768031 0 0 0">
<Contour name="d01" hidden="false" closed="true" simplified="true" border="1 0.5 0" fill="1 0.5 0" mode="9"
 points="4.13948 4.67756,
	4.16079 4.63494,
	4.17678 4.5497,
	4.17678 4.46446,
	4.21407 4.42717,
	4.23538 4.40586,
	4.26734 4.32062,
	4.27267 4.29931,
	4.31529 4.27267,
	4.35258 4.23538,
	4.37389 4.2194,
	4.45913 4.18743,
	4.50175 4.16079,
	4.54437 4.14481,
	4.55503 4.14481,
	4.59232 4.11817,
	4.63494 4.11285,
	4.72018 4.1235,
	4.7628 4.12883,
	4.78411 4.13416,
	4.86935 4.11285,
	4.89066 4.09686,
	4.93328 4.08621,
	5.10376 4.09154,
	5.14638 4.10752,
	5.23162 4.10752,
	5.25293 4.1235,
	5.25293 4.16612,
	5.24228 4.18743,
	5.20499 4.23005,
	5.16237 4.24603,
	5.14638 4.25669,
	5.14638 4.278,
	5.17302 4.32062,
	5.20499 4.40586,
	5.21031 4.44848,
	5.20499 4.4911,
	5.17302 4.57634,
	5.16237 4.61896,
	5.16237 4.7042,
	5.15704 4.74682,
	5.14106 4.76813,
	5.09844 4.77346,
	5.07713 4.77346,
	5.03451 4.74682,
	4.94927 4.71486,
	4.90665 4.70953,
	4.82141 4.71486,
	4.77879 4.70953,
	4.69355 4.72551,
	4.65092 4.72551,
	4.6083 4.71486,
	4.52306 4.72018,
	4.51241 4.71486,
	4.53372 4.70953,
	4.54437 4.70953,
	4.5497 4.69887,
	4.50708 4.68822,
	4.42184 4.68289,
	4.41119 4.69887,
	4.40053 4.69887,
	4.38988 4.68822,
	4.37922 4.68822,
	4.34193 4.66158,
	4.29931 4.67756,
	4.278 4.68822,
	4.25669 4.70953,
	4.17145 4.7042,
	4.15014 4.69887,
	4.13948 4.68822,
	4.13948 4.68289,
	"/>
</Transform>

<Transform dim="3"
 xcoef=" 0.0651399182443373 0.999707424024249 -0.0153700204976635 0 0 0"
 ycoef=" -0.294411165963035 0.00793394585277601 1.00890823768031 0 0 0">
<Contour name="d01" hidden="false" closed="true" simplified="true" border="1 0.5 0" fill="1 0.5 0" mode="9"
 points="3.66001 5.23695,
	3.70263 5.19966,
	3.74525 5.17302,
	3.78787 5.17302,
	3.79852 5.17302,
	3.80385 5.18368,
	3.79852 5.2263,
	3.80385 5.26892,
	3.80385 5.29023,
	3.78787 5.31154,
	3.76656 5.31154,
	3.7559 5.31154,
	3.74525 5.30088,
	3.73459 5.30088,
	3.71328 5.2849,
	3.70795 5.26892,
	3.6973 5.27424,
	3.67599 5.26359,
	3.66001 5.24228,
	"/>
</Transform>

<Transform dim="3"
 xcoef=" 0.0651399182443373 0.999707424024249 -0.0153700204976635 0 0 0"
 ycoef=" -0.294411165963035 0.00793394585277601 1.00890823768031 0 0 0">
<Contour name="d02" hidden="false" closed="true" simplified="true" border="0.5 0 1" fill="0.5 0 1" mode="9"
 points="1.72122 7.91763,
	1.74392 7.85711,
	1.74771 7.82684,
	1.75905 7.79658,
	1.77419 7.78901,
	1.83471 7.78523,
	1.86498 7.79658,
	1.89146 7.8155,
	1.89902 7.82306,
	1.9255 7.83441,
	1.9255 7.84198,
	1.93685 7.85711,
	1.93685 7.88737,
	1.91415 7.91385,
	1.90659 7.92142,
	1.89524 7.98194,
	1.86876 8.00842,
	1.85363 8.01977,
	1.84606 8.02734,
	1.78553 8.03112,
	1.75905 8.00842,
	1.75149 8.00086,
	1.74771 7.98573,
	1.72879 7.95546,
	1.72122 7.94033,
	1.72122 7.9252,
	1.72122 7.92142,
	"/>
</Transform>

<Transform dim="3"
 xcoef=" 0.0651399182443373 0.999707424024249 -0.0153700204976635 0 0 0"
 ycoef=" -0.294411165963035 0.00793394585277601 1.00890823768031 0 0 0">
<Contour name="d02" hidden="false" closed="true" simplified="true" border="0.5 0 1" fill="0.5 0 1" mode="9"
 points="1.42979 8.72808,
	1.44099 8.71315,
	1.47086 8.70195,
	1.48579 8.69449,
	1.51566 8.69449,
	1.54552 8.70195,
	1.55299 8.70942,
	1.54925 8.73928,
	1.53805 8.75048,
	1.53059 8.81021,
	1.52312 8.84008,
	1.50072 8.86621,
	1.47086 8.86994,
	1.45592 8.86621,
	1.45219 8.85128,
	1.45592 8.82141,
	1.45592 8.81395,
	1.43353 8.78408,
	1.42979 8.75422,
	1.42979 8.73928,
	1.42979 8.73182,
	"/>
</Transform>

<Transform dim="3"
 xcoef=" 0.0651399182443373 0.999707424024249 -0.0153700204976635 0 0 0"
 ycoef=" -0.294411165963035 0.00793394585277601 1.00890823768031 0 0 0">
<Contour name="d02" hidden="false" closed="true" simplified="true" border="0.5 0 1" fill="0.5 0 1" mode="9"
 points="2.09703 8.73815,
	2.11971 8.68629,
	2.12295 8.66036,
	2.11971 8.63443,
	2.10675 8.6085,
	2.10351 8.58257,
	2.10675 8.55664,
	2.11323 8.54368,
	2.16509 8.50154,
	2.21695 8.48534,
	2.24288 8.47886,
	2.25584 8.47237,
	2.2526 8.42051,
	2.2364 8.36866,
	2.21047 8.3168,
	2.19102 8.29087,
	2.18778 8.2779,
	2.19426 8.25197,
	2.19426 8.24549,
	2.22019 8.2228,
	2.22667 8.21632,
	2.33039 8.19363,
	2.34984 8.17095,
	2.3628 8.14502,
	2.41142 8.11585,
	2.42438 8.11585,
	2.47624 8.08343,
	2.48921 8.07371,
	2.50217 8.07047,
	2.52486 8.04778,
	2.53782 8.03482,
	2.5443 8.03158,
	2.59616 8.04454,
	2.62209 8.04778,
	2.64802 8.06075,
	2.67071 8.08668,
	2.68367 8.0964,
	2.7096 8.09316,
	2.75822 8.07371,
	2.76794 8.06075,
	2.79387 8.05102,
	2.84573 8.04778,
	2.87166 8.05102,
	2.89435 8.06723,
	2.93973 8.17095,
	2.97214 8.2228,
	2.97538 8.22929,
	3.00131 8.22929,
	3.02724 8.25197,
	3.03696 8.26494,
	3.0402 8.2779,
	3.03696 8.29087,
	3.01751 8.3168,
	3.00455 8.32976,
	2.99158 8.35569,
	2.94945 8.40431,
	2.93973 8.41727,
	2.93973 8.43024,
	2.93973 8.43672,
	2.96565 8.4432,
	2.97862 8.4432,
	3.00455 8.45941,
	3.01427 8.47237,
	3.01751 8.4983,
	3.00779 8.52423,
	2.9851 8.54044,
	2.95917 8.55016,
	2.93324 8.60202,
	2.89435 8.65388,
	2.87814 8.67981,
	2.82629 8.64415,
	2.82304 8.64091,
	2.78091 8.74463,
	2.75174 8.79649,
	2.74202 8.82242,
	2.73877 8.87428,
	2.73553 8.90021,
	2.73553 8.91317,
	2.72257 8.9391,
	2.70312 8.96503,
	2.65126 9.00716,
	2.63182 9.03309,
	2.62533 9.04606,
	2.5994 9.06226,
	2.58644 9.0655,
	2.56051 9.06226,
	2.50865 9.02337,
	2.47948 8.97151,
	2.45679 8.94558,
	2.43086 8.92938,
	2.4179 8.92289,
	2.39197 8.92289,
	2.37901 8.92613,
	2.36928 8.91641,
	2.34335 8.91641,
	2.33039 8.91965,
	2.30446 8.93586,
	2.29149 8.94558,
	2.26232 8.9942,
	2.22019 9.04606,
	2.20722 9.05578,
	2.19426 9.05254,
	2.15213 9.00392,
	2.13916 8.99096,
	2.11971 8.9391,
	2.10351 8.83538,
	2.10027 8.78352,
	2.09703 8.75759,
	2.09703 8.74463,
	2.09703 8.74139,
	"/>
</Transform>

<Transform dim="3"
 xcoef=" 0.0651399182443373 0.999707424024249 -0.0153700204976635 0 0 0"
 ycoef=" -0.294411165963035 0.00793394585277601 1.00890823768031 0 0 0">
<Contour name="d02c34" hidden="false" closed="true" simplified="true" border="0 1 0" fill="0 1 0" mode="9"
 points="2.1004 8.83851,
	2.11208 8.81982,
	2.12143 8.82216,
	2.13778 8.85954,
	2.14479 8.87823,
	2.14713 8.88758,
	2.17283 8.92496,
	2.17984 8.9343,
	2.18218 8.95299,
	2.1775 8.97169,
	2.17283 8.98103,
	2.17283 8.9857,
	2.16115 9.00206,
	2.15414 8.99505,
	2.15414 8.99038,
	2.14479 8.98103,
	2.13545 8.96234,
	2.12844 8.95299,
	2.11909 8.91561,
	2.10508 8.87823,
	2.1004 8.85954,
	2.1004 8.84085,
	"/>
</Transform>

<Transform dim="3"
 xcoef=" 0.0651399182443373 0.999707424024249 -0.0153700204976635 0 0 0"
 ycoef=" -0.294411165963035 0.00793394585277601 1.00890823768031 0 0 0">
<Contour name="d02cfa34" hidden="false" closed="false" simplified="false" border="0 1 1" fill="0 1 1" mode="9"
 points="2.1125 8.8189,
	2.12418 8.88432,
	2.14054 8.92404,
	2.15222 8.94507,
	2.15923 8.96609,
	2.15689 8.98946,
	"/>
</Transform>

<Transform dim="3"
 xcoef=" 0.0651399182443373 0.999707424024249 -0.0153700204976635 0 0 0"
 ycoef=" -0.294411165963035 0.00793394585277601 1.00890823768031 0 0 0">
<Contour name="d02c35" hidden="false" closed="true" simplified="true" border="0 1 0" fill="0 1 0" mode="9"
 points="1.71724 7.88994,
	1.72892 7.85256,
	1.73359 7.83387,
	1.73593 7.82452,
	1.73593 7.81985,
	1.74294 7.81051,
	1.74527 7.80583,
	1.75462 7.80583,
	1.75696 7.84322,
	1.74527 7.8806,
	1.7406 7.89929,
	1.7406 7.90863,
	1.7406 7.91331,
	1.72658 7.92966,
	1.71957 7.92032,
	1.71724 7.90162,
	1.71724 7.89228,
	"/>
<Contour name="d02cfa35" hidden="false" closed="false" simplified="false" border="0 1 1" fill="0 1 1" mode="9"
 points="1.75036 7.80725,
	1.727 7.92407,
	"/>
</Transform>

<Transform dim="3"
 xcoef=" 0.0651399182443373 0.999707424024249 -0.0153700204976635 0 0 0"
 ycoef=" -0.294411165963035 0.00793394585277601 1.00890823768031 0 0 0">
<Contour name="d03" hidden="false" closed="true" simplified="true" border="0 1 0" fill="0 1 0" mode="9"
 points="3.25318 2.46388,
	3.25622 2.45779,
	3.2806 2.4395,
	3.29279 2.43341,
	3.29889 2.42884,
	3.30194 2.42426,
	3.30955 2.3755,
	3.31413 2.32674,
	3.31565 2.31456,
	3.32174 2.30237,
	3.3446 2.2856,
	3.35679 2.27951,
	3.38117 2.27341,
	3.38727 2.27189,
	3.41164 2.25665,
	3.42383 2.25056,
	3.43602 2.24142,
	3.4604 2.21856,
	3.48478 2.2018,
	3.50916 2.19418,
	3.53354 2.19266,
	3.55792 2.19723,
	3.57011 2.2018,
	3.5823 2.20332,
	3.60668 2.20027,
	3.60973 2.20027,
	3.62802 2.22465,
	3.63259 2.23075,
	3.68135 2.24294,
	3.77887 2.24599,
	3.82762 2.24294,
	3.852 2.24294,
	3.86419 2.24294,
	3.88857 2.23227,
	3.91143 2.21856,
	3.91905 2.19418,
	3.9221 2.18199,
	3.92362 2.1759,
	3.90686 2.12714,
	3.90229 2.11495,
	3.90381 2.09057,
	3.90381 2.08752,
	3.92819 2.06923,
	3.93429 2.06466,
	3.93733 2.06161,
	3.98609 2.06923,
	4.00895 2.09361,
	4.01962 2.1058,
	4.02571 2.1119,
	4.02876 2.11495,
	4.03942 2.16371,
	4.04247 2.18808,
	4.04247 2.20027,
	4.044 2.20485,
	4.06838 2.20637,
	4.08057 2.20789,
	4.10494 2.21856,
	4.11561 2.22618,
	4.12018 2.25056,
	4.11561 2.27494,
	4.09275 2.3237,
	4.09123 2.33589,
	4.08666 2.34808,
	4.03028 2.4456,
	4.01352 2.46998,
	4.00743 2.47607,
	3.95867 2.4974,
	3.94495 2.52026,
	3.94038 2.53245,
	3.93886 2.54464,
	3.94495 2.5934,
	3.94191 2.61778,
	3.94038 2.62997,
	3.94038 2.63606,
	3.93733 2.64216,
	3.89772 2.69092,
	3.87181 2.73968,
	3.85658 2.76406,
	3.83372 2.78387,
	3.80934 2.80063,
	3.80325 2.8052,
	3.75449 2.81282,
	3.74839 2.81434,
	3.69963 2.79453,
	3.67525 2.78691,
	3.65087 2.76863,
	3.62954 2.74425,
	3.62497 2.73815,
	3.62344 2.73511,
	3.57468 2.72292,
	3.52593 2.72139,
	3.51374 2.72139,
	3.48936 2.71225,
	3.48326 2.71073,
	3.47107 2.70158,
	3.46498 2.69549,
	3.46193 2.6833,
	3.4604 2.65892,
	3.45583 2.63454,
	3.44669 2.61016,
	3.44212 2.59797,
	3.42231 2.57511,
	3.37355 2.56292,
	3.32479 2.53702,
	3.3126 2.5294,
	3.29432 2.50502,
	3.28517 2.49436,
	3.2608 2.48064,
	3.2547 2.47607,
	3.25318 2.4654,
	"/>
</Transform>

<Transform dim="3"
 xcoef=" 0.0651399182443373 0.999707424024249 -0.0153700204976635 0 0 0"
 ycoef=" -0.294411165963035 0.00793394585277601 1.00890823768031 0 0 0">
<Contour name="d03" hidden="false" closed="true" simplified="true" border="0 1 0" fill="0 1 0" mode="9"
 points="2.56509 2.71691,
	2.58407 2.6663,
	2.5904 2.66314,
	2.5904 2.65682,
	2.59672 2.65365,
	2.59988 2.641,
	2.62202 2.62202,
	2.62835 2.6157,
	2.72956 2.61254,
	2.83077 2.6157,
	2.88138 2.6157,
	2.90668 2.62202,
	2.93199 2.63784,
	2.98259 2.65682,
	3.00789 2.66314,
	3.02055 2.66314,
	3.0332 2.66947,
	3.04585 2.66947,
	3.09646 2.69161,
	3.12176 2.69161,
	3.14706 2.7011,
	3.23562 2.79282,
	3.2546 2.81496,
	3.25776 2.86557,
	3.27358 2.96678,
	3.27041 3.01738,
	3.26409 3.04269,
	3.26092 3.05534,
	3.23562 3.07748,
	3.22297 3.09013,
	3.17869 3.12492,
	3.12808 3.16288,
	3.11543 3.17236,
	3.06483 3.19134,
	2.96361 3.1945,
	2.93831 3.1945,
	2.91301 3.18502,
	2.88771 3.16288,
	2.84975 3.11227,
	2.83394 3.08697,
	2.81812 3.07115,
	2.76752 3.07115,
	2.74221 3.07115,
	2.71691 3.06166,
	2.69161 3.04269,
	2.65682 2.99208,
	2.64733 2.96678,
	2.64416 2.94147,
	2.641 2.92882,
	2.63468 2.9225,
	2.62835 2.89719,
	2.61254 2.87189,
	2.59988 2.85924,
	2.5904 2.83394,
	2.58723 2.82129,
	2.57142 2.79598,
	2.56509 2.77068,
	2.56509 2.72007,
	"/>
</Transform>

<Transform dim="3"
 xcoef=" 0.0651399182443373 0.999707424024249 -0.0153700204976635 0 0 0"
 ycoef=" -0.294411165963035 0.00793394585277601 1.00890823768031 0 0 0">
<Contour name="d03p29" hidden="false" closed="true" simplified="false" border="0 1 0" fill="0 1 0" mode="9"
 points="3.3505 2.47448,
	3.3505 2.43458,
	3.3904 2.43458,
	3.3904 2.39468,
	3.4303 2.39468,
	3.4303 2.43458,
	3.4702 2.43458,
	3.4702 2.47448,
	3.4303 2.47448,
	3.4303 2.51437,
	3.3904 2.51437,
	3.3904 2.47448,
	"/>
</Transform>

<Transform dim="3"
 xcoef=" 0.0651399182443373 0.999707424024249 -0.0153700204976635 0 0 0"
 ycoef=" -0.294411165963035 0.00793394585277601 1.00890823768031 0 0 0">
<Contour name="d03p29dia" hidden="false" closed="false" simplified="true" border="0 1 0" fill="0 1 0" mode="9"
 points="2.44297 2.51102,
	3.00184 2.41834,
	"/>
</Transform>

<Transform dim="3"
 xcoef=" 0.0651399182443373 0.999707424024249 -0.0153700204976635 0 0 0"
 ycoef=" -0.294411165963035 0.00793394585277601 1.00890823768031 0 0 0">
<Contour name="d03plinn29" hidden="false" closed="true" simplified="false" border="0 0 1" fill="0 0 1" mode="-13"
 points="3.69417 2.48674,
	3.67206 2.46463,
	3.69417 2.44252,
	3.71628 2.46463,
	"/>
</Transform>

<Transform dim="3"
 xcoef=" 0.0651399182443373 0.999707424024249 -0.0153700204976635 0 0 0"
 ycoef=" -0.294411165963035 0.00793394585277601 1.00890823768031 0 0 0">
<Contour name="d06" hidden="false" closed="true" simplified="true" border="0 0 1" fill="0 0 1" mode="9"
 points="2.51739 6.49274,
	2.53442 6.4689,
	2.54123 6.45527,
	2.56848 6.43483,
	2.59573 6.43483,
	2.60936 6.43483,
	2.62299 6.44505,
	2.62639 6.4723,
	2.6298 6.48593,
	2.64002 6.49615,
	2.66727 6.49956,
	2.67749 6.52681,
	2.69112 6.53703,
	2.68771 6.59153,
	2.6843 6.60516,
	2.6843 6.61197,
	2.67068 6.62219,
	2.66727 6.67669,
	2.67068 6.7312,
	2.66727 6.7857,
	2.64002 6.78229,
	2.62639 6.77548,
	2.59914 6.74823,
	2.58552 6.7346,
	2.5787 6.70735,
	2.5787 6.6801,
	2.57189 6.66647,
	2.52079 6.62219,
	2.51739 6.51318,
	2.51739 6.49956,
	2.51739 6.49615,
	"/>
<Contour name="d06" hidden="false" closed="true" simplified="true" border="0 0 1" fill="0 0 1" mode="9"
 points="2.75584 7.51809,
	2.76946 7.49084,
	2.77287 7.47721,
	2.7899 7.44996,
	2.7865 7.42271,
	2.77628 7.39546,
	2.75925 7.36821,
	2.75925 7.3137,
	2.76265 7.28645,
	2.77628 7.27283,
	2.7899 7.26601,
	2.81716 7.26601,
	2.83078 7.26601,
	2.84441 7.27283,
	2.87166 7.29667,
	2.88188 7.35117,
	2.88188 7.37843,
	2.88188 7.39205,
	2.90913 7.40908,
	2.91935 7.42271,
	2.92616 7.47721,
	2.93979 7.48743,
	2.9466 7.49084,
	2.9432 7.54534,
	2.91935 7.56578,
	2.86485 7.56919,
	2.81034 7.56578,
	2.79672 7.56578,
	2.78309 7.55897,
	2.76946 7.55897,
	2.75584 7.54875,
	2.75584 7.5215,
	"/>
<Contour name="d06" hidden="false" closed="true" simplified="true" border="0 0 1" fill="0 0 1" mode="9"
 points="2.83419 6.86064,
	2.85463 6.80614,
	2.87166 6.77889,
	2.89891 6.75163,
	2.91594 6.72779,
	2.96023 6.6801,
	2.98067 6.65285,
	3.00792 6.629,
	3.06242 6.60856,
	3.08967 6.60856,
	3.1033 6.61197,
	3.12714 6.63241,
	3.13396 6.65966,
	3.1544 6.68691,
	3.16462 6.71416,
	3.19187 6.73801,
	3.20549 6.74823,
	3.23275 6.74482,
	3.26 6.7346,
	3.369 6.67329,
	3.39626 6.66988,
	3.40988 6.67329,
	3.44054 6.72779,
	3.45417 6.74142,
	3.46098 6.74482,
	3.46098 6.79933,
	3.46098 6.82658,
	3.46439 6.8402,
	3.47801 6.85383,
	3.49504 6.90833,
	3.49845 7.01734,
	3.49504 7.04459,
	3.49504 7.05822,
	3.44395 7.1025,
	3.38944 7.12294,
	3.38263 7.12294,
	3.37582 7.12975,
	3.32131 7.14679,
	3.29406 7.15019,
	3.26681 7.16041,
	3.21231 7.16382,
	3.1033 7.20129,
	2.99429 7.20129,
	2.96704 7.19448,
	2.95341 7.18766,
	2.92957 7.16041,
	2.91935 7.13316,
	2.90913 7.11953,
	2.90572 7.10591,
	2.8955 7.09569,
	2.8921 7.08888,
	2.88528 7.08888,
	2.86144 7.06162,
	2.85463 7.03437,
	2.85122 6.97987,
	2.841 6.96624,
	2.83419 6.93899,
	2.83419 6.88449,
	2.83419 6.87086,
	2.83419 6.86405,
	"/>
</Transform>

<Transform dim="3"
 xcoef=" 0.0651399182443373 0.999707424024249 -0.0153700204976635 0 0 0"
 ycoef=" -0.294411165963035 0.00793394585277601 1.00890823768031 0 0 0">
<Contour name="d06" hidden="false" closed="true" simplified="true" border="0 0 1" fill="0 0 1" mode="9"
 points="3.80163 7.0991,
	3.81866 7.07184,
	3.84591 7.05481,
	3.87316 7.04459,
	3.88679 7.03778,
	3.9958 7.03778,
	4.02305 7.048,
	4.07755 7.048,
	4.09118 7.0514,
	4.09458 7.10591,
	4.09118 7.11953,
	4.08436 7.12635,
	4.05711 7.13657,
	4.04349 7.13997,
	4.03667 7.13997,
	4.02986 7.14679,
	4.02305 7.14679,
	3.9958 7.17063,
	3.96854 7.18085,
	3.91404 7.18085,
	3.88679 7.18085,
	3.87316 7.18085,
	3.86635 7.18085,
	3.84932 7.2081,
	3.8425 7.2081,
	3.83569 7.21492,
	3.80844 7.21832,
	3.80163 7.21151,
	3.80163 7.1025,
	"/>
</Transform>

<Transform dim="3"
 xcoef=" 0.0651399182443373 0.999707424024249 -0.0153700204976635 0 0 0"
 ycoef=" -0.294411165963035 0.00793394585277601 1.00890823768031 0 0 0">
<Contour name="d06p23" hidden="false" closed="true" simplified="false" border="1 0 0.5" fill="1 0 0.5" mode="-13"
 points="2.87196 6.85104,
	2.93053 6.85104,
	2.90125 6.90474,
	"/>
</Transform>

<Transform dim="3"
 xcoef=" 0.0651399182443373 0.999707424024249 -0.0153700204976635 0 0 0"
 ycoef=" -0.294411165963035 0.00793394585277601 1.00890823768031 0 0 0">
<Contour name="d06c24" hidden="false" closed="true" simplified="true" border="0 1 0" fill="0 1 0" mode="9"
 points="3.94515 7.1769,
	3.96663 7.14252,
	4.0311 7.10384,
	4.04829 7.09954,
	4.05688 7.09524,
	4.09126 7.11244,
	4.10845 7.12103,
	4.11705 7.12963,
	4.11705 7.16401,
	4.10415 7.1769,
	4.06977 7.1769,
	4.05258 7.1769,
	4.0182 7.19839,
	3.98382 7.21128,
	3.96663 7.21128,
	3.94944 7.20268,
	3.94515 7.18549,
	3.94515 7.1812,
	"/>
<Contour name="d06cfa24" hidden="false" closed="false" simplified="false" border="0 1 1" fill="0 1 1" mode="9"
 points="4.10234 7.11525,
	3.94763 7.19691,
	"/>
</Transform>

<Transform dim="3"
 xcoef=" 0.0651399182443373 0.999707424024249 -0.0153700204976635 0 0 0"
 ycoef=" -0.294411165963035 0.00793394585277601 1.00890823768031 0 0 0">
<Contour name="d06plinn23" hidden="false" closed="true" simplified="false" border="0 0 1" fill="0 0 1" mode="9"
 points="3.16487 6.95721,
	3.13494 6.92728,
	3.16487 6.89735,
	3.19479 6.92728,
	"/>
</Transform>

<Transform dim="3"
 xcoef=" 0.0651399182443373 0.999707424024249 -0.0153700204976635 0 0 0"
 ycoef=" -0.294411165963035 0.00793394585277601 1.00890823768031 0 0 0">
<Contour name="d07" hidden="false" closed="true" simplified="true" border="1 0 1" fill="1 0 1" mode="9"
 points="5.11018 7.20503,
	5.12832 7.19143,
	5.13738 7.19143,
	5.15552 7.17783,
	5.22807 7.15062,
	5.30062 7.14609,
	5.37317 7.11435,
	5.42305 7.0418,
	5.44572 7.01006,
	5.46386 7.00099,
	5.47292 6.98739,
	5.49106 6.96925,
	5.56361 6.92844,
	5.59082 6.90124,
	5.62709 6.8695,
	5.69964 6.8831,
	5.71778 6.88763,
	5.74498 6.92391,
	5.78126 6.94204,
	5.813 6.97832,
	5.81753 6.99646,
	5.83114 7.01459,
	5.8266 7.05087,
	5.7994 7.08261,
	5.76312 7.11435,
	5.69057 7.16423,
	5.67243 7.17329,
	5.66337 7.17329,
	5.6543 7.18236,
	5.61802 7.19597,
	5.47292 7.19597,
	5.40038 7.19597,
	5.38224 7.20503,
	5.37317 7.20503,
	5.30515 7.26398,
	5.26888 7.28665,
	5.25074 7.30026,
	5.17819 7.31386,
	5.14192 7.28212,
	5.11925 7.24584,
	5.11018 7.22771,
	5.11018 7.20957,
	"/>
</Transform>

<Transform dim="3"
 xcoef=" 0.0651399182443373 0.999707424024249 -0.0153700204976635 0 0 0"
 ycoef=" -0.294411165963035 0.00793394585277601 1.00890823768031 0 0 0">
<Contour name="d07" hidden="false" closed="true" simplified="true" border="1 0 1" fill="1 0 1" mode="9"
 points="3.91312 7.44535,
	3.93579 7.40908,
	3.97206 7.38187,
	4.00834 7.36374,
	4.08089 7.3592,
	4.11716 7.35467,
	4.13983 7.31839,
	4.15344 7.28212,
	4.15344 7.20957,
	4.15344 7.19143,
	4.13983 7.15516,
	4.13077 7.13702,
	4.11263 7.12795,
	4.10356 7.12342,
	4.10356 7.10528,
	4.12623 7.06901,
	4.16251 7.03727,
	4.23506 6.98739,
	4.25319 6.97832,
	4.28947 6.94658,
	4.32574 6.92391,
	4.35295 6.89217,
	4.37108 6.88763,
	4.38922 6.89217,
	4.39829 6.89217,
	4.41643 6.9103,
	4.41643 6.98285,
	4.41643 7.00099,
	4.4527 7.0282,
	4.48898 7.03273,
	4.50711 7.0282,
	4.52979 7.06447,
	4.53885 7.08261,
	4.54339 7.09168,
	4.53885 7.10075,
	4.52072 7.10528,
	4.51618 7.11888,
	4.48444 7.15062,
	4.41189 7.15516,
	4.38922 7.17783,
	4.38922 7.2141,
	4.37108 7.22771,
	4.36202 7.24584,
	4.30307 7.31386,
	4.294 7.35013,
	4.28493 7.36374,
	4.28493 7.40001,
	4.27133 7.43629,
	4.26226 7.50883,
	4.26226 7.54511,
	4.27133 7.58138,
	4.2804 7.59952,
	4.31667 7.63126,
	4.35295 7.65393,
	4.37108 7.663,
	4.51618 7.663,
	4.53432 7.663,
	4.60687 7.71741,
	4.65221 7.78996,
	4.67942 7.82624,
	4.69302 7.89879,
	4.70662 7.91692,
	4.71116 8.06202,
	4.70209 8.08016,
	4.68395 8.0983,
	4.67488 8.10736,
	4.60234 8.10736,
	4.56606 8.10736,
	4.54792 8.10283,
	4.51165 8.08016,
	4.47537 8.06656,
	4.45724 8.06202,
	4.4255 8.02575,
	4.40282 7.98947,
	4.36655 7.9532,
	4.33028 7.93959,
	4.31214 7.93506,
	4.23959 7.87158,
	4.20331 7.85798,
	4.18518 7.84891,
	4.1489 7.81263,
	4.11263 7.79903,
	4.04008 7.78996,
	4.02648 7.77182,
	4.02648 7.69928,
	4.01287 7.62673,
	3.9766 7.60406,
	3.95846 7.59952,
	3.92672 7.56325,
	3.91312 7.52697,
	3.91312 7.45442,
	3.91312 7.44989,
	"/>
</Transform>

<Transform dim="3"
 xcoef=" 0.0651399182443373 0.999707424024249 -0.0153700204976635 0 0 0"
 ycoef=" -0.294411165963035 0.00793394585277601 1.00890823768031 0 0 0">
<Contour name="d07c31" hidden="false" closed="true" simplified="true" border="1 0 0" fill="0 1 0" mode="9"
 points="5.67358 6.93479,
	5.69947 6.9089,
	5.72906 6.9089,
	5.73645 6.9089,
	5.75125 6.91999,
	5.75495 6.91259,
	5.78454 6.91259,
	5.79933 6.91999,
	5.81043 6.93479,
	5.81043 6.96437,
	5.81043 6.97177,
	5.78084 6.98657,
	5.77344 6.99396,
	5.71426 6.99026,
	5.69947 6.97917,
	5.68467 6.97547,
	5.67358 6.96068,
	5.67358 6.94588,
	5.67358 6.93848,
	"/>
<Contour name="d07cfa31" hidden="false" closed="false" simplified="false" border="0 1 1" fill="0 1 1" mode="9"
 points="5.81076 6.96001,
	5.78487 6.96371,
	5.70351 6.95631,
	5.69241 6.92302,
	"/>
</Transform>

<Transform dim="3"
 xcoef=" 0.0651399182443373 0.999707424024249 -0.0153700204976635 0 0 0"
 ycoef=" -0.294411165963035 0.00793394585277601 1.00890823768031 0 0 0">
<Contour name="d07c32" hidden="false" closed="true" simplified="true" border="1 0 0" fill="0 1 0" mode="9"
 points="4.13128 7.04574,
	4.14978 7.01615,
	4.20156 6.95698,
	4.26073 6.91629,
	4.31991 6.88301,
	4.3495 6.87931,
	4.35689 6.87931,
	4.36429 6.8867,
	4.3532 6.94588,
	4.3458 6.97547,
	4.3421 6.99026,
	4.3384 6.99766,
	4.3347 6.99026,
	4.27553 7.03465,
	4.24594 7.04574,
	4.21635 7.06423,
	4.20895 7.07163,
	4.20156 7.07163,
	4.18676 7.08273,
	4.15717 7.08273,
	4.14238 7.07903,
	4.13128 7.06793,
	4.13128 7.05314,
	4.13128 7.04944,
	"/>
<Contour name="d07cfa32" hidden="false" closed="false" simplified="false" border="0 1 1" fill="0 1 1" mode="9"
 points="4.14272 7.07466,
	4.1834 7.03768,
	4.23148 6.9933,
	4.30545 6.93042,
	4.35353 6.88234,
	"/>
</Transform>

<Transform dim="3"
 xcoef=" 0.0651399182443373 0.999707424024249 -0.0153700204976635 0 0 0"
 ycoef=" -0.294411165963035 0.00793394585277601 1.00890823768031 0 0 0">
<Contour name="mito JB16" hidden="false" closed="false" simplified="true" border="1 0.5 0" fill="1 0.5 0" mode="9"
 points="5.67781 3.96142,
	5.79896 3.79438,
	"/>
</Transform>

<Transform dim="3"
 xcoef=" 0.0651399182443373 0.999707424024249 -0.0153700204976635 0 0 0"
 ycoef=" -0.294411165963035 0.00793394585277601 1.00890823768031 0 0 0">
<Contour name="PSDd01ax32db" hidden="false" closed="false" simplified="false" border="0 1 0.25098" fill="0 0 1" mode="11"
 points="3.91661 3.51979,
	3.89753 3.53441,
	3.87401 3.55348,
	3.85177 3.57827,
	3.82698 3.62086,
	"/>
</Transform>

<Transform dim="3"
 xcoef=" -1.21175024719502 1.18012869717116 0.0616812224342697 0 0 0"
 ycoef=" -1.58166259927433 0.0422904076629838 1.07595601143443 0 0 0">
<Image mag="0.00217507" contrast="1" brightness="0.1" red="true" green="true" blue="true"
 src="FHLTD.184.jpg" />
<Contour name="domain1" hidden="false" closed="true" simplified="false" border="1 0 1" fill="1 0 1" mode="11"
 points="0 0,
	4096 0,
	4096 4096,
	0 4096,
	"/>
</Transform>

<Transform dim="3"
 xcoef=" 0.0651399182443373 0.999707424024249 -0.0153700204976635 0 0 0"
 ycoef=" -0.294411165963035 0.00793394585277601 1.00890823768031 0 0 0">
<Contour name="d03p28" hidden="false" closed="true" simplified="false" border="1 0 0" fill="1 0 0" mode="-9"
 points="3.97514 2.27245,
	3.95751 2.27245,
	3.95751 2.28127,
	3.96633 2.29009,
	3.99278 2.2989,
	3.97514 2.30772,
	3.96633 2.32535,
	3.9487 2.30772,
	3.93988 2.29009,
	3.93988 2.27245,
	3.92225 2.27245,
	3.9487 2.25482,
	"/>
</Transform>

<Transform dim="3"
 xcoef=" 0.0651399182443373 0.999707424024249 -0.0153700204976635 0 0 0"
 ycoef=" -0.294411165963035 0.00793394585277601 1.00890823768031 0 0 0">
<Contour name="d07p32" hidden="false" closed="true" simplified="false" border="0.5 0 1" fill="0.5 0 1" mode="9"
 points="4.17918 7.41632,
	4.17174 7.41384,
	4.17918 7.41136,
	4.17422 7.40391,
	4.18166 7.40887,
	4.18415 7.40143,
	4.18663 7.40887,
	4.19407 7.40391,
	4.18911 7.41136,
	4.19655 7.41384,
	4.18911 7.41632,
	4.19407 7.42376,
	4.18663 7.4188,
	4.18415 7.42624,
	4.18166 7.4188,
	4.17422 7.42376,
	"/>
</Transform>

<Transform dim="1"
 xcoef=" 0.0184311085036907 1 0 0 0 0"
 ycoef=" -0.138233313777681 0 1 0 0 0">
<Contour name="Total X-sectioned length" hidden="false" closed="false" simplified="true" border="1 0 0" fill="1 0 0" mode="9"
 points="4.18412 3.92876,
	4.19805 3.92682,
	"/>
</Transform>

<Transform dim="1"
 xcoef=" 0.0184311085036907 1 0 0 0 0"
 ycoef=" -0.138233313777681 0 1 0 0 0">
<Contour name="Total X-sectioned length" hidden="false" closed="false" simplified="true" border="1 0 0" fill="1 0 0" mode="9"
 points="4.17599 3.88347,
	4.19573 3.88192,
	"/>
</Transform>

<Transform dim="1"
 xcoef=" 0.0184311085036907 1 0 0 0 0"
 ycoef=" -0.138233313777681 0 1 0 0 0">
<Contour name="Total X-sectioned length" hidden="false" closed="false" simplified="true" border="1 0 0" fill="1 0 0" mode="9"
 points="4.20308 3.97327,
	4.21895 3.96088,
	"/>
</Transform>

<Transform dim="1"
 xcoef=" 0.0184311085036907 1 0 0 0 0"
 ycoef=" -0.138233313777681 0 1 0 0 0">
<Contour name="Total X-sectioned length" hidden="false" closed="false" simplified="true" border="1 0 0" fill="1 0 0" mode="9"
 points="4.17836 3.82815,
	4.19919 3.83182,
	"/>
</Transform>

<Transform dim="1"
 xcoef=" 0.0184311085036907 1 0 0 0 0"
 ycoef=" -0.138233313777681 0 1 0 0 0">
<Contour name="d01" hidden="false" closed="true" simplified="true" border="1 0.5 0" fill="1 0.5 0" mode="9"
 points="3.45701 4.87897,
	3.46734 4.85777,
	3.48833 4.83648,
	3.53104 4.84143,
	3.57391 4.85693,
	3.58457 4.85685,
	3.59538 4.86732,
	3.63809 4.87226,
	3.72318 4.86104,
	3.76557 4.84486,
	3.85001 4.79139,
	3.89207 4.7541,
	3.90781 4.73813,
	3.95027 4.72724,
	3.9929 4.7269,
	4.01421 4.72674,
	4.02504 4.73721,
	4.01036 4.82181,
	3.99501 4.86418,
	3.94836 4.94903,
	3.94368 4.99131,
	3.93334 5.01251,
	3.92819 5.02312,
	3.84317 5.03963,
	3.82186 5.03979,
	3.77883 5.01373,
	3.75719 4.99278,
	3.71424 4.97199,
	3.6289 4.96739,
	3.58627 4.96773,
	3.57044 4.97841,
	3.52782 4.97874,
	3.5065 4.97891,
	3.48503 4.96852,
	3.46872 4.94753,
	3.4579 4.93705,
	3.45726 4.89481,
	3.45709 4.88425,
	"/>
<Contour name="d01cfa35ax04" hidden="false" closed="false" simplified="false" border="0 1 1" fill="0 1 1" mode="9"
 points="3.88618 4.76876,
	3.87181 4.78756,
	3.82826 4.81697,
	3.77217 4.84855,
	3.69713 4.87406,
	3.64681 4.87237,
	3.61316 4.86433,
	"/>
</Transform>

<Transform dim="1"
 xcoef=" 0.0184311085036907 1 0 0 0 0"
 ycoef=" -0.138233313777681 0 1 0 0 0">
<Contour name="ax04" comment="LK bouton trace named after cfa" hidden="false" closed="true" simplified="true" border="0 1 1" fill="0.502 1 1" mode="9"
 points="3.23545 4.56072,
	3.24111 4.55318,
	3.24299 4.54942,
	3.24487 4.54753,
	3.24958 4.51739,
	3.2477 4.50232,
	3.24864 4.48725,
	3.25147 4.47972,
	3.2656 4.46464,
	3.26936 4.46182,
	3.2995 4.45711,
	3.30704 4.45617,
	3.31457 4.4524,
	3.31834 4.44957,
	3.32494 4.4345,
	3.32776 4.42697,
	3.32776 4.39683,
	3.32494 4.36669,
	3.32399 4.35162,
	3.32682 4.33655,
	3.34001 4.3064,
	3.34472 4.29133,
	3.34754 4.27626,
	3.35413 4.26119,
	3.37297 4.23105,
	3.38333 4.21598,
	3.38804 4.20845,
	3.4163 4.1783,
	3.42572 4.16323,
	3.44079 4.14816,
	3.47093 4.13403,
	3.50107 4.11614,
	3.53121 4.10107,
	3.56135 4.09259,
	3.5915 4.08694,
	3.62164 4.08411,
	3.63671 4.08317,
	3.66685 4.08506,
	3.67438 4.08506,
	3.70452 4.09165,
	3.73467 4.10295,
	3.74974 4.10955,
	3.75727 4.11425,
	3.76104 4.11708,
	3.77517 4.14722,
	3.77894 4.15476,
	3.78082 4.15852,
	3.78835 4.16135,
	3.80343 4.16323,
	3.80719 4.16323,
	3.82226 4.16889,
	3.8298 4.17265,
	3.84487 4.18584,
	3.85994 4.19714,
	3.86747 4.20279,
	3.87878 4.21786,
	3.89196 4.23294,
	3.89856 4.24047,
	3.90609 4.25554,
	3.90892 4.26308,
	3.90986 4.27815,
	3.90327 4.30829,
	3.9108 4.32336,
	3.9174 4.33089,
	3.93247 4.33937,
	3.94 4.34314,
	3.94377 4.34691,
	3.9466 4.35444,
	3.95036 4.38458,
	3.9513 4.39965,
	3.95225 4.40719,
	3.95036 4.42226,
	3.94754 4.42979,
	3.94565 4.44486,
	3.94848 4.45993,
	3.96449 4.49008,
	3.97014 4.49761,
	3.97391 4.50138,
	3.98145 4.51645,
	3.98333 4.53152,
	3.9805 4.54659,
	3.97768 4.55413,
	3.97297 4.58427,
	3.96826 4.64455,
	3.96543 4.67469,
	3.94942 4.70483,
	3.93435 4.7199,
	3.90421 4.7378,
	3.88914 4.74628,
	3.859 4.76794,
	3.79872 4.80091,
	3.78364 4.80844,
	3.7535 4.82728,
	3.72336 4.84235,
	3.70829 4.84894,
	3.67815 4.85459,
	3.64801 4.85648,
	3.61787 4.85554,
	3.6028 4.85459,
	3.58773 4.85177,
	3.57266 4.84706,
	3.54252 4.83293,
	3.53498 4.82822,
	3.50484 4.82351,
	3.48977 4.82257,
	3.48223 4.82163,
	3.46716 4.81503,
	3.45209 4.80467,
	3.42384 4.77547,
	3.41913 4.76794,
	3.41159 4.7604,
	3.40782 4.75664,
	3.40406 4.75475,
	3.37391 4.7491,
	3.35884 4.74345,
	3.3287 4.72744,
	3.31363 4.71802,
	3.28349 4.70389,
	3.26842 4.6973,
	3.26089 4.69447,
	3.24864 4.68034,
	3.24582 4.66527,
	3.24582 4.6502,
	3.25241 4.63513,
	3.25429 4.62006,
	3.25429 4.61252,
	3.25429 4.60876,
	3.23828 4.57862,
	3.23545 4.57108,
	3.23545 4.56354,
	3.23545 4.56166,
	"/>
</Transform>

<Transform dim="1"
 xcoef=" 0.0184311085036907 1 0 0 0 0"
 ycoef=" -0.138233313777681 0 1 0 0 0">
<Contour name="d03" hidden="false" closed="true" simplified="true" border="0 1 0" fill="0 1 0" mode="9"
 points="2.44418 2.6017,
	2.46915 2.57956,
	2.50634 2.52912,
	2.55667 2.50991,
	2.65785 2.50598,
	2.6705 2.50588,
	2.72083 2.48667,
	2.74603 2.4802,
	2.77115 2.46747,
	2.82172 2.46394,
	2.84707 2.46687,
	2.85973 2.46677,
	2.88518 2.47598,
	2.89783 2.47588,
	2.91058 2.48205,
	2.91701 2.48826,
	2.94236 2.49121,
	2.96795 2.50981,
	2.98061 2.50971,
	3.00607 2.51891,
	3.03161 2.53439,
	3.08233 2.54026,
	3.13313 2.5524,
	3.14276 2.56173,
	3.14602 2.56798,
	3.17138 2.57091,
	3.18753 2.59273,
	3.19406 2.60521,
	3.19108 2.61778,
	3.16922 2.63676,
	3.11886 2.65283,
	3.10635 2.66233,
	3.05602 2.68154,
	3.0498 2.68786,
	3.04346 2.68791,
	3.03723 2.69422,
	3.01207 2.70383,
	2.80971 2.71169,
	2.75919 2.71836,
	2.65796 2.71915,
	2.63261 2.71622,
	2.60715 2.70701,
	2.58156 2.6884,
	2.5307 2.67313,
	2.518 2.6701,
	2.5052 2.66079,
	2.47975 2.65159,
	2.4542 2.63611,
	2.44452 2.62365,
	2.44433 2.61111,
	2.44423 2.60485,
	"/>
<Contour name="d03cfa29ax12" hidden="false" closed="false" simplified="false" border="0 1 1" fill="0 1 1" mode="9"
 points="2.51916 2.51141,
	2.58641 2.49975,
	2.61449 2.49953,
	2.70693 2.4821,
	2.78532 2.46479,
	2.83566 2.45047,
	"/>
<Contour name="d03c29ax12_ssvda" hidden="false" closed="true" simplified="false" border="1 0 0" fill="0 0 1" mode="-11"
 points="2.72112 2.43734,
	2.71581 2.4322,
	2.72096 2.42697,
	2.72627 2.43212,
	"/>
<Contour name="d03c29ax12_ssvda" hidden="false" closed="true" simplified="false" border="1 0 0" fill="0 0 1" mode="-11"
 points="2.61593 2.45002,
	2.61062 2.44488,
	2.61577 2.43966,
	2.62108 2.4448,
	"/>
<Contour name="d03c29ax12_ssvr" hidden="false" closed="true" simplified="false" border="0 1 0.501961" fill="0 0 1" mode="-11"
 points="2.74758 2.40899,
	2.74227 2.40385,
	2.74742 2.39863,
	2.75273 2.40377,
	"/>
<Contour name="d03c29ax12_ssvr" hidden="false" closed="true" simplified="false" border="0 1 0.501961" fill="0 0 1" mode="-11"
 points="2.76341 2.36889,
	2.7581 2.36374,
	2.76325 2.35852,
	2.76856 2.36366,
	"/>
<Contour name="d03c29ax12_ssvr" hidden="false" closed="true" simplified="false" border="0 1 0.501961" fill="0 0 1" mode="-11"
 points="2.71613 2.35593,
	2.71082 2.35078,
	2.71597 2.34556,
	2.72128 2.3507,
	"/>
<Contour name="d03c29ax12_ssvr" hidden="false" closed="true" simplified="false" border="0 1 0.501961" fill="0 0 1" mode="-11"
 points="2.70554 2.39599,
	2.70023 2.39085,
	2.70538 2.38563,
	2.71069 2.39077,
	"/>
<Contour name="d03c29ax12_ssvr" hidden="false" closed="true" simplified="false" border="0 1 0.501961" fill="0 0 1" mode="-11"
 points="2.63906 2.39875,
	2.63375 2.3936,
	2.6389 2.38838,
	2.64421 2.39352,
	"/>
<Contour name="d03c29ax12_ssvr" hidden="false" closed="true" simplified="false" border="0 1 0.501961" fill="0 0 1" mode="-11"
 points="2.65806 2.37046,
	2.65275 2.36532,
	2.6579 2.36009,
	2.66321 2.36523,
	"/>
<Contour name="d03c29ax12_ssvr" hidden="false" closed="true" simplified="false" border="0 1 0.501961" fill="0 0 1" mode="-11"
 points="2.69107 2.3302,
	2.68576 2.32506,
	2.69091 2.31984,
	2.69622 2.32498,
	"/>
<Contour name="d03c29ax12_ssvr" hidden="false" closed="true" simplified="false" border="0 1 0.501961" fill="0 0 1" mode="-11"
 points="2.71937 2.27518,
	2.71406 2.27004,
	2.71921 2.26481,
	2.72452 2.26996,
	"/>
<Contour name="d03c29ax12_ssvr" hidden="false" closed="true" simplified="false" border="0 1 0.501961" fill="0 0 1" mode="-11"
 points="2.72159 2.17668,
	2.71628 2.17154,
	2.72143 2.16631,
	2.72674 2.17145,
	"/>
<Contour name="d03c29ax12_ssvr" hidden="false" closed="true" simplified="false" border="0 1 0.501961" fill="0 0 1" mode="-11"
 points="2.68912 2.20285,
	2.6838 2.19771,
	2.68896 2.19249,
	2.69427 2.19763,
	"/>
<Contour name="d03c29ax12_ssvr" hidden="false" closed="true" simplified="false" border="0 1 0.501961" fill="0 0 1" mode="-11"
 points="2.70185 2.25385,
	2.69654 2.24871,
	2.70169 2.24348,
	2.707 2.24862,
	"/>
<Contour name="d03c29ax12_ssvr" hidden="false" closed="true" simplified="false" border="0 1 0.501961" fill="0 0 1" mode="-11"
 points="2.59632 2.19544,
	2.59101 2.19029,
	2.59616 2.18507,
	2.60148 2.19021,
	"/>
<Contour name="d03c29ax12_ssvr" hidden="false" closed="true" simplified="false" border="0 1 0.501961" fill="0 0 1" mode="-11"
 points="2.58244 2.26441,
	2.57713 2.25927,
	2.58228 2.25405,
	2.58759 2.25919,
	"/>
<Contour name="d03c29ax12_ssvr" hidden="false" closed="true" simplified="false" border="0 1 0.501961" fill="0 0 1" mode="-11"
 points="2.56567 2.24233,
	2.56036 2.23719,
	2.56551 2.23197,
	2.57082 2.23711,
	"/>
<Contour name="d03c29ax12_ssvr" hidden="false" closed="true" simplified="false" border="0 1 0.501961" fill="0 0 1" mode="-11"
 points="2.53443 2.20407,
	2.52912 2.19893,
	2.53427 2.1937,
	2.53958 2.19885,
	"/>
<Contour name="d03c29ax12_ssvr" hidden="false" closed="true" simplified="false" border="0 1 0.501961" fill="0 0 1" mode="-11"
 points="2.51614 2.18126,
	2.51083 2.17612,
	2.51598 2.17089,
	2.52129 2.17603,
	"/>
<Contour name="d03c29ax12_ssvr" hidden="false" closed="true" simplified="false" border="0 1 0.501961" fill="0 0 1" mode="-11"
 points="2.48877 2.29625,
	2.48346 2.29111,
	2.48861 2.28588,
	2.49392 2.29103,
	"/>
<Contour name="d03c29ax12_ssvr" hidden="false" closed="true" simplified="false" border="0 1 0.501961" fill="0 0 1" mode="-11"
 points="2.49308 2.33398,
	2.48777 2.32884,
	2.49292 2.32361,
	2.49823 2.32876,
	"/>
<Contour name="d03c29ax12_ssvr" hidden="false" closed="true" simplified="false" border="0 1 0.501961" fill="0 0 1" mode="-11"
 points="2.5394 2.33288,
	2.53409 2.32774,
	2.53924 2.32252,
	2.54455 2.32766,
	"/>
<Contour name="d03c29ax12_ssvr" hidden="false" closed="true" simplified="false" border="0 1 0.501961" fill="0 0 1" mode="-11"
 points="2.57196 2.31115,
	2.56664 2.30601,
	2.5718 2.30078,
	2.57711 2.30592,
	"/>
<Contour name="d03c29ax12_ssvr" hidden="false" closed="true" simplified="false" border="0 1 0.501961" fill="0 0 1" mode="-11"
 points="2.60467 2.30052,
	2.59936 2.29538,
	2.60451 2.29016,
	2.60982 2.2953,
	"/>
<Contour name="d03c29ax12_ssvr" hidden="false" closed="true" simplified="false" border="0 1 0.501961" fill="0 0 1" mode="-11"
 points="2.61322 2.37081,
	2.60791 2.36567,
	2.61307 2.36044,
	2.61838 2.36559,
	"/>
<Contour name="d03c29ax12_ssvr" hidden="false" closed="true" simplified="false" border="0 1 0.501961" fill="0 0 1" mode="-11"
 points="2.57163 2.38742,
	2.56632 2.38228,
	2.57147 2.37706,
	2.57678 2.3822,
	"/>
<Contour name="d03c29ax12_ssvr" hidden="false" closed="true" simplified="false" border="0 1 0.501961" fill="0 0 1" mode="-11"
 points="2.57164 2.33929,
	2.56633 2.33415,
	2.57148 2.32892,
	2.57679 2.33407,
	"/>
<Contour name="d03c29ax12_ssvr" hidden="false" closed="true" simplified="false" border="0 1 0.501961" fill="0 0 1" mode="-11"
 points="2.53415 2.08855,
	2.52884 2.08341,
	2.53399 2.07819,
	2.5393 2.08333,
	"/>
</Transform>

<Transform dim="1"
 xcoef=" 0.0184311085036907 1 0 0 0 0"
 ycoef=" -0.138233313777681 0 1 0 0 0">
<Contour name="ax12" comment="LK bouton trace named after cfa" hidden="false" closed="true" simplified="true" border="0 1 1" fill="0.502 1 1" mode="9"
 points="2.33224 1.95711,
	"/>
</Transform>

<Transform dim="1"
 xcoef=" 0.0184311085036907 1 0 0 0 0"
 ycoef=" -0.138233313777681 0 1 0 0 0">
<Contour name="ax12" comment="LK bouton trace named after cfa" hidden="false" closed="true" simplified="true" border="0 1 1" fill="0.502 1 1" mode="9"
 points="2.08396 2.16437,
	2.08796 2.15015,
	2.09551 2.13593,
	2.10039 2.12883,
	2.1035 2.12527,
	2.10528 2.12349,
	2.1075 2.11994,
	2.11417 2.11283,
	2.12483 2.09862,
	2.12971 2.09151,
	2.14304 2.06308,
	2.14437 2.05952,
	2.14482 2.05775,
	2.15059 2.05064,
	2.1577 2.04931,
	2.15948 2.04931,
	2.17369 2.05553,
	2.17547 2.05641,
	2.17903 2.05508,
	2.18613 2.05064,
	2.1928 2.04397,
	2.19857 2.03687,
	2.20168 2.03331,
	2.20568 2.02621,
	2.20835 2.0191,
	2.21545 2.00488,
	2.21901 1.99777,
	2.22078 1.99422,
	2.22567 1.98711,
	2.22789 1.98356,
	2.23456 1.97645,
	2.24122 1.97156,
	2.25544 1.96979,
	2.28387 1.97067,
	2.29808 1.97067,
	2.30519 1.96934,
	2.3123 1.96712,
	2.31585 1.96579,
	2.31763 1.96534,
	2.31941 1.96401,
	2.32296 1.96268,
	2.33718 1.95424,
	2.33895 1.9529,
	2.3394 1.95202,
	2.35361 1.95113,
	2.35717 1.95068,
	2.36428 1.95157,
	2.36605 1.95202,
	2.37227 1.95912,
	2.37405 1.9609,
	2.37716 1.96801,
	2.3776 1.97156,
	2.39138 1.99999,
	2.39271 2.00355,
	2.39715 2.01066,
	2.39982 2.01421,
	2.40648 2.02132,
	2.40914 2.02487,
	2.41092 2.02665,
	2.41803 2.02931,
	2.43225 2.03065,
	2.43935 2.03198,
	2.44291 2.03198,
	2.45712 2.03509,
	2.46423 2.03642,
	2.46779 2.03687,
	2.482 2.04309,
	2.48911 2.04575,
	2.49622 2.04975,
	2.49977 2.05242,
	2.5282 2.05775,
	2.53531 2.05908,
	2.54242 2.05952,
	2.54597 2.05952,
	2.55308 2.06174,
	2.55663 2.06174,
	2.57085 2.06752,
	2.59928 2.08085,
	2.6135 2.08218,
	2.62061 2.08262,
	2.62416 2.08307,
	2.62594 2.08307,
	2.64015 2.08884,
	2.64726 2.0924,
	2.65081 2.09373,
	2.66503 2.09506,
	2.67214 2.09551,
	2.67925 2.09684,
	2.68635 2.09906,
	2.70057 2.10128,
	2.729 2.10883,
	2.73611 2.10972,
	2.73966 2.1115,
	2.74677 2.11239,
	2.74855 2.11239,
	2.76276 2.12172,
	2.7912 2.13682,
	2.80541 2.14437,
	2.80897 2.14615,
	2.81607 2.15148,
	2.83029 2.1657,
	2.83695 2.17281,
	2.84762 2.18702,
	2.86139 2.21545,
	2.8645 2.22256,
	2.86894 2.23678,
	2.87027 2.25099,
	2.87027 2.26521,
	2.87338 2.27943,
	2.87249 2.28653,
	2.87027 2.29364,
	2.86316 2.30786,
	2.85872 2.31496,
	2.85339 2.32207,
	2.85117 2.32563,
	2.84984 2.33273,
	2.84939 2.33629,
	2.85117 2.3505,
	2.8525 2.35761,
	2.85872 2.37183,
	2.86005 2.37894,
	2.85961 2.38604,
	2.85872 2.3896,
	2.85872 2.39138,
	2.85694 2.39493,
	2.84317 2.4087,
	2.83607 2.41581,
	2.83251 2.41936,
	2.83073 2.42114,
	2.81652 2.42825,
	2.8023 2.43402,
	2.78809 2.43891,
	2.78098 2.44113,
	2.76676 2.44824,
	2.75965 2.4509,
	2.75255 2.45224,
	2.74544 2.45268,
	2.73122 2.45535,
	2.72412 2.45846,
	2.7099 2.4589,
	2.70635 2.4589,
	2.69924 2.46201,
	2.69213 2.46423,
	2.6637 2.46956,
	2.66014 2.47001,
	2.64593 2.47489,
	2.63171 2.47889,
	2.60328 2.48156,
	2.58906 2.48289,
	2.56063 2.49044,
	2.55708 2.49177,
	2.54997 2.49266,
	2.54286 2.49266,
	2.53576 2.49177,
	2.5322 2.49089,
	2.52865 2.48866,
	2.52198 2.482,
	2.52021 2.48022,
	2.51621 2.47312,
	2.51265 2.47001,
	2.50555 2.46601,
	2.49133 2.45624,
	2.48422 2.45135,
	2.48067 2.44913,
	2.47711 2.44779,
	2.4629 2.43847,
	2.45579 2.43358,
	2.44868 2.42958,
	2.43447 2.41759,
	2.42736 2.41314,
	2.41314 2.40559,
	2.40604 2.40115,
	2.39893 2.39848,
	2.39537 2.39759,
	2.3936 2.39671,
	2.38649 2.39671,
	2.38293 2.39759,
	2.36872 2.39715,
	2.36161 2.39671,
	2.35983 2.39582,
	2.34562 2.39315,
	2.3314 2.38827,
	2.32429 2.3856,
	2.32252 2.38471,
	2.3083 2.38249,
	2.30119 2.38293,
	2.29409 2.38249,
	2.29053 2.38205,
	2.28698 2.38071,
	2.27987 2.37449,
	2.27632 2.36739,
	2.27454 2.36383,
	2.27365 2.36028,
	2.2701 2.35317,
	2.26832 2.34606,
	2.26521 2.33895,
	2.26121 2.33185,
	2.26121 2.33007,
	2.25855 2.32652,
	2.25188 2.31941,
	2.24611 2.3123,
	2.24122 2.30519,
	2.239 2.30164,
	2.23589 2.29808,
	2.22612 2.28387,
	2.22034 2.27676,
	2.20612 2.26299,
	2.20257 2.26077,
	2.20079 2.25899,
	2.19369 2.25455,
	2.19013 2.25188,
	2.18302 2.24833,
	2.17592 2.24611,
	2.1617 2.24522,
	2.15459 2.24433,
	2.14038 2.24433,
	2.13327 2.24344,
	2.12971 2.243,
	2.12616 2.24166,
	2.11905 2.24033,
	2.1155 2.239,
	2.10839 2.23411,
	2.10128 2.22834,
	2.09817 2.22478,
	2.0964 2.22301,
	2.09195 2.2159,
	2.09062 2.21412,
	2.08751 2.19991,
	2.08662 2.19635,
	2.08662 2.1928,
	2.0844 2.18569,
	2.08396 2.17147,
	2.08396 2.16481,
	"/>
</Transform>

<Transform dim="1"
 xcoef=" 0.0184311085036907 1 0 0 0 0"
 ycoef=" -0.138233313777681 0 1 0 0 0">
<Contour name="ax23" comment="LK bouton trace named after cfa" hidden="false" closed="true" simplified="true" border="0 1 1" fill="0.502 1 1" mode="9"
 points="4.02976 9.01187,
	4.03299 9.0067,
	4.03557 9.00412,
	4.03428 8.99895,
	4.03363 8.98861,
	4.03363 8.98344,
	4.03557 8.97827,
	4.03686 8.96793,
	4.03622 8.9576,
	4.03686 8.95243,
	4.03686 8.94984,
	4.04203 8.93951,
	4.04526 8.92917,
	4.04526 8.924,
	4.04526 8.92142,
	4.05043 8.91108,
	4.05302 8.90591,
	4.0556 8.89557,
	4.0556 8.88523,
	4.05366 8.8749,
	4.05302 8.86456,
	4.05366 8.85422,
	4.064 8.83354,
	4.06529 8.83096,
	4.06529 8.82062,
	4.06594 8.81933,
	4.05689 8.80899,
	4.05237 8.80382,
	4.04914 8.79866,
	4.04785 8.79607,
	4.04655 8.78573,
	4.04655 8.76506,
	4.04332 8.75472,
	4.04203 8.75214,
	4.04009 8.73146,
	4.04074 8.71079,
	4.0472 8.69011,
	4.06012 8.66943,
	4.06917 8.65974,
	4.07434 8.65651,
	4.08403 8.64682,
	4.0892 8.64165,
	4.09178 8.63907,
	4.11246 8.6255,
	4.12279 8.61968,
	4.12796 8.61645,
	4.1383 8.61452,
	4.15898 8.61516,
	4.20033 8.61128,
	4.21067 8.61193,
	4.23134 8.61645,
	4.24168 8.61839,
	4.25202 8.62291,
	4.25718 8.62615,
	4.26752 8.63648,
	4.27915 8.65716,
	4.28238 8.66233,
	4.28755 8.66556,
	4.29789 8.66814,
	4.30306 8.67137,
	4.30823 8.6759,
	4.31017 8.67848,
	4.3121 8.68882,
	4.30952 8.70949,
	4.305 8.73017,
	4.30435 8.74051,
	4.30629 8.75084,
	4.30887 8.75601,
	4.3134 8.75989,
	4.32373 8.7657,
	4.3289 8.76893,
	4.3373 8.77863,
	4.33924 8.78121,
	4.35604 8.82256,
	4.36638 8.84324,
	4.37155 8.85357,
	4.37219 8.86391,
	4.36896 8.88459,
	4.36702 8.89492,
	4.36379 8.90526,
	4.3625 8.91043,
	4.35281 8.93111,
	4.3457 8.94144,
	4.33342 8.96212,
	4.32567 8.97246,
	4.31533 8.9815,
	4.305 8.98796,
	4.29466 8.99055,
	4.27398 8.99055,
	4.25331 8.98732,
	4.24297 8.98861,
	4.23263 8.99249,
	4.22746 8.99572,
	4.21713 9.00541,
	4.20679 9.01381,
	4.18611 9.02608,
	4.17578 9.02802,
	4.16544 9.02867,
	4.16027 9.02996,
	4.15768 9.02996,
	4.14735 9.03384,
	4.13701 9.04094,
	4.12667 9.04934,
	4.1215 9.05322,
	4.11633 9.05516,
	4.106 9.05516,
	4.10083 9.05451,
	4.09566 9.05193,
	4.09307 9.04999,
	4.09049 9.04934,
	4.08532 9.04611,
	4.08015 9.04482,
	4.05948 9.04418,
	4.04914 9.04353,
	4.04397 9.04159,
	4.04139 9.0403,
	4.03105 9.03125,
	4.02976 9.02867,
	4.02976 9.01833,
	4.02976 9.01316,
	4.02976 9.01252,
	"/>
</Transform>

<Transform dim="1"
 xcoef=" 0.0184311085036907 1 0 0 0 0"
 ycoef=" -0.138233313777681 0 1 0 0 0">
<Contour name="d01c35ax04" hidden="false" closed="true" simplified="true" border="0 1 0" fill="0 1 0" mode="9"
 points="3.59366 4.91203,
	3.61265 4.86141,
	3.62134 4.8361,
	3.62609 4.82345,
	3.62846 4.81712,
	3.634 4.81317,
	3.83646 4.72934,
	3.84911 4.7238,
	3.85228 4.72222,
	3.89024 4.77205,
	3.90843 4.79735,
	3.91792 4.81001,
	3.92029 4.81317,
	3.86967 4.85509,
	3.84437 4.87565,
	3.83804 4.88039,
	3.83488 4.88277,
	3.78426 4.90016,
	3.75895 4.90886,
	3.75263 4.91045,
	3.6514 4.91282,
	3.60078 4.91361,
	3.59446 4.91361,
	3.59366 4.91282,
	"/>
</Transform>

<Transform dim="1"
 xcoef=" 0.0184311085036907 1 0 0 0 0"
 ycoef=" -0.138233313777681 0 1 0 0 0">
<Contour name="d03c29ax12" hidden="false" closed="true" simplified="true" border="0 1 0" fill="0 1 0" mode="9"
 points="2.51782 2.50703,
	2.51889 2.43799,
	2.51997 2.42936,
	2.79613 2.37218,
	2.81339 2.36895,
	2.85331 2.50703,
	2.85547 2.51566,
	2.85115 2.51782,
	2.57499 2.57283,
	2.54047 2.5793,
	2.52321 2.58254,
	2.51889 2.58362,
	2.51782 2.51458,
	2.51782 2.51026,
	2.51782 2.50811,
	"/>
</Transform>

<Transform dim="1"
 xcoef=" 0.0184311085036907 1 0 0 0 0"
 ycoef=" -0.138233313777681 0 1 0 0 0">
<Contour name="d01c35ax04_ssvr" hidden="false" closed="true" simplified="false" border="0 1 0.251" fill="0 1 0.251" mode="11"
 points="3.62578 4.16176,
	3.61805 4.15402,
	3.62578 4.14629,
	3.63352 4.15402,
	"/>
<Contour name="d01c35ax04_ssvr" hidden="false" closed="true" simplified="false" border="0 1 0.251" fill="0 1 0.251" mode="11"
 points="3.56282 4.18053,
	3.55509 4.1728,
	3.56282 4.16507,
	3.57056 4.1728,
	"/>
<Contour name="d01c35ax04_ssvr" hidden="false" closed="true" simplified="false" border="0 1 0.251" fill="0 1 0.251" mode="11"
 points="3.53631 4.13304,
	3.52858 4.1253,
	3.53631 4.11757,
	3.54405 4.1253,
	"/>
<Contour name="d01c35ax04_ssvr" hidden="false" closed="true" simplified="false" border="0 1 0.251" fill="0 1 0.251" mode="11"
 points="3.48771 4.18716,
	3.47998 4.17943,
	3.48771 4.1717,
	3.49544 4.17943,
	"/>
<Contour name="d01c35ax04_ssvr" hidden="false" closed="true" simplified="false" border="0 1 0.251" fill="0 1 0.251" mode="11"
 points="3.57829 4.24791,
	3.57056 4.24018,
	3.57829 4.23245,
	3.58602 4.24018,
	"/>
<Contour name="d01c35ax04_ssvr" hidden="false" closed="true" simplified="false" border="0 1 0.251" fill="0 1 0.251" mode="11"
 points="3.61143 4.23134,
	3.60369 4.22361,
	3.61143 4.21588,
	3.61916 4.22361,
	"/>
<Contour name="d01c35ax04_ssvr" hidden="false" closed="true" simplified="false" border="0 1 0.251" fill="0 1 0.251" mode="11"
 points="3.60922 4.28105,
	3.60148 4.27332,
	3.60922 4.26559,
	3.61695 4.27332,
	"/>
<Contour name="d01c35ax04_ssvr" hidden="false" closed="true" simplified="false" border="0 1 0.251" fill="0 1 0.251" mode="11"
 points="3.64898 4.2457,
	3.64125 4.23797,
	3.64898 4.23024,
	3.65671 4.23797,
	"/>
<Contour name="d01c35ax04_ssvr" hidden="false" closed="true" simplified="false" border="0 1 0.251" fill="0 1 0.251" mode="11"
 points="3.6302 4.32082,
	3.62247 4.31308,
	3.6302 4.30535,
	3.63794 4.31308,
	"/>
<Contour name="d01c35ax04_ssvr" hidden="false" closed="true" simplified="false" border="0 1 0.251" fill="0 1 0.251" mode="11"
 points="3.64898 4.19931,
	3.64125 4.19158,
	3.64898 4.18385,
	3.65671 4.19158,
	"/>
<Contour name="d01c35ax04_ssvr" hidden="false" closed="true" simplified="false" border="0 1 0.251" fill="0 1 0.251" mode="11"
 points="3.68985 4.20042,
	3.68212 4.19268,
	3.68985 4.18495,
	3.69758 4.19268,
	"/>
<Contour name="d01c35ax04_ssvr" hidden="false" closed="true" simplified="false" border="0 1 0.251" fill="0 1 0.251" mode="11"
 points="3.66665 4.16397,
	3.65892 4.15623,
	3.66665 4.1485,
	3.67439 4.15623,
	"/>
<Contour name="d01c35ax04_ssvr" hidden="false" closed="true" simplified="false" border="0 1 0.251" fill="0 1 0.251" mode="11"
 points="3.7252 4.17722,
	3.71746 4.16949,
	3.7252 4.16176,
	3.73293 4.16949,
	"/>
<Contour name="d01c35ax04_ssvr" hidden="false" closed="true" simplified="false" border="0 1 0.251" fill="0 1 0.251" mode="11"
 points="3.74508 4.23687,
	3.73735 4.22914,
	3.74508 4.2214,
	3.75281 4.22914,
	"/>
<Contour name="d01c35ax04_ssvr" hidden="false" closed="true" simplified="false" border="0 1 0.251" fill="0 1 0.251" mode="11"
 points="3.78705 4.21698,
	3.77932 4.20925,
	3.78705 4.20152,
	3.79479 4.20925,
	"/>
<Contour name="d01c35ax04_ssvr" hidden="false" closed="true" simplified="false" border="0 1 0.251" fill="0 1 0.251" mode="11"
 points="3.80473 4.26117,
	3.79699 4.25344,
	3.80473 4.2457,
	3.81246 4.25344,
	"/>
<Contour name="d01c35ax04_ssvr" hidden="false" closed="true" simplified="false" border="0 1 0.251" fill="0 1 0.251" mode="11"
 points="3.81356 4.30756,
	3.80583 4.29983,
	3.81356 4.2921,
	3.8213 4.29983,
	"/>
<Contour name="d01c35ax04_ssvr" hidden="false" closed="true" simplified="false" border="0 1 0.251" fill="0 1 0.251" mode="11"
 points="3.85112 4.30977,
	3.84339 4.30204,
	3.85112 4.29431,
	3.85885 4.30204,
	"/>
<Contour name="d01c35ax04_ssvr" hidden="false" closed="true" simplified="false" border="0 1 0.251" fill="0 1 0.251" mode="11"
 points="3.73403 4.27663,
	3.7263 4.2689,
	3.73403 4.26117,
	3.74177 4.2689,
	"/>
<Contour name="d01c35ax04_ssvr" hidden="false" closed="true" simplified="false" border="0 1 0.251" fill="0 1 0.251" mode="11"
 points="3.6766 4.30314,
	3.66886 4.29541,
	3.6766 4.28768,
	3.68433 4.29541,
	"/>
<Contour name="d01c35ax04_ssvr" hidden="false" closed="true" simplified="false" border="0 1 0.251" fill="0 1 0.251" mode="11"
 points="3.70421 4.33186,
	3.69648 4.32413,
	3.70421 4.3164,
	3.71194 4.32413,
	"/>
<Contour name="d01c35ax04_ssvr" hidden="false" closed="true" simplified="false" border="0 1 0.251" fill="0 1 0.251" mode="11"
 points="3.74729 4.32413,
	3.73956 4.3164,
	3.74729 4.30867,
	3.75502 4.3164,
	"/>
<Contour name="d01c35ax04_ssvr" hidden="false" closed="true" simplified="false" border="0 1 0.251" fill="0 1 0.251" mode="11"
 points="3.76828 4.28326,
	3.76054 4.27553,
	3.76828 4.2678,
	3.77601 4.27553,
	"/>
<Contour name="d01c35ax04_ssvr" hidden="false" closed="true" simplified="false" border="0 1 0.251" fill="0 1 0.251" mode="11"
 points="3.75612 4.30425,
	3.74839 4.29651,
	3.75612 4.28878,
	3.76386 4.29651,
	"/>
<Contour name="d01c35ax04_ssvr" hidden="false" closed="true" simplified="false" border="0 1 0.251" fill="0 1 0.251" mode="11"
 points="3.81025 4.365,
	3.80252 4.35727,
	3.81025 4.34953,
	3.81798 4.35727,
	"/>
<Contour name="d01c35ax04_ssvr" hidden="false" closed="true" simplified="false" border="0 1 0.251" fill="0 1 0.251" mode="11"
 points="3.78153 4.33628,
	3.7738 4.32855,
	3.78153 4.32082,
	3.78926 4.32855,
	"/>
<Contour name="d01c35ax04_ssvr" hidden="false" closed="true" simplified="false" border="0 1 0.251" fill="0 1 0.251" mode="11"
 points="3.84007 4.3904,
	3.83234 4.38267,
	3.84007 4.37494,
	3.84781 4.38267,
	"/>
<Contour name="d01c35ax04_ssvr" hidden="false" closed="true" simplified="false" border="0 1 0.251" fill="0 1 0.251" mode="11"
 points="3.85222 4.43901,
	3.84449 4.43127,
	3.85222 4.42354,
	3.85996 4.43127,
	"/>
<Contour name="d01c35ax04_ssvr" hidden="false" closed="true" simplified="false" border="0 1 0.251" fill="0 1 0.251" mode="11"
 points="3.89088 4.44453,
	3.88315 4.4368,
	3.89088 4.42906,
	3.89862 4.4368,
	"/>
<Contour name="d01c35ax04_ssvr" hidden="false" closed="true" simplified="false" border="0 1 0.251" fill="0 1 0.251" mode="11"
 points="3.91187 4.49644,
	3.90414 4.48871,
	3.91187 4.48098,
	3.9196 4.48871,
	"/>
<Contour name="d01c35ax04_ssvr" hidden="false" closed="true" simplified="false" border="0 1 0.251" fill="0 1 0.251" mode="11"
 points="3.63573 4.37163,
	3.62799 4.36389,
	3.63573 4.35616,
	3.64346 4.36389,
	"/>
<Contour name="d01c35ax04_ssvr" hidden="false" closed="true" simplified="false" border="0 1 0.251" fill="0 1 0.251" mode="11"
 points="3.66334 4.40918,
	3.65561 4.40145,
	3.66334 4.39372,
	3.67107 4.40145,
	"/>
<Contour name="d01c35ax04_ssvr" hidden="false" closed="true" simplified="false" border="0 1 0.251" fill="0 1 0.251" mode="11"
 points="3.6777 4.35727,
	3.66997 4.34953,
	3.6777 4.3418,
	3.68543 4.34953,
	"/>
<Contour name="d01c35ax04_ssvr" hidden="false" closed="true" simplified="false" border="0 1 0.251" fill="0 1 0.251" mode="11"
 points="3.68433 4.38488,
	3.6766 4.37715,
	3.68433 4.36942,
	3.69206 4.37715,
	"/>
<Contour name="d01c35ax04_ssvr" hidden="false" closed="true" simplified="false" border="0 1 0.251" fill="0 1 0.251" mode="11"
 points="3.70311 4.39703,
	3.69537 4.3893,
	3.70311 4.38157,
	3.71084 4.3893,
	"/>
<Contour name="d01c35ax04_ssvr" hidden="false" closed="true" simplified="false" border="0 1 0.251" fill="0 1 0.251" mode="11"
 points="3.71084 4.36721,
	3.70311 4.35948,
	3.71084 4.35174,
	3.71857 4.35948,
	"/>
<Contour name="d01c35ax04_ssvr" hidden="false" closed="true" simplified="false" border="0 1 0.251" fill="0 1 0.251" mode="11"
 points="3.72962 4.39814,
	3.72188 4.3904,
	3.72962 4.38267,
	3.73735 4.3904,
	"/>
<Contour name="d01c35ax04_ssvr" hidden="false" closed="true" simplified="false" border="0 1 0.251" fill="0 1 0.251" mode="11"
 points="3.75281 4.37052,
	3.74508 4.36279,
	3.75281 4.35506,
	3.76054 4.36279,
	"/>
<Contour name="d01c35ax04_ssvr" hidden="false" closed="true" simplified="false" border="0 1 0.251" fill="0 1 0.251" mode="11"
 points="3.78153 4.39703,
	3.7738 4.3893,
	3.78153 4.38157,
	3.78926 4.3893,
	"/>
<Contour name="d01c35ax04_ssvr" hidden="false" closed="true" simplified="false" border="0 1 0.251" fill="0 1 0.251" mode="11"
 points="3.81577 4.42685,
	3.80804 4.41912,
	3.81577 4.41139,
	3.8235 4.41912,
	"/>
<Contour name="d01c35ax04_ssvr" hidden="false" closed="true" simplified="false" border="0 1 0.251" fill="0 1 0.251" mode="11"
 points="3.77048 4.44342,
	3.76275 4.43569,
	3.77048 4.42796,
	3.77822 4.43569,
	"/>
<Contour name="d01c35ax04_ssvr" hidden="false" closed="true" simplified="false" border="0 1 0.251" fill="0 1 0.251" mode="11"
 points="3.74287 4.4136,
	3.73514 4.40587,
	3.74287 4.39814,
	3.7506 4.40587,
	"/>
<Contour name="d01c35ax04_ssvr" hidden="false" closed="true" simplified="false" border="0 1 0.251" fill="0 1 0.251" mode="11"
 points="3.68875 4.44121,
	3.68101 4.43348,
	3.68875 4.42575,
	3.69648 4.43348,
	"/>
<Contour name="d01c35ax04_ssvr" hidden="false" closed="true" simplified="false" border="0 1 0.251" fill="0 1 0.251" mode="11"
 points="3.73072 4.45668,
	3.72299 4.44895,
	3.73072 4.44121,
	3.73845 4.44895,
	"/>
<Contour name="d01c35ax04_ssvr" hidden="false" closed="true" simplified="false" border="0 1 0.251" fill="0 1 0.251" mode="11"
 points="3.75944 4.48761,
	3.75171 4.47987,
	3.75944 4.47214,
	3.76717 4.47987,
	"/>
<Contour name="d01c35ax04_ssvr" hidden="false" closed="true" simplified="false" border="0 1 0.251" fill="0 1 0.251" mode="11"
 points="3.79699 4.46883,
	3.78926 4.4611,
	3.79699 4.45336,
	3.80473 4.4611,
	"/>
<Contour name="d01c35ax04_ssvr" hidden="false" closed="true" simplified="false" border="0 1 0.251" fill="0 1 0.251" mode="11"
 points="3.79479 4.51633,
	3.78705 4.50859,
	3.79479 4.50086,
	3.80252 4.50859,
	"/>
<Contour name="d01c35ax04_ssvr" hidden="false" closed="true" simplified="false" border="0 1 0.251" fill="0 1 0.251" mode="11"
 points="3.83455 4.48208,
	3.82682 4.47435,
	3.83455 4.46662,
	3.84228 4.47435,
	"/>
<Contour name="d01c35ax04_ssvr" hidden="false" closed="true" simplified="false" border="0 1 0.251" fill="0 1 0.251" mode="11"
 points="3.85001 4.51633,
	3.84228 4.50859,
	3.85001 4.50086,
	3.85775 4.50859,
	"/>
<Contour name="d01c35ax04_ssvr" hidden="false" closed="true" simplified="false" border="0 1 0.251" fill="0 1 0.251" mode="11"
 points="3.89199 4.55609,
	3.88426 4.54836,
	3.89199 4.54063,
	3.89972 4.54836,
	"/>
<Contour name="d01c35ax04_ssvr" hidden="false" closed="true" simplified="false" border="0 1 0.251" fill="0 1 0.251" mode="11"
 points="3.85775 4.5815,
	3.85001 4.57376,
	3.85775 4.56603,
	3.86548 4.57376,
	"/>
<Contour name="d01c35ax04_ssvr" hidden="false" closed="true" simplified="false" border="0 1 0.251" fill="0 1 0.251" mode="11"
 points="3.86216 4.54615,
	3.85443 4.53842,
	3.86216 4.53069,
	3.8699 4.53842,
	"/>
<Contour name="d01c35ax04_ssvr" hidden="false" closed="true" simplified="false" border="0 1 0.251" fill="0 1 0.251" mode="11"
 points="3.64346 4.45447,
	3.63573 4.44674,
	3.64346 4.43901,
	3.65119 4.44674,
	"/>
<Contour name="d01c35ax04_ssvr" hidden="false" closed="true" simplified="false" border="0 1 0.251" fill="0 1 0.251" mode="11"
 points="3.6545 4.50307,
	3.64677 4.49534,
	3.6545 4.48761,
	3.66224 4.49534,
	"/>
<Contour name="d01c35ax04_ssvr" hidden="false" closed="true" simplified="false" border="0 1 0.251" fill="0 1 0.251" mode="11"
 points="3.61584 4.49092,
	3.60811 4.48319,
	3.61584 4.47546,
	3.62358 4.48319,
	"/>
<Contour name="d01c35ax04_ssvr" hidden="false" closed="true" simplified="false" border="0 1 0.251" fill="0 1 0.251" mode="11"
 points="3.69758 4.51412,
	3.68985 4.50638,
	3.69758 4.49865,
	3.70531 4.50638,
	"/>
<Contour name="d01c35ax04_ssvr" hidden="false" closed="true" simplified="false" border="0 1 0.251" fill="0 1 0.251" mode="11"
 points="3.65782 4.54836,
	3.65009 4.54063,
	3.65782 4.53289,
	3.66555 4.54063,
	"/>
<Contour name="d01c35ax04_ssvr" hidden="false" closed="true" simplified="false" border="0 1 0.251" fill="0 1 0.251" mode="11"
 points="3.58271 4.53069,
	3.57497 4.52295,
	3.58271 4.51522,
	3.59044 4.52295,
	"/>
<Contour name="d01c35ax04_ssvr" hidden="false" closed="true" simplified="false" border="0 1 0.251" fill="0 1 0.251" mode="11"
 points="3.54184 4.55278,
	3.5341 4.54504,
	3.54184 4.53731,
	3.54957 4.54504,
	"/>
<Contour name="d01c35ax04_ssvr" hidden="false" closed="true" simplified="false" border="0 1 0.251" fill="0 1 0.251" mode="11"
 points="3.56724 4.60469,
	3.55951 4.59696,
	3.56724 4.58923,
	3.57497 4.59696,
	"/>
<Contour name="d01c35ax04_ssvr" hidden="false" closed="true" simplified="false" border="0 1 0.251" fill="0 1 0.251" mode="11"
 points="3.61363 4.58812,
	3.6059 4.58039,
	3.61363 4.57266,
	3.62137 4.58039,
	"/>
<Contour name="d01c35ax04_ssvr" hidden="false" closed="true" simplified="false" border="0 1 0.251" fill="0 1 0.251" mode="11"
 points="3.62799 4.55609,
	3.62026 4.54836,
	3.62799 4.54063,
	3.63573 4.54836,
	"/>
<Contour name="d01c35ax04_ssvr" hidden="false" closed="true" simplified="false" border="0 1 0.251" fill="0 1 0.251" mode="11"
 points="3.65009 4.58481,
	3.64235 4.57708,
	3.65009 4.56935,
	3.65782 4.57708,
	"/>
<Contour name="d01c35ax04_ssvr" hidden="false" closed="true" simplified="false" border="0 1 0.251" fill="0 1 0.251" mode="11"
 points="3.71084 4.54063,
	3.70311 4.53289,
	3.71084 4.52516,
	3.71857 4.53289,
	"/>
<Contour name="d01c35ax04_ssvr" hidden="false" closed="true" simplified="false" border="0 1 0.251" fill="0 1 0.251" mode="11"
 points="3.69758 4.56272,
	3.68985 4.55499,
	3.69758 4.54725,
	3.70531 4.55499,
	"/>
<Contour name="d01c35ax04_ssvr" hidden="false" closed="true" simplified="false" border="0 1 0.251" fill="0 1 0.251" mode="11"
 points="3.64456 4.63231,
	3.63683 4.62457,
	3.64456 4.61684,
	3.65229 4.62457,
	"/>
<Contour name="d01c35ax04_ssvr" hidden="false" closed="true" simplified="false" border="0 1 0.251" fill="0 1 0.251" mode="11"
 points="3.60148 4.65219,
	3.59375 4.64446,
	3.60148 4.63672,
	3.60922 4.64446,
	"/>
<Contour name="d01c35ax04_ssvr" hidden="false" closed="true" simplified="false" border="0 1 0.251" fill="0 1 0.251" mode="11"
 points="3.57166 4.6798,
	3.56393 4.67207,
	3.57166 4.66434,
	3.57939 4.67207,
	"/>
<Contour name="d01c35ax04_ssvr" hidden="false" closed="true" simplified="false" border="0 1 0.251" fill="0 1 0.251" mode="11"
 points="3.60038 4.7019,
	3.59265 4.69416,
	3.60038 4.68643,
	3.60811 4.69416,
	"/>
<Contour name="d01c35ax04_ssvr" hidden="false" closed="true" simplified="false" border="0 1 0.251" fill="0 1 0.251" mode="11"
 points="3.65119 4.67649,
	3.64346 4.66876,
	3.65119 4.66103,
	3.65892 4.66876,
	"/>
<Contour name="d01c35ax04_ssvr" hidden="false" closed="true" simplified="false" border="0 1 0.251" fill="0 1 0.251" mode="11"
 points="3.60701 4.73945,
	3.59927 4.73172,
	3.60701 4.72399,
	3.61474 4.73172,
	"/>
<Contour name="d01c35ax04_ssvr" hidden="false" closed="true" simplified="false" border="0 1 0.251" fill="0 1 0.251" mode="11"
 points="3.64677 4.75602,
	3.63904 4.74829,
	3.64677 4.74056,
	3.6545 4.74829,
	"/>
<Contour name="d01c35ax04_ssvr" hidden="false" closed="true" simplified="false" border="0 1 0.251" fill="0 1 0.251" mode="11"
 points="3.63904 4.71957,
	3.63131 4.71184,
	3.63904 4.7041,
	3.64677 4.71184,
	"/>
<Contour name="d01c35ax04_ssvr" hidden="false" closed="true" simplified="false" border="0 1 0.251" fill="0 1 0.251" mode="11"
 points="3.62358 4.76154,
	3.61584 4.75381,
	3.62358 4.74608,
	3.63131 4.75381,
	"/>
<Contour name="d01c35ax04_ssvr" hidden="false" closed="true" simplified="false" border="0 1 0.251" fill="0 1 0.251" mode="11"
 points="3.61474 4.8234,
	3.60701 4.81567,
	3.61474 4.80793,
	3.62247 4.81567,
	"/>
<Contour name="d01c35ax04_ssvr" hidden="false" closed="true" simplified="false" border="0 1 0.251" fill="0 1 0.251" mode="11"
 points="3.68212 4.71625,
	3.67439 4.70852,
	3.68212 4.70079,
	3.68985 4.70852,
	"/>
<Contour name="d01c35ax04_ssvr" hidden="false" closed="true" simplified="false" border="0 1 0.251" fill="0 1 0.251" mode="11"
 points="3.69979 4.76375,
	3.69206 4.75602,
	3.69979 4.74829,
	3.70752 4.75602,
	"/>
<Contour name="d01c35ax04_ssvr" hidden="false" closed="true" simplified="false" border="0 1 0.251" fill="0 1 0.251" mode="11"
 points="3.71967 4.78474,
	3.71194 4.77701,
	3.71967 4.76927,
	3.72741 4.77701,
	"/>
<Contour name="d01c35ax04_ssvr" hidden="false" closed="true" simplified="false" border="0 1 0.251" fill="0 1 0.251" mode="11"
 points="3.69648 4.80904,
	3.68875 4.80131,
	3.69648 4.79358,
	3.70421 4.80131,
	"/>
<Contour name="d01c35ax04_ssvr" hidden="false" closed="true" simplified="false" border="0 1 0.251" fill="0 1 0.251" mode="11"
 points="3.78484 4.7516,
	3.77711 4.74387,
	3.78484 4.73614,
	3.79258 4.74387,
	"/>
<Contour name="d01c35ax04_ssvr" hidden="false" closed="true" simplified="false" border="0 1 0.251" fill="0 1 0.251" mode="11"
 points="3.76275 4.70963,
	3.75502 4.7019,
	3.76275 4.69416,
	3.77048 4.7019,
	"/>
<Contour name="d01c35ax04_ssvr" hidden="false" closed="true" simplified="false" border="0 1 0.251" fill="0 1 0.251" mode="11"
 points="3.71967 4.7019,
	3.71194 4.69416,
	3.71967 4.68643,
	3.72741 4.69416,
	"/>
<Contour name="d01c35ax04_ssvr" hidden="false" closed="true" simplified="false" border="0 1 0.251" fill="0 1 0.251" mode="11"
 points="3.62026 4.40918,
	3.61253 4.40145,
	3.62026 4.39372,
	3.62799 4.40145,
	"/>
<Contour name="d01c35ax04_ssvr" hidden="false" closed="true" simplified="false" border="0 1 0.251" fill="0 1 0.251" mode="11"
 points="3.71857 4.52185,
	3.71084 4.51412,
	3.71857 4.50638,
	3.7263 4.51412,
	"/>
<Contour name="d01c35ax04_ssvr" hidden="false" closed="true" simplified="false" border="0 1 0.251" fill="0 1 0.251" mode="11"
 points="3.74287 4.53621,
	3.73514 4.52848,
	3.74287 4.52074,
	3.7506 4.52848,
	"/>
<Contour name="d01c35ax04_ssvr" hidden="false" closed="true" simplified="false" border="0 1 0.251" fill="0 1 0.251" mode="11"
 points="3.7738 4.56603,
	3.76607 4.5583,
	3.7738 4.55057,
	3.78153 4.5583,
	"/>
<Contour name="d01c35ax04_ssvr" hidden="false" closed="true" simplified="false" border="0 1 0.251" fill="0 1 0.251" mode="11"
 points="3.80031 4.56935,
	3.79258 4.56161,
	3.80031 4.55388,
	3.80804 4.56161,
	"/>
<Contour name="d01c35ax04_ssvr" hidden="false" closed="true" simplified="false" border="0 1 0.251" fill="0 1 0.251" mode="11"
 points="3.8235 4.56272,
	3.81577 4.55499,
	3.8235 4.54725,
	3.83124 4.55499,
	"/>
<Contour name="d01c35ax04_ssvr" hidden="false" closed="true" simplified="false" border="0 1 0.251" fill="0 1 0.251" mode="11"
 points="3.76496 4.53842,
	3.75723 4.53069,
	3.76496 4.52295,
	3.77269 4.53069,
	"/>
<Contour name="d01c35ax04_ssvr" hidden="false" closed="true" simplified="false" border="0 1 0.251" fill="0 1 0.251" mode="11"
 points="3.74287 4.61574,
	3.73514 4.60801,
	3.74287 4.60027,
	3.7506 4.60801,
	"/>
<Contour name="d01c35ax04_ssvr" hidden="false" closed="true" simplified="false" border="0 1 0.251" fill="0 1 0.251" mode="11"
 points="3.73182 4.56714,
	3.72409 4.5594,
	3.73182 4.55167,
	3.73956 4.5594,
	"/>
<Contour name="d01c35ax04_ssvr" hidden="false" closed="true" simplified="false" border="0 1 0.251" fill="0 1 0.251" mode="11"
 points="3.71415 4.6555,
	3.70642 4.64777,
	3.71415 4.64004,
	3.72188 4.64777,
	"/>
<Contour name="d01c35ax04_ssvr" hidden="false" closed="true" simplified="false" border="0 1 0.251" fill="0 1 0.251" mode="11"
 points="3.77932 4.61574,
	3.77159 4.60801,
	3.77932 4.60027,
	3.78705 4.60801,
	"/>
<Contour name="d01c35ax04_ssvr" hidden="false" closed="true" simplified="false" border="0 1 0.251" fill="0 1 0.251" mode="11"
 points="3.80031 4.65882,
	3.79258 4.65108,
	3.80031 4.64335,
	3.80804 4.65108,
	"/>
<Contour name="d01c35ax04_ssvr" hidden="false" closed="true" simplified="false" border="0 1 0.251" fill="0 1 0.251" mode="11"
 points="3.51422 4.63341,
	3.50649 4.62568,
	3.51422 4.61795,
	3.52195 4.62568,
	"/>
<Contour name="d01c35ax04_ssvr" hidden="false" closed="true" simplified="false" border="0 1 0.251" fill="0 1 0.251" mode="11"
 points="3.47114 4.62457,
	3.46341 4.61684,
	3.47114 4.60911,
	3.47888 4.61684,
	"/>
<Contour name="d01c35ax04_ssvr" hidden="false" closed="true" simplified="false" border="0 1 0.251" fill="0 1 0.251" mode="11"
 points="3.49655 4.66986,
	3.48882 4.66213,
	3.49655 4.6544,
	3.50428 4.66213,
	"/>
<Contour name="d01c35ax04_ssvr" hidden="false" closed="true" simplified="false" border="0 1 0.251" fill="0 1 0.251" mode="11"
 points="3.38167 4.67428,
	3.37394 4.66655,
	3.38167 4.65882,
	3.3894 4.66655,
	"/>
<Contour name="d01c35ax04_ssvr" hidden="false" closed="true" simplified="false" border="0 1 0.251" fill="0 1 0.251" mode="11"
 points="3.88536 4.73061,
	3.87763 4.72288,
	3.88536 4.71515,
	3.89309 4.72288,
	"/>
<Contour name="d01c35ax04_ssvr" hidden="false" closed="true" simplified="false" border="0 1 0.251" fill="0 1 0.251" mode="11"
 points="3.74066 4.50749,
	3.73293 4.49976,
	3.74066 4.49203,
	3.74839 4.49976,
	"/>
</Transform>

<Transform dim="1"
 xcoef=" 0.0284311085036907 1 0 0 0 0"
 ycoef=" -0.148233313777681 0 1 0 0 0">
<Contour name="d03c29ax12_ssvr" hidden="false" closed="true" simplified="false" border="0 1 0.501961" fill="0 0 1" mode="-11"
 points="2.67562 2.24887,
	2.67031 2.24373,
	2.67546 2.2385,
	2.68077 2.24365,
	"/>
</Transform>

<Transform dim="1"
 xcoef=" 0.0284311085036907 1 0 0 0 0"
 ycoef=" -0.138233313777681 0 1 0 0 0">
<Contour name="d03c29ax12_ssvr" hidden="false" closed="true" simplified="false" border="0 1 0.501961" fill="0 0 1" mode="-11"
 points="2.65184 2.20906,
	2.64653 2.20392,
	2.65168 2.1987,
	2.65699 2.20384,
	"/>
</Transform>

<Transform dim="1"
 xcoef=" 0.00843110850369074 1 0 0 0 0"
 ycoef=" -0.148233313777681 0 1 0 0 0">
<Contour name="d03c29ax12_ssvr" hidden="false" closed="true" simplified="false" border="0 1 0.501961" fill="0 0 1" mode="-11"
 points="2.60419 2.22055,
	2.59888 2.21541,
	2.60403 2.21018,
	2.60934 2.21533,
	"/>
</Transform>

<Transform dim="1"
 xcoef=" 0.0184311085036907 1 0 0 0 0"
 ycoef=" -0.128233313777681 0 1 0 0 0">
<Contour name="d03c29ax12_ssvr" hidden="false" closed="true" simplified="false" border="0 1 0.501961" fill="0 0 1" mode="-11"
 points="2.61156 2.16569,
	2.60625 2.16055,
	2.6114 2.15532,
	2.61671 2.16047,
	"/>
</Transform>

<Transform dim="1"
 xcoef=" 0.0284311085036907 1 0 0 0 0"
 ycoef=" -0.138233313777681 0 1 0 0 0">
<Contour name="d03c29ax12_ssvr" hidden="false" closed="true" simplified="false" border="0 1 0.501961" fill="0 0 1" mode="-11"
 points="2.57501 2.16968,
	2.5697 2.16454,
	2.57485 2.15932,
	2.58016 2.16446,
	"/>
</Transform>

<Transform dim="1"
 xcoef=" 0.0184311085036907 1 0 0 0 0"
 ycoef=" -0.148233313777681 0 1 0 0 0">
<Contour name="d03c29ax12_ssvr" hidden="false" closed="true" simplified="false" border="0 1 0.501961" fill="0 0 1" mode="-11"
 points="2.49421 2.21253,
	2.4889 2.20739,
	2.49405 2.20217,
	2.49936 2.20731,
	"/>
</Transform>

<Transform dim="1"
 xcoef=" 0.00843110850369074 1 0 0 0 0"
 ycoef=" -0.138233313777681 0 1 0 0 0">
<Contour name="d03c29ax12_ssvr" hidden="false" closed="true" simplified="false" border="0 1 0.501961" fill="0 0 1" mode="-11"
 points="2.52457 2.24339,
	2.51926 2.23825,
	2.52441 2.23302,
	2.52972 2.23816,
	"/>
</Transform>

<Transform dim="1"
 xcoef=" 0.0184311085036907 1 0 0 0 0"
 ycoef=" -0.148233313777681 0 1 0 0 0">
<Contour name="d03c29ax12_ssvr" hidden="false" closed="true" simplified="false" border="0 1 0.501961" fill="0 0 1" mode="-11"
 points="2.52961 2.2789,
	2.5243 2.27376,
	2.52945 2.26854,
	2.53476 2.27368,
	"/>
</Transform>

<Transform dim="1"
 xcoef=" 0.0184311085036907 1 0 0 0 0"
 ycoef=" -0.128233313777681 0 1 0 0 0">
<Contour name="d03c29ax12_ssvr" hidden="false" closed="true" simplified="false" border="0 1 0.501961" fill="0 0 1" mode="-11"
 points="2.50737 2.38793,
	2.50206 2.38279,
	2.50721 2.37756,
	2.51252 2.3827,
	"/>
</Transform>

<Transform dim="1"
 xcoef=" 0.00843110850369074 1 0 0 0 0"
 ycoef=" -0.128233313777681 0 1 0 0 0">
<Contour name="d03c29ax12_ssvr" hidden="false" closed="true" simplified="false" border="0 1 0.501961" fill="0 0 1" mode="-11"
 points="2.44661 2.3736,
	2.4413 2.36845,
	2.44645 2.36323,
	2.45176 2.36837,
	"/>
</Transform>

<Transform dim="1"
 xcoef=" 0.0184311085036907 1 0 0 0 0"
 ycoef=" -0.128233313777681 0 1 0 0 0">
<Contour name="d03c29ax12_ssvr" hidden="false" closed="true" simplified="false" border="0 1 0.501961" fill="0 0 1" mode="-11"
 points="2.52434 2.4226,
	2.51903 2.41746,
	2.52419 2.41224,
	2.5295 2.41738,
	"/>
</Transform>

<Transform dim="1"
 xcoef=" 0.0184311085036907 1 0 0 0 0"
 ycoef=" -0.138233313777681 0 1 0 0 0">
<Contour name="d03c29ax12_ssvr" hidden="false" closed="true" simplified="false" border="0 1 0.251" fill="0 1 0.251" mode="11"
 points="2.68487 2.35727,
	2.6785 2.35091,
	2.68487 2.34454,
	2.69123 2.35091,
	"/>
</Transform>

<Transform dim="1"
 xcoef=" 0.0184311085036907 1 0 0 0 0"
 ycoef=" -0.128233313777681 0 1 0 0 0">
<Contour name="d03c29ax12_ssvr" hidden="false" closed="true" simplified="false" border="0 1 0.501961" fill="0 0 1" mode="-11"
 points="2.74852 2.22682,
	2.74321 2.22168,
	2.74836 2.21645,
	2.75367 2.22159,
	"/>
</Transform>

<Transform dim="1"
 xcoef=" 0.0184311085036907 1 0 0 0 0"
 ycoef=" -0.128233313777681 0 1 0 0 0">
<Contour name="d03c29ax12_ssvr" hidden="false" closed="true" simplified="false" border="0 1 0.501961" fill="0 0 1" mode="-11"
 points="2.75897 2.27487,
	2.75366 2.26973,
	2.75881 2.2645,
	2.76412 2.26964,
	"/>
</Transform>

<Transform dim="1"
 xcoef=" 0.0184311085036907 1 0 0 0 0"
 ycoef=" -0.138233313777681 0 1 0 0 0">
<Contour name="d03c29ax12_ssvr" hidden="false" closed="true" simplified="false" border="0 1 0.501961" fill="0 0 1" mode="-11"
 points="2.67197 2.30296,
	2.66666 2.29782,
	2.67181 2.29259,
	2.67712 2.29773,
	"/>
</Transform>

<Transform dim="1"
 xcoef=" 0.00843110850369074 1 0 0 0 0"
 ycoef=" -0.138233313777681 0 1 0 0 0">
<Contour name="d03c29ax12_ssvr" hidden="false" closed="true" simplified="false" border="0 1 0.501961" fill="0 0 1" mode="-11"
 points="2.62529 2.32924,
	2.61998 2.3241,
	2.62513 2.31888,
	2.63044 2.32402,
	"/>
</Transform>

<Transform dim="1"
 xcoef=" 0.0184311085036907 1 0 0 0 0"
 ycoef=" -0.138233313777681 0 1 0 0 0">
<Contour name="d07c37ax23_ssvr" hidden="false" closed="true" simplified="false" border="0 1 0.501961" fill="0 0 1" mode="-11"
 points="4.19356 8.71358,
	4.1845 8.70482,
	4.19328 8.69591,
	4.20233 8.70468,
	"/>
<Contour name="d07c37ax23_ssvr" hidden="false" closed="true" simplified="false" border="0 1 0.501961" fill="0 0 1" mode="-11"
 points="4.19191 8.85495,
	4.18285 8.84619,
	4.19164 8.83729,
	4.20068 8.84605,
	"/>
<Contour name="d07c37ax23_ssvr" hidden="false" closed="true" simplified="false" border="0 1 0.501961" fill="0 0 1" mode="-11"
 points="4.24592 8.81374,
	4.23354 8.80137,
	4.24592 8.78899,
	4.25829 8.80137,
	"/>
<Contour name="d07c37ax23_ssvr" hidden="false" closed="true" simplified="false" border="0 1 0.501961" fill="0 0 1" mode="-11"
 points="4.23531 8.84203,
	4.22294 8.82965,
	4.23531 8.81728,
	4.24769 8.82965,
	"/>
<Contour name="d07c37ax23_ssvr" hidden="false" closed="true" simplified="false" border="0 1 0.501961" fill="0 0 1" mode="-11"
 points="4.21056 8.81728,
	4.19819 8.8049,
	4.21056 8.79253,
	4.22294 8.8049,
	"/>
<Contour name="d07c37ax23_ssvr" hidden="false" closed="true" simplified="false" border="0 1 0.501961" fill="0 0 1" mode="-11"
 points="4.21233 8.76955,
	4.19996 8.75717,
	4.21233 8.7448,
	4.22471 8.75717,
	"/>
<Contour name="d07c37ax23_ssvr" hidden="false" closed="true" simplified="false" border="0 1 0.501961" fill="0 0 1" mode="-11"
 points="4.14516 8.69177,
	4.13278 8.67939,
	4.14516 8.66702,
	4.15753 8.67939,
	"/>
<Contour name="d07c37ax23_ssvr" hidden="false" closed="true" simplified="false" border="0 1 0.501961" fill="0 0 1" mode="-11"
 points="4.14692 8.78899,
	4.13455 8.77662,
	4.14692 8.76424,
	4.1593 8.77662,
	"/>
<Contour name="d07c37ax23_ssvr" hidden="false" closed="true" simplified="false" border="0 1 0.501961" fill="0 0 1" mode="-11"
 points="4.17874 8.82081,
	4.16637 8.80844,
	4.17874 8.79606,
	4.19112 8.80844,
	"/>
<Contour name="d07c37ax23_ssvr" hidden="false" closed="true" simplified="false" border="0 1 0.501961" fill="0 0 1" mode="-11"
 points="4.10273 8.78192,
	4.09036 8.76955,
	4.10273 8.75717,
	4.1151 8.76955,
	"/>
<Contour name="d07c37ax23_ssvr" hidden="false" closed="true" simplified="false" border="0 1 0.501961" fill="0 0 1" mode="-11"
 points="4.11687 8.82435,
	4.1045 8.81197,
	4.11687 8.7996,
	4.12925 8.81197,
	"/>
<Contour name="d07c37ax23_ssvr" hidden="false" closed="true" simplified="false" border="0 1 0.501961" fill="0 0 1" mode="-11"
 points="4.2497 8.88606,
	4.24066 8.8773,
	4.24943 8.86839,
	4.25849 8.87716,
	"/>
<Contour name="d07c37ax23_ssvr" hidden="false" closed="true" simplified="false" border="0 1 0.501961" fill="0 0 1" mode="-11"
 points="4.15009 8.86917,
	4.14104 8.86041,
	4.14982 8.8515,
	4.15887 8.86027,
	"/>
<Contour name="d07c37ax23_ssvr" hidden="false" closed="true" simplified="false" border="0 1 0.501961" fill="0 0 1" mode="-11"
 points="4.17981 8.89671,
	4.17076 8.88794,
	4.17953 8.87904,
	4.18859 8.8878,
	"/>
<Contour name="d07c37ax23_ssvr" hidden="false" closed="true" simplified="false" border="0 1 0.501961" fill="0 0 1" mode="-11"
 points="4.09836 8.90113,
	4.0893 8.89236,
	4.09809 8.88346,
	4.10714 8.89222,
	"/>
<Contour name="d07c37ax23_ssvr" hidden="false" closed="true" simplified="false" border="0 1 0.501961" fill="0 0 1" mode="-11"
 points="4.27243 8.84026,
	4.26006 8.82788,
	4.27243 8.81551,
	4.28481 8.82788,
	"/>
<Contour name="d07c37ax23_ssvr" hidden="false" closed="true" simplified="false" border="0 1 0.501961" fill="0 0 1" mode="-11"
 points="4.25829 8.77308,
	4.24592 8.76071,
	4.25829 8.74833,
	4.27067 8.76071,
	"/>
<Contour name="d07c37ax23_ssvr" hidden="false" closed="true" simplified="false" border="0 1 0.501961" fill="0 0 1" mode="-11"
 points="4.21682 8.88876,
	4.20777 8.87999,
	4.21655 8.87109,
	4.22559 8.87985,
	"/>
<Contour name="d07c37ax23_ssvr" hidden="false" closed="true" simplified="false" border="0 1 0.501961" fill="0 0 1" mode="-11"
 points="4.26139 8.92255,
	4.25233 8.91379,
	4.26112 8.90488,
	4.27017 8.91365,
	"/>
<Contour name="d07c37ax23_ssvr" hidden="false" closed="true" simplified="false" border="0 1 0.501961" fill="0 0 1" mode="-11"
 points="4.21497 8.93421,
	4.20592 8.92545,
	4.21469 8.91654,
	4.22375 8.92531,
	"/>
<Contour name="d07c37ax23_ssvr" hidden="false" closed="true" simplified="false" border="0 1 0.501961" fill="0 0 1" mode="-11"
 points="4.29011 8.93748,
	4.27774 8.92511,
	4.29011 8.91273,
	4.30249 8.92511,
	"/>
<Contour name="d07c37ax23_ssvr" hidden="false" closed="true" simplified="false" border="0 1 0.501961" fill="0 0 1" mode="-11"
 points="4.3184 8.85086,
	4.30602 8.83849,
	4.3184 8.82612,
	4.33077 8.83849,
	"/>
<Contour name="d07c37ax23_ssvr" hidden="false" closed="true" simplified="false" border="0 1 0.501961" fill="0 0 1" mode="-11"
 points="4.29365 8.80137,
	4.28127 8.78899,
	4.29365 8.77662,
	4.30602 8.78899,
	"/>
</Transform>

<Transform dim="1"
 xcoef=" 0.0184311085036907 1 0 0 0 0"
 ycoef=" -0.138233313777681 0 1 0 0 0">
<Contour name="ax35" comment="dch traced 1.19" hidden="false" closed="true" simplified="true" border="0.501961 1 1" fill="0.501961 1 1" mode="11"
 points="5.43285 2.07878,
	5.43808 2.07181,
	5.452 2.06572,
	5.4581 2.05963,
	5.46245 2.05266,
	5.46593 2.02481,
	5.46941 2.01784,
	5.4816 2.00391,
	5.48595 1.99695,
	5.48682 1.98999,
	5.48334 1.9865,
	5.47986 1.97954,
	5.47899 1.97258,
	5.48421 1.94472,
	5.48334 1.91686,
	5.47899 1.90293,
	5.47812 1.89597,
	5.47812 1.89249,
	5.48334 1.88552,
	5.49031 1.88204,
	5.49727 1.88204,
	5.50423 1.87769,
	5.51642 1.86376,
	5.52339 1.86028,
	5.55124 1.85854,
	5.55472 1.85941,
	5.56169 1.86463,
	5.56778 1.8716,
	5.57039 1.87856,
	5.57039 1.88552,
	5.56778 1.89249,
	5.56691 1.89597,
	5.56952 1.90293,
	5.57387 1.9099,
	5.57562 1.91338,
	5.57649 1.92731,
	5.57213 1.93427,
	5.56517 1.94124,
	5.55821 1.94559,
	5.55124 1.95168,
	5.5408 1.96561,
	5.53731 1.97258,
	5.53557 1.97954,
	5.53731 1.99347,
	5.53905 2.00043,
	5.53905 2.0074,
	5.53905 2.01088,
	5.5347 2.01784,
	5.52077 2.0309,
	5.51729 2.03351,
	5.51294 2.04744,
	5.50946 2.0544,
	5.49727 2.06833,
	5.48944 2.08226,
	5.48595 2.08922,
	5.4816 2.10315,
	5.47464 2.1075,
	5.47115 2.11012,
	5.46419 2.10925,
	5.46071 2.10838,
	5.45374 2.10228,
	5.45113 2.09532,
	5.44417 2.09271,
	5.44069 2.09271,
	5.43372 2.08661,
	5.43285 2.07965,
	"/>
</Transform>

<Transform dim="1"
 xcoef=" 0.0184311085036907 1 0 0 0 0"
 ycoef=" -0.138233313777681 0 1 0 0 0">
<Contour name="ax42" comment="dch traced 1.19" hidden="false" closed="true" simplified="true" border="0.502 1 1" fill="0.502 1 1" mode="11"
 points="4.75733 5.08413,
	4.76508 5.06346,
	4.77154 5.05442,
	4.7767 5.04925,
	4.78704 5.04279,
	4.79737 5.03892,
	4.8077 5.03763,
	4.81804 5.04021,
	4.8232 5.03892,
	4.83354 5.02858,
	4.84387 5.02213,
	4.86454 5.02213,
	4.8697 5.02213,
	4.87487 5.026,
	4.87875 5.03633,
	4.89941 5.04408,
	4.90975 5.05313,
	4.91362 5.05829,
	4.91362 5.06863,
	4.91104 5.07896,
	4.89554 5.09963,
	4.88521 5.10996,
	4.8697 5.13063,
	4.85033 5.14871,
	4.84 5.1513,
	4.81933 5.15,
	4.79866 5.14484,
	4.78833 5.14096,
	4.76766 5.12417,
	4.7612 5.11384,
	4.75733 5.1035,
	4.75733 5.09317,
	4.75733 5.088,
	4.75733 5.08542,
	"/>
</Transform>

<Transform dim="1"
 xcoef=" 0.0184311085036907 1 0 0 0 0"
 ycoef=" -0.138233313777681 0 1 0 0 0">
<Contour name="ax72" comment="traced by ddh" hidden="false" closed="true" simplified="true" border="1 1 0" fill="1 1 0" mode="11"
 points="3.85331 6.46489,
	3.85646 6.45767,
	3.85827 6.45406,
	3.86007 6.44684,
	3.86053 6.43962,
	3.86053 6.43601,
	3.86053 6.43421,
	3.86053 6.43331,
	3.86143 6.4324,
	3.86143 6.4306,
	3.86368 6.42699,
	3.86368 6.42609,
	3.87045 6.41977,
	3.88489 6.4112,
	3.8867 6.41029,
	3.8876 6.40939,
	3.8885 6.40939,
	3.89121 6.40714,
	3.89798 6.40308,
	3.90159 6.40082,
	3.90519 6.39766,
	3.907 6.39676,
	3.91241 6.38954,
	3.92189 6.37555,
	3.9246 6.37284,
	3.92685 6.36924,
	3.92956 6.36653,
	3.93452 6.35931,
	3.94039 6.35254,
	3.94625 6.34713,
	3.95302 6.34261,
	3.96024 6.34216,
	3.96746 6.34397,
	3.97107 6.34532,
	3.97288 6.34577,
	3.97468 6.34713,
	3.97558 6.34713,
	3.97649 6.34803,
	3.9801 6.34938,
	3.98641 6.35344,
	3.98957 6.35705,
	3.99138 6.36066,
	3.99228 6.36156,
	3.99228 6.36247,
	3.99318 6.36337,
	3.99363 6.37781,
	3.99273 6.38503,
	3.99318 6.39947,
	3.99453 6.4139,
	3.99408 6.42112,
	3.99363 6.42473,
	3.99273 6.42654,
	3.99273 6.42744,
	3.99183 6.42789,
	3.99047 6.4315,
	3.98957 6.4324,
	3.98957 6.43331,
	3.98731 6.43646,
	3.98551 6.43827,
	3.98551 6.43917,
	3.97739 6.45316,
	3.97513 6.45677,
	3.97468 6.45857,
	3.97333 6.46038,
	3.97288 6.46218,
	3.97197 6.46309,
	3.97152 6.46489,
	3.97062 6.46579,
	3.96791 6.47301,
	3.96475 6.48745,
	3.9634 6.49106,
	3.96295 6.49287,
	3.95979 6.49648,
	3.95483 6.50234,
	3.94806 6.5073,
	3.9449 6.50956,
	3.944 6.50956,
	3.93272 6.52265,
	3.92956 6.52626,
	3.92821 6.52806,
	3.92144 6.53302,
	3.91963 6.53438,
	3.91241 6.53663,
	3.91061 6.53754,
	3.90339 6.53754,
	3.89978 6.53754,
	3.89256 6.53528,
	3.8894 6.53347,
	3.8867 6.53077,
	3.88444 6.52716,
	3.88309 6.52535,
	3.88263 6.52355,
	3.88128 6.52174,
	3.87857 6.51452,
	3.87767 6.51272,
	3.87767 6.51182,
	3.87677 6.51091,
	3.87451 6.50369,
	3.8709 6.49648,
	3.86865 6.49287,
	3.86774 6.49196,
	3.86774 6.49106,
	3.85646 6.47843,
	3.85466 6.47482,
	3.85331 6.4676,
	3.85331 6.46579,
	3.85331 6.46534,
	"/>
</Transform>

<Transform dim="0"
 xcoef=" 0 1 0 0 0 0"
 ycoef=" 0 0 1 0 0 0">
<Contour name="d03c29ax12_ssvr" hidden="false" closed="true" simplified="false" border="0 1 0.501961" fill="0 0 1" mode="-11"
 points="2.19496 2.33664,
	2.18246 2.32414,
	2.19496 2.31164,
	2.20746 2.32414,
	"/>
<Contour name="d03c29ax12_ssvr" hidden="false" closed="true" simplified="false" border="0 1 0.501961" fill="0 0 1" mode="-11"
 points="2.18053 2.28737,
	2.16803 2.27487,
	2.18053 2.26237,
	2.19303 2.27487,
	"/>
<Contour name="d03c29ax12_ssvr" hidden="false" closed="true" simplified="false" border="0 1 0.501961" fill="0 0 1" mode="-11"
 points="2.35239 2.19363,
	2.33989 2.18113,
	2.35239 2.16863,
	2.36489 2.18113,
	"/>
</Transform>

<Transform dim="0"
 xcoef=" 0 1 0 0 0 0"
 ycoef=" 0 0 1 0 0 0">
<Contour name="ax13" comment="dch traced 4.19" hidden="false" closed="true" simplified="true" border="0.502 1 1" fill="0.502 1 1" mode="11"
 points="4.01853 3.11478,
	4.03235 3.1028,
	4.03604 3.10004,
	4.04525 3.0853,
	4.04525 3.08345,
	4.04709 3.08161,
	4.04893 3.07424,
	4.05262 3.06687,
	4.05538 3.06319,
	4.05538 3.06134,
	4.0692 3.04752,
	4.08394 3.03923,
	4.09868 3.03278,
	4.12816 3.02357,
	4.13553 3.02265,
	4.1429 3.02449,
	4.15672 3.03463,
	4.16593 3.04937,
	4.17054 3.05674,
	4.17515 3.07148,
	4.17791 3.07885,
	4.17975 3.09359,
	4.17883 3.10096,
	4.17607 3.10833,
	4.17146 3.1157,
	4.16962 3.11938,
	4.16778 3.13412,
	4.16501 3.14149,
	4.16501 3.14334,
	4.16041 3.15071,
	4.14843 3.16452,
	4.13461 3.17742,
	4.12724 3.18203,
	4.1125 3.18663,
	4.09776 3.18663,
	4.09039 3.18663,
	4.0867 3.18479,
	4.07196 3.18203,
	4.05722 3.17466,
	4.0563 3.17282,
	4.05446 3.17282,
	4.04248 3.16176,
	4.02959 3.14886,
	4.0213 3.13504,
	4.0213 3.1332,
	4.01945 3.13228,
	4.01853 3.11754,
	4.01853 3.1157,
	"/>
</Transform>

<Transform dim="0"
 xcoef=" 0 1 0 0 0 0"
 ycoef=" 0 0 1 0 0 0">
<Contour name="d07c37ax23_ssvr" hidden="false" closed="true" simplified="false" border="0 1 0.501961" fill="0 0 1" mode="-11"
 points="4.11435 8.90071,
	4.10198 8.88833,
	4.11435 8.87596,
	4.12673 8.88833,
	"/>
</Transform>

<Transform dim="1"
 xcoef=" -0.01 1 0 0 0 0"
 ycoef=" 0.01 0 1 0 0 0">
<Contour name="d07c37ax23_ssvr" hidden="false" closed="true" simplified="false" border="0 1 0.501961" fill="0 0 1" mode="-11"
 points="4.2054 8.83264,
	4.19635 8.82388,
	4.20513 8.81497,
	4.21418 8.82374,
	"/>
</Transform>

<Transform dim="0"
 xcoef=" 0 1 0 0 0 0"
 ycoef=" 0 0 1 0 0 0">
<Contour name="d01c25ax40_ssvr" hidden="false" closed="true" simplified="false" border="0 1 0" fill="0 1 0" mode="11"
 points="4.3471 3.27416,
	4.3346 3.26166,
	4.3471 3.24916,
	4.3596 3.26166,
	"/>
<Contour name="d01c25ax40_ssvr" hidden="false" closed="true" simplified="false" border="0 1 0" fill="0 1 0" mode="11"
 points="4.30837 3.30874,
	4.29587 3.29624,
	4.30837 3.28374,
	4.32087 3.29624,
	"/>
</Transform>

<Transform dim="0"
 xcoef=" 0 1 0 0 0 0"
 ycoef=" 0 0 1 0 0 0">
<Contour name="ax45" comment="dch traced 1.19" hidden="false" closed="true" simplified="true" border="0.502 1 1" fill="0.502 1 1" mode="11"
 points="4.46278 2.80274,
	4.46528 2.79774,
	4.46528 2.79275,
	4.47153 2.77277,
	4.47153 2.75279,
	4.47402 2.73281,
	4.47652 2.72283,
	4.48651 2.70285,
	4.4915 2.69286,
	4.50773 2.67288,
	4.52646 2.6579,
	4.54644 2.64042,
	4.56642 2.62544,
	4.57641 2.62169,
	4.59638 2.62169,
	4.61636 2.62419,
	4.63634 2.62419,
	4.64633 2.62544,
	4.66631 2.63667,
	4.67505 2.64541,
	4.68129 2.6554,
	4.68504 2.6604,
	4.68878 2.68037,
	4.68878 2.70035,
	4.69003 2.70535,
	4.69502 2.71034,
	4.70501 2.71533,
	4.71001 2.71783,
	4.72998 2.71409,
	4.74996 2.71533,
	4.75995 2.72158,
	4.76869 2.73032,
	4.77993 2.7503,
	4.78243 2.76028,
	4.78118 2.78026,
	4.77743 2.80024,
	4.77618 2.80523,
	4.77868 2.81522,
	4.77868 2.82022,
	4.78367 2.83021,
	4.79991 2.84893,
	4.81988 2.86641,
	4.82862 2.8764,
	4.84735 2.89139,
	4.85484 2.90138,
	4.86483 2.92135,
	4.87732 2.94133,
	4.88231 2.95132,
	4.88606 2.95631,
	4.88606 2.9663,
	4.88231 2.97629,
	4.87982 2.98129,
	4.86109 3.00001,
	4.8536 3.01,
	4.84486 3.02998,
	4.83362 3.04996,
	4.82613 3.05995,
	4.81614 3.06869,
	4.79616 3.08117,
	4.78617 3.08492,
	4.76619 3.08617,
	4.74622 3.08242,
	4.74122 3.08117,
	4.72124 3.06744,
	4.71126 3.05995,
	4.69128 3.0537,
	4.68129 3.0537,
	4.6713 3.05745,
	4.66631 3.05995,
	4.64633 3.07743,
	4.63634 3.08117,
	4.62635 3.07992,
	4.62136 3.07992,
	4.61137 3.07493,
	4.60263 3.06494,
	4.58889 3.04496,
	4.5789 3.02499,
	4.57766 3.00501,
	4.56517 2.98503,
	4.55643 2.96505,
	4.52397 2.92635,
	4.51148 2.90637,
	4.48276 2.86641,
	4.47777 2.85643,
	4.47527 2.84644,
	4.47028 2.83645,
	4.46653 2.83145,
	4.46278 2.81148,
	4.46278 2.80648,
	4.46278 2.80398,
	"/>
<Contour name="ax40" comment="dch traced 1.19" hidden="false" closed="true" simplified="true" border="0.502 1 1" fill="0.502 1 1" mode="11"
 points="4.15858 3.4137,
	4.16465 3.39984,
	4.16984 3.39291,
	4.19496 3.3652,
	4.20449 3.35134,
	4.20882 3.34441,
	4.25472 3.28898,
	4.25992 3.28205,
	4.27291 3.26906,
	4.28417 3.2552,
	4.2937 3.24134,
	4.29716 3.23441,
	4.29976 3.23095,
	4.30149 3.22402,
	4.30496 3.21709,
	4.31189 3.21016,
	4.31968 3.1963,
	4.32228 3.18937,
	4.33094 3.17552,
	4.34134 3.16166,
	4.35433 3.1478,
	4.35779 3.1452,
	4.35952 3.14347,
	4.36299 3.1426,
	4.39071 3.12441,
	4.40456 3.11142,
	4.41149 3.10449,
	4.42189 3.09063,
	4.42882 3.08371,
	4.43228 3.08024,
	4.46 3.06725,
	4.47385 3.06292,
	4.48771 3.06119,
	4.49464 3.06119,
	4.5085 3.05512,
	4.52236 3.05252,
	4.52929 3.05166,
	4.53622 3.05252,
	4.54314 3.05512,
	4.54661 3.05599,
	4.54748 3.05599,
	4.54921 3.05859,
	4.54748 3.07245,
	4.53622 3.08544,
	4.52496 3.0967,
	4.51889 3.10363,
	4.51283 3.10882,
	4.5033 3.12181,
	4.49724 3.12874,
	4.49464 3.13221,
	4.49291 3.13394,
	4.49291 3.13567,
	4.48771 3.14087,
	4.47732 3.15386,
	4.46433 3.16772,
	4.43748 3.18418,
	4.42362 3.1937,
	4.41756 3.19803,
	4.41409 3.2015,
	4.40889 3.20583,
	4.4037 3.21276,
	4.4037 3.21449,
	4.40197 3.21536,
	4.39677 3.22922,
	4.39417 3.24307,
	4.39417 3.25693,
	4.3933 3.26473,
	4.38897 3.27166,
	4.38204 3.27858,
	4.36819 3.28811,
	4.36126 3.29158,
	4.3474 3.30457,
	4.34393 3.30803,
	4.33527 3.32189,
	4.32748 3.34961,
	4.32661 3.35654,
	4.32834 3.38425,
	4.32661 3.39811,
	4.32228 3.40504,
	4.31882 3.4085,
	4.30496 3.41543,
	4.2911 3.41976,
	4.26338 3.42323,
	4.24953 3.42583,
	4.2426 3.42583,
	4.21488 3.43189,
	4.18716 3.43622,
	4.17331 3.43535,
	4.16638 3.43276,
	4.16031 3.42669,
	4.15858 3.42496,
	4.15858 3.41803,
	4.15858 3.41457,
	"/>
</Transform>

<Transform dim="1"
 xcoef=" 0.02 1 0 0 0 0"
 ycoef=" -0.14 0 1 0 0 0">
<Contour name="d03c25ax45_ssvr" hidden="false" closed="true" simplified="false" border="0 1 0" fill="0 1 0" mode="11"
 points="4.56324 2.58482,
	4.55461 2.5762,
	4.56324 2.56757,
	4.57186 2.5762,
	"/>
<Contour name="d03c25ax45_ssvr" hidden="false" closed="true" simplified="false" border="0 1 0" fill="0 1 0" mode="11"
 points="4.59034 2.55279,
	4.58171 2.54417,
	4.59034 2.53554,
	4.59896 2.54417,
	"/>
<Contour name="d03c25ax45_ssvr" hidden="false" closed="true" simplified="false" border="0 1 0" fill="0 1 0" mode="11"
 points="4.63099 2.56511,
	4.62237 2.55649,
	4.63099 2.54786,
	4.63961 2.55649,
	"/>
<Contour name="d03c25ax45_ssvr" hidden="false" closed="true" simplified="false" border="0 1 0" fill="0 1 0" mode="11"
 points="4.64454 2.5996,
	4.63592 2.59098,
	4.64454 2.58236,
	4.65316 2.59098,
	"/>
<Contour name="d03c25ax45_ssvr" hidden="false" closed="true" simplified="false" border="0 1 0" fill="0 1 0" mode="11"
 points="4.61498 2.58975,
	4.60635 2.58112,
	4.61498 2.5725,
	4.6236 2.58112,
	"/>
<Contour name="d03c25ax45_ssvr" hidden="false" closed="true" simplified="false" border="0 1 0" fill="0 1 0" mode="11"
 points="4.5965 2.64026,
	4.58787 2.63163,
	4.5965 2.62301,
	4.60512 2.63163,
	"/>
<Contour name="d03c25ax45_ssvr" hidden="false" closed="true" simplified="false" border="0 1 0" fill="0 1 0" mode="11"
 points="4.55831 2.62917,
	4.54968 2.62055,
	4.55831 2.61192,
	4.56693 2.62055,
	"/>
<Contour name="d03c25ax45_ssvr" hidden="false" closed="true" simplified="false" border="0 1 0" fill="0 1 0" mode="11"
 points="4.56447 2.67845,
	4.55584 2.66982,
	4.56447 2.6612,
	4.57309 2.66982,
	"/>
<Contour name="d03c25ax45_ssvr" hidden="false" closed="true" simplified="false" border="0 1 0" fill="0 1 0" mode="11"
 points="4.58171 2.72526,
	4.57309 2.71663,
	4.58171 2.70801,
	4.59034 2.71663,
	"/>
<Contour name="d03c25ax45_ssvr" hidden="false" closed="true" simplified="false" border="0 1 0" fill="0 1 0" mode="11"
 points="4.6199 2.72156,
	4.61128 2.71294,
	4.6199 2.70432,
	4.62853 2.71294,
	"/>
<Contour name="d03c25ax45_ssvr" hidden="false" closed="true" simplified="false" border="0 1 0" fill="0 1 0" mode="11"
 points="4.63099 2.67598,
	4.62237 2.66736,
	4.63099 2.65873,
	4.63961 2.66736,
	"/>
<Contour name="d03c25ax45_ssvr" hidden="false" closed="true" simplified="false" border="0 1 0" fill="0 1 0" mode="11"
 points="4.67657 2.67721,
	4.66795 2.66859,
	4.67657 2.65997,
	4.68519 2.66859,
	"/>
<Contour name="d03c25ax45_ssvr" hidden="false" closed="true" simplified="false" border="0 1 0" fill="0 1 0" mode="11"
 points="4.68643 2.7154,
	4.6778 2.70678,
	4.68643 2.69816,
	4.69505 2.70678,
	"/>
<Contour name="d03c25ax45_ssvr" hidden="false" closed="true" simplified="false" border="0 1 0" fill="0 1 0" mode="11"
 points="4.6778 2.74127,
	4.66918 2.73265,
	4.6778 2.72403,
	4.68643 2.73265,
	"/>
<Contour name="d03c25ax45_ssvr" hidden="false" closed="true" simplified="false" border="0 1 0" fill="0 1 0" mode="11"
 points="4.70614 2.75729,
	4.69751 2.74866,
	4.70614 2.74004,
	4.71476 2.74866,
	"/>
<Contour name="d03c25ax45_ssvr" hidden="false" closed="true" simplified="false" border="0 1 0" fill="0 1 0" mode="11"
 points="4.72708 2.71787,
	4.71846 2.70924,
	4.72708 2.70062,
	4.7357 2.70924,
	"/>
<Contour name="d03c25ax45_ssvr" hidden="false" closed="true" simplified="false" border="0 1 0" fill="0 1 0" mode="11"
 points="4.72092 2.68707,
	4.7123 2.67845,
	4.72092 2.66982,
	4.72954 2.67845,
	"/>
<Contour name="d03c25ax45_ssvr" hidden="false" closed="true" simplified="false" border="0 1 0" fill="0 1 0" mode="11"
 points="4.75172 2.75729,
	4.74309 2.74866,
	4.75172 2.74004,
	4.76034 2.74866,
	"/>
<Contour name="d03c25ax45_ssvr" hidden="false" closed="true" simplified="false" border="0 1 0" fill="0 1 0" mode="11"
 points="4.73201 2.80164,
	4.72338 2.79301,
	4.73201 2.78439,
	4.74063 2.79301,
	"/>
<Contour name="d03c25ax45_ssvr" hidden="false" closed="true" simplified="false" border="0 1 0" fill="0 1 0" mode="11"
 points="4.77143 2.79671,
	4.7628 2.78808,
	4.77143 2.77946,
	4.78005 2.78808,
	"/>
<Contour name="d03c25ax45_ssvr" hidden="false" closed="true" simplified="false" border="0 1 0" fill="0 1 0" mode="11"
 points="4.79976 2.82874,
	4.79114 2.82011,
	4.79976 2.81149,
	4.80838 2.82011,
	"/>
<Contour name="d03c25ax45_ssvr" hidden="false" closed="true" simplified="false" border="0 1 0" fill="0 1 0" mode="11"
 points="4.80962 2.8004,
	4.80099 2.79178,
	4.80962 2.78316,
	4.81824 2.79178,
	"/>
<Contour name="d03c25ax45_ssvr" hidden="false" closed="true" simplified="false" border="0 1 0" fill="0 1 0" mode="11"
 points="4.84411 2.82997,
	4.83549 2.82135,
	4.84411 2.81272,
	4.85273 2.82135,
	"/>
<Contour name="d03c25ax45_ssvr" hidden="false" closed="true" simplified="false" border="0 1 0" fill="0 1 0" mode="11"
 points="4.74186 2.83367,
	4.73324 2.82504,
	4.74186 2.81642,
	4.75048 2.82504,
	"/>
<Contour name="d03c25ax45_ssvr" hidden="false" closed="true" simplified="false" border="0 1 0" fill="0 1 0" mode="11"
 points="4.73447 2.86939,
	4.72585 2.86077,
	4.73447 2.85214,
	4.74309 2.86077,
	"/>
<Contour name="d03c25ax45_ssvr" hidden="false" closed="true" simplified="false" border="0 1 0" fill="0 1 0" mode="11"
 points="4.7123 2.83736,
	4.70367 2.82874,
	4.7123 2.82011,
	4.72092 2.82874,
	"/>
</Transform>

<Transform dim="1"
 xcoef=" -0.01 1 0 0 0 0"
 ycoef=" -0.01 0 1 0 0 0">
<Contour name="d03c25ax45_ssvr" hidden="false" closed="true" simplified="false" border="0 1 0" fill="0 1 0" mode="11"
 points="4.6886 3.02417,
	4.67998 3.01555,
	4.6886 3.00693,
	4.69722 3.01555,
	"/>
</Transform>

</Section>