<?xml version="1.0"?>
<!DOCTYPE Section SYSTEM "section.dtd">

<Section index="176" thickness="0.045" alignLocked="true">
<Transform dim="3"
 xcoef=" 0.0568441227302058 1.01761928370745 -0.0231945005889915 0 0 0"
 ycoef=" -0.282901358224314 0.0201428596538127 1.00140857851713 0 0 0">
<Contour name="d01" hidden="false" closed="true" simplified="true" border="1 0.5 0" fill="1 0.5 0" mode="9"
 points="5.06114 5.04516,
	5.14638 5.02918,
	5.189 5.03451,
	5.35949 5.02918,
	5.40211 5.02385,
	5.48202 4.99189,
	5.49267 4.99189,
	5.50866 5.0132,
	5.53529 5.09844,
	5.53529 5.14106,
	5.53529 5.16237,
	5.52464 5.17302,
	5.4394 5.17835,
	5.39678 5.17835,
	5.35416 5.189,
	5.31154 5.189,
	5.30088 5.189,
	5.26359 5.15171,
	5.09844 5.07713,
	5.08245 5.06114,
	5.0718 5.06114,
	5.06114 5.05049,
	"/>
</Transform>

<Transform dim="3"
 xcoef=" 0.0568441227302058 1.01761928370745 -0.0231945005889915 0 0 0"
 ycoef=" -0.282901358224314 0.0201428596538127 1.00140857851713 0 0 0">
<Contour name="d01" hidden="false" closed="true" simplified="true" border="1 0.5 0" fill="1 0.5 0" mode="9"
 points="4.19276 4.21407,
	4.24603 4.12883,
	4.33127 4.11817,
	4.50175 4.13416,
	4.54437 4.1235,
	4.56568 4.1235,
	4.65092 4.09686,
	4.73617 4.09154,
	4.77879 4.08621,
	4.82141 4.07023,
	4.90665 4.01162,
	4.94927 3.97966,
	4.97058 3.96367,
	5.0132 3.96367,
	5.02918 3.97966,
	5.03451 4.00097,
	5.05049 4.02228,
	5.09311 4.02228,
	5.17835 3.99564,
	5.22097 3.98498,
	5.30621 3.99031,
	5.34883 4.01695,
	5.37014 4.02761,
	5.40743 4.07023,
	5.43407 4.11285,
	5.45005 4.15547,
	5.46071 4.24071,
	5.44473 4.25669,
	5.40211 4.27267,
	5.39145 4.27267,
	5.3808 4.28333,
	5.33818 4.29931,
	5.33285 4.32595,
	5.41809 4.36324,
	5.46071 4.36857,
	5.50333 4.38988,
	5.58857 4.40053,
	5.59922 4.41119,
	5.60988 4.41119,
	5.63652 4.45381,
	5.62586 4.47512,
	5.60455 4.49643,
	5.56726 4.51774,
	5.55128 4.53372,
	5.46604 4.52839,
	5.44473 4.51774,
	5.40211 4.51774,
	5.3808 4.51774,
	5.3435 4.55503,
	5.31686 4.59232,
	5.30621 4.61363,
	5.30088 4.65625,
	5.30088 4.66691,
	5.27957 4.68289,
	5.10909 4.75748,
	5.02385 4.79477,
	5.00254 4.79477,
	4.99189 4.79477,
	4.95459 4.75215,
	4.86935 4.73617,
	4.82673 4.73617,
	4.78411 4.7628,
	4.74149 4.77346,
	4.72018 4.77346,
	4.69887 4.78411,
	4.67756 4.78411,
	4.64027 4.75215,
	4.62961 4.74149,
	4.45913 4.72551,
	4.41651 4.74682,
	4.33127 4.7628,
	4.32062 4.74149,
	4.32062 4.69887,
	4.31529 4.67756,
	4.278 4.63494,
	4.26202 4.61363,
	4.25669 4.57101,
	4.25669 4.56036,
	4.278 4.53905,
	4.28865 4.53372,
	4.29931 4.53905,
	4.30464 4.55503,
	4.31529 4.53372,
	4.31529 4.51241,
	4.28865 4.46979,
	4.278 4.42717,
	4.25136 4.38455,
	4.23005 4.36857,
	4.20341 4.28333,
	4.19276 4.24071,
	4.19276 4.2194,
	"/>
</Transform>

<Transform dim="3"
 xcoef=" 0.0568441227302058 1.01761928370745 -0.0231945005889915 0 0 0"
 ycoef=" -0.282901358224314 0.0201428596538127 1.00140857851713 0 0 0">
<Contour name="d02" hidden="false" closed="true" simplified="true" border="0.5 0 1" fill="0.5 0 1" mode="9"
 points="2.0579 8.43211,
	2.07304 8.42076,
	2.07682 8.40563,
	2.1033 8.37537,
	2.11843 8.3678,
	2.14869 8.3678,
	2.15626 8.3678,
	2.15626 8.30727,
	2.16383 8.27701,
	2.17139 8.26188,
	2.20165 8.23162,
	2.22057 8.20135,
	2.22813 8.17109,
	2.2357 8.16352,
	2.2357 8.14839,
	2.24705 8.11813,
	2.2584 8.0576,
	2.26218 8.04247,
	2.28488 8.01599,
	2.31514 8.00842,
	2.33027 8.01221,
	2.33784 8.02734,
	2.33784 8.0576,
	2.36432 8.07652,
	2.37189 8.0803,
	2.40215 8.06138,
	2.41728 8.05004,
	2.44754 8.04625,
	2.46268 8.04247,
	2.49294 8.02356,
	2.55347 8.00842,
	2.5686 8.00464,
	2.62534 7.95546,
	2.74639 7.90628,
	2.77666 7.89494,
	2.80692 7.89494,
	2.82205 7.89872,
	2.82962 7.89872,
	2.85988 7.9252,
	2.89014 7.94411,
	2.90528 7.95925,
	2.90528 7.96681,
	2.92041 7.98194,
	2.93554 7.98951,
	2.95067 7.98951,
	2.95445 8.01977,
	2.93932 8.0803,
	2.93554 8.14083,
	2.92419 8.15596,
	2.90906 8.15974,
	2.90149 8.15974,
	2.90149 8.17487,
	2.90149 8.18244,
	2.92419 8.2127,
	2.95445 8.21648,
	2.96959 8.21648,
	2.98472 8.22405,
	2.99228 8.23162,
	2.99228 8.24675,
	2.9658 8.30727,
	2.93554 8.32997,
	2.92041 8.34132,
	2.91284 8.34889,
	2.91662 8.37915,
	2.92419 8.38671,
	2.92797 8.40185,
	2.90528 8.46237,
	2.89014 8.4775,
	2.88636 8.48507,
	2.8788 8.48507,
	2.87123 8.49264,
	2.84097 8.50398,
	2.82583 8.51155,
	2.82205 8.57208,
	2.79557 8.59856,
	2.76531 8.61747,
	2.75018 8.62882,
	2.68965 8.64395,
	2.67452 8.64017,
	2.66695 8.64017,
	2.65182 8.62504,
	2.59129 8.60234,
	2.56103 8.59477,
	2.5459 8.59477,
	2.53833 8.60234,
	2.50807 8.60612,
	2.49294 8.62126,
	2.43241 8.64017,
	2.37189 8.66665,
	2.34162 8.678,
	2.31514 8.7007,
	2.30001 8.73096,
	2.28866 8.74609,
	2.2584 8.74609,
	2.22813 8.73853,
	2.21679 8.72339,
	2.20922 8.69313,
	2.20922 8.68556,
	2.17896 8.67043,
	2.14869 8.66287,
	2.13356 8.65908,
	2.1033 8.6326,
	2.07304 8.62882,
	2.0579 8.62504,
	2.10708 8.50398,
	2.10708 8.47372,
	2.09573 8.46237,
	2.06547 8.45481,
	2.0579 8.43968,
	2.0579 8.43589,
	"/>
</Transform>

<Transform dim="3"
 xcoef=" 0.0568441227302058 1.01761928370745 -0.0231945005889915 0 0 0"
 ycoef=" -0.282901358224314 0.0201428596538127 1.00140857851713 0 0 0">
<Contour name="d02" hidden="false" closed="true" simplified="true" border="0.5 0 1" fill="0.5 0 1" mode="9"
 points="3.00363 8.41698,
	3.03389 8.3905,
	3.04146 8.38293,
	3.04903 8.35267,
	3.04903 8.33754,
	3.06038 8.32241,
	3.07551 8.31484,
	3.09442 8.28458,
	3.10199 8.26944,
	3.11712 8.26566,
	3.13982 8.29214,
	3.15873 8.35267,
	3.17386 8.38293,
	3.18899 8.39806,
	3.19278 8.4132,
	3.17386 8.44346,
	3.1663 8.47372,
	3.14738 8.50398,
	3.11712 8.53047,
	3.08686 8.5456,
	3.05659 8.5456,
	3.04146 8.5456,
	3.03389 8.5456,
	3.02633 8.53803,
	3.02633 8.50777,
	3.01876 8.49264,
	3.02255 8.46237,
	3.01498 8.46237,
	3.00363 8.43211,
	3.00363 8.42076,
	"/>
</Transform>

<Transform dim="3"
 xcoef=" 0.0568441227302058 1.01761928370745 -0.0231945005889915 0 0 0"
 ycoef=" -0.282901358224314 0.0201428596538127 1.00140857851713 0 0 0">
<Contour name="d02c33" hidden="false" closed="true" simplified="true" border="0 1 0" fill="0 1 0" mode="9"
 points="3.06533 8.54646,
	3.07 8.52777,
	3.08869 8.51142,
	3.12607 8.48806,
	3.14476 8.47637,
	3.14944 8.47404,
	3.15644 8.48105,
	3.15644 8.49039,
	3.14243 8.50675,
	3.12374 8.5231,
	3.10504 8.53245,
	3.08635 8.54646,
	3.07701 8.5488,
	3.07233 8.55114,
	3.06766 8.5488,
	"/>
</Transform>

<Transform dim="3"
 xcoef=" 0.0568441227302058 1.01761928370745 -0.0231945005889915 0 0 0"
 ycoef=" -0.282901358224314 0.0201428596538127 1.00140857851713 0 0 0">
<Contour name="d02cfa33" hidden="false" closed="false" simplified="false" border="0 1 1" fill="0 1 1" mode="9"
 points="3.15219 8.48246,
	3.07275 8.54087,
	"/>
</Transform>

<Transform dim="3"
 xcoef=" 0.0568441227302058 1.01761928370745 -0.0231945005889915 0 0 0"
 ycoef=" -0.282901358224314 0.0201428596538127 1.00140857851713 0 0 0">
<Contour name="d01" hidden="false" closed="true" simplified="true" border="1 0.5 0" fill="1 0.5 0" mode="9"
 points="3.36135 5.82792,
	3.37782 5.76937,
	3.38513 5.71081,
	3.38513 5.70349,
	3.39977 5.68886,
	3.41075 5.67422,
	3.41441 5.65958,
	3.42356 5.64494,
	3.43637 5.63213,
	3.44186 5.61749,
	3.45833 5.58822,
	3.46382 5.57358,
	3.47845 5.5626,
	3.50773 5.54979,
	3.56629 5.5443,
	3.59556 5.53881,
	3.60288 5.53881,
	3.61752 5.5443,
	3.63216 5.55528,
	3.63948 5.56077,
	3.64314 5.57541,
	3.64497 5.60469,
	3.63216 5.66324,
	3.61203 5.69252,
	3.58824 5.72179,
	3.56812 5.75107,
	3.55714 5.78035,
	3.54067 5.80962,
	3.52969 5.82426,
	3.5242 5.83158,
	3.49492 5.84805,
	3.4876 5.85354,
	3.45833 5.86269,
	3.44369 5.87001,
	3.43637 5.87367,
	3.40709 5.86818,
	3.37782 5.85171,
	3.36501 5.8389,
	3.36135 5.83158,
	3.36135 5.82975,
	"/>
</Transform>

<Transform dim="3"
 xcoef=" 0.0568441227302058 1.01761928370745 -0.0231945005889915 0 0 0"
 ycoef=" -0.282901358224314 0.0201428596538127 1.00140857851713 0 0 0">
<Contour name="d03" hidden="false" closed="true" simplified="true" border="0 1 0" fill="0 1 0" mode="9"
 points="3.26537 2.41207,
	3.31413 2.36789,
	3.33851 2.34655,
	3.3446 2.34198,
	3.36136 2.3176,
	3.37203 2.30998,
	3.39641 2.30237,
	3.42079 2.28103,
	3.43298 2.27037,
	3.43298 2.22161,
	3.43298 2.19723,
	3.43298 2.18504,
	3.42841 2.16066,
	3.42536 2.14847,
	3.43755 2.12409,
	3.44364 2.1119,
	3.44669 2.1058,
	3.44974 2.10276,
	3.47412 2.10428,
	3.48631 2.10428,
	3.4924 2.10733,
	3.54116 2.14694,
	3.58992 2.1759,
	3.6143 2.18961,
	3.66306 2.20027,
	3.68744 2.20485,
	3.7362 2.20637,
	3.83372 2.21704,
	3.8581 2.21856,
	3.87029 2.21704,
	3.87638 2.21704,
	3.91448 2.2658,
	3.92514 2.27646,
	3.94952 2.29018,
	3.96171 2.29627,
	3.97543 2.32065,
	3.98609 2.34503,
	3.99219 2.36941,
	4.00743 2.39379,
	4.01657 2.40446,
	4.06533 2.42884,
	4.08971 2.44103,
	4.1019 2.4456,
	4.10952 2.45626,
	4.11409 2.46845,
	4.11713 2.49283,
	4.11713 2.50502,
	4.10494 2.5294,
	4.1019 2.55378,
	4.10342 2.57816,
	4.10342 2.59035,
	4.10494 2.59645,
	4.10494 2.59949,
	4.08057 2.62387,
	4.07447 2.62844,
	4.02571 2.62844,
	3.92819 2.63454,
	3.87943 2.63911,
	3.86724 2.64063,
	3.84286 2.65587,
	3.83677 2.65892,
	3.81696 2.6833,
	3.81239 2.68939,
	3.78801 2.69854,
	3.77582 2.70158,
	3.76972 2.70463,
	3.74534 2.68787,
	3.73925 2.6833,
	3.7362 2.68025,
	3.68744 2.67111,
	3.63868 2.70311,
	3.62649 2.71073,
	3.6204 2.7153,
	3.57164 2.72292,
	3.54726 2.73511,
	3.54116 2.73815,
	3.51678 2.7412,
	3.50459 2.73511,
	3.48021 2.71835,
	3.46802 2.71073,
	3.44517 2.68787,
	3.42231 2.63911,
	3.41469 2.62692,
	3.39031 2.60406,
	3.37812 2.5934,
	3.32936 2.56902,
	3.30803 2.54616,
	3.29736 2.53397,
	3.28975 2.52178,
	3.26994 2.42426,
	3.26537 2.4136,
	"/>
</Transform>

<Transform dim="3"
 xcoef=" 0.0568441227302058 1.01761928370745 -0.0231945005889915 0 0 0"
 ycoef=" -0.282901358224314 0.0201428596538127 1.00140857851713 0 0 0">
<Contour name="d01c37a" hidden="false" closed="true" simplified="true" border="0 1 0" fill="0 1 0" mode="9"
 points="3.51183 5.79197,
	3.52455 5.77161,
	3.53473 5.76143,
	3.54491 5.74362,
	3.56018 5.72581,
	3.58054 5.72835,
	3.58563 5.7309,
	3.57799 5.77161,
	3.5729 5.79197,
	3.54491 5.8276,
	3.53473 5.83523,
	3.52455 5.83523,
	3.51946 5.83523,
	3.51183 5.82505,
	3.51183 5.8047,
	3.51183 5.79452,
	"/>
<Contour name="d01cfa37a" hidden="false" closed="false" simplified="false" border="0 1 1" fill="0 1 1" mode="9"
 points="3.52741 5.83353,
	3.5554 5.78264,
	3.57831 5.72156,
	"/>
</Transform>

<Transform dim="3"
 xcoef=" 0.0568441227302058 1.01761928370745 -0.0231945005889915 0 0 0"
 ycoef=" -0.282901358224314 0.0201428596538127 1.00140857851713 0 0 0">
<Contour name="d03" hidden="false" closed="true" simplified="true" border="0 1 0" fill="0 1 0" mode="9"
 points="4.30151 2.68844,
	4.32365 2.66314,
	4.34579 2.64733,
	4.35528 2.64416,
	4.40272 2.61254,
	4.45333 2.5904,
	4.47863 2.58407,
	4.52924 2.5556,
	4.55454 2.53663,
	4.57668 2.52397,
	4.67789 2.52081,
	4.7032 2.52714,
	4.7538 2.52714,
	4.80125 2.56193,
	4.85185 2.57774,
	4.87715 2.58723,
	4.89929 2.60621,
	4.92143 2.63151,
	4.92776 2.64416,
	4.92776 2.69477,
	4.9246 2.70742,
	4.91827 2.71375,
	4.91511 2.7264,
	4.91511 2.73272,
	4.87715 2.777,
	4.85185 2.79598,
	4.80125 2.81812,
	4.77594 2.81496,
	4.76329 2.8118,
	4.75064 2.80231,
	4.70003 2.79282,
	4.59882 2.78966,
	4.49761 2.78017,
	4.447 2.77068,
	4.3964 2.75486,
	4.34579 2.74538,
	4.33314 2.74221,
	4.30784 2.72007,
	4.30151 2.70742,
	4.30151 2.69477,
	4.30151 2.69161,
	"/>
</Transform>

<Transform dim="3"
 xcoef=" 0.0568441227302058 1.01761928370745 -0.0231945005889915 0 0 0"
 ycoef=" -0.282901358224314 0.0201428596538127 1.00140857851713 0 0 0">
<Contour name="d03" hidden="false" closed="true" simplified="true" border="0 1 0" fill="0 1 0" mode="9"
 points="3.00789 2.777,
	3.02055 2.7517,
	3.06799 2.70426,
	3.07748 2.67896,
	3.09646 2.65682,
	3.12176 2.63151,
	3.17236 2.59988,
	3.19767 2.5904,
	3.21032 2.58407,
	3.23562 2.58723,
	3.24827 2.5904,
	3.25776 2.59988,
	3.26725 2.65049,
	3.27041 2.7517,
	3.27041 2.777,
	3.27041 2.78966,
	3.2546 2.81496,
	3.24827 2.82129,
	3.24827 2.82761,
	3.21348 2.87505,
	3.19134 2.89087,
	3.16604 2.89719,
	3.14074 2.89719,
	3.11543 2.88138,
	3.06483 2.84026,
	3.01738 2.80547,
	3.00789 2.78333,
	3.00789 2.78017,
	"/>
</Transform>

<Transform dim="3"
 xcoef=" 0.0568441227302058 1.01761928370745 -0.0231945005889915 0 0 0"
 ycoef=" -0.282901358224314 0.0201428596538127 1.00140857851713 0 0 0">
<Contour name="d03" hidden="false" closed="true" simplified="true" border="0 1 0" fill="0 1 0" mode="9"
 points="3.74801 2.04638,
	3.7828 2.0021,
	3.80494 1.97996,
	3.81443 1.96731,
	3.83973 1.95149,
	3.86503 1.95149,
	3.88085 1.97363,
	3.90615 1.97363,
	3.9188 1.97363,
	3.93145 1.98312,
	3.93462 2.00843,
	3.93462 2.02108,
	3.92829 2.03373,
	3.92513 2.04005,
	3.91248 2.04322,
	3.89034 2.06852,
	3.86503 2.08117,
	3.85238 2.09066,
	3.80178 2.09382,
	3.77647 2.09382,
	3.75117 2.07168,
	3.74801 2.04954,
	"/>
</Transform>

<Transform dim="3"
 xcoef=" 0.0568441227302058 1.01761928370745 -0.0231945005889915 0 0 0"
 ycoef=" -0.282901358224314 0.0201428596538127 1.00140857851713 0 0 0">
<Contour name="d03p26" hidden="false" closed="true" simplified="false" border="0 0 1" fill="0 0 1" mode="9"
 points="3.50511 2.27997,
	3.4702 2.24506,
	3.50511 2.21015,
	3.54002 2.24506,
	"/>
</Transform>

<Transform dim="3"
 xcoef=" 0.0568441227302058 1.01761928370745 -0.0231945005889915 0 0 0"
 ycoef=" -0.282901358224314 0.0201428596538127 1.00140857851713 0 0 0">
<Contour name="d03p27" hidden="false" closed="true" simplified="false" border="1 0 1" fill="1 0 1" mode="9"
 points="3.84923 2.60415,
	3.84923 2.5842,
	3.86918 2.56425,
	3.88913 2.56425,
	3.90908 2.5842,
	3.90908 2.60415,
	3.88913 2.62409,
	3.86918 2.62409,
	"/>
</Transform>

<Transform dim="3"
 xcoef=" 0.0568441227302058 1.01761928370745 -0.0231945005889915 0 0 0"
 ycoef=" -0.282901358224314 0.0201428596538127 1.00140857851713 0 0 0">
<Contour name="d03c27" hidden="false" closed="true" simplified="true" border="1 0 0" fill="1 0 0" mode="9"
 points="3.81099 2.66798,
	3.81661 2.65674,
	3.82784 2.64551,
	3.87278 2.62585,
	3.89524 2.62585,
	3.90648 2.62585,
	3.91209 2.62585,
	3.91771 2.63147,
	3.92052 2.6427,
	3.92894 2.65393,
	3.90929 2.6764,
	3.90086 2.68763,
	3.89524 2.69325,
	3.87278 2.69606,
	3.85031 2.70448,
	3.82784 2.70448,
	3.81661 2.69606,
	3.81099 2.69044,
	3.81099 2.67078,
	"/>
<Contour name="d03cfa27" hidden="false" closed="false" simplified="false" border="0 1 1" fill="0 1 1" mode="9"
 points="3.8247 2.69918,
	3.84998 2.65986,
	3.87244 2.64863,
	3.92019 2.63739,
	"/>
</Transform>

<Transform dim="3"
 xcoef=" 0.0568441227302058 1.01761928370745 -0.0231945005889915 0 0 0"
 ycoef=" -0.282901358224314 0.0201428596538127 1.00140857851713 0 0 0">
<Contour name="d06" hidden="false" closed="true" simplified="true" border="0 0 1" fill="0 0 1" mode="9"
 points="2.97385 6.90493,
	3.01473 6.85724,
	3.06583 6.74823,
	3.09308 6.72779,
	3.10671 6.71416,
	3.13396 6.70054,
	3.35197 6.69713,
	3.46098 6.69713,
	3.51548 6.69713,
	3.54273 6.69372,
	3.55636 6.69372,
	3.58361 6.6801,
	3.59043 6.67669,
	3.60064 6.68691,
	3.61086 6.69032,
	3.63812 6.71076,
	3.63471 6.73801,
	3.59724 6.7857,
	3.56999 6.80273,
	3.54273 6.80614,
	3.51548 6.82317,
	3.51889 6.8368,
	3.53252 6.8402,
	3.55636 6.86064,
	3.56999 6.86746,
	3.56999 6.89471,
	3.56658 6.90833,
	3.54614 6.93558,
	3.54614 6.9424,
	3.53592 6.95602,
	3.53252 7.01053,
	3.53592 7.02415,
	3.53592 7.03097,
	3.54273 7.03778,
	3.54273 7.04459,
	3.55295 7.05481,
	3.55295 7.08206,
	3.5257 7.0991,
	3.51208 7.1025,
	3.48823 7.12635,
	3.43373 7.14679,
	3.42691 7.1536,
	3.37241 7.17404,
	3.34516 7.17744,
	3.33835 7.18426,
	3.28384 7.20129,
	3.25659 7.21151,
	3.24978 7.21832,
	3.19527 7.22854,
	3.16802 7.23876,
	3.16121 7.23876,
	3.14758 7.24898,
	3.09308 7.27283,
	3.06583 7.27623,
	3.0522 7.27283,
	3.00111 7.22514,
	2.9977 7.17063,
	2.9977 7.14338,
	2.98067 7.11613,
	2.97385 7.1025,
	2.97385 6.99349,
	2.97385 6.93899,
	2.97385 6.91174,
	2.97385 6.90833,
	"/>
<Contour name="d06" hidden="false" closed="true" simplified="true" border="0 0 1" fill="0 0 1" mode="9"
 points="3.63471 6.59494,
	3.66537 6.54043,
	3.69262 6.51659,
	3.70625 6.50637,
	3.7335 6.50296,
	3.76075 6.48934,
	3.76756 6.48252,
	3.79481 6.4723,
	3.82207 6.45527,
	3.82888 6.44846,
	3.8425 6.45187,
	3.86635 6.47571,
	3.86976 6.50296,
	3.86976 6.51659,
	3.86294 6.53021,
	3.84932 6.54384,
	3.79481 6.58131,
	3.76756 6.58472,
	3.75394 6.59494,
	3.74712 6.60175,
	3.74031 6.60175,
	3.7335 6.60856,
	3.73009 6.62219,
	3.71647 6.63581,
	3.68921 6.64944,
	3.66196 6.64944,
	3.64834 6.64263,
	3.63471 6.629,
	3.63471 6.60175,
	3.63471 6.59834,
	"/>
</Transform>

<Transform dim="3"
 xcoef=" 0.0568441227302058 1.01761928370745 -0.0231945005889915 0 0 0"
 ycoef=" -0.282901358224314 0.0201428596538127 1.00140857851713 0 0 0">
<Contour name="d06p21" hidden="false" closed="true" simplified="false" border="1 0.5 0" fill="1 0.5 0" mode="9"
 points="3.46748 6.77782,
	3.46748 6.76806,
	3.47724 6.7583,
	3.48701 6.7583,
	3.49677 6.76806,
	3.49677 6.77782,
	3.48701 6.78759,
	3.47724 6.78759,
	"/>
</Transform>

<Transform dim="3"
 xcoef=" 0.0568441227302058 1.01761928370745 -0.0231945005889915 0 0 0"
 ycoef=" -0.282901358224314 0.0201428596538127 1.00140857851713 0 0 0">
<Contour name="d07" hidden="false" closed="true" simplified="true" border="1 0 1" fill="1 0 1" mode="9"
 points="3.62292 7.23678,
	3.6592 7.20503,
	3.67733 7.19597,
	3.69547 7.17783,
	3.76802 7.17329,
	3.79976 7.1869,
	4.08996 7.1869,
	4.16251 7.1869,
	4.19878 7.18236,
	4.21692 7.17329,
	4.28947 7.17783,
	4.31667 7.2141,
	4.31667 7.28665,
	4.33028 7.32293,
	4.36202 7.35467,
	4.39829 7.36374,
	4.43457 7.38641,
	4.49805 7.45442,
	4.50711 7.45896,
	4.50711 7.49523,
	4.52072 7.50883,
	4.55699 7.50883,
	4.59327 7.49977,
	4.66582 7.45896,
	4.70209 7.43629,
	4.72023 7.42722,
	4.7565 7.39094,
	4.82905 7.38641,
	4.86533 7.38641,
	4.88346 7.38641,
	4.91974 7.3728,
	4.93787 7.3592,
	4.97415 7.3456,
	5.01042 7.3592,
	5.01949 7.36374,
	5.01949 7.38187,
	5.00136 7.41815,
	4.96508 7.43175,
	4.95601 7.44082,
	4.94694 7.44082,
	4.87439 7.49523,
	4.80185 7.54057,
	4.78371 7.54964,
	4.77464 7.54964,
	4.76557 7.55871,
	4.7293 7.57231,
	4.71116 7.57685,
	4.70209 7.58592,
	4.69302 7.58592,
	4.68395 7.59499,
	4.67488 7.59499,
	4.63861 7.62219,
	4.62501 7.65847,
	4.62501 7.69474,
	4.64768 7.76729,
	4.66128 7.80357,
	4.67035 7.8217,
	4.67035 7.85798,
	4.66128 7.87611,
	4.58873 7.91692,
	4.44363 7.91692,
	4.37108 7.92146,
	4.29854 7.91692,
	4.26226 7.90785,
	4.24412 7.90785,
	4.17157 7.88065,
	4.16251 7.88065,
	4.09449 7.8217,
	4.08089 7.78543,
	4.08089 7.76729,
	4.06275 7.73102,
	4.03555 7.69474,
	3.99927 7.663,
	3.92672 7.6358,
	3.85417 7.57231,
	3.8179 7.55418,
	3.78616 7.52244,
	3.76349 7.48616,
	3.72721 7.45442,
	3.65466 7.42268,
	3.62292 7.38641,
	3.62292 7.24131,
	"/>
</Transform>

<Transform dim="3"
 xcoef=" 0.0568441227302058 1.01761928370745 -0.0231945005889915 0 0 0"
 ycoef=" -0.282901358224314 0.0201428596538127 1.00140857851713 0 0 0">
<Contour name="d07" hidden="false" closed="true" simplified="true" border="1 0 1" fill="1 0 1" mode="9"
 points="4.41643 6.53849,
	4.4391 6.50675,
	4.51165 6.50675,
	4.52979 6.50675,
	4.53885 6.50675,
	4.55246 6.52489,
	4.55699 6.59744,
	4.54339 6.61104,
	4.47084 6.61557,
	4.43457 6.6065,
	4.41643 6.5929,
	4.41643 6.55663,
	4.41643 6.54302,
	"/>
</Transform>

<Transform dim="3"
 xcoef=" 0.0568441227302058 1.01761928370745 -0.0231945005889915 0 0 0"
 ycoef=" -0.282901358224314 0.0201428596538127 1.00140857851713 0 0 0">
<Contour name="PSDd01ax31db" hidden="false" closed="false" simplified="false" border="0 1 0.25098" fill="0 0 1" mode="11"
 points="3.55674 5.20185,
	3.55939 5.22038,
	3.57704 5.24949,
	3.59557 5.27949,
	3.65203 5.32008,
	"/>
</Transform>

<Transform dim="3"
 xcoef=" 0.0568441227302058 1.01761928370745 -0.0231945005889915 0 0 0"
 ycoef=" -0.282901358224314 0.0201428596538127 1.00140857851713 0 0 0">
<Contour name="d01p28" hidden="false" closed="true" simplified="false" border="1 0 0" fill="1 0 0" mode="-9"
 points="5.39884 4.40551,
	5.37926 4.40551,
	5.37926 4.41531,
	5.38905 4.4251,
	5.41843 4.43489,
	5.39884 4.44469,
	5.38905 4.46427,
	5.36947 4.44469,
	5.35967 4.4251,
	5.35967 4.40551,
	5.34009 4.40551,
	5.36947 4.38593,
	"/>
</Transform>

<Transform dim="3"
 xcoef=" 0.0568441227302058 1.01761928370745 -0.0231945005889915 0 0 0"
 ycoef=" -0.282901358224314 0.0201428596538127 1.00140857851713 0 0 0">
<Contour name="d03p25" hidden="false" closed="true" simplified="false" border="1 1 0" fill="1 1 0" mode="-9"
 points="4.02804 2.55751,
	4.02804 2.51049,
	3.98102 2.51049,
	3.98102 2.55163,
	3.97514 2.55751,
	3.97514 2.50461,
	4.03392 2.50461,
	4.03392 2.56338,
	3.97514 2.56338,
	3.98102 2.55751,
	"/>
</Transform>

<Transform dim="3"
 xcoef=" 0.0568441227302058 1.01761928370745 -0.0231945005889915 0 0 0"
 ycoef=" -0.282901358224314 0.0201428596538127 1.00140857851713 0 0 0">
<Contour name="d06p21" hidden="false" closed="true" simplified="false" border="1 0 0" fill="1 0 0" mode="-9"
 points="3.48436 6.76864,
	3.48436 6.76368,
	3.48932 6.75872,
	3.49429 6.75872,
	3.49925 6.76368,
	3.49925 6.76864,
	3.49429 6.77361,
	3.48932 6.77361,
	"/>
</Transform>

<Transform dim="3"
 xcoef=" 0.0568441227302058 1.01761928370745 -0.0231945005889915 0 0 0"
 ycoef=" -0.282901358224314 0.0201428596538127 1.00140857851713 0 0 0">
<Contour name="d07p31" hidden="false" closed="true" simplified="false" border="1 0.5 0" fill="1 0.5 0" mode="-13"
 points="4.54893 7.59747,
	4.54893 7.59251,
	4.55389 7.58754,
	4.55885 7.58754,
	4.56382 7.59251,
	4.56382 7.59747,
	4.55885 7.60243,
	4.55389 7.60243,
	"/>
</Transform>

<Transform dim="3"
 xcoef=" 0.0568441227302058 1.01761928370745 -0.0231945005889915 0 0 0"
 ycoef=" -0.282901358224314 0.0201428596538127 1.00140857851713 0 0 0">
<Contour name="d03plinn26" hidden="false" closed="true" simplified="false" border="0 0 1" fill="0 0 1" mode="-13"
 points="3.69733 2.47726,
	3.67522 2.45515,
	3.69733 2.43305,
	3.71944 2.45515,
	"/>
</Transform>

<Transform dim="3"
 xcoef=" 0.0568441227302058 1.01761928370745 -0.0231945005889915 0 0 0"
 ycoef=" -0.282901358224314 0.0201428596538127 1.00140857851713 0 0 0">
<Contour name="d03plinn27" comment="25jul2016KHadded" hidden="false" closed="true" simplified="false" border="1 1 0" fill="1 1 0" mode="-13"
 points="3.71273 2.47078,
	3.71273 2.43905,
	3.681 2.43905,
	3.681 2.46681,
	3.67703 2.47078,
	3.67703 2.43508,
	3.7167 2.43508,
	3.7167 2.47475,
	3.67703 2.47475,
	3.681 2.47078,
	"/>
</Transform>

<Transform dim="1"
 xcoef=" 0.00921555425184537 1 0 0 0 0"
 ycoef=" -0.11980220527399 0 1 0 0 0">
<Contour name="d01cfa35ax04" hidden="false" closed="false" simplified="false" border="0 1 1" fill="0 1 1" mode="9"
 points="3.82628 4.80187,
	3.81648 4.82299,
	3.80255 4.84418,
	3.77857 4.87605,
	3.74819 4.89757,
	3.71378 4.92336,
	3.68306 4.93025,
	3.63569 4.92912,
	3.59047 4.93212,
	3.55358 4.93914,
	3.51859 4.93984,
	3.47917 4.926,
	3.43955 4.90378,
	3.40616 4.88354,
	3.39334 4.86287,
	"/>
<Contour name="d01" hidden="false" closed="true" simplified="true" border="1 0.5 0" fill="1 0.5 0" mode="9"
 points="3.22009 5.02434,
	3.29116 4.89112,
	3.32347 4.86327,
	3.33132 4.84639,
	3.36175 4.82694,
	3.39514 4.84719,
	3.41854 4.88019,
	3.43533 4.89449,
	3.44375 4.90269,
	3.47706 4.91876,
	3.49366 4.9247,
	3.55969 4.93174,
	3.59266 4.93316,
	3.65827 4.92139,
	3.72377 4.90543,
	3.75646 4.89431,
	3.78894 4.87483,
	3.80464 4.84105,
	3.81661 4.82407,
	3.83231 4.79028,
	3.83604 4.77347,
	3.84389 4.75658,
	3.85585 4.73961,
	3.8637 4.72272,
	3.87773 4.7057,
	3.88577 4.69717,
	3.90212 4.69266,
	3.91026 4.68831,
	3.94337 4.69601,
	3.95175 4.70212,
	3.95596 4.70622,
	3.95615 4.71458,
	3.96476 4.73114,
	3.96103 4.74795,
	3.96141 4.76468,
	3.98069 4.79776,
	3.99135 4.81428,
	3.99829 4.84761,
	4.00073 4.8643,
	3.99532 4.89787,
	3.99345 4.90628,
	3.94971 4.97409,
	3.93981 4.99103,
	3.93608 5.00784,
	3.92205 5.02486,
	3.91401 5.03339,
	3.88138 5.0466,
	3.86515 5.05738,
	3.80084 5.12561,
	3.7682 5.13882,
	3.76007 5.14316,
	3.72715 5.14383,
	3.71064 5.14207,
	3.67734 5.126,
	3.66068 5.11797,
	3.65236 5.11395,
	3.58642 5.1111,
	3.55336 5.10549,
	3.42082 5.0705,
	3.40421 5.06456,
	3.27253 5.06721,
	3.23961 5.06787,
	3.23138 5.06804,
	3.22305 5.06402,
	3.22024 5.03061,
	3.22014 5.02642,
	"/>
<Contour name="d01c35ax04_ssvda" hidden="false" closed="true" simplified="false" border="1 0 0" fill="0 0 1" mode="-11"
 points="3.77494 4.82438,
	3.76685 4.81652,
	3.77457 4.80832,
	3.78265 4.8162,
	"/>
<Contour name="d01c35ax04_ssvda" hidden="false" closed="true" simplified="false" border="1 0 0" fill="0 0 1" mode="-11"
 points="3.79237 4.79649,
	3.78429 4.78862,
	3.792 4.78044,
	3.80009 4.78831,
	"/>
<Contour name="d01c35ax04_ssvda" hidden="false" closed="true" simplified="false" border="1 0 0" fill="0 0 1" mode="-11"
 points="3.44713 4.85852,
	3.43905 4.85064,
	3.44676 4.84246,
	3.45485 4.85032,
	"/>
<Contour name="d01c35ax04_ssvr" hidden="false" closed="true" simplified="false" border="0 1 0.501961" fill="0 0 1" mode="-11"
 points="3.74691 4.78363,
	3.73883 4.77577,
	3.74654 4.76758,
	3.75462 4.77545,
	"/>
<Contour name="d01c35ax04_ssvr" hidden="false" closed="true" simplified="false" border="0 1 0.501961" fill="0 0 1" mode="-11"
 points="3.72043 4.76122,
	3.71235 4.75335,
	3.72006 4.74517,
	3.72815 4.75304,
	"/>
<Contour name="d01c35ax04_ssvr" hidden="false" closed="true" simplified="false" border="0 1 0.501961" fill="0 0 1" mode="-11"
 points="3.68132 4.72988,
	3.67324 4.72202,
	3.68095 4.71382,
	3.68904 4.7217,
	"/>
<Contour name="d01c35ax04_ssvr" hidden="false" closed="true" simplified="false" border="0 1 0.501961" fill="0 0 1" mode="-11"
 points="3.64287 4.72721,
	3.63478 4.71934,
	3.64251 4.71116,
	3.65059 4.71903,
	"/>
<Contour name="d01c35ax04_ssvr" hidden="false" closed="true" simplified="false" border="0 1 0.501961" fill="0 0 1" mode="-11"
 points="3.63675 4.70668,
	3.62867 4.69882,
	3.63639 4.69062,
	3.64447 4.6985,
	"/>
<Contour name="d01c35ax04_ssvr" hidden="false" closed="true" simplified="false" border="0 1 0.501961" fill="0 0 1" mode="-11"
 points="3.6371 4.67225,
	3.62902 4.66438,
	3.63673 4.65619,
	3.64481 4.66406,
	"/>
<Contour name="d01c35ax04_ssvr" hidden="false" closed="true" simplified="false" border="0 1 0.501961" fill="0 0 1" mode="-11"
 points="3.70813 4.66738,
	3.70005 4.65951,
	3.70776 4.65132,
	3.71584 4.6592,
	"/>
<Contour name="d01c35ax04_ssvr" hidden="false" closed="true" simplified="false" border="0 1 0.501961" fill="0 0 1" mode="-11"
 points="3.68735 4.54847,
	3.67926 4.5406,
	3.68699 4.53241,
	3.69507 4.54028,
	"/>
<Contour name="d01c35ax04_ssvr" hidden="false" closed="true" simplified="false" border="0 1 0.501961" fill="0 0 1" mode="-11"
 points="3.77515 4.48703,
	3.76707 4.47917,
	3.77479 4.47097,
	3.78287 4.47885,
	"/>
<Contour name="d01c35ax04_ssvr" hidden="false" closed="true" simplified="false" border="0 1 0.501961" fill="0 0 1" mode="-11"
 points="3.63058 4.48535,
	3.6225 4.47748,
	3.63021 4.4693,
	3.6383 4.47716,
	"/>
<Contour name="d01c35ax04_ssvr" hidden="false" closed="true" simplified="false" border="0 1 0.501961" fill="0 0 1" mode="-11"
 points="3.60679 4.53172,
	3.59871 4.52386,
	3.60643 4.51567,
	3.61452 4.52354,
	"/>
<Contour name="d01c35ax04_ssvr" hidden="false" closed="true" simplified="false" border="0 1 0.501961" fill="0 0 1" mode="-11"
 points="3.50917 4.65761,
	3.50108 4.64974,
	3.50881 4.64156,
	3.51689 4.64943,
	"/>
<Contour name="d01c35ax04_ssvr" hidden="false" closed="true" simplified="false" border="0 1 0.501961" fill="0 0 1" mode="-11"
 points="3.48751 4.74755,
	3.47942 4.73967,
	3.48715 4.73149,
	3.49523 4.73936,
	"/>
</Transform>

<Transform dim="1"
 xcoef=" 0.00921555425184537 1 0 0 0 0"
 ycoef=" -0.11980220527399 0 1 0 0 0">
<Contour name="ax04" comment="LK bouton trace named after cfa" hidden="false" closed="true" simplified="true" border="0 1 1" fill="0.502 1 1" mode="9"
 points="3.2598 4.55661,
	3.27401 4.52819,
	3.27845 4.52108,
	3.29177 4.50687,
	3.30332 4.49266,
	3.31753 4.47844,
	3.33263 4.45002,
	3.34062 4.43581,
	3.35128 4.4216,
	3.37882 4.39317,
	3.39125 4.37896,
	3.39214 4.37186,
	3.39569 4.36475,
	3.40902 4.35676,
	3.41257 4.35498,
	3.44099 4.35409,
	3.45521 4.35232,
	3.46231 4.35054,
	3.47652 4.34255,
	3.49074 4.33011,
	3.49784 4.32656,
	3.50139 4.32567,
	3.50228 4.32478,
	3.51649 4.33277,
	3.53071 4.33722,
	3.54492 4.3381,
	3.55913 4.33455,
	3.56623 4.33277,
	3.58045 4.32212,
	3.59466 4.31501,
	3.60887 4.31057,
	3.61598 4.30702,
	3.62308 4.30524,
	3.63729 4.29813,
	3.63907 4.29813,
	3.64706 4.28392,
	3.65417 4.2777,
	3.66127 4.28037,
	3.66838 4.28748,
	3.67282 4.29458,
	3.68703 4.30346,
	3.70124 4.31057,
	3.72967 4.33011,
	3.74388 4.3381,
	3.7723 4.3612,
	3.77941 4.3683,
	3.79007 4.38252,
	3.79806 4.39673,
	3.80339 4.40383,
	3.8176 4.4136,
	3.84603 4.42515,
	3.85313 4.42693,
	3.86734 4.43403,
	3.87445 4.43847,
	3.88777 4.45269,
	3.89932 4.4669,
	3.90554 4.48111,
	3.90643 4.48821,
	3.90198 4.50243,
	3.89577 4.51664,
	3.8931 4.53085,
	3.89843 4.54506,
	3.91264 4.57348,
	3.91886 4.5877,
	3.92153 4.5948,
	3.92419 4.62323,
	3.92419 4.63033,
	3.9233 4.63388,
	3.92508 4.6481,
	3.92597 4.65165,
	3.9233 4.65875,
	3.91442 4.67297,
	3.89044 4.70139,
	3.878 4.7156,
	3.84958 4.74225,
	3.84247 4.74935,
	3.82204 4.77778,
	3.80606 4.8062,
	3.79806 4.82041,
	3.78829 4.83462,
	3.77497 4.84884,
	3.76875 4.85594,
	3.74033 4.87459,
	3.7119 4.88792,
	3.68348 4.89769,
	3.66927 4.90213,
	3.65506 4.90479,
	3.62663 4.90657,
	3.61242 4.90657,
	3.584 4.91012,
	3.56979 4.91368,
	3.54136 4.91456,
	3.52715 4.91456,
	3.49873 4.91101,
	3.48452 4.90835,
	3.45609 4.89502,
	3.44188 4.88792,
	3.43478 4.88348,
	3.42057 4.87015,
	3.41524 4.86305,
	3.40724 4.84884,
	3.38326 4.82041,
	3.36905 4.80709,
	3.31309 4.76801,
	3.30865 4.75379,
	3.30243 4.73958,
	3.29355 4.72537,
	3.28733 4.71116,
	3.28289 4.68274,
	3.27756 4.66852,
	3.27045 4.65431,
	3.2669 4.64721,
	3.26424 4.633,
	3.26335 4.61878,
	3.26424 4.59036,
	3.26157 4.57615,
	3.2598 4.5726,
	3.2598 4.55838,
	3.2598 4.5575,
	"/>
</Transform>

<Transform dim="1"
 xcoef=" 0.00921555425184537 1 0 0 0 0"
 ycoef=" -0.11980220527399 0 1 0 0 0">
<Contour name="ax12" comment="LK bouton trace named after cfa" hidden="false" closed="true" simplified="true" border="0 1 1" fill="0.502 1 1" mode="9"
 points="2.46934 2.3469,
	2.47149 2.32971,
	2.48116 2.31253,
	2.48653 2.30393,
	2.51983 2.27601,
	2.52735 2.27171,
	2.53164 2.26849,
	2.53379 2.26849,
	2.53594 2.26634,
	2.54023 2.26527,
	2.54238 2.26312,
	2.57675 2.25238,
	2.58535 2.24808,
	2.58964 2.24486,
	2.59394 2.24378,
	2.60146 2.23734,
	2.60575 2.23627,
	2.6079 2.23412,
	2.61005 2.23412,
	2.61112 2.23197,
	2.61542 2.2309,
	2.63153 2.21908,
	2.64657 2.20189,
	2.65516 2.19652,
	2.67235 2.1933,
	2.68953 2.1933,
	2.7239 2.19867,
	2.74109 2.19975,
	2.74968 2.20189,
	2.78405 2.20189,
	2.80124 2.20189,
	2.81843 2.19975,
	2.82702 2.19867,
	2.82917 2.19652,
	2.83776 2.19545,
	2.84206 2.19438,
	2.8442 2.19438,
	2.84635 2.19223,
	2.88072 2.1933,
	2.88932 2.1933,
	2.9065 2.20297,
	2.91402 2.20941,
	2.91939 2.21801,
	2.92154 2.2266,
	2.92261 2.24378,
	2.92154 2.27816,
	2.91832 2.29534,
	2.91187 2.31253,
	2.90865 2.32112,
	2.9022 2.32971,
	2.89361 2.3383,
	2.88609 2.34475,
	2.86998 2.35442,
	2.86139 2.36086,
	2.85924 2.36301,
	2.85709 2.36301,
	2.8528 2.36731,
	2.84528 2.3716,
	2.84098 2.37482,
	2.80661 2.38771,
	2.78942 2.39416,
	2.78513 2.39738,
	2.78083 2.39845,
	2.77224 2.40382,
	2.76794 2.40597,
	2.76579 2.40812,
	2.7615 2.40919,
	2.76042 2.41134,
	2.75828 2.41134,
	2.75613 2.41349,
	2.75398 2.41349,
	2.74968 2.41671,
	2.74539 2.41779,
	2.7282 2.42853,
	2.7239 2.4296,
	2.70672 2.43927,
	2.70457 2.43927,
	2.70027 2.44249,
	2.69813 2.44249,
	2.69383 2.44571,
	2.67664 2.45108,
	2.67235 2.45431,
	2.63798 2.46505,
	2.62079 2.46934,
	2.58642 2.47149,
	2.56924 2.47042,
	2.55205 2.4672,
	2.53486 2.45968,
	2.53057 2.45646,
	2.52842 2.45646,
	2.51983 2.44786,
	2.50586 2.43175,
	2.49834 2.42316,
	2.4919 2.41671,
	2.48546 2.40812,
	2.47042 2.37375,
	2.46934 2.35656,
	2.46934 2.34797,
	"/>
</Transform>

<Transform dim="1"
 xcoef=" 0.00921555425184537 1 0 0 0 0"
 ycoef=" -0.11980220527399 0 1 0 0 0">
<Contour name="ax20" comment="LK bouton trace named after cfa" hidden="false" closed="true" simplified="true" border="0 1 1" fill="0.502 1 1" mode="9"
 points="6.33419 9.02785,
	6.33781 9.01334,
	6.33781 8.98431,
	6.34144 8.95529,
	6.35051 8.92627,
	6.35232 8.91901,
	6.37228 8.8918,
	6.38679 8.88092,
	6.41581 8.87366,
	6.44483 8.87366,
	6.45935 8.87911,
	6.4666 8.88092,
	6.48111 8.88999,
	6.49562 8.9045,
	6.50288 8.91176,
	6.5192 8.93715,
	6.53553 8.96617,
	6.54641 8.9952,
	6.54641 9.05324,
	6.54279 9.06775,
	6.53916 9.07501,
	6.53916 9.07864,
	6.53372 9.08589,
	6.5319 9.09315,
	6.52827 9.09678,
	6.51739 9.1258,
	6.51195 9.13305,
	6.51013 9.14031,
	6.49925 9.15301,
	6.48655 9.16208,
	6.47204 9.17659,
	6.47204 9.18022,
	6.46297 9.19473,
	6.46116 9.20198,
	6.45028 9.21468,
	6.44302 9.22012,
	6.414 9.22194,
	6.39949 9.22012,
	6.39223 9.22012,
	6.38497 9.21649,
	6.37228 9.20198,
	6.36865 9.14394,
	6.36321 9.11491,
	6.35958 9.11129,
	6.35414 9.09678,
	6.35051 9.08952,
	6.35051 9.08589,
	6.33419 9.05687,
	6.33419 9.02966,
	"/>
</Transform>

<Transform dim="1"
 xcoef=" 0.00921555425184537 1 0 0 0 0"
 ycoef=" -0.11980220527399 0 1 0 0 0">
<Contour name="ax23" comment="LK bouton trace named after cfa" hidden="false" closed="true" simplified="true" border="0 1 1" fill="0.502 1 1" mode="9"
 points="4.08276 8.80807,
	4.08941 8.79626,
	4.09236 8.7933,
	4.116 8.7837,
	4.13963 8.77779,
	4.15145 8.77558,
	4.16327 8.77188,
	4.16917 8.77115,
	4.18099 8.76671,
	4.19281 8.76376,
	4.19872 8.76154,
	4.20167 8.76154,
	4.21349 8.75637,
	4.22531 8.75268,
	4.24894 8.74086,
	4.27257 8.73053,
	4.28439 8.72536,
	4.29621 8.72166,
	4.31984 8.71723,
	4.34348 8.70468,
	4.35529 8.69803,
	4.3612 8.69434,
	4.37302 8.69138,
	4.38483 8.6899,
	4.39074 8.69064,
	4.40256 8.69581,
	4.40847 8.69951,
	4.41364 8.70541,
	4.42029 8.71723,
	4.4225 8.74086,
	4.42324 8.75268,
	4.42546 8.7645,
	4.42472 8.78813,
	4.42029 8.79995,
	4.41807 8.80586,
	4.41659 8.81768,
	4.41512 8.82358,
	4.41512 8.82949,
	4.41733 8.84131,
	4.42176 8.85313,
	4.42324 8.85903,
	4.42324 8.86051,
	4.42546 8.86347,
	4.42619 8.86642,
	4.43063 8.87233,
	4.4417 8.88045,
	4.44761 8.88267,
	4.45352 8.88636,
	4.46534 8.89744,
	4.47198 8.90926,
	4.47715 8.92107,
	4.48011 8.92698,
	4.4838 8.9388,
	4.48602 8.94471,
	4.48823 8.96834,
	4.48676 8.98016,
	4.48528 8.98607,
	4.48232 8.99198,
	4.47125 9.00379,
	4.46534 9.00822,
	4.45943 9.0097,
	4.44761 9.00896,
	4.4417 9.00896,
	4.4358 9.00749,
	4.42989 9.00749,
	4.41807 9.00527,
	4.40625 9.00749,
	4.40034 9.00822,
	4.37671 9.02964,
	4.36489 9.03998,
	4.35898 9.04515,
	4.34717 9.05254,
	4.34126 9.05697,
	4.31763 9.06805,
	4.30581 9.07248,
	4.2999 9.07396,
	4.29695 9.07617,
	4.28513 9.07691,
	4.27922 9.07691,
	4.2674 9.07469,
	4.24377 9.06805,
	4.23786 9.06731,
	4.23195 9.06879,
	4.229 9.06952,
	4.21718 9.07691,
	4.21127 9.0806,
	4.19946 9.0843,
	4.18764 9.08503,
	4.17582 9.08134,
	4.17434 9.07986,
	4.17139 9.07913,
	4.15957 9.071,
	4.15366 9.06731,
	4.14259 9.05623,
	4.12708 9.0326,
	4.12265 9.02078,
	4.12117 9.00896,
	4.1256 8.98533,
	4.12708 8.97942,
	4.12708 8.95579,
	4.12634 8.94397,
	4.11969 8.92034,
	4.11452 8.90852,
	4.11157 8.90261,
	4.10935 8.89966,
	4.10714 8.89375,
	4.09975 8.88193,
	4.08867 8.8583,
	4.0835 8.83466,
	4.08276 8.81103,
	4.08276 8.80881,
	"/>
</Transform>

<Transform dim="1"
 xcoef=" 0.00921555425184537 1 0 0 0 0"
 ycoef=" -0.11980220527399 0 1 0 0 0">
<Contour name="d01c35ax04" hidden="false" closed="true" simplified="true" border="0 1 0" fill="0 1 0" mode="9"
 points="3.35483 4.89621,
	3.40544 4.85113,
	3.43075 4.82899,
	3.43707 4.82345,
	3.43866 4.82187,
	3.53989 4.82978,
	3.56519 4.83215,
	3.66642 4.82899,
	3.69173 4.82741,
	3.74235 4.78865,
	3.755 4.77916,
	3.76133 4.77442,
	3.76449 4.77205,
	3.86572 4.82029,
	3.87758 4.82661,
	3.8159 4.92784,
	3.80087 4.95315,
	3.75025 4.97846,
	3.72495 4.99032,
	3.71229 4.99665,
	3.61106 4.99744,
	3.50983 4.99665,
	3.49718 4.99586,
	3.39595 4.92547,
	3.37064 4.90728,
	3.35799 4.89858,
	3.35562 4.897,
	"/>
</Transform>

<Transform dim="1"
 xcoef=" 0.00921555425184537 1 0 0 0 0"
 ycoef=" -0.12980220527399 0 1 0 0 0">
<Contour name="d01c35ax04_ssvr" hidden="false" closed="true" simplified="false" border="0 1 0.501961" fill="0 0 1" mode="-11"
 points="3.74762 4.46807,
	3.73954 4.46021,
	3.74725 4.45202,
	3.75534 4.45989,
	"/>
</Transform>

<Transform dim="1"
 xcoef=" -0.00078444574815463 1 0 0 0 0"
 ycoef=" -0.11980220527399 0 1 0 0 0">
<Contour name="d01c35ax04_ssvr" hidden="false" closed="true" simplified="false" border="0 1 0.501961" fill="0 0 1" mode="-11"
 points="3.83604 4.53285,
	3.82796 4.52499,
	3.83568 4.51679,
	3.84376 4.52467,
	"/>
</Transform>

<Transform dim="1"
 xcoef=" -0.00078444574815463 1 0 0 0 0"
 ycoef=" -0.11980220527399 0 1 0 0 0">
<Contour name="d01c35ax04_ssvr" hidden="false" closed="true" simplified="false" border="0 1 0.501961" fill="0 0 1" mode="-11"
 points="3.73342 4.53836,
	3.72533 4.53049,
	3.73305 4.5223,
	3.74113 4.53017,
	"/>
</Transform>

<Transform dim="1"
 xcoef=" 0.0192155542518454 1 0 0 0 0"
 ycoef=" -0.12980220527399 0 1 0 0 0">
<Contour name="d01c35ax04_ssvr" hidden="false" closed="true" simplified="false" border="0 1 0.501961" fill="0 0 1" mode="-11"
 points="3.76278 4.58826,
	3.7547 4.58038,
	3.76241 4.5722,
	3.7705 4.58007,
	"/>
</Transform>

<Transform dim="1"
 xcoef=" 0.00921555425184537 1 0 0 0 0"
 ycoef=" -0.11980220527399 0 1 0 0 0">
<Contour name="d01c35ax04_ssvr" hidden="false" closed="true" simplified="false" border="0 1 0.251" fill="0 1 0.251" mode="11"
 points="3.78263 4.56051,
	3.7749 4.55278,
	3.78263 4.54504,
	3.79037 4.55278,
	"/>
</Transform>

<Transform dim="1"
 xcoef=" 0.0192155542518454 1 0 0 0 0"
 ycoef=" -0.11980220527399 0 1 0 0 0">
<Contour name="d01c35ax04_ssvr" hidden="false" closed="true" simplified="false" border="0 1 0.501961" fill="0 0 1" mode="-11"
 points="3.67822 4.49472,
	3.67014 4.48685,
	3.67785 4.47867,
	3.68594 4.48653,
	"/>
</Transform>

<Transform dim="1"
 xcoef=" -0.00078444574815463 1 0 0 0 0"
 ycoef=" -0.12980220527399 0 1 0 0 0">
<Contour name="d01c35ax04_ssvr" hidden="false" closed="true" simplified="false" border="0 1 0.501961" fill="0 0 1" mode="-11"
 points="3.62323 4.55893,
	3.61515 4.55107,
	3.62286 4.54287,
	3.63094 4.55075,
	"/>
</Transform>

<Transform dim="1"
 xcoef=" 0.00921555425184537 1 0 0 0 0"
 ycoef=" -0.12980220527399 0 1 0 0 0">
<Contour name="d01c35ax04_ssvr" hidden="false" closed="true" simplified="false" border="0 1 0.501961" fill="0 0 1" mode="-11"
 points="3.65845 4.51921,
	3.65037 4.51134,
	3.65809 4.50316,
	3.66617 4.51102,
	"/>
</Transform>

<Transform dim="1"
 xcoef=" 0.00921555425184537 1 0 0 0 0"
 ycoef=" -0.11980220527399 0 1 0 0 0">
<Contour name="d01c35ax04_ssvr" hidden="false" closed="true" simplified="false" border="0 1 0.251" fill="0 1 0.251" mode="11"
 points="3.67439 4.57487,
	3.66665 4.56714,
	3.67439 4.5594,
	3.68212 4.56714,
	"/>
</Transform>

<Transform dim="1"
 xcoef=" -0.00078444574815463 1 0 0 0 0"
 ycoef=" -0.0998022052739898 0 1 0 0 0">
<Contour name="d01c35ax04_ssvr" hidden="false" closed="true" simplified="false" border="0 1 0.501961" fill="0 0 1" mode="-11"
 points="3.57477 4.61269,
	3.56669 4.60482,
	3.5744 4.59663,
	3.58249 4.6045,
	"/>
</Transform>

<Transform dim="1"
 xcoef=" 0.00921555425184537 1 0 0 0 0"
 ycoef=" -0.12980220527399 0 1 0 0 0">
<Contour name="d01c35ax04_ssvr" hidden="false" closed="true" simplified="false" border="0 1 0.501961" fill="0 0 1" mode="-11"
 points="3.6164 4.60611,
	3.60831 4.59825,
	3.61603 4.59006,
	3.62411 4.59793,
	"/>
</Transform>

<Transform dim="1"
 xcoef=" 0.0192155542518454 1 0 0 0 0"
 ycoef=" -0.10980220527399 0 1 0 0 0">
<Contour name="d01c35ax04_ssvr" hidden="false" closed="true" simplified="false" border="0 1 0.501961" fill="0 0 1" mode="-11"
 points="3.58904 4.64453,
	3.58096 4.63666,
	3.58868 4.62847,
	3.59676 4.63635,
	"/>
</Transform>

<Transform dim="1"
 xcoef=" 0.00921555425184537 1 0 0 0 0"
 ycoef=" -0.0998022052739898 0 1 0 0 0">
<Contour name="d01c35ax04_ssvr" hidden="false" closed="true" simplified="false" border="0 1 0.501961" fill="0 0 1" mode="-11"
 points="3.546 4.68786,
	3.53791 4.67998,
	3.54563 4.6718,
	3.55371 4.67966,
	"/>
</Transform>

<Transform dim="1"
 xcoef=" 0.00921555425184537 1 0 0 0 0"
 ycoef=" -0.12980220527399 0 1 0 0 0">
<Contour name="d01c35ax04_ssvr" hidden="false" closed="true" simplified="false" border="0 1 0.501961" fill="0 0 1" mode="-11"
 points="3.57305 4.68616,
	3.56497 4.67829,
	3.57269 4.6701,
	3.58078 4.67797,
	"/>
</Transform>

<Transform dim="1"
 xcoef=" 0.00921555425184537 1 0 0 0 0"
 ycoef=" -0.0998022052739898 0 1 0 0 0">
<Contour name="d01c35ax04_ssvr" hidden="false" closed="true" simplified="false" border="0 1 0.501961" fill="0 0 1" mode="-11"
 points="3.50812 4.71042,
	3.50004 4.70254,
	3.50775 4.69436,
	3.51583 4.70222,
	"/>
</Transform>

<Transform dim="1"
 xcoef=" 0.0292155542518454 1 0 0 0 0"
 ycoef=" -0.11980220527399 0 1 0 0 0">
<Contour name="d01c35ax04_ssvr" hidden="false" closed="true" simplified="false" border="0 1 0.501961" fill="0 0 1" mode="-11"
 points="3.46536 4.71701,
	3.45727 4.70914,
	3.465 4.70096,
	3.47308 4.70883,
	"/>
</Transform>

<Transform dim="1"
 xcoef=" 0.00921555425184537 1 0 0 0 0"
 ycoef=" -0.10980220527399 0 1 0 0 0">
<Contour name="d01c35ax04_ssvr" hidden="false" closed="true" simplified="false" border="0 1 0.501961" fill="0 0 1" mode="-11"
 points="3.46367 4.79163,
	3.45559 4.78376,
	3.46331 4.77558,
	3.47139 4.78344,
	"/>
</Transform>

<Transform dim="1"
 xcoef=" -0.00078444574815463 1 0 0 0 0"
 ycoef=" -0.13980220527399 0 1 0 0 0">
<Contour name="d01c35ax04_ssvr" hidden="false" closed="true" simplified="false" border="0 1 0.501961" fill="0 0 1" mode="-11"
 points="3.49956 4.78058,
	3.49147 4.77272,
	3.49919 4.76452,
	3.50727 4.7724,
	"/>
</Transform>

<Transform dim="1"
 xcoef=" -0.00078444574815463 1 0 0 0 0"
 ycoef=" -0.10980220527399 0 1 0 0 0">
<Contour name="d01c35ax04_ssvr" hidden="false" closed="true" simplified="false" border="0 1 0.501961" fill="0 0 1" mode="-11"
 points="3.53507 4.81991,
	3.52698 4.81203,
	3.5347 4.80385,
	3.54278 4.81171,
	"/>
</Transform>

<Transform dim="1"
 xcoef=" 0.00921555425184537 1 0 0 0 0"
 ycoef=" -0.10980220527399 0 1 0 0 0">
<Contour name="d01c35ax04_ssvr" hidden="false" closed="true" simplified="false" border="0 1 0.501961" fill="0 0 1" mode="-11"
 points="3.60909 4.78067,
	3.601 4.77281,
	3.60872 4.76461,
	3.6168 4.77249,
	"/>
</Transform>

<Transform dim="1"
 xcoef=" 0.00921555425184537 1 0 0 0 0"
 ycoef=" -0.0998022052739898 0 1 0 0 0">
<Contour name="d01c35ax04_ssvr" hidden="false" closed="true" simplified="false" border="0 1 0.501961" fill="0 0 1" mode="-11"
 points="3.60833 4.74742,
	3.60024 4.73954,
	3.60796 4.73136,
	3.61604 4.73922,
	"/>
</Transform>

<Transform dim="1"
 xcoef=" 0.00921555425184537 1 0 0 0 0"
 ycoef=" -0.11980220527399 0 1 0 0 0">
<Contour name="d01c35ax04_ssvr" hidden="false" closed="true" simplified="false" border="0 1 0.251" fill="0 1 0.251" mode="11"
 points="3.65671 4.77148,
	3.64898 4.76375,
	3.65671 4.75602,
	3.66444 4.76375,
	"/>
</Transform>

<Transform dim="1"
 xcoef=" 0.00921555425184537 1 0 0 0 0"
 ycoef=" -0.13980220527399 0 1 0 0 0">
<Contour name="d01c35ax04_ssvr" hidden="false" closed="true" simplified="false" border="0 1 0.501961" fill="0 0 1" mode="-11"
 points="3.66157 4.80486,
	3.65349 4.79699,
	3.66121 4.7888,
	3.6693 4.79667,
	"/>
</Transform>

<Transform dim="1"
 xcoef=" 0.0292155542518454 1 0 0 0 0"
 ycoef=" -0.11980220527399 0 1 0 0 0">
<Contour name="d01c35ax04_ssvr" hidden="false" closed="true" simplified="false" border="0 1 0.501961" fill="0 0 1" mode="-11"
 points="3.61774 4.81377,
	3.60966 4.80591,
	3.61738 4.79771,
	3.62546 4.80559,
	"/>
</Transform>

<Transform dim="1"
 xcoef=" 0.00921555425184537 1 0 0 0 0"
 ycoef=" -0.12980220527399 0 1 0 0 0">
<Contour name="d01c35ax04_ssvr" hidden="false" closed="true" simplified="false" border="0 1 0.501961" fill="0 0 1" mode="-11"
 points="3.71192 4.83368,
	3.70384 4.82581,
	3.71155 4.81763,
	3.71963 4.82549,
	"/>
</Transform>

<Transform dim="1"
 xcoef=" 0.0192155542518454 1 0 0 0 0"
 ycoef=" -0.10980220527399 0 1 0 0 0">
<Contour name="d01c35ax04_ssvr" hidden="false" closed="true" simplified="false" border="0 1 0.501961" fill="0 0 1" mode="-11"
 points="3.72134 4.80136,
	3.71326 4.7935,
	3.72097 4.7853,
	3.72906 4.79318,
	"/>
</Transform>

<Transform dim="1"
 xcoef=" 0.00921555425184537 1 0 0 0 0"
 ycoef=" -0.10980220527399 0 1 0 0 0">
<Contour name="d01c35ax04_ssvr" hidden="false" closed="true" simplified="false" border="0 1 0.501961" fill="0 0 1" mode="-11"
 points="3.71854 4.72798,
	3.71046 4.72012,
	3.71817 4.71192,
	3.72626 4.7198,
	"/>
</Transform>

<Transform dim="1"
 xcoef=" 0.00921555425184537 1 0 0 0 0"
 ycoef=" -0.0998022052739898 0 1 0 0 0">
<Contour name="d01c35ax04_ssvr" hidden="false" closed="true" simplified="false" border="0 1 0.501961" fill="0 0 1" mode="-11"
 points="3.67343 4.6807,
	3.66535 4.67283,
	3.67306 4.66464,
	3.68114 4.67252,
	"/>
</Transform>

<Transform dim="1"
 xcoef=" 0.0192155542518454 1 0 0 0 0"
 ycoef=" -0.11980220527399 0 1 0 0 0">
<Contour name="d01c35ax04_ssvr" hidden="false" closed="true" simplified="false" border="0 1 0.501961" fill="0 0 1" mode="-11"
 points="3.65178 4.62553,
	3.6437 4.61766,
	3.65141 4.60948,
	3.65949 4.61734,
	"/>
</Transform>

<Transform dim="1"
 xcoef=" 0.00921555425184537 1 0 0 0 0"
 ycoef=" -0.11980220527399 0 1 0 0 0">
<Contour name="d01c35ax04_ssvr" hidden="false" closed="true" simplified="false" border="0 1 0.251" fill="0 1 0.251" mode="11"
 points="3.80031 4.6301,
	3.79258 4.62237,
	3.80031 4.61463,
	3.80804 4.62237,
	"/>
<Contour name="d01c35ax04_ssvr" hidden="false" closed="true" simplified="false" border="0 1 0.251" fill="0 1 0.251" mode="11"
 points="3.48329 4.82009,
	3.47556 4.81235,
	3.48329 4.80462,
	3.49103 4.81235,
	"/>
</Transform>

<Transform dim="1"
 xcoef=" 0.00921555425184537 1 0 0 0 0"
 ycoef=" -0.11980220527399 0 1 0 0 0">
<Contour name="d07c37ax23_ssvr" hidden="false" closed="true" simplified="false" border="0 1 0.501961" fill="0 0 1" mode="-11"
 points="4.36789 8.86324,
	4.35552 8.85086,
	4.36789 8.83849,
	4.38027 8.85086,
	"/>
<Contour name="d07c37ax23_ssvr" hidden="false" closed="true" simplified="false" border="0 1 0.501961" fill="0 0 1" mode="-11"
 points="4.34665 8.89045,
	4.3369 8.88096,
	4.34621 8.87109,
	4.35596 8.88058,
	"/>
<Contour name="d07c37ax23_ssvr" hidden="false" closed="true" simplified="false" border="0 1 0.501961" fill="0 0 1" mode="-11"
 points="4.31958 8.90848,
	4.30983 8.89899,
	4.31914 8.88912,
	4.32889 8.89861,
	"/>
<Contour name="d07c37ax23_ssvr" hidden="false" closed="true" simplified="false" border="0 1 0.501961" fill="0 0 1" mode="-11"
 points="4.293 8.87719,
	4.28325 8.86769,
	4.29255 8.85781,
	4.3023 8.86731,
	"/>
<Contour name="d07c37ax23_ssvr" hidden="false" closed="true" simplified="false" border="0 1 0.501961" fill="0 0 1" mode="-11"
 points="4.22765 8.8785,
	4.2179 8.869,
	4.22721 8.85913,
	4.23695 8.86862,
	"/>
<Contour name="d07c37ax23_ssvr" hidden="false" closed="true" simplified="false" border="0 1 0.501961" fill="0 0 1" mode="-11"
 points="4.23354 8.93395,
	4.22117 8.92157,
	4.23354 8.9092,
	4.24592 8.92157,
	"/>
<Contour name="d07c37ax23_ssvr" hidden="false" closed="true" simplified="false" border="0 1 0.501961" fill="0 0 1" mode="-11"
 points="4.28658 9.02057,
	4.2742 9.00819,
	4.28658 8.99582,
	4.29895 9.00819,
	"/>
<Contour name="d07c37ax23_ssvr" hidden="false" closed="true" simplified="false" border="0 1 0.501961" fill="0 0 1" mode="-11"
 points="4.33961 8.75717,
	4.32723 8.7448,
	4.33961 8.73242,
	4.35198 8.7448,
	"/>
<Contour name="d07c37ax23_ssvr" hidden="false" closed="true" simplified="false" border="0 1 0.501961" fill="0 0 1" mode="-11"
 points="4.38911 8.80313,
	4.37673 8.79076,
	4.38911 8.77839,
	4.40148 8.79076,
	"/>
<Contour name="d07c37ax23_ssvr" hidden="false" closed="true" simplified="false" border="0 1 0.251" fill="0 1 0.251" mode="11"
 points="4.24107 8.82629,
	4.23163 8.81684,
	4.24107 8.8074,
	4.25052 8.81684,
	"/>
<Contour name="d07c37ax23_ssvr" hidden="false" closed="true" simplified="false" border="0 1 0.251" fill="0 1 0.251" mode="11"
 points="4.15066 8.82089,
	4.14122 8.81145,
	4.15066 8.802,
	4.16011 8.81145,
	"/>
</Transform>

<Transform dim="1"
 xcoef=" 0.00921555425184537 1 0 0 0 0"
 ycoef=" -0.11980220527399 0 1 0 0 0">
<Contour name="ax35" comment="dch traced 1.19" hidden="false" closed="true" simplified="true" border="0.501961 1 1" fill="0.501961 1 1" mode="11"
 points="5.23666 2.469,
	5.24014 2.45508,
	5.24275 2.44811,
	5.25059 2.43418,
	5.25494 2.42722,
	5.25581 2.42026,
	5.25494 2.41329,
	5.24623 2.39936,
	5.24449 2.39762,
	5.24275 2.39066,
	5.24275 2.37673,
	5.24275 2.37325,
	5.24536 2.36628,
	5.24972 2.35932,
	5.25146 2.35584,
	5.25755 2.34887,
	5.26452 2.34452,
	5.27148 2.33843,
	5.27496 2.33146,
	5.27583 2.3245,
	5.28018 2.31057,
	5.28889 2.29664,
	5.30021 2.28271,
	5.30021 2.28097,
	5.30282 2.27749,
	5.30543 2.26356,
	5.30543 2.2566,
	5.31326 2.24267,
	5.32284 2.22874,
	5.32632 2.22178,
	5.33329 2.21656,
	5.34721 2.20959,
	5.3507 2.20872,
	5.35766 2.2035,
	5.36898 2.18957,
	5.3829 2.17825,
	5.38987 2.17477,
	5.41772 2.17738,
	5.44558 2.17825,
	5.45255 2.17825,
	5.45603 2.17738,
	5.46299 2.18174,
	5.47344 2.19566,
	5.48127 2.20959,
	5.49259 2.23745,
	5.49868 2.25138,
	5.50042 2.25834,
	5.50042 2.27227,
	5.50216 2.2862,
	5.50391 2.29229,
	5.50303 2.30709,
	5.50391 2.32102,
	5.50303 2.33495,
	5.49868 2.34887,
	5.48301 2.37673,
	5.47431 2.39066,
	5.4717 2.39414,
	5.4656 2.40807,
	5.45603 2.422,
	5.42991 2.44898,
	5.42643 2.45246,
	5.41947 2.46639,
	5.42121 2.47336,
	5.4273 2.48728,
	5.42904 2.49425,
	5.42643 2.50818,
	5.41947 2.52211,
	5.40815 2.53603,
	5.38203 2.56128,
	5.37072 2.57521,
	5.35679 2.58652,
	5.34286 2.59523,
	5.32893 2.60132,
	5.315 2.60567,
	5.30804 2.60654,
	5.29411 2.6048,
	5.28715 2.60132,
	5.27322 2.59,
	5.26364 2.57608,
	5.25755 2.56215,
	5.25581 2.55518,
	5.25494 2.52733,
	5.25407 2.52036,
	5.24798 2.50644,
	5.24362 2.49947,
	5.2384 2.48554,
	5.23666 2.47858,
	5.23666 2.47162,
	5.23666 2.46987,
	"/>
</Transform>

<Transform dim="1"
 xcoef=" 0.00921555425184537 1 0 0 0 0"
 ycoef=" -0.11980220527399 0 1 0 0 0">
<Contour name="ax44" comment="dch traced 1.19" hidden="false" closed="true" simplified="true" border="0.502 1 1" fill="0.502 1 1" mode="11"
 points="5.06131 3.47297,
	5.06312 3.46572,
	5.06946 3.45122,
	5.07127 3.4476,
	5.07127 3.44035,
	5.0749 3.42585,
	5.08124 3.41135,
	5.09483 3.39958,
	5.10933 3.39051,
	5.11295 3.38961,
	5.12745 3.39233,
	5.1347 3.39867,
	5.13832 3.40048,
	5.1501 3.41498,
	5.15192 3.42223,
	5.15192 3.43672,
	5.1492 3.44397,
	5.1492 3.45847,
	5.14738 3.47297,
	5.14285 3.48746,
	5.13651 3.50196,
	5.13198 3.50921,
	5.13017 3.51283,
	5.12292 3.52008,
	5.11567 3.52552,
	5.10842 3.52824,
	5.10118 3.52914,
	5.09393 3.52824,
	5.08668 3.52552,
	5.07943 3.52099,
	5.07218 3.51374,
	5.06765 3.50649,
	5.06312 3.49199,
	5.06131 3.48837,
	5.06131 3.47387,
	"/>
</Transform>

<Transform dim="1"
 xcoef=" 0.00921555425184537 1 0 0 0 0"
 ycoef=" -0.11980220527399 0 1 0 0 0">
<Contour name="ax45" comment="dch traced 1.19" hidden="false" closed="true" simplified="true" border="0.502 1 1" fill="0.502 1 1" mode="11"
 points="4.91753 3.08645,
	4.91841 3.07946,
	4.92103 3.07248,
	4.93064 3.0585,
	4.94374 3.04714,
	4.95073 3.0419,
	4.96471 3.03578,
	4.99266 3.02705,
	5.02062 3.02705,
	5.0346 3.02792,
	5.04158 3.02879,
	5.05556 3.03491,
	5.06954 3.04277,
	5.08352 3.05238,
	5.09051 3.0585,
	5.09575 3.06461,
	5.10274 3.07073,
	5.10623 3.07422,
	5.10973 3.0751,
	5.11671 3.07946,
	5.12283 3.08558,
	5.12458 3.08907,
	5.1237 3.09606,
	5.12108 3.10305,
	5.11671 3.11004,
	5.1106 3.11703,
	5.10361 3.12227,
	5.09662 3.12577,
	5.08264 3.12751,
	5.07566 3.12839,
	5.06168 3.13363,
	5.0477 3.13712,
	5.04071 3.13887,
	5.02673 3.138,
	5.01974 3.13625,
	5.01625 3.13625,
	5.00926 3.13363,
	5.00227 3.13275,
	4.98829 3.13363,
	4.97432 3.13275,
	4.96733 3.13275,
	4.95335 3.12839,
	4.94636 3.12664,
	4.93326 3.11528,
	4.9219 3.1013,
	4.91841 3.09432,
	4.91753 3.08733,
	"/>
</Transform>

<Transform dim="3"
 xcoef=" -0.533277147397804 1.13385833453685 0.0502856801658155 0 0 0"
 ycoef=" -1.26214420060478 0.0222781281082421 1.04659576730848 0 0 0">
<Image mag="0.00217507" contrast="1" brightness="0.1" red="true" green="true" blue="true"
 src="FHLTD.176.jpg" />
<Contour name="domain1" hidden="false" closed="true" simplified="false" border="1 0 1" fill="1 0 1" mode="11"
 points="0 0,
	4096 0,
	4096 4096,
	0 4096,
	"/>
</Transform>

<Transform dim="0"
 xcoef=" 0 1 0 0 0 0"
 ycoef=" 0 0 1 0 0 0">
<Contour name="d01c35ax04_ssvr" hidden="false" closed="true" simplified="false" border="0 1 0.501961" fill="0 0 1" mode="-11"
 points="3.70075 4.49328,
	3.68825 4.48078,
	3.70075 4.46828,
	3.71325 4.48078,
	"/>
<Contour name="d01c35ax04_ssvr" hidden="false" closed="true" simplified="false" border="0 1 0.501961" fill="0 0 1" mode="-11"
 points="3.63071 4.49169,
	3.61821 4.47919,
	3.63071 4.46669,
	3.64321 4.47919,
	"/>
</Transform>

<Transform dim="1"
 xcoef=" 0.01 1 0 0 0 0"
 ycoef=" -0.02 0 1 0 0 0">
<Contour name="d01c35ax04_ssvr" hidden="false" closed="true" simplified="false" border="0 1 0.251" fill="0 1 0.251" mode="11"
 points="3.53703 4.83826,
	3.5293 4.83053,
	3.53703 4.8228,
	3.54477 4.83053,
	"/>
<Contour name="d01c35ax04_ssvr" hidden="false" closed="true" simplified="false" border="0 1 0.501961" fill="0 0 1" mode="-11"
 points="3.54839 4.81711,
	3.53589 4.80461,
	3.54839 4.79211,
	3.56089 4.80461,
	"/>
</Transform>

<Transform dim="0"
 xcoef=" 0 1 0 0 0 0"
 ycoef=" 0 0 1 0 0 0">
<Contour name="ax40" comment="dch traced 1.19" hidden="false" closed="true" simplified="true" border="0.502 1 1" fill="0.502 1 1" mode="11"
 points="3.29983 3.94667,
	3.30109 3.93657,
	3.30488 3.92646,
	3.32382 3.90878,
	3.33519 3.88858,
	3.35161 3.84816,
	3.35666 3.82795,
	3.3554 3.80774,
	3.35413 3.79764,
	3.3554 3.78754,
	3.36929 3.76733,
	3.40339 3.72691,
	3.44254 3.68902,
	3.44633 3.6865,
	3.47538 3.64608,
	3.48549 3.63724,
	3.5259 3.61451,
	3.54611 3.60314,
	3.54863 3.60314,
	3.56884 3.59177,
	3.58905 3.57788,
	3.6282 3.54251,
	3.64841 3.52988,
	3.65852 3.52357,
	3.67872 3.51725,
	3.68883 3.51473,
	3.70904 3.51473,
	3.72924 3.51852,
	3.73935 3.51725,
	3.7444 3.51599,
	3.7545 3.50589,
	3.77471 3.49199,
	3.78481 3.48947,
	3.79492 3.48442,
	3.83533 3.47179,
	3.84039 3.46926,
	3.84291 3.46673,
	3.86312 3.45916,
	3.86817 3.45916,
	3.87828 3.45537,
	3.89848 3.45537,
	3.91869 3.45916,
	3.9389 3.468,
	3.949 3.47305,
	3.95911 3.48063,
	3.97805 3.49957,
	3.98689 3.50968,
	3.98942 3.51473,
	3.99447 3.51978,
	4.00836 3.53999,
	4.01847 3.5602,
	4.02478 3.5804,
	4.02857 3.59051,
	4.0311 3.59303,
	4.03741 3.61324,
	4.0412 3.61829,
	4.05131 3.65871,
	4.0551 3.67892,
	4.05383 3.71933,
	4.05131 3.73954,
	4.04878 3.74965,
	4.04878 3.7547,
	4.03489 3.79511,
	4.02478 3.81532,
	4.00836 3.85574,
	3.99952 3.87595,
	3.98816 3.89615,
	3.97426 3.91636,
	3.97174 3.92015,
	3.95153 3.93783,
	3.94143 3.94415,
	3.92122 3.96057,
	3.91111 3.96941,
	3.89091 3.98204,
	3.88585 3.98456,
	3.88333 3.98709,
	3.86312 3.99467,
	3.85807 3.99719,
	3.84165 4.0174,
	3.83155 4.02624,
	3.81134 4.03887,
	3.80881 4.0414,
	3.80629 4.0414,
	3.80376 4.04392,
	3.78355 4.04771,
	3.76334 4.04266,
	3.75324 4.04013,
	3.73303 4.04013,
	3.72293 4.04013,
	3.68251 4.0515,
	3.6623 4.05908,
	3.6421 4.07045,
	3.63199 4.07676,
	3.62947 4.07929,
	3.62441 4.08055,
	3.60421 4.0995,
	3.5941 4.1096,
	3.55748 4.14244,
	3.51706 4.16896,
	3.49685 4.18033,
	3.47664 4.18917,
	3.43623 4.20053,
	3.39581 4.19675,
	3.3756 4.19296,
	3.3655 4.19296,
	3.3554 4.18917,
	3.34529 4.18159,
	3.32887 4.16264,
	3.32508 4.15759,
	3.32256 4.15507,
	3.32003 4.14496,
	3.32003 4.12475,
	3.32256 4.10455,
	3.32887 4.08434,
	3.3314 4.07424,
	3.32887 4.03382,
	3.3213 3.9934,
	3.31877 3.9833,
	3.31246 3.9732,
	3.30361 3.96309,
	3.29983 3.95299,
	3.29983 3.94794,
	"/>
</Transform>

<Transform dim="1"
 xcoef=" 0.01 1 0 0 0 0"
 ycoef=" -0.12 0 1 0 0 0">
<Contour name="d01c25ax40_ssvr" hidden="false" closed="true" simplified="false" border="0 1 0" fill="0 1 0" mode="11"
 points="3.50866 3.66694,
	3.49763 3.65591,
	3.50866 3.64488,
	3.51969 3.65591,
	"/>
<Contour name="d01c25ax40_ssvr" hidden="false" closed="true" simplified="false" border="0 1 0" fill="0 1 0" mode="11"
 points="3.65834 3.76148,
	3.64732 3.75045,
	3.65834 3.73942,
	3.66937 3.75045,
	"/>
<Contour name="d01c25ax40_ssvr" hidden="false" closed="true" simplified="false" border="0 1 0" fill="0 1 0" mode="11"
 points="3.60162 3.75045,
	3.59059 3.73942,
	3.60162 3.72839,
	3.61265 3.73942,
	"/>
<Contour name="d01c25ax40_ssvr" hidden="false" closed="true" simplified="false" border="0 1 0" fill="0 1 0" mode="11"
 points="3.70089 3.75045,
	3.68986 3.73942,
	3.70089 3.72839,
	3.71192 3.73942,
	"/>
<Contour name="d01c25ax40_ssvr" hidden="false" closed="true" simplified="false" border="0 1 0" fill="0 1 0" mode="11"
 points="3.65362 3.7993,
	3.64259 3.78827,
	3.65362 3.77724,
	3.66465 3.78827,
	"/>
<Contour name="d01c25ax40_ssvr" hidden="false" closed="true" simplified="false" border="0 1 0" fill="0 1 0" mode="11"
 points="3.69143 3.80087,
	3.6804 3.78984,
	3.69143 3.77881,
	3.70246 3.78984,
	"/>
<Contour name="d01c25ax40_ssvr" hidden="false" closed="true" simplified="false" border="0 1 0" fill="0 1 0" mode="11"
 points="3.69301 3.86232,
	3.68198 3.85129,
	3.69301 3.84026,
	3.70404 3.85129,
	"/>
<Contour name="d01c25ax40_ssvr" hidden="false" closed="true" simplified="false" border="0 1 0" fill="0 1 0" mode="11"
 points="3.73082 3.86232,
	3.71979 3.85129,
	3.73082 3.84026,
	3.74185 3.85129,
	"/>
<Contour name="d01c25ax40_ssvr" hidden="false" closed="true" simplified="false" border="0 1 0" fill="0 1 0" mode="11"
 points="3.63313 3.84657,
	3.62211 3.83554,
	3.63313 3.82451,
	3.64416 3.83554,
	"/>
<Contour name="d01c25ax40_ssvr" hidden="false" closed="true" simplified="false" border="0 1 0" fill="0 1 0" mode="11"
 points="3.60477 3.82923,
	3.59374 3.8182,
	3.60477 3.80718,
	3.6158 3.8182,
	"/>
<Contour name="d01c25ax40_ssvr" hidden="false" closed="true" simplified="false" border="0 1 0" fill="0 1 0" mode="11"
 points="3.60792 3.87965,
	3.59689 3.86862,
	3.60792 3.8576,
	3.61895 3.86862,
	"/>
<Contour name="d01c25ax40_ssvr" hidden="false" closed="true" simplified="false" border="0 1 0" fill="0 1 0" mode="11"
 points="3.56853 3.86232,
	3.5575 3.85129,
	3.56853 3.84026,
	3.57956 3.85129,
	"/>
<Contour name="d01c25ax40_ssvr" hidden="false" closed="true" simplified="false" border="0 1 0" fill="0 1 0" mode="11"
 points="3.64416 3.90329,
	3.63313 3.89226,
	3.64416 3.88123,
	3.65519 3.89226,
	"/>
<Contour name="d01c25ax40_ssvr" hidden="false" closed="true" simplified="false" border="0 1 0" fill="0 1 0" mode="11"
 points="3.56853 3.80087,
	3.5575 3.78984,
	3.56853 3.77881,
	3.57956 3.78984,
	"/>
<Contour name="d01c25ax40_ssvr" hidden="false" closed="true" simplified="false" border="0 1 0" fill="0 1 0" mode="11"
 points="3.50393 3.83239,
	3.4929 3.82136,
	3.50393 3.81033,
	3.51496 3.82136,
	"/>
<Contour name="d01c25ax40_ssvr" hidden="false" closed="true" simplified="false" border="0 1 0" fill="0 1 0" mode="11"
 points="3.47084 3.8119,
	3.45981 3.80087,
	3.47084 3.78984,
	3.48187 3.80087,
	"/>
<Contour name="d01c25ax40_ssvr" hidden="false" closed="true" simplified="false" border="0 1 0" fill="0 1 0" mode="11"
 points="3.49921 3.78039,
	3.48818 3.76936,
	3.49921 3.75833,
	3.51024 3.76936,
	"/>
<Contour name="d01c25ax40_ssvr" hidden="false" closed="true" simplified="false" border="0 1 0" fill="0 1 0" mode="11"
 points="3.5386 3.73942,
	3.52757 3.72839,
	3.5386 3.71736,
	3.54963 3.72839,
	"/>
<Contour name="d01c25ax40_ssvr" hidden="false" closed="true" simplified="false" border="0 1 0" fill="0 1 0" mode="11"
 points="3.46297 3.74888,
	3.45194 3.73785,
	3.46297 3.72682,
	3.474 3.73785,
	"/>
<Contour name="d01c25ax40_ssvr" hidden="false" closed="true" simplified="false" border="0 1 0" fill="0 1 0" mode="11"
 points="3.46927 3.84184,
	3.45824 3.83081,
	3.46927 3.81978,
	3.4803 3.83081,
	"/>
<Contour name="d01c25ax40_ssvr" hidden="false" closed="true" simplified="false" border="0 1 0" fill="0 1 0" mode="11"
 points="3.4866 3.86232,
	3.47557 3.85129,
	3.4866 3.84026,
	3.49763 3.85129,
	"/>
<Contour name="d01c25ax40_ssvr" hidden="false" closed="true" simplified="false" border="0 1 0" fill="0 1 0" mode="11"
 points="3.50551 3.88911,
	3.49448 3.87808,
	3.50551 3.86705,
	3.51654 3.87808,
	"/>
<Contour name="d01c25ax40_ssvr" hidden="false" closed="true" simplified="false" border="0 1 0" fill="0 1 0" mode="11"
 points="3.83797 3.70476,
	3.82694 3.69373,
	3.83797 3.6827,
	3.849 3.69373,
	"/>
<Contour name="d01c25ax40_ssvr" hidden="false" closed="true" simplified="false" border="0 1 0" fill="0 1 0" mode="11"
 points="3.89311 3.63858,
	3.88208 3.62755,
	3.89311 3.61652,
	3.90414 3.62755,
	"/>
</Transform>

<Transform dim="1"
 xcoef=" 0 1 0 0 0 0"
 ycoef=" 0.01 0 1 0 0 0">
<Contour name="d01c25ax40_ssvr" hidden="false" closed="true" simplified="false" border="0 1 0" fill="0 1 0" mode="11"
 points="3.52387 3.96814,
	3.51284 3.95711,
	3.52387 3.94608,
	3.5349 3.95711,
	"/>
</Transform>

<Transform dim="0"
 xcoef=" 0 1 0 0 0 0"
 ycoef=" 0 0 1 0 0 0">
<Contour name="d01c25ax40_ssvr" hidden="false" closed="true" simplified="false" border="0 1 0" fill="0 1 0" mode="11"
 points="3.41206 3.96851,
	3.39956 3.95601,
	3.41206 3.94351,
	3.42456 3.95601,
	"/>
<Contour name="d01c25ax40_ssvr" hidden="false" closed="true" simplified="false" border="0 1 0" fill="0 1 0" mode="11"
 points="3.43558 4.05842,
	3.42308 4.04592,
	3.43558 4.03342,
	3.44808 4.04592,
	"/>
<Contour name="d01c25ax40_ssvr" hidden="false" closed="true" simplified="false" border="0 1 0" fill="0 1 0" mode="11"
 points="3.50335 4.05427,
	3.49085 4.04177,
	3.50335 4.02927,
	3.51585 4.04177,
	"/>
<Contour name="d01c25ax40_ssvr" hidden="false" closed="true" simplified="false" border="0 1 0" fill="0 1 0" mode="11"
 points="3.58496 3.80253,
	3.57246 3.79003,
	3.58496 3.77753,
	3.59746 3.79003,
	"/>
<Contour name="d01c25ax40_ssvr" hidden="false" closed="true" simplified="false" border="0 1 0" fill="0 1 0" mode="11"
 points="3.5739 3.77349,
	3.5614 3.76099,
	3.5739 3.74849,
	3.5864 3.76099,
	"/>
<Contour name="d01c25ax40_ssvr" hidden="false" closed="true" simplified="false" border="0 1 0" fill="0 1 0" mode="11"
 points="3.59326 3.75274,
	3.58076 3.74024,
	3.59326 3.72774,
	3.60576 3.74024,
	"/>
<Contour name="d01c25ax40_ssvr" hidden="false" closed="true" simplified="false" border="0 1 0" fill="0 1 0" mode="11"
 points="3.64444 3.81083,
	3.63194 3.79833,
	3.64444 3.78583,
	3.65694 3.79833,
	"/>
</Transform>

<Transform dim="0"
 xcoef=" 0 1 0 0 0 0"
 ycoef=" 0 0 1 0 0 0">
<Contour name="d01" hidden="false" closed="true" simplified="true" border="1 0.5 0" fill="1 0.5 0" mode="9"
 points="5.64988 4.79196,
	5.65985 4.77048,
	5.6803 4.74878,
	5.84642 4.68693,
	5.88792 4.67013,
	5.90861 4.65907,
	5.92954 4.65865,
	5.94013 4.66376,
	5.90544 4.74958,
	5.82864 4.82561,
	5.79286 4.86357,
	5.75099 4.86441,
	5.73018 4.87015,
	5.70913 4.86525,
	5.68784 4.84972,
	5.68759 4.83908,
	5.65024 4.80792,
	5.65 4.79728,
	"/>
<Contour name="ax42" comment="dch traced 1.19" hidden="false" closed="true" simplified="true" border="0.502 1 1" fill="0.502 1 1" mode="11"
 points="5.04502 5.14608,
	5.05474 5.12663,
	5.0669 5.10718,
	5.07419 5.09746,
	5.08392 5.08895,
	5.09364 5.08287,
	5.12646 5.04397,
	5.12889 5.03425,
	5.12889 5.02453,
	5.14834 5.00751,
	5.16779 4.99414,
	5.18724 4.98441,
	5.20669 4.9832,
	5.22613 4.98563,
	5.24558 4.98563,
	5.26503 4.98806,
	5.28448 4.98684,
	5.2942 4.98563,
	5.30393 4.98198,
	5.32338 4.97955,
	5.36227 4.98077,
	5.40117 4.98441,
	5.44007 4.99049,
	5.51786 5.02453,
	5.52759 5.02696,
	5.56649 5.02574,
	5.58594 5.02331,
	5.60538 5.01602,
	5.62483 5.00508,
	5.63456 4.999,
	5.64428 4.99049,
	5.68318 4.97226,
	5.70263 4.96253,
	5.72208 4.94673,
	5.74031 4.9285,
	5.77921 4.89932,
	5.79866 4.88595,
	5.83634 4.84827,
	5.87524 4.81302,
	5.90684 4.77412,
	5.9275 4.73523,
	5.92993 4.73036,
	5.92993 4.72793,
	5.94574 4.70848,
	5.96519 4.6939,
	6.00408 4.65743,
	6.01989 4.63798,
	6.02961 4.63069,
	6.03447 4.62704,
	6.07337 4.61367,
	6.09282 4.61489,
	6.11227 4.61975,
	6.13172 4.61124,
	6.15116 4.59787,
	6.17061 4.58693,
	6.18034 4.58085,
	6.18277 4.57842,
	6.18763 4.5772,
	6.20708 4.56383,
	6.22653 4.54439,
	6.25205 4.50549,
	6.26907 4.46659,
	6.28366 4.44714,
	6.2946 4.42769,
	6.30311 4.40824,
	6.32134 4.3888,
	6.33106 4.3815,
	6.35051 4.37056,
	6.36024 4.3657,
	6.36996 4.35841,
	6.38941 4.3499,
	6.39914 4.34868,
	6.41858 4.34139,
	6.45748 4.32194,
	6.47693 4.31708,
	6.48665 4.31586,
	6.5061 4.30978,
	6.52555 4.30735,
	6.53528 4.30614,
	6.545 4.30735,
	6.54986 4.30735,
	6.56931 4.31465,
	6.58876 4.32923,
	6.59848 4.33774,
	6.63738 4.35719,
	6.64711 4.36448,
	6.66534 4.38393,
	6.67142 4.39366,
	6.67993 4.40338,
	6.686 4.41311,
	6.68965 4.43255,
	6.6933 4.51035,
	6.69816 4.54925,
	6.69937 4.58814,
	6.70667 4.62704,
	6.71031 4.64649,
	6.70788 4.68539,
	6.70545 4.70484,
	6.69694 4.72429,
	6.6933 4.73401,
	6.69087 4.77291,
	6.69087 4.77777,
	6.686 4.78749,
	6.66777 4.80694,
	6.62887 4.82639,
	6.58998 4.85435,
	6.57053 4.8665,
	6.5608 4.86772,
	6.54135 4.86529,
	6.50246 4.84949,
	6.49273 4.84462,
	6.47328 4.84098,
	6.46356 4.83855,
	6.44411 4.84219,
	6.40521 4.86164,
	6.36632 4.87866,
	6.34687 4.88595,
	6.342 4.88595,
	6.32256 4.89689,
	6.30432 4.91634,
	6.2946 4.92485,
	6.27515 4.93579,
	6.2557 4.93944,
	6.25084 4.93944,
	6.23139 4.94673,
	6.22167 4.95402,
	6.21316 4.96375,
	6.20343 4.96739,
	6.16453 4.97104,
	6.14509 4.96983,
	6.12564 4.97104,
	6.11591 4.97226,
	6.10619 4.9759,
	6.08674 4.99171,
	6.07702 5.00021,
	6.06121 5.01966,
	6.05149 5.02817,
	6.04176 5.03425,
	6.03204 5.03547,
	6.02232 5.03425,
	6.01745 5.03425,
	6.00773 5.0306,
	5.99801 5.0306,
	5.95911 5.04762,
	5.93966 5.04762,
	5.92021 5.04397,
	5.88131 5.02817,
	5.87159 5.02453,
	5.83269 5.01966,
	5.79379 5.02209,
	5.78893 5.02209,
	5.7865 5.02088,
	5.76705 5.02453,
	5.7476 5.0306,
	5.70871 5.05005,
	5.66981 5.06342,
	5.66008 5.06585,
	5.65522 5.06585,
	5.6455 5.07436,
	5.64063 5.07801,
	5.6382 5.08287,
	5.60417 5.12177,
	5.58472 5.13757,
	5.575 5.14365,
	5.56527 5.14608,
	5.54582 5.15459,
	5.5361 5.16431,
	5.53124 5.16918,
	5.51179 5.17525,
	5.43399 5.17647,
	5.39509 5.18255,
	5.3562 5.19349,
	5.33675 5.19835,
	5.3173 5.20078,
	5.30758 5.20321,
	5.26868 5.20321,
	5.22978 5.20078,
	5.21033 5.19835,
	5.17143 5.19956,
	5.13254 5.19835,
	5.09364 5.1947,
	5.08878 5.1947,
	5.06933 5.18376,
	5.0596 5.17768,
	5.04988 5.16918,
	5.04502 5.15945,
	5.04502 5.14973,
	5.04502 5.1473,
	"/>
<Contour name="d01cfa27ax42" hidden="false" closed="false" simplified="false" border="0 1 1" fill="0 1 1" mode="9"
 points="5.93643 4.69675,
	5.92807 4.70563,
	5.89447 4.73533,
	5.86957 4.77066,
	5.85602 4.80286,
	5.82528 4.83251,
	"/>
<Contour name="d01c27ax42" hidden="false" closed="true" simplified="true" border="0 1 0" fill="0 1 0" mode="9"
 points="5.80955 4.81973,
	5.83146 4.78786,
	5.85486 4.756,
	5.90366 4.69226,
	5.90964 4.68429,
	5.91262 4.68031,
	5.97636 4.72263,
	5.99229 4.73309,
	5.99627 4.73558,
	5.99677 4.73658,
	5.9649 4.80031,
	5.90117 4.84214,
	5.8693 4.86255,
	5.86532 4.86504,
	5.86482 4.86554,
	5.83295 4.83915,
	5.81702 4.8262,
	5.81304 4.82272,
	5.81105 4.82122,
	5.81005 4.82023,
	"/>
</Transform>

<Transform dim="1"
 xcoef=" 0.01 1 0 0 0 0"
 ycoef=" -0.12 0 1 0 0 0">
<Contour name="d01c27ax42_ssvda" hidden="false" closed="true" simplified="false" border="1 0 0" fill="0 0 1" mode="-11"
 points="6.00347 4.59929,
	5.99547 4.59151,
	6.00311 4.58341,
	6.01111 4.5912,
	"/>
<Contour name="d01c27ax42_ssvda" hidden="false" closed="true" simplified="false" border="1 0 0" fill="0 0 1" mode="-11"
 points="5.98277 4.62241,
	5.97479 4.61463,
	5.98241 4.60652,
	5.99041 4.61431,
	"/>
<Contour name="d01c27ax42_ssvda" hidden="false" closed="true" simplified="false" border="1 0 0" fill="0 0 1" mode="-11"
 points="5.96426 4.64322,
	5.95626 4.63543,
	5.9639 4.62734,
	5.9719 4.63512,
	"/>
<Contour name="d01c27ax42_ssvr" hidden="false" closed="true" simplified="false" border="0 1 0" fill="0 1 0" mode="11"
 points="6.33134 4.38853,
	6.32332 4.3805,
	6.33134 4.37248,
	6.33936 4.3805,
	"/>
<Contour name="d01c27ax42_ssvr" hidden="false" closed="true" simplified="false" border="0 1 0" fill="0 1 0" mode="11"
 points="6.38177 4.41374,
	6.37375 4.40572,
	6.38177 4.3977,
	6.38979 4.40572,
	"/>
<Contour name="d01c27ax42_ssvr" hidden="false" closed="true" simplified="false" border="0 1 0" fill="0 1 0" mode="11"
 points="6.40699 4.40114,
	6.39896 4.39311,
	6.40699 4.38509,
	6.41501 4.39311,
	"/>
<Contour name="d01c27ax42_ssvr" hidden="false" closed="true" simplified="false" border="0 1 0" fill="0 1 0" mode="11"
 points="6.42189 4.4424,
	6.41386 4.43437,
	6.42189 4.42635,
	6.42991 4.43437,
	"/>
<Contour name="d01c27ax42_ssvr" hidden="false" closed="true" simplified="false" border="0 1 0" fill="0 1 0" mode="11"
 points="6.47117 4.42291,
	6.46315 4.41489,
	6.47117 4.40687,
	6.47919 4.41489,
	"/>
<Contour name="d01c27ax42_ssvr" hidden="false" closed="true" simplified="false" border="0 1 0" fill="0 1 0" mode="11"
 points="6.5067 4.45615,
	6.49868 4.44813,
	6.5067 4.44011,
	6.51473 4.44813,
	"/>
<Contour name="d01c27ax42_ssvr" hidden="false" closed="true" simplified="false" border="0 1 0" fill="0 1 0" mode="11"
 points="6.46315 4.45271,
	6.45513 4.44469,
	6.46315 4.43667,
	6.47117 4.44469,
	"/>
<Contour name="d01c27ax42_ssvr" hidden="false" closed="true" simplified="false" border="0 1 0" fill="0 1 0" mode="11"
 points="6.42074 4.46417,
	6.41272 4.45615,
	6.42074 4.44813,
	6.42876 4.45615,
	"/>
<Contour name="d01c27ax42_ssvr" hidden="false" closed="true" simplified="false" border="0 1 0" fill="0 1 0" mode="11"
 points="6.41157 4.4871,
	6.40355 4.47907,
	6.41157 4.47105,
	6.41959 4.47907,
	"/>
<Contour name="d01c27ax42_ssvr" hidden="false" closed="true" simplified="false" border="0 1 0" fill="0 1 0" mode="11"
 points="6.43679 4.52721,
	6.42876 4.51919,
	6.43679 4.51117,
	6.44481 4.51919,
	"/>
<Contour name="d01c27ax42_ssvr" hidden="false" closed="true" simplified="false" border="0 1 0" fill="0 1 0" mode="11"
 points="6.39552 4.5467,
	6.3875 4.53868,
	6.39552 4.53065,
	6.40355 4.53868,
	"/>
<Contour name="d01c27ax42_ssvr" hidden="false" closed="true" simplified="false" border="0 1 0" fill="0 1 0" mode="11"
 points="6.48722 4.51919,
	6.47919 4.51117,
	6.48722 4.50314,
	6.49524 4.51117,
	"/>
<Contour name="d01c27ax42_ssvr" hidden="false" closed="true" simplified="false" border="0 1 0" fill="0 1 0" mode="11"
 points="6.51702 4.52836,
	6.509 4.52034,
	6.51702 4.51231,
	6.52504 4.52034,
	"/>
<Contour name="d01c27ax42_ssvr" hidden="false" closed="true" simplified="false" border="0 1 0" fill="0 1 0" mode="11"
 points="6.54223 4.52378,
	6.53421 4.51575,
	6.54223 4.50773,
	6.55026 4.51575,
	"/>
<Contour name="d01c27ax42_ssvr" hidden="false" closed="true" simplified="false" border="0 1 0" fill="0 1 0" mode="11"
 points="6.58579 4.48939,
	6.57777 4.48137,
	6.58579 4.47334,
	6.59381 4.48137,
	"/>
<Contour name="d01c27ax42_ssvr" hidden="false" closed="true" simplified="false" border="0 1 0" fill="0 1 0" mode="11"
 points="6.56172 4.50658,
	6.5537 4.49856,
	6.56172 4.49054,
	6.56974 4.49856,
	"/>
<Contour name="d01c27ax42_ssvr" hidden="false" closed="true" simplified="false" border="0 1 0" fill="0 1 0" mode="11"
 points="6.53306 4.49741,
	6.52504 4.48939,
	6.53306 4.48137,
	6.54109 4.48939,
	"/>
<Contour name="d01c27ax42_ssvr" hidden="false" closed="true" simplified="false" border="0 1 0" fill="0 1 0" mode="11"
 points="6.46659 4.58223,
	6.45856 4.57421,
	6.46659 4.56618,
	6.47461 4.57421,
	"/>
<Contour name="d01c27ax42_ssvr" hidden="false" closed="true" simplified="false" border="0 1 0" fill="0 1 0" mode="11"
 points="6.50212 4.57994,
	6.4941 4.57191,
	6.50212 4.56389,
	6.51014 4.57191,
	"/>
<Contour name="d01c27ax42_ssvr" hidden="false" closed="true" simplified="false" border="0 1 0" fill="0 1 0" mode="11"
 points="6.44023 4.61432,
	6.4322 4.6063,
	6.44023 4.59828,
	6.44825 4.6063,
	"/>
<Contour name="d01c27ax42_ssvr" hidden="false" closed="true" simplified="false" border="0 1 0" fill="0 1 0" mode="11"
 points="6.47461 4.62349,
	6.46659 4.61547,
	6.47461 4.60745,
	6.48263 4.61547,
	"/>
<Contour name="d01c27ax42_ssvr" hidden="false" closed="true" simplified="false" border="0 1 0" fill="0 1 0" mode="11"
 points="6.45169 4.67163,
	6.44366 4.66361,
	6.45169 4.65558,
	6.45971 4.66361,
	"/>
<Contour name="d01c27ax42_ssvr" hidden="false" closed="true" simplified="false" border="0 1 0" fill="0 1 0" mode="11"
 points="6.37489 4.43781,
	6.36687 4.42979,
	6.37489 4.42177,
	6.38292 4.42979,
	"/>
<Contour name="d01c27ax42_ssvr" hidden="false" closed="true" simplified="false" border="0 1 0" fill="0 1 0" mode="11"
 points="6.33822 4.47678,
	6.33019 4.46876,
	6.33822 4.46074,
	6.34624 4.46876,
	"/>
<Contour name="d01c27ax42_ssvr" hidden="false" closed="true" simplified="false" border="0 1 0" fill="0 1 0" mode="11"
 points="6.29695 4.50314,
	6.28893 4.49512,
	6.29695 4.4871,
	6.30498 4.49512,
	"/>
<Contour name="d01c27ax42_ssvr" hidden="false" closed="true" simplified="false" border="0 1 0" fill="0 1 0" mode="11"
 points="6.27518 4.4871,
	6.26715 4.47907,
	6.27518 4.47105,
	6.2832 4.47907,
	"/>
<Contour name="d01c27ax42_ssvr" hidden="false" closed="true" simplified="false" border="0 1 0" fill="0 1 0" mode="11"
 points="6.26028 4.51919,
	6.25225 4.51117,
	6.26028 4.50314,
	6.2683 4.51117,
	"/>
<Contour name="d01c27ax42_ssvr" hidden="false" closed="true" simplified="false" border="0 1 0" fill="0 1 0" mode="11"
 points="6.16171 4.59828,
	6.15368 4.59025,
	6.16171 4.58223,
	6.16973 4.59025,
	"/>
<Contour name="d01c27ax42_ssvr" hidden="false" closed="true" simplified="false" border="0 1 0" fill="0 1 0" mode="11"
 points="6.21099 4.61776,
	6.20297 4.60974,
	6.21099 4.60171,
	6.21902 4.60974,
	"/>
<Contour name="d01c27ax42_ssvr" hidden="false" closed="true" simplified="false" border="0 1 0" fill="0 1 0" mode="11"
 points="6.10096 4.56274,
	6.09294 4.55472,
	6.10096 4.5467,
	6.10898 4.55472,
	"/>
<Contour name="d01c27ax42_ssvr" hidden="false" closed="true" simplified="false" border="0 1 0" fill="0 1 0" mode="11"
 points="6.03678 4.56389,
	6.02875 4.55587,
	6.03678 4.54784,
	6.0448 4.55587,
	"/>
<Contour name="d01c27ax42_ssvr" hidden="false" closed="true" simplified="false" border="0 1 0" fill="0 1 0" mode="11"
 points="6.04594 4.60171,
	6.03792 4.59369,
	6.04594 4.58567,
	6.05397 4.59369,
	"/>
<Contour name="d01c27ax42_ssvr" hidden="false" closed="true" simplified="false" border="0 1 0" fill="0 1 0" mode="11"
 points="6.06428 4.69226,
	6.05626 4.68424,
	6.06428 4.67621,
	6.07231 4.68424,
	"/>
<Contour name="d01c27ax42_ssvr" hidden="false" closed="true" simplified="false" border="0 1 0" fill="0 1 0" mode="11"
 points="6.09179 4.69685,
	6.08377 4.68882,
	6.09179 4.6808,
	6.09981 4.68882,
	"/>
<Contour name="d01c27ax42_ssvr" hidden="false" closed="true" simplified="false" border="0 1 0" fill="0 1 0" mode="11"
 points="5.99666 4.68309,
	5.98864 4.67507,
	5.99666 4.66705,
	6.00468 4.67507,
	"/>
<Contour name="d01c27ax42_ssvr" hidden="false" closed="true" simplified="false" border="0 1 0" fill="0 1 0" mode="11"
 points="5.99895 4.65444,
	5.99093 4.64641,
	5.99895 4.63839,
	6.00698 4.64641,
	"/>
<Contour name="d01c27ax42_ssvr" hidden="false" closed="true" simplified="false" border="0 1 0" fill="0 1 0" mode="11"
 points="5.92789 4.72321,
	5.91987 4.71518,
	5.92789 4.70716,
	5.93591 4.71518,
	"/>
</Transform>

<Transform dim="0"
 xcoef=" 0 1 0 0 0 0"
 ycoef=" 0 0 1 0 0 0">
<Contour name="d01c27ax42_ssvr" hidden="false" closed="true" simplified="false" border="0 1 0" fill="0 1 0" mode="11"
 points="6.01389 4.81456,
	6.00139 4.80206,
	6.01389 4.78956,
	6.02639 4.80206,
	"/>
<Contour name="d01c27ax42_ssvr" hidden="false" closed="true" simplified="false" border="0 1 0" fill="0 1 0" mode="11"
 points="5.97725 4.90128,
	5.96475 4.88878,
	5.97725 4.87628,
	5.98975 4.88878,
	"/>
<Contour name="d01c27ax42_ssvr" hidden="false" closed="true" simplified="false" border="0 1 0" fill="0 1 0" mode="11"
 points="6.19954 4.87441,
	6.18704 4.86191,
	6.19954 4.84941,
	6.21204 4.86191,
	"/>
<Contour name="d01c27ax42_ssvr" hidden="false" closed="true" simplified="false" border="0 1 0" fill="0 1 0" mode="11"
 points="6.30091 4.68022,
	6.28841 4.66772,
	6.30091 4.65522,
	6.31341 4.66772,
	"/>
</Transform>

<Transform dim="0"
 xcoef=" 0 1 0 0 0 0"
 ycoef=" 0 0 1 0 0 0">
<Contour name="d01c27ax42_ssvr" hidden="false" closed="true" simplified="false" border="0 1 0" fill="0 1 0" mode="11"
 points="6.62212 4.65457,
	6.60962 4.64207,
	6.62212 4.62957,
	6.63462 4.64207,
	"/>
</Transform>

<Transform dim="0"
 xcoef=" 0 1 0 0 0 0"
 ycoef=" 0 0 1 0 0 0">
<Contour name="d01c27ax42_ssvr" hidden="false" closed="true" simplified="false" border="0 1 0" fill="0 1 0" mode="11"
 points="6.34854 4.72907,
	6.33604 4.71657,
	6.34854 4.70407,
	6.36104 4.71657,
	"/>
</Transform>

<Transform dim="0"
 xcoef=" 0 1 0 0 0 0"
 ycoef=" 0 0 1 0 0 0">
<Contour name="ax42" comment="dch traced 1.19" hidden="false" closed="true" simplified="true" border="0.502 1 1" fill="0.502 1 1" mode="11"
 points="7.31183 4.48175,
	7.31355 4.45424,
	7.31355 4.44736,
	7.31613 4.44049,
	7.32129 4.43361,
	7.33504 4.41985,
	7.34192 4.4061,
	7.3488 4.40008,
	7.35568 4.39578,
	7.36255 4.3932,
	7.36943 4.39234,
	7.37287 4.39148,
	7.38663 4.39406,
	7.39006 4.39492,
	7.3935 4.3975,
	7.39694 4.39836,
	7.40382 4.39664,
	7.43133 4.38203,
	7.44509 4.37945,
	7.45884 4.37945,
	7.46572 4.38031,
	7.46916 4.38031,
	7.47604 4.38718,
	7.48033 4.40094,
	7.48291 4.42845,
	7.48291 4.43533,
	7.48205 4.43963,
	7.46916 4.4508,
	7.4554 4.45854,
	7.44852 4.46284,
	7.44509 4.46542,
	7.44337 4.46714,
	7.44165 4.46714,
	7.44079 4.46886,
	7.43391 4.47144,
	7.42703 4.47573,
	7.42531 4.47573,
	7.41328 4.48691,
	7.40812 4.49379,
	7.40296 4.49809,
	7.39952 4.49895,
	7.3978 4.49895,
	7.38405 4.51098,
	7.38147 4.51442,
	7.37459 4.517,
	7.36083 4.51614,
	7.33332 4.50926,
	7.32644 4.50668,
	7.31957 4.50067,
	7.31441 4.49379,
	7.31183 4.48691,
	7.31183 4.48347,
	7.31183 4.48261,
	"/>
</Transform>

<Transform dim="0"
 xcoef=" 0 1 0 0 0 0"
 ycoef=" 0 0 1 0 0 0">
<Contour name="ax72" comment="traced by ddh" hidden="false" closed="true" simplified="true" border="1 1 0" fill="1 1 0" mode="11"
 points="3.93649 6.30044,
	3.93758 6.2917,
	3.93977 6.28295,
	3.94141 6.27858,
	3.94195 6.27639,
	3.95616 6.2589,
	3.96272 6.25016,
	3.96545 6.24578,
	3.96655 6.24469,
	3.97365 6.2272,
	3.97475 6.22501,
	3.97584 6.21627,
	3.97529 6.20752,
	3.97365 6.19878,
	3.97311 6.19003,
	3.97311 6.18566,
	3.97475 6.18129,
	3.97639 6.1791,
	3.98021 6.17746,
	3.9824 6.17692,
	3.98349 6.17582,
	3.98786 6.17473,
	4.00535 6.17582,
	4.00754 6.17692,
	4.04252 6.17856,
	4.05127 6.17856,
	4.06876 6.18238,
	4.0775 6.18621,
	4.07969 6.18621,
	4.08078 6.1873,
	4.08515 6.18839,
	4.10264 6.19823,
	4.10483 6.20042,
	4.1092 6.20315,
	4.11412 6.21135,
	4.11576 6.21572,
	4.11576 6.23321,
	4.11358 6.24196,
	4.11303 6.2507,
	4.11303 6.25508,
	4.11467 6.25945,
	4.11522 6.26163,
	4.11904 6.26601,
	4.12396 6.27475,
	4.1256 6.27912,
	4.1256 6.28787,
	4.12451 6.29662,
	4.12451 6.30099,
	4.12232 6.30973,
	4.12123 6.31411,
	4.1185 6.31848,
	4.11686 6.32285,
	4.11522 6.32504,
	4.10702 6.3305,
	4.10319 6.33378,
	4.09773 6.34198,
	4.09663 6.34417,
	4.09554 6.34526,
	4.09499 6.34745,
	4.09226 6.35182,
	4.09062 6.35619,
	4.09117 6.36494,
	4.09062 6.37368,
	4.08953 6.37805,
	4.08953 6.37915,
	4.08679 6.38352,
	4.08297 6.38789,
	4.08242 6.38899,
	4.08133 6.38899,
	4.0775 6.39336,
	4.06876 6.39937,
	4.06001 6.40265,
	4.05564 6.40429,
	4.05127 6.40484,
	4.04689 6.40648,
	4.03815 6.40757,
	4.03596 6.40866,
	4.03159 6.40921,
	4.0141 6.41522,
	4.00973 6.41741,
	4.00863 6.4185,
	4.00754 6.4185,
	4.00317 6.42178,
	3.98568 6.43162,
	3.98349 6.4338,
	3.98131 6.43435,
	3.98021 6.43544,
	3.97147 6.43818,
	3.96272 6.43818,
	3.95835 6.43654,
	3.95452 6.43217,
	3.95179 6.42342,
	3.95124 6.41467,
	3.95288 6.37969,
	3.95234 6.3622,
	3.9496 6.35346,
	3.94796 6.34909,
	3.9425 6.34034,
	3.9425 6.33925,
	3.94141 6.3387,
	3.94086 6.33651,
	3.93922 6.33433,
	3.93813 6.32996,
	3.93703 6.32777,
	3.93649 6.31028,
	3.93649 6.30153,
	3.93649 6.30099,
	"/>
</Transform>

<Transform dim="0"
 xcoef=" 0 1 0 0 0 0"
 ycoef=" 0 0 1 0 0 0">
<Contour name="ax43" hidden="false" closed="true" simplified="true" border="0 1 1" fill="0.501961 1 1" mode="11"
 points="4.11663 6.24987,
	4.11993 6.24329,
	4.12075 6.23999,
	4.1224 6.23835,
	4.12322 6.212,
	4.12404 6.19883,
	4.12651 6.19224,
	4.12734 6.18566,
	4.13228 6.17248,
	4.13392 6.16919,
	4.13969 6.1626,
	4.14627 6.15849,
	4.14957 6.15766,
	4.16274 6.14861,
	4.16933 6.14531,
	4.17591 6.14037,
	4.17921 6.13873,
	4.18497 6.13214,
	4.18826 6.12555,
	4.18744 6.11897,
	4.18168 6.10579,
	4.1825 6.09262,
	4.18662 6.08686,
	4.19814 6.07451,
	4.20473 6.06957,
	4.20802 6.06792,
	4.21461 6.06133,
	4.2179 6.05969,
	4.22778 6.04651,
	4.22943 6.03993,
	4.23025 6.03663,
	4.23025 6.03499,
	4.23437 6.0284,
	4.24507 6.00205,
	4.24672 5.99547,
	4.25578 5.98229,
	4.25907 5.979,
	4.26566 5.97653,
	4.27224 5.97653,
	4.27883 5.979,
	4.28542 5.98476,
	4.29036 5.99135,
	4.29365 5.99464,
	4.29694 6.00123,
	4.29777 6.00782,
	4.29777 6.01111,
	4.29365 6.02428,
	4.28624 6.03746,
	4.2813 6.04404,
	4.27801 6.05063,
	4.27718 6.05722,
	4.27965 6.0638,
	4.29036 6.07698,
	4.29941 6.09015,
	4.30271 6.09344,
	4.31094 6.10662,
	4.31341 6.1132,
	4.31423 6.12638,
	4.31341 6.13296,
	4.31094 6.13955,
	4.29859 6.1519,
	4.28542 6.1626,
	4.27883 6.16754,
	4.27718 6.16919,
	4.27965 6.17578,
	4.28459 6.18236,
	4.28706 6.18895,
	4.28871 6.20212,
	4.28871 6.20542,
	4.28295 6.212,
	4.26977 6.2227,
	4.26319 6.22682,
	4.25742 6.23341,
	4.2426 6.25975,
	4.24013 6.26634,
	4.23602 6.27293,
	4.23519 6.27622,
	4.22696 6.28939,
	4.22367 6.29598,
	4.21873 6.30257,
	4.20555 6.31245,
	4.19897 6.31574,
	4.19238 6.3215,
	4.18332 6.33468,
	4.17674 6.34044,
	4.16356 6.34703,
	4.15039 6.34867,
	4.13722 6.3462,
	4.13063 6.34209,
	4.12487 6.3355,
	4.1224 6.32233,
	4.12651 6.29598,
	4.12651 6.28939,
	4.12651 6.2861,
	4.11993 6.27293,
	4.11746 6.26634,
	4.11663 6.25317,
	4.11663 6.2507,
	"/>
</Transform>

</Section>