<?xml version="1.0"?>
<!DOCTYPE Section SYSTEM "section.dtd">

<Section index="64" thickness="0.045" alignLocked="true">
<Transform dim="1"
 xcoef=" 0.0202539653886711 1 0 0 0 0"
 ycoef=" 0.253174567358389 0 1 0 0 0">
<Contour name="mito1" hidden="false" closed="false" simplified="true" border="1 0.5 0" fill="1 0.5 0" mode="13"
 points="6.85454 4.73493,
	6.68343 4.4281,
	"/>
<Contour name="d01" hidden="false" closed="true" simplified="true" border="1 0.5 0" fill="1 0.5 0" mode="-11"
 points="6.35982 2.03007,
	6.43912 1.95077,
	6.46027 1.94019,
	6.53957 1.85561,
	6.56071 1.83975,
	6.57129 1.82918,
	6.58186 1.82918,
	6.62415 1.79746,
	6.66645 1.80274,
	6.68759 1.8186,
	6.69817 1.82918,
	6.70345 1.87147,
	6.69817 1.89261,
	6.68231 1.91376,
	6.66116 1.92433,
	6.65587 1.96663,
	6.65059 1.98777,
	6.61358 2.03007,
	6.58715 2.06707,
	6.50256 2.11465,
	6.46027 2.13051,
	6.43912 2.1358,
	6.35982 2.08822,
	6.35982 2.04593,
	6.35982 2.03535,
	"/>
<Contour name="d01" hidden="false" closed="true" simplified="true" border="1 0.5 0" fill="1 0.5 0" mode="-11"
 points="4.91128 2.18338,
	4.95358 2.14109,
	4.96415 2.13051,
	5.04874 2.11994,
	5.07517 2.03535,
	5.07517 2.02478,
	5.11218 1.98249,
	5.13861 1.94548,
	5.13861 1.90319,
	5.13332 1.88204,
	5.19676 1.81332,
	5.23905 1.78688,
	5.2602 1.76574,
	5.30249 1.74459,
	5.38708 1.72873,
	5.40823 1.73402,
	5.45581 1.8186,
	5.47167 1.8609,
	5.47695 1.88204,
	5.47167 1.89261,
	5.55625 1.89261,
	5.59855 1.90319,
	5.61969 1.91376,
	5.68313 1.99835,
	5.70428 2.00363,
	5.74657 2.04064,
	5.78886 2.0565,
	5.81001 2.06179,
	5.8523 2.09351,
	5.87345 2.09879,
	5.88402 2.09879,
	5.8946 2.10937,
	5.90517 2.10937,
	5.92632 2.13051,
	5.96861 2.15695,
	5.98447 2.17809,
	5.98447 2.18867,
	5.94746 2.22039,
	5.94746 2.23096,
	5.93689 2.24153,
	5.92103 2.32612,
	5.8946 2.41071,
	5.8946 2.43185,
	5.8523 2.46357,
	5.83116 2.47414,
	5.78886 2.47414,
	5.76772 2.47414,
	5.75714 2.47414,
	5.736 2.49529,
	5.6937 2.52172,
	5.60912 2.53758,
	5.58797 2.52701,
	5.56683 2.50586,
	5.48224 2.46886,
	5.39765 2.44242,
	5.31307 2.39485,
	5.29192 2.38427,
	5.20733 2.36841,
	5.12275 2.36841,
	5.08046 2.36313,
	5.03816 2.34727,
	5.02759 2.33669,
	5.02759 2.31555,
	5.01702 2.2944,
	4.97472 2.27325,
	4.95358 2.26797,
	4.92186 2.23096,
	4.91128 2.20981,
	4.91128 2.18867,
	"/>
<Contour name="d01cfa03ax01" hidden="false" closed="false" simplified="false" border="0 1 1" fill="0 1 1" mode="9"
 points="6.64143 1.78262,
	6.62457 1.79527,
	6.60771 1.81213,
	6.59085 1.82056,
	6.56555 1.83321,
	6.53183 1.85429,
	6.4981 1.88801,
	6.46859 1.93017,
	6.45595 1.96389,
	6.37585 2.03134,
	"/>
<Contour name="d02" hidden="false" closed="true" simplified="true" border="0.5 0 1" fill="0.5 0 1" mode="9"
 points="3.78464 6.58715,
	3.79715 6.57464,
	3.8472 6.5809,
	3.87222 6.5809,
	3.89724 6.56839,
	3.99733 6.47455,
	4.03487 6.43076,
	4.04112 6.40574,
	4.07865 6.3557,
	4.09742 6.33067,
	4.10368 6.30565,
	4.12244 6.28063,
	4.17249 6.26186,
	4.22253 6.26186,
	4.23504 6.26812,
	4.28509 6.26186,
	4.38518 6.26812,
	4.4102 6.26186,
	4.43522 6.24309,
	4.44774 6.21807,
	4.53531 6.12424,
	4.54783 6.11173,
	4.55408 6.0867,
	4.58536 6.03666,
	4.61038 5.93657,
	4.6917 5.83648,
	4.73549 5.79269,
	4.83558 5.77392,
	4.88563 5.74265,
	4.93567 5.73013,
	4.95444 5.68009,
	4.96695 5.66758,
	4.97321 5.64256,
	4.98572 5.63004,
	5.03576 5.61753,
	5.06078 5.61128,
	5.10457 5.58,
	5.1296 5.55498,
	5.15462 5.54247,
	5.17964 5.54247,
	5.22969 5.56749,
	5.25471 5.58626,
	5.27973 5.59251,
	5.29224 5.60502,
	5.31726 5.61128,
	5.36731 5.64881,
	5.41735 5.66758,
	5.51744 5.68009,
	5.56749 5.68635,
	5.59251 5.69886,
	5.60502 5.72388,
	5.60502 5.7489,
	5.58626 5.77392,
	5.57374 5.77392,
	5.5237 5.81771,
	5.49868 5.83022,
	5.49242 5.88027,
	5.48617 5.90529,
	5.48617 5.9178,
	5.45489 5.96159,
	5.4111 6.01164,
	5.36105 6.04291,
	5.31101 6.06168,
	5.21092 6.11798,
	5.17964 6.16177,
	5.16087 6.21182,
	5.16087 6.26186,
	5.14211 6.31191,
	5.13585 6.33693,
	5.15462 6.3557,
	5.16713 6.3557,
	5.1859 6.38072,
	5.19215 6.48081,
	5.16087 6.53085,
	5.11083 6.56839,
	5.09832 6.55587,
	5.08581 6.46204,
	5.03576 6.43076,
	5.00448 6.38072,
	4.98572 6.3557,
	4.9607 6.34318,
	4.91065 6.33693,
	4.86061 6.31191,
	4.76052 6.30565,
	4.56034 6.31816,
	4.46025 6.34944,
	4.43522 6.3557,
	4.42271 6.36821,
	4.39769 6.36195,
	4.2976 6.39323,
	4.27883 6.412,
	4.26632 6.46204,
	4.20377 6.56213,
	4.15998 6.59341,
	4.12244 6.64345,
	4.09742 6.66222,
	3.99733 6.66848,
	3.94729 6.66848,
	3.89724 6.64971,
	3.8472 6.61843,
	3.79715 6.59966,
	3.78464 6.59341,
	"/>
<Contour name="d02" hidden="false" closed="true" simplified="true" border="0.5 0 1" fill="0.5 0 1" mode="9"
 points="3.8061 5.89859,
	3.87499 5.86845,
	3.90943 5.85554,
	3.91804 5.84692,
	3.95249 5.83401,
	3.96971 5.8254,
	4.00415 5.82109,
	4.02138 5.8254,
	4.03429 5.85984,
	4.0386 5.86845,
	4.02999 5.87706,
	3.99554 5.88567,
	3.9611 5.91151,
	3.92665 5.92442,
	3.89221 5.92442,
	3.82332 5.93734,
	3.8061 5.92442,
	3.8061 5.9072,
	3.8061 5.9029,
	"/>
<Contour name="d02c05" hidden="false" closed="true" simplified="true" border="0 1 0" fill="0 1 0" mode="9"
 points="4.90902 7.17089,
	4.92488 7.15502,
	4.96795 7.0825,
	4.97248 7.07343,
	4.98154 7.06436,
	5.01781 7.04623,
	5.03594 7.0349,
	5.05407 7.03037,
	5.09033 7.00997,
	5.10846 7.00771,
	5.11073 7.00544,
	5.113 7.00997,
	5.11753 7.00997,
	5.11979 7.01904,
	5.10846 7.03717,
	5.07447 7.0689,
	5.0382 7.09383,
	5.03367 7.09836,
	5.02914 7.09836,
	4.99741 7.12782,
	4.96568 7.16182,
	4.92942 7.18902,
	4.92035 7.19128,
	4.91129 7.18902,
	4.90902 7.17315,
	"/>
<Contour name="d02" hidden="false" closed="true" simplified="true" border="0.5 0 1" fill="0.5 0 1" mode="9"
 points="4.73224 7.00317,
	4.74811 6.93065,
	4.75264 6.91252,
	4.77077 6.89439,
	4.77984 6.88532,
	4.79797 6.87625,
	4.8161 6.86039,
	4.82516 6.85132,
	4.85689 6.7788,
	4.87502 6.74254,
	4.89769 6.70627,
	4.90902 6.67001,
	4.91355 6.65188,
	4.94755 6.62015,
	5.02007 6.59749,
	5.05634 6.58842,
	5.0926 6.58389,
	5.10166 6.58389,
	5.11979 6.59295,
	5.12433 6.59749,
	5.12886 6.61562,
	5.12433 6.65188,
	5.12659 6.67001,
	5.11979 6.70627,
	5.12206 6.74254,
	5.12206 6.76067,
	5.13566 6.83319,
	5.14699 6.86945,
	5.15152 6.88759,
	5.17645 6.92385,
	5.18325 6.93291,
	5.18779 6.93745,
	5.18552 6.95558,
	5.16966 6.97371,
	5.15152 6.98504,
	5.13566 7.00091,
	5.11753 7.01224,
	5.10846 7.01677,
	5.09486 7.0349,
	5.0586 7.06663,
	5.02234 7.08703,
	4.98608 7.11423,
	4.97701 7.13236,
	4.94755 7.16862,
	4.89995 7.23888,
	4.86369 7.25474,
	4.82743 7.25248,
	4.79117 7.22301,
	4.7753 7.18675,
	4.75264 7.11423,
	4.73677 7.0417,
	4.73224 7.00544,
	"/>
<Contour name="d02cfa05" hidden="false" closed="false" simplified="false" border="0 1 1" fill="0 1 1" mode="9"
 points="4.9186 7.19063,
	4.97072 7.14223,
	5.01354 7.09941,
	5.05264 7.06032,
	5.11407 7.01005,
	"/>
<Contour name="d02" hidden="false" closed="true" simplified="true" border="0.5 0 1" fill="0.5 0 1" mode="9"
 points="5.24841 5.1292,
	5.2641 5.07901,
	5.27351 5.05391,
	5.27351 5.02882,
	5.27351 5.02254,
	5.28606 5.00999,
	5.29861 5.00686,
	5.3488 4.97862,
	5.36135 4.97235,
	5.41154 4.97548,
	5.42409 4.98176,
	5.42723 4.99431,
	5.42096 5.0445,
	5.41154 5.0696,
	5.41154 5.09469,
	5.41468 5.10724,
	5.41468 5.11352,
	5.43978 5.1292,
	5.45233 5.14175,
	5.46801 5.19195,
	5.47115 5.24214,
	5.46801 5.25469,
	5.45546 5.26724,
	5.44292 5.26724,
	5.39272 5.24528,
	5.36762 5.239,
	5.34253 5.22645,
	5.31743 5.22018,
	5.30488 5.22018,
	5.29233 5.21391,
	5.2892 5.21077,
	5.29233 5.20449,
	5.27037 5.18881,
	5.25469 5.16371,
	5.24841 5.13861,
	5.24841 5.13234,
	"/>
<Contour name="d02c06" hidden="false" closed="true" simplified="true" border="0 1 0" fill="0 1 0" mode="9"
 points="5.22329 5.07976,
	5.25137 5.02983,
	5.27321 5.00799,
	5.29817 4.99239,
	5.31065 4.98303,
	5.32314 4.97991,
	5.33562 4.98303,
	5.3325 5.00799,
	5.31065 5.02983,
	5.30129 5.07976,
	5.29193 5.10472,
	5.27633 5.12968,
	5.25449 5.15152,
	5.24825 5.15464,
	5.22953 5.1328,
	5.22329 5.10784,
	5.22329 5.08288,
	"/>
<Contour name="d02cfa06" hidden="false" closed="false" simplified="false" border="0 1 1" fill="0 1 1" mode="9"
 points="5.2452 5.14704,
	5.24832 5.09712,
	5.2608 5.05967,
	5.27328 5.02847,
	5.32945 4.98167,
	"/>
<Contour name="d02" hidden="false" closed="true" simplified="true" border="0.5 0 1" fill="0.5 0 1" mode="9"
 points="3.09302 6.83772,
	3.10625 6.81126,
	3.1261 6.78479,
	3.14926 6.73186,
	3.16249 6.7054,
	3.18234 6.67894,
	3.19226 6.65247,
	3.19557 6.63924,
	3.20218 6.63262,
	3.22865 6.63924,
	3.28158 6.63593,
	3.33451 6.63924,
	3.38743 6.68224,
	3.44036 6.70209,
	3.46683 6.70871,
	3.49329 6.72856,
	3.50652 6.74179,
	3.51976 6.7484,
	3.54291 6.77487,
	3.55614 6.7881,
	3.56938 6.79472,
	3.57599 6.80133,
	3.62892 6.79803,
	3.65539 6.80133,
	3.66862 6.81126,
	3.67854 6.83772,
	3.68516 6.85095,
	3.68516 6.86419,
	3.68516 6.8708,
	3.66531 6.89727,
	3.65208 6.90719,
	3.63885 6.9105,
	3.62561 6.92042,
	3.57268 6.93365,
	3.54622 6.94027,
	3.49329 6.94358,
	3.44036 6.94027,
	3.38743 6.92373,
	3.36097 6.91711,
	3.25511 6.92042,
	3.22865 6.91711,
	3.20549 6.89396,
	3.19226 6.86749,
	3.13933 6.85095,
	3.11287 6.85095,
	3.09963 6.84434,
	3.09302 6.84103,
	"/>
<Contour name="d06" hidden="false" closed="true" simplified="true" border="0 0 1" fill="0 0 1" mode="9"
 points="1.46581 7.32349,
	1.47139 7.31234,
	1.51319 7.27611,
	1.52155 7.25382,
	1.52155 7.20923,
	1.52155 7.19809,
	1.52991 7.17579,
	1.56056 7.13399,
	1.57728 7.1117,
	1.59957 7.09776,
	1.61072 7.09219,
	1.63302 7.09498,
	1.6776 7.0894,
	1.68875 7.09219,
	1.69711 7.10334,
	1.69711 7.14792,
	1.69154 7.19251,
	1.68596 7.19809,
	1.68596 7.20366,
	1.65252 7.24267,
	1.64416 7.25382,
	1.64138 7.29841,
	1.64138 7.3207,
	1.63302 7.33185,
	1.63023 7.33742,
	1.61908 7.33742,
	1.59957 7.35971,
	1.57728 7.37644,
	1.56613 7.3848,
	1.52155 7.3848,
	1.49925 7.38201,
	1.48811 7.37922,
	1.47696 7.37086,
	1.46581 7.34857,
	1.46581 7.32627,
	"/>
<Contour name="d06" hidden="false" closed="true" simplified="true" border="0 0 1" fill="0 0 1" mode="9"
 points="1.7194 7.48512,
	1.73891 7.44053,
	1.74727 7.39594,
	1.75284 7.39037,
	1.7612 7.36807,
	1.77514 7.34578,
	1.77514 7.16743,
	1.78628 7.12284,
	1.81136 7.07826,
	1.8253 7.05596,
	1.83087 7.04482,
	1.87546 7.00023,
	1.92005 6.96121,
	1.94234 6.94171,
	1.94791 6.93613,
	1.9925 6.93613,
	2.0148 6.93613,
	2.02594 6.93613,
	2.03709 6.94449,
	2.03709 6.98908,
	2.0343 7.01138,
	2.02594 7.03367,
	1.98135 7.05875,
	1.97857 7.08104,
	1.98414 7.08662,
	2.00643 7.08662,
	2.01758 7.08104,
	2.06217 7.07826,
	2.10676 7.08104,
	2.12905 7.09498,
	2.1402 7.10612,
	2.14577 7.11727,
	2.16806 7.13678,
	2.17642 7.15907,
	2.17642 7.18137,
	2.17921 7.19251,
	2.19314 7.21481,
	2.21265 7.2371,
	2.22659 7.28169,
	2.22659 7.37086,
	2.21823 7.41545,
	2.21544 7.46004,
	2.21544 7.48233,
	2.22101 7.49348,
	2.24331 7.51298,
	2.24888 7.53528,
	2.24888 7.57987,
	2.26839 7.5938,
	2.31297 7.60216,
	2.32412 7.61052,
	2.33805 7.63281,
	2.33805 7.65511,
	2.33805 7.66625,
	2.32969 7.6774,
	2.32412 7.69969,
	2.28232 7.73592,
	2.26003 7.75264,
	2.24888 7.761,
	2.23773 7.76379,
	2.22659 7.77215,
	2.182 7.78051,
	2.09282 7.78051,
	2.07053 7.77215,
	2.05938 7.76379,
	2.0148 7.75543,
	1.97021 7.75264,
	1.94791 7.74149,
	1.92562 7.72199,
	1.83645 7.69691,
	1.81415 7.68019,
	1.803 7.67461,
	1.79186 7.66347,
	1.78907 7.65232,
	1.7612 7.61052,
	1.75842 7.59937,
	1.74448 7.57987,
	1.73612 7.56872,
	1.73334 7.55757,
	1.72776 7.552,
	1.7194 7.5297,
	1.7194 7.4879,
	"/>
<Contour name="d06" hidden="false" closed="true" simplified="true" border="0 0 1" fill="0 0 1" mode="9"
 points="2.29068 8.50505,
	2.30183 8.48276,
	2.31019 8.47161,
	2.32133 8.47161,
	2.32691 8.47161,
	2.33805 8.48276,
	2.34363 8.49391,
	2.36592 8.5162,
	2.37428 8.5385,
	2.37707 8.56079,
	2.38543 8.58308,
	2.391 8.59423,
	2.4133 8.59702,
	2.42444 8.59702,
	2.43002 8.59702,
	2.45231 8.61931,
	2.45788 8.62488,
	2.45788 8.63046,
	2.48018 8.6416,
	2.48575 8.64439,
	2.48854 8.68898,
	2.48575 8.71127,
	2.48018 8.71685,
	2.4746 8.71685,
	2.46624 8.72799,
	2.42166 8.72521,
	2.39936 8.70848,
	2.35477 8.68619,
	2.34363 8.68062,
	2.32691 8.65832,
	2.32133 8.63603,
	2.31019 8.61374,
	2.29904 8.60259,
	2.29347 8.59144,
	2.29068 8.54686,
	2.29068 8.52456,
	2.29068 8.51341,
	2.29068 8.50784,
	"/>
<Contour name="d06c05" hidden="false" closed="true" simplified="true" border="0 1 0" fill="0 1 0" mode="9"
 points="1.49667 7.1808,
	1.50877 7.14852,
	1.52895 7.11625,
	1.54105 7.10011,
	1.55718 7.09205,
	1.56525 7.08398,
	1.59753 7.08398,
	1.61366 7.10011,
	1.61366 7.11625,
	1.57332 7.1808,
	1.55315 7.21307,
	1.54105 7.22921,
	1.53298 7.23728,
	1.51684 7.23728,
	1.50877 7.23728,
	1.50071 7.22921,
	1.49667 7.19693,
	1.49667 7.18483,
	"/>
<Contour name="d06cfa05" hidden="false" closed="false" simplified="false" border="0 1 1" fill="0 1 1" mode="9"
 points="1.5139 7.23175,
	1.526 7.18334,
	1.57441 7.12283,
	1.61475 7.09459,
	"/>
<Contour name="d07" hidden="false" closed="true" simplified="true" border="1 0 1" fill="1 0 1" mode="9"
 points="2.77721 7.14139,
	2.80881 7.08521,
	2.83338 7.06063,
	2.88956 7.02904,
	2.91765 7.0185,
	2.97382 6.9869,
	3.00191 6.98339,
	3.01595 6.98339,
	3.02298 6.98339,
	3.03 6.99744,
	3.04404 7.00446,
	3.07213 7.00446,
	3.08617 7.00446,
	3.11426 7.02201,
	3.16693 7.07819,
	3.18799 7.13437,
	3.19853 7.14841,
	3.20555 7.1765,
	3.20555 7.23267,
	3.19502 7.24672,
	3.19151 7.35907,
	3.19151 7.37311,
	3.20204 7.38716,
	3.21608 7.39418,
	3.23364 7.42227,
	3.24417 7.45036,
	3.24417 7.56271,
	3.23715 7.67506,
	3.23364 7.6891,
	3.2231 7.70315,
	3.19502 7.71368,
	3.17044 7.71719,
	3.17044 7.73124,
	3.16342 7.73826,
	3.16342 7.74528,
	3.14235 7.77337,
	3.13533 7.77337,
	3.11777 7.80146,
	3.11075 7.8155,
	3.10373 7.82252,
	3.10022 7.8787,
	3.09671 7.90679,
	3.07915 7.93488,
	3.02298 7.9419,
	2.99489 7.93839,
	2.9668 7.92434,
	2.95978 7.92434,
	2.95276 7.91732,
	2.94573 7.91732,
	2.91765 7.89977,
	2.89307 7.87168,
	2.89307 7.64697,
	2.89307 7.61888,
	2.89307 7.60484,
	2.88605 7.5908,
	2.88254 7.53462,
	2.85796 7.47844,
	2.8404 7.45036,
	2.82636 7.43631,
	2.81583 7.40822,
	2.81583 7.39418,
	2.80529 7.36609,
	2.78774 7.338,
	2.77721 7.30992,
	2.77721 7.19756,
	2.77721 7.1449,
	"/>
<Contour name="d07" hidden="false" closed="true" simplified="true" border="1 0 1" fill="1 0 1" mode="9"
 points="3.44079 7.46089,
	3.45834 7.4328,
	3.48292 7.41525,
	3.49696 7.40471,
	3.52505 7.40471,
	3.53909 7.40471,
	3.54612 7.40471,
	3.55665 7.41876,
	3.56016 7.44685,
	3.55314 7.47493,
	3.52856 7.49951,
	3.50398 7.51707,
	3.4759 7.52058,
	3.46185 7.52058,
	3.44781 7.51004,
	3.44079 7.50302,
	3.44079 7.47493,
	3.44079 7.4644,
	"/>
<Contour name="d07" hidden="false" closed="true" simplified="true" border="1 0 1" fill="1 0 1" mode="9"
 points="1.90895 7.9668,
	1.95883 7.89879,
	1.97696 7.86251,
	1.98603 7.84437,
	1.9815 7.8081,
	1.96789 7.7945,
	1.95883 7.7945,
	1.94522 7.77636,
	1.94522 7.76729,
	1.9815 7.76276,
	2.01777 7.78543,
	2.16287 7.78543,
	2.23542 7.75822,
	2.25356 7.74915,
	2.26263 7.74915,
	2.2853 7.78543,
	2.2853 7.80356,
	2.25809 7.83984,
	2.23995 7.84891,
	2.18101 7.91692,
	2.17647 7.92599,
	2.1674 7.92599,
	2.15834 7.93506,
	2.14927 7.93506,
	2.13113 7.9532,
	2.05858 7.99854,
	2.04044 8.00761,
	1.96789 8.00761,
	1.93162 8.00761,
	1.92255 8.00761,
	1.90895 7.98947,
	1.90895 7.97133,
	"/>
<Contour name="d07p08" hidden="false" closed="true" simplified="false" border="1 0 0" fill="1 0 0" mode="9"
 points="3.20477 7.57054,
	3.17756 7.57054,
	3.17756 7.58414,
	3.19117 7.59775,
	3.23198 7.61135,
	3.20477 7.62495,
	3.19117 7.65216,
	3.16396 7.62495,
	3.15036 7.59775,
	3.15036 7.57054,
	3.12315 7.57054,
	3.16396 7.54333,
	"/>
<Contour name="d07c07a" hidden="false" closed="true" simplified="true" border="1 0 0" fill="0 1 0" mode="9"
 points="1.87236 7.88034,
	1.89972 7.81779,
	1.92318 7.79043,
	1.93881 7.78261,
	1.97008 7.78261,
	1.98963 7.81388,
	1.99745 7.82952,
	1.99745 7.89206,
	1.9779 7.91942,
	1.94663 7.94288,
	1.91536 7.9546,
	1.89972 7.9546,
	1.89191 7.9546,
	1.87627 7.93897,
	1.87236 7.9077,
	1.87236 7.89206,
	1.87236 7.88424,
	"/>
<Contour name="d07cfa07a" hidden="false" closed="true" simplified="true" border="0 1 0" fill="0 1 0" mode="9"
 points="1.86236 7.89034,
	1.88972 7.82779,
	1.91318 7.80043,
	1.92881 7.79261,
	1.96008 7.79261,
	1.97963 7.82388,
	1.98745 7.83952,
	1.98745 7.90206,
	1.9679 7.92942,
	1.93663 7.95288,
	1.90536 7.9646,
	1.88972 7.9646,
	1.88191 7.9646,
	1.86627 7.94897,
	1.86236 7.9177,
	1.86236 7.90206,
	1.86236 7.89424,
	"/>
<Contour name="d07cfa07a" hidden="false" closed="false" simplified="false" border="0 1 1" fill="0 1 1" mode="9"
 points="1.90905 7.9522,
	1.94423 7.92875,
	1.96377 7.88184,
	1.9755 7.84275,
	1.95595 7.79584,
	"/>
<Contour name="d07p07adia" hidden="false" closed="false" simplified="true" border="1 0 1" fill="1 0 1" mode="9"
 points="1.9755 7.75676,
	1.92859 8.01083,
	"/>
<Contour name="d07plinn08" hidden="false" closed="true" simplified="false" border="0 0 1" fill="0 0 1" mode="13"
 points="3.04055 7.43712,
	3.01466 7.41123,
	3.04055 7.38534,
	3.06644 7.41123,
	"/>
<Contour name="d08" hidden="false" closed="true" simplified="true" border="1 0 0" fill="1 0 0" mode="9"
 points="5.96998 4.50845,
	5.97307 4.49606,
	5.99475 4.47439,
	6.01642 4.4589,
	6.03191 4.43413,
	6.03191 4.40936,
	6.03191 4.39697,
	6.0381 4.38459,
	6.08764 4.33814,
	6.09074 4.33195,
	6.11551 4.33195,
	6.1217 4.33195,
	6.1248 4.35672,
	6.11551 4.38149,
	6.10312 4.39078,
	6.10312 4.44032,
	6.10312 4.45271,
	6.11551 4.4651,
	6.1248 4.48987,
	6.1248 4.53941,
	6.11551 4.5518,
	6.10622 4.57657,
	6.10312 4.58895,
	6.08145 4.61373,
	6.03191 4.61682,
	6.00713 4.60753,
	6.00094 4.60753,
	5.97617 4.58586,
	5.96998 4.57347,
	5.96998 4.52393,
	5.96998 4.51154,
	"/>
<Contour name="d08" hidden="false" closed="true" simplified="true" border="1 0 0" fill="1 0 0" mode="9"
 points="5.0751 4.18951,
	5.08749 4.16474,
	5.10916 4.14306,
	5.12155 4.14306,
	5.17109 4.1152,
	5.22063 4.09662,
	5.2454 4.08733,
	5.27018 4.08423,
	5.28256 4.08423,
	5.30733 4.07185,
	5.33211 4.06565,
	5.38165 4.04088,
	5.40642 4.0285,
	5.43119 4.00992,
	5.44977 3.98824,
	5.46216 3.97586,
	5.46835 3.96347,
	5.47145 3.91393,
	5.49312 3.88915,
	5.50551 3.87987,
	5.55505 3.85819,
	5.56744 3.852,
	5.66652 3.852,
	5.69129 3.852,
	5.71607 3.84271,
	5.74084 3.83961,
	5.75322 3.84271,
	5.75013 3.8458,
	5.75632 3.8458,
	5.75942 3.852,
	5.74084 3.87677,
	5.73155 3.88606,
	5.70678 3.89225,
	5.66033 3.92631,
	5.64175 3.94799,
	5.61698 3.96966,
	5.56744 3.97586,
	5.55505 3.98205,
	5.54266 3.98205,
	5.53647 3.98205,
	5.52718 3.99443,
	5.53647 4.04398,
	5.56124 4.05946,
	5.57982 4.07804,
	5.62627 4.12139,
	5.64794 4.13997,
	5.65723 4.15235,
	5.65414 4.17713,
	5.64485 4.2019,
	5.62937 4.22357,
	5.62627 4.23596,
	5.62008 4.24215,
	5.61079 4.26692,
	5.60769 4.36601,
	5.60769 4.41555,
	5.60769 4.42794,
	5.60769 4.43413,
	5.56124 4.48368,
	5.52099 4.52703,
	5.49931 4.5487,
	5.49312 4.56109,
	5.48383 4.61063,
	5.48074 4.66017,
	5.48693 4.70972,
	5.50241 4.75926,
	5.5148 4.77165,
	5.52099 4.78403,
	5.51789 4.83358,
	5.50551 4.84286,
	5.45596 4.83977,
	5.44358 4.83977,
	5.43119 4.84906,
	5.40642 4.85835,
	5.38475 4.87383,
	5.37236 4.88002,
	5.34759 4.88002,
	5.32282 4.85835,
	5.31353 4.8088,
	5.29185 4.75926,
	5.28256 4.73449,
	5.27947 4.7221,
	5.19896 4.62302,
	5.18657 4.61063,
	5.1587 4.56109,
	5.1587 4.53631,
	5.1618 4.52393,
	5.18038 4.50225,
	5.18967 4.48987,
	5.18657 4.44032,
	5.18657 4.43413,
	5.16799 4.40936,
	5.14632 4.39388,
	5.14012 4.39388,
	5.11845 4.36911,
	5.10297 4.34433,
	5.09677 4.33814,
	5.09677 4.33195,
	5.08749 4.31956,
	5.08129 4.29479,
	5.0751 4.28241,
	5.0751 4.23286,
	5.0751 4.20809,
	5.0751 4.1957,
	5.0751 4.19261,
	"/>
<Contour name="d08" hidden="false" closed="true" simplified="true" border="1 0 0" fill="1 0 0" mode="9"
 points="5.99165 5.27637,
	5.99784 5.26398,
	6.02262 5.23921,
	6.04739 5.22373,
	6.09693 5.22683,
	6.10312 5.22992,
	6.10312 5.27947,
	6.09383 5.30424,
	6.06906 5.32591,
	6.05668 5.33211,
	6.03191 5.33211,
	6.01952 5.32901,
	6.01333 5.32901,
	6.00404 5.31662,
	6.00094 5.30424,
	5.99165 5.29185,
	5.99165 5.27947,
	"/>
<Contour name="d08p06" hidden="false" closed="true" simplified="false" border="0 0 1" fill="0 0 1" mode="13"
 points="5.38058 4.69397,
	5.35629 4.66969,
	5.38058 4.64541,
	5.40486 4.66969,
	"/>
<Contour name="d08c02" hidden="false" closed="true" simplified="true" border="1 0 0" fill="0 1 0" mode="9"
 points="6.06648 5.31424,
	6.07704 5.29734,
	6.07704 5.22972,
	6.08338 5.21282,
	6.10029 5.21071,
	6.10874 5.21071,
	6.11296 5.21071,
	6.11508 5.27832,
	6.11296 5.28677,
	6.11296 5.291,
	6.10874 5.29311,
	6.10874 5.29734,
	6.1024 5.30579,
	6.1024 5.31002,
	6.08972 5.32692,
	6.08338 5.33537,
	6.07493 5.33749,
	6.06859 5.32903,
	6.06648 5.32058,
	6.06648 5.31636,
	"/>
<Contour name="d08cfa02" hidden="false" closed="false" simplified="false" border="0 1 1" fill="0 1 1" mode="9"
 points="6.07175 5.33701,
	6.09077 5.30954,
	6.10133 5.26306,
	6.08443 5.21657,
	"/>
<Contour name="d08c04" hidden="false" closed="true" simplified="true" border="1 0 0" fill="0 1 0" mode="9"
 points="6.07493 4.42255,
	6.08127 4.4141,
	6.09817 4.41198,
	6.11508 4.4141,
	6.12353 4.42044,
	6.12776 4.42889,
	6.12776 4.44579,
	6.14466 4.45424,
	6.15311 4.45847,
	6.15311 4.52609,
	6.151 4.54299,
	6.14889 4.55144,
	6.11719 4.58103,
	6.10874 4.58736,
	6.10029 4.58736,
	6.09606 4.58736,
	6.09395 4.57046,
	6.09817 4.55356,
	6.09817 4.5451,
	6.1024 4.53665,
	6.1024 4.50284,
	6.08972 4.48594,
	6.08127 4.4796,
	6.07704 4.47537,
	6.07493 4.44157,
	6.07493 4.42466,
	"/>
<Contour name="d08cfa04" hidden="false" closed="false" simplified="false" border="0 1 1" fill="0 1 1" mode="9"
 points="6.10978 4.58689,
	6.11612 4.56576,
	6.13091 4.51505,
	6.1288 4.48335,
	6.10978 4.44954,
	6.10133 4.41151,
	"/>
<Contour name="d08" hidden="false" closed="true" simplified="true" border="1 0 0" fill="1 0 0" mode="9"
 points="4.93112 3.97692,
	4.94002 3.95913,
	4.94669 3.95023,
	4.94891 3.93244,
	4.94447 3.89685,
	4.94224 3.87906,
	4.94224 3.87016,
	4.95781 3.85459,
	4.96003 3.85014,
	4.99562 3.85237,
	5.01119 3.86571,
	5.01564 3.87239,
	5.02454 3.87016,
	5.02899 3.87016,
	5.04456 3.88796,
	5.06457 3.92132,
	5.0668 3.95691,
	5.0668 3.9658,
	5.06013 3.9836,
	5.049 4.00139,
	5.04456 4.01029,
	5.02676 4.02141,
	5.02231 4.02141,
	5.01786 4.02586,
	4.98228 4.02586,
	4.96448 4.02586,
	4.95559 4.02586,
	4.93779 4.01029,
	4.93112 3.99472,
	4.93112 3.97915,
	"/>
<Contour name="d08c09b" hidden="false" closed="true" simplified="true" border="1 0 0" fill="0 1 0" mode="9"
 points="4.9934 3.85237,
	5.0023 3.84347,
	5.03788 3.85014,
	5.05568 3.85459,
	5.06013 3.85904,
	5.06013 3.87683,
	5.06013 3.88573,
	5.05123 3.89463,
	5.03343 3.89685,
	5.01786 3.88128,
	5.00007 3.87239,
	4.9934 3.86349,
	4.9934 3.85459,
	"/>
<Contour name="d08cfa09b" hidden="false" closed="false" simplified="false" border="0 1 1" fill="0 1 1" mode="9"
 points="5.05973 3.87847,
	4.99522 3.85623,
	"/>
<Contour name="d08plinn06" hidden="false" closed="true" simplified="false" border="0 0 1" fill="0 0 1" mode="-13"
 points="5.38217 4.40934,
	5.33523 4.3624,
	5.38217 4.31546,
	5.42911 4.3624,
	"/>
<Contour name="d01c03ax01_ssvda" hidden="false" closed="true" simplified="false" border="1 0 0" fill="0 0 1" mode="-11"
 points="6.54324 1.82264,
	6.53334 1.81274,
	6.54324 1.80284,
	6.55314 1.81274,
	"/>
<Contour name="d01c03ax01_ssvda" hidden="false" closed="true" simplified="false" border="1 0 0" fill="0 0 1" mode="-11"
 points="6.50789 1.85374,
	6.49799 1.84385,
	6.50789 1.83395,
	6.51779 1.84385,
	"/>
<Contour name="d01c03ax01_ssvda" hidden="false" closed="true" simplified="false" border="1 0 0" fill="0 0 1" mode="-11"
 points="6.47254 1.8594,
	6.46264 1.8495,
	6.47254 1.8396,
	6.48244 1.8495,
	"/>
<Contour name="d01c03ax01_ssvda" hidden="false" closed="true" simplified="false" border="1 0 0" fill="0 0 1" mode="-11"
 points="6.45699 1.88344,
	6.44709 1.87354,
	6.45699 1.86364,
	6.46689 1.87354,
	"/>
<Contour name="d01c03ax01_ssvda" hidden="false" closed="true" simplified="false" border="1 0 0" fill="0 0 1" mode="-11"
 points="6.43719 1.91172,
	6.4273 1.90182,
	6.43719 1.89192,
	6.44709 1.90182,
	"/>
<Contour name="d01c03ax01_ssvr" hidden="false" closed="true" simplified="false" border="0 1 0.501961" fill="0 0 1" mode="-11"
 points="6.55455 1.76608,
	6.54465 1.75618,
	6.55455 1.74628,
	6.56445 1.75618,
	"/>
<Contour name="d01c03ax01_ssvr" hidden="false" closed="true" simplified="false" border="0 1 0.501961" fill="0 0 1" mode="-11"
 points="6.46406 1.76184,
	6.45416 1.75194,
	6.46406 1.74204,
	6.47396 1.75194,
	"/>
<Contour name="d01c03ax01_ssvr" hidden="false" closed="true" simplified="false" border="0 1 0.501961" fill="0 0 1" mode="-11"
 points="6.43861 1.83395,
	6.42871 1.82405,
	6.43861 1.81415,
	6.44851 1.82405,
	"/>
<Contour name="d01c03ax01_ssvr" hidden="false" closed="true" simplified="false" border="0 1 0.501961" fill="0 0 1" mode="-11"
 points="6.43437 1.80425,
	6.42447 1.79436,
	6.43437 1.78446,
	6.44426 1.79436,
	"/>
<Contour name="d01c03ax01_ssvr" hidden="false" closed="true" simplified="false" border="0 1 0.501961" fill="0 0 1" mode="-11"
 points="6.38346 1.80425,
	6.37357 1.79436,
	6.38346 1.78446,
	6.39336 1.79436,
	"/>
<Contour name="d01c03ax01_ssvr" hidden="false" closed="true" simplified="false" border="0 1 0.501961" fill="0 0 1" mode="-11"
 points="6.32973 1.83678,
	6.31984 1.82688,
	6.32973 1.81698,
	6.33963 1.82688,
	"/>
<Contour name="d01c03ax01_ssvr" hidden="false" closed="true" simplified="false" border="0 1 0.501961" fill="0 0 1" mode="-11"
 points="6.37215 1.91596,
	6.36225 1.90606,
	6.37215 1.89616,
	6.38205 1.90606,
	"/>
<Contour name="d01c03ax01_ssvr" hidden="false" closed="true" simplified="false" border="0 1 0.501961" fill="0 0 1" mode="-11"
 points="6.1841 1.86788,
	6.1742 1.85799,
	6.1841 1.84809,
	6.19399 1.85799,
	"/>
<Contour name="d01c03ax01_ssvr" hidden="false" closed="true" simplified="false" border="0 1 0.501961" fill="0 0 1" mode="-11"
 points="6.2152 1.90606,
	6.2053 1.89616,
	6.2152 1.88626,
	6.2251 1.89616,
	"/>
<Contour name="d01c03ax01_ssvr" hidden="false" closed="true" simplified="false" border="0 1 0.501961" fill="0 0 1" mode="-11"
 points="6.16006 1.90465,
	6.15016 1.89475,
	6.16006 1.88485,
	6.16996 1.89475,
	"/>
<Contour name="d01c03ax01_ssvr" hidden="false" closed="true" simplified="false" border="0 1 0.501961" fill="0 0 1" mode="-11"
 points="6.14875 1.82688,
	6.13885 1.81698,
	6.14875 1.80708,
	6.15864 1.81698,
	"/>
<Contour name="d01c03ax01_ssvr" hidden="false" closed="true" simplified="false" border="0 1 0.501961" fill="0 0 1" mode="-11"
 points="6.11623 1.78163,
	6.10633 1.77173,
	6.11623 1.76184,
	6.12612 1.77173,
	"/>
<Contour name="d01c03ax01_ssvr" hidden="false" closed="true" simplified="false" border="0 1 0.501961" fill="0 0 1" mode="-11"
 points="6.07805 1.66852,
	6.06815 1.65862,
	6.07805 1.64872,
	6.08795 1.65862,
	"/>
<Contour name="d01c03ax01_ssvr" hidden="false" closed="true" simplified="false" border="0 1 0.501961" fill="0 0 1" mode="-11"
 points="6.07522 1.61903,
	6.06532 1.60913,
	6.07522 1.59923,
	6.08512 1.60913,
	"/>
<Contour name="d01c03ax01_ssvr" hidden="false" closed="true" simplified="false" border="0 1 0.501961" fill="0 0 1" mode="-11"
 points="6.0427 1.75759,
	6.0328 1.7477,
	6.0427 1.7378,
	6.0526 1.7477,
	"/>
<Contour name="d01c03ax01_ssvr" hidden="false" closed="true" simplified="false" border="0 1 0.501961" fill="0 0 1" mode="-11"
 points="6.15723 1.63458,
	6.14733 1.62468,
	6.15723 1.61478,
	6.16713 1.62468,
	"/>
<Contour name="d01c03ax01_ssvr" hidden="false" closed="true" simplified="false" border="0 1 0.501961" fill="0 0 1" mode="-11"
 points="6.21803 1.59075,
	6.20813 1.58085,
	6.21803 1.57095,
	6.22793 1.58085,
	"/>
<Contour name="d01c03ax01_ssvr" hidden="false" closed="true" simplified="false" border="0 1 0.501961" fill="0 0 1" mode="-11"
 points="6.29438 1.58085,
	6.28449 1.57095,
	6.29438 1.56105,
	6.30428 1.57095,
	"/>
<Contour name="d01c03ax01_ssvr" hidden="false" closed="true" simplified="false" border="0 1 0.501961" fill="0 0 1" mode="-11"
 points="6.28166 1.61903,
	6.27176 1.60913,
	6.28166 1.59923,
	6.29156 1.60913,
	"/>
<Contour name="d01c03ax01_ssvr" hidden="false" closed="true" simplified="false" border="0 1 0.501961" fill="0 0 1" mode="-11"
 points="6.27883 1.66145,
	6.26893 1.65155,
	6.27883 1.64165,
	6.28873 1.65155,
	"/>
<Contour name="d01c03ax01_ssvr" hidden="false" closed="true" simplified="false" border="0 1 0.501961" fill="0 0 1" mode="-11"
 points="6.25904 1.68124,
	6.24914 1.67134,
	6.25904 1.66145,
	6.26893 1.67134,
	"/>
<Contour name="d01c03ax01_ssvr" hidden="false" closed="true" simplified="false" border="0 1 0.501961" fill="0 0 1" mode="-11"
 points="6.30287 1.70104,
	6.29297 1.69114,
	6.30287 1.68124,
	6.31277 1.69114,
	"/>
<Contour name="d01c03ax01_ssvr" hidden="false" closed="true" simplified="false" border="0 1 0.501961" fill="0 0 1" mode="-11"
 points="6.31701 1.65862,
	6.30711 1.64872,
	6.31701 1.63882,
	6.3269 1.64872,
	"/>
<Contour name="d01c03ax01_ssvr" hidden="false" closed="true" simplified="false" border="0 1 0.501961" fill="0 0 1" mode="-11"
 points="6.33115 1.61903,
	6.32125 1.60913,
	6.33115 1.59923,
	6.34104 1.60913,
	"/>
<Contour name="d01c03ax01_ssvr" hidden="false" closed="true" simplified="false" border="0 1 0.501961" fill="0 0 1" mode="-11"
 points="6.41598 1.61196,
	6.40609 1.60206,
	6.41598 1.59216,
	6.42588 1.60206,
	"/>
<Contour name="d01c03ax01_ssvr" hidden="false" closed="true" simplified="false" border="0 1 0.501961" fill="0 0 1" mode="-11"
 points="6.39195 1.64306,
	6.38205 1.63317,
	6.39195 1.62327,
	6.40184 1.63317,
	"/>
<Contour name="d01c03ax01_ssvr" hidden="false" closed="true" simplified="false" border="0 1 0.501961" fill="0 0 1" mode="-11"
 points="6.36225 1.68124,
	6.35236 1.67134,
	6.36225 1.66145,
	6.37215 1.67134,
	"/>
<Contour name="d01c03ax01_ssvr" hidden="false" closed="true" simplified="false" border="0 1 0.501961" fill="0 0 1" mode="-11"
 points="6.35518 1.75052,
	6.34529 1.74063,
	6.35518 1.73073,
	6.36508 1.74063,
	"/>
<Contour name="d01c03ax01_ssvr" hidden="false" closed="true" simplified="false" border="0 1 0.501961" fill="0 0 1" mode="-11"
 points="6.41457 1.75335,
	6.40467 1.74345,
	6.41457 1.73356,
	6.42447 1.74345,
	"/>
<Contour name="d01c03ax01_ssvr" hidden="false" closed="true" simplified="false" border="0 1 0.501961" fill="0 0 1" mode="-11"
 points="6.43012 1.68831,
	6.42023 1.67841,
	6.43012 1.66852,
	6.44002 1.67841,
	"/>
<Contour name="d01c03ax01_ssvr" hidden="false" closed="true" simplified="false" border="0 1 0.501961" fill="0 0 1" mode="-11"
 points="6.44851 1.71376,
	6.43861 1.70386,
	6.44851 1.69397,
	6.4584 1.70386,
	"/>
<Contour name="d01c03ax01_ssvr" hidden="false" closed="true" simplified="false" border="0 1 0.501961" fill="0 0 1" mode="-11"
 points="6.46689 1.65013,
	6.45699 1.64024,
	6.46689 1.63034,
	6.47678 1.64024,
	"/>
<Contour name="d01c03ax01_ssvr" hidden="false" closed="true" simplified="false" border="0 1 0.501961" fill="0 0 1" mode="-11"
 points="6.53334 1.68265,
	6.52344 1.67276,
	6.53334 1.66286,
	6.54324 1.67276,
	"/>
<Contour name="d01c03ax01_ssvr" hidden="false" closed="true" simplified="false" border="0 1 0.501961" fill="0 0 1" mode="-11"
 points="6.48244 1.51864,
	6.47254 1.50874,
	6.48244 1.49884,
	6.49234 1.50874,
	"/>
<Contour name="d01c03ax01_ssvr" hidden="false" closed="true" simplified="false" border="0 1 0.501961" fill="0 0 1" mode="-11"
 points="6.55879 1.50308,
	6.5489 1.49318,
	6.55879 1.48329,
	6.56869 1.49318,
	"/>
<Contour name="d01c03ax01_ssvr" hidden="false" closed="true" simplified="false" border="0 1 0.501961" fill="0 0 1" mode="-11"
 points="6.59273 1.54267,
	6.58283 1.53278,
	6.59273 1.52288,
	6.60263 1.53278,
	"/>
<Contour name="d01c03ax01_ssvr" hidden="false" closed="true" simplified="false" border="0 1 0.501961" fill="0 0 1" mode="-11"
 points="6.75675 1.40552,
	6.74685 1.39562,
	6.75675 1.38572,
	6.76664 1.39562,
	"/>
<Contour name="d01c03ax01_ssvr" hidden="false" closed="true" simplified="false" border="0 1 0.501961" fill="0 0 1" mode="-11"
 points="6.82745 1.49601,
	6.81755 1.48611,
	6.82745 1.47622,
	6.83734 1.48611,
	"/>
<Contour name="PSDd07ax05db" hidden="false" closed="true" simplified="true" border="0 1 0.25098" fill="0 0 1" mode="11"
 points="3.73605 8.1442,
	3.74325 8.12117,
	3.74757 8.11541,
	3.77059 8.09958,
	3.79362 8.08663,
	3.83967 8.06504,
	3.88573 8.03914,
	3.90875 8.02331,
	3.93178 8.01467,
	3.93754 8.01323,
	3.94905 8.01611,
	3.95481 8.01899,
	3.95912 8.02475,
	3.96056 8.02762,
	3.92746 8.07368,
	3.88285 8.11829,
	3.85982 8.13988,
	3.84831 8.15139,
	3.84255 8.15571,
	3.81953 8.16147,
	3.7965 8.16434,
	3.75045 8.16003,
	3.74469 8.16003,
	3.74181 8.16003,
	3.73893 8.15715,
	3.73605 8.14563,
	"/>
<Contour name="PSDd07ax06db" hidden="false" closed="true" simplified="true" border="0 1 0.25098" fill="0 0 1" mode="11"
 points="2.42885 7.29632,
	2.43025 7.28516,
	2.43164 7.27958,
	2.4414 7.26982,
	2.46371 7.26285,
	2.48602 7.25867,
	2.49717 7.25728,
	2.50275 7.25449,
	2.50554 7.20987,
	2.50833 7.18756,
	2.5153 7.16525,
	2.51809 7.14294,
	2.51948 7.13737,
	2.5641 7.09693,
	2.58641 7.08578,
	2.59756 7.0816,
	2.60872 7.0816,
	2.61848 7.09136,
	2.63102 7.11366,
	2.63521 7.13597,
	2.62824 7.15828,
	2.61848 7.18059,
	2.61429 7.19174,
	2.6129 7.19732,
	2.61708 7.21963,
	2.64497 7.26425,
	2.65194 7.28656,
	2.65473 7.29213,
	2.6603 7.33675,
	2.6617 7.34233,
	2.6603 7.3479,
	2.63102 7.39252,
	2.62684 7.3981,
	2.58222 7.39392,
	2.55992 7.39252,
	2.54876 7.39113,
	2.52645 7.38276,
	2.5153 7.37997,
	2.50414 7.3744,
	2.45953 7.33814,
	2.43861 7.31723,
	2.43025 7.30608,
	2.42885 7.3005,
	2.42885 7.29771,
	"/>
<Contour name="d03p02" hidden="false" closed="true" simplified="false" border="0.251 0 0.502" fill="0.251 0 0.502" mode="-13"
 points="3.02301 2.73383,
	3.00244 2.71326,
	3.02301 2.69269,
	3.04358 2.71326,
	"/>
<Contour name="d06p06" hidden="false" closed="true" simplified="false" border="0 0 1" fill="0 0 1" mode="-9"
 points="1.90612 7.1508,
	1.88875 7.13343,
	1.90612 7.11606,
	1.92349 7.13343,
	"/>
<Contour name="d07p07a" hidden="false" closed="true" simplified="false" border="1 0 1" fill="1 0 1" mode="-9"
 points="3.00295 7.75132,
	3.00295 7.7414,
	3.01287 7.73147,
	3.0228 7.73147,
	3.03272 7.7414,
	3.03272 7.75132,
	3.0228 7.76125,
	3.01287 7.76125,
	"/>
<Contour name="d07p07b" hidden="false" closed="true" simplified="false" border="1 0 1" fill="1 0 1" mode="-9"
 points="3.00295 7.75132,
	3.00295 7.7414,
	3.01287 7.73147,
	3.0228 7.73147,
	3.03272 7.7414,
	3.03272 7.75132,
	3.0228 7.76125,
	3.01287 7.76125,
	"/>
<Contour name="d08p05" hidden="false" closed="true" simplified="false" border="1 1 0" fill="1 1 0" mode="-9"
 points="5.48542 4.10432,
	5.48542 4.0703,
	5.4514 4.0703,
	5.4514 4.10007,
	5.44714 4.10432,
	5.44714 4.06605,
	5.48967 4.06605,
	5.48967 4.10857,
	5.44714 4.10857,
	5.4514 4.10432,
	"/>
</Transform>

<Transform dim="1"
 xcoef=" 0.0202539653886711 1 0 0 0 0"
 ycoef=" 0.253174567358389 0 1 0 0 0">
<Contour name="ax01" comment="LK bouton trace named after cfa" hidden="false" closed="true" simplified="true" border="0 1 1" fill="0.502 1 1" mode="9"
 points="5.94442 1.8402,
	5.94888 1.83307,
	5.95111 1.8295,
	5.95155 1.82771,
	5.95245 1.82682,
	5.95379 1.82325,
	5.97074 1.7947,
	5.98992 1.76615,
	5.9984 1.75187,
	6.00063 1.74831,
	6.00732 1.74117,
	6.0091 1.73938,
	6.01089 1.73849,
	6.01223 1.73671,
	6.01312 1.73314,
	6.01401 1.71886,
	6.01267 1.71172,
	6.01044 1.70459,
	6.01 1.70102,
	6.00866 1.69745,
	6.0042 1.6689,
	6.00197 1.65462,
	6.00063 1.64035,
	5.99884 1.63321,
	5.99617 1.62607,
	5.99349 1.6118,
	5.99215 1.60466,
	5.9917 1.59038,
	5.9917 1.58324,
	5.9917 1.57968,
	5.99527 1.5654,
	6.00107 1.55112,
	6.01535 1.52257,
	6.01981 1.51544,
	6.02516 1.5083,
	6.02873 1.50607,
	6.03587 1.49938,
	6.04301 1.4967,
	6.05015 1.49625,
	6.06442 1.49313,
	6.09297 1.4851,
	6.12152 1.47038,
	6.12866 1.46547,
	6.1358 1.46146,
	6.13937 1.46012,
	6.1465 1.45923,
	6.15007 1.45878,
	6.15721 1.46012,
	6.16078 1.46101,
	6.16256 1.4619,
	6.19112 1.46413,
	6.20539 1.4619,
	6.21253 1.45967,
	6.2268 1.46012,
	6.23037 1.46101,
	6.23751 1.46458,
	6.24108 1.46681,
	6.24376 1.47038,
	6.25089 1.47306,
	6.27945 1.47885,
	6.28658 1.47975,
	6.29015 1.48064,
	6.29729 1.48109,
	6.30443 1.48242,
	6.33298 1.48242,
	6.34725 1.48242,
	6.36153 1.48064,
	6.39008 1.47216,
	6.39722 1.46993,
	6.41149 1.46324,
	6.41863 1.45789,
	6.42577 1.4512,
	6.44005 1.44094,
	6.44718 1.43514,
	6.46146 1.42488,
	6.4686 1.41863,
	6.4793 1.40435,
	6.4909 1.39008,
	6.50518 1.37982,
	6.50875 1.37714,
	6.51588 1.37357,
	6.51945 1.37179,
	6.52659 1.36644,
	6.54087 1.35841,
	6.55514 1.35127,
	6.56228 1.3477,
	6.56406 1.34725,
	6.56585 1.34591,
	6.57299 1.34324,
	6.57656 1.3419,
	6.59083 1.34101,
	6.60511 1.33878,
	6.60868 1.33744,
	6.61046 1.33699,
	6.61224 1.33565,
	6.61403 1.33521,
	6.6176 1.33298,
	6.62072 1.32941,
	6.6292 1.31513,
	6.63366 1.30799,
	6.6457 1.29372,
	6.6515 1.28658,
	6.65418 1.28301,
	6.65462 1.28123,
	6.65596 1.27944,
	6.65641 1.27766,
	6.65775 1.27587,
	6.66265 1.2616,
	6.66444 1.25446,
	6.66533 1.22591,
	6.66712 1.21877,
	6.6689 1.2152,
	6.66935 1.21342,
	6.67158 1.20985,
	6.67247 1.20896,
	6.67291 1.20717,
	6.67559 1.20361,
	6.67604 1.20182,
	6.67871 1.19825,
	6.67961 1.19647,
	6.67961 1.19558,
	6.68228 1.19201,
	6.68362 1.19022,
	6.68407 1.18844,
	6.68674 1.18487,
	6.68674 1.18398,
	6.68764 1.18308,
	6.68808 1.1813,
	6.69299 1.17416,
	6.69567 1.17059,
	6.69656 1.16881,
	6.70013 1.16569,
	6.70727 1.16256,
	6.7144 1.16167,
	6.74295 1.16256,
	6.75723 1.16256,
	6.77151 1.1639,
	6.80006 1.16435,
	6.80719 1.16479,
	6.81433 1.16613,
	6.82861 1.16702,
	6.83218 1.16747,
	6.83396 1.16747,
	6.83485 1.16836,
	6.83842 1.16836,
	6.84556 1.17059,
	6.84913 1.17149,
	6.85627 1.17149,
	6.87054 1.17416,
	6.87233 1.17505,
	6.87589 1.17505,
	6.87679 1.17595,
	6.87768 1.17595,
	6.88482 1.17996,
	6.89195 1.18308,
	6.89552 1.18308,
	6.90266 1.18621,
	6.90445 1.18665,
	6.90801 1.18933,
	6.90935 1.19111,
	6.91025 1.19468,
	6.9098 1.20896,
	6.90846 1.2161,
	6.90801 1.22323,
	6.90846 1.2268,
	6.91337 1.23394,
	6.9156 1.23751,
	6.92274 1.24375,
	6.92987 1.24822,
	6.93344 1.25045,
	6.93657 1.25357,
	6.93835 1.25535,
	6.94504 1.26963,
	6.94727 1.27677,
	6.94816 1.2839,
	6.94816 1.29104,
	6.94816 1.29461,
	6.94772 1.2964,
	6.94906 1.29818,
	6.9495 1.30532,
	6.94816 1.31959,
	6.94549 1.32673,
	6.94192 1.33387,
	6.92898 1.34814,
	6.92184 1.35394,
	6.91471 1.35841,
	6.91292 1.3593,
	6.89865 1.37223,
	6.89151 1.37893,
	6.88839 1.3825,
	6.8866 1.38428,
	6.88437 1.38785,
	6.88125 1.39142,
	6.87679 1.39856,
	6.87411 1.40212,
	6.87143 1.40926,
	6.86965 1.4164,
	6.8701 1.44495,
	6.8692 1.4735,
	6.86876 1.48778,
	6.86831 1.49491,
	6.86831 1.49848,
	6.86742 1.50027,
	6.86742 1.50205,
	6.86385 1.50919,
	6.86162 1.51276,
	6.86028 1.51454,
	6.8585 1.52168,
	6.8576 1.52525,
	6.84556 1.53953,
	6.84199 1.54309,
	6.82772 1.55469,
	6.81344 1.56495,
	6.79916 1.57254,
	6.79203 1.57566,
	6.78489 1.57745,
	6.78132 1.57834,
	6.77954 1.57878,
	6.77775 1.58012,
	6.77061 1.58146,
	6.76348 1.58503,
	6.75634 1.58994,
	6.75321 1.59306,
	6.75098 1.59663,
	6.74875 1.60377,
	6.74608 1.61804,
	6.74429 1.62161,
	6.73849 1.62875,
	6.73136 1.63366,
	6.72422 1.63767,
	6.72065 1.6399,
	6.71976 1.6399,
	6.71797 1.64124,
	6.71083 1.64392,
	6.70727 1.6457,
	6.69299 1.64927,
	6.67871 1.65373,
	6.67515 1.65551,
	6.67336 1.65641,
	6.67247 1.65641,
	6.67158 1.6573,
	6.67068 1.6573,
	6.66712 1.65998,
	6.65329 1.67381,
	6.64169 1.68808,
	6.63856 1.69165,
	6.63723 1.69343,
	6.63633 1.69433,
	6.63678 1.7086,
	6.63767 1.71574,
	6.63856 1.71931,
	6.63901 1.72645,
	6.63812 1.73358,
	6.63767 1.73715,
	6.63678 1.73804,
	6.63544 1.74518,
	6.63232 1.75232,
	6.6225 1.7666,
	6.60957 1.78087,
	6.60689 1.78444,
	6.57834 1.80808,
	6.56406 1.82058,
	6.55737 1.82771,
	6.5547 1.83128,
	6.54042 1.84333,
	6.52614 1.8527,
	6.52258 1.85582,
	6.51544 1.86028,
	6.51187 1.86206,
	6.48332 1.88526,
	6.46904 1.8982,
	6.45477 1.91247,
	6.44763 1.91961,
	6.44094 1.92541,
	6.43514 1.93255,
	6.42175 1.94682,
	6.41819 1.95039,
	6.41462 1.95307,
	6.40882 1.96021,
	6.39499 1.97448,
	6.38294 1.98876,
	6.36867 2.00125,
	6.3651 2.00393,
	6.36153 2.00526,
	6.35796 2.0075,
	6.35439 2.00883,
	6.35082 2.01106,
	6.33655 2.01553,
	6.32227 2.01597,
	6.308 2.01553,
	6.30086 2.01508,
	6.28658 2.01106,
	6.25803 1.99768,
	6.25089 1.995,
	6.24733 1.99277,
	6.23305 1.98697,
	6.21877 1.98296,
	6.2045 1.97671,
	6.20093 1.97538,
	6.19915 1.97404,
	6.17059 1.9669,
	6.15632 1.96333,
	6.15275 1.96288,
	6.13847 1.95709,
	6.1242 1.95039,
	6.11706 1.94816,
	6.11349 1.94682,
	6.10992 1.94459,
	6.10903 1.9437,
	6.10546 1.94326,
	6.10412 1.94147,
	6.10234 1.94147,
	6.0952 1.93701,
	6.08806 1.93478,
	6.07379 1.92853,
	6.06665 1.92452,
	6.06308 1.92229,
	6.05594 1.91917,
	6.04167 1.9147,
	6.01312 1.91024,
	6.00598 1.90846,
	5.99884 1.90578,
	5.99527 1.90355,
	5.9917 1.90221,
	5.98992 1.90177,
	5.98278 1.89641,
	5.97698 1.88928,
	5.96717 1.875,
	5.96048 1.86786,
	5.95869 1.86608,
	5.95512 1.86385,
	5.94843 1.85671,
	5.94531 1.84957,
	5.94442 1.84243,
	5.94442 1.84065,
	"/>
</Transform>

<Transform dim="3"
 xcoef=" 0.3054550626581 1.01468006679721 0.0133296629302457 0 0 0"
 ycoef=" -0.207439865496658 0.0424097003503219 1.00519808241641 0 0 0">
<Image mag="0.00217507" contrast="1" brightness="0.1" red="true" green="true" blue="true"
 src="FHLTD.64.jpg" />
<Contour name="domain1" hidden="false" closed="true" simplified="false" border="1 0 1" fill="1 0 1" mode="11"
 points="0 0,
	4096 0,
	4096 4096,
	0 4096,
	"/>
</Transform>

<Transform dim="1"
 xcoef=" 0.0202539653886711 1 0 0 0 0"
 ycoef=" 0.253174567358389 0 1 0 0 0">
<Contour name="d03" hidden="false" closed="true" simplified="true" border="0 1 0" fill="0 1 0" mode="9"
 points="2.67752 3.07758,
	2.67947 3.04636,
	2.68142 3.03075,
	2.69703 2.99952,
	2.72631 2.97025,
	2.73411 2.96244,
	2.79656 2.93512,
	2.82779 2.91366,
	2.8434 2.9039,
	2.87072 2.87267,
	2.88829 2.84145,
	2.91756 2.779,
	2.92146 2.77119,
	2.94683 2.73997,
	2.95073 2.73606,
	2.95659 2.67362,
	2.94488 2.64239,
	2.93903 2.62678,
	2.89219 2.56433,
	2.88048 2.54872,
	2.85901 2.42382,
	2.85901 2.40821,
	2.85706 2.4004,
	2.85706 2.3965,
	2.88243 2.36722,
	2.94488 2.3438,
	2.99757 2.28331,
	3.01904 2.25208,
	3.02684 2.23647,
	3.0288 2.20524,
	3.03465 2.17402,
	3.04441 2.1428,
	3.05026 2.12718,
	3.06588 2.11938,
	3.07368 2.11547,
	3.10491 2.14084,
	3.13028 2.17012,
	3.14199 2.18573,
	3.14979 2.20134,
	3.18297 2.32624,
	3.18882 2.35747,
	3.19273 2.37308,
	3.18102 2.43553,
	3.17907 2.45114,
	3.17711 2.45895,
	3.16345 2.4687,
	3.101 2.49798,
	3.08539 2.50578,
	3.07954 2.51164,
	3.05417 2.57409,
	3.05221 2.57799,
	3.07368 2.64044,
	3.07563 2.64825,
	3.10491 2.67557,
	3.11271 2.68142,
	3.11662 2.68532,
	3.24151 2.71069,
	3.30396 2.72631,
	3.31958 2.73021,
	3.32738 2.73216,
	3.33129 2.73216,
	3.45618 2.83755,
	3.51863 2.88633,
	3.56742 2.94683,
	3.59474 3.00928,
	3.6006 3.02489,
	3.6045 3.0327,
	3.61231 3.09515,
	3.61621 3.12637,
	3.59084 3.1576,
	3.57718 3.17321,
	3.58499 3.23566,
	3.57718 3.29811,
	3.56352 3.32933,
	3.55376 3.34495,
	3.53815 3.3547,
	3.53034 3.36056,
	3.49912 3.36446,
	3.48351 3.36446,
	3.45228 3.35666,
	3.43667 3.3508,
	3.42886 3.34885,
	3.41715 3.33519,
	3.40935 3.31958,
	3.37812 3.29225,
	3.37032 3.28445,
	3.30787 3.28835,
	3.27664 3.2903,
	3.24542 3.29616,
	3.18297 3.31762,
	3.15174 3.32933,
	3.08929 3.33909,
	3.05807 3.33519,
	3.02684 3.32738,
	3.01123 3.32543,
	2.98001 3.32933,
	2.9644 3.33324,
	2.93317 3.33129,
	2.90195 3.32543,
	2.87072 3.31177,
	2.85511 3.30592,
	2.74582 3.18102,
	2.69703 3.11857,
	2.68532 3.10296,
	2.67947 3.09515,
	2.67752 3.07954,
	"/>
<Contour name="d03cfa02ax05" hidden="false" closed="false" simplified="false" border="0 1 1" fill="0 1 1" mode="9"
 points="2.87087 2.37342,
	2.94935 2.33418,
	2.98859 2.29058,
	3.02347 2.2121,
	3.03655 2.1467,
	"/>
<Contour name="d03c02ax05_ssvr" hidden="false" closed="true" simplified="false" border="0 1 0.501961" fill="0 0 1" mode="-11"
 points="2.87619 2.21901,
	2.86896 2.21178,
	2.87619 2.20455,
	2.88342 2.21178,
	"/>
<Contour name="d03c02ax05_ssvr" hidden="false" closed="true" simplified="false" border="0 1 0.501961" fill="0 0 1" mode="-11"
 points="2.8204 2.2841,
	2.81317 2.27687,
	2.8204 2.26964,
	2.82763 2.27687,
	"/>
<Contour name="d03c02ax05_ssvr" hidden="false" closed="true" simplified="false" border="0 1 0.501961" fill="0 0 1" mode="-11"
 points="2.78837 2.08366,
	2.78114 2.07643,
	2.78837 2.0692,
	2.7956 2.07643,
	"/>
<Contour name="d03c02ax05_ssvr" hidden="false" closed="true" simplified="false" border="0 1 0.501961" fill="0 0 1" mode="-11"
 points="2.94025 2.17045,
	2.93302 2.16322,
	2.94025 2.15599,
	2.94748 2.16322,
	"/>
<Contour name="d03c02ax05_ssvda" hidden="false" closed="true" simplified="false" border="1 0 0" fill="0 0 1" mode="-11"
 points="2.99811 2.17252,
	2.99088 2.16529,
	2.99811 2.15805,
	3.00534 2.16529,
	"/>
<Contour name="d03c02ax05_ssvda" hidden="false" closed="true" simplified="false" border="1 0 0" fill="0 0 1" mode="-11"
 points="2.94645 2.26034,
	2.93922 2.25311,
	2.94645 2.24588,
	2.95368 2.25311,
	"/>
<Contour name="d03c02ax05_ssvda" hidden="false" closed="true" simplified="false" border="1 0 0" fill="0 0 1" mode="-11"
 points="2.90925 2.29857,
	2.90202 2.29134,
	2.90925 2.2841,
	2.91649 2.29134,
	"/>
</Transform>

<Transform dim="1"
 xcoef=" 0.0202539653886711 1 0 0 0 0"
 ycoef=" 0.253174567358389 0 1 0 0 0">
<Contour name="ax05" comment="LK bouton trace named after cfa" hidden="false" closed="true" simplified="true" border="0 1 1" fill="0.502 1 1" mode="9"
 points="2.43281 1.94989,
	2.43516 1.94519,
	2.43575 1.94285,
	2.43868 1.93815,
	2.43868 1.93698,
	2.43985 1.93581,
	2.44044 1.93346,
	2.44338 1.92876,
	2.44396 1.92642,
	2.4469 1.92172,
	2.44866 1.91703,
	2.45159 1.91233,
	2.45276 1.90764,
	2.45452 1.90529,
	2.45746 1.8959,
	2.45805 1.89356,
	2.45981 1.89121,
	2.46157 1.88182,
	2.46333 1.87713,
	2.46626 1.87243,
	2.46626 1.87126,
	2.47037 1.86657,
	2.47506 1.86304,
	2.47682 1.8607,
	2.48621 1.85542,
	2.50323 1.83664,
	2.50734 1.83194,
	2.51203 1.82842,
	2.52142 1.81904,
	2.5402 1.80202,
	2.54489 1.79791,
	2.55428 1.7938,
	2.56367 1.79322,
	2.57306 1.79146,
	2.58244 1.78852,
	2.58714 1.78735,
	2.60592 1.78735,
	2.6153 1.78559,
	2.63408 1.77913,
	2.65286 1.77385,
	2.67164 1.77092,
	2.68102 1.76916,
	2.69041 1.76564,
	2.69511 1.7627,
	2.6998 1.76153,
	2.70919 1.7539,
	2.71858 1.74451,
	2.72269 1.73982,
	2.72269 1.73865,
	2.73207 1.72926,
	2.75085 1.71517,
	2.76963 1.70285,
	2.77902 1.69933,
	2.79779 1.6964,
	2.80718 1.69405,
	2.81657 1.69346,
	2.83535 1.69405,
	2.84004 1.69522,
	2.84239 1.69522,
	2.85178 1.69992,
	2.87056 1.71693,
	2.88699 1.73571,
	2.91632 1.77327,
	2.95329 1.81082,
	2.96855 1.8296,
	2.9797 1.84837,
	2.98498 1.85776,
	2.98615 1.86246,
	3.00141 1.88123,
	3.00786 1.89062,
	3.02781 1.92818,
	3.03192 1.93757,
	3.03486 1.94695,
	3.03662 1.95634,
	3.04894 1.9939,
	3.05187 2.01267,
	3.05129 2.03145,
	3.05129 2.04084,
	3.0507 2.04319,
	3.05011 2.04436,
	3.05246 2.04906,
	3.05363 2.06783,
	3.05246 2.07722,
	3.05187 2.08192,
	3.03955 2.11947,
	3.02547 2.15702,
	3.02195 2.16641,
	3.00141 2.20397,
	2.99026 2.22274,
	2.97794 2.24152,
	2.9709 2.25091,
	2.95975 2.26969,
	2.92865 2.30724,
	2.91222 2.32602,
	2.90342 2.33541,
	2.88757 2.35418,
	2.88464 2.35888,
	2.86586 2.37707,
	2.86117 2.38118,
	2.85178 2.38587,
	2.84708 2.38763,
	2.82831 2.38822,
	2.80953 2.38528,
	2.79075 2.3847,
	2.78136 2.38176,
	2.76259 2.37355,
	2.75789 2.3712,
	2.7485 2.36299,
	2.74029 2.3536,
	2.73677 2.3489,
	2.73559 2.34656,
	2.72621 2.33717,
	2.71682 2.32954,
	2.71212 2.32543,
	2.71095 2.32426,
	2.69217 2.31839,
	2.6734 2.30959,
	2.66401 2.30313,
	2.65931 2.3002,
	2.65697 2.29844,
	2.65462 2.29785,
	2.64523 2.29257,
	2.63584 2.28905,
	2.62645 2.28436,
	2.62293 2.28084,
	2.60415 2.27203,
	2.58538 2.26089,
	2.57599 2.25502,
	2.57129 2.25208,
	2.56191 2.24387,
	2.5443 2.22509,
	2.5402 2.2204,
	2.53726 2.2157,
	2.52787 2.20631,
	2.5091 2.19693,
	2.49032 2.19047,
	2.48093 2.18754,
	2.47154 2.18284,
	2.46215 2.17639,
	2.45746 2.17169,
	2.45042 2.16231,
	2.44162 2.14353,
	2.43516 2.12475,
	2.43457 2.11536,
	2.43457 2.11067,
	2.4422 2.09189,
	2.45159 2.07311,
	2.45981 2.05434,
	2.46098 2.04964,
	2.46098 2.04025,
	2.45805 2.03087,
	2.4557 2.02617,
	2.45394 2.01678,
	2.45218 2.01209,
	2.44924 1.99331,
	2.44044 1.97453,
	2.43575 1.96515,
	2.43399 1.96045,
	2.43281 1.95106,
	2.43281 1.95048,
	"/>
</Transform>

<Transform dim="1"
 xcoef=" 0.0202539653886711 1 0 0 0 0"
 ycoef=" 0.253174567358389 0 1 0 0 0">
<Contour name="ax06" comment="LK bouton trace named after cfa" hidden="false" closed="true" simplified="true" border="0 1 1" fill="0.502 1 1" mode="9"
 points="4.19736 2.86161,
	4.20143 2.85348,
	4.21668 2.83721,
	4.24921 2.8118,
	4.26242 2.79553,
	4.26852 2.7874,
	4.27564 2.75487,
	4.28072 2.72234,
	4.28174 2.71421,
	4.28885 2.69794,
	4.29292 2.68981,
	4.3041 2.67355,
	4.30715 2.64102,
	4.30817 2.62475,
	4.30919 2.61662,
	4.31529 2.60035,
	4.31935 2.59222,
	4.3224 2.58815,
	4.3224 2.58612,
	4.32443 2.58409,
	4.32443 2.58206,
	4.32647 2.58002,
	4.32647 2.57799,
	4.33867 2.56172,
	4.35493 2.54546,
	4.36611 2.52919,
	4.38034 2.49666,
	4.38543 2.4804,
	4.38848 2.47227,
	4.39356 2.46413,
	4.39559 2.46007,
	4.42812 2.42754,
	4.43626 2.41941,
	4.4576 2.38688,
	4.46777 2.37061,
	4.47285 2.36248,
	4.47488 2.35841,
	4.49115 2.34316,
	4.50741 2.33097,
	4.51758 2.3147,
	4.53385 2.29844,
	4.55011 2.28827,
	4.56637 2.28115,
	4.58264 2.27099,
	4.59077 2.26489,
	4.59789 2.25676,
	4.60704 2.24049,
	4.61212 2.23236,
	4.62534 2.21609,
	4.6294 2.21203,
	4.64567 2.2039,
	4.6538 2.19983,
	4.65786 2.19983,
	4.66193 2.1978,
	4.666 2.18153,
	4.67515 2.16527,
	4.6782 2.1612,
	4.68633 2.15713,
	4.69039 2.15408,
	4.70666 2.149,
	4.73919 2.14697,
	4.74732 2.14392,
	4.75139 2.14189,
	4.76765 2.14087,
	4.77579 2.13985,
	4.79205 2.13172,
	4.80018 2.1307,
	4.80832 2.13274,
	4.81645 2.13782,
	4.82356 2.14595,
	4.8256 2.14799,
	4.82458 2.16425,
	4.8195 2.18052,
	4.81441 2.18865,
	4.81238 2.19271,
	4.79815 2.20898,
	4.77579 2.24151,
	4.7585 2.27404,
	4.74936 2.2903,
	4.73512 2.30657,
	4.72902 2.3147,
	4.72089 2.32283,
	4.70463 2.333,
	4.69649 2.33706,
	4.66396 2.34011,
	4.65583 2.34418,
	4.63652 2.37671,
	4.62838 2.38383,
	4.62025 2.38891,
	4.61212 2.39196,
	4.60399 2.39704,
	4.59992 2.39907,
	4.59281 2.40721,
	4.58366 2.42347,
	4.57857 2.43974,
	4.57146 2.47227,
	4.56637 2.5048,
	4.55926 2.52106,
	4.55824 2.55359,
	4.55824 2.56172,
	4.55418 2.57799,
	4.55113 2.58612,
	4.53994 2.60239,
	4.53486 2.61052,
	4.53181 2.62678,
	4.52978 2.63492,
	4.51351 2.66745,
	4.50843 2.67558,
	4.49217 2.69184,
	4.4759 2.70506,
	4.44337 2.72234,
	4.42711 2.73352,
	4.41389 2.74979,
	4.38238 2.81485,
	4.36713 2.84738,
	4.35798 2.86364,
	4.34172 2.87889,
	4.30919 2.8982,
	4.29292 2.90329,
	4.27666 2.90634,
	4.26852 2.90735,
	4.23599 2.90024,
	4.22786 2.89719,
	4.2238 2.89617,
	4.20753 2.88397,
	4.20346 2.87991,
	4.19736 2.86364,
	4.19736 2.86263,
	"/>
</Transform>

<Transform dim="1"
 xcoef=" 0.0202539653886711 1 0 0 0 0"
 ycoef=" 0.253174567358389 0 1 0 0 0">
<Contour name="ax25" comment="LK bouton trace named after cfa" hidden="false" closed="true" simplified="true" border="0 1 1" fill="0.502 1 1" mode="9"
 points="4.76038 4.75744,
	4.76332 4.75156,
	4.7714 4.74055,
	4.78094 4.73026,
	4.78682 4.72439,
	4.78829 4.72292,
	4.78976 4.72292,
	4.79564 4.71925,
	4.80078 4.71704,
	4.81253 4.71484,
	4.82428 4.71484,
	4.83016 4.71557,
	4.83603 4.71925,
	4.83897 4.72071,
	4.84044 4.72218,
	4.84338 4.72292,
	4.84632 4.72512,
	4.84925 4.72586,
	4.85219 4.72806,
	4.86394 4.73173,
	4.86688 4.7332,
	4.87864 4.73467,
	4.88451 4.73687,
	4.89626 4.73908,
	4.90214 4.74055,
	4.91389 4.74128,
	4.91683 4.74275,
	4.92858 4.74348,
	4.93446 4.74422,
	4.9374 4.74422,
	4.94915 4.74863,
	4.96017 4.75524,
	4.96604 4.75964,
	4.97118 4.76552,
	4.97486 4.76993,
	4.98147 4.78168,
	4.98294 4.78462,
	4.98294 4.78609,
	4.9844 4.78756,
	4.98734 4.79931,
	4.98661 4.81106,
	4.98587 4.81694,
	4.97926 4.82869,
	4.97559 4.83456,
	4.96531 4.84411,
	4.9418 4.85513,
	4.94033 4.85513,
	4.93887 4.8566,
	4.92711 4.86101,
	4.90434 4.87349,
	4.89847 4.87717,
	4.88671 4.88157,
	4.86321 4.88598,
	4.83971 4.88671,
	4.83383 4.88671,
	4.82208 4.88451,
	4.8162 4.88231,
	4.81033 4.87864,
	4.80518 4.87349,
	4.80298 4.87056,
	4.80225 4.86762,
	4.80078 4.86615,
	4.79857 4.84264,
	4.79784 4.84044,
	4.7949 4.83897,
	4.78976 4.8331,
	4.78535 4.82869,
	4.78241 4.82575,
	4.77948 4.81987,
	4.77507 4.814,
	4.76919 4.80225,
	4.76699 4.79637,
	4.76552 4.79343,
	4.76552 4.79196,
	4.76405 4.79049,
	4.76111 4.77874,
	4.76038 4.76699,
	4.76038 4.76111,
	4.76038 4.75817,
	"/>
</Transform>

<Transform dim="1"
 xcoef=" 0.0202539653886711 1 0 0 0 0"
 ycoef=" 0.253174567358389 0 1 0 0 0">
<Contour name="d09cfa01ax28" hidden="false" closed="false" simplified="false" border="0 1 1" fill="0 1 1" mode="-13"
 points="5.92272 2.96831,
	5.91823 2.90316,
	5.86656 2.83576,
	5.83286 2.78858,
	"/>
</Transform>

<Transform dim="1"
 xcoef=" 0.0202539653886711 1 0 0 0 0"
 ycoef=" 0.253174567358389 0 1 0 0 0">
<Contour name="ax28" comment="LK bouton trace named after cfa" hidden="false" closed="true" simplified="true" border="0 1 1" fill="0.502 1 1" mode="9"
 points="5.43137 3.02891,
	5.43465 3.02235,
	5.4445 3.00922,
	5.45024 3.00266,
	5.46337 2.99158,
	5.46993 2.98584,
	5.47649 2.98173,
	5.48224 2.97517,
	5.48716 2.96861,
	5.49414 2.95548,
	5.4966 2.94891,
	5.49988 2.92266,
	5.5007 2.91609,
	5.5007 2.91281,
	5.5126 2.88655,
	5.51629 2.87999,
	5.5208 2.87343,
	5.52696 2.86686,
	5.53024 2.8644,
	5.54337 2.85784,
	5.55649 2.85045,
	5.56962 2.84184,
	5.58029 2.82871,
	5.59014 2.81558,
	5.59752 2.80245,
	5.60655 2.78932,
	5.61475 2.7762,
	5.61885 2.76963,
	5.62378 2.76307,
	5.63157 2.74994,
	5.63608 2.74338,
	5.6488 2.73025,
	5.65208 2.72738,
	5.65537 2.72532,
	5.66193 2.72286,
	5.67506 2.72122,
	5.68162 2.71999,
	5.69475 2.71425,
	5.70131 2.71138,
	5.7046 2.70932,
	5.71116 2.70645,
	5.71772 2.70522,
	5.73085 2.70686,
	5.74398 2.7163,
	5.7567 2.72943,
	5.76983 2.74132,
	5.77639 2.74666,
	5.78296 2.75281,
	5.79321 2.76594,
	5.80265 2.77907,
	5.80798 2.78563,
	5.82029 2.79876,
	5.82685 2.80532,
	5.8367 2.81845,
	5.84121 2.82502,
	5.84367 2.8283,
	5.84449 2.82994,
	5.85639 2.84307,
	5.86911 2.85579,
	5.87485 2.86235,
	5.88265 2.87548,
	5.89454 2.90173,
	5.9007 2.91486,
	5.90562 2.92799,
	5.90931 2.94112,
	5.91219 2.95425,
	5.91301 2.96081,
	5.91342 2.96409,
	5.91054 2.99035,
	5.90931 2.99691,
	5.9089 3.01004,
	5.90767 3.01661,
	5.91013 3.02973,
	5.91137 3.03302,
	5.91383 3.05927,
	5.91383 3.0724,
	5.9126 3.08553,
	5.9089 3.11178,
	5.90726 3.12491,
	5.90316 3.13804,
	5.90234 3.13968,
	5.89167 3.15281,
	5.87978 3.16594,
	5.87649 3.16922,
	5.86665 3.18235,
	5.86213 3.18891,
	5.85844 3.19548,
	5.85557 3.20204,
	5.84942 3.2283,
	5.84778 3.25455,
	5.84737 3.26112,
	5.84449 3.27425,
	5.8408 3.28737,
	5.83383 3.3005,
	5.82808 3.31363,
	5.82357 3.32676,
	5.81906 3.33332,
	5.81701 3.3366,
	5.80388 3.34973,
	5.79731 3.35507,
	5.79075 3.35958,
	5.77762 3.36655,
	5.77106 3.36984,
	5.76778 3.37189,
	5.75465 3.37271,
	5.74152 3.3723,
	5.73496 3.37148,
	5.72839 3.36942,
	5.72183 3.36614,
	5.71526 3.36409,
	5.71198 3.36327,
	5.69885 3.36655,
	5.69229 3.3686,
	5.68573 3.3723,
	5.6726 3.38132,
	5.66603 3.38707,
	5.65988 3.39363,
	5.65455 3.40019,
	5.64798 3.40635,
	5.64142 3.41168,
	5.63485 3.41496,
	5.63157 3.41619,
	5.62993 3.41701,
	5.6168 3.41783,
	5.60367 3.41742,
	5.59711 3.41701,
	5.59383 3.41619,
	5.58726 3.41291,
	5.57414 3.39978,
	5.56101 3.38871,
	5.55773 3.38625,
	5.5446 3.38009,
	5.53803 3.37599,
	5.53147 3.36984,
	5.52614 3.36327,
	5.52367 3.35999,
	5.51752 3.34686,
	5.50973 3.33373,
	5.50562 3.32717,
	5.50357 3.32389,
	5.5007 3.31732,
	5.49947 3.31404,
	5.49865 3.3124,
	5.49742 3.29927,
	5.49742 3.29271,
	5.49701 3.28943,
	5.49906 3.2763,
	5.49947 3.27301,
	5.50152 3.26645,
	5.50275 3.24019,
	5.50234 3.22707,
	5.50152 3.22378,
	5.49824 3.21722,
	5.49537 3.21394,
	5.49414 3.2123,
	5.49249 3.21148,
	5.47978 3.19835,
	5.47362 3.19178,
	5.46829 3.18522,
	5.46788 3.18358,
	5.46583 3.1803,
	5.46501 3.17948,
	5.4646 3.17784,
	5.46049 3.17127,
	5.45844 3.16799,
	5.45598 3.16143,
	5.45475 3.15486,
	5.45434 3.1483,
	5.45393 3.14502,
	5.45434 3.14173,
	5.45475 3.14091,
	5.45434 3.13435,
	5.45557 3.12778,
	5.4568 3.1245,
	5.45762 3.12286,
	5.45885 3.1163,
	5.46008 3.11302,
	5.46214 3.09989,
	5.46255 3.09332,
	5.46214 3.08676,
	5.46091 3.0802,
	5.46049 3.07691,
	5.45762 3.07035,
	5.45393 3.06378,
	5.44367 3.05066,
	5.43752 3.04409,
	5.43547 3.04081,
	5.43383 3.03917,
	5.43219 3.03589,
	5.43137 3.03261,
	5.43137 3.02932,
	"/>
</Transform>

<Transform dim="1"
 xcoef=" 0.0202539653886711 1 0 0 0 0"
 ycoef=" 0.253174567358389 0 1 0 0 0">
<Contour name="d01c03ax01" hidden="false" closed="true" simplified="true" border="0 1 0" fill="0 1 0" mode="9"
 points="6.31852 1.9716,
	6.47278 1.84627,
	6.54991 1.7836,
	6.58847 1.75227,
	6.59811 1.74383,
	6.60173 1.74142,
	6.63427 1.81855,
	6.64993 1.85711,
	6.65114 1.86193,
	6.65234 1.86434,
	6.49809 1.98727,
	6.42096 2.04873,
	6.40168 2.0644,
	6.33298 1.98727,
	6.32334 1.97763,
	6.31973 1.97281,
	"/>
</Transform>

<Transform dim="1"
 xcoef=" 0.0202539653886711 1 0 0 0 0"
 ycoef=" 0.253174567358389 0 1 0 0 0">
<Contour name="d03c02ax05" hidden="false" closed="true" simplified="true" border="0 1 0" fill="0 1 0" mode="9"
 points="2.83336 2.332,
	2.94441 2.19127,
	2.99938 2.1209,
	3.00708 2.1121,
	3.06425 2.18247,
	3.09284 2.21765,
	3.09394 2.21985,
	3.03127 2.36059,
	3.02247 2.37818,
	2.95211 2.40127,
	2.91692 2.41336,
	2.90813 2.41666,
	2.90373 2.41776,
	2.84546 2.34739,
	2.83886 2.3386,
	2.83556 2.3342,
	2.83446 2.3331,
	"/>
</Transform>

<Transform dim="1"
 xcoef=" 0.0102539653886711 1 0 0 0 0"
 ycoef=" 0.273174567358389 0 1 0 0 0">
<Contour name="d01c03ax01_ssvr" hidden="false" closed="true" simplified="false" border="0 1 0.501961" fill="0 0 1" mode="-11"
 points="6.76382 1.38007,
	6.75392 1.37017,
	6.76382 1.36027,
	6.77371 1.37017,
	"/>
</Transform>

<Transform dim="1"
 xcoef=" 0.0202539653886711 1 0 0 0 0"
 ycoef=" 0.273174567358389 0 1 0 0 0">
<Contour name="d01c03ax01_ssvr" hidden="false" closed="true" simplified="false" border="0 1 0.501961" fill="0 0 1" mode="-11"
 points="6.7214 1.38431,
	6.7115 1.37441,
	6.7214 1.36451,
	6.7313 1.37441,
	"/>
</Transform>

<Transform dim="1"
 xcoef=" 0.0202539653886711 1 0 0 0 0"
 ycoef=" 0.253174567358389 0 1 0 0 0">
<Contour name="d01c03ax01_ssvr" hidden="false" closed="true" simplified="false" border="0 1 0.501961" fill="0 0 1" mode="-11"
 points="6.71433 1.40693,
	6.70443 1.39704,
	6.71433 1.38714,
	6.72423 1.39704,
	"/>
</Transform>

<Transform dim="1"
 xcoef=" 0.0102539653886711 1 0 0 0 0"
 ycoef=" 0.243174567358389 0 1 0 0 0">
<Contour name="d01c03ax01_ssvr" hidden="false" closed="true" simplified="false" border="0 1 0.501961" fill="0 0 1" mode="-11"
 points="6.69453 1.43097,
	6.68464 1.42107,
	6.69453 1.41118,
	6.70443 1.42107,
	"/>
</Transform>

<Transform dim="1"
 xcoef=" 0.0302539653886711 1 0 0 0 0"
 ycoef=" 0.243174567358389 0 1 0 0 0">
<Contour name="d01c03ax01_ssvr" hidden="false" closed="true" simplified="false" border="0 1 0.501961" fill="0 0 1" mode="-11"
 points="6.57011 1.44511,
	6.56021 1.43521,
	6.57011 1.42531,
	6.58 1.43521,
	"/>
</Transform>

<Transform dim="1"
 xcoef=" 0.0102539653886711 1 0 0 0 0"
 ycoef=" 0.263174567358389 0 1 0 0 0">
<Contour name="d01c03ax01_ssvr" hidden="false" closed="true" simplified="false" border="0 1 0.501961" fill="0 0 1" mode="-11"
 points="6.58849 1.43238,
	6.57859 1.42249,
	6.58849 1.41259,
	6.59838 1.42249,
	"/>
</Transform>

<Transform dim="1"
 xcoef=" 0.0302539653886711 1 0 0 0 0"
 ycoef=" 0.253174567358389 0 1 0 0 0">
<Contour name="d01c03ax01_ssvr" hidden="false" closed="true" simplified="false" border="0 1 0.501961" fill="0 0 1" mode="-11"
 points="6.55031 1.54267,
	6.54041 1.53278,
	6.55031 1.52288,
	6.56021 1.53278,
	"/>
</Transform>

<Transform dim="1"
 xcoef=" 0.0302539653886711 1 0 0 0 0"
 ycoef=" 0.253174567358389 0 1 0 0 0">
<Contour name="d01c03ax01_ssvr" hidden="false" closed="true" simplified="false" border="0 1 0.501961" fill="0 0 1" mode="-11"
 points="6.51213 1.55116,
	6.50224 1.54126,
	6.51213 1.53136,
	6.52203 1.54126,
	"/>
</Transform>

<Transform dim="1"
 xcoef=" 0.0102539653886711 1 0 0 0 0"
 ycoef=" 0.243174567358389 0 1 0 0 0">
<Contour name="d01c03ax01_ssvr" hidden="false" closed="true" simplified="false" border="0 1 0.501961" fill="0 0 1" mode="-11"
 points="6.14733 1.4946,
	6.13743 1.4847,
	6.14733 1.4748,
	6.15723 1.4847,
	"/>
</Transform>

<Transform dim="1"
 xcoef=" 0.0202539653886711 1 0 0 0 0"
 ycoef=" 0.263174567358389 0 1 0 0 0">
<Contour name="d01c03ax01_ssvr" hidden="false" closed="true" simplified="false" border="0 1 0.501961" fill="0 0 1" mode="-11"
 points="6.10916 1.73921,
	6.09926 1.72932,
	6.10916 1.71942,
	6.11905 1.72932,
	"/>
</Transform>

<Transform dim="1"
 xcoef=" 0.0102539653886711 1 0 0 0 0"
 ycoef=" 0.253174567358389 0 1 0 0 0">
<Contour name="d01c03ax01_ssvr" hidden="false" closed="true" simplified="false" border="0 1 0.501961" fill="0 0 1" mode="-11"
 points="6.22227 1.72932,
	6.21237 1.71942,
	6.22227 1.70952,
	6.23217 1.71942,
	"/>
</Transform>

<Transform dim="1"
 xcoef=" 0.0302539653886711 1 0 0 0 0"
 ycoef=" 0.273174567358389 0 1 0 0 0">
<Contour name="d01c03ax01_ssvr" hidden="false" closed="true" simplified="false" border="0 1 0.501961" fill="0 0 1" mode="-11"
 points="6.26045 1.8594,
	6.25055 1.8495,
	6.26045 1.8396,
	6.27035 1.8495,
	"/>
</Transform>

<Transform dim="1"
 xcoef=" 0.0102539653886711 1 0 0 0 0"
 ycoef=" 0.253174567358389 0 1 0 0 0">
<Contour name="d01c03ax01_ssvr" hidden="false" closed="true" simplified="false" border="0 1 0.501961" fill="0 0 1" mode="-11"
 points="6.33963 1.88061,
	6.32973 1.87071,
	6.33963 1.86081,
	6.34953 1.87071,
	"/>
</Transform>

<Transform dim="1"
 xcoef=" 0.0102539653886711 1 0 0 0 0"
 ycoef=" 0.253174567358389 0 1 0 0 0">
<Contour name="d01c03ax01_ssvr" hidden="false" closed="true" simplified="false" border="0 1 0.501961" fill="0 0 1" mode="-11"
 points="6.46547 1.80284,
	6.45557 1.79294,
	6.46547 1.78305,
	6.47537 1.79294,
	"/>
</Transform>

<Transform dim="1"
 xcoef=" 0.000253965388671142 1 0 0 0 0"
 ycoef=" 0.253174567358389 0 1 0 0 0">
<Contour name="d01c03ax01_ssvr" hidden="false" closed="true" simplified="false" border="0 1 0.501961" fill="0 0 1" mode="-11"
 points="6.49092 1.76466,
	6.48103 1.75477,
	6.49092 1.74487,
	6.50082 1.75477,
	"/>
</Transform>

<Transform dim="1"
 xcoef=" 0.0202539653886711 1 0 0 0 0"
 ycoef=" 0.253174567358389 0 1 0 0 0">
<Contour name="d01c03ax01_ssvr" hidden="false" closed="true" simplified="false" border="0 1 0.25098" fill="0 1 0.25098" mode="11"
 points="6.26955 1.73689,
	6.26073 1.72806,
	6.26955 1.71924,
	6.27838 1.72806,
	"/>
<Contour name="d01c03ax01_ssvr" hidden="false" closed="true" simplified="false" border="0 1 0.25098" fill="0 1 0.25098" mode="11"
 points="6.35909 1.77598,
	6.35026 1.76716,
	6.35909 1.75833,
	6.36791 1.76716,
	"/>
<Contour name="d01c03ax01_ssvr" hidden="false" closed="true" simplified="false" border="0 1 0.25098" fill="0 1 0.25098" mode="11"
 points="6.35404 1.54522,
	6.34521 1.53639,
	6.35404 1.52756,
	6.36287 1.53639,
	"/>
<Contour name="d01c03ax01_ssvr" hidden="false" closed="true" simplified="false" border="0 1 0.25098" fill="0 1 0.25098" mode="11"
 points="6.56211 1.63853,
	6.55328 1.6297,
	6.56211 1.62088,
	6.57094 1.6297,
	"/>
<Contour name="d01c03ax01_ssvr" hidden="false" closed="true" simplified="false" border="0 1 0.25098" fill="0 1 0.25098" mode="11"
 points="6.58733 1.66123,
	6.5785 1.6524,
	6.58733 1.64358,
	6.59616 1.6524,
	"/>
<Contour name="d01c03ax01_ssvr" hidden="false" closed="true" simplified="false" border="0 1 0.25098" fill="0 1 0.25098" mode="11"
 points="6.65921 1.49856,
	6.65038 1.48973,
	6.65921 1.4809,
	6.66804 1.48973,
	"/>
<Contour name="d01c03ax01_ssvr" hidden="false" closed="true" simplified="false" border="0 1 0.25098" fill="0 1 0.25098" mode="11"
 points="6.67056 1.5717,
	6.66173 1.56287,
	6.67056 1.55404,
	6.67939 1.56287,
	"/>
<Contour name="d01c03ax01_ssvr" hidden="false" closed="true" simplified="false" border="0 1 0.25098" fill="0 1 0.25098" mode="11"
 points="6.6693 1.44055,
	6.66047 1.43172,
	6.6693 1.4229,
	6.67813 1.43172,
	"/>
<Contour name="d01c03ax01_ssvr" hidden="false" closed="true" simplified="false" border="0 1 0.25098" fill="0 1 0.25098" mode="11"
 points="6.72604 1.51243,
	6.71722 1.5036,
	6.72604 1.49477,
	6.73487 1.5036,
	"/>
<Contour name="d01c03ax01_ssvr" hidden="false" closed="true" simplified="false" border="0 1 0.25098" fill="0 1 0.25098" mode="11"
 points="6.20272 1.69402,
	6.19389 1.68519,
	6.20272 1.67636,
	6.21155 1.68519,
	"/>
</Transform>

<Transform dim="1"
 xcoef=" 0.0202539653886711 1 0 0 0 0"
 ycoef=" 0.253174567358389 0 1 0 0 0">
<Contour name="d01c03ax01_ssvr" hidden="false" closed="true" simplified="false" border="0 1 0.25098" fill="0 1 0.25098" mode="11"
 points="6.2292 1.65871,
	6.22037 1.64988,
	6.2292 1.64105,
	6.23803 1.64988,
	"/>
</Transform>

<Transform dim="1"
 xcoef=" 0.0202539653886711 1 0 0 0 0"
 ycoef=" 0.253174567358389 0 1 0 0 0">
<Contour name="d01c03ax01_ssvr" hidden="false" closed="true" simplified="false" border="0 1 0.25098" fill="0 1 0.25098" mode="11"
 points="6.10436 1.62718,
	6.09553 1.61836,
	6.10436 1.60953,
	6.11318 1.61836,
	"/>
</Transform>

<Transform dim="1"
 xcoef=" 0.0202539653886711 1 0 0 0 0"
 ycoef=" 0.253174567358389 0 1 0 0 0">
<Contour name="d01c03ax01_ssvr" hidden="false" closed="true" simplified="false" border="0 1 0.25098" fill="0 1 0.25098" mode="11"
 points="6.11823 1.58809,
	6.1094 1.57926,
	6.11823 1.57044,
	6.12706 1.57926,
	"/>
<Contour name="d01c03ax01_ssvr" hidden="false" closed="true" simplified="false" border="0 1 0.25098" fill="0 1 0.25098" mode="11"
 points="6.16867 1.55278,
	6.15984 1.54395,
	6.16867 1.53513,
	6.1775 1.54395,
	"/>
</Transform>

<Transform dim="1"
 xcoef=" 0.0202539653886711 1 0 0 0 0"
 ycoef=" 0.253174567358389 0 1 0 0 0">
<Contour name="d01c03ax01_ssvr" hidden="false" closed="true" simplified="false" border="0 1 0.501961" fill="0 0 1" mode="-11"
 points="6.25197 1.57519,
	6.24207 1.5653,
	6.25197 1.5554,
	6.26186 1.5653,
	"/>
</Transform>

<Transform dim="1"
 xcoef=" 0.0302539653886711 1 0 0 0 0"
 ycoef=" 0.243174567358389 0 1 0 0 0">
<Contour name="d01c03ax01_ssvr" hidden="false" closed="true" simplified="false" border="0 1 0.501961" fill="0 0 1" mode="-11"
 points="6.34953 1.71235,
	6.33963 1.70245,
	6.34953 1.69255,
	6.35943 1.70245,
	"/>
</Transform>

<Transform dim="1"
 xcoef=" 0.0302539653886711 1 0 0 0 0"
 ycoef=" 0.243174567358389 0 1 0 0 0">
<Contour name="d01c03ax01_ssvr" hidden="false" closed="true" simplified="false" border="0 1 0.501961" fill="0 0 1" mode="-11"
 points="6.50789 1.59782,
	6.49799 1.58792,
	6.50789 1.57802,
	6.51779 1.58792,
	"/>
</Transform>

<Transform dim="1"
 xcoef=" 0.0202539653886711 1 0 0 0 0"
 ycoef=" 0.253174567358389 0 1 0 0 0">
<Contour name="d01c03ax01_ssvr" hidden="false" closed="true" simplified="false" border="0 1 0.25098" fill="0 1 0.25098" mode="11"
 points="6.58229 1.7205,
	6.57346 1.71167,
	6.58229 1.70284,
	6.59111 1.71167,
	"/>
</Transform>

<Transform dim="1"
 xcoef=" 0.0202539653886711 1 0 0 0 0"
 ycoef=" 0.253174567358389 0 1 0 0 0">
<Contour name="d03c02ax05_ssvr" hidden="false" closed="true" simplified="false" border="0 1 0.251" fill="0 1 0.251" mode="11"
 points="2.81869 2.035,
	2.81101 2.02732,
	2.81869 2.01963,
	2.82638 2.02732,
	"/>
<Contour name="d03c02ax05_ssvr" hidden="false" closed="true" simplified="false" border="0 1 0.251" fill="0 1 0.251" mode="11"
 points="2.8637 2.04708,
	2.85602 2.0394,
	2.8637 2.03171,
	2.87139 2.0394,
	"/>
<Contour name="d03c02ax05_ssvr" hidden="false" closed="true" simplified="false" border="0 1 0.251" fill="0 1 0.251" mode="11"
 points="2.90323 2.06355,
	2.89554 2.05586,
	2.90323 2.04818,
	2.91091 2.05586,
	"/>
<Contour name="d03c02ax05_ssvr" hidden="false" closed="true" simplified="false" border="0 1 0.251" fill="0 1 0.251" mode="11"
 points="2.86151 2.00536,
	2.85382 1.99768,
	2.86151 1.98999,
	2.86919 1.99768,
	"/>
<Contour name="d03c02ax05_ssvr" hidden="false" closed="true" simplified="false" border="0 1 0.251" fill="0 1 0.251" mode="11"
 points="2.81869 1.99109,
	2.81101 1.9834,
	2.81869 1.97572,
	2.82638 1.9834,
	"/>
<Contour name="d03c02ax05_ssvr" hidden="false" closed="true" simplified="false" border="0 1 0.251" fill="0 1 0.251" mode="11"
 points="2.9164 2.00097,
	2.90872 1.99329,
	2.9164 1.9856,
	2.92409 1.99329,
	"/>
<Contour name="d03c02ax05_ssvr" hidden="false" closed="true" simplified="false" border="0 1 0.251" fill="0 1 0.251" mode="11"
 points="2.96581 2.01415,
	2.95812 2.00646,
	2.96581 1.99877,
	2.97349 2.00646,
	"/>
</Transform>

<Transform dim="1"
 xcoef=" 0.0202539653886711 1 0 0 0 0"
 ycoef=" 0.243174567358389 0 1 0 0 0">
<Contour name="d03c02ax05_ssvr" hidden="false" closed="true" simplified="false" border="0 1 0.501961" fill="0 0 1" mode="-11"
 points="2.86999 2.09193,
	2.86276 2.0847,
	2.86999 2.07746,
	2.87722 2.0847,
	"/>
</Transform>

<Transform dim="1"
 xcoef=" 0.0202539653886711 1 0 0 0 0"
 ycoef=" 0.253174567358389 0 1 0 0 0">
<Contour name="d03c02ax05_ssvr" hidden="false" closed="true" simplified="false" border="0 1 0.251" fill="0 1 0.251" mode="11"
 points="2.83516 2.192,
	2.82747 2.18432,
	2.83516 2.17663,
	2.84284 2.18432,
	"/>
</Transform>

<Transform dim="1"
 xcoef=" 0.0202539653886711 1 0 0 0 0"
 ycoef=" 0.253174567358389 0 1 0 0 0">
<Contour name="d09c01ax28_ssvr" hidden="false" closed="true" simplified="false" border="0 1 0.251" fill="0 1 0.251" mode="11"
 points="5.68788 2.95556,
	5.67926 2.94694,
	5.68788 2.93832,
	5.6965 2.94694,
	"/>
<Contour name="d09c01ax28_ssvr" hidden="false" closed="true" simplified="false" border="0 1 0.251" fill="0 1 0.251" mode="11"
 points="5.7519 2.94202,
	5.74328 2.9334,
	5.7519 2.92478,
	5.76052 2.9334,
	"/>
<Contour name="d09c01ax28_ssvr" hidden="false" closed="true" simplified="false" border="0 1 0.251" fill="0 1 0.251" mode="11"
 points="5.73466 2.97403,
	5.72605 2.96541,
	5.73466 2.95679,
	5.74328 2.96541,
	"/>
<Contour name="d09c01ax28_ssvr" hidden="false" closed="true" simplified="false" border="0 1 0.251" fill="0 1 0.251" mode="11"
 points="5.78145 2.99988,
	5.77283 2.99127,
	5.78145 2.98265,
	5.79007 2.99127,
	"/>
<Contour name="d09c01ax28_ssvr" hidden="false" closed="true" simplified="false" border="0 1 0.251" fill="0 1 0.251" mode="11"
 points="5.82085 2.97157,
	5.81223 2.96295,
	5.82085 2.95433,
	5.82946 2.96295,
	"/>
<Contour name="d09c01ax28_ssvr" hidden="false" closed="true" simplified="false" border="0 1 0.251" fill="0 1 0.251" mode="11"
 points="5.79499 2.9334,
	5.78637 2.92478,
	5.79499 2.91616,
	5.80361 2.92478,
	"/>
<Contour name="d09c01ax28_ssvr" hidden="false" closed="true" simplified="false" border="0 1 0.251" fill="0 1 0.251" mode="11"
 points="5.79499 2.87677,
	5.78637 2.86815,
	5.79499 2.85953,
	5.80361 2.86815,
	"/>
<Contour name="d09c01ax28_ssvr" hidden="false" closed="true" simplified="false" border="0 1 0.251" fill="0 1 0.251" mode="11"
 points="5.7359 3.02451,
	5.72728 3.01589,
	5.7359 3.00727,
	5.74451 3.01589,
	"/>
<Contour name="d09c01ax28_ssvr" hidden="false" closed="true" simplified="false" border="0 1 0.251" fill="0 1 0.251" mode="11"
 points="5.7913 3.04667,
	5.78268 3.03805,
	5.7913 3.02943,
	5.79992 3.03805,
	"/>
<Contour name="d09c01ax28_ssvr" hidden="false" closed="true" simplified="false" border="0 1 0.251" fill="0 1 0.251" mode="11"
 points="5.80361 3.10453,
	5.79499 3.09591,
	5.80361 3.0873,
	5.81223 3.09591,
	"/>
<Contour name="d09c01ax28_ssvr" hidden="false" closed="true" simplified="false" border="0 1 0.251" fill="0 1 0.251" mode="11"
 points="5.76791 3.09591,
	5.75929 3.0873,
	5.76791 3.07868,
	5.77652 3.0873,
	"/>
<Contour name="d09c01ax28_ssvr" hidden="false" closed="true" simplified="false" border="0 1 0.251" fill="0 1 0.251" mode="11"
 points="5.74328 3.13531,
	5.73466 3.12669,
	5.74328 3.11808,
	5.7519 3.12669,
	"/>
<Contour name="d09c01ax28_ssvr" hidden="false" closed="true" simplified="false" border="0 1 0.251" fill="0 1 0.251" mode="11"
 points="5.71127 3.15132,
	5.70265 3.1427,
	5.71127 3.13408,
	5.71989 3.1427,
	"/>
<Contour name="d09c01ax28_ssvr" hidden="false" closed="true" simplified="false" border="0 1 0.251" fill="0 1 0.251" mode="11"
 points="5.67803 3.13408,
	5.66941 3.12546,
	5.67803 3.11684,
	5.68665 3.12546,
	"/>
<Contour name="d09c01ax28_ssvr" hidden="false" closed="true" simplified="false" border="0 1 0.251" fill="0 1 0.251" mode="11"
 points="5.71004 3.11438,
	5.70142 3.10576,
	5.71004 3.09715,
	5.71866 3.10576,
	"/>
<Contour name="d09c01ax28_ssvr" hidden="false" closed="true" simplified="false" border="0 1 0.251" fill="0 1 0.251" mode="11"
 points="5.72728 3.07252,
	5.71866 3.0639,
	5.72728 3.05529,
	5.7359 3.0639,
	"/>
<Contour name="d09c01ax28_ssvr" hidden="false" closed="true" simplified="false" border="0 1 0.251" fill="0 1 0.251" mode="11"
 points="5.69527 3.07252,
	5.68665 3.0639,
	5.69527 3.05529,
	5.70388 3.0639,
	"/>
<Contour name="d09c01ax28_ssvr" hidden="false" closed="true" simplified="false" border="0 1 0.251" fill="0 1 0.251" mode="11"
 points="5.67434 3.03313,
	5.66572 3.02451,
	5.67434 3.01589,
	5.68295 3.02451,
	"/>
<Contour name="d09c01ax28_ssvr" hidden="false" closed="true" simplified="false" border="0 1 0.251" fill="0 1 0.251" mode="11"
 points="5.61647 3.02204,
	5.60785 3.01343,
	5.61647 3.00481,
	5.62509 3.01343,
	"/>
<Contour name="d09c01ax28_ssvr" hidden="false" closed="true" simplified="false" border="0 1 0.251" fill="0 1 0.251" mode="11"
 points="5.58815 3.02697,
	5.57954 3.01835,
	5.58815 3.00973,
	5.59677 3.01835,
	"/>
<Contour name="d09c01ax28_ssvr" hidden="false" closed="true" simplified="false" border="0 1 0.251" fill="0 1 0.251" mode="11"
 points="5.57461 3.06144,
	5.56599 3.05282,
	5.57461 3.04421,
	5.58323 3.05282,
	"/>
<Contour name="d09c01ax28_ssvr" hidden="false" closed="true" simplified="false" border="0 1 0.251" fill="0 1 0.251" mode="11"
 points="5.65341 3.07252,
	5.64479 3.0639,
	5.65341 3.05529,
	5.66202 3.0639,
	"/>
<Contour name="d09c01ax28_ssvr" hidden="false" closed="true" simplified="false" border="0 1 0.251" fill="0 1 0.251" mode="11"
 points="5.59554 3.10084,
	5.58692 3.09222,
	5.59554 3.0836,
	5.60416 3.09222,
	"/>
<Contour name="d09c01ax28_ssvr" hidden="false" closed="true" simplified="false" border="0 1 0.251" fill="0 1 0.251" mode="11"
 points="5.65956 3.15624,
	5.65094 3.14762,
	5.65956 3.13901,
	5.66818 3.14762,
	"/>
<Contour name="d09c01ax28_ssvr" hidden="false" closed="true" simplified="false" border="0 1 0.251" fill="0 1 0.251" mode="11"
 points="5.61893 3.13531,
	5.61032 3.12669,
	5.61893 3.11808,
	5.62755 3.12669,
	"/>
<Contour name="d09c01ax28_ssvr" hidden="false" closed="true" simplified="false" border="0 1 0.251" fill="0 1 0.251" mode="11"
 points="5.56476 3.15994,
	5.55614 3.15132,
	5.56476 3.1427,
	5.57338 3.15132,
	"/>
<Contour name="d09c01ax28_ssvr" hidden="false" closed="true" simplified="false" border="0 1 0.251" fill="0 1 0.251" mode="11"
 points="5.60539 3.18702,
	5.59677 3.1784,
	5.60539 3.16979,
	5.61401 3.1784,
	"/>
<Contour name="d09c01ax28_ssvr" hidden="false" closed="true" simplified="false" border="0 1 0.251" fill="0 1 0.251" mode="11"
 points="5.56846 3.20426,
	5.55984 3.19564,
	5.56846 3.18702,
	5.57707 3.19564,
	"/>
<Contour name="d09c01ax28_ssvr" hidden="false" closed="true" simplified="false" border="0 1 0.251" fill="0 1 0.251" mode="11"
 points="5.56969 3.25351,
	5.56107 3.24489,
	5.56969 3.23627,
	5.57831 3.24489,
	"/>
<Contour name="d09c01ax28_ssvr" hidden="false" closed="true" simplified="false" border="0 1 0.251" fill="0 1 0.251" mode="11"
 points="5.63371 3.27443,
	5.62509 3.26582,
	5.63371 3.2572,
	5.64233 3.26582,
	"/>
<Contour name="d09c01ax28_ssvr" hidden="false" closed="true" simplified="false" border="0 1 0.251" fill="0 1 0.251" mode="11"
 points="5.69896 3.25227,
	5.69034 3.24366,
	5.69896 3.23504,
	5.70758 3.24366,
	"/>
<Contour name="d09c01ax28_ssvr" hidden="false" closed="true" simplified="false" border="0 1 0.251" fill="0 1 0.251" mode="11"
 points="5.78022 3.29413,
	5.7716 3.28552,
	5.78022 3.2769,
	5.78884 3.28552,
	"/>
<Contour name="d09c01ax28_ssvr" hidden="false" closed="true" simplified="false" border="0 1 0.251" fill="0 1 0.251" mode="11"
 points="5.81592 3.1821,
	5.8073 3.17348,
	5.81592 3.16486,
	5.82454 3.17348,
	"/>
<Contour name="d09c01ax28_ssvr" hidden="false" closed="true" simplified="false" border="0 1 0.251" fill="0 1 0.251" mode="11"
 points="5.50197 3.07745,
	5.49335 3.06883,
	5.50197 3.06021,
	5.51059 3.06883,
	"/>
</Transform>

<Transform dim="1"
 xcoef=" 0.0202539653886711 1 0 0 0 0"
 ycoef=" 0.253174567358389 0 1 0 0 0">
<Contour name="d09c01ax28" hidden="false" closed="true" simplified="true" border="0 1 0" fill="0 1 0" mode="9"
 points="5.78572 2.82661,
	5.85639 2.76257,
	5.8608 2.75926,
	5.86191 2.75815,
	5.92926 2.82882,
	5.96349 2.86415,
	5.96791 2.86857,
	5.96901 2.9039,
	5.96791 2.93923,
	5.96791 2.9569,
	5.96791 2.96573,
	5.9668 2.97015,
	5.89614 2.97126,
	5.8608 2.97126,
	5.85859 2.97015,
	5.8597 2.93482,
	5.8597 2.92599,
	5.84093 2.89065,
	5.83099 2.87299,
	5.82878 2.86857,
	5.79345 2.83434,
	5.78903 2.82992,
	5.78683 2.82772,
	"/>
</Transform>

<Transform dim="1"
 xcoef=" 0.0202539653886711 1 0 0 0 0"
 ycoef=" 0.253174567358389 0 1 0 0 0">
<Contour name="ax75" comment="traced by ddh" hidden="false" closed="true" simplified="true" border="1 0 1" fill="1 0 1" mode="11"
 points="1.585 7.88179,
	1.58574 7.87881,
	1.58723 7.87583,
	1.58797 7.87285,
	1.5943 7.86094,
	1.59542 7.85796,
	1.59654 7.85647,
	1.59803 7.85051,
	1.5984 7.84456,
	1.59728 7.8386,
	1.59319 7.82669,
	1.59133 7.82073,
	1.58946 7.80881,
	1.58984 7.7969,
	1.59021 7.79094,
	1.59207 7.77903,
	1.59207 7.76711,
	1.59207 7.76116,
	1.59393 7.74924,
	1.59356 7.74328,
	1.59393 7.73733,
	1.59728 7.72541,
	1.60138 7.71946,
	1.60287 7.71648,
	1.60696 7.71052,
	1.61851 7.70084,
	1.62148 7.69823,
	1.62297 7.69712,
	1.62446 7.69674,
	1.63638 7.68892,
	1.64233 7.68557,
	1.64531 7.68371,
	1.64606 7.68371,
	1.65201 7.67999,
	1.65499 7.67776,
	1.65648 7.67627,
	1.65946 7.6744,
	1.66542 7.66882,
	1.67063 7.66286,
	1.67398 7.6569,
	1.67584 7.65095,
	1.67733 7.63903,
	1.67733 7.63605,
	1.67957 7.6301,
	1.68143 7.62712,
	1.68143 7.62637,
	1.68329 7.6234,
	1.6859 7.62042,
	1.68739 7.61744,
	1.69223 7.61148,
	1.6952 7.6085,
	1.70116 7.60403,
	1.70377 7.60143,
	1.70973 7.5977,
	1.72164 7.59212,
	1.7276 7.59138,
	1.73058 7.59138,
	1.73207 7.59175,
	1.73281 7.59175,
	1.7343 7.59324,
	1.73728 7.5951,
	1.74026 7.5977,
	1.74621 7.6018,
	1.75776 7.61297,
	1.76781 7.62488,
	1.77004 7.62749,
	1.77265 7.63345,
	1.77414 7.63941,
	1.77488 7.64089,
	1.77488 7.64238,
	1.77972 7.6543,
	1.78382 7.66026,
	1.78866 7.66621,
	1.79089 7.66919,
	1.79685 7.67366,
	1.79946 7.67664,
	1.80132 7.67962,
	1.81137 7.69153,
	1.81398 7.69451,
	1.81547 7.696,
	1.82254 7.70791,
	1.82366 7.71089,
	1.8244 7.71238,
	1.82664 7.7243,
	1.82775 7.73025,
	1.8285 7.73323,
	1.82887 7.73919,
	1.82701 7.74515,
	1.82366 7.7511,
	1.81956 7.75706,
	1.8177 7.76004,
	1.81509 7.76302,
	1.80951 7.76749,
	1.80355 7.77084,
	1.79164 7.77642,
	1.78568 7.7794,
	1.7827 7.78052,
	1.77674 7.78424,
	1.77377 7.78647,
	1.76818 7.79243,
	1.76334 7.79839,
	1.76073 7.80137,
	1.75925 7.80211,
	1.75627 7.80509,
	1.74435 7.81477,
	1.73244 7.82259,
	1.72946 7.82445,
	1.72797 7.82482,
	1.72201 7.82892,
	1.71978 7.8319,
	1.70824 7.8427,
	1.70526 7.8453,
	1.70377 7.84679,
	1.70079 7.84865,
	1.69781 7.85163,
	1.69185 7.85647,
	1.68888 7.85945,
	1.68664 7.86243,
	1.6859 7.86355,
	1.68068 7.86913,
	1.67919 7.87062,
	1.67733 7.8736,
	1.66654 7.88477,
	1.66505 7.88626,
	1.65909 7.89035,
	1.65313 7.89296,
	1.65015 7.89408,
	1.64866 7.89445,
	1.64717 7.89557,
	1.64122 7.89743,
	1.63824 7.89817,
	1.62632 7.90376,
	1.62335 7.90599,
	1.61739 7.90934,
	1.61441 7.91083,
	1.60845 7.9112,
	1.6025 7.91009,
	1.59654 7.90823,
	1.59505 7.90785,
	1.59207 7.90525,
	1.58872 7.89929,
	1.58611 7.89333,
	1.585 7.88738,
	1.585 7.8844,
	1.585 7.88291,
	1.585 7.88216,
	"/>
</Transform>

<Transform dim="1"
 xcoef=" 0.0202539653886711 1 0 0 0 0"
 ycoef=" 0.253174567358389 0 1 0 0 0">
<Contour name="ax85" comment="traced by ddh" hidden="false" closed="true" simplified="true" border="1 0 1" fill="1 0 1" mode="11"
 points="5.46262 4.62443,
	5.4727 4.61291,
	5.47558 4.61003,
	5.48206 4.59923,
	5.48422 4.59635,
	5.49502 4.58914,
	5.50078 4.5841,
	5.50366 4.58266,
	5.5051 4.5805,
	5.50798 4.57834,
	5.50942 4.57834,
	5.51446 4.57474,
	5.52022 4.5733,
	5.52238 4.57186,
	5.52814 4.57186,
	5.53103 4.57042,
	5.54255 4.57042,
	5.55407 4.57402,
	5.55551 4.57546,
	5.55695 4.57546,
	5.56271 4.5805,
	5.56847 4.58194,
	5.57135 4.58338,
	5.57423 4.58338,
	5.57999 4.58626,
	5.59151 4.58914,
	5.59439 4.58987,
	5.59583 4.59131,
	5.59727 4.59131,
	5.59799 4.59275,
	5.60375 4.59419,
	5.61456 4.60067,
	5.62032 4.60499,
	5.6232 4.60643,
	5.63112 4.61723,
	5.63472 4.62227,
	5.63544 4.62515,
	5.63688 4.62587,
	5.63832 4.63163,
	5.6412 4.63739,
	5.6412 4.64891,
	5.63688 4.66043,
	5.63472 4.66619,
	5.6304 4.67196,
	5.62824 4.6734,
	5.62536 4.67628,
	5.6196 4.67988,
	5.61816 4.68132,
	5.60663 4.6842,
	5.60087 4.6842,
	5.58935 4.68636,
	5.57783 4.68564,
	5.56631 4.68204,
	5.56055 4.6806,
	5.54903 4.6806,
	5.54615 4.68132,
	5.53463 4.6878,
	5.53175 4.68852,
	5.52958 4.69068,
	5.5267 4.69068,
	5.52526 4.69212,
	5.52238 4.69212,
	5.52094 4.69356,
	5.50942 4.695,
	5.4979 4.69284,
	5.49214 4.69068,
	5.48926 4.68924,
	5.48782 4.68708,
	5.48278 4.68348,
	5.47342 4.67196,
	5.47054 4.66619,
	5.47054 4.66475,
	5.4691 4.66331,
	5.46478 4.65179,
	5.46262 4.62875,
	5.46262 4.62587,
	5.46262 4.62515,
	"/>
</Transform>

<Transform dim="0"
 xcoef=" 0 1 0 0 0 0"
 ycoef=" 0 0 1 0 0 0">
<Contour name="d01c03ax01_ssvr" hidden="false" closed="true" simplified="false" border="0 1 0.501961" fill="0.501961 1 0.501961" mode="11"
 points="6.21065 1.51742,
	6.19815 1.50492,
	6.21065 1.49242,
	6.22315 1.50492,
	"/>
<Contour name="d01c03ax01_ssvr" hidden="false" closed="true" simplified="false" border="0 1 0.501961" fill="0.501961 1 0.501961" mode="11"
 points="6.75223 1.19938,
	6.73973 1.18688,
	6.75223 1.17438,
	6.76473 1.18688,
	"/>
<Contour name="d01c03ax01_ssvr" hidden="false" closed="true" simplified="false" border="0 1 0.501961" fill="0.501961 1 0.501961" mode="11"
 points="6.70422 1.21738,
	6.69172 1.20488,
	6.70422 1.19238,
	6.71672 1.20488,
	"/>
</Transform>

<Transform dim="0"
 xcoef=" 0 1 0 0 0 0"
 ycoef=" 0 0 1 0 0 0">
<Contour name="d01c03ax01_ssvr" hidden="false" closed="true" simplified="false" border="0 1 0.501961" fill="0.501961 1 0.501961" mode="11"
 points="6.35467 1.3644,
	6.34217 1.3519,
	6.35467 1.3394,
	6.36717 1.3519,
	"/>
<Contour name="d01c03ax01_ssvr" hidden="false" closed="true" simplified="false" border="0 1 0.501961" fill="0.501961 1 0.501961" mode="11"
 points="6.31417 1.54743,
	6.30167 1.53493,
	6.31417 1.52243,
	6.32667 1.53493,
	"/>
</Transform>

<Transform dim="0"
 xcoef=" 0 1 0 0 0 0"
 ycoef=" 0 0 1 0 0 0">
<Contour name="ax60" comment="traced by ddh" hidden="false" closed="true" simplified="true" border="1 0 0.5" fill="1 0 0.5" mode="11"
 points="0.81633 8.06705,
	0.820594 8.05341,
	0.823153 8.03976,
	0.824005 8.03294,
	0.824005 8.02953,
	0.824858 8.02612,
	0.825285 8.01247,
	0.827843 7.99883,
	0.834239 7.98518,
	0.840208 7.97879,
	0.84362 7.9758,
	0.857264 7.96727,
	0.864086 7.96301,
	0.867498 7.96088,
	0.869203 7.96045,
	0.882848 7.95107,
	0.896066 7.9434,
	0.909711 7.93402,
	0.913122 7.93146,
	0.916533 7.9306,
	0.923355 7.92634,
	0.936573 7.91952,
	0.963863 7.90459,
	0.970685 7.90118,
	0.977507 7.90118,
	1.0048 7.89521,
	1.03209 7.88626,
	1.05938 7.87475,
	1.07302 7.8692,
	1.07985 7.86707,
	1.08326 7.86622,
	1.0969 7.86579,
	1.10372 7.86537,
	1.11737 7.86835,
	1.12419 7.87006,
	1.1276 7.87134,
	1.13101 7.87176,
	1.13784 7.87475,
	1.14466 7.87858,
	1.14807 7.88029,
	1.15489 7.88541,
	1.16129 7.89138,
	1.16683 7.8982,
	1.17152 7.90502,
	1.17792 7.91184,
	1.18133 7.9144,
	1.19497 7.92037,
	1.19838 7.92208,
	1.21203 7.9225,
	1.21885 7.9225,
	1.22567 7.92336,
	1.22908 7.92378,
	1.23249 7.92506,
	1.23932 7.92932,
	1.2423 7.93188,
	1.24486 7.93529,
	1.25083 7.94894,
	1.25381 7.95576,
	1.25723 7.96941,
	1.26362 7.98305,
	1.27258 7.99669,
	1.27982 8.01034,
	1.2811 8.01375,
	1.28238 8.0274,
	1.28153 8.03422,
	1.27599 8.04786,
	1.273 8.05468,
	1.26831 8.06151,
	1.26149 8.06833,
	1.25552 8.07515,
	1.24827 8.0888,
	1.24529 8.09562,
	1.24443 8.09732,
	1.24657 8.11097,
	1.25126 8.12461,
	1.25296 8.12802,
	1.25509 8.13485,
	1.25595 8.13826,
	1.2568 8.1519,
	1.25637 8.16555,
	1.25595 8.17237,
	1.25723 8.17919,
	1.26149 8.19284,
	1.26362 8.19966,
	1.2649 8.20307,
	1.26575 8.20478,
	1.26618 8.21842,
	1.26447 8.22524,
	1.25808 8.23889,
	1.24998 8.25253,
	1.24315 8.25935,
	1.23974 8.26234,
	1.23633 8.26447,
	1.23292 8.26575,
	1.2261 8.27044,
	1.22269 8.27257,
	1.22098 8.27385,
	1.21416 8.27556,
	1.21075 8.27769,
	1.18346 8.28579,
	1.15617 8.29986,
	1.14253 8.30924,
	1.12888 8.32118,
	1.12206 8.32715,
	1.11694 8.33397,
	1.10927 8.34762,
	1.10543 8.35444,
	1.09989 8.36126,
	1.09306 8.3668,
	1.09136 8.36851,
	1.08454 8.37064,
	1.07771 8.37107,
	1.07089 8.37064,
	1.05725 8.36766,
	1.05042 8.36553,
	1.03678 8.35785,
	1.03337 8.35572,
	1.02655 8.35273,
	1.01972 8.3489,
	1.0129 8.34591,
	1.0112 8.34463,
	1.00437 8.3425,
	1.00267 8.34207,
	1.00096 8.34079,
	0.997546 8.33952,
	0.995846 8.33824,
	0.982196 8.3344,
	0.975375 8.33227,
	0.961731 8.32544,
	0.954908 8.31947,
	0.951497 8.31649,
	0.945954 8.30967,
	0.942543 8.30626,
	0.937853 8.29943,
	0.934015 8.29261,
	0.931457 8.28579,
	0.930178 8.28238,
	0.929751 8.27556,
	0.928898 8.27385,
	0.928046 8.273,
	0.925914 8.25935,
	0.925061 8.25594,
	0.924634 8.2423,
	0.924208 8.23548,
	0.923355 8.23206,
	0.923355 8.23036,
	0.917386 8.21671,
	0.914401 8.20989,
	0.912695 8.20648,
	0.907579 8.19966,
	0.89436 8.18601,
	0.887538 8.17962,
	0.860249 8.1583,
	0.856838 8.15574,
	0.855132 8.15446,
	0.853427 8.15403,
	0.850016 8.15148,
	0.84831 8.14977,
	0.846178 8.14636,
	0.843193 8.14295,
	0.835092 8.1293,
	0.832107 8.12248,
	0.828269 8.11566,
	0.821874 8.10201,
	0.818889 8.09519,
	0.816757 8.08837,
	0.81633 8.07472,
	0.81633 8.0679,
	0.81633 8.06748,
	"/>
</Transform>

<Transform dim="1"
 xcoef=" 0.02 1 0 0 0 0"
 ycoef=" 0.25 0 1 0 0 0">
<Contour name="d06c08ax60_ssvr" hidden="false" closed="true" simplified="false" border="0 1 0" fill="0 1 0" mode="11"
 points="0.998433 8.26775,
	0.987455 8.25677,
	0.998433 8.2458,
	1.00941 8.25677,
	"/>
<Contour name="d06c08ax60_ssvr" hidden="false" closed="true" simplified="false" border="0 1 0" fill="0 1 0" mode="11"
 points="1.04548 8.24266,
	1.0345 8.23168,
	1.04548 8.2207,
	1.05646 8.23168,
	"/>
<Contour name="d06c08ax60_ssvr" hidden="false" closed="true" simplified="false" border="0 1 0" fill="0 1 0" mode="11"
 points="1.05332 8.29128,
	1.04235 8.2803,
	1.05332 8.26932,
	1.0643 8.2803,
	"/>
<Contour name="d06c08ax60_ssvr" hidden="false" closed="true" simplified="false" border="0 1 0" fill="0 1 0" mode="11"
 points="1.09253 8.26305,
	1.08155 8.25207,
	1.09253 8.24109,
	1.10351 8.25207,
	"/>
<Contour name="d06c08ax60_ssvr" hidden="false" closed="true" simplified="false" border="0 1 0" fill="0 1 0" mode="11"
 points="1.13488 8.23168,
	1.1239 8.2207,
	1.13488 8.20972,
	1.14586 8.2207,
	"/>
<Contour name="d06c08ax60_ssvr" hidden="false" closed="true" simplified="false" border="0 1 0" fill="0 1 0" mode="11"
 points="1.10822 8.1862,
	1.09724 8.17522,
	1.10822 8.16424,
	1.11919 8.17522,
	"/>
<Contour name="d06c08ax60_ssvr" hidden="false" closed="true" simplified="false" border="0 1 0" fill="0 1 0" mode="11"
 points="1.03921 8.33049,
	1.02823 8.31951,
	1.03921 8.30853,
	1.05019 8.31951,
	"/>
<Contour name="d06c08ax60_ssvr" hidden="false" closed="true" simplified="false" border="0 1 0" fill="0 1 0" mode="11"
 points="1.0894 8.35558,
	1.07842 8.3446,
	1.0894 8.33362,
	1.10037 8.3446,
	"/>
<Contour name="d06c08ax60_ssvr" hidden="false" closed="true" simplified="false" border="0 1 0" fill="0 1 0" mode="11"
 points="1.1286 8.32578,
	1.11763 8.3148,
	1.1286 8.30382,
	1.13958 8.3148,
	"/>
<Contour name="d06c08ax60_ssvr" hidden="false" closed="true" simplified="false" border="0 1 0" fill="0 1 0" mode="11"
 points="1.14115 8.35715,
	1.13017 8.34617,
	1.14115 8.33519,
	1.15213 8.34617,
	"/>
<Contour name="d06c08ax60_ssvr" hidden="false" closed="true" simplified="false" border="0 1 0" fill="0 1 0" mode="11"
 points="1.17252 8.30853,
	1.16154 8.29755,
	1.17252 8.28657,
	1.1835 8.29755,
	"/>
<Contour name="d06c08ax60_ssvr" hidden="false" closed="true" simplified="false" border="0 1 0" fill="0 1 0" mode="11"
 points="1.19918 8.34774,
	1.1882 8.33676,
	1.19918 8.32578,
	1.21016 8.33676,
	"/>
<Contour name="d06c08ax60_ssvr" hidden="false" closed="true" simplified="false" border="0 1 0" fill="0 1 0" mode="11"
 points="1.18193 8.41361,
	1.17095 8.40263,
	1.18193 8.39165,
	1.19291 8.40263,
	"/>
<Contour name="d06c08ax60_ssvr" hidden="false" closed="true" simplified="false" border="0 1 0" fill="0 1 0" mode="11"
 points="1.0941 8.41204,
	1.08312 8.40106,
	1.0941 8.39008,
	1.10508 8.40106,
	"/>
<Contour name="d06c08ax60_ssvr" hidden="false" closed="true" simplified="false" border="0 1 0" fill="0 1 0" mode="11"
 points="1.01569 8.36813,
	1.00471 8.35715,
	1.01569 8.34617,
	1.02666 8.35715,
	"/>
<Contour name="d06c08ax60_ssvr" hidden="false" closed="true" simplified="false" border="0 1 0" fill="0 1 0" mode="11"
 points="1.07842 8.49359,
	1.06744 8.48261,
	1.07842 8.47163,
	1.0894 8.48261,
	"/>
<Contour name="d06c08ax60_ssvr" hidden="false" closed="true" simplified="false" border="0 1 0" fill="0 1 0" mode="11"
 points="1.16938 8.48889,
	1.1584 8.47791,
	1.16938 8.46693,
	1.18036 8.47791,
	"/>
</Transform>

<Transform dim="0"
 xcoef=" 0 1 0 0 0 0"
 ycoef=" 0 0 1 0 0 0">
<Contour name="ax74" comment="traced by ddh" hidden="false" closed="true" simplified="true" border="1 0 0" fill="1 0 0" mode="11"
 points="2.84746 8.93486,
	2.85558 8.92404,
	2.85558 8.91862,
	2.861 8.91321,
	2.861 8.9078,
	2.88265 8.88614,
	2.89077 8.88073,
	2.90701 8.85907,
	2.99363 8.80223,
	3.01528 8.7887,
	3.02611 8.78599,
	3.04776 8.76975,
	3.09107 8.7481,
	3.13437 8.71833,
	3.16956 8.68314,
	3.17498 8.66148,
	3.19663 8.64254,
	3.20746 8.63442,
	3.29407 8.6263,
	3.31572 8.61818,
	3.32114 8.61818,
	3.36445 8.59111,
	3.3861 8.5857,
	3.47271 8.58028,
	3.51602 8.57216,
	3.55933 8.56946,
	3.58098 8.57758,
	3.59181 8.5884,
	3.59993 8.63171,
	3.61346 8.67502,
	3.61617 8.69667,
	3.61076 8.73998,
	3.60534 8.76163,
	3.60534 8.78329,
	3.59993 8.80494,
	3.56474 8.84554,
	3.52143 8.87531,
	3.51061 8.88614,
	3.49707 8.9078,
	3.49707 8.91862,
	3.47813 8.93216,
	3.39151 8.93486,
	3.34821 8.93486,
	3.3049 8.94028,
	2.95844 8.94569,
	2.87182 8.9511,
	2.85017 8.9511,
	2.84746 8.94028,
	2.84746 8.93757,
	"/>
</Transform>

</Section>