<?xml version="1.0"?>
<!DOCTYPE Section SYSTEM "section.dtd">

<Section index="185" thickness="0.045" alignLocked="true">
<Transform dim="3"
 xcoef=" 0.0651399182443373 0.999707424024249 -0.0153700204976635 0 0 0"
 ycoef=" -0.294411165963035 0.00793394585277601 1.00890823768031 0 0 0">
<Contour name="mito10" hidden="false" closed="false" simplified="true" border="0 1 1" fill="0 1 1" mode="9"
 points="5.98466 7.42365,
	6.2032 7.58616,
	"/>
</Transform>

<Transform dim="3"
 xcoef=" 0.0651399182443373 0.999707424024249 -0.0153700204976635 0 0 0"
 ycoef=" -0.294411165963035 0.00793394585277601 1.00890823768031 0 0 0">
<Contour name="d01" hidden="false" closed="true" simplified="true" border="1 0.5 0" fill="1 0.5 0" mode="9"
 points="4.11817 4.68289,
	4.13948 4.66158,
	4.16079 4.61896,
	4.16612 4.53372,
	4.17678 4.4911,
	4.1821 4.46979,
	4.20341 4.44848,
	4.21407 4.42717,
	4.23538 4.40586,
	4.24603 4.38455,
	4.25136 4.34193,
	4.25669 4.32062,
	4.27267 4.29931,
	4.31529 4.28333,
	4.3366 4.27267,
	4.37389 4.23005,
	4.3952 4.21407,
	4.40053 4.20341,
	4.44315 4.20341,
	4.46446 4.20874,
	4.5497 4.17145,
	4.63494 4.15547,
	4.72018 4.16079,
	4.7628 4.15547,
	4.78411 4.15547,
	4.82673 4.13948,
	4.91197 4.12883,
	4.99721 4.12883,
	5.16769 4.11285,
	5.21031 4.12883,
	5.23162 4.14481,
	5.24228 4.15547,
	5.24228 4.17678,
	5.21031 4.21407,
	5.16769 4.23005,
	5.15704 4.23005,
	5.13573 4.24603,
	5.12507 4.25669,
	5.1304 4.278,
	5.16237 4.32062,
	5.17835 4.3366,
	5.16769 4.42184,
	5.17835 4.50708,
	5.17835 4.52839,
	5.14638 4.56568,
	5.13573 4.6083,
	5.13573 4.65092,
	5.11975 4.69355,
	5.09844 4.69887,
	5.06114 4.66158,
	5.03983 4.6456,
	4.99721 4.64027,
	4.9759 4.64027,
	4.93861 4.66158,
	4.94394 4.67224,
	4.98656 4.68289,
	4.99721 4.68289,
	5.07713 4.74149,
	5.08778 4.74682,
	5.00254 4.75215,
	4.9173 4.73617,
	4.87468 4.72551,
	4.7042 4.73617,
	4.61896 4.71486,
	4.6083 4.71486,
	4.60298 4.7042,
	4.51774 4.69355,
	4.49643 4.69355,
	4.47512 4.68289,
	4.38988 4.67756,
	4.36857 4.67756,
	4.36324 4.67224,
	4.37389 4.66691,
	4.35791 4.65092,
	4.3366 4.65092,
	4.29398 4.67756,
	4.27267 4.69355,
	4.18743 4.69887,
	4.14481 4.69355,
	4.1235 4.69355,
	4.11817 4.68822,
	"/>
</Transform>

<Transform dim="3"
 xcoef=" 0.0651399182443373 0.999707424024249 -0.0153700204976635 0 0 0"
 ycoef=" -0.294411165963035 0.00793394585277601 1.00890823768031 0 0 0">
<Contour name="d01" hidden="false" closed="true" simplified="true" border="1 0.5 0" fill="1 0.5 0" mode="9"
 points="3.68664 5.23162,
	3.70263 5.189,
	3.74525 5.15171,
	3.76656 5.14638,
	3.78787 5.15171,
	3.8145 5.189,
	3.80918 5.27424,
	3.80918 5.29555,
	3.80385 5.30621,
	3.76123 5.27957,
	3.72394 5.24228,
	3.71328 5.23695,
	3.69197 5.24228,
	3.68664 5.23695,
	"/>
</Transform>

<Transform dim="3"
 xcoef=" 0.0651399182443373 0.999707424024249 -0.0153700204976635 0 0 0"
 ycoef=" -0.294411165963035 0.00793394585277601 1.00890823768031 0 0 0">
<Contour name="d02" hidden="false" closed="true" simplified="true" border="0.5 0 1" fill="0.5 0 1" mode="9"
 points="1.71366 7.85332,
	1.72122 7.82306,
	1.74392 7.7928,
	1.75905 7.78523,
	1.81958 7.80415,
	1.84984 7.80793,
	1.86498 7.80793,
	1.9255 7.83441,
	1.94442 7.86467,
	1.91794 7.9252,
	1.91037 7.94033,
	1.9028 7.9479,
	1.89524 7.97816,
	1.89524 8.00842,
	1.89524 8.02356,
	1.88389 8.03869,
	1.85363 8.04247,
	1.82336 8.0349,
	1.80823 8.0349,
	1.7931 8.02734,
	1.74392 7.97438,
	1.72501 7.94411,
	1.71744 7.92898,
	1.71366 7.86846,
	1.71366 7.85711,
	"/>
</Transform>

<Transform dim="3"
 xcoef=" 0.0651399182443373 0.999707424024249 -0.0153700204976635 0 0 0"
 ycoef=" -0.294411165963035 0.00793394585277601 1.00890823768031 0 0 0">
<Contour name="d02" hidden="false" closed="true" simplified="true" border="0.5 0 1" fill="0.5 0 1" mode="9"
 points="1.41486 8.73928,
	1.42606 8.72808,
	1.48579 8.70942,
	1.54552 8.69822,
	1.57539 8.69822,
	1.58285 8.69822,
	1.59032 8.70568,
	1.59032 8.72062,
	1.59032 8.72808,
	1.56045 8.75048,
	1.54179 8.78035,
	1.53432 8.81021,
	1.53432 8.82515,
	1.51566 8.85501,
	1.48579 8.85128,
	1.47459 8.84008,
	1.47086 8.81021,
	1.46712 8.79528,
	1.44846 8.76541,
	1.41859 8.75795,
	1.41486 8.74302,
	"/>
</Transform>

<Transform dim="3"
 xcoef=" 0.0651399182443373 0.999707424024249 -0.0153700204976635 0 0 0"
 ycoef=" -0.294411165963035 0.00793394585277601 1.00890823768031 0 0 0">
<Contour name="d02p37" hidden="false" closed="true" simplified="false" border="1 0 1" fill="1 0 1" mode="9"
 points="2.10088 9.00536,
	2.10088 8.99043,
	2.11582 8.97549,
	2.13075 8.97549,
	2.14568 8.99043,
	2.14568 9.00536,
	2.13075 9.02029,
	2.11582 9.02029,
	"/>
</Transform>

<Transform dim="3"
 xcoef=" 0.0651399182443373 0.999707424024249 -0.0153700204976635 0 0 0"
 ycoef=" -0.294411165963035 0.00793394585277601 1.00890823768031 0 0 0">
<Contour name="d02" hidden="false" closed="true" simplified="true" border="0.5 0 1" fill="0.5 0 1" mode="9"
 points="2.02896 8.9553,
	2.04193 8.92938,
	2.05165 8.87752,
	2.05813 8.85159,
	2.05813 8.82566,
	2.05165 8.79973,
	2.05165 8.78676,
	2.03868 8.76084,
	2.04841 8.65712,
	2.05165 8.63119,
	2.06461 8.60526,
	2.07758 8.59554,
	2.08406 8.56961,
	2.10351 8.54368,
	2.15537 8.51451,
	2.20722 8.4983,
	2.22019 8.49182,
	2.23964 8.46589,
	2.24936 8.45293,
	2.25584 8.427,
	2.25908 8.37514,
	2.26232 8.34921,
	2.25908 8.32328,
	2.2526 8.31032,
	2.23964 8.30059,
	2.2364 8.29411,
	2.21047 8.28763,
	2.1975 8.28439,
	2.18778 8.27142,
	2.1975 8.24549,
	2.22019 8.2228,
	2.27205 8.2066,
	2.29798 8.20336,
	2.3077 8.17743,
	2.31094 8.1515,
	2.31094 8.14502,
	2.32067 8.13205,
	2.32715 8.12557,
	2.43086 8.09964,
	2.45679 8.09316,
	2.47948 8.07047,
	2.49245 8.04454,
	2.50217 8.03158,
	2.51513 8.02509,
	2.52162 8.02185,
	2.53458 8.02833,
	2.54755 8.0413,
	2.5994 8.06075,
	2.65126 8.09964,
	2.65775 8.10288,
	2.68367 8.0964,
	2.73553 8.07371,
	2.78739 8.05751,
	2.81332 8.04778,
	2.82953 8.03482,
	2.84249 8.03158,
	2.86842 8.0413,
	2.91704 8.08992,
	2.93 8.11585,
	2.94297 8.1677,
	2.95593 8.19363,
	2.9689 8.2066,
	2.98186 8.20984,
	2.99158 8.21956,
	3.00131 8.24549,
	3.024 8.27142,
	3.03696 8.28439,
	3.0402 8.29735,
	3.0402 8.30383,
	3.01427 8.32652,
	2.98834 8.34273,
	2.93648 8.34921,
	2.91056 8.34921,
	2.89759 8.34597,
	2.88787 8.34921,
	2.93648 8.38162,
	2.9851 8.43024,
	2.99158 8.4821,
	2.98834 8.50803,
	2.96241 8.52747,
	2.93648 8.5534,
	2.93324 8.57933,
	2.92028 8.60526,
	2.9138 8.61822,
	2.88787 8.62147,
	2.86194 8.61174,
	2.83925 8.58905,
	2.82953 8.57933,
	2.77767 8.60526,
	2.77119 8.6085,
	2.78091 8.66036,
	2.77767 8.71222,
	2.72905 8.76408,
	2.72581 8.77704,
	2.73877 8.88076,
	2.73553 8.93262,
	2.71284 8.9553,
	2.66099 8.98447,
	2.62533 9.03309,
	2.5994 9.05254,
	2.57348 9.05578,
	2.52162 9.00716,
	2.49569 8.99096,
	2.46976 8.98123,
	2.44383 8.96179,
	2.39521 8.90993,
	2.39197 8.90345,
	2.34011 8.91641,
	2.28825 8.93586,
	2.26232 8.94558,
	2.24288 8.97151,
	2.2364 8.99744,
	2.21695 9.02337,
	2.21371 9.03633,
	2.19426 9.06226,
	2.1813 9.07523,
	2.15537 9.08495,
	2.10351 9.08171,
	2.07758 9.05902,
	2.06786 9.04606,
	2.05813 9.02013,
	2.03544 8.9942,
	2.02896 8.98123,
	2.02896 8.95855,
	"/>
</Transform>

<Transform dim="3"
 xcoef=" 0.0651399182443373 0.999707424024249 -0.0153700204976635 0 0 0"
 ycoef=" -0.294411165963035 0.00793394585277601 1.00890823768031 0 0 0">
<Contour name="d03" hidden="false" closed="true" simplified="true" border="0 1 0" fill="0 1 0" mode="9"
 points="2.43858 2.63151,
	2.4449 2.61886,
	2.47021 2.59356,
	2.49551 2.57774,
	2.69793 2.57774,
	2.74854 2.58091,
	2.77384 2.58091,
	2.78649 2.58723,
	2.8118 2.5904,
	2.82445 2.5904,
	2.8371 2.59672,
	2.8624 2.59988,
	2.88771 2.60937,
	2.91301 2.61254,
	2.92566 2.62202,
	2.97627 2.62519,
	3.00157 2.62202,
	3.02687 2.62835,
	3.03952 2.62835,
	3.06166 2.64733,
	3.11227 2.67579,
	3.13757 2.68844,
	3.15022 2.69477,
	3.1945 2.74221,
	3.21348 2.76435,
	3.21664 2.777,
	3.21664 2.78333,
	3.23246 2.80863,
	3.24195 2.83394,
	3.24511 2.85924,
	3.25776 2.88454,
	3.25776 2.89087,
	3.27358 2.91617,
	3.28939 2.96678,
	3.29255 3.01738,
	3.28939 3.04269,
	3.27358 3.06483,
	3.26409 3.07748,
	3.25776 3.07748,
	3.24827 3.10278,
	3.24827 3.10911,
	3.23878 3.12176,
	3.21348 3.13125,
	3.16288 3.16288,
	3.13757 3.17869,
	3.12492 3.18185,
	3.07432 3.21664,
	3.02371 3.23878,
	3.01106 3.23878,
	2.99841 3.24511,
	2.89719 3.24195,
	2.87189 3.23246,
	2.84975 3.21032,
	2.83394 3.18502,
	2.82445 3.15971,
	2.82129 3.14706,
	2.8118 3.13441,
	2.8118 3.12808,
	2.79915 3.1186,
	2.74854 3.11543,
	2.72324 3.11543,
	2.69793 3.10594,
	2.67263 3.09013,
	2.65049 3.06799,
	2.63151 3.05218,
	2.62202 3.03952,
	2.6157 3.0332,
	2.6157 3.02687,
	2.60305 3.01422,
	2.58723 2.99524,
	2.57774 2.98259,
	2.56826 2.95729,
	2.56193 2.95096,
	2.56193 2.93831,
	2.54611 2.88771,
	2.54295 2.87505,
	2.54295 2.86873,
	2.52081 2.84343,
	2.51132 2.81812,
	2.50816 2.80547,
	2.46072 2.75803,
	2.45439 2.7517,
	2.45439 2.73905,
	2.4449 2.7264,
	2.43858 2.67579,
	2.43858 2.65049,
	2.43858 2.63784,
	2.43858 2.63468,
	"/>
</Transform>

<Transform dim="3"
 xcoef=" 0.0651399182443373 0.999707424024249 -0.0153700204976635 0 0 0"
 ycoef=" -0.294411165963035 0.00793394585277601 1.00890823768031 0 0 0">
<Contour name="d06" hidden="false" closed="true" simplified="true" border="0 0 1" fill="0 0 1" mode="9"
 points="2.72518 7.5249,
	2.74903 7.49765,
	2.76606 7.4704,
	2.77287 7.45678,
	2.77287 7.42952,
	2.76265 7.40227,
	2.76265 7.34777,
	2.75925 7.32052,
	2.75925 7.30689,
	2.77287 7.27964,
	2.77628 7.26601,
	2.7865 7.25239,
	2.841 7.24898,
	2.85463 7.25579,
	2.86825 7.26942,
	2.87166 7.32392,
	2.88528 7.33414,
	2.88869 7.34777,
	2.91594 7.36821,
	2.91935 7.37502,
	2.91594 7.38183,
	2.92616 7.39546,
	2.93979 7.39887,
	2.95341 7.41249,
	2.95341 7.46699,
	2.95341 7.49425,
	2.95341 7.50787,
	2.95341 7.51469,
	2.93638 7.54194,
	2.92616 7.55556,
	2.89891 7.56919,
	2.7899 7.56919,
	2.7354 7.55897,
	2.72518 7.54534,
	2.72518 7.53172,
	2.72518 7.52831,
	"/>
<Contour name="d06" hidden="false" closed="true" simplified="true" border="0 0 1" fill="0 0 1" mode="9"
 points="2.49354 6.53703,
	2.49695 6.50978,
	2.52079 6.45527,
	2.52079 6.42802,
	2.5242 6.41439,
	2.53782 6.40077,
	2.55145 6.39396,
	2.5787 6.39396,
	2.59233 6.40077,
	2.59914 6.42802,
	2.60255 6.44165,
	2.62639 6.4689,
	2.64002 6.48252,
	2.64683 6.48934,
	2.64683 6.49615,
	2.66727 6.5234,
	2.67408 6.53021,
	2.67068 6.58472,
	2.67068 6.61197,
	2.67068 6.6256,
	2.66386 6.63922,
	2.66386 6.74823,
	2.66386 6.76185,
	2.69112 6.77207,
	2.70474 6.77548,
	2.73199 6.79251,
	2.7865 6.79251,
	2.81375 6.78911,
	2.86485 6.74823,
	2.87507 6.7346,
	2.92957 6.69713,
	2.98067 6.65285,
	3.03517 6.64944,
	3.04198 6.64944,
	3.09649 6.70394,
	3.11352 6.7312,
	3.12033 6.73801,
	3.12714 6.73801,
	3.1544 6.75504,
	3.18165 6.76526,
	3.23615 6.76526,
	3.2634 6.75845,
	3.31791 6.72438,
	3.34516 6.71076,
	3.35879 6.70394,
	3.37241 6.70394,
	3.39966 6.72779,
	3.41329 6.74142,
	3.4201 6.74823,
	3.43373 6.75163,
	3.46098 6.77548,
	3.46439 6.88449,
	3.46439 6.8913,
	3.48482 6.91855,
	3.51208 6.9424,
	3.5223 6.96965,
	3.5223 7.02415,
	3.5223 7.03778,
	3.5223 7.04459,
	3.51548 7.0514,
	3.51208 7.06503,
	3.51208 7.07184,
	3.5257 7.08547,
	3.53933 7.11272,
	3.56317 7.13657,
	3.56999 7.14338,
	3.56999 7.17063,
	3.56999 7.18426,
	3.54273 7.18766,
	3.51548 7.17744,
	3.50186 7.16723,
	3.49504 7.16041,
	3.38604 7.16041,
	3.33153 7.16041,
	3.30428 7.16041,
	3.29066 7.1536,
	3.27703 7.15701,
	3.2634 7.16723,
	3.25659 7.16723,
	3.24978 7.17404,
	3.19527 7.18085,
	3.08627 7.18426,
	3.03176 7.20129,
	2.97726 7.2047,
	2.95001 7.2047,
	2.93638 7.19448,
	2.92957 7.18085,
	2.92276 7.17404,
	2.91935 7.16041,
	2.88528 7.10591,
	2.86825 7.08206,
	2.85803 7.05481,
	2.85803 7.00031,
	2.85803 6.99349,
	2.84781 6.97987,
	2.84441 6.96624,
	2.83759 6.95943,
	2.83759 6.95262,
	2.78309 6.91855,
	2.72859 6.87427,
	2.67408 6.84361,
	2.66046 6.8402,
	2.60595 6.78911,
	2.5753 6.7346,
	2.55826 6.70735,
	2.55145 6.69372,
	2.52761 6.66988,
	2.51398 6.64263,
	2.50717 6.61538,
	2.49695 6.60175,
	2.49354 6.54725,
	2.49354 6.54043,
	"/>
</Transform>

<Transform dim="3"
 xcoef=" 0.0651399182443373 0.999707424024249 -0.0153700204976635 0 0 0"
 ycoef=" -0.294411165963035 0.00793394585277601 1.00890823768031 0 0 0">
<Contour name="d06" hidden="false" closed="true" simplified="true" border="0 0 1" fill="0 0 1" mode="9"
 points="3.78459 7.19788,
	3.80163 7.17063,
	3.80503 7.15701,
	3.80503 7.15019,
	3.79481 7.13657,
	3.79141 7.10931,
	3.79822 7.09569,
	3.85272 7.06162,
	3.96173 7.05822,
	4.01623 7.05822,
	4.07074 7.08206,
	4.08436 7.08547,
	4.08777 7.11272,
	4.07755 7.12635,
	4.07074 7.13316,
	4.05711 7.13657,
	4.0503 7.13657,
	3.9958 7.18766,
	3.96854 7.20129,
	3.91404 7.20129,
	3.88679 7.20129,
	3.87998 7.20129,
	3.86294 7.22514,
	3.84932 7.23535,
	3.82207 7.23876,
	3.79481 7.23535,
	3.78459 7.22173,
	3.78459 7.2081,
	3.78459 7.20129,
	"/>
</Transform>

<Transform dim="3"
 xcoef=" 0.0651399182443373 0.999707424024249 -0.0153700204976635 0 0 0"
 ycoef=" -0.294411165963035 0.00793394585277601 1.00890823768031 0 0 0">
<Contour name="d06cfa23" hidden="false" closed="false" simplified="false" border="0 1 1" fill="0 1 1" mode="9"
 points="2.49076 6.54368,
	2.50365 6.5093,
	2.52084 6.46203,
	2.52084 6.42765,
	"/>
</Transform>

<Transform dim="3"
 xcoef=" 0.0651399182443373 0.999707424024249 -0.0153700204976635 0 0 0"
 ycoef=" -0.294411165963035 0.00793394585277601 1.00890823768031 0 0 0">
<Contour name="d06p23dia" hidden="false" closed="false" simplified="true" border="1 0 0.5" fill="1 0 0.5" mode="-13"
 points="2.57671 6.38897,
	2.51225 6.64252,
	"/>
</Transform>

<Transform dim="3"
 xcoef=" 0.0651399182443373 0.999707424024249 -0.0153700204976635 0 0 0"
 ycoef=" -0.294411165963035 0.00793394585277601 1.00890823768031 0 0 0">
<Contour name="d06c24" hidden="false" closed="true" simplified="true" border="0 1 0" fill="0 1 0" mode="9"
 points="3.93225 7.20268,
	3.94944 7.1683,
	4.01391 7.12533,
	4.0311 7.11673,
	4.06548 7.13822,
	4.07407 7.14682,
	4.07407 7.1812,
	4.07407 7.19839,
	4.03969 7.21558,
	4.0225 7.22847,
	3.95374 7.23277,
	3.93655 7.21987,
	3.93225 7.20698,
	"/>
<Contour name="d06cfa24" hidden="false" closed="false" simplified="false" border="0 1 1" fill="0 1 1" mode="9"
 points="4.07655 7.13674,
	3.93474 7.22269,
	"/>
</Transform>

<Transform dim="3"
 xcoef=" 0.0651399182443373 0.999707424024249 -0.0153700204976635 0 0 0"
 ycoef=" -0.294411165963035 0.00793394585277601 1.00890823768031 0 0 0">
<Contour name="d07" hidden="false" closed="true" simplified="true" border="1 0 1" fill="1 0 1" mode="9"
 points="5.22807 7.18236,
	5.37317 7.09168,
	5.39131 7.08261,
	5.40944 7.06447,
	5.43212 7.03273,
	5.50466 6.97378,
	5.53187 6.94204,
	5.55001 6.90577,
	5.58628 6.8695,
	5.62256 6.8695,
	5.69511 6.91484,
	5.73592 6.98739,
	5.77219 7.01006,
	5.79033 7.01006,
	5.80846 7.01913,
	5.80393 7.09168,
	5.77219 7.12795,
	5.74045 7.15516,
	5.70417 7.17329,
	5.6679 7.18236,
	5.64976 7.18236,
	5.63163 7.19597,
	5.60895 7.22771,
	5.57268 7.25945,
	5.53641 7.27758,
	5.46386 7.28212,
	5.39131 7.30479,
	5.35503 7.31839,
	5.28248 7.32293,
	5.26435 7.31839,
	5.24621 7.30479,
	5.24621 7.23224,
	5.23714 7.2141,
	5.22807 7.20503,
	5.22807 7.1869,
	"/>
<Contour name="d07" hidden="false" closed="true" simplified="true" border="1 0 1" fill="1 0 1" mode="9"
 points="3.93579 7.48163,
	3.96753 7.44535,
	4.04008 7.41361,
	4.11263 7.40908,
	4.1489 7.40455,
	4.18064 7.36827,
	4.18971 7.35013,
	4.18971 7.31386,
	4.18518 7.29572,
	4.16704 7.27758,
	4.14437 7.20503,
	4.13983 7.16876,
	4.13983 7.15062,
	4.1489 7.13249,
	4.21692 7.06447,
	4.24412 7.03273,
	4.31667 6.96018,
	4.33481 6.94204,
	4.37108 6.92844,
	4.37562 7.00099,
	4.37562 7.03727,
	4.37562 7.0554,
	4.39376 7.07354,
	4.41189 7.08261,
	4.42096 7.09168,
	4.4255 7.16423,
	4.35748 7.22317,
	4.33028 7.25945,
	4.32574 7.27758,
	4.30307 7.31386,
	4.29854 7.332,
	4.25773 7.40455,
	4.25773 7.47709,
	4.25773 7.51337,
	4.28947 7.58592,
	4.31667 7.62219,
	4.35295 7.65393,
	4.35295 7.67207,
	4.49805 7.67207,
	4.57059 7.6766,
	4.60687 7.69928,
	4.64314 7.73555,
	4.67035 7.88065,
	4.73836 7.93959,
	4.75197 7.95773,
	4.75197 7.99401,
	4.70209 8.06656,
	4.68849 8.08469,
	4.68849 8.09376,
	4.67488 8.1119,
	4.52979 8.10736,
	4.49351 8.09376,
	4.47537 8.08016,
	4.46631 8.08016,
	4.40736 8.00761,
	4.33934 7.93959,
	4.30307 7.92146,
	4.28493 7.91239,
	4.14437 7.79903,
	4.12623 7.78996,
	4.05368 7.78996,
	4.01741 7.78996,
	4.00834 7.78089,
	4.00834 7.70834,
	4.00834 7.67207,
	4.00834 7.65393,
	4.00834 7.64486,
	3.93579 7.57685,
	3.93579 7.5043,
	3.93579 7.48616,
	"/>
</Transform>

<Transform dim="3"
 xcoef=" 0.0651399182443373 0.999707424024249 -0.0153700204976635 0 0 0"
 ycoef=" -0.294411165963035 0.00793394585277601 1.00890823768031 0 0 0">
<Contour name="d07c31" hidden="false" closed="true" simplified="true" border="1 0 0" fill="0 1 0" mode="9"
 points="5.64029 6.91999,
	5.64399 6.8904,
	5.64399 6.88301,
	5.65878 6.87191,
	5.71796 6.88301,
	5.74385 6.9089,
	5.74755 6.96807,
	5.77344 6.99396,
	5.76974 7.02355,
	5.76974 7.03095,
	5.71056 7.03465,
	5.69577 7.02355,
	5.68837 7.00876,
	5.65878 6.97917,
	5.64769 6.96437,
	5.64029 6.93479,
	5.64029 6.92369,
	"/>
<Contour name="d07cfa31" hidden="false" closed="false" simplified="false" border="0 1 1" fill="0 1 1" mode="9"
 points="5.77008 7.01549,
	5.73679 7.00809,
	5.69241 6.9748,
	5.66282 6.91193,
	5.64433 6.87864,
	"/>
</Transform>

<Transform dim="3"
 xcoef=" 0.0651399182443373 0.999707424024249 -0.0153700204976635 0 0 0"
 ycoef=" -0.294411165963035 0.00793394585277601 1.00890823768031 0 0 0">
<Contour name="d07c32" hidden="false" closed="true" simplified="true" border="1 0 0" fill="0 1 0" mode="9"
 points="4.12758 7.04944,
	4.18676 7.00876,
	4.24594 6.95328,
	4.30511 6.91259,
	4.32361 6.8941,
	4.3532 6.8941,
	4.36429 6.9052,
	4.36059 6.93479,
	4.35689 6.94958,
	4.30511 7.00876,
	4.26073 7.06054,
	4.23854 7.08643,
	4.17936 7.12711,
	4.16457 7.13451,
	4.13498 7.13451,
	4.12758 7.11971,
	4.12758 7.06054,
	4.12758 7.05314,
	"/>
<Contour name="d07cfa32" hidden="false" closed="false" simplified="false" border="0 1 1" fill="0 1 1" mode="9"
 points="4.13532 7.13014,
	4.16121 7.09316,
	4.1945 7.05247,
	4.27956 6.9859,
	4.35723 6.90823,
	"/>
</Transform>

<Transform dim="3"
 xcoef=" 0.0651399182443373 0.999707424024249 -0.0153700204976635 0 0 0"
 ycoef=" -0.294411165963035 0.00793394585277601 1.00890823768031 0 0 0">
<Contour name="mito JB16" hidden="false" closed="false" simplified="true" border="1 0.5 0" fill="1 0.5 0" mode="9"
 points="5.67781 3.96142,
	5.79896 3.79438,
	"/>
</Transform>

<Transform dim="3"
 xcoef=" 0.0651399182443373 0.999707424024249 -0.0153700204976635 0 0 0"
 ycoef=" -0.294411165963035 0.00793394585277601 1.00890823768031 0 0 0">
<Contour name="PSDd01ax32db" hidden="false" closed="false" simplified="false" border="0 1 0.25098" fill="0 0 1" mode="11"
 points="3.86829 3.53441,
	3.84668 3.54521,
	3.8257 3.57255,
	3.80918 3.60306,
	"/>
</Transform>

<Transform dim="3"
 xcoef=" 0.0651399182443373 0.999707424024249 -0.0153700204976635 0 0 0"
 ycoef=" -0.294411165963035 0.00793394585277601 1.00890823768031 0 0 0">
<Contour name="d06c31" hidden="false" closed="true" simplified="true" border="0 1 0" fill="0 1 0" mode="9"
 points="2.74274 6.8007,
	2.74637 6.79346,
	2.75361 6.78802,
	2.76811 6.7844,
	2.79709 6.78259,
	2.82608 6.76991,
	2.84057 6.76266,
	2.84782 6.75904,
	2.85506 6.75904,
	2.85869 6.75904,
	2.86956 6.77172,
	2.86231 6.78621,
	2.85869 6.79346,
	2.8297 6.80976,
	2.81521 6.81701,
	2.81159 6.81701,
	2.80796 6.82063,
	2.79347 6.82606,
	2.77898 6.82788,
	2.76448 6.82606,
	2.75724 6.82606,
	2.74274 6.81701,
	2.74274 6.80251,
	"/>
<Contour name="d06cfa31" hidden="false" closed="false" simplified="false" border="0 1 1" fill="0 1 1" mode="9"
 points="2.73968 6.8117,
	2.76504 6.82257,
	2.79222 6.81895,
	2.81033 6.80627,
	2.83751 6.78815,
	2.86649 6.76823,
	"/>
</Transform>

<Transform dim="3"
 xcoef=" 0.0351399182443373 0.999707424024249 -0.0153700204976635 0 0 0"
 ycoef=" -0.284411165963035 0.00793394585277601 1.00890823768031 0 0 0">
<Contour name="d06c23" hidden="false" closed="true" simplified="true" border="0 1 0" fill="0 1 0" mode="9"
 points="2.4453 6.46351,
	2.46249 6.42913,
	2.47109 6.42483,
	2.48828 6.42913,
	2.50117 6.44202,
	2.51406 6.4764,
	2.51406 6.51078,
	2.50117 6.54516,
	2.48398 6.55805,
	2.46679 6.55805,
	2.4582 6.55805,
	2.4453 6.54086,
	2.4453 6.4721,
	2.4453 6.4678,
	"/>
</Transform>

<Transform dim="3"
 xcoef=" 0.0651399182443373 0.999707424024249 -0.0153700204976635 0 0 0"
 ycoef=" -0.294411165963035 0.00793394585277601 1.00890823768031 0 0 0">
<Contour name="d01p35" hidden="false" closed="true" simplified="false" border="1 1 0" fill="1 1 0" mode="-13"
 points="4.3347 4.56546,
	4.3347 4.51323,
	4.28248 4.51323,
	4.28248 4.55893,
	4.27595 4.56546,
	4.27595 4.50671,
	4.34123 4.50671,
	4.34123 4.57199,
	4.27595 4.57199,
	4.28248 4.56546,
	"/>
</Transform>

<Transform dim="3"
 xcoef=" 0.0651399182443373 0.999707424024249 -0.0153700204976635 0 0 0"
 ycoef=" -0.294411165963035 0.00793394585277601 1.00890823768031 0 0 0">
<Contour name="d03p28" hidden="false" closed="true" simplified="false" border="1 0 0" fill="1 0 0" mode="-9"
 points="3.94576 2.27833,
	3.92813 2.27833,
	3.92813 2.28715,
	3.93694 2.29596,
	3.96339 2.30478,
	3.94576 2.31359,
	3.93694 2.33123,
	3.91931 2.31359,
	3.91049 2.29596,
	3.91049 2.27833,
	3.89286 2.27833,
	3.91931 2.2607,
	"/>
</Transform>

<Transform dim="3"
 xcoef=" 0.0651399182443373 0.999707424024249 -0.0153700204976635 0 0 0"
 ycoef=" -0.294411165963035 0.00793394585277601 1.00890823768031 0 0 0">
<Contour name="d03p29" hidden="false" closed="true" simplified="false" border="0 1 0" fill="0 1 0" mode="-9"
 points="3.3257 2.49285,
	3.3257 2.46935,
	3.3492 2.46935,
	3.3492 2.44584,
	3.37271 2.44584,
	3.37271 2.46935,
	3.39622 2.46935,
	3.39622 2.49285,
	3.37271 2.49285,
	3.37271 2.51636,
	3.3492 2.51636,
	3.3492 2.49285,
	"/>
</Transform>

<Transform dim="3"
 xcoef=" 0.0651399182443373 0.999707424024249 -0.0153700204976635 0 0 0"
 ycoef=" -0.294411165963035 0.00793394585277601 1.00890823768031 0 0 0">
<Contour name="d06p23" hidden="false" closed="true" simplified="false" border="1 1 0" fill="1 1 0" mode="-13"
 points="2.92106 6.88279,
	2.92106 6.84309,
	2.88135 6.84309,
	2.88135 6.87783,
	2.87639 6.88279,
	2.87639 6.83813,
	2.92602 6.83813,
	2.92602 6.88776,
	2.87639 6.88776,
	2.88135 6.88279,
	"/>
</Transform>

<Transform dim="3"
 xcoef=" 0.0651399182443373 0.999707424024249 -0.0153700204976635 0 0 0"
 ycoef=" -0.294411165963035 0.00793394585277601 1.00890823768031 0 0 0">
<Contour name="d07p32" hidden="false" closed="true" simplified="false" border="0.5 0 1" fill="0.5 0 1" mode="9"
 points="4.16181 7.47339,
	4.15437 7.47091,
	4.16181 7.46843,
	4.15685 7.46099,
	4.16429 7.46595,
	4.16677 7.4585,
	4.16926 7.46595,
	4.1767 7.46099,
	4.17174 7.46843,
	4.17918 7.47091,
	4.17174 7.47339,
	4.1767 7.48084,
	4.16926 7.47587,
	4.16677 7.48332,
	4.16429 7.47587,
	4.15685 7.48084,
	"/>
</Transform>

<Transform dim="3"
 xcoef=" 0.0651399182443373 0.999707424024249 -0.0153700204976635 0 0 0"
 ycoef=" -0.294411165963035 0.00793394585277601 1.00890823768031 0 0 0">
<Contour name="d06plinn31" comment="25jul2016KHadded" hidden="false" closed="true" simplified="false" border="1 0 0" fill="1 0 0" mode="-13"
 points="3.148 6.94055,
	3.15983 6.924,
	3.148 6.90745,
	3.1551 6.90745,
	3.16456 6.92164,
	3.17401 6.90745,
	3.18111 6.90745,
	3.16929 6.924,
	3.18111 6.94055,
	3.17401 6.94055,
	3.16456 6.92637,
	3.1551 6.94055,
	"/>
</Transform>

<Transform dim="3"
 xcoef=" 0.0051399182443373 0.999707424024249 -0.0153700204976635 0 0 0"
 ycoef=" -0.284411165963035 0.00793394585277601 1.00890823768031 0 0 0">
<Contour name="d01plinn35" comment="25jul2016KHadded" hidden="false" closed="true" simplified="false" border="1 0 0" fill="1 0 0" mode="-13"
 points="4.6362 4.44933,
	4.65103 4.42856,
	4.6362 4.4078,
	4.6451 4.4078,
	4.65696 4.4256,
	4.66882 4.4078,
	4.67772 4.4078,
	4.66289 4.42856,
	4.67772 4.44933,
	4.66882 4.44933,
	4.65696 4.43153,
	4.6451 4.44933,
	"/>
<Contour name="d01plinnALL" comment="25jul2016KHadded" hidden="false" closed="true" simplified="false" border="1 0 0" fill="1 0 0" mode="-13"
 points="4.6362 4.44933,
	4.65103 4.42856,
	4.6362 4.4078,
	4.6451 4.4078,
	4.65696 4.4256,
	4.66882 4.4078,
	4.67772 4.4078,
	4.66289 4.42856,
	4.67772 4.44933,
	4.66882 4.44933,
	4.65696 4.43153,
	4.6451 4.44933,
	"/>
</Transform>

<Transform dim="1"
 xcoef=" 0.0184311085036907 1 0 0 0 0"
 ycoef=" -0.138233313777681 0 1 0 0 0">
<Contour name="d06p31" hidden="false" closed="true" simplified="false" border="1 0.5 0" fill="1 0.5 0" mode="-13"
 points="2.90169 6.90401,
	2.90164 6.90042,
	2.9052 6.8968,
	2.90883 6.89678,
	2.91251 6.90034,
	2.91257 6.90392,
	2.90899 6.90755,
	2.90537 6.90758,
	"/>
</Transform>

<Transform dim="1"
 xcoef=" 0.228431108503691 1 0 0 0 0"
 ycoef=" -0.0482333137776806 0 1 0 0 0">
<Contour name="d06p31dia" comment="29jul2016KH - just to create a blank" hidden="false" closed="true" simplified="true" border="0.502 0 0" fill="0.502 0 0" mode="9"
 points="3.08226 6.99511,
	3.08245 6.99362,
	3.083 6.99228,
	3.08385 6.99121,
	3.08493 6.99053,
	3.08612 6.99029,
	3.08731 6.99053,
	3.08839 6.99121,
	3.08924 6.99228,
	3.08979 6.99362,
	3.08997 6.99511,
	3.08979 6.9966,
	3.08924 6.99794,
	3.08839 6.99901,
	3.08731 6.9997,
	3.08612 6.99993,
	3.08493 6.9997,
	3.08385 6.99901,
	3.083 6.99794,
	"/>
</Transform>

<Transform dim="1"
 xcoef=" 0.0184311085036907 1 0 0 0 0"
 ycoef=" -0.138233313777681 0 1 0 0 0">
<Contour name="d01" hidden="false" closed="true" simplified="true" border="1 0.5 0" fill="1 0.5 0" mode="9"
 points="3.4752 4.87896,
	3.48751 4.86225,
	3.4958 4.85596,
	3.52917 4.84532,
	3.56278 4.85128,
	3.57967 4.85945,
	3.58811 4.86354,
	3.59662 4.87178,
	3.61342 4.87372,
	3.68043 4.87112,
	3.71381 4.86255,
	3.74715 4.84983,
	3.75547 4.84561,
	3.77201 4.83095,
	3.8053 4.81615,
	3.83854 4.7972,
	3.87168 4.77202,
	3.90497 4.75723,
	3.93821 4.73829,
	3.95478 4.7257,
	3.96304 4.71733,
	3.97988 4.72342,
	3.99478 4.73784,
	4.00329 4.74608,
	4.00774 4.76265,
	4.00995 4.77094,
	3.99999 4.80424,
	3.99631 4.83749,
	3.99028 4.85414,
	3.97796 4.87085,
	3.97428 4.9041,
	3.94546 4.93754,
	3.92712 4.97091,
	3.9169 4.98761,
	3.88389 5.02108,
	3.86729 5.0316,
	3.85897 5.03582,
	3.82532 5.02777,
	3.75786 5.00132,
	3.72408 4.98497,
	3.70723 4.97887,
	3.69047 4.979,
	3.62311 4.95877,
	3.58936 4.9445,
	3.52228 4.94295,
	3.50552 4.94309,
	3.49711 4.94107,
	3.48019 4.93083,
	3.47593 4.92671,
	3.47542 4.89349,
	3.47529 4.88519,
	3.47523 4.88104,
	"/>
<Contour name="d01cfa35ax04" hidden="false" closed="false" simplified="false" border="0 1 1" fill="0 1 1" mode="9"
 points="3.85914 4.78143,
	3.84064 4.80441,
	3.79921 4.83588,
	3.72839 4.86343,
	3.6929 4.87201,
	"/>
</Transform>

<Transform dim="1"
 xcoef=" 0.0184311085036907 1 0 0 0 0"
 ycoef=" -0.138233313777681 0 1 0 0 0">
<Contour name="ax04" comment="LK bouton trace named after cfa" hidden="false" closed="true" simplified="true" border="0 1 1" fill="0.502 1 1" mode="9"
 points="3.21594 4.52237,
	3.22104 4.51557,
	3.22444 4.51387,
	3.23123 4.50708,
	3.25842 4.48584,
	3.2856 4.46036,
	3.30259 4.43318,
	3.30513 4.41959,
	3.30683 4.41279,
	3.30683 4.40939,
	3.30513 4.406,
	3.30513 4.37881,
	3.30513 4.36522,
	3.30598 4.35843,
	3.30683 4.35503,
	3.31108 4.34824,
	3.31363 4.34144,
	3.32297 4.32785,
	3.33232 4.30067,
	3.33741 4.28708,
	3.33911 4.28368,
	3.33996 4.28198,
	3.33911 4.27518,
	3.33996 4.26839,
	3.34421 4.2548,
	3.34676 4.248,
	3.351 4.24121,
	3.36375 4.22847,
	3.36969 4.22252,
	3.39602 4.20808,
	3.40282 4.20383,
	3.41641 4.19109,
	3.4283 4.1775,
	3.4368 4.16391,
	3.4385 4.16051,
	3.45124 4.14777,
	3.46483 4.13758,
	3.47842 4.13248,
	3.49201 4.12908,
	3.4988 4.12738,
	3.5022 4.12653,
	3.51579 4.11379,
	3.52259 4.10785,
	3.52938 4.1036,
	3.53618 4.10105,
	3.53958 4.09935,
	3.56676 4.0985,
	3.57355 4.09765,
	3.58715 4.09171,
	3.59394 4.09001,
	3.60753 4.08406,
	3.61433 4.08236,
	3.61773 4.08066,
	3.63132 4.07897,
	3.63811 4.07982,
	3.6517 4.08491,
	3.67888 4.10105,
	3.68228 4.10275,
	3.68398 4.10445,
	3.71116 4.1087,
	3.72475 4.10955,
	3.73155 4.10955,
	3.73495 4.11209,
	3.73834 4.11294,
	3.74004 4.11294,
	3.75363 4.12229,
	3.76043 4.12738,
	3.76383 4.13418,
	3.77402 4.14777,
	3.78676 4.16051,
	3.80035 4.1707,
	3.80715 4.17325,
	3.83433 4.19109,
	3.84113 4.19534,
	3.84707 4.20213,
	3.84962 4.20553,
	3.84962 4.20893,
	3.86151 4.21997,
	3.8734 4.23356,
	3.8802 4.23951,
	3.89039 4.2531,
	3.90568 4.28028,
	3.90738 4.29387,
	3.90993 4.30067,
	3.91078 4.30746,
	3.91078 4.31086,
	3.91248 4.31426,
	3.92437 4.327,
	3.93796 4.33974,
	3.94391 4.34654,
	3.94815 4.36013,
	3.949 4.37372,
	3.95155 4.38731,
	3.95155 4.4009,
	3.94985 4.41449,
	3.94985 4.41789,
	3.949 4.41959,
	3.9507 4.42299,
	3.95155 4.45017,
	3.95155 4.45696,
	3.95495 4.46376,
	3.96684 4.47735,
	3.97364 4.4816,
	3.97958 4.48839,
	3.98638 4.50198,
	3.98893 4.51557,
	3.98978 4.52237,
	3.98723 4.53596,
	3.98128 4.54955,
	3.97364 4.56314,
	3.96344 4.57673,
	3.95835 4.58353,
	3.94561 4.61071,
	3.93711 4.66507,
	3.94051 4.67866,
	3.94136 4.69225,
	3.94051 4.70585,
	3.93796 4.71264,
	3.92947 4.72623,
	3.92267 4.73218,
	3.91588 4.73558,
	3.90908 4.73727,
	3.8819 4.75171,
	3.86831 4.75936,
	3.85472 4.76276,
	3.84792 4.76361,
	3.83433 4.7704,
	3.82753 4.7738,
	3.81394 4.78654,
	3.80035 4.79758,
	3.77317 4.81372,
	3.75958 4.82307,
	3.74599 4.83071,
	3.7324 4.84006,
	3.71881 4.8477,
	3.69163 4.85704,
	3.63726 4.85874,
	3.62367 4.86044,
	3.59649 4.85535,
	3.56931 4.8477,
	3.54213 4.83836,
	3.52853 4.83496,
	3.52174 4.83241,
	3.51494 4.83156,
	3.51155 4.83156,
	3.49796 4.82477,
	3.49201 4.81882,
	3.48861 4.81542,
	3.47332 4.78824,
	3.47162 4.78484,
	3.45888 4.77125,
	3.44529 4.76191,
	3.41811 4.74577,
	3.39093 4.73218,
	3.38413 4.73048,
	3.35695 4.71604,
	3.34336 4.70839,
	3.31618 4.68546,
	3.30344 4.67781,
	3.27625 4.66932,
	3.27286 4.66932,
	3.26606 4.66592,
	3.25927 4.65998,
	3.25587 4.65658,
	3.24058 4.6294,
	3.23293 4.61581,
	3.22699 4.60222,
	3.22444 4.58862,
	3.22359 4.57503,
	3.21764 4.56144,
	3.21594 4.53426,
	3.21594 4.52747,
	3.21594 4.52407,
	3.21594 4.52322,
	"/>
</Transform>

<Transform dim="1"
 xcoef=" 0.0184311085036907 1 0 0 0 0"
 ycoef=" -0.138233313777681 0 1 0 0 0">
<Contour name="d03" hidden="false" closed="true" simplified="true" border="0 1 0" fill="0 1 0" mode="9"
 points="2.44971 2.62642,
	2.48859 2.57778,
	2.49754 2.56563,
	2.50203 2.55956,
	2.52618 2.54427,
	2.53221 2.53969,
	2.53521 2.53664,
	2.63272 2.53437,
	2.72996 2.51397,
	2.7785 2.49848,
	2.78456 2.49693,
	2.80403 2.47412,
	2.81606 2.46346,
	2.84051 2.46779,
	2.85277 2.47223,
	2.90208 2.50658,
	2.9511 2.52281,
	2.97562 2.53167,
	3.02448 2.53733,
	3.04889 2.53865,
	3.0978 2.54732,
	3.12225 2.55166,
	3.12837 2.55313,
	3.15305 2.57256,
	3.16541 2.58304,
	3.17158 2.58752,
	3.17467 2.59052,
	3.22341 2.58863,
	3.24773 2.5839,
	3.25987 2.58079,
	3.26595 2.57922,
	3.29418 2.53219,
	3.30143 2.50797,
	3.30429 2.49586,
	3.29783 2.47175,
	3.29459 2.45969,
	3.29298 2.45366,
	3.29888 2.44153,
	3.30184 2.43547,
	3.35012 2.40337,
	3.44678 2.34522,
	3.4589 2.3406,
	3.50753 2.33115,
	3.60543 2.35454,
	3.65441 2.36776,
	3.67889 2.3736,
	3.72766 2.37322,
	3.73985 2.37312,
	3.78843 2.36066,
	3.81272 2.35443,
	3.82487 2.35131,
	3.84904 2.33753,
	3.86112 2.32988,
	3.87294 2.30563,
	3.87677 2.25727,
	3.88365 2.20888,
	3.88328 2.18472,
	3.90754 2.17698,
	3.95616 2.16754,
	3.96226 2.16749,
	3.96529 2.16595,
	4.00868 2.21243,
	4.01487 2.21843,
	4.03048 2.24247,
	4.03828 2.25449,
	4.04628 2.27859,
	4.05122 2.30271,
	4.05284 2.30874,
	4.06517 2.3177,
	4.06826 2.3207,
	4.08923 2.29637,
	4.09525 2.2918,
	4.11959 2.28858,
	4.12567 2.28703,
	4.15015 2.29287,
	4.16238 2.2958,
	4.16543 2.29577,
	4.167 2.29878,
	4.16414 2.31089,
	4.16271 2.31694,
	4.16276 2.31996,
	4.14331 2.34428,
	4.13281 2.35493,
	4.10868 2.37174,
	4.1014 2.39444,
	4.09702 2.40656,
	4.09559 2.41262,
	4.08072 2.4369,
	4.07176 2.44905,
	4.06729 2.45512,
	4.04316 2.47192,
	3.99455 2.48288,
	3.98709 2.49352,
	3.97832 2.51775,
	3.97393 2.52987,
	3.98021 2.5419,
	3.98336 2.54791,
	3.98373 2.57207,
	3.98378 2.5751,
	3.93561 2.61474,
	3.92356 2.6239,
	3.91755 2.62998,
	3.91453 2.63152,
	3.9149 2.65568,
	3.91509 2.66777,
	3.93106 2.71596,
	3.95467 2.7641,
	3.94412 2.77174,
	3.84725 2.8163,
	3.79886 2.84085,
	3.78676 2.84699,
	3.73822 2.86246,
	3.71393 2.8687,
	3.70178 2.87182,
	3.68959 2.87192,
	3.6835 2.87196,
	3.68045 2.87199,
	3.65576 2.85255,
	3.63103 2.83008,
	3.61868 2.81961,
	3.52112 2.81887,
	3.49664 2.81302,
	3.49053 2.81155,
	3.48435 2.80707,
	3.46722 2.78304,
	3.46246 2.771,
	3.45715 2.72271,
	3.45678 2.69855,
	3.45659 2.68647,
	3.45198 2.68349,
	3.40311 2.67783,
	3.37866 2.67349,
	3.36645 2.67208,
	3.3174 2.65434,
	3.2929 2.64698,
	3.24397 2.6368,
	3.19569 2.66888,
	3.17151 2.68267,
	3.12288 2.69211,
	3.11074 2.69523,
	3.06229 2.71676,
	2.96487 2.72507,
	2.86722 2.71829,
	2.7693 2.69339,
	2.72034 2.68169,
	2.62274 2.67793,
	2.57399 2.67982,
	2.52529 2.68473,
	2.51312 2.68633,
	2.4886 2.67747,
	2.48245 2.67449,
	2.45772 2.65204,
	2.45154 2.64604,
	2.44982 2.63397,
	2.44973 2.62794,
	"/>
<Contour name="d03cfa29ax12" hidden="false" closed="false" simplified="false" border="0 1 1" fill="0 1 1" mode="9"
 points="2.51946 2.5309,
	2.58096 2.51093,
	2.63982 2.50211,
	2.73519 2.49301,
	2.81333 2.459,
	"/>
<Contour name="d03c29ax12_ssvda" hidden="false" closed="true" simplified="false" border="1 0 0" fill="0 0 1" mode="-11"
 points="2.67804 2.45545,
	2.67273 2.45031,
	2.67788 2.44509,
	2.6832 2.45023,
	"/>
<Contour name="d03c29ax12_ssvda" hidden="false" closed="true" simplified="false" border="1 0 0" fill="0 0 1" mode="-11"
 points="2.57298 2.47554,
	2.56767 2.47039,
	2.57282 2.46517,
	2.57813 2.47031,
	"/>
<Contour name="d03c29ax12_ssvda" hidden="false" closed="true" simplified="false" border="1 0 0" fill="0 0 1" mode="-11"
 points="2.60209 2.47309,
	2.59678 2.46794,
	2.60193 2.46272,
	2.60724 2.46786,
	"/>
<Contour name="d03c29ax12_ssvr" hidden="false" closed="true" simplified="false" border="0 1 0.501961" fill="0 0 1" mode="-11"
 points="2.63201 2.4262,
	2.6267 2.42106,
	2.63185 2.41583,
	2.63716 2.42097,
	"/>
<Contour name="d03c29ax12_ssvr" hidden="false" closed="true" simplified="false" border="0 1 0.501961" fill="0 0 1" mode="-11"
 points="2.68164 2.39692,
	2.67633 2.39178,
	2.68148 2.38656,
	2.68679 2.3917,
	"/>
<Contour name="d03c29ax12_ssvr" hidden="false" closed="true" simplified="false" border="0 1 0.501961" fill="0 0 1" mode="-11"
 points="2.7037 2.3738,
	2.69839 2.36865,
	2.70354 2.36343,
	2.70885 2.36857,
	"/>
<Contour name="d03c29ax12_ssvr" hidden="false" closed="true" simplified="false" border="0 1 0.501961" fill="0 0 1" mode="-11"
 points="2.67154 2.37257,
	2.66624 2.36743,
	2.67138 2.36221,
	2.67669 2.36735,
	"/>
<Contour name="d03c29ax12_ssvr" hidden="false" closed="true" simplified="false" border="0 1 0.501961" fill="0 0 1" mode="-11"
 points="2.60223 2.38496,
	2.59692 2.37982,
	2.60207 2.37459,
	2.60738 2.37974,
	"/>
<Contour name="d03c29ax12_ssvr" hidden="false" closed="true" simplified="false" border="0 1 0.501961" fill="0 0 1" mode="-11"
 points="2.57733 2.41774,
	2.57201 2.41259,
	2.57717 2.40737,
	2.58248 2.41251,
	"/>
<Contour name="d03c29ax12_ssvr" hidden="false" closed="true" simplified="false" border="0 1 0.501961" fill="0 0 1" mode="-11"
 points="2.52412 2.40779,
	2.51881 2.40265,
	2.52396 2.39742,
	2.52927 2.40256,
	"/>
<Contour name="d03c29ax12_ssvr" hidden="false" closed="true" simplified="false" border="0 1 0.501961" fill="0 0 1" mode="-11"
 points="2.5654 2.37119,
	2.56009 2.36604,
	2.56524 2.36082,
	2.57055 2.36596,
	"/>
<Contour name="d03c29ax12_ssvr" hidden="false" closed="true" simplified="false" border="0 1 0.501961" fill="0 0 1" mode="-11"
 points="2.68957 2.23247,
	2.68426 2.22732,
	2.68941 2.2221,
	2.69472 2.22724,
	"/>
<Contour name="d03c29ax12_ssvr" hidden="false" closed="true" simplified="false" border="0 1 0.501961" fill="0 0 1" mode="-11"
 points="2.65309 2.24164,
	2.64778 2.2365,
	2.65293 2.23128,
	2.65824 2.23642,
	"/>
<Contour name="d03c29ax12_ssvr" hidden="false" closed="true" simplified="false" border="0 1 0.501961" fill="0 0 1" mode="-11"
 points="2.62506 2.26555,
	2.61975 2.26041,
	2.6249 2.2552,
	2.63021 2.26033,
	"/>
<Contour name="d03c29ax12_ssvr" hidden="false" closed="true" simplified="false" border="0 1 0.501961" fill="0 0 1" mode="-11"
 points="2.57961 2.2748,
	2.5743 2.26966,
	2.57945 2.26444,
	2.58476 2.26958,
	"/>
<Contour name="d03c29ax12_ssvr" hidden="false" closed="true" simplified="false" border="0 1 0.501961" fill="0 0 1" mode="-11"
 points="2.57128 2.31634,
	2.56597 2.3112,
	2.57113 2.30597,
	2.57644 2.31111,
	"/>
<Contour name="d03c29ax12_ssvr" hidden="false" closed="true" simplified="false" border="0 1 0.501961" fill="0 0 1" mode="-11"
 points="2.42199 2.37601,
	2.41668 2.37087,
	2.42183 2.36564,
	2.42714 2.37079,
	"/>
<Contour name="d03c29ax12_ssvr" hidden="false" closed="true" simplified="false" border="0 1 0.501961" fill="0 0 1" mode="-11"
 points="2.41033 2.34722,
	2.40502 2.34208,
	2.41017 2.33685,
	2.41548 2.342,
	"/>
<Contour name="d03c29ax12_ssvr" hidden="false" closed="true" simplified="false" border="0 1 0.501961" fill="0 0 1" mode="-11"
 points="2.42606 2.30045,
	2.42075 2.29531,
	2.4259 2.29009,
	2.43121 2.29523,
	"/>
<Contour name="d03c29ax12_ssvr" hidden="false" closed="true" simplified="false" border="0 1 0.501961" fill="0 0 1" mode="-11"
 points="2.47435 2.28229,
	2.46904 2.27715,
	2.47419 2.27192,
	2.4795 2.27707,
	"/>
<Contour name="d03c29ax12_ssvr" hidden="false" closed="true" simplified="false" border="0 1 0.501961" fill="0 0 1" mode="-11"
 points="2.49048 2.26143,
	2.48517 2.2563,
	2.49032 2.25107,
	2.49563 2.25621,
	"/>
<Contour name="d03c29ax12_ssvr" hidden="false" closed="true" simplified="false" border="0 1 0.501961" fill="0 0 1" mode="-11"
 points="2.52298 2.23674,
	2.51767 2.2316,
	2.52282 2.22637,
	2.52813 2.23152,
	"/>
<Contour name="d03c29ax12_ssvr" hidden="false" closed="true" simplified="false" border="0 1 0.501961" fill="0 0 1" mode="-11"
 points="2.55601 2.24685,
	2.5507 2.24171,
	2.55585 2.23648,
	2.56116 2.24162,
	"/>
<Contour name="d03c29ax12_ssvr" hidden="false" closed="true" simplified="false" border="0 1 0.501961" fill="0 0 1" mode="-11"
 points="2.60842 2.20422,
	2.60311 2.19908,
	2.60826 2.19386,
	2.61357 2.199,
	"/>
<Contour name="d03c29ax12_ssvr" hidden="false" closed="true" simplified="false" border="0 1 0.501961" fill="0 0 1" mode="-11"
 points="2.59754 2.22579,
	2.59223 2.22064,
	2.59738 2.21542,
	2.60269 2.22056,
	"/>
<Contour name="d03c29ax12_ssvr" hidden="false" closed="true" simplified="false" border="0 1 0.501961" fill="0 0 1" mode="-11"
 points="2.58311 2.16222,
	2.5778 2.15707,
	2.58295 2.15185,
	2.58826 2.15699,
	"/>
<Contour name="d03c29ax12_ssvr" hidden="false" closed="true" simplified="false" border="0 1 0.501961" fill="0 0 1" mode="-11"
 points="2.52171 2.15455,
	2.5164 2.14941,
	2.52155 2.14419,
	2.52686 2.14933,
	"/>
<Contour name="d03c29ax12_ssvr" hidden="false" closed="true" simplified="false" border="0 1 0.501961" fill="0 0 1" mode="-11"
 points="2.43303 2.12193,
	2.42772 2.11678,
	2.43287 2.11156,
	2.43818 2.1167,
	"/>
</Transform>

<Transform dim="1"
 xcoef=" 0.0184311085036907 1 0 0 0 0"
 ycoef=" -0.138233313777681 0 1 0 0 0">
<Contour name="ax12" comment="LK bouton trace named after cfa" hidden="false" closed="true" simplified="true" border="0 1 1" fill="0.502 1 1" mode="9"
 points="2.05733 2.22379,
	2.06365 2.2103,
	2.07082 2.19682,
	2.07377 2.19008,
	2.07798 2.18333,
	2.08388 2.17659,
	2.08725 2.17322,
	2.09189 2.15973,
	2.09779 2.14625,
	2.10074 2.13951,
	2.10453 2.12602,
	2.10916 2.11254,
	2.11464 2.09905,
	2.11886 2.08557,
	2.1197 2.07882,
	2.12096 2.05185,
	2.12139 2.04511,
	2.12181 2.04342,
	2.12855 2.0371,
	2.13192 2.03373,
	2.13529 2.0312,
	2.16226 2.01983,
	2.17575 2.01477,
	2.18249 2.01266,
	2.18586 2.0114,
	2.18923 2.00887,
	2.19008 2.00803,
	2.19682 2.00634,
	2.20356 2.0055,
	2.20693 2.0055,
	2.2103 2.00465,
	2.21367 2.00255,
	2.22716 1.99117,
	2.2339 1.98696,
	2.23727 1.98485,
	2.25076 1.97263,
	2.2575 1.96673,
	2.26087 1.9642,
	2.26762 1.96125,
	2.27099 1.95999,
	2.29796 1.95872,
	2.30133 1.95872,
	2.31481 1.95535,
	2.3283 1.95282,
	2.33504 1.95282,
	2.34178 1.95493,
	2.34516 1.95577,
	2.3519 1.95577,
	2.35864 1.95661,
	2.36538 1.95872,
	2.36875 1.96041,
	2.37044 1.96125,
	2.37634 1.96799,
	2.37929 1.97136,
	2.38393 1.97811,
	2.38772 1.98485,
	2.39362 1.99833,
	2.39488 2.0017,
	2.40162 2.00803,
	2.40837 2.0135,
	2.42185 2.02193,
	2.42522 2.02362,
	2.43197 2.02573,
	2.43534 2.02615,
	2.44208 2.0291,
	2.44545 2.03078,
	2.47242 2.04975,
	2.47916 2.05438,
	2.48085 2.05522,
	2.48759 2.05649,
	2.48928 2.05733,
	2.49602 2.05733,
	2.50276 2.05817,
	2.50951 2.06028,
	2.51288 2.06112,
	2.51962 2.0645,
	2.52299 2.06618,
	2.52636 2.06871,
	2.52805 2.0704,
	2.55502 2.08599,
	2.5685 2.09357,
	2.57525 2.0961,
	2.57862 2.09779,
	2.58536 2.09779,
	2.58873 2.09779,
	2.59547 2.09652,
	2.60896 2.09062,
	2.6157 2.08767,
	2.62919 2.08641,
	2.63087 2.08599,
	2.63762 2.08852,
	2.64436 2.09189,
	2.6511 2.09442,
	2.65447 2.09526,
	2.65784 2.09526,
	2.66459 2.09694,
	2.66796 2.09652,
	2.68144 2.09821,
	2.68818 2.09947,
	2.69493 2.09989,
	2.70167 2.10242,
	2.71515 2.10369,
	2.72864 2.10158,
	2.73201 2.10116,
	2.7337 2.10116,
	2.74044 2.10411,
	2.74718 2.11001,
	2.75055 2.11338,
	2.75561 2.12012,
	2.75814 2.12349,
	2.76151 2.13024,
	2.76615 2.13698,
	2.76825 2.14035,
	2.78132 2.15341,
	2.78806 2.15847,
	2.7948 2.16437,
	2.80787 2.17743,
	2.81714 2.19092,
	2.82472 2.2044,
	2.82936 2.21115,
	2.83315 2.22463,
	2.8361 2.23137,
	2.83652 2.23475,
	2.83947 2.24149,
	2.84074 2.24823,
	2.84116 2.26172,
	2.84074 2.2752,
	2.84074 2.28194,
	2.83905 2.29543,
	2.83863 2.30217,
	2.83905 2.30891,
	2.83863 2.31566,
	2.83821 2.31903,
	2.8361 2.32577,
	2.83062 2.33926,
	2.82809 2.35274,
	2.82725 2.35611,
	2.82809 2.36285,
	2.82809 2.36623,
	2.8302 2.37297,
	2.8361 2.37971,
	2.84074 2.38645,
	2.84242 2.38983,
	2.84284 2.39657,
	2.842 2.40331,
	2.83568 2.4168,
	2.83399 2.42017,
	2.83315 2.42185,
	2.82725 2.42859,
	2.82051 2.43492,
	2.81377 2.44039,
	2.80028 2.44756,
	2.79354 2.45093,
	2.78005 2.45472,
	2.77331 2.45599,
	2.71937 2.47158,
	2.70588 2.47537,
	2.67891 2.47959,
	2.66543 2.48085,
	2.65194 2.4838,
	2.62497 2.48844,
	2.61149 2.49181,
	2.58452 2.50066,
	2.57103 2.50529,
	2.56429 2.50656,
	2.5508 2.5074,
	2.54406 2.50782,
	2.53732 2.50656,
	2.52383 2.50192,
	2.51709 2.49813,
	2.51035 2.49181,
	2.50361 2.49096,
	2.50023 2.48928,
	2.49855 2.48801,
	2.49686 2.48759,
	2.49602 2.48675,
	2.48928 2.48549,
	2.47579 2.48591,
	2.47242 2.48591,
	2.47074 2.48591,
	2.46905 2.48464,
	2.46568 2.48338,
	2.46399 2.48296,
	2.46315 2.48211,
	2.46146 2.48169,
	2.45514 2.47621,
	2.4484 2.472,
	2.43534 2.45936,
	2.42902 2.45262,
	2.42227 2.44672,
	2.41553 2.44334,
	2.40879 2.44208,
	2.40542 2.44166,
	2.39193 2.43618,
	2.38519 2.43281,
	2.37845 2.43112,
	2.3717 2.43028,
	2.35822 2.43028,
	2.35148 2.42944,
	2.33799 2.42986,
	2.33125 2.4307,
	2.31776 2.4307,
	2.30428 2.42944,
	2.29754 2.42944,
	2.27057 2.42396,
	2.26382 2.42101,
	2.26045 2.41975,
	2.25961 2.4189,
	2.25624 2.41806,
	2.25455 2.41764,
	2.24781 2.41258,
	2.24233 2.40626,
	2.2377 2.39952,
	2.23643 2.39615,
	2.23432 2.39277,
	2.23264 2.38603,
	2.2318 2.37255,
	2.2318 2.3658,
	2.22969 2.35906,
	2.22463 2.35232,
	2.21157 2.3401,
	2.2082 2.33841,
	2.20145 2.33209,
	2.1985 2.32872,
	2.19429 2.3224,
	2.19387 2.32071,
	2.19134 2.31734,
	2.18881 2.3106,
	2.18839 2.30891,
	2.18713 2.30723,
	2.1867 2.30554,
	2.17912 2.29206,
	2.17785 2.28869,
	2.1728 2.28194,
	2.16985 2.27899,
	2.16311 2.2752,
	2.15636 2.27394,
	2.14288 2.27394,
	2.13614 2.27352,
	2.13276 2.27352,
	2.10579 2.27815,
	2.09905 2.27942,
	2.09231 2.27942,
	2.07882 2.27773,
	2.07545 2.27689,
	2.0725 2.27478,
	2.06913 2.27183,
	2.0645 2.26509,
	2.06239 2.26172,
	2.0586 2.24823,
	2.05775 2.24486,
	2.05733 2.23137,
	2.05733 2.22463,
	2.05733 2.22421,
	"/>
</Transform>

<Transform dim="1"
 xcoef=" 0.0184311085036907 1 0 0 0 0"
 ycoef=" -0.138233313777681 0 1 0 0 0">
<Contour name="ax13" comment="LK bouton trace named after cfa" hidden="false" closed="true" simplified="true" border="0 1 1" fill="0.502 1 1" mode="9"
 points="4.07061 2.96602,
	4.07118 2.95685,
	4.0729 2.94768,
	4.0752 2.9431,
	4.07634 2.94081,
	4.08494 2.93222,
	4.0878 2.92821,
	4.10613 2.91331,
	4.11014 2.91044,
	4.11244 2.90873,
	4.11702 2.90758,
	4.1216 2.90758,
	4.12389 2.90643,
	4.13306 2.90586,
	4.13764 2.90472,
	4.14681 2.89956,
	4.1491 2.89841,
	4.15025 2.89727,
	4.15139 2.89727,
	4.15369 2.89555,
	4.15827 2.89555,
	4.16056 2.89555,
	4.16514 2.89784,
	4.17374 2.90529,
	4.17603 2.90987,
	4.1766 2.91446,
	4.17889 2.91904,
	4.17889 2.92018,
	4.18176 2.92477,
	4.18405 2.92591,
	4.18806 2.9305,
	4.19379 2.93966,
	4.19494 2.94081,
	4.19551 2.9431,
	4.19723 2.94539,
	4.20009 2.95456,
	4.20009 2.96373,
	4.19723 2.97289,
	4.19723 2.98206,
	4.1978 2.98435,
	4.19952 2.98664,
	4.20353 2.99581,
	4.20582 3.00039,
	4.20582 3.00956,
	4.20353 3.01873,
	4.20181 3.02331,
	4.18978 3.04164,
	4.18176 3.04966,
	4.17718 3.05253,
	4.17488 3.05425,
	4.17259 3.05482,
	4.1703 3.05654,
	4.16113 3.05826,
	4.15197 3.05826,
	4.14738 3.05826,
	4.13822 3.05539,
	4.13707 3.05539,
	4.13593 3.05425,
	4.11759 3.04909,
	4.11587 3.04737,
	4.11358 3.0468,
	4.11129 3.04508,
	4.11014 3.04394,
	4.109 3.04394,
	4.10842 3.04279,
	4.10728 3.04279,
	4.10499 3.04107,
	4.1027 3.03706,
	4.10155 3.03649,
	4.10098 3.0342,
	4.09811 3.03019,
	4.09639 3.0256,
	4.09467 3.02331,
	4.08895 3.00498,
	4.07921 2.98779,
	4.07806 2.9855,
	4.07691 2.98435,
	4.07691 2.98321,
	4.07348 2.9792,
	4.07118 2.97461,
	4.07061 2.97003,
	4.07061 2.96774,
	4.07061 2.96659,
	"/>
</Transform>

<Transform dim="1"
 xcoef=" 0.0184311085036907 1 0 0 0 0"
 ycoef=" -0.138233313777681 0 1 0 0 0">
<Contour name="ax23" comment="LK bouton trace named after cfa" hidden="false" closed="true" simplified="true" border="0 1 1" fill="0.502 1 1" mode="9"
 points="4.00221 9.05157,
	4.00398 9.04687,
	4.00398 9.04452,
	4.00574 9.03981,
	4.0075 9.03041,
	4.01809 9.01159,
	4.02573 8.99278,
	4.02691 8.99043,
	4.02749 8.98102,
	4.02926 8.97161,
	4.03631 8.9528,
	4.04455 8.93398,
	4.04807 8.92457,
	4.04925 8.91517,
	4.04925 8.89635,
	4.05042 8.87754,
	4.05219 8.86813,
	4.05513 8.85872,
	4.05689 8.85402,
	4.06336 8.84461,
	4.06748 8.83991,
	4.07218 8.8305,
	4.07277 8.82933,
	4.071 8.82462,
	4.06924 8.82227,
	4.06924 8.82109,
	4.06806 8.81992,
	4.06689 8.81521,
	4.06689 8.80581,
	4.06748 8.8011,
	4.06865 8.79875,
	4.07042 8.77994,
	4.071 8.77053,
	4.071 8.76583,
	4.06806 8.76112,
	4.0663 8.75642,
	4.06336 8.75172,
	4.05983 8.74231,
	4.05807 8.73996,
	4.0563 8.73055,
	4.0563 8.7282,
	4.05395 8.72349,
	4.05336 8.71409,
	4.05513 8.70468,
	4.05572 8.69998,
	4.05748 8.69762,
	4.05924 8.69292,
	4.06571 8.68351,
	4.081 8.6647,
	4.08217 8.66235,
	4.09158 8.65294,
	4.10099 8.64647,
	4.1104 8.64118,
	4.12921 8.63354,
	4.13156 8.63236,
	4.13274 8.63118,
	4.13744 8.63001,
	4.13862 8.62883,
	4.14803 8.62766,
	4.16684 8.62295,
	4.16919 8.62119,
	4.1786 8.61884,
	4.18801 8.61766,
	4.20682 8.61766,
	4.21623 8.61884,
	4.22093 8.62001,
	4.22211 8.62001,
	4.22681 8.62295,
	4.23445 8.63177,
	4.2468 8.65059,
	4.25033 8.65529,
	4.25151 8.65764,
	4.26973 8.67587,
	4.27914 8.68469,
	4.28384 8.68939,
	4.28561 8.6941,
	4.28561 8.6988,
	4.29501 8.71761,
	4.29913 8.72232,
	4.30148 8.72467,
	4.31089 8.73114,
	4.3297 8.7476,
	4.33911 8.75642,
	4.34675 8.76583,
	4.35322 8.77523,
	4.35675 8.78464,
	4.36145 8.79405,
	4.36498 8.80346,
	4.36674 8.81286,
	4.37027 8.82227,
	4.37204 8.84109,
	4.37027 8.87871,
	4.36733 8.89753,
	4.36145 8.91634,
	4.35322 8.93516,
	4.34969 8.94457,
	4.34029 8.96338,
	4.33558 8.97279,
	4.33323 8.97749,
	4.32853 8.98219,
	4.32735 8.98455,
	4.31971 8.99395,
	4.31853 8.99631,
	4.3103 9.00512,
	4.3056 9.00748,
	4.29619 9.01394,
	4.28678 9.01747,
	4.27738 9.01806,
	4.27267 9.01806,
	4.26797 9.0163,
	4.24915 9.00454,
	4.24445 9.00218,
	4.23975 9.0016,
	4.23504 9.00218,
	4.22564 9.00689,
	4.20682 9.01865,
	4.18801 9.02864,
	4.1786 9.03158,
	4.16919 9.03335,
	4.16449 9.03393,
	4.15508 9.03805,
	4.13627 9.0504,
	4.11745 9.06157,
	4.09864 9.0698,
	4.09393 9.07039,
	4.08923 9.07215,
	4.07042 9.07509,
	4.06101 9.07803,
	4.04219 9.08685,
	4.03279 9.08744,
	4.02338 9.08509,
	4.01397 9.08097,
	4.00927 9.07686,
	4.00456 9.06745,
	4.00221 9.06274,
	4.00221 9.05334,
	4.00221 9.05216,
	"/>
</Transform>

<Transform dim="1"
 xcoef=" 0.0184311085036907 1 0 0 0 0"
 ycoef=" -0.138233313777681 0 1 0 0 0">
<Contour name="d01c35ax04" hidden="false" closed="true" simplified="true" border="0 1 0" fill="0 1 0" mode="9"
 points="3.6854 4.81001,
	3.69806 4.80368,
	3.79929 4.76018,
	3.8246 4.74911,
	3.83725 4.74357,
	3.84358 4.7412,
	3.84674 4.73962,
	3.85148 4.75227,
	3.86651 4.80289,
	3.87442 4.8282,
	3.876 4.83452,
	3.87679 4.83769,
	3.87758 4.83927,
	3.77635 4.88356,
	3.72574 4.90491,
	3.70043 4.91598,
	3.69727 4.91756,
	3.69569 4.91677,
	3.6862 4.81554,
	3.6854 4.81238,
	3.6854 4.8108,
	"/>
</Transform>

<Transform dim="1"
 xcoef=" 0.0184311085036907 1 0 0 0 0"
 ycoef=" -0.138233313777681 0 1 0 0 0">
<Contour name="d03c29ax12" hidden="false" closed="true" simplified="true" border="0 1 0" fill="0 1 0" mode="9"
 points="2.50919 2.45633,
	2.52645 2.45093,
	2.66453 2.41857,
	2.73357 2.40131,
	2.76809 2.39268,
	2.78535 2.38944,
	2.79398 2.38729,
	2.79613 2.38621,
	2.79829 2.38729,
	2.82742 2.52537,
	2.83066 2.54263,
	2.82634 2.54478,
	2.55018 2.59117,
	2.53292 2.59441,
	2.5286 2.59549,
	2.52645 2.59441,
	2.50919 2.45741,
	"/>
</Transform>

<Transform dim="1"
 xcoef=" 0.0184311085036907 1 0 0 0 0"
 ycoef=" -0.138233313777681 0 1 0 0 0">
<Contour name="d01c35ax04_ssvr" hidden="false" closed="true" simplified="false" border="0 1 0.251" fill="0 1 0.251" mode="11"
 points="3.6766 4.20263,
	3.66886 4.19489,
	3.6766 4.18716,
	3.68433 4.19489,
	"/>
<Contour name="d01c35ax04_ssvr" hidden="false" closed="true" simplified="false" border="0 1 0.251" fill="0 1 0.251" mode="11"
 points="3.71194 4.21919,
	3.70421 4.21146,
	3.71194 4.20373,
	3.71967 4.21146,
	"/>
<Contour name="d01c35ax04_ssvr" hidden="false" closed="true" simplified="false" border="0 1 0.251" fill="0 1 0.251" mode="11"
 points="3.74729 4.19489,
	3.73956 4.18716,
	3.74729 4.17943,
	3.75502 4.18716,
	"/>
<Contour name="d01c35ax04_ssvr" hidden="false" closed="true" simplified="false" border="0 1 0.251" fill="0 1 0.251" mode="11"
 points="3.70531 4.1728,
	3.69758 4.16507,
	3.70531 4.15734,
	3.71305 4.16507,
	"/>
<Contour name="d01c35ax04_ssvr" hidden="false" closed="true" simplified="false" border="0 1 0.251" fill="0 1 0.251" mode="11"
 points="3.64898 4.24129,
	3.64125 4.23355,
	3.64898 4.22582,
	3.65671 4.23355,
	"/>
<Contour name="d01c35ax04_ssvr" hidden="false" closed="true" simplified="false" border="0 1 0.251" fill="0 1 0.251" mode="11"
 points="3.6291 4.20483,
	3.62137 4.1971,
	3.6291 4.18937,
	3.63683 4.1971,
	"/>
<Contour name="d01c35ax04_ssvr" hidden="false" closed="true" simplified="false" border="0 1 0.251" fill="0 1 0.251" mode="11"
 points="3.5805 4.21036,
	3.57276 4.20263,
	3.5805 4.19489,
	3.58823 4.20263,
	"/>
<Contour name="d01c35ax04_ssvr" hidden="false" closed="true" simplified="false" border="0 1 0.251" fill="0 1 0.251" mode="11"
 points="3.59044 4.28547,
	3.58271 4.27774,
	3.59044 4.27,
	3.59817 4.27774,
	"/>
<Contour name="d01c35ax04_ssvr" hidden="false" closed="true" simplified="false" border="0 1 0.251" fill="0 1 0.251" mode="11"
 points="3.64346 4.29762,
	3.63573 4.28989,
	3.64346 4.28216,
	3.65119 4.28989,
	"/>
<Contour name="d01c35ax04_ssvr" hidden="false" closed="true" simplified="false" border="0 1 0.251" fill="0 1 0.251" mode="11"
 points="3.6302 4.26669,
	3.62247 4.25896,
	3.6302 4.25123,
	3.63794 4.25896,
	"/>
<Contour name="d01c35ax04_ssvr" hidden="false" closed="true" simplified="false" border="0 1 0.251" fill="0 1 0.251" mode="11"
 points="3.72962 4.26448,
	3.72188 4.25675,
	3.72962 4.24902,
	3.73735 4.25675,
	"/>
<Contour name="d01c35ax04_ssvr" hidden="false" closed="true" simplified="false" border="0 1 0.251" fill="0 1 0.251" mode="11"
 points="3.69427 4.28436,
	3.68654 4.27663,
	3.69427 4.2689,
	3.702 4.27663,
	"/>
<Contour name="d01c35ax04_ssvr" hidden="false" closed="true" simplified="false" border="0 1 0.251" fill="0 1 0.251" mode="11"
 points="3.68654 4.33628,
	3.6788 4.32855,
	3.68654 4.32082,
	3.69427 4.32855,
	"/>
<Contour name="d01c35ax04_ssvr" hidden="false" closed="true" simplified="false" border="0 1 0.251" fill="0 1 0.251" mode="11"
 points="3.64346 4.34953,
	3.63573 4.3418,
	3.64346 4.33407,
	3.65119 4.3418,
	"/>
<Contour name="d01c35ax04_ssvr" hidden="false" closed="true" simplified="false" border="0 1 0.251" fill="0 1 0.251" mode="11"
 points="3.60369 4.32965,
	3.59596 4.32192,
	3.60369 4.31419,
	3.61143 4.32192,
	"/>
<Contour name="d01c35ax04_ssvr" hidden="false" closed="true" simplified="false" border="0 1 0.251" fill="0 1 0.251" mode="11"
 points="3.71857 4.31087,
	3.71084 4.30314,
	3.71857 4.29541,
	3.7263 4.30314,
	"/>
<Contour name="d01c35ax04_ssvr" hidden="false" closed="true" simplified="false" border="0 1 0.251" fill="0 1 0.251" mode="11"
 points="3.72851 4.34291,
	3.72078 4.33517,
	3.72851 4.32744,
	3.73624 4.33517,
	"/>
<Contour name="d01c35ax04_ssvr" hidden="false" closed="true" simplified="false" border="0 1 0.251" fill="0 1 0.251" mode="11"
 points="3.75392 4.33738,
	3.74618 4.32965,
	3.75392 4.32192,
	3.76165 4.32965,
	"/>
<Contour name="d01c35ax04_ssvr" hidden="false" closed="true" simplified="false" border="0 1 0.251" fill="0 1 0.251" mode="11"
 points="3.74177 4.36942,
	3.73403 4.36168,
	3.74177 4.35395,
	3.7495 4.36168,
	"/>
<Contour name="d01c35ax04_ssvr" hidden="false" closed="true" simplified="false" border="0 1 0.251" fill="0 1 0.251" mode="11"
 points="3.78595 4.33849,
	3.77822 4.33076,
	3.78595 4.32302,
	3.79368 4.33076,
	"/>
<Contour name="d01c35ax04_ssvr" hidden="false" closed="true" simplified="false" border="0 1 0.251" fill="0 1 0.251" mode="11"
 points="3.76607 4.29651,
	3.75833 4.28878,
	3.76607 4.28105,
	3.7738 4.28878,
	"/>
<Contour name="d01c35ax04_ssvr" hidden="false" closed="true" simplified="false" border="0 1 0.251" fill="0 1 0.251" mode="11"
 points="3.80473 4.29872,
	3.79699 4.29099,
	3.80473 4.28326,
	3.81246 4.29099,
	"/>
<Contour name="d01c35ax04_ssvr" hidden="false" closed="true" simplified="false" border="0 1 0.251" fill="0 1 0.251" mode="11"
 points="3.8235 4.33959,
	3.81577 4.33186,
	3.8235 4.32413,
	3.83124 4.33186,
	"/>
<Contour name="d01c35ax04_ssvr" hidden="false" closed="true" simplified="false" border="0 1 0.251" fill="0 1 0.251" mode="11"
 points="3.85664 4.31971,
	3.84891 4.31198,
	3.85664 4.30425,
	3.86437 4.31198,
	"/>
<Contour name="d01c35ax04_ssvr" hidden="false" closed="true" simplified="false" border="0 1 0.251" fill="0 1 0.251" mode="11"
 points="3.85664 4.37052,
	3.84891 4.36279,
	3.85664 4.35506,
	3.86437 4.36279,
	"/>
<Contour name="d01c35ax04_ssvr" hidden="false" closed="true" simplified="false" border="0 1 0.251" fill="0 1 0.251" mode="11"
 points="3.8224 4.40587,
	3.81467 4.39814,
	3.8224 4.3904,
	3.83013 4.39814,
	"/>
<Contour name="d01c35ax04_ssvr" hidden="false" closed="true" simplified="false" border="0 1 0.251" fill="0 1 0.251" mode="11"
 points="3.86879 4.4136,
	3.86106 4.40587,
	3.86879 4.39814,
	3.87652 4.40587,
	"/>
<Contour name="d01c35ax04_ssvr" hidden="false" closed="true" simplified="false" border="0 1 0.251" fill="0 1 0.251" mode="11"
 points="3.91077 4.40255,
	3.90303 4.39482,
	3.91077 4.38709,
	3.9185 4.39482,
	"/>
<Contour name="d01c35ax04_ssvr" hidden="false" closed="true" simplified="false" border="0 1 0.251" fill="0 1 0.251" mode="11"
 points="3.7981 4.38267,
	3.79037 4.37494,
	3.7981 4.36721,
	3.80583 4.37494,
	"/>
<Contour name="d01c35ax04_ssvr" hidden="false" closed="true" simplified="false" border="0 1 0.251" fill="0 1 0.251" mode="11"
 points="3.79258 4.40697,
	3.78484 4.39924,
	3.79258 4.39151,
	3.80031 4.39924,
	"/>
<Contour name="d01c35ax04_ssvr" hidden="false" closed="true" simplified="false" border="0 1 0.251" fill="0 1 0.251" mode="11"
 points="3.76717 4.4136,
	3.75944 4.40587,
	3.76717 4.39814,
	3.7749 4.40587,
	"/>
<Contour name="d01c35ax04_ssvr" hidden="false" closed="true" simplified="false" border="0 1 0.251" fill="0 1 0.251" mode="11"
 points="3.79479 4.44121,
	3.78705 4.43348,
	3.79479 4.42575,
	3.80252 4.43348,
	"/>
<Contour name="d01c35ax04_ssvr" hidden="false" closed="true" simplified="false" border="0 1 0.251" fill="0 1 0.251" mode="11"
 points="3.83345 4.44784,
	3.82571 4.44011,
	3.83345 4.43238,
	3.84118 4.44011,
	"/>
<Contour name="d01c35ax04_ssvr" hidden="false" closed="true" simplified="false" border="0 1 0.251" fill="0 1 0.251" mode="11"
 points="3.84228 4.48871,
	3.83455 4.48098,
	3.84228 4.47325,
	3.85001 4.48098,
	"/>
<Contour name="d01c35ax04_ssvr" hidden="false" closed="true" simplified="false" border="0 1 0.251" fill="0 1 0.251" mode="11"
 points="3.87873 4.50638,
	3.871 4.49865,
	3.87873 4.49092,
	3.88647 4.49865,
	"/>
<Contour name="d01c35ax04_ssvr" hidden="false" closed="true" simplified="false" border="0 1 0.251" fill="0 1 0.251" mode="11"
 points="3.91408 4.5351,
	3.90635 4.52737,
	3.91408 4.51964,
	3.92181 4.52737,
	"/>
<Contour name="d01c35ax04_ssvr" hidden="false" closed="true" simplified="false" border="0 1 0.251" fill="0 1 0.251" mode="11"
 points="3.78595 4.48982,
	3.77822 4.48208,
	3.78595 4.47435,
	3.79368 4.48208,
	"/>
<Contour name="d01c35ax04_ssvr" hidden="false" closed="true" simplified="false" border="0 1 0.251" fill="0 1 0.251" mode="11"
 points="3.75171 4.45889,
	3.74397 4.45116,
	3.75171 4.44342,
	3.75944 4.45116,
	"/>
<Contour name="d01c35ax04_ssvr" hidden="false" closed="true" simplified="false" border="0 1 0.251" fill="0 1 0.251" mode="11"
 points="3.7252 4.40697,
	3.71746 4.39924,
	3.7252 4.39151,
	3.73293 4.39924,
	"/>
<Contour name="d01c35ax04_ssvr" hidden="false" closed="true" simplified="false" border="0 1 0.251" fill="0 1 0.251" mode="11"
 points="3.69206 4.38488,
	3.68433 4.37715,
	3.69206 4.36942,
	3.69979 4.37715,
	"/>
<Contour name="d01c35ax04_ssvr" hidden="false" closed="true" simplified="false" border="0 1 0.251" fill="0 1 0.251" mode="11"
 points="3.6545 4.39703,
	3.64677 4.3893,
	3.6545 4.38157,
	3.66224 4.3893,
	"/>
<Contour name="d01c35ax04_ssvr" hidden="false" closed="true" simplified="false" border="0 1 0.251" fill="0 1 0.251" mode="11"
 points="3.62358 4.41139,
	3.61584 4.40366,
	3.62358 4.39593,
	3.63131 4.40366,
	"/>
<Contour name="d01c35ax04_ssvr" hidden="false" closed="true" simplified="false" border="0 1 0.251" fill="0 1 0.251" mode="11"
 points="3.60922 4.38267,
	3.60148 4.37494,
	3.60922 4.36721,
	3.61695 4.37494,
	"/>
<Contour name="d01c35ax04_ssvr" hidden="false" closed="true" simplified="false" border="0 1 0.251" fill="0 1 0.251" mode="11"
 points="3.6059 4.46441,
	3.59817 4.45668,
	3.6059 4.44895,
	3.61363 4.45668,
	"/>
<Contour name="d01c35ax04_ssvr" hidden="false" closed="true" simplified="false" border="0 1 0.251" fill="0 1 0.251" mode="11"
 points="3.63573 4.4865,
	3.62799 4.47877,
	3.63573 4.47104,
	3.64346 4.47877,
	"/>
<Contour name="d01c35ax04_ssvr" hidden="false" closed="true" simplified="false" border="0 1 0.251" fill="0 1 0.251" mode="11"
 points="3.67549 4.48098,
	3.66776 4.47325,
	3.67549 4.46552,
	3.68322 4.47325,
	"/>
<Contour name="d01c35ax04_ssvr" hidden="false" closed="true" simplified="false" border="0 1 0.251" fill="0 1 0.251" mode="11"
 points="3.68433 4.52516,
	3.6766 4.51743,
	3.68433 4.5097,
	3.69206 4.51743,
	"/>
<Contour name="d01c35ax04_ssvr" hidden="false" closed="true" simplified="false" border="0 1 0.251" fill="0 1 0.251" mode="11"
 points="3.72299 4.48429,
	3.71526 4.47656,
	3.72299 4.46883,
	3.73072 4.47656,
	"/>
<Contour name="d01c35ax04_ssvr" hidden="false" closed="true" simplified="false" border="0 1 0.251" fill="0 1 0.251" mode="11"
 points="3.71967 4.44674,
	3.71194 4.43901,
	3.71967 4.43127,
	3.72741 4.43901,
	"/>
<Contour name="d01c35ax04_ssvr" hidden="false" closed="true" simplified="false" border="0 1 0.251" fill="0 1 0.251" mode="11"
 points="3.6788 4.42796,
	3.67107 4.42023,
	3.6788 4.4125,
	3.68654 4.42023,
	"/>
<Contour name="d01c35ax04_ssvr" hidden="false" closed="true" simplified="false" border="0 1 0.251" fill="0 1 0.251" mode="11"
 points="3.83234 4.534,
	3.82461 4.52627,
	3.83234 4.51854,
	3.84007 4.52627,
	"/>
<Contour name="d01c35ax04_ssvr" hidden="false" closed="true" simplified="false" border="0 1 0.251" fill="0 1 0.251" mode="11"
 points="3.86658 4.55499,
	3.85885 4.54725,
	3.86658 4.53952,
	3.87431 4.54725,
	"/>
<Contour name="d01c35ax04_ssvr" hidden="false" closed="true" simplified="false" border="0 1 0.251" fill="0 1 0.251" mode="11"
 points="3.85001 4.58371,
	3.84228 4.57597,
	3.85001 4.56824,
	3.85775 4.57597,
	"/>
<Contour name="d01c35ax04_ssvr" hidden="false" closed="true" simplified="false" border="0 1 0.251" fill="0 1 0.251" mode="11"
 points="3.82682 4.62568,
	3.81909 4.61795,
	3.82682 4.61022,
	3.83455 4.61795,
	"/>
<Contour name="d01c35ax04_ssvr" hidden="false" closed="true" simplified="false" border="0 1 0.251" fill="0 1 0.251" mode="11"
 points="3.78484 4.60248,
	3.77711 4.59475,
	3.78484 4.58702,
	3.79258 4.59475,
	"/>
<Contour name="d01c35ax04_ssvr" hidden="false" closed="true" simplified="false" border="0 1 0.251" fill="0 1 0.251" mode="11"
 points="3.71857 4.5583,
	3.71084 4.55057,
	3.71857 4.54284,
	3.7263 4.55057,
	"/>
<Contour name="d01c35ax04_ssvr" hidden="false" closed="true" simplified="false" border="0 1 0.251" fill="0 1 0.251" mode="11"
 points="3.69316 4.61242,
	3.68543 4.60469,
	3.69316 4.59696,
	3.7009 4.60469,
	"/>
<Contour name="d01c35ax04_ssvr" hidden="false" closed="true" simplified="false" border="0 1 0.251" fill="0 1 0.251" mode="11"
 points="3.64346 4.53621,
	3.63573 4.52848,
	3.64346 4.52074,
	3.65119 4.52848,
	"/>
<Contour name="d01c35ax04_ssvr" hidden="false" closed="true" simplified="false" border="0 1 0.251" fill="0 1 0.251" mode="11"
 points="3.6788 4.56493,
	3.67107 4.5572,
	3.6788 4.54946,
	3.68654 4.5572,
	"/>
<Contour name="d01c35ax04_ssvr" hidden="false" closed="true" simplified="false" border="0 1 0.251" fill="0 1 0.251" mode="11"
 points="3.73624 4.58702,
	3.72851 4.57929,
	3.73624 4.57155,
	3.74397 4.57929,
	"/>
<Contour name="d01c35ax04_ssvr" hidden="false" closed="true" simplified="false" border="0 1 0.251" fill="0 1 0.251" mode="11"
 points="3.79258 4.5583,
	3.78484 4.55057,
	3.79258 4.54284,
	3.80031 4.55057,
	"/>
<Contour name="d01c35ax04_ssvr" hidden="false" closed="true" simplified="false" border="0 1 0.251" fill="0 1 0.251" mode="11"
 points="3.75171 4.54173,
	3.74397 4.534,
	3.75171 4.52627,
	3.75944 4.534,
	"/>
<Contour name="d01c35ax04_ssvr" hidden="false" closed="true" simplified="false" border="0 1 0.251" fill="0 1 0.251" mode="11"
 points="3.73735 4.62899,
	3.72962 4.62126,
	3.73735 4.61353,
	3.74508 4.62126,
	"/>
<Contour name="d01c35ax04_ssvr" hidden="false" closed="true" simplified="false" border="0 1 0.251" fill="0 1 0.251" mode="11"
 points="3.77048 4.65661,
	3.76275 4.64888,
	3.77048 4.64114,
	3.77822 4.64888,
	"/>
<Contour name="d01c35ax04_ssvr" hidden="false" closed="true" simplified="false" border="0 1 0.251" fill="0 1 0.251" mode="11"
 points="3.81025 4.6544,
	3.80252 4.64667,
	3.81025 4.63893,
	3.81798 4.64667,
	"/>
<Contour name="d01c35ax04_ssvr" hidden="false" closed="true" simplified="false" border="0 1 0.251" fill="0 1 0.251" mode="11"
 points="3.79479 4.68754,
	3.78705 4.6798,
	3.79479 4.67207,
	3.80252 4.6798,
	"/>
<Contour name="d01c35ax04_ssvr" hidden="false" closed="true" simplified="false" border="0 1 0.251" fill="0 1 0.251" mode="11"
 points="3.76054 4.70521,
	3.75281 4.69748,
	3.76054 4.68974,
	3.76828 4.69748,
	"/>
<Contour name="d01c35ax04_ssvr" hidden="false" closed="true" simplified="false" border="0 1 0.251" fill="0 1 0.251" mode="11"
 points="3.7992 4.73061,
	3.79147 4.72288,
	3.7992 4.71515,
	3.80694 4.72288,
	"/>
<Contour name="d01c35ax04_ssvr" hidden="false" closed="true" simplified="false" border="0 1 0.251" fill="0 1 0.251" mode="11"
 points="3.71526 4.67318,
	3.70752 4.66544,
	3.71526 4.65771,
	3.72299 4.66544,
	"/>
<Contour name="d01c35ax04_ssvr" hidden="false" closed="true" simplified="false" border="0 1 0.251" fill="0 1 0.251" mode="11"
 points="3.67991 4.67539,
	3.67218 4.66765,
	3.67991 4.65992,
	3.68764 4.66765,
	"/>
<Contour name="d01c35ax04_ssvr" hidden="false" closed="true" simplified="false" border="0 1 0.251" fill="0 1 0.251" mode="11"
 points="3.71857 4.7019,
	3.71084 4.69416,
	3.71857 4.68643,
	3.7263 4.69416,
	"/>
<Contour name="d01c35ax04_ssvr" hidden="false" closed="true" simplified="false" border="0 1 0.251" fill="0 1 0.251" mode="11"
 points="3.69869 4.73614,
	3.69095 4.72841,
	3.69869 4.72067,
	3.70642 4.72841,
	"/>
<Contour name="d01c35ax04_ssvr" hidden="false" closed="true" simplified="false" border="0 1 0.251" fill="0 1 0.251" mode="11"
 points="3.54073 4.50859,
	3.533 4.50086,
	3.54073 4.49313,
	3.54846 4.50086,
	"/>
<Contour name="d01c35ax04_ssvr" hidden="false" closed="true" simplified="false" border="0 1 0.251" fill="0 1 0.251" mode="11"
 points="3.5098 4.54504,
	3.50207 4.53731,
	3.5098 4.52958,
	3.51754 4.53731,
	"/>
<Contour name="d01c35ax04_ssvr" hidden="false" closed="true" simplified="false" border="0 1 0.251" fill="0 1 0.251" mode="11"
 points="3.52969 4.59254,
	3.52195 4.58481,
	3.52969 4.57708,
	3.53742 4.58481,
	"/>
<Contour name="d01c35ax04_ssvr" hidden="false" closed="true" simplified="false" border="0 1 0.251" fill="0 1 0.251" mode="11"
 points="3.58271 4.60027,
	3.57497 4.59254,
	3.58271 4.58481,
	3.59044 4.59254,
	"/>
<Contour name="d01c35ax04_ssvr" hidden="false" closed="true" simplified="false" border="0 1 0.251" fill="0 1 0.251" mode="11"
 points="3.5816 4.54946,
	3.57387 4.54173,
	3.5816 4.534,
	3.58933 4.54173,
	"/>
<Contour name="d01c35ax04_ssvr" hidden="false" closed="true" simplified="false" border="0 1 0.251" fill="0 1 0.251" mode="11"
 points="3.61584 4.57708,
	3.60811 4.56935,
	3.61584 4.56161,
	3.62358 4.56935,
	"/>
<Contour name="d01c35ax04_ssvr" hidden="false" closed="true" simplified="false" border="0 1 0.251" fill="0 1 0.251" mode="11"
 points="3.64898 4.60911,
	3.64125 4.60138,
	3.64898 4.59365,
	3.65671 4.60138,
	"/>
<Contour name="d01c35ax04_ssvr" hidden="false" closed="true" simplified="false" border="0 1 0.251" fill="0 1 0.251" mode="11"
 points="3.61143 4.6301,
	3.60369 4.62237,
	3.61143 4.61463,
	3.61916 4.62237,
	"/>
<Contour name="d01c35ax04_ssvr" hidden="false" closed="true" simplified="false" border="0 1 0.251" fill="0 1 0.251" mode="11"
 points="3.64456 4.64998,
	3.63683 4.64225,
	3.64456 4.63452,
	3.65229 4.64225,
	"/>
<Contour name="d01c35ax04_ssvr" hidden="false" closed="true" simplified="false" border="0 1 0.251" fill="0 1 0.251" mode="11"
 points="3.60922 4.67759,
	3.60148 4.66986,
	3.60922 4.66213,
	3.61695 4.66986,
	"/>
<Contour name="d01c35ax04_ssvr" hidden="false" closed="true" simplified="false" border="0 1 0.251" fill="0 1 0.251" mode="11"
 points="3.57387 4.65219,
	3.56614 4.64446,
	3.57387 4.63672,
	3.5816 4.64446,
	"/>
<Contour name="d01c35ax04_ssvr" hidden="false" closed="true" simplified="false" border="0 1 0.251" fill="0 1 0.251" mode="11"
 points="3.52637 4.6544,
	3.51864 4.64667,
	3.52637 4.63893,
	3.5341 4.64667,
	"/>
<Contour name="d01c35ax04_ssvr" hidden="false" closed="true" simplified="false" border="0 1 0.251" fill="0 1 0.251" mode="11"
 points="3.60369 4.72951,
	3.59596 4.72178,
	3.60369 4.71405,
	3.61143 4.72178,
	"/>
<Contour name="d01c35ax04_ssvr" hidden="false" closed="true" simplified="false" border="0 1 0.251" fill="0 1 0.251" mode="11"
 points="3.64788 4.703,
	3.64014 4.69527,
	3.64788 4.68754,
	3.65561 4.69527,
	"/>
<Contour name="d01c35ax04_ssvr" hidden="false" closed="true" simplified="false" border="0 1 0.251" fill="0 1 0.251" mode="11"
 points="3.45016 4.58702,
	3.44242 4.57929,
	3.45016 4.57155,
	3.45789 4.57929,
	"/>
<Contour name="d01c35ax04_ssvr" hidden="false" closed="true" simplified="false" border="0 1 0.251" fill="0 1 0.251" mode="11"
 points="3.63573 4.72841,
	3.62799 4.72067,
	3.63573 4.71294,
	3.64346 4.72067,
	"/>
</Transform>

<Transform dim="1"
 xcoef=" 0.00843110850369074 1 0 0 0 0"
 ycoef=" -0.128233313777681 0 1 0 0 0">
<Contour name="d03c29ax12_ssvr" hidden="false" closed="true" simplified="false" border="0 1 0.501961" fill="0 0 1" mode="-11"
 points="2.72876 2.30251,
	2.72345 2.29737,
	2.7286 2.29215,
	2.73391 2.29729,
	"/>
</Transform>

<Transform dim="1"
 xcoef=" 0.00843110850369074 1 0 0 0 0"
 ycoef=" -0.138233313777681 0 1 0 0 0">
<Contour name="d03c29ax12_ssvr" hidden="false" closed="true" simplified="false" border="0 1 0.501961" fill="0 0 1" mode="-11"
 points="2.7302 2.34767,
	2.72489 2.34253,
	2.73004 2.3373,
	2.73535 2.34244,
	"/>
</Transform>

<Transform dim="1"
 xcoef=" 0.00843110850369074 1 0 0 0 0"
 ycoef=" -0.138233313777681 0 1 0 0 0">
<Contour name="d03c29ax12_ssvr" hidden="false" closed="true" simplified="false" border="0 1 0.501961" fill="0 0 1" mode="-11"
 points="2.6947 2.32351,
	2.68939 2.31837,
	2.69454 2.31315,
	2.69985 2.31829,
	"/>
</Transform>

<Transform dim="1"
 xcoef=" 0.0184311085036907 1 0 0 0 0"
 ycoef=" -0.128233313777681 0 1 0 0 0">
<Contour name="d03c29ax12_ssvr" hidden="false" closed="true" simplified="false" border="0 1 0.501961" fill="0 0 1" mode="-11"
 points="2.63192 2.32326,
	2.62661 2.31812,
	2.63176 2.3129,
	2.63707 2.31804,
	"/>
</Transform>

<Transform dim="1"
 xcoef=" 0.0284311085036907 1 0 0 0 0"
 ycoef=" -0.128233313777681 0 1 0 0 0">
<Contour name="d03c29ax12_ssvr" hidden="false" closed="true" simplified="false" border="0 1 0.501961" fill="0 0 1" mode="-11"
 points="2.60913 2.34788,
	2.60382 2.34274,
	2.60897 2.33752,
	2.61428 2.34266,
	"/>
</Transform>

<Transform dim="1"
 xcoef=" 0.00843110850369074 1 0 0 0 0"
 ycoef=" -0.128233313777681 0 1 0 0 0">
<Contour name="d03c29ax12_ssvr" hidden="false" closed="true" simplified="false" border="0 1 0.501961" fill="0 0 1" mode="-11"
 points="2.51722 2.29973,
	2.51191 2.29459,
	2.51706 2.28937,
	2.52238 2.29451,
	"/>
</Transform>

<Transform dim="1"
 xcoef=" 0.00843110850369074 1 0 0 0 0"
 ycoef=" -0.128233313777681 0 1 0 0 0">
<Contour name="d03c29ax12_ssvr" hidden="false" closed="true" simplified="false" border="0 1 0.501961" fill="0 0 1" mode="-11"
 points="2.43413 2.33963,
	2.42882 2.33449,
	2.43397 2.32926,
	2.43928 2.3344,
	"/>
</Transform>

<Transform dim="1"
 xcoef=" 0.0284311085036907 1 0 0 0 0"
 ycoef=" -0.128233313777681 0 1 0 0 0">
<Contour name="d03c29ax12_ssvr" hidden="false" closed="true" simplified="false" border="0 1 0.501961" fill="0 0 1" mode="-11"
 points="2.5562 2.21056,
	2.55089 2.20542,
	2.55605 2.20019,
	2.56136 2.20534,
	"/>
</Transform>

<Transform dim="1"
 xcoef=" 0.0284311085036907 1 0 0 0 0"
 ycoef=" -0.138233313777681 0 1 0 0 0">
<Contour name="d03c29ax12_ssvr" hidden="false" closed="true" simplified="false" border="0 1 0.501961" fill="0 0 1" mode="-11"
 points="2.49044 2.1622,
	2.48513 2.15706,
	2.49028 2.15184,
	2.49559 2.15698,
	"/>
</Transform>

<Transform dim="1"
 xcoef=" 0.00843110850369074 1 0 0 0 0"
 ycoef=" -0.138233313777681 0 1 0 0 0">
<Contour name="d03c29ax12_ssvr" hidden="false" closed="true" simplified="false" border="0 1 0.501961" fill="0 0 1" mode="-11"
 points="2.64014 2.17732,
	2.63483 2.17218,
	2.63998 2.16695,
	2.64529 2.1721,
	"/>
</Transform>

<Transform dim="1"
 xcoef=" 0.00843110850369074 1 0 0 0 0"
 ycoef=" -0.138233313777681 0 1 0 0 0">
<Contour name="d03c29ax12_ssvr" hidden="false" closed="true" simplified="false" border="0 1 0.501961" fill="0 0 1" mode="-11"
 points="2.69099 2.27689,
	2.68568 2.27175,
	2.69083 2.26652,
	2.69614 2.27167,
	"/>
</Transform>

<Transform dim="1"
 xcoef=" 0.0184311085036907 1 0 0 0 0"
 ycoef=" -0.148233313777681 0 1 0 0 0">
<Contour name="d03c29ax12_ssvr" hidden="false" closed="true" simplified="false" border="0 1 0.501961" fill="0 0 1" mode="-11"
 points="2.66468 2.27642,
	2.65937 2.27128,
	2.66452 2.26606,
	2.66983 2.2712,
	"/>
</Transform>

<Transform dim="1"
 xcoef=" 0.00843110850369074 1 0 0 0 0"
 ycoef=" -0.138233313777681 0 1 0 0 0">
<Contour name="d03c29ax12_ssvr" hidden="false" closed="true" simplified="false" border="0 1 0.501961" fill="0 0 1" mode="-11"
 points="2.53553 2.11927,
	2.53022 2.11413,
	2.53537 2.1089,
	2.54067 2.11404,
	"/>
</Transform>

<Transform dim="1"
 xcoef=" 0.0184311085036907 1 0 0 0 0"
 ycoef=" -0.128233313777681 0 1 0 0 0">
<Contour name="d03c29ax12_ssvr" hidden="false" closed="true" simplified="false" border="0 1 0.501961" fill="0 0 1" mode="-11"
 points="2.50898 2.34719,
	2.50367 2.34205,
	2.50882 2.33682,
	2.51413 2.34196,
	"/>
</Transform>

<Transform dim="3"
 xcoef=" -1.08803960840045 1.18015891317521 0.0470384683033917 0 0 0"
 ycoef=" -1.61892941040974 0.0492360926659711 1.0725804657847 0 0 0">
<Image mag="0.00217507" contrast="1" brightness="0.1" red="true" green="true" blue="true"
 src="FHLTD.185.jpg" />
<Contour name="domain1" hidden="false" closed="true" simplified="false" border="1 0 1" fill="1 0 1" mode="11"
 points="0 0,
	4096 0,
	4096 4096,
	0 4096,
	"/>
</Transform>

<Transform dim="1"
 xcoef=" -0.0115688914963093 1 0 0 0 0"
 ycoef=" -0.138233313777681 0 1 0 0 0">
<Contour name="d03c29ax12_ssvr" hidden="false" closed="true" simplified="false" border="0 1 0.501961" fill="0 0 1" mode="-11"
 points="2.65272 2.41914,
	2.64741 2.414,
	2.65256 2.40877,
	2.65787 2.41391,
	"/>
</Transform>

<Transform dim="1"
 xcoef=" 0.0184311085036907 1 0 0 0 0"
 ycoef=" -0.148233313777681 0 1 0 0 0">
<Contour name="d03c29ax12_ssvr" hidden="false" closed="true" simplified="false" border="0 1 0.501961" fill="0 0 1" mode="-11"
 points="2.44997 2.27056,
	2.44467 2.26542,
	2.44981 2.26019,
	2.45512 2.26533,
	"/>
</Transform>

<Transform dim="1"
 xcoef=" 0.0184311085036907 1 0 0 0 0"
 ycoef=" -0.138233313777681 0 1 0 0 0">
<Contour name="d07c37ax23_ssvr" hidden="false" closed="true" simplified="false" border="0 1 0.501961" fill="0 0 1" mode="-11"
 points="4.19192 8.68962,
	4.18286 8.68085,
	4.19164 8.67194,
	4.20069 8.6807,
	"/>
<Contour name="d07c37ax23_ssvr" hidden="false" closed="true" simplified="false" border="0 1 0.501961" fill="0 0 1" mode="-11"
 points="4.16943 8.72882,
	4.16038 8.72005,
	4.16916 8.71115,
	4.17821 8.71991,
	"/>
<Contour name="d07c37ax23_ssvr" hidden="false" closed="true" simplified="false" border="0 1 0.501961" fill="0 0 1" mode="-11"
 points="4.25602 8.88222,
	4.24696 8.87346,
	4.25574 8.86455,
	4.26479 8.87332,
	"/>
<Contour name="d07c37ax23_ssvr" hidden="false" closed="true" simplified="false" border="0 1 0.501961" fill="0 0 1" mode="-11"
 points="4.19292 8.92058,
	4.18386 8.91182,
	4.19265 8.90291,
	4.20169 8.91168,
	"/>
<Contour name="d07c37ax23_ssvr" hidden="false" closed="true" simplified="false" border="0 1 0.501961" fill="0 0 1" mode="-11"
 points="4.20928 8.82453,
	4.20022 8.81577,
	4.209 8.80686,
	4.21805 8.81563,
	"/>
<Contour name="d07c37ax23_ssvr" hidden="false" closed="true" simplified="false" border="0 1 0.501961" fill="0 0 1" mode="-11"
 points="4.18815 8.77673,
	4.17911 8.76797,
	4.18788 8.75907,
	4.19694 8.76783,
	"/>
<Contour name="d07c37ax23_ssvr" hidden="false" closed="true" simplified="false" border="0 1 0.501961" fill="0 0 1" mode="-11"
 points="4.12553 8.92868,
	4.11647 8.91992,
	4.12526 8.91101,
	4.13431 8.91978,
	"/>
<Contour name="d07c37ax23_ssvr" hidden="false" closed="true" simplified="false" border="0 1 0.501961" fill="0 0 1" mode="-11"
 points="4.1559 8.91583,
	4.14686 8.90706,
	4.15563 8.89816,
	4.16468 8.90692,
	"/>
<Contour name="d07c37ax23_ssvr" hidden="false" closed="true" simplified="false" border="0 1 0.501961" fill="0 0 1" mode="-11"
 points="4.26806 8.74802,
	4.25862 8.73858,
	4.26806 8.72913,
	4.27751 8.73858,
	"/>
<Contour name="d07c37ax23_ssvr" hidden="false" closed="true" simplified="false" border="0 1 0.501961" fill="0 0 1" mode="-11"
 points="4.19731 8.87781,
	4.18826 8.86905,
	4.19704 8.86015,
	4.2061 8.86891,
	"/>
<Contour name="d07c37ax23_ssvr" hidden="false" closed="true" simplified="false" border="0 1 0.501961" fill="0 0 1" mode="-11"
 points="4.15503 8.87173,
	4.14598 8.86296,
	4.15476 8.85406,
	4.16382 8.86282,
	"/>
<Contour name="d07c37ax23_ssvr" hidden="false" closed="true" simplified="false" border="0 1 0.501961" fill="0 0 1" mode="-11"
 points="4.11693 8.78986,
	4.10748 8.78041,
	4.11693 8.77096,
	4.12637 8.78041,
	"/>
<Contour name="d07c37ax23_ssvr" hidden="false" closed="true" simplified="false" border="0 1 0.501961" fill="0 0 1" mode="-11"
 points="4.11828 8.83169,
	4.10883 8.82224,
	4.11828 8.8128,
	4.12772 8.82224,
	"/>
<Contour name="d07c37ax23_ssvr" hidden="false" closed="true" simplified="false" border="0 1 0.501961" fill="0 0 1" mode="-11"
 points="4.23141 8.77531,
	4.22236 8.76654,
	4.23113 8.75764,
	4.24018 8.7664,
	"/>
<Contour name="d07c37ax23_ssvr" hidden="false" closed="true" simplified="false" border="0 1 0.501961" fill="0 0 1" mode="-11"
 points="4.25592 8.8074,
	4.24647 8.79795,
	4.25592 8.78851,
	4.26536 8.79795,
	"/>
<Contour name="d07c37ax23_ssvr" hidden="false" closed="true" simplified="false" border="0 1 0.501961" fill="0 0 1" mode="-11"
 points="4.29124 8.93622,
	4.28219 8.92745,
	4.29096 8.91855,
	4.30001 8.92731,
	"/>
<Contour name="d07c37ax23_ssvr" hidden="false" closed="true" simplified="false" border="0 1 0.501961" fill="0 0 1" mode="-11"
 points="4.24326 8.97436,
	4.23422 8.9656,
	4.24299 8.95669,
	4.25205 8.96546,
	"/>
</Transform>

<Transform dim="1"
 xcoef=" 0.0184311085036907 1 0 0 0 0"
 ycoef=" -0.138233313777681 0 1 0 0 0">
<Contour name="ax35" comment="dch traced 1.19" hidden="false" closed="true" simplified="true" border="0.501961 1 1" fill="0.501961 1 1" mode="11"
 points="5.47115 1.89423,
	5.47638 1.8803,
	5.47899 1.87682,
	5.47986 1.86289,
	5.47986 1.85593,
	5.48334 1.84896,
	5.49727 1.83765,
	5.5112 1.83503,
	5.51816 1.83329,
	5.53209 1.83329,
	5.53905 1.83329,
	5.54602 1.83591,
	5.5495 1.83678,
	5.55646 1.84113,
	5.55995 1.84461,
	5.56256 1.85157,
	5.56691 1.85854,
	5.58084 1.86637,
	5.5878 1.8716,
	5.59303 1.87769,
	5.59564 1.88465,
	5.59651 1.89858,
	5.59651 1.90555,
	5.59041 1.91947,
	5.59041 1.92122,
	5.58606 1.92818,
	5.58084 1.94211,
	5.57213 1.95604,
	5.56517 1.96039,
	5.55124 1.96648,
	5.52339 1.98563,
	5.5199 1.98737,
	5.50685 2.00043,
	5.49988 2.00565,
	5.49292 2.00827,
	5.48944 2.00827,
	5.48769 2.00827,
	5.48073 2.00304,
	5.47812 1.99956,
	5.47899 1.98563,
	5.48682 1.9717,
	5.49292 1.95778,
	5.49292 1.94385,
	5.48857 1.92992,
	5.47812 1.91599,
	5.47464 1.91251,
	5.47115 1.90555,
	5.47115 1.89858,
	5.47115 1.8951,
	"/>
</Transform>

<Transform dim="1"
 xcoef=" 0.0184311085036907 1 0 0 0 0"
 ycoef=" -0.138233313777681 0 1 0 0 0">
<Contour name="ax42" comment="dch traced 1.19" hidden="false" closed="true" simplified="true" border="0.502 1 1" fill="0.502 1 1" mode="11"
 points="4.70437 5.07896,
	4.70953 5.06863,
	4.72891 5.05183,
	4.73924 5.04279,
	4.74183 5.04021,
	4.76249 5.03504,
	4.78316 5.03375,
	4.78833 5.03375,
	4.80899 5.02342,
	4.81416 5.01954,
	4.8245 5.01696,
	4.84516 5.01696,
	4.86583 5.02083,
	4.871 5.02213,
	4.89037 5.04021,
	4.89296 5.04538,
	4.89296 5.06604,
	4.89037 5.08671,
	4.88391 5.10738,
	4.87616 5.11771,
	4.86583 5.12675,
	4.8245 5.14871,
	4.81416 5.1513,
	4.79349 5.1513,
	4.78833 5.15,
	4.78574 5.15,
	4.76508 5.13579,
	4.72374 5.119,
	4.71341 5.10996,
	4.70566 5.09963,
	4.70437 5.08025,
	"/>
</Transform>

<Transform dim="1"
 xcoef=" 0.0184311085036907 1 0 0 0 0"
 ycoef=" -0.138233313777681 0 1 0 0 0">
<Contour name="ax40" comment="dch traced 1.19" hidden="false" closed="true" simplified="true" border="0.502 1 1" fill="0.502 1 1" mode="11"
 points="4.2562 3.20877,
	4.25904 3.20117,
	4.27709 3.17078,
	4.28943 3.15654,
	4.29323 3.15274,
	4.30178 3.13754,
	4.30653 3.12235,
	4.30842 3.11475,
	4.31507 3.09956,
	4.32362 3.08437,
	4.32552 3.08057,
	4.33976 3.06537,
	4.34736 3.05778,
	4.35211 3.05018,
	4.37775 3.01979,
	4.39199 3.00745,
	4.39864 2.99985,
	4.40814 2.98465,
	4.41953 2.96946,
	4.42238 2.96566,
	4.42713 2.95047,
	4.42903 2.94287,
	4.43093 2.93907,
	4.43757 2.93148,
	4.44517 2.92578,
	4.46036 2.91913,
	4.49075 2.91723,
	4.50595 2.91153,
	4.51259 2.90584,
	4.52779 2.89919,
	4.54298 2.89539,
	4.55817 2.89444,
	4.56577 2.89539,
	4.57337 2.89824,
	4.57717 2.90014,
	4.58097 2.90394,
	4.59521 2.91438,
	4.59806 2.91818,
	4.59901 2.92578,
	4.59901 2.92768,
	4.59331 2.93527,
	4.57812 2.94477,
	4.57052 2.94762,
	4.55533 2.95712,
	4.54013 2.96281,
	4.52494 2.97136,
	4.51734 2.97611,
	4.5031 2.99035,
	4.49075 3.00555,
	4.48031 3.02074,
	4.47841 3.02834,
	4.47746 3.04353,
	4.47366 3.05113,
	4.46606 3.05778,
	4.45657 3.07297,
	4.45467 3.07677,
	4.44707 3.08247,
	4.43947 3.08626,
	4.43188 3.08626,
	4.42808 3.08721,
	4.42048 3.09386,
	4.41098 3.10906,
	4.40719 3.11665,
	4.38629 3.14704,
	4.37775 3.16223,
	4.3654 3.19262,
	4.3616 3.20022,
	4.3616 3.20212,
	4.34546 3.23251,
	4.33501 3.2477,
	4.32742 3.2553,
	4.31982 3.2591,
	4.31602 3.26099,
	4.30083 3.2591,
	4.28563 3.25435,
	4.27804 3.2496,
	4.26569 3.2363,
	4.25904 3.22871,
	4.2562 3.22111,
	4.2562 3.21351,
	4.2562 3.20971,
	"/>
</Transform>

<Transform dim="1"
 xcoef=" 0.0184311085036907 1 0 0 0 0"
 ycoef=" -0.138233313777681 0 1 0 0 0">
<Contour name="ax72" comment="traced by ddh" hidden="false" closed="true" simplified="true" border="1 1 0" fill="1 1 0" mode="11"
 points="3.84518 6.50099,
	3.84699 6.49377,
	3.84699 6.49196,
	3.84789 6.49106,
	3.84834 6.48926,
	3.85511 6.48204,
	3.85782 6.47933,
	3.86459 6.47211,
	3.86865 6.46534,
	3.88083 6.45135,
	3.88399 6.44775,
	3.88895 6.44098,
	3.8894 6.43917,
	3.89211 6.43556,
	3.89572 6.42834,
	3.89707 6.42473,
	3.89843 6.42293,
	3.90068 6.41571,
	3.90384 6.40849,
	3.90565 6.40488,
	3.9061 6.40308,
	3.9088 6.39947,
	3.9088 6.39856,
	3.91828 6.38412,
	3.92189 6.38097,
	3.92369 6.37916,
	3.9246 6.37781,
	3.92821 6.37555,
	3.93001 6.3742,
	3.93362 6.37284,
	3.94084 6.37239,
	3.94806 6.37284,
	3.95167 6.3733,
	3.95889 6.37691,
	3.96205 6.37961,
	3.96791 6.38638,
	3.97017 6.38999,
	3.97197 6.3918,
	3.97423 6.39541,
	3.97468 6.39721,
	3.97603 6.39901,
	3.97649 6.40082,
	3.97784 6.40262,
	3.98055 6.41706,
	3.9801 6.42428,
	3.97874 6.4315,
	3.97739 6.43511,
	3.97694 6.43692,
	3.97603 6.43782,
	3.97558 6.43962,
	3.97423 6.44143,
	3.97423 6.44233,
	3.97152 6.44594,
	3.97062 6.44775,
	3.97062 6.44865,
	3.96972 6.4491,
	3.96881 6.45271,
	3.96656 6.45632,
	3.96385 6.46354,
	3.96385 6.46444,
	3.96295 6.46534,
	3.95979 6.47256,
	3.95889 6.47617,
	3.95799 6.47707,
	3.95528 6.48429,
	3.95393 6.4879,
	3.95393 6.4888,
	3.95302 6.48971,
	3.95122 6.50415,
	3.95122 6.50595,
	3.95032 6.50776,
	3.94896 6.51497,
	3.94671 6.52219,
	3.9431 6.52941,
	3.94219 6.53032,
	3.94219 6.53122,
	3.93182 6.54475,
	3.92685 6.55152,
	3.92054 6.55829,
	3.91873 6.5601,
	3.91557 6.5619,
	3.91241 6.56506,
	3.90565 6.56957,
	3.90474 6.56957,
	3.90294 6.57092,
	3.89933 6.57228,
	3.89843 6.57228,
	3.89798 6.57318,
	3.89076 6.57589,
	3.88715 6.57724,
	3.87993 6.57769,
	3.87812 6.57679,
	3.87632 6.57679,
	3.87271 6.57453,
	3.87135 6.57273,
	3.87045 6.57183,
	3.87045 6.57002,
	3.8682 6.5628,
	3.86729 6.55558,
	3.86639 6.55197,
	3.86459 6.54836,
	3.86368 6.54746,
	3.86368 6.54656,
	3.85376 6.53257,
	3.85105 6.52941,
	3.8506 6.52761,
	3.8497 6.52671,
	3.8497 6.5258,
	3.84744 6.52219,
	3.84609 6.51858,
	3.84518 6.51678,
	3.84518 6.50234,
	3.84518 6.50144,
	"/>
</Transform>

<Transform dim="0"
 xcoef=" 0 1 0 0 0 0"
 ycoef=" 0 0 1 0 0 0">
<Contour name="d03c29ax12_ssvr" hidden="false" closed="true" simplified="false" border="0 1 0.501961" fill="0 0 1" mode="-11"
 points="2.2935 2.5121,
	2.281 2.4996,
	2.2935 2.4871,
	2.306 2.4996,
	"/>
<Contour name="d03c29ax12_ssvr" hidden="false" closed="true" simplified="false" border="0 1 0.501961" fill="0 0 1" mode="-11"
 points="2.12405 2.29578,
	2.11155 2.28328,
	2.12405 2.27078,
	2.13655 2.28328,
	"/>
<Contour name="d03c29ax12_ssvr" hidden="false" closed="true" simplified="false" border="0 1 0.501961" fill="0 0 1" mode="-11"
 points="2.32114 2.14796,
	2.30864 2.13546,
	2.32114 2.12296,
	2.33364 2.13546,
	"/>
<Contour name="d03c29ax12_ssvr" hidden="false" closed="true" simplified="false" border="0 1 0.501961" fill="0 0 1" mode="-11"
 points="2.35119 2.1744,
	2.33869 2.1619,
	2.35119 2.1494,
	2.36369 2.1619,
	"/>
<Contour name="d03c29ax12_ssvr" hidden="false" closed="true" simplified="false" border="0 1 0.501961" fill="0 0 1" mode="-11"
 points="2.36561 2.21767,
	2.35311 2.20517,
	2.36561 2.19267,
	2.37811 2.20517,
	"/>
<Contour name="d03c29ax12_ssvr" hidden="false" closed="true" simplified="false" border="0 1 0.501961" fill="0 0 1" mode="-11"
 points="2.45094 2.28617,
	2.43844 2.27367,
	2.45094 2.26117,
	2.46344 2.27367,
	"/>
<Contour name="d03c29ax12_ssvr" hidden="false" closed="true" simplified="false" border="0 1 0.501961" fill="0 0 1" mode="-11"
 points="2.66726 2.3102,
	2.65476 2.2977,
	2.66726 2.2852,
	2.67976 2.2977,
	"/>
</Transform>

<Transform dim="0"
 xcoef=" 0 1 0 0 0 0"
 ycoef=" 0 0 1 0 0 0">
<Contour name="d03c29ax12_ssvr" hidden="false" closed="true" simplified="false" border="0 1 0.501961" fill="0 0 1" mode="-11"
 points="2.15289 2.25132,
	2.14039 2.23882,
	2.15289 2.22632,
	2.16539 2.23882,
	"/>
</Transform>

<Transform dim="0"
 xcoef=" 0 1 0 0 0 0"
 ycoef=" 0 0 1 0 0 0">
<Contour name="d03c29ax12_ssvr" hidden="false" closed="true" simplified="false" border="0 1 0.501961" fill="0 0 1" mode="-11"
 points="2.65625 2.46887,
	2.64375 2.45637,
	2.65625 2.44387,
	2.66875 2.45637,
	"/>
</Transform>

<Transform dim="0"
 xcoef=" 0 1 0 0 0 0"
 ycoef=" 0 0 1 0 0 0">
<Contour name="ax16" comment="dch traced 4.19" hidden="false" closed="true" simplified="true" border="0 1 1" fill="0.502 1 1" mode="9"
 points="2.0307 8.20864,
	2.03145 8.20565,
	2.03966 8.19446,
	2.05011 8.18476,
	2.05608 8.18102,
	2.06205 8.17878,
	2.08593 8.17878,
	2.09787 8.17878,
	2.10384 8.17878,
	2.11578 8.17655,
	2.11877 8.1758,
	2.12026 8.17431,
	2.12623 8.17281,
	2.12772 8.17281,
	2.13071 8.17058,
	2.13369 8.16983,
	2.13519 8.16834,
	2.13817 8.16759,
	2.16205 8.15192,
	2.16802 8.14893,
	2.17026 8.14669,
	2.17176 8.14669,
	2.17325 8.1452,
	2.17474 8.1452,
	2.17549 8.14371,
	2.18146 8.14222,
	2.18295 8.14222,
	2.18444 8.14072,
	2.19638 8.13923,
	2.22027 8.13923,
	2.22624 8.13923,
	2.23818 8.13475,
	2.25012 8.12878,
	2.25609 8.12505,
	2.26803 8.11983,
	2.274 8.11609,
	2.27997 8.11386,
	2.28594 8.11012,
	2.28893 8.10938,
	2.2949 8.10565,
	2.29639 8.10565,
	2.29863 8.10341,
	2.31057 8.09968,
	2.32251 8.09968,
	2.32848 8.09968,
	2.33445 8.10191,
	2.34564 8.10938,
	2.35385 8.11983,
	2.3546 8.12281,
	2.35833 8.12878,
	2.35833 8.13027,
	2.35982 8.13177,
	2.3643 8.14371,
	2.374 8.1549,
	2.37848 8.16087,
	2.37997 8.16386,
	2.38147 8.16535,
	2.38296 8.17132,
	2.38445 8.17431,
	2.38445 8.18625,
	2.38445 8.18923,
	2.37997 8.20117,
	2.37326 8.21311,
	2.36505 8.22431,
	2.35982 8.22953,
	2.34863 8.237,
	2.34788 8.23849,
	2.34191 8.23998,
	2.33893 8.24147,
	2.32699 8.24222,
	2.31505 8.24521,
	2.30908 8.24595,
	2.30311 8.24819,
	2.30012 8.24819,
	2.29713 8.24968,
	2.29415 8.24968,
	2.27027 8.25789,
	2.25833 8.26386,
	2.25236 8.26834,
	2.24862 8.27282,
	2.24116 8.28401,
	2.23668 8.28849,
	2.23221 8.29446,
	2.22624 8.29969,
	2.22101 8.30342,
	2.20907 8.31387,
	2.20161 8.32581,
	2.19564 8.33775,
	2.19265 8.34372,
	2.19191 8.3467,
	2.1837 8.35864,
	2.17996 8.36387,
	2.17399 8.36835,
	2.16802 8.37133,
	2.15608 8.37208,
	2.15011 8.37208,
	2.14414 8.36909,
	2.14116 8.36835,
	2.12996 8.36088,
	2.12026 8.34969,
	2.10459 8.32581,
	2.09563 8.31461,
	2.08593 8.30566,
	2.08294 8.30416,
	2.0613 8.28476,
	2.05608 8.27879,
	2.04115 8.2564,
	2.03742 8.25043,
	2.03369 8.23849,
	2.0322 8.2355,
	2.0307 8.22356,
	2.0307 8.21162,
	2.0307 8.20938,
	"/>
</Transform>

<Transform dim="1"
 xcoef=" -0.01 1 0 0 0 0"
 ycoef=" 0 0 1 0 0 0">
<Contour name="d07c37ax23_ssvr" hidden="false" closed="true" simplified="false" border="0 1 0.501961" fill="0 0 1" mode="-11"
 points="4.14107 8.95684,
	4.13202 8.94807,
	4.1408 8.93917,
	4.14986 8.94793,
	"/>
</Transform>

<Transform dim="1"
 xcoef=" -0.01 1 0 0 0 0"
 ycoef=" 0.01 0 1 0 0 0">
<Contour name="d07c37ax23_ssvr" hidden="false" closed="true" simplified="false" border="0 1 0.501961" fill="0 0 1" mode="-11"
 points="4.25782 9.01146,
	4.24878 9.00269,
	4.25755 8.99379,
	4.26661 9.00255,
	"/>
</Transform>

<Transform dim="1"
 xcoef=" -0.01 1 0 0 0 0"
 ycoef=" 0 0 1 0 0 0">
<Contour name="d07c37ax23_ssvr" hidden="false" closed="true" simplified="false" border="0 1 0.501961" fill="0 0 1" mode="-11"
 points="4.20794 8.99797,
	4.19889 8.9892,
	4.20767 8.9803,
	4.21672 8.98906,
	"/>
</Transform>

<Transform dim="1"
 xcoef=" 0 1 0 0 0 0"
 ycoef=" 0.01 0 1 0 0 0">
<Contour name="d07c37ax23_ssvr" hidden="false" closed="true" simplified="false" border="0 1 0.501961" fill="0 0 1" mode="-11"
 points="4.20997 9.04717,
	4.20092 9.03841,
	4.2097 9.0295,
	4.21875 9.03827,
	"/>
</Transform>

<Transform dim="0"
 xcoef=" 0 1 0 0 0 0"
 ycoef=" 0 0 1 0 0 0">
<Contour name="d07c37ax23_ssvr" hidden="false" closed="true" simplified="false" border="0 1 0.501961" fill="0 0 1" mode="-11"
 points="4.21173 8.94661,
	4.19923 8.93411,
	4.21173 8.92161,
	4.22423 8.93411,
	"/>
</Transform>

<Transform dim="0"
 xcoef=" 0 1 0 0 0 0"
 ycoef=" 0 0 1 0 0 0">
<Contour name="ax45" comment="dch traced 1.19" hidden="false" closed="true" simplified="true" border="0.502 1 1" fill="0.502 1 1" mode="11"
 points="4.45779 2.75529,
	4.46154 2.73531,
	4.47652 2.69536,
	4.48776 2.67538,
	4.4965 2.66664,
	4.50149 2.66164,
	4.52147 2.65041,
	4.54145 2.64292,
	4.56142 2.64167,
	4.57141 2.63917,
	4.61137 2.64042,
	4.63135 2.64791,
	4.63384 2.65041,
	4.63884 2.65166,
	4.64883 2.65915,
	4.6688 2.66789,
	4.67879 2.67413,
	4.69502 2.69286,
	4.69752 2.69785,
	4.70626 2.70784,
	4.72624 2.72158,
	4.73373 2.73157,
	4.74497 2.75154,
	4.75121 2.76153,
	4.75995 2.77152,
	4.76495 2.78151,
	4.77119 2.82147,
	4.77493 2.83145,
	4.77618 2.83645,
	4.78243 2.84644,
	4.79241 2.85643,
	4.81239 2.87016,
	4.83237 2.8814,
	4.85235 2.89513,
	4.86109 2.90387,
	4.86733 2.91386,
	4.87357 2.93384,
	4.87482 2.97379,
	4.87357 2.98378,
	4.86483 3.00376,
	4.8536 3.02374,
	4.84735 3.04372,
	4.84236 3.0537,
	4.83237 3.06244,
	4.82238 3.06869,
	4.8024 3.07493,
	4.79241 3.07493,
	4.77244 3.06744,
	4.76994 3.06744,
	4.76744 3.06494,
	4.75745 3.06244,
	4.74747 3.06369,
	4.72749 3.07118,
	4.70751 3.07618,
	4.68753 3.07368,
	4.67754 3.07118,
	4.66755 3.06619,
	4.64758 3.04871,
	4.63759 3.03997,
	4.63259 3.03622,
	4.61262 3.02998,
	4.59264 3.02124,
	4.55268 2.98878,
	4.53895 2.97005,
	4.51772 2.93009,
	4.4915 2.89014,
	4.47777 2.87016,
	4.47153 2.86017,
	4.46403 2.84019,
	4.45904 2.82022,
	4.45779 2.78026,
	4.45779 2.76028,
	4.45779 2.75654,
	"/>
</Transform>

<Transform dim="1"
 xcoef=" 0.02 1 0 0 0 0"
 ycoef=" -0.14 0 1 0 0 0">
<Contour name="d03c25ax45_ssvr" hidden="false" closed="true" simplified="false" border="0 1 0" fill="0 1 0" mode="11"
 points="4.6544 2.58605,
	4.64577 2.57743,
	4.6544 2.56881,
	4.66302 2.57743,
	"/>
<Contour name="d03c25ax45_ssvr" hidden="false" closed="true" simplified="false" border="0 1 0" fill="0 1 0" mode="11"
 points="4.61621 2.62547,
	4.60758 2.61685,
	4.61621 2.60823,
	4.62483 2.61685,
	"/>
<Contour name="d03c25ax45_ssvr" hidden="false" closed="true" simplified="false" border="0 1 0" fill="0 1 0" mode="11"
 points="4.57679 2.65381,
	4.56816 2.64518,
	4.57679 2.63656,
	4.58541 2.64518,
	"/>
<Contour name="d03c25ax45_ssvr" hidden="false" closed="true" simplified="false" border="0 1 0" fill="0 1 0" mode="11"
 points="4.56324 2.69076,
	4.55461 2.68214,
	4.56324 2.67352,
	4.57186 2.68214,
	"/>
<Contour name="d03c25ax45_ssvr" hidden="false" closed="true" simplified="false" border="0 1 0" fill="0 1 0" mode="11"
 points="4.52874 2.66982,
	4.52012 2.6612,
	4.52874 2.65258,
	4.53737 2.6612,
	"/>
<Contour name="d03c25ax45_ssvr" hidden="false" closed="true" simplified="false" border="0 1 0" fill="0 1 0" mode="11"
 points="4.53983 2.61808,
	4.53121 2.60946,
	4.53983 2.60084,
	4.54845 2.60946,
	"/>
<Contour name="d03c25ax45_ssvr" hidden="false" closed="true" simplified="false" border="0 1 0" fill="0 1 0" mode="11"
 points="4.58541 2.60576,
	4.57679 2.59714,
	4.58541 2.58852,
	4.59403 2.59714,
	"/>
<Contour name="d03c25ax45_ssvr" hidden="false" closed="true" simplified="false" border="0 1 0" fill="0 1 0" mode="11"
 points="4.55215 2.5762,
	4.54352 2.56757,
	4.55215 2.55895,
	4.56077 2.56757,
	"/>
<Contour name="d03c25ax45_ssvr" hidden="false" closed="true" simplified="false" border="0 1 0" fill="0 1 0" mode="11"
 points="4.61498 2.57373,
	4.60635 2.56511,
	4.61498 2.55649,
	4.6236 2.56511,
	"/>
<Contour name="d03c25ax45_ssvr" hidden="false" closed="true" simplified="false" border="0 1 0" fill="0 1 0" mode="11"
 points="4.5928 2.55895,
	4.58418 2.55033,
	4.5928 2.5417,
	4.60142 2.55033,
	"/>
<Contour name="d03c25ax45_ssvr" hidden="false" closed="true" simplified="false" border="0 1 0" fill="0 1 0" mode="11"
 points="4.70737 2.70308,
	4.69874 2.69446,
	4.70737 2.68584,
	4.71599 2.69446,
	"/>
<Contour name="d03c25ax45_ssvr" hidden="false" closed="true" simplified="false" border="0 1 0" fill="0 1 0" mode="11"
 points="4.75541 2.69446,
	4.74679 2.68584,
	4.75541 2.67721,
	4.76404 2.68584,
	"/>
<Contour name="d03c25ax45_ssvr" hidden="false" closed="true" simplified="false" border="0 1 0" fill="0 1 0" mode="11"
 points="4.7702 2.74743,
	4.76157 2.73881,
	4.7702 2.73019,
	4.77882 2.73881,
	"/>
<Contour name="d03c25ax45_ssvr" hidden="false" closed="true" simplified="false" border="0 1 0" fill="0 1 0" mode="11"
 points="4.73324 2.75852,
	4.72461 2.7499,
	4.73324 2.74127,
	4.74186 2.7499,
	"/>
<Contour name="d03c25ax45_ssvr" hidden="false" closed="true" simplified="false" border="0 1 0" fill="0 1 0" mode="11"
 points="4.7086 2.77207,
	4.69998 2.76345,
	4.7086 2.75482,
	4.71722 2.76345,
	"/>
<Contour name="d03c25ax45_ssvr" hidden="false" closed="true" simplified="false" border="0 1 0" fill="0 1 0" mode="11"
 points="4.69012 2.79548,
	4.6815 2.78685,
	4.69012 2.77823,
	4.69874 2.78685,
	"/>
<Contour name="d03c25ax45_ssvr" hidden="false" closed="true" simplified="false" border="0 1 0" fill="0 1 0" mode="11"
 points="4.65193 2.77207,
	4.64331 2.76345,
	4.65193 2.75482,
	4.66056 2.76345,
	"/>
<Contour name="d03c25ax45_ssvr" hidden="false" closed="true" simplified="false" border="0 1 0" fill="0 1 0" mode="11"
 points="4.65809 2.72033,
	4.64947 2.71171,
	4.65809 2.70308,
	4.66672 2.71171,
	"/>
<Contour name="d03c25ax45_ssvr" hidden="false" closed="true" simplified="false" border="0 1 0" fill="0 1 0" mode="11"
 points="4.6815 2.74743,
	4.67287 2.73881,
	4.6815 2.73019,
	4.69012 2.73881,
	"/>
<Contour name="d03c25ax45_ssvr" hidden="false" closed="true" simplified="false" border="0 1 0" fill="0 1 0" mode="11"
 points="4.62113 2.73388,
	4.61251 2.72526,
	4.62113 2.71663,
	4.62976 2.72526,
	"/>
<Contour name="d03c25ax45_ssvr" hidden="false" closed="true" simplified="false" border="0 1 0" fill="0 1 0" mode="11"
 points="4.7665 2.78932,
	4.75788 2.78069,
	4.7665 2.77207,
	4.77512 2.78069,
	"/>
<Contour name="d03c25ax45_ssvr" hidden="false" closed="true" simplified="false" border="0 1 0" fill="0 1 0" mode="11"
 points="4.80715 2.78932,
	4.79853 2.78069,
	4.80715 2.77207,
	4.81578 2.78069,
	"/>
<Contour name="d03c25ax45_ssvr" hidden="false" closed="true" simplified="false" border="0 1 0" fill="0 1 0" mode="11"
 points="4.72585 2.81519,
	4.71722 2.80656,
	4.72585 2.79794,
	4.73447 2.80656,
	"/>
<Contour name="d03c25ax45_ssvr" hidden="false" closed="true" simplified="false" border="0 1 0" fill="0 1 0" mode="11"
 points="4.76157 2.84106,
	4.75295 2.83243,
	4.76157 2.82381,
	4.7702 2.83243,
	"/>
<Contour name="d03c25ax45_ssvr" hidden="false" closed="true" simplified="false" border="0 1 0" fill="0 1 0" mode="11"
 points="4.71722 2.84722,
	4.7086 2.83859,
	4.71722 2.82997,
	4.72585 2.83859,
	"/>
<Contour name="d03c25ax45_ssvr" hidden="false" closed="true" simplified="false" border="0 1 0" fill="0 1 0" mode="11"
 points="4.69382 2.86939,
	4.68519 2.86077,
	4.69382 2.85214,
	4.70244 2.86077,
	"/>
<Contour name="d03c25ax45_ssvr" hidden="false" closed="true" simplified="false" border="0 1 0" fill="0 1 0" mode="11"
 points="4.72831 2.89033,
	4.71969 2.88171,
	4.72831 2.87309,
	4.73693 2.88171,
	"/>
<Contour name="d03c25ax45_ssvr" hidden="false" closed="true" simplified="false" border="0 1 0" fill="0 1 0" mode="11"
 points="4.78128 2.88541,
	4.77266 2.87678,
	4.78128 2.86816,
	4.78991 2.87678,
	"/>
<Contour name="d03c25ax45_ssvr" hidden="false" closed="true" simplified="false" border="0 1 0" fill="0 1 0" mode="11"
 points="4.82317 2.86077,
	4.81454 2.85214,
	4.82317 2.84352,
	4.83179 2.85214,
	"/>
<Contour name="d03c25ax45_ssvr" hidden="false" closed="true" simplified="false" border="0 1 0" fill="0 1 0" mode="11"
 points="4.80469 2.83367,
	4.79607 2.82504,
	4.80469 2.81642,
	4.81331 2.82504,
	"/>
</Transform>

<Transform dim="0"
 xcoef=" 0 1 0 0 0 0"
 ycoef=" 0 0 1 0 0 0">
<Contour name="d03c25ax45_ssvr" hidden="false" closed="true" simplified="false" border="0 1 0" fill="0 1 0" mode="11"
 points="4.70092 2.7975,
	4.6923 2.78888,
	4.70092 2.78026,
	4.70954 2.78888,
	"/>
</Transform>

<Transform dim="1"
 xcoef=" 0.03 1 0 0 0 0"
 ycoef=" 0 0 1 0 0 0">
<Contour name="d03c25ax45_ssvr" hidden="false" closed="true" simplified="false" border="0 1 0" fill="0 1 0" mode="11"
 points="4.70092 2.7975,
	4.6923 2.78888,
	4.70092 2.78026,
	4.70954 2.78888,
	"/>
</Transform>

</Section>