<?xml version="1.0"?>
<!DOCTYPE Section SYSTEM "section.dtd">

<Section index="169" thickness="0.038" alignLocked="true">
<Transform dim="0"
 xcoef=" 0 1 0 0 0 0"
 ycoef=" 0 0 1 0 0 0">
<Contour name="mito11" hidden="false" closed="false" simplified="true" border="1 0.5 0" fill="1 0.5 0" mode="-9"
 points="4.95322 5.67992,
	4.82781 5.45225,
	"/>
</Transform>

<Transform dim="0"
 xcoef=" 0 1 0 0 0 0"
 ycoef=" 0 0 1 0 0 0">
<Contour name="d01" hidden="false" closed="true" simplified="true" border="1 0.5 0" fill="1 0.5 0" mode="11"
 points="4.05952 3.75993,
	4.06269 3.75359,
	4.06428 3.70287,
	4.06269 3.67751,
	4.06269 3.67434,
	4.07379 3.66165,
	4.08647 3.65373,
	4.09915 3.64897,
	4.11976 3.62361,
	4.13561 3.59825,
	4.14353 3.58557,
	4.16731 3.56179,
	4.17999 3.55545,
	4.20535 3.54911,
	4.21804 3.54277,
	4.23072 3.53167,
	4.23706 3.52533,
	4.24974 3.51899,
	4.2751 3.51899,
	4.28778 3.52692,
	4.29888 3.53801,
	4.30363 3.55069,
	4.3068 3.55387,
	4.31156 3.56655,
	4.32899 3.59032,
	4.33216 3.59666,
	4.33216 3.59983,
	4.33692 3.60617,
	4.34009 3.61886,
	4.34326 3.6252,
	4.34326 3.62837,
	4.35277 3.63946,
	4.35753 3.6458,
	4.35911 3.65848,
	4.35911 3.66482,
	4.35119 3.67751,
	4.34009 3.69019,
	4.33216 3.70287,
	4.33058 3.71555,
	4.32582 3.7203,
	4.33058 3.72189,
	4.3179 3.72823,
	4.26717 3.73933,
	4.25449 3.74408,
	4.24815 3.74567,
	4.24181 3.75042,
	4.22913 3.75518,
	4.20377 3.77261,
	4.17841 3.78688,
	4.15304 3.7948,
	4.1467 3.79798,
	4.14036 3.79798,
	4.12768 3.80273,
	4.115 3.80273,
	4.10866 3.80115,
	4.09598 3.8059,
	4.0833 3.80749,
	4.07062 3.79798,
	4.06428 3.79163,
	4.05952 3.77895,
	4.05952 3.76627,
	4.05952 3.76152,
	"/>
</Transform>

<Transform dim="0"
 xcoef=" 0 1 0 0 0 0"
 ycoef=" 0 0 1 0 0 0">
<Contour name="d01" hidden="false" closed="true" simplified="true" border="1 0.5 0" fill="1 0.5 0" mode="11"
 points="2.00612 4.77151,
	2.01691 4.75711,
	2.0457 4.72832,
	2.0601 4.71933,
	2.06729 4.71393,
	2.07089 4.71033,
	2.09968 4.71033,
	2.11407 4.71033,
	2.12847 4.71573,
	2.13566 4.72113,
	2.13926 4.72113,
	2.14646 4.72653,
	2.15006 4.72832,
	2.14466 4.75711,
	2.14106 4.77151,
	2.13746 4.7787,
	2.12307 4.7913,
	2.10508 4.82008,
	2.09248 4.83268,
	2.06369 4.83268,
	2.0601 4.83268,
	2.0547 4.81828,
	2.02771 4.80569,
	2.01332 4.79669,
	2.00792 4.7895,
	2.00612 4.7751,
	2.00612 4.7733,
	"/>
<Contour name="d01" hidden="false" closed="true" simplified="true" border="1 0.5 0" fill="1 0.5 0" mode="11"
 points="1.71105 4.48903,
	1.72004 4.47464,
	1.74883 4.44765,
	1.76323 4.43865,
	1.77942 4.40986,
	1.79021 4.38108,
	1.79561 4.36668,
	1.79741 4.35229,
	1.79741 4.34869,
	1.8118 4.3361,
	1.8262 4.3325,
	1.84059 4.3235,
	1.86578 4.29471,
	1.87298 4.29112,
	1.88737 4.28932,
	1.89457 4.28932,
	1.90177 4.28572,
	1.90536 4.28572,
	1.91256 4.28032,
	1.91616 4.27312,
	1.91976 4.26953,
	1.92156 4.26233,
	1.92695 4.25513,
	1.92695 4.24794,
	1.93595 4.23354,
	1.96474 4.20835,
	1.97913 4.20835,
	1.98273 4.20835,
	1.98453 4.23714,
	1.99352 4.24973,
	2.00792 4.25513,
	2.01512 4.25693,
	2.01691 4.26413,
	2.01512 4.27132,
	1.98813 4.29651,
	1.97373 4.31091,
	1.94495 4.3289,
	1.93055 4.3361,
	1.91616 4.35049,
	1.88737 4.37388,
	1.87298 4.38647,
	1.86578 4.39367,
	1.86398 4.42246,
	1.86218 4.43685,
	1.86218 4.44405,
	1.85319 4.47284,
	1.84599 4.48723,
	1.84779 4.50162,
	1.86218 4.51602,
	1.88557 4.5448,
	1.89997 4.5538,
	1.90716 4.561,
	1.90896 4.57539,
	1.90716 4.58979,
	1.90536 4.59698,
	1.87838 4.61497,
	1.86398 4.61497,
	1.84959 4.60958,
	1.8208 4.58979,
	1.80641 4.59158,
	1.77762 4.61138,
	1.76323 4.61317,
	1.75603 4.61317,
	1.74164 4.60418,
	1.73084 4.58979,
	1.72544 4.57539,
	1.72364 4.5466,
	1.71285 4.51782,
	1.71105 4.49083,
	"/>
<Contour name="d01" hidden="false" closed="true" simplified="true" border="1 0.5 0" fill="1 0.5 0" mode="11"
 points="2.18604 4.96582,
	2.18964 4.95143,
	2.20403 4.92264,
	2.21483 4.90825,
	2.22922 4.89385,
	2.23642 4.89025,
	2.24362 4.89025,
	2.25801 4.89745,
	2.26521 4.90105,
	2.2724 4.90105,
	2.2868 4.89205,
	2.29399 4.88486,
	2.29759 4.87766,
	2.32458 4.85247,
	2.33897 4.84527,
	2.36776 4.83628,
	2.39655 4.83088,
	2.41094 4.82908,
	2.42534 4.82368,
	2.43253 4.82188,
	2.43793 4.82368,
	2.45232 4.81469,
	2.46672 4.81289,
	2.47391 4.81289,
	2.48831 4.80749,
	2.5171 4.80929,
	2.53149 4.81649,
	2.53689 4.82368,
	2.53509 4.83808,
	2.52969 4.85247,
	2.5171 4.86686,
	2.5099 4.87406,
	2.4955 4.88306,
	2.44873 4.94063,
	2.44153 4.94783,
	2.41274 4.96582,
	2.39835 4.97482,
	2.36956 5.0036,
	2.34977 5.03239,
	2.34077 5.04678,
	2.32998 5.07557,
	2.32278 5.08997,
	2.31199 5.10436,
	2.30659 5.11156,
	2.30479 5.14034,
	2.30299 5.14754,
	2.29039 5.16013,
	2.26161 5.15654,
	2.24721 5.15474,
	2.23282 5.14754,
	2.22562 5.14034,
	2.21663 5.11156,
	2.21663 5.05398,
	2.20943 5.02519,
	2.20403 5.0108,
	2.19324 4.99641,
	2.18784 4.98921,
	2.18604 4.97482,
	2.18604 4.96762,
	"/>
</Transform>

<Transform dim="0"
 xcoef=" 0 1 0 0 0 0"
 ycoef=" 0 0 1 0 0 0">
<Contour name="d01" hidden="false" closed="true" simplified="true" border="1 0.5 0" fill="1 0.5 0" mode="11"
 points="3.63051 4.00159,
	3.64054 3.98822,
	3.63386 3.93473,
	3.63386 3.92136,
	3.64389 3.90798,
	3.67063 3.89461,
	3.69737 3.89461,
	3.71075 3.89795,
	3.73415 3.92136,
	3.74418 3.93473,
	3.74752 3.96147,
	3.74752 3.97484,
	3.74752 3.98153,
	3.7542 3.98822,
	3.75086 4.01496,
	3.74752 4.02833,
	3.72077 4.05508,
	3.7074 4.05508,
	3.69403 4.04839,
	3.66729 4.02499,
	3.64054 4.0183,
	3.63051 4.00827,
	3.63051 4.00493,
	"/>
</Transform>

<Transform dim="0"
 xcoef=" 0 1 0 0 0 0"
 ycoef=" 0 0 1 0 0 0">
<Contour name="d01" hidden="false" closed="true" simplified="true" border="1 0.5 0" fill="1 0.5 0" mode="11"
 points="2.26991 2.88836,
	2.28996 2.86496,
	2.34345 2.86162,
	2.3702 2.86831,
	2.37688 2.86831,
	2.38691 2.88168,
	2.3936 2.88168,
	2.39694 2.89505,
	2.3468 2.93182,
	2.32005 2.93517,
	2.29331 2.92848,
	2.26991 2.90842,
	2.26991 2.89505,
	2.26991 2.89171,
	"/>
</Transform>

<Transform dim="0"
 xcoef=" 0 1 0 0 0 0"
 ycoef=" 0 0 1 0 0 0">
<Contour name="d01mito01" hidden="false" closed="true" simplified="true" border="0 0.25098 0.501961" fill="0.5 0 1" mode="-11"
 points="2.76206 3.60542,
	2.76314 3.60108,
	2.76965 3.59241,
	2.77398 3.58916,
	2.78265 3.59024,
	2.78699 3.59133,
	2.79133 3.59024,
	2.8065 3.57398,
	2.81517 3.56748,
	2.82385 3.56531,
	2.83252 3.56097,
	2.83577 3.5523,
	2.83794 3.54797,
	2.85528 3.53171,
	2.86396 3.52629,
	2.87263 3.52629,
	2.8813 3.53062,
	2.88997 3.53171,
	2.89864 3.52845,
	2.90732 3.52087,
	2.91165 3.51761,
	2.94634 3.5187,
	2.95501 3.51978,
	2.95935 3.51978,
	2.96802 3.5252,
	2.9691 3.54255,
	2.96802 3.55122,
	2.9691 3.55989,
	2.97778 3.56748,
	2.98211 3.57181,
	2.9832 3.57615,
	2.98211 3.58482,
	2.98103 3.58916,
	2.97778 3.58482,
	2.97344 3.60217,
	2.9626 3.61951,
	2.94742 3.63685,
	2.93875 3.64336,
	2.92141 3.6607,
	2.90406 3.67479,
	2.88672 3.68563,
	2.86938 3.69214,
	2.8607 3.69539,
	2.84336 3.69647,
	2.82601 3.69539,
	2.79133 3.68347,
	2.77507 3.66937,
	2.76639 3.6607,
	2.76206 3.65203,
	2.76206 3.61734,
	2.76206 3.60867,
	2.76206 3.6065,
	"/>
</Transform>

<Transform dim="0"
 xcoef=" 0 1 0 0 0 0"
 ycoef=" 0 0 1 0 0 0">
<Contour name="d01ser" hidden="false" closed="true" simplified="true" border="0 0.502 0" fill="1 0.5 0" mode="11"
 points="2.99859 3.83992,
	3.01585 3.83129,
	3.02447 3.81403,
	3.04173 3.80109,
	3.04605 3.79677,
	3.06331 3.79462,
	3.08056 3.79677,
	3.08919 3.80324,
	3.09566 3.8205,
	3.09351 3.82913,
	3.07625 3.82913,
	3.06762 3.82482,
	3.05252 3.83992,
	3.03526 3.8507,
	3.018 3.85502,
	3.00074 3.85286,
	2.99859 3.84423,
	2.99859 3.84208,
	"/>
</Transform>

<Transform dim="0"
 xcoef=" 0 1 0 0 0 0"
 ycoef=" 0 0 1 0 0 0">
<Contour name="d01ser" hidden="false" closed="true" simplified="true" border="0 0.502 0" fill="1 0.5 0" mode="11"
 points="2.37596 3.29688,
	2.3834 3.28647,
	2.38935 3.28796,
	2.3953 3.29242,
	2.39679 3.30432,
	2.39679 3.31027,
	2.40274 3.32218,
	2.40125 3.33408,
	2.3953 3.34003,
	2.38935 3.33854,
	2.37893 3.32664,
	2.37596 3.31474,
	2.37596 3.30284,
	2.37596 3.29837,
	"/>
</Transform>

<Transform dim="0"
 xcoef=" 0 1 0 0 0 0"
 ycoef=" 0 0 1 0 0 0">
<Contour name="d01ser" hidden="false" closed="true" simplified="true" border="0 0.502 0" fill="1 0.5 0" mode="11"
 points="2.1275 3.70601,
	2.1394 3.6956,
	2.14535 3.69262,
	2.14833 3.68964,
	2.16023 3.68816,
	2.16618 3.68816,
	2.16915 3.68964,
	2.17064 3.6956,
	2.16915 3.70155,
	2.14535 3.71047,
	2.13345 3.71345,
	2.12898 3.71196,
	2.1275 3.7075,
	"/>
</Transform>

<Transform dim="0"
 xcoef=" 0 1 0 0 0 0"
 ycoef=" 0 0 1 0 0 0">
<Contour name="d01ser" hidden="false" closed="true" simplified="true" border="0 0.502 0" fill="1 0.5 0" mode="11"
 points="3.1719 3.48731,
	3.18381 3.4769,
	3.20761 3.4769,
	3.21951 3.4769,
	3.23141 3.47392,
	3.23737 3.47392,
	3.24034 3.47541,
	3.25224 3.46648,
	3.27605 3.46499,
	3.28795 3.47094,
	3.2939 3.47541,
	3.29688 3.47838,
	3.29539 3.49028,
	3.2939 3.49624,
	3.27158 3.50963,
	3.25968 3.51111,
	3.24778 3.50963,
	3.23588 3.5007,
	3.22993 3.49624,
	3.22695 3.49326,
	3.20315 3.49326,
	3.19125 3.49772,
	3.18529 3.5007,
	3.17339 3.5007,
	3.1719 3.4888,
	"/>
</Transform>

<Transform dim="0"
 xcoef=" 0 1 0 0 0 0"
 ycoef=" 0 0 1 0 0 0">
<Contour name="d01ser" hidden="false" closed="true" simplified="true" border="0 0.502 0" fill="1 0.5 0" mode="11"
 points="2.78211 3.27605,
	2.78955 3.26861,
	2.83716 3.2701,
	2.84906 3.27307,
	2.85055 3.27902,
	2.84608 3.28497,
	2.79848 3.28497,
	2.78657 3.282,
	2.7836 3.282,
	2.78211 3.27754,
	"/>
</Transform>

<Transform dim="0"
 xcoef=" 0 1 0 0 0 0"
 ycoef=" 0 0 1 0 0 0">
<Contour name="D09mt1" hidden="false" closed="true" simplified="false" border="0.5 0 1" fill="0.5 0 1" mode="-9"
 points="1.07892 2.03516,
	1.06281 2.02979,
	1.07892 2.02442,
	1.06818 2.00832,
	1.08429 2.01905,
	1.08965 2.00295,
	1.09502 2.01905,
	1.11113 2.00832,
	1.10039 2.02442,
	1.1165 2.02979,
	1.10039 2.03516,
	1.11113 2.05127,
	1.09502 2.04053,
	1.08965 2.05664,
	1.08429 2.04053,
	1.06818 2.05127,
	"/>
<Contour name="D09mt2" hidden="false" closed="true" simplified="false" border="0.5 0 1" fill="0.5 0 1" mode="-9"
 points="1.10576 2.09959,
	1.08965 2.09422,
	1.10576 2.08885,
	1.09502 2.07274,
	1.11113 2.08348,
	1.1165 2.06737,
	1.12187 2.08348,
	1.13797 2.07274,
	1.12724 2.08885,
	1.14334 2.09422,
	1.12724 2.09959,
	1.13797 2.11569,
	1.12187 2.10496,
	1.1165 2.12106,
	1.11113 2.10496,
	1.09502 2.11569,
	"/>
<Contour name="D09mt3" hidden="false" closed="true" simplified="false" border="0.5 0 1" fill="0.5 0 1" mode="-9"
 points="1.0467 2.1318,
	1.0306 2.12643,
	1.0467 2.12106,
	1.03597 2.10496,
	1.05207 2.11569,
	1.05744 2.09959,
	1.06281 2.11569,
	1.07892 2.10496,
	1.06818 2.12106,
	1.08429 2.12643,
	1.06818 2.1318,
	1.07892 2.14791,
	1.06281 2.13717,
	1.05744 2.15328,
	1.05207 2.13717,
	1.03597 2.14791,
	"/>
<Contour name="D09mt4" hidden="false" closed="true" simplified="false" border="0.5 0 1" fill="0.5 0 1" mode="-9"
 points="1.13261 2.15864,
	1.1165 2.15328,
	1.13261 2.14791,
	1.12187 2.1318,
	1.13797 2.14254,
	1.14334 2.12643,
	1.14871 2.14254,
	1.16482 2.1318,
	1.15408 2.14791,
	1.17019 2.15328,
	1.15408 2.15864,
	1.16482 2.17475,
	1.14871 2.16401,
	1.14334 2.18012,
	1.13797 2.16401,
	1.12187 2.17475,
	"/>
<Contour name="D09mt5" hidden="false" closed="true" simplified="false" border="0.5 0 1" fill="0.5 0 1" mode="-9"
 points="1.20777 2.08348,
	1.19166 2.07811,
	1.20777 2.07274,
	1.19703 2.05664,
	1.21314 2.06737,
	1.21851 2.05127,
	1.22388 2.06737,
	1.23998 2.05664,
	1.22924 2.07274,
	1.24535 2.07811,
	1.22924 2.08348,
	1.23998 2.09959,
	1.22388 2.08885,
	1.21851 2.10496,
	1.21314 2.08885,
	1.19703 2.09959,
	"/>
<Contour name="D09mt6" hidden="false" closed="true" simplified="false" border="0.5 0 1" fill="0.5 0 1" mode="-9"
 points="1.22924 2.13717,
	1.21314 2.1318,
	1.22924 2.12643,
	1.21851 2.11033,
	1.23461 2.12106,
	1.23998 2.10496,
	1.24535 2.12106,
	1.26146 2.11033,
	1.25072 2.12643,
	1.26683 2.1318,
	1.25072 2.13717,
	1.26146 2.15328,
	1.24535 2.14254,
	1.23998 2.15864,
	1.23461 2.14254,
	1.21851 2.15328,
	"/>
<Contour name="D09mt7" hidden="false" closed="true" simplified="false" border="0.5 0 1" fill="0.5 0 1" mode="-9"
 points="1.30441 2.11033,
	1.2883 2.10496,
	1.30441 2.09959,
	1.29367 2.08348,
	1.30978 2.09422,
	1.31515 2.07811,
	1.32051 2.09422,
	1.33662 2.08348,
	1.32588 2.09959,
	1.34199 2.10496,
	1.32588 2.11033,
	1.33662 2.12643,
	1.32051 2.11569,
	1.31515 2.1318,
	1.30978 2.11569,
	1.29367 2.12643,
	"/>
<Contour name="D09mt8" hidden="false" closed="true" simplified="false" border="0.5 0 1" fill="0.5 0 1" mode="-9"
 points="1.29367 2.03516,
	1.27756 2.02979,
	1.29367 2.02442,
	1.28293 2.00832,
	1.29904 2.01905,
	1.30441 2.00295,
	1.30978 2.01905,
	1.32588 2.00832,
	1.31515 2.02442,
	1.33125 2.02979,
	1.31515 2.03516,
	1.32588 2.05127,
	1.30978 2.04053,
	1.30441 2.05664,
	1.29904 2.04053,
	1.28293 2.05127,
	"/>
<Contour name="D09dia3" hidden="false" closed="false" simplified="true" border="1 0 0.5" fill="1 0 0.5" mode="-13"
 points="1.14871 2.2016,
	1.21314 1.9761,
	"/>
</Transform>

<Transform dim="0"
 xcoef=" 0 1 0 0 0 0"
 ycoef=" 0 0 1 0 0 0">
<Contour name="d01" hidden="false" closed="true" simplified="true" border="1 0.5 0" fill="1 0.5 0" mode="11"
 points="1.96532 3.61989,
	1.96943 3.61577,
	1.96943 3.60754,
	1.97355 3.59931,
	1.99001 3.5849,
	2.00648 3.58079,
	2.01471 3.58079,
	2.02294 3.57667,
	2.02911 3.56844,
	2.03117 3.55198,
	2.04558 3.53757,
	2.05381 3.5314,
	2.06204 3.51493,
	2.0641 3.49847,
	2.05381 3.46554,
	2.05175 3.44908,
	2.06204 3.43262,
	2.07645 3.41821,
	2.08468 3.4141,
	2.1176 3.41204,
	2.13407 3.39763,
	2.1423 3.3894,
	2.14641 3.38117,
	2.16288 3.37088,
	2.17934 3.35442,
	2.21227 3.32972,
	2.22873 3.31532,
	2.26166 3.29885,
	2.32751 3.25564,
	2.34398 3.24535,
	2.35838 3.23094,
	2.3625 3.22271,
	2.39542 3.1939,
	2.42835 3.17332,
	2.46128 3.17126,
	2.52713 3.17538,
	2.53536 3.17949,
	2.55183 3.17743,
	2.56006 3.17538,
	2.57652 3.16097,
	2.59298 3.1548,
	2.60945 3.1548,
	2.62591 3.16303,
	2.63208 3.17126,
	2.64855 3.17126,
	2.66501 3.17538,
	2.68147 3.18772,
	2.68971 3.1939,
	2.72263 3.2083,
	2.75556 3.21242,
	2.77202 3.21242,
	2.78026 3.21448,
	2.78849 3.23094,
	2.79054 3.23917,
	2.79054 3.24329,
	2.79878 3.24946,
	2.8317 3.25975,
	2.84817 3.25975,
	2.87904 3.23711,
	2.88727 3.23506,
	2.8955 3.23711,
	2.9099 3.24946,
	2.91814 3.25769,
	2.9346 3.26387,
	2.94283 3.25975,
	2.95106 3.25152,
	2.96753 3.24329,
	2.97164 3.24123,
	2.97987 3.24329,
	2.98399 3.24329,
	2.99428 3.25975,
	2.99634 3.26798,
	3.01074 3.28239,
	3.01897 3.28445,
	3.03544 3.28033,
	3.04367 3.27416,
	3.06013 3.28033,
	3.0766 3.29062,
	3.09306 3.28239,
	3.10129 3.27621,
	3.11775 3.28033,
	3.13422 3.29062,
	3.15068 3.28856,
	3.16715 3.29885,
	3.18361 3.31326,
	3.21654 3.32972,
	3.233 3.33795,
	3.25152 3.36882,
	3.26593 3.40175,
	3.27827 3.41821,
	3.28239 3.42644,
	3.29885 3.43879,
	3.33178 3.4532,
	3.33589 3.45731,
	3.35236 3.44496,
	3.36059 3.44085,
	3.36471 3.44085,
	3.36882 3.43262,
	3.37294 3.4285,
	3.37088 3.42027,
	3.35853 3.40381,
	3.35853 3.39557,
	3.375 3.38323,
	3.40792 3.36471,
	3.41615 3.36265,
	3.42027 3.36059,
	3.43673 3.36676,
	3.44496 3.37294,
	3.46349 3.40586,
	3.47789 3.42233,
	3.48407 3.43056,
	3.48612 3.46349,
	3.48407 3.47995,
	3.46349 3.51288,
	3.46349 3.52111,
	3.46966 3.53757,
	3.46966 3.55403,
	3.46554 3.56227,
	3.45731 3.5705,
	3.44908 3.57256,
	3.43262 3.56844,
	3.41821 3.55609,
	3.41204 3.54786,
	3.40586 3.5314,
	3.40175 3.52728,
	3.40175 3.51082,
	3.38528 3.49847,
	3.36882 3.49435,
	3.35236 3.49641,
	3.34824 3.49847,
	3.34824 3.5067,
	3.34001 3.52317,
	3.32561 3.53757,
	3.2865 3.60342,
	3.27827 3.61989,
	3.27416 3.63635,
	3.27416 3.64047,
	3.24123 3.67339,
	3.21448 3.70632,
	3.19596 3.73925,
	3.18978 3.75571,
	3.18978 3.75983,
	3.16097 3.79275,
	3.14451 3.80922,
	3.13422 3.82568,
	3.12804 3.84214,
	3.09718 3.86478,
	3.08071 3.87301,
	3.04779 3.86478,
	3.01486 3.87096,
	2.98193 3.90182,
	2.96547 3.91211,
	2.95724 3.91623,
	2.92431 3.91417,
	2.89138 3.91623,
	2.85846 3.91211,
	2.82553 3.9224,
	2.7926 3.92858,
	2.75968 3.93063,
	2.74321 3.93063,
	2.71029 3.94092,
	2.67736 3.9471,
	2.64443 3.94916,
	2.61151 3.9471,
	2.54565 3.92858,
	2.51273 3.91417,
	2.49626 3.90388,
	2.43041 3.89771,
	2.39748 3.88742,
	2.38102 3.88124,
	2.37279 3.87713,
	2.36455 3.8689,
	2.36044 3.86067,
	2.36044 3.85655,
	2.35221 3.85038,
	2.28635 3.8442,
	2.26989 3.84214,
	2.23696 3.83185,
	2.2205 3.83803,
	2.18757 3.86272,
	2.18346 3.86684,
	2.15053 3.86478,
	2.13407 3.85861,
	2.11966 3.84832,
	2.1032 3.81539,
	2.10731 3.79893,
	2.10937 3.7907,
	2.0785 3.76394,
	2.06204 3.74954,
	2.05381 3.74336,
	2.03734 3.73719,
	2.02294 3.72278,
	2.01265 3.70838,
	1.99619 3.70015,
	1.98795 3.69397,
	1.97972 3.67751,
	1.97149 3.64458,
	1.96738 3.62812,
	1.96532 3.62195,
	"/>
</Transform>

<Transform dim="0"
 xcoef=" 0 1 0 0 0 0"
 ycoef=" 0 0 1 0 0 0">
<Contour name="d02" hidden="false" closed="true" simplified="true" border="0 0.251 0.502" fill="0.5 0 1" mode="11"
 points="5.31082 4.1101,
	5.318 4.10471,
	5.32159 4.10471,
	5.32518 4.10112,
	5.35389 4.09753,
	5.38261 4.09753,
	5.41133 4.08856,
	5.42569 4.08497,
	5.48312 4.05087,
	5.51184 4.03471,
	5.54055 4.02574,
	5.55491 4.02754,
	5.56209 4.03113,
	5.57286 4.04548,
	5.57645 4.05266,
	5.57466 4.08138,
	5.55312 4.1101,
	5.54773 4.12446,
	5.54594 4.13163,
	5.53337 4.1442,
	5.47594 4.16574,
	5.41851 4.16394,
	5.38979 4.15856,
	5.36107 4.14958,
	5.34672 4.1442,
	5.33954 4.1424,
	5.32518 4.12984,
	5.3162 4.11728,
	5.31082 4.11189,
	"/>
</Transform>

<Transform dim="0"
 xcoef=" 0 1 0 0 0 0"
 ycoef=" 0 0 1 0 0 0">
<Contour name="d02" hidden="false" closed="true" simplified="true" border="0 0.251 0.502" fill="0.5 0 1" mode="11"
 points="5.39697 4.49777,
	5.42389 4.44034,
	5.43466 4.42598,
	5.44902 4.41162,
	5.46338 4.40265,
	5.47774 4.39726,
	5.48491 4.39368,
	5.49927 4.37932,
	5.51363 4.36855,
	5.52081 4.36496,
	5.57824 4.35419,
	5.60696 4.34522,
	5.63568 4.33086,
	5.65004 4.31829,
	5.65722 4.31111,
	5.6644 4.30752,
	5.72183 4.30214,
	5.73619 4.30394,
	5.75055 4.30932,
	5.77926 4.31111,
	5.8367 4.30035,
	5.86541 4.29496,
	5.89413 4.29496,
	5.92285 4.30394,
	5.93721 4.31111,
	5.95156 4.31291,
	5.96592 4.32009,
	5.97849 4.33445,
	5.98566 4.33983,
	5.99284 4.34163,
	6.00002 4.33804,
	6.00361 4.33624,
	6.0072 4.33804,
	6.02156 4.33086,
	6.03592 4.32727,
	6.05028 4.32727,
	6.05746 4.32727,
	6.08617 4.34342,
	6.11489 4.35239,
	6.14361 4.35778,
	6.15079 4.36137,
	6.1795 4.36316,
	6.20822 4.36855,
	6.23694 4.38291,
	6.24412 4.3847,
	6.25847 4.39368,
	6.31591 4.41342,
	6.34463 4.41701,
	6.37334 4.42598,
	6.40206 4.42598,
	6.43078 4.42957,
	6.44513 4.42957,
	6.47385 4.4206,
	6.50257 4.42239,
	6.51693 4.42778,
	6.54564 4.44752,
	6.55282 4.45111,
	6.56359 4.46547,
	6.57795 4.47085,
	6.60308 4.49777,
	6.62102 4.52649,
	6.63179 4.54085,
	6.63897 4.54444,
	6.65154 4.5588,
	6.65872 4.57316,
	6.66231 4.58033,
	6.67487 4.59469,
	6.68205 4.60187,
	6.68923 4.61623,
	6.70359 4.6252,
	6.71076 4.63238,
	6.70897 4.6611,
	6.70179 4.68982,
	6.69641 4.70418,
	6.66769 4.72751,
	6.65333 4.7293,
	6.64615 4.72751,
	6.64256 4.72751,
	6.6282 4.73828,
	6.57257 4.79571,
	6.54385 4.81186,
	6.51513 4.83699,
	6.50077 4.84956,
	6.48641 4.87827,
	6.46667 4.90699,
	6.45949 4.91237,
	6.43078 4.91776,
	6.37334 4.91776,
	6.34463 4.91596,
	6.31591 4.91776,
	6.25847 4.93391,
	6.24412 4.9393,
	6.22976 4.94109,
	6.20104 4.9393,
	6.14361 4.96083,
	6.12925 4.96622,
	6.12207 4.96801,
	6.10771 4.96622,
	6.09335 4.9716,
	6.06464 4.98955,
	6.03592 4.99493,
	6.02874 4.99493,
	6.01438 5.00391,
	6.0072 5.01109,
	5.97849 5.02365,
	5.96413 5.02904,
	5.94977 5.03801,
	5.94259 5.0416,
	5.92823 5.04339,
	5.92105 5.04519,
	5.89234 5.0398,
	5.8349 5.02006,
	5.77747 5.00391,
	5.74875 5.00211,
	5.69132 5.00391,
	5.6626 5.0075,
	5.63388 5.0075,
	5.6267 5.0075,
	5.61235 4.99852,
	5.58363 4.97519,
	5.57645 4.96801,
	5.51902 4.9375,
	5.50466 4.93032,
	5.44722 4.93032,
	5.43287 4.92853,
	5.42569 4.92494,
	5.41851 4.91776,
	5.41671 4.9034,
	5.41851 4.88904,
	5.42389 4.87468,
	5.42569 4.84597,
	5.43646 4.81725,
	5.46517 4.75981,
	5.46697 4.70238,
	5.46697 4.67366,
	5.46876 4.65931,
	5.46697 4.64495,
	5.44004 4.61623,
	5.4203 4.58751,
	5.41312 4.57316,
	5.39697 4.51572,
	5.39697 4.50136,
	5.39697 4.49957,
	"/>
</Transform>

<Transform dim="0"
 xcoef=" 0 1 0 0 0 0"
 ycoef=" 0 0 1 0 0 0">
<Contour name="d02" hidden="false" closed="true" simplified="true" border="0 0.251 0.502" fill="0.5 0 1" mode="11"
 points="6.70179 5.0057,
	6.70538 4.99852,
	6.70538 4.96981,
	6.71615 4.95545,
	6.74487 4.93212,
	6.75922 4.92135,
	6.78794 4.91058,
	6.8023 4.9034,
	6.80589 4.9034,
	6.80948 4.89981,
	6.8382 4.89443,
	6.89563 4.89263,
	6.90281 4.89443,
	6.93153 4.91417,
	6.94409 4.92853,
	6.95127 4.94288,
	6.95486 4.95006,
	6.96024 5.0075,
	6.96383 5.03621,
	6.95845 5.09365,
	6.96024 5.12236,
	6.96563 5.15108,
	6.96204 5.15826,
	6.95486 5.16365,
	6.94768 5.16365,
	6.93332 5.16903,
	6.9046 5.18698,
	6.89024 5.19775,
	6.87589 5.20313,
	6.86153 5.20493,
	6.85435 5.20313,
	6.85076 5.20313,
	6.8364 5.19236,
	6.80768 5.1798,
	6.79333 5.17441,
	6.77897 5.16544,
	6.76461 5.15108,
	6.75743 5.13672,
	6.75743 5.12954,
	6.73769 5.10083,
	6.7341 5.09365,
	6.72153 5.07929,
	6.71256 5.05057,
	6.70718 5.03621,
	6.70359 5.02904,
	6.70179 5.01468,
	6.70179 5.0075,
	"/>
</Transform>

<Transform dim="0"
 xcoef=" 0 1 0 0 0 0"
 ycoef=" 0 0 1 0 0 0">
<Contour name="d02" hidden="false" closed="true" simplified="true" border="0 0.251 0.502" fill="0.5 0 1" mode="11"
 points="6.37693 3.88216,
	6.3895 3.8678,
	6.44693 3.83549,
	6.47565 3.8337,
	6.50436 3.84267,
	6.51693 3.85344,
	6.52231 3.86062,
	6.51872 3.87498,
	6.51154 3.88216,
	6.50436 3.88575,
	6.49718 3.89293,
	6.48821 3.90728,
	6.47385 3.91626,
	6.44513 3.92523,
	6.41642 3.93062,
	6.40206 3.93241,
	6.39488 3.93241,
	6.3877 3.92703,
	6.38052 3.91267,
	6.37693 3.89831,
	6.37693 3.88395,
	"/>
</Transform>

<Transform dim="0"
 xcoef=" 0 1 0 0 0 0"
 ycoef=" 0 0 1 0 0 0">
<Contour name="d02p28" hidden="false" closed="true" simplified="false" border="1 0 0" fill="1 0 0" mode="-9"
 points="5.50018 4.85691,
	5.48404 4.85691,
	5.48404 4.86498,
	5.49211 4.87306,
	5.51633 4.88113,
	5.50018 4.88921,
	5.49211 4.90536,
	5.47596 4.88921,
	5.46789 4.87306,
	5.46789 4.85691,
	5.45174 4.85691,
	5.47596 4.84076,
	"/>
</Transform>

<Transform dim="0"
 xcoef=" 0 1 0 0 0 0"
 ycoef=" 0 0 1 0 0 0">
<Contour name="d02c26" hidden="false" closed="true" simplified="true" border="1 0 0" fill="1 0 0" mode="-11"
 points="5.34299 4.10053,
	5.3499 4.08947,
	5.36095 4.08533,
	5.38307 4.08256,
	5.40518 4.07703,
	5.42729 4.06874,
	5.43835 4.06183,
	5.44388 4.0563,
	5.4494 4.05354,
	5.46046 4.04248,
	5.47152 4.03557,
	5.49363 4.0259,
	5.49916 4.02452,
	5.50192 4.02452,
	5.50469 4.02175,
	5.51574 4.0176,
	5.5268 4.01622,
	5.53785 4.0176,
	5.54891 4.02313,
	5.55444 4.02866,
	5.55582 4.03972,
	5.55167 4.05077,
	5.54476 4.06183,
	5.52403 4.0798,
	5.50192 4.09362,
	5.47981 4.10329,
	5.47428 4.10467,
	5.46875 4.10882,
	5.4577 4.1102,
	5.43558 4.10882,
	5.39136 4.11711,
	5.36924 4.11711,
	5.35819 4.11573,
	5.35266 4.11297,
	5.3499 4.11297,
	5.34437 4.10744,
	5.34299 4.10191,
	"/>
</Transform>

<Transform dim="0"
 xcoef=" 0 1 0 0 0 0"
 ycoef=" 0 0 1 0 0 0">
<Contour name="d02cfa26" hidden="false" closed="false" simplified="false" border="0 1 0.25098" fill="0 1 0" mode="11"
 points="5.35682 4.09558,
	5.37755 4.09558,
	5.40519 4.09419,
	5.43974 4.08176,
	5.466 4.07208,
	5.49502 4.0555,
	5.53649 4.032,
	"/>
</Transform>

<Transform dim="0"
 xcoef=" 0 1 0 0 0 0"
 ycoef=" 0 0 1 0 0 0">
<Contour name="d02c27" hidden="false" closed="true" simplified="true" border="1 0 0" fill="1 0 0" mode="-11"
 points="6.93693 4.97952,
	6.94059 4.96488,
	6.94242 4.95756,
	6.95522 4.94476,
	6.96254 4.93927,
	6.9662 4.93744,
	6.98083 4.94293,
	6.98632 4.95025,
	6.99181 4.97952,
	6.99547 4.99415,
	6.99364 5.02342,
	6.98998 5.03806,
	6.98998 5.06733,
	6.98632 5.09659,
	6.98632 5.12586,
	6.98632 5.12952,
	6.97901 5.13501,
	6.96437 5.13501,
	6.95705 5.13501,
	6.94242 5.12586,
	6.93693 5.09659,
	6.93693 4.98135,
	"/>
</Transform>

<Transform dim="0"
 xcoef=" 0 1 0 0 0 0"
 ycoef=" 0 0 1 0 0 0">
<Contour name="d02cfa27" hidden="false" closed="false" simplified="false" border="0 1 0.25098" fill="0 1 0" mode="11"
 points="6.962 5.12894,
	6.962 5.11065,
	6.962 5.08138,
	6.962 5.04845,
	6.96017 5.0082,
	6.95651 4.94783,
	"/>
</Transform>

<Transform dim="0"
 xcoef=" 0 1 0 0 0 0"
 ycoef=" 0 0 1 0 0 0">
<Contour name="d03" hidden="false" closed="true" simplified="true" border="1 0 0.5" fill="1 0 0.5" mode="-11"
 points="1.9224 4.54398,
	1.92667 4.53258,
	1.92952 4.52689,
	1.95088 4.50695,
	1.97224 4.48417,
	1.98363 4.47705,
	2.00641 4.46708,
	2.0178 4.45711,
	2.03632 4.43433,
	2.04771 4.42436,
	2.0591 4.41724,
	2.07049 4.41582,
	2.08188 4.41724,
	2.10467 4.43006,
	2.12318 4.45142,
	2.12603 4.45711,
	2.13742 4.4685,
	2.14454 4.4799,
	2.15308 4.50268,
	2.15736 4.52546,
	2.16305 4.53686,
	2.16448 4.54825,
	2.16305 4.55964,
	2.15736 4.57103,
	2.15451 4.57673,
	2.15451 4.59951,
	2.15166 4.6109,
	2.13742 4.63369,
	2.13172 4.63938,
	2.10894 4.64081,
	2.08616 4.64793,
	2.07476 4.64793,
	2.06337 4.64508,
	2.04059 4.64508,
	2.0292 4.6465,
	2.0178 4.63654,
	2.01496 4.63084,
	2.00356 4.62372,
	1.98078 4.62514,
	1.97508 4.62372,
	1.93094 4.57958,
	1.92667 4.57388,
	1.9224 4.5511,
	1.9224 4.5454,
	"/>
</Transform>

<Transform dim="0"
 xcoef=" 0 1 0 0 0 0"
 ycoef=" 0 0 1 0 0 0">
<Contour name="d03" hidden="false" closed="true" simplified="true" border="1 0 0.5" fill="1 0 0.5" mode="-11"
 points="1.09251 6.14286,
	1.09651 6.13219,
	1.11785 6.11218,
	1.12319 6.10685,
	1.16588 6.09217,
	1.18722 6.08684,
	1.22991 6.08284,
	1.27259 6.0855,
	1.28327 6.0855,
	1.30461 6.08951,
	1.3473 6.10418,
	1.36864 6.11218,
	1.37931 6.11752,
	1.40065 6.12286,
	1.422 6.12286,
	1.44334 6.12019,
	1.44868 6.12019,
	1.45935 6.11619,
	1.50203 6.11752,
	1.52338 6.11885,
	1.56606 6.10151,
	1.5714 6.10151,
	1.59274 6.09351,
	1.60341 6.09217,
	1.61409 6.08817,
	1.63543 6.08417,
	1.6461 6.0815,
	1.66744 6.0815,
	1.67812 6.0815,
	1.69946 6.08951,
	1.71013 6.10018,
	1.72347 6.12152,
	1.72747 6.13219,
	1.72747 6.14286,
	1.72614 6.1482,
	1.73014 6.16954,
	1.73814 6.17888,
	1.74081 6.18422,
	1.75015 6.19222,
	1.75282 6.19222,
	1.77283 6.20956,
	1.78617 6.23091,
	1.79284 6.24158,
	1.7955 6.26292,
	1.7955 6.28426,
	1.80084 6.30561,
	1.80484 6.31094,
	1.80884 6.32161,
	1.80751 6.34296,
	1.80751 6.35363,
	1.80618 6.35897,
	1.79684 6.36964,
	1.78617 6.37364,
	1.77549 6.38031,
	1.76082 6.40165,
	1.75682 6.41232,
	1.75282 6.43367,
	1.74882 6.44434,
	1.72881 6.46435,
	1.71146 6.48569,
	1.70746 6.49103,
	1.7048 6.4937,
	1.70079 6.50437,
	1.69412 6.51504,
	1.69279 6.52037,
	1.66478 6.56306,
	1.64743 6.5844,
	1.63276 6.60575,
	1.62743 6.61642,
	1.61942 6.62709,
	1.61409 6.63776,
	1.61142 6.68045,
	1.60608 6.68445,
	1.59541 6.68845,
	1.57407 6.70446,
	1.55406 6.72447,
	1.51137 6.74715,
	1.49003 6.75515,
	1.46868 6.76716,
	1.45801 6.77116,
	1.41533 6.76849,
	1.39398 6.76849,
	1.38331 6.76716,
	1.37798 6.76716,
	1.3673 6.76182,
	1.36197 6.75648,
	1.3593 6.75115,
	1.36063 6.72981,
	1.3673 6.71913,
	1.37664 6.7098,
	1.38731 6.70579,
	1.39265 6.70313,
	1.41399 6.70046,
	1.42466 6.69646,
	1.43 6.69512,
	1.43934 6.68445,
	1.44067 6.67378,
	1.43534 6.63109,
	1.43133 6.60975,
	1.42466 6.58841,
	1.41533 6.56706,
	1.40999 6.55639,
	1.40199 6.54572,
	1.38064 6.52571,
	1.3593 6.50837,
	1.34863 6.50036,
	1.34329 6.4977,
	1.32195 6.48036,
	1.31128 6.47369,
	1.30061 6.46435,
	1.27926 6.44967,
	1.26859 6.44034,
	1.25125 6.41899,
	1.24191 6.40832,
	1.21257 6.36697,
	1.18722 6.32428,
	1.16988 6.2816,
	1.16588 6.27092,
	1.1512 6.24958,
	1.14053 6.23891,
	1.11919 6.22157,
	1.10985 6.2109,
	1.10452 6.20556,
	1.09518 6.18422,
	1.09251 6.16287,
	1.09251 6.1522,
	1.09251 6.14687,
	1.09251 6.1442,
	"/>
</Transform>

<Transform dim="0"
 xcoef=" 0 1 0 0 0 0"
 ycoef=" 0 0 1 0 0 0">
<Contour name="d03" hidden="false" closed="true" simplified="true" border="1 0 0.5" fill="1 0 0.5" mode="-11"
 points="0.929767 5.40786,
	0.932435 5.40252,
	0.943107 5.39452,
	0.948442 5.39185,
	0.969786 5.37184,
	0.975121 5.37184,
	0.996465 5.36117,
	0.999133 5.3585,
	1.00447 5.35717,
	1.02314 5.34249,
	1.03782 5.32382,
	1.03648 5.30247,
	1.03382 5.2918,
	1.03515 5.28113,
	1.03915 5.27046,
	1.04182 5.26512,
	1.04182 5.25979,
	1.04716 5.25445,
	1.05783 5.24778,
	1.06316 5.24511,
	1.06583 5.23444,
	1.05916 5.22377,
	1.04982 5.22244,
	1.04449 5.2211,
	1.04182 5.21843,
	1.04049 5.20776,
	1.04182 5.19709,
	1.04315 5.19175,
	1.04315 5.18909,
	1.05249 5.17842,
	1.05516 5.17308,
	1.05382 5.15174,
	1.05516 5.13039,
	1.05783 5.11972,
	1.05783 5.11439,
	1.0645 5.09304,
	1.07517 5.0717,
	1.08184 5.05036,
	1.09118 5.04102,
	1.09651 5.03702,
	1.11785 5.03835,
	1.1392 5.04769,
	1.14987 5.05169,
	1.15521 5.05302,
	1.16054 5.05169,
	1.19656 5.01034,
	1.21523 4.99033,
	1.22324 4.97966,
	1.30461 4.89962,
	1.31528 4.89161,
	1.32595 4.88895,
	1.36864 4.89028,
	1.37397 4.89028,
	1.39532 4.87828,
	1.41666 4.87427,
	1.45935 4.87427,
	1.47002 4.87294,
	1.51271 4.87427,
	1.52338 4.87161,
	1.53405 4.86627,
	1.55539 4.85026,
	1.57674 4.83159,
	1.58741 4.82358,
	1.60875 4.81425,
	1.63009 4.80758,
	1.65144 4.79824,
	1.66211 4.7929,
	1.68345 4.7929,
	1.72614 4.80224,
	1.74748 4.80891,
	1.75815 4.81024,
	1.76349 4.81158,
	1.78483 4.80758,
	1.82752 4.80624,
	1.84886 4.81024,
	1.87021 4.81958,
	1.88088 4.82492,
	1.90222 4.83025,
	1.91289 4.83559,
	1.91823 4.83826,
	1.92356 4.84359,
	1.94491 4.85026,
	1.96625 4.8596,
	1.97159 4.8636,
	1.97425 4.8636,
	1.98493 4.87161,
	1.99293 4.88094,
	1.99426 4.89161,
	1.9956 4.89695,
	2.00627 4.90362,
	2.0116 4.90762,
	2.01427 4.90762,
	2.02494 4.91429,
	2.04629 4.92363,
	2.05696 4.9303,
	2.0623 4.93564,
	2.06363 4.97832,
	2.06763 4.99967,
	2.07964 5.02101,
	2.08497 5.03168,
	2.08764 5.03702,
	2.09031 5.03968,
	2.09031 5.04235,
	2.09431 5.04769,
	2.09564 5.05302,
	2.09564 5.05569,
	2.10098 5.06103,
	2.12232 5.07036,
	2.12766 5.07437,
	2.12899 5.08504,
	2.12366 5.08904,
	2.11299 5.09171,
	2.10231 5.09704,
	2.09698 5.09971,
	2.09431 5.10238,
	2.08764 5.12372,
	2.08497 5.13439,
	2.08631 5.15574,
	2.09031 5.17708,
	2.09164 5.19842,
	2.09831 5.24111,
	2.09698 5.2838,
	2.09564 5.30514,
	2.09298 5.31048,
	2.0823 5.32115,
	2.06096 5.33582,
	2.05563 5.33982,
	2.03428 5.34916,
	2.02494 5.35983,
	2.02094 5.3705,
	2.01427 5.38118,
	2.0036 5.39051,
	1.98226 5.40519,
	1.97159 5.41319,
	1.96758 5.41586,
	1.96758 5.42119,
	1.96492 5.42386,
	1.96625 5.43453,
	1.97692 5.4412,
	2.01961 5.45054,
	2.04095 5.45054,
	2.04629 5.45454,
	2.04362 5.46522,
	2.03828 5.47589,
	2.01827 5.4959,
	2.0076 5.50523,
	1.98626 5.51991,
	1.97826 5.53058,
	1.97559 5.53325,
	1.97292 5.54392,
	1.96625 5.55459,
	1.95558 5.56526,
	1.94491 5.57193,
	1.93023 5.59194,
	1.91022 5.61328,
	1.90756 5.61595,
	1.90355 5.6373,
	1.90355 5.67998,
	1.90489 5.68265,
	1.90222 5.70399,
	1.89955 5.71467,
	1.89422 5.72534,
	1.88621 5.73601,
	1.86487 5.75468,
	1.8542 5.76135,
	1.84886 5.76536,
	1.83952 5.7867,
	1.82752 5.82939,
	1.81952 5.84006,
	1.81418 5.8614,
	1.81285 5.86674,
	1.80884 5.87207,
	1.7875 5.88141,
	1.74481 5.88274,
	1.73414 5.88274,
	1.72881 5.88274,
	1.71947 5.87341,
	1.71413 5.85206,
	1.71413 5.83072,
	1.71813 5.80938,
	1.72214 5.7987,
	1.72614 5.79337,
	1.72614 5.7907,
	1.73014 5.78536,
	1.73147 5.77469,
	1.72747 5.76402,
	1.7128 5.74268,
	1.70613 5.72133,
	1.70213 5.69999,
	1.69946 5.68932,
	1.69279 5.67865,
	1.69012 5.67331,
	1.67011 5.6533,
	1.65944 5.64663,
	1.6541 5.64397,
	1.61142 5.6413,
	1.56873 5.64263,
	1.54739 5.64797,
	1.53672 5.65197,
	1.51537 5.66531,
	1.49536 5.68265,
	1.49003 5.68665,
	1.46868 5.69466,
	1.45801 5.69599,
	1.44734 5.69466,
	1.426 5.68532,
	1.40466 5.67198,
	1.38331 5.66264,
	1.36197 5.65597,
	1.35663 5.65597,
	1.3513 5.6533,
	1.32995 5.6493,
	1.28727 5.62662,
	1.2766 5.62129,
	1.25525 5.60395,
	1.24458 5.60128,
	1.23924 5.59994,
	1.23658 5.59728,
	1.23391 5.59728,
	1.22457 5.58794,
	1.21523 5.56793,
	1.20456 5.56126,
	1.19389 5.55059,
	1.18722 5.54125,
	1.17655 5.53191,
	1.16588 5.52925,
	1.16054 5.52925,
	1.14987 5.52524,
	1.14453 5.52258,
	1.12719 5.50257,
	1.08451 5.48522,
	1.04182 5.46522,
	1.02048 5.45988,
	1.0098 5.45855,
	1.00447 5.45855,
	0.983125 5.44921,
	0.961782 5.44254,
	0.956446 5.43987,
	0.945774 5.43854,
	0.935103 5.43187,
	0.931101 5.42653,
	0.929767 5.41586,
	0.929767 5.41052,
	0.929767 5.40919,
	"/>
</Transform>

<Transform dim="0"
 xcoef=" 0 1 0 0 0 0"
 ycoef=" 0 0 1 0 0 0">
<Contour name="d03" hidden="false" closed="true" simplified="true" border="1 0 0.5" fill="1 0 0.5" mode="-11"
 points="1.45935 3.90982,
	1.47135 3.88848,
	1.47936 3.88048,
	1.5007 3.86714,
	1.50337 3.86447,
	1.51404 3.86047,
	1.52471 3.8538,
	1.53005 3.8498,
	1.53538 3.84846,
	1.53805 3.84579,
	1.55939 3.84446,
	1.58074 3.84579,
	1.58607 3.84713,
	1.59007 3.84579,
	1.61142 3.85246,
	1.63276 3.8538,
	1.6541 3.85246,
	1.65944 3.85246,
	1.66478 3.8498,
	1.67545 3.84846,
	1.67812 3.84713,
	1.68879 3.8498,
	1.73147 3.86714,
	1.75282 3.87914,
	1.76349 3.88715,
	1.77416 3.89248,
	1.78483 3.89515,
	1.7955 3.89515,
	1.81685 3.90716,
	1.82752 3.91649,
	1.83285 3.9205,
	1.8542 3.92316,
	1.87554 3.92983,
	1.88621 3.9405,
	1.90756 3.94451,
	1.91823 3.94851,
	1.92356 3.94984,
	1.9289 3.95384,
	1.9329 3.96452,
	1.9329 3.97519,
	1.94091 3.99653,
	1.94491 4.0072,
	1.94357 4.04989,
	1.93957 4.07123,
	1.93824 4.0819,
	1.9369 4.08457,
	1.93824 4.08724,
	1.93557 4.09791,
	1.93424 4.10325,
	1.89288 4.13126,
	1.88221 4.13793,
	1.86087 4.14727,
	1.83952 4.15394,
	1.82885 4.15661,
	1.80751 4.15661,
	1.78617 4.1526,
	1.76482 4.14193,
	1.74348 4.12859,
	1.72347 4.11125,
	1.71413 4.10325,
	1.67145 4.08324,
	1.6501 4.0739,
	1.63943 4.06856,
	1.62876 4.0659,
	1.61809 4.05789,
	1.59808 4.03655,
	1.59007 4.02588,
	1.56873 4.01387,
	1.5634 4.01254,
	1.54205 3.99786,
	1.52071 3.98719,
	1.49937 3.97919,
	1.49403 3.97652,
	1.48336 3.96585,
	1.47936 3.96051,
	1.47135 3.93917,
	1.46068 3.91783,
	1.45935 3.91249,
	1.45935 3.91116,
	"/>
</Transform>

<Transform dim="0"
 xcoef=" 0 1 0 0 0 0"
 ycoef=" 0 0 1 0 0 0">
<Contour name="d03p25" hidden="false" closed="true" simplified="false" border="1 1 0" fill="1 1 0" mode="-9"
 points="1.8263 5.68612,
	1.8263 5.62355,
	1.76373 5.62355,
	1.76373 5.6783,
	1.75591 5.68612,
	1.75591 5.61572,
	1.83412 5.61572,
	1.83412 5.69394,
	1.75591 5.69394,
	1.76373 5.68612,
	"/>
</Transform>

<Transform dim="0"
 xcoef=" 0 1 0 0 0 0"
 ycoef=" 0 0 1 0 0 0">
<Contour name="d03p26" hidden="false" closed="true" simplified="false" border="0 0 1" fill="0 0 1" mode="-9"
 points="1.10282 5.41237,
	1.07545 5.38499,
	1.10282 5.35762,
	1.1302 5.38499,
	"/>
</Transform>

<Transform dim="0"
 xcoef=" 0 1 0 0 0 0"
 ycoef=" 0 0 1 0 0 0">
<Contour name="d03c25" hidden="false" closed="true" simplified="true" border="1 0 0" fill="1 0 0" mode="-11"
 points="1.12599 6.25166,
	1.1275 6.24564,
	1.13653 6.2351,
	1.14255 6.23209,
	1.15459 6.23209,
	1.16663 6.2366,
	1.17868 6.24714,
	1.1862 6.25617,
	1.19674 6.26822,
	1.2133 6.2908,
	1.21782 6.29682,
	1.21932 6.30886,
	1.21631 6.3209,
	1.20728 6.33295,
	1.20276 6.33746,
	1.17868 6.34649,
	1.17266 6.34649,
	1.16212 6.33445,
	1.15158 6.31037,
	1.14405 6.29832,
	1.14104 6.2923,
	1.13803 6.28929,
	1.13803 6.28628,
	1.13352 6.28026,
	1.12599 6.25617,
	1.12599 6.25316,
	"/>
<Contour name="d03c25" hidden="false" closed="true" simplified="true" border="1 0 0" fill="1 0 0" mode="-11"
 points="1.25696 6.46993,
	1.26298 6.44585,
	1.27502 6.43832,
	1.28706 6.43681,
	1.29308 6.43681,
	1.31566 6.45337,
	1.33975 6.47595,
	1.36383 6.49552,
	1.38641 6.51058,
	1.4105 6.52864,
	1.43308 6.54971,
	1.44964 6.57229,
	1.45867 6.59638,
	1.46469 6.62046,
	1.4677 6.63251,
	1.4662 6.68068,
	1.46018 6.69272,
	1.44813 6.70326,
	1.42405 6.70627,
	1.41803 6.70476,
	1.40899 6.69272,
	1.40899 6.66864,
	1.40448 6.64455,
	1.39695 6.62046,
	1.39394 6.61745,
	1.37889 6.56928,
	1.37437 6.55724,
	1.36684 6.5467,
	1.3548 6.53617,
	1.33072 6.52111,
	1.30663 6.50907,
	1.28255 6.49402,
	1.27954 6.49402,
	1.25696 6.47445,
	1.25696 6.47144,
	"/>
</Transform>

<Transform dim="0"
 xcoef=" 0 1 0 0 0 0"
 ycoef=" 0 0 1 0 0 0">
<Contour name="d03cfa25" hidden="false" closed="false" simplified="false" border="0 1 0.251" fill="0 1 0" mode="11"
 points="1.1962 6.3361,
	1.13599 6.23675,
	"/>
<Contour name="d03cfa25" hidden="false" closed="false" simplified="false" border="0 1 0.251" fill="0 1 0" mode="11"
 points="1.41448 6.69738,
	1.43104 6.69437,
	1.43706 6.68835,
	1.43706 6.67179,
	1.42802 6.60254,
	1.40695 6.55437,
	1.34373 6.49717,
	1.27147 6.44298,
	"/>
</Transform>

<Transform dim="0"
 xcoef=" 0 1 0 0 0 0"
 ycoef=" 0 0 1 0 0 0">
<Contour name="Ax02" hidden="false" closed="true" simplified="true" border="0.501961 0 1" fill="0.5 0 1" mode="11"
 points="7.61761 5.65828,
	7.64325 5.62898,
	7.67255 5.61799,
	7.70185 5.61799,
	7.7165 5.62532,
	7.73115 5.63996,
	7.73847 5.65461,
	7.7458 5.66194,
	7.76045 5.66194,
	7.78974 5.67293,
	7.84834 5.70589,
	7.86665 5.73152,
	7.87764 5.76082,
	7.87398 5.79012,
	7.86299 5.80477,
	7.83369 5.80111,
	7.82637 5.80111,
	7.79707 5.7828,
	7.76777 5.77181,
	7.70917 5.76448,
	7.67987 5.74983,
	7.62494 5.70955,
	7.61761 5.68025,
	7.61761 5.6656,
	7.61761 5.66194,
	"/>
</Transform>

<Transform dim="0"
 xcoef=" 0 1 0 0 0 0"
 ycoef=" 0 0 1 0 0 0">
<Contour name="Ax06" hidden="false" closed="true" simplified="true" border="0 0 1" fill="0 0 1" mode="-11"
 points="3.83136 6.76583,
	3.85011 6.74395,
	3.85636 6.74395,
	3.86886 6.73457,
	3.88137 6.70957,
	3.90012 6.68457,
	3.90637 6.68457,
	3.92824 6.6627,
	3.95012 6.64707,
	3.95637 6.64082,
	4.00637 6.64707,
	4.05637 6.64082,
	4.08137 6.64082,
	4.09387 6.65332,
	4.097 6.65957,
	4.122 6.65957,
	4.147 6.65332,
	4.15325 6.65332,
	4.16575 6.66582,
	4.19075 6.67207,
	4.197 6.67832,
	4.222 6.68457,
	4.2345 6.69707,
	4.24075 6.70332,
	4.24075 6.72832,
	4.23138 6.75333,
	4.19075 6.8002,
	4.18137 6.8127,
	4.15637 6.82208,
	4.13137 6.81895,
	4.11887 6.82208,
	4.0845 6.86895,
	4.06262 6.89083,
	4.05637 6.89083,
	4.05012 6.89708,
	4.02512 6.9002,
	4.00012 6.89083,
	3.98762 6.8877,
	3.93762 6.89083,
	3.91262 6.8877,
	3.90012 6.88458,
	3.89074 6.87208,
	3.86574 6.85958,
	3.85324 6.85645,
	3.83761 6.83458,
	3.83449 6.78458,
	3.83136 6.77208,
	3.83136 6.76895,
	"/>
</Transform>

<Transform dim="0"
 xcoef=" 0 1 0 0 0 0"
 ycoef=" 0 0 1 0 0 0">
<Contour name="d06" hidden="false" closed="true" simplified="true" border="0 0 1" fill="0 0 1" mode="11"
 points="3.58724 1.67994,
	3.5923 1.66984,
	3.61251 1.66478,
	3.65293 1.66478,
	3.67314 1.66478,
	3.68324 1.66478,
	3.68829 1.66478,
	3.70598 1.67742,
	3.71608 1.68247,
	3.71861 1.68752,
	3.71608 1.69763,
	3.70345 1.71784,
	3.68577 1.73552,
	3.64535 1.73805,
	3.60493 1.72541,
	3.58977 1.71026,
	3.58724 1.69005,
	3.58724 1.68247,
	"/>
<Contour name="d06" hidden="false" closed="true" simplified="true" border="0 0 1" fill="0 0 1" mode="11"
 points="3.93839 1.78352,
	3.95102 1.76331,
	3.95607 1.75573,
	3.98891 1.72794,
	4.00912 1.71531,
	4.01923 1.70773,
	4.03691 1.70015,
	4.04702 1.6951,
	4.05965 1.67994,
	4.06975 1.65973,
	4.07228 1.64963,
	4.08744 1.63447,
	4.12786 1.61679,
	4.16828 1.60668,
	4.18849 1.60163,
	4.19101 1.59658,
	4.21122 1.59152,
	4.22133 1.58647,
	4.26175 1.57889,
	4.34259 1.57889,
	4.38301 1.57889,
	4.40322 1.57637,
	4.41332 1.57637,
	4.41585 1.57889,
	4.41332 1.58142,
	4.45374 1.58142,
	4.46385 1.58142,
	4.48406 1.59152,
	4.49416 1.59405,
	4.51437 1.60921,
	4.54721 1.64457,
	4.56237 1.65973,
	4.57247 1.66731,
	4.59774 1.7052,
	4.61542 1.74562,
	4.62805 1.76583,
	4.62805 1.77089,
	4.64068 1.7911,
	4.64573 1.81131,
	4.64321 1.85173,
	4.64321 1.86183,
	4.63563 1.88204,
	4.61037 1.91993,
	4.59521 1.93762,
	4.59016 1.9452,
	4.58005 1.9553,
	4.57247 1.97551,
	4.56742 1.98056,
	4.56489 2.00077,
	4.55732 2.01846,
	4.55479 2.02856,
	4.53963 2.04624,
	4.51942 2.0614,
	4.51437 2.0614,
	4.49416 2.07403,
	4.48911 2.07909,
	4.479 2.08161,
	4.4689 2.08919,
	4.45879 2.09172,
	4.45374 2.09172,
	4.44869 2.09677,
	4.43858 2.09677,
	4.39816 2.1094,
	4.37795 2.11445,
	4.33753 2.11193,
	4.31732 2.10687,
	4.2769 2.1094,
	4.19607 2.12708,
	4.15565 2.12456,
	4.14554 2.12203,
	4.14049 2.12203,
	4.12028 2.10687,
	4.11017 2.10182,
	4.10512 2.09677,
	4.0647 2.08919,
	4.04449 2.08919,
	4.02428 2.08161,
	4.01418 2.07909,
	4.00407 2.07151,
	3.99902 2.06645,
	3.99902 2.02604,
	4.02428 1.99319,
	4.02428 1.98814,
	4.02933 1.98309,
	4.02933 1.94267,
	4.02176 1.90225,
	3.98891 1.86688,
	3.97123 1.85425,
	3.95355 1.83657,
	3.94092 1.81636,
	3.93839 1.79615,
	3.93839 1.78604,
	"/>
</Transform>

<Transform dim="0"
 xcoef=" 0 1 0 0 0 0"
 ycoef=" 0 0 1 0 0 0">
<Contour name="d06" hidden="false" closed="true" simplified="true" border="0 0 1" fill="0 0 1" mode="11"
 points="3.22347 1.5991,
	3.22852 1.57889,
	3.26136 1.54605,
	3.27904 1.53342,
	3.28915 1.52332,
	3.30683 1.51068,
	3.33967 1.47279,
	3.35988 1.45511,
	3.36494 1.45511,
	3.37504 1.44753,
	3.41546 1.43995,
	3.45588 1.43995,
	3.47609 1.43995,
	3.47862 1.445,
	3.48872 1.445,
	3.50893 1.45763,
	3.52914 1.47532,
	3.53672 1.4829,
	3.54177 1.50311,
	3.54177 1.58395,
	3.54177 1.60415,
	3.54935 1.62184,
	3.55946 1.63194,
	3.56198 1.65215,
	3.55693 1.67236,
	3.53925 1.68499,
	3.51904 1.69257,
	3.51398 1.69763,
	3.50388 1.70015,
	3.49377 1.70773,
	3.48367 1.71026,
	3.47862 1.71531,
	3.47356 1.71531,
	3.46346 1.72289,
	3.44325 1.72794,
	3.40283 1.72541,
	3.38262 1.72289,
	3.37251 1.71784,
	3.3321 1.71278,
	3.31189 1.70773,
	3.30683 1.70773,
	3.28915 1.69257,
	3.25126 1.66984,
	3.2361 1.64963,
	3.22599 1.63194,
	3.22347 1.61173,
	3.22347 1.60163,
	"/>
</Transform>

<Transform dim="0"
 xcoef=" 0 1 0 0 0 0"
 ycoef=" 0 0 1 0 0 0">
<Contour name="d09" hidden="false" closed="true" simplified="true" border="0 1 0" fill="0 1 0" mode="11"
 points="1.00231 2.11432,
	1.00877 2.09711,
	1.00877 2.0627,
	1.00877 2.04549,
	1.02382 2.01108,
	1.04103 1.99387,
	1.05393 1.98312,
	1.05824 1.98312,
	1.06684 1.97666,
	1.07544 1.97666,
	1.09265 1.97021,
	1.10125 1.96806,
	1.10556 1.96806,
	1.10986 1.96376,
	1.12706 1.95731,
	1.14427 1.95516,
	1.15288 1.95516,
	1.18729 1.97021,
	1.2045 1.97666,
	1.23891 1.97666,
	1.25612 1.97666,
	1.27332 1.98097,
	1.30774 1.98312,
	1.34215 1.99817,
	1.35721 2.01323,
	1.36796 2.03044,
	1.37442 2.04764,
	1.37872 2.05195,
	1.38087 2.06055,
	1.38732 2.06915,
	1.38087 2.10357,
	1.38087 2.12077,
	1.37227 2.13798,
	1.34 2.16379,
	1.3228 2.1767,
	1.30559 2.1853,
	1.27117 2.1939,
	1.25612 2.20466,
	1.24751 2.21111,
	1.24321 2.21541,
	1.22601 2.21971,
	1.19159 2.21541,
	1.17438 2.21111,
	1.16578 2.20896,
	1.16148 2.20896,
	1.15718 2.20466,
	1.13997 2.20251,
	1.13137 2.20036,
	1.12706 2.19605,
	1.10986 2.1939,
	1.04103 2.1724,
	1.03243 2.1724,
	1.01522 2.16379,
	1.00661 2.15519,
	1.00231 2.13798,
	1.00231 2.12077,
	1.00231 2.11647,
	"/>
</Transform>

<Transform dim="0"
 xcoef=" 0 1 0 0 0 0"
 ycoef=" 0 0 1 0 0 0">
<Contour name="d09c12" hidden="false" closed="true" simplified="true" border="0 1 0.251" fill="0 1 0" mode="-9"
 points="1.76929 2.9088,
	1.78062 2.87255,
	1.78515 2.85443,
	1.80554 2.83631,
	1.81007 2.81818,
	1.81234 2.80912,
	1.81687 2.80459,
	1.82593 2.80459,
	1.83499 2.81365,
	1.84632 2.83178,
	1.84858 2.8499,
	1.85764 2.8567,
	1.85764 2.89294,
	1.85311 2.91107,
	1.85538 2.94731,
	1.86218 2.96544,
	1.88256 2.99715,
	1.8871 3.00168,
	1.8871 3.00621,
	1.89389 3.01301,
	1.89616 3.02207,
	1.90748 3.04019,
	1.91202 3.04926,
	1.91202 3.05379,
	1.91881 3.06058,
	1.95506 3.06285,
	1.97318 3.06285,
	1.9913 3.05605,
	2.00037 3.05379,
	2.0049 3.05379,
	2.01622 3.03566,
	2.02302 3.0266,
	2.03888 3.01527,
	2.05247 2.99942,
	2.05927 2.99036,
	2.09551 2.9745,
	2.13176 2.97676,
	2.16801 2.98356,
	2.20425 2.98356,
	2.20879 2.98356,
	2.21558 2.99262,
	2.21558 3.00168,
	2.21105 3.01074,
	2.17707 3.03113,
	2.15895 3.04019,
	2.14988 3.04473,
	2.14535 3.04473,
	2.12723 3.05605,
	2.1227 3.05605,
	2.11817 3.06058,
	2.10004 3.06738,
	2.09098 3.06964,
	2.08192 3.07644,
	2.07286 3.07871,
	2.06833 3.07871,
	2.0638 3.08324,
	2.04567 3.09003,
	2.01169 3.11042,
	2.00263 3.11269,
	1.9981 3.11722,
	1.96185 3.11722,
	1.94373 3.11495,
	1.93467 3.11495,
	1.89842 3.10136,
	1.8803 3.09456,
	1.8735 3.08777,
	1.85538 3.08097,
	1.8214 3.05152,
	1.8146 3.04246,
	1.81234 3.0334,
	1.80554 3.0266,
	1.80554 3.02207,
	1.77836 2.98809,
	1.77609 2.97903,
	1.77609 2.9745,
	1.77156 2.96997,
	1.76929 2.93372,
	1.76929 2.9156,
	1.76929 2.91107,
	"/>
</Transform>

<Transform dim="0"
 xcoef=" 0 1 0 0 0 0"
 ycoef=" 0 0 1 0 0 0">
<Contour name="d09" hidden="false" closed="true" simplified="true" border="0 1 0.25098" fill="0 1 0.25098" mode="-11"
 points="1.80029 2.89509,
	1.8089 2.86068,
	1.8132 2.84347,
	1.8175 2.84132,
	1.8175 2.82411,
	1.8132 2.80691,
	1.8132 2.7897,
	1.8175 2.77249,
	1.83256 2.76174,
	1.84116 2.75744,
	1.84546 2.74883,
	1.84761 2.73163,
	1.84761 2.72732,
	1.86267 2.71227,
	1.87987 2.70797,
	1.91429 2.70582,
	1.98312 2.71012,
	2.01753 2.71227,
	2.03474 2.72087,
	2.04334 2.72732,
	2.07776 2.73163,
	2.08636 2.73808,
	2.08851 2.74238,
	2.09281 2.74238,
	2.11002 2.75313,
	2.11862 2.75959,
	2.12723 2.76174,
	2.14013 2.77679,
	2.14013 2.7811,
	2.16594 2.81121,
	2.19605 2.83487,
	2.21326 2.84562,
	2.23047 2.86068,
	2.24983 2.89294,
	2.26058 2.91015,
	2.26058 2.91445,
	2.26488 2.9166,
	2.26919 2.93381,
	2.26703 2.95102,
	2.26058 2.96822,
	2.25413 2.97683,
	2.21971 2.99618,
	2.20251 3.00479,
	2.16809 3.00694,
	2.13368 3.01339,
	2.11647 3.01339,
	2.08206 3.0263,
	2.06485 3.0349,
	2.0584 3.0435,
	2.05625 3.05211,
	2.04119 3.06716,
	2.02398 3.07792,
	2.00678 3.08437,
	1.97236 3.08652,
	1.93795 3.08222,
	1.90353 3.07147,
	1.88848 3.06286,
	1.86052 3.03275,
	1.84546 3.01769,
	1.84116 3.00909,
	1.83256 3.00049,
	1.8218 2.98543,
	1.8175 2.98113,
	1.8175 2.97683,
	1.8132 2.97252,
	1.81105 2.95532,
	1.80674 2.95102,
	1.80459 2.94241,
	1.80459 2.93811,
	1.80029 2.93381,
	1.80029 2.89939,
	1.80029 2.89724,
	"/>
</Transform>

<Transform dim="0"
 xcoef=" 0 1 0 0 0 0"
 ycoef=" 0 0 1 0 0 0">
<Contour name="d09cfa12" hidden="false" closed="false" simplified="false" border="0 1 1" fill="0 1 1" mode="-9"
 points="2.20688 2.99606,
	2.15025 3.01191,
	2.09588 3.03004,
	2.06642 3.04363,
	2.04604 3.06628,
	2.00299 3.08894,
	1.95315 3.08894,
	1.90558 3.07308,
	1.8648 3.04816,
	1.82176 2.99153,
	1.81043 2.88958,
	1.81949 2.80576,
	"/>
</Transform>

<Transform dim="6"
 xcoef=" -0.979690853611049 1.00968634048072 0.0863418405749136 0 0 0"
 ycoef=" 0.339592637773987 0.0594423247639079 1.01377635378692 0 0 0">
<Image mag="0.0021709" contrast="0.922" brightness="0.03" red="true" green="true" blue="true"
 src="JPTZX.229.jpg" />
<Contour name="domain1" hidden="false" closed="true" simplified="false" border="1 0 1" fill="1 0 1" mode="11"
 points="0 0,
	4083 0,
	4083 4083,
	0 4083,
	"/>
</Transform>

<Transform dim="0"
 xcoef=" 0 1 0 0 0 0"
 ycoef=" 0 0 1 0 0 0">
<Contour name="d06ax11" hidden="false" closed="true" simplified="true" border="0 1 1" fill="0 1 1" mode="-11"
 points="3.56987 0.356406,
	3.57219 0.347119,
	3.57683 0.337831,
	3.5838 0.328544,
	3.62095 0.315773,
	3.63952 0.31113,
	3.6581 0.304164,
	3.69525 0.277463,
	3.69989 0.272819,
	3.70802 0.267014,
	3.7173 0.257727,
	3.72659 0.250761,
	3.73588 0.241474,
	3.75329 0.227543,
	3.76258 0.221738,
	3.78115 0.214772,
	3.79973 0.213611,
	3.80902 0.213611,
	3.8183 0.215933,
	3.83688 0.226382,
	3.84501 0.235669,
	3.84849 0.240313,
	3.85313 0.258888,
	3.85313 0.277463,
	3.85081 0.296038,
	3.83572 0.370337,
	3.83456 0.407487,
	3.83572 0.426062,
	3.83572 0.430706,
	3.83804 0.435349,
	3.83804 0.453924,
	3.83804 0.463212,
	3.83572 0.472499,
	3.82991 0.481787,
	3.82759 0.48643,
	3.82295 0.491074,
	3.81366 0.495718,
	3.80902 0.499201,
	3.77187 0.500362,
	3.75329 0.500362,
	3.74401 0.500362,
	3.72543 0.506166,
	3.70686 0.506166,
	3.66971 0.49804,
	3.66506 0.495718,
	3.64765 0.478304,
	3.63836 0.472499,
	3.61979 0.466695,
	3.6105 0.463212,
	3.60237 0.457407,
	3.59308 0.44812,
	3.58612 0.438832,
	3.58031 0.420257,
	3.57683 0.41097,
	3.57567 0.406326,
	3.57799 0.397039,
	3.57219 0.378464,
	3.56987 0.369176,
	3.56987 0.359889,
	3.56987 0.357567,
	"/>
</Transform>

<Transform dim="0"
 xcoef=" 0 1 0 0 0 0"
 ycoef=" 0 0 1 0 0 0">
<Contour name="d06ax11ssvr" hidden="false" closed="true" simplified="false" border="0 1 0" fill="0 1 0" mode="11"
 points="3.68949 0.400246,
	3.67937 0.390127,
	3.68949 0.380008,
	3.69961 0.390127,
	"/>
</Transform>

</Section>