<?xml version="1.0"?>
<!DOCTYPE Section SYSTEM "section.dtd">

<Section index="192" thickness="0.038" alignLocked="true">
<Transform dim="0"
 xcoef=" 0 1 0 0 0 0"
 ycoef=" 0 0 1 0 0 0">
<Contour name="d01" hidden="false" closed="true" simplified="true" border="1 0.5 0" fill="1 0.5 0" mode="11"
 points="1.73168 5.17833,
	1.75843 5.15493,
	1.77848 5.12818,
	1.79186 5.10144,
	1.81526 5.0747,
	1.84869 5.02121,
	1.85537 5.00784,
	1.88212 4.98443,
	1.90886 4.96772,
	2.01584 4.93429,
	2.06933 4.90086,
	2.12281 4.87746,
	2.1763 4.8808,
	2.18299 4.8808,
	2.19636 4.89083,
	2.1997 4.90086,
	2.22645 4.91757,
	2.27994 4.93429,
	2.29331 4.93763,
	2.32005 4.95769,
	2.31337 5.01118,
	2.32005 5.03792,
	2.3468 5.05798,
	2.36017 5.06801,
	2.36351 5.08138,
	2.36351 5.08807,
	2.33677 5.11147,
	2.31002 5.12484,
	2.29665 5.13153,
	2.24316 5.13153,
	2.21642 5.12818,
	2.20305 5.12484,
	2.18967 5.11147,
	2.18299 5.0981,
	2.16962 5.08472,
	2.15624 5.07804,
	2.10276 5.08138,
	1.99578 5.0981,
	1.94229 5.10478,
	1.91555 5.11481,
	1.80857 5.19839,
	1.78183 5.2151,
	1.77514 5.22179,
	1.76177 5.22179,
	1.73837 5.20507,
	1.73168 5.19839,
	1.73168 5.18501,
	1.73168 5.18167,
	"/>
</Transform>

<Transform dim="0"
 xcoef=" 0 1 0 0 0 0"
 ycoef=" 0 0 1 0 0 0">
<Contour name="d01" hidden="false" closed="true" simplified="true" border="1 0.5 0" fill="1 0.5 0" mode="11"
 points="0.718748 2.57412,
	0.738806 2.36017,
	0.742149 2.33342,
	0.742149 2.32005,
	0.748835 2.31671,
	0.855812 2.36685,
	0.869184 2.38023,
	0.872527 2.43371,
	0.889242 2.46046,
	0.899271 2.47383,
	0.899271 2.50057,
	0.899271 2.51395,
	0.889242 2.52732,
	0.862498 2.52732,
	0.849126 2.52732,
	0.822381 2.54069,
	0.809009 2.55072,
	0.782265 2.55406,
	0.728777 2.58749,
	0.722091 2.59418,
	0.718748 2.58081,
	0.718748 2.57746,
	"/>
<Contour name="d01" hidden="false" closed="true" simplified="true" border="1 0.5 0" fill="1 0.5 0" mode="11"
 points="1.18677 3.4433,
	1.20014 3.42993,
	1.25363 3.40987,
	1.36061 3.40653,
	1.38735 3.40319,
	1.41409 3.40653,
	1.42747 3.40653,
	1.45421 3.42325,
	1.4609 3.42993,
	1.48764 3.42325,
	1.49098 3.39985,
	1.51439 3.37979,
	1.54113 3.3731,
	1.56787 3.35973,
	1.59462 3.33967,
	1.62136 3.3263,
	1.64811 3.3029,
	1.65479 3.28953,
	1.65479 3.27615,
	1.66148 3.26278,
	1.68822 3.24272,
	1.70159 3.23269,
	1.75508 3.21598,
	1.78183 3.20261,
	1.83531 3.18924,
	1.94229 3.19926,
	1.96904 3.20595,
	1.98241 3.20595,
	1.99578 3.19926,
	2.00581 3.18589,
	2.01918 3.18589,
	2.02587 3.18589,
	2.04258 3.21264,
	2.06598 3.23604,
	2.11947 3.25275,
	2.13953 3.27615,
	2.14622 3.28284,
	2.17296 3.28953,
	2.18633 3.29287,
	2.21308 3.31293,
	2.26656 3.31627,
	2.29331 3.3263,
	2.29999 3.3263,
	2.35348 3.36976,
	2.38023 3.38647,
	2.40697 3.38982,
	2.45712 3.43328,
	2.48386 3.45333,
	2.49723 3.46002,
	2.52398 3.48342,
	2.53735 3.49679,
	2.54069 3.55028,
	2.54069 3.56365,
	2.54069 3.57034,
	2.49055 3.6138,
	2.47717 3.62383,
	2.47383 3.6372,
	2.49389 3.66394,
	2.50057 3.67063,
	2.49723 3.69737,
	2.49723 3.70406,
	2.47383 3.7308,
	2.44709 3.74083,
	2.42034 3.74083,
	2.40697 3.74083,
	2.3936 3.74752,
	2.34345 3.79766,
	2.31671 3.81438,
	2.20973 3.86118,
	2.18299 3.87121,
	2.1295 3.87121,
	2.10276 3.86787,
	2.04927 3.84781,
	1.94229 3.84781,
	1.8888 3.84781,
	1.86206 3.85784,
	1.80857 3.86118,
	1.75508 3.81772,
	1.70159 3.78095,
	1.64811 3.73415,
	1.62136 3.71409,
	1.51439 3.67063,
	1.40741 3.61046,
	1.35392 3.58705,
	1.30043 3.57368,
	1.27369 3.56031,
	1.26366 3.54694,
	1.26032 3.52019,
	1.25029 3.50682,
	1.22354 3.49345,
	1.1968 3.47339,
	1.18677 3.46002,
	1.18677 3.44665,
	"/>
</Transform>

<Transform dim="0"
 xcoef=" 0 1 0 0 0 0"
 ycoef=" 0 0 1 0 0 0">
<Contour name="d01" hidden="false" closed="true" simplified="true" border="1 0.5 0" fill="1 0.5 0" mode="11"
 points="1.42078 4.08182,
	1.47427 4.02833,
	1.50101 4.00493,
	1.53779 3.95144,
	1.54447 3.93807,
	1.55784 3.92804,
	1.58459 3.93138,
	1.59796 3.94141,
	1.61133 3.94141,
	1.62136 3.95479,
	1.61802 3.98153,
	1.61802 3.98822,
	1.59796 4.01162,
	1.58793 4.02499,
	1.58459 4.03836,
	1.58459 4.04505,
	1.5779 4.04839,
	1.57122 4.04505,
	1.56119 4.07179,
	1.51104 4.12528,
	1.4843 4.12194,
	1.45755 4.10188,
	1.43081 4.09854,
	1.42078 4.08851,
	1.42078 4.08516,
	"/>
</Transform>

<Transform dim="0"
 xcoef=" 0 1 0 0 0 0"
 ycoef=" 0 0 1 0 0 0">
<Contour name="d01" hidden="false" closed="true" simplified="true" border="1 0.5 0" fill="1 0.5 0" mode="11"
 points="0.926015 4.30246,
	0.932701 4.28909,
	0.986189 4.25566,
	0.992875 4.24897,
	1.04636 4.24897,
	1.07311 4.259,
	1.09317 4.2824,
	1.10654 4.29243,
	1.16003 4.29577,
	1.1734 4.29577,
	1.18343 4.3058,
	1.18008 4.33255,
	1.16671 4.34592,
	1.13997 4.35929,
	1.11991 4.38603,
	1.10654 4.39606,
	1.07979 4.39272,
	1.06642 4.37935,
	1.03968 4.38269,
	1.01293 4.39941,
	0.986189 4.39941,
	0.959445 4.38938,
	0.932701 4.37266,
	0.926015 4.36932,
	0.926015 4.31583,
	0.926015 4.3058,
	"/>
</Transform>

<Transform dim="0"
 xcoef=" 0 1 0 0 0 0"
 ycoef=" 0 0 1 0 0 0">
<Contour name="d01mito01" hidden="false" closed="true" simplified="true" border="0 0.25098 0.501961" fill="0.5 0 1" mode="-11"
 points="2.00108 3.54363,
	2.00433 3.52629,
	2.01626 3.50894,
	2.02602 3.4916,
	2.03252 3.47425,
	2.0336 3.46992,
	2.04661 3.45366,
	2.06396 3.44715,
	2.07154 3.44173,
	2.08889 3.44065,
	2.09756 3.44173,
	2.1019 3.44282,
	2.11057 3.44932,
	2.11274 3.45149,
	2.13008 3.44715,
	2.13875 3.4439,
	2.1561 3.4439,
	2.17344 3.44932,
	2.17778 3.45149,
	2.18645 3.45908,
	2.19512 3.4645,
	2.20379 3.47208,
	2.21246 3.4775,
	2.22114 3.48076,
	2.22981 3.48184,
	2.23848 3.48509,
	2.24715 3.49051,
	2.25474 3.4981,
	2.25908 3.50677,
	2.26016 3.51545,
	2.26016 3.51978,
	2.26775 3.5252,
	2.27209 3.52629,
	2.27642 3.53062,
	2.27751 3.53929,
	2.26992 3.55664,
	2.27425 3.57398,
	2.27534 3.57832,
	2.27534 3.58049,
	2.27317 3.58265,
	2.26775 3.6,
	2.2645 3.60867,
	2.23306 3.64227,
	2.22439 3.64769,
	2.20704 3.6542,
	2.1897 3.65745,
	2.15501 3.65637,
	2.12032 3.64661,
	2.10298 3.64227,
	2.09431 3.63902,
	2.07696 3.6271,
	2.04228 3.61301,
	2.02493 3.6,
	2.00759 3.58482,
	2.00217 3.57615,
	2.00108 3.55881,
	2.00108 3.55013,
	2.00108 3.5458,
	2.00108 3.54471,
	"/>
</Transform>

<Transform dim="0"
 xcoef=" 0 1 0 0 0 0"
 ycoef=" 0 0 1 0 0 0">
<Contour name="d01ser" hidden="false" closed="true" simplified="true" border="0 0.502 0" fill="1 0.5 0" mode="11"
 points="2.4377 3.65008,
	2.45496 3.64361,
	2.47222 3.64145,
	2.47653 3.65871,
	2.47437 3.67597,
	2.46574 3.68244,
	2.46143 3.6846,
	2.44417 3.68028,
	2.4377 3.67165,
	2.4377 3.65439,
	2.4377 3.65224,
	"/>
<Contour name="d01ser" hidden="false" closed="true" simplified="true" border="0 0.502 0" fill="1 0.5 0" mode="11"
 points="2.16373 3.79246,
	2.18099 3.78167,
	2.18962 3.77736,
	2.19825 3.77736,
	2.2004 3.78599,
	2.19825 3.79462,
	2.19609 3.79893,
	2.19393 3.79677,
	2.18962 3.81403,
	2.17236 3.81619,
	2.16589 3.80972,
	2.16373 3.79462,
	"/>
</Transform>

<Transform dim="0"
 xcoef=" 0 1 0 0 0 0"
 ycoef=" 0 0 1 0 0 0">
<Contour name="d01ser" hidden="false" closed="true" simplified="true" border="0 0.502 0" fill="1 0.5 0" mode="11"
 points="1.48204 3.51633,
	1.49066 3.48181,
	1.50577 3.4473,
	1.50577 3.43867,
	1.49714 3.42141,
	1.49498 3.41278,
	1.49714 3.40415,
	1.49929 3.39984,
	1.50792 3.39984,
	1.51224 3.39984,
	1.51655 3.40415,
	1.51655 3.41278,
	1.52302 3.42141,
	1.54028 3.4322,
	1.53812 3.44945,
	1.53165 3.45808,
	1.51871 3.4926,
	1.49929 3.52712,
	1.49498 3.53574,
	1.49714 3.57026,
	1.50145 3.58752,
	1.50792 3.59615,
	1.51439 3.58105,
	1.52302 3.57889,
	1.52734 3.57889,
	1.53597 3.58752,
	1.53812 3.60478,
	1.53597 3.61341,
	1.5295 3.61988,
	1.51224 3.61988,
	1.49714 3.60478,
	1.48635 3.58752,
	1.48204 3.57026,
	1.48204 3.53574,
	1.48204 3.51849,
	"/>
<Contour name="d01ser" hidden="false" closed="true" simplified="true" border="0 0.502 0" fill="1 0.5 0" mode="11"
 points="1.8876 3.25746,
	1.90486 3.2553,
	1.93937 3.25962,
	1.95663 3.26609,
	1.96526 3.26824,
	1.97389 3.27472,
	2.00841 3.2855,
	2.02566 3.2855,
	2.04292 3.28982,
	2.05802 3.3006,
	2.05802 3.30923,
	2.04292 3.32002,
	2.02566 3.32218,
	2.01704 3.32218,
	1.99978 3.31355,
	1.96526 3.31139,
	1.948 3.31139,
	1.93075 3.30492,
	1.92643 3.3006,
	1.92212 3.3006,
	1.8876 3.27687,
	1.8876 3.25962,
	"/>
</Transform>

<Transform dim="0"
 xcoef=" 0 1 0 0 0 0"
 ycoef=" 0 0 1 0 0 0">
<Contour name="d01" hidden="false" closed="true" simplified="true" border="1 0.5 0" fill="1 0.5 0" mode="11"
 points="3.28856 3.35647,
	3.29679 3.34001,
	3.30503 3.33178,
	3.33795 3.31326,
	3.37088 3.29885,
	3.38734 3.29679,
	3.41821 3.31943,
	3.42644 3.32355,
	3.45937 3.31943,
	3.4923 3.33384,
	3.51905 3.36471,
	3.5314 3.39763,
	3.54375 3.4141,
	3.56021 3.42439,
	3.56844 3.4285,
	3.57256 3.43673,
	3.57667 3.44085,
	3.57256 3.45731,
	3.56021 3.46966,
	3.52728 3.48201,
	3.46143 3.49641,
	3.4285 3.50259,
	3.39557 3.50053,
	3.38734 3.50053,
	3.37088 3.49435,
	3.35442 3.47995,
	3.33589 3.44702,
	3.32561 3.43056,
	3.30297 3.40381,
	3.28856 3.37294,
	3.28856 3.35853,
	"/>
</Transform>

<Transform dim="0"
 xcoef=" 0 1 0 0 0 0"
 ycoef=" 0 0 1 0 0 0">
<Contour name="d02" hidden="false" closed="true" simplified="true" border="0 0.251 0.502" fill="0.5 0 1" mode="11"
 points="5.48491 4.5247,
	5.4885 4.51034,
	5.50466 4.48162,
	5.51902 4.46906,
	5.54235 4.44214,
	5.55312 4.42778,
	5.56568 4.39906,
	5.56748 4.39188,
	5.58722 4.36316,
	5.61414 4.33624,
	5.64286 4.32009,
	5.65722 4.31111,
	5.67157 4.29676,
	5.68593 4.28599,
	5.69311 4.2824,
	5.72003 4.25548,
	5.73439 4.24112,
	5.77567 4.18548,
	5.78285 4.18009,
	5.81157 4.1783,
	5.869 4.16215,
	5.92644 4.14958,
	5.95515 4.14779,
	6.01259 4.13881,
	6.02695 4.13881,
	6.03053 4.1424,
	6.05925 4.14779,
	6.08797 4.14958,
	6.11669 4.15497,
	6.12027 4.15497,
	6.12566 4.16215,
	6.13643 4.19086,
	6.13822 4.19804,
	6.15079 4.2124,
	6.15797 4.21958,
	6.27283 4.19625,
	6.30155 4.19625,
	6.31591 4.20702,
	6.34104 4.23394,
	6.36257 4.26265,
	6.37155 4.27522,
	6.38411 4.28958,
	6.40026 4.31829,
	6.40924 4.33265,
	6.41642 4.33983,
	6.42001 4.34342,
	6.42719 4.34522,
	6.43078 4.34522,
	6.43795 4.35239,
	6.45231 4.36137,
	6.45949 4.36496,
	6.46488 4.37214,
	6.52052 4.41162,
	6.53487 4.4206,
	6.5618 4.44572,
	6.60308 4.50316,
	6.62282 4.53188,
	6.63718 4.54623,
	6.6641 4.56957,
	6.67846 4.58392,
	6.68743 4.59828,
	6.69641 4.627,
	6.69282 4.64136,
	6.68743 4.64854,
	6.68564 4.65572,
	6.67128 4.66469,
	6.64256 4.67546,
	6.6282 4.68084,
	6.62461 4.68084,
	6.5959 4.697,
	6.53846 4.72392,
	6.48103 4.74725,
	6.46667 4.75443,
	6.45949 4.75623,
	6.4559 4.75981,
	6.42719 4.76879,
	6.36975 4.79392,
	6.34104 4.81007,
	6.32668 4.81545,
	6.3195 4.82084,
	6.30514 4.82622,
	6.27642 4.84417,
	6.21899 4.88725,
	6.20463 4.89622,
	6.19745 4.89981,
	6.19386 4.89981,
	6.19027 4.9034,
	6.16156 4.90878,
	6.13284 4.90878,
	6.11848 4.90699,
	6.1113 4.9034,
	6.09694 4.9016,
	6.06823 4.89084,
	6.06105 4.88366,
	6.04489 4.85494,
	6.03233 4.84238,
	6.02515 4.83879,
	6.01079 4.82622,
	6.00361 4.82622,
	5.98925 4.82084,
	5.98208 4.82084,
	5.97849 4.81904,
	5.94977 4.82802,
	5.93541 4.8334,
	5.90669 4.83161,
	5.87798 4.82443,
	5.8708 4.82263,
	5.84208 4.82443,
	5.8349 4.82443,
	5.80618 4.80648,
	5.77747 4.78315,
	5.74875 4.75623,
	5.72003 4.73648,
	5.70568 4.7311,
	5.64824 4.72571,
	5.53337 4.7293,
	5.51902 4.7293,
	5.51184 4.7293,
	5.50466 4.72571,
	5.49748 4.71853,
	5.49748 4.71136,
	5.51722 4.68443,
	5.52799 4.67366,
	5.53158 4.67007,
	5.53337 4.65572,
	5.52979 4.64136,
	5.50645 4.61264,
	5.49209 4.58392,
	5.4885 4.56957,
	5.48491 4.56239,
	5.48491 4.53367,
	5.48491 4.52649,
	"/>
</Transform>

<Transform dim="0"
 xcoef=" 0 1 0 0 0 0"
 ycoef=" 0 0 1 0 0 0">
<Contour name="d03" hidden="false" closed="true" simplified="true" border="1 0 0.5" fill="1 0 0.5" mode="-11"
 points="1.50801 4.48702,
	1.51371 4.47562,
	1.51513 4.46423,
	1.51941 4.45854,
	1.5308 4.45142,
	1.53649 4.44857,
	1.53934 4.44572,
	1.54219 4.44572,
	1.54504 4.44287,
	1.55643 4.4386,
	1.57921 4.43718,
	1.59061 4.44002,
	1.5963 4.44287,
	1.60627 4.45284,
	1.61197 4.45711,
	1.63475 4.46423,
	1.64614 4.46708,
	1.65753 4.47278,
	1.66181 4.47847,
	1.68459 4.48417,
	1.73016 4.50126,
	1.75294 4.5098,
	1.77572 4.52404,
	1.79851 4.53258,
	1.8099 4.53828,
	1.85547 4.54967,
	1.86686 4.55394,
	1.87256 4.55822,
	1.88537 4.581,
	1.88822 4.59239,
	1.88822 4.59809,
	1.8811 4.62087,
	1.87398 4.63226,
	1.86259 4.64081,
	1.8398 4.65078,
	1.82841 4.65505,
	1.81702 4.66217,
	1.80563 4.67214,
	1.79139 4.69492,
	1.78427 4.70631,
	1.77857 4.71201,
	1.75579 4.71913,
	1.733 4.71913,
	1.72161 4.71628,
	1.69883 4.70346,
	1.67604 4.6878,
	1.65326 4.67926,
	1.63048 4.67356,
	1.61909 4.66929,
	1.61339 4.66929,
	1.60769 4.66644,
	1.602 4.66644,
	1.57921 4.65505,
	1.55643 4.63654,
	1.54504 4.62657,
	1.53649 4.61518,
	1.52368 4.59239,
	1.51086 4.54682,
	1.50944 4.50126,
	1.50801 4.48986,
	1.50801 4.48844,
	"/>
</Transform>

<Transform dim="0"
 xcoef=" 0 1 0 0 0 0"
 ycoef=" 0 0 1 0 0 0">
<Contour name="d03" hidden="false" closed="true" simplified="true" border="1 0 0.5" fill="1 0 0.5" mode="-11"
 points="0.506895 5.39366,
	0.513092 5.37383,
	0.51681 5.36392,
	0.519289 5.35896,
	0.519289 5.35648,
	0.525485 5.34657,
	0.529203 5.33665,
	0.530443 5.33169,
	0.542836 5.31186,
	0.551512 5.30443,
	0.55523 5.29451,
	0.55523 5.27468,
	0.551512 5.26477,
	0.547794 5.25981,
	0.545315 5.25733,
	0.544076 5.24742,
	0.552751 5.22759,
	0.563905 5.18793,
	0.566384 5.17801,
	0.571341 5.1681,
	0.572581 5.16314,
	0.575059 5.16066,
	0.584974 5.16066,
	0.589932 5.15942,
	0.59365 5.15447,
	0.596128 5.14455,
	0.598607 5.13959,
	0.603565 5.13464,
	0.623394 5.1272,
	0.643224 5.12224,
	0.663053 5.11481,
	0.682883 5.10117,
	0.702713 5.09498,
	0.712628 5.09374,
	0.732457 5.08258,
	0.742372 5.07639,
	0.747329 5.07267,
	0.767159 5.06647,
	0.777074 5.06275,
	0.796904 5.06399,
	0.806818 5.06647,
	0.826648 5.06275,
	0.846478 5.05532,
	0.856392 5.05036,
	0.871265 5.03177,
	0.891094 5.01814,
	0.930754 5.01442,
	0.970413 5.00822,
	0.990242 5.00574,
	1.00016 5.0045,
	1.01999 4.99831,
	1.03982 4.99459,
	1.05965 4.99459,
	1.07948 4.99707,
	1.09931 5.00327,
	1.10922 5.00946,
	1.1179 5.01814,
	1.12285 5.02309,
	1.13277 5.02681,
	1.1526 5.02929,
	1.19226 5.04045,
	1.21209 5.04788,
	1.222 5.05284,
	1.23192 5.05532,
	1.24183 5.05532,
	1.24679 5.05408,
	1.28645 5.03053,
	1.29636 5.02929,
	1.31619 5.03177,
	1.32115 5.03301,
	1.34098 5.04788,
	1.36081 5.05904,
	1.36948 5.06771,
	1.3732 5.07763,
	1.37444 5.08754,
	1.37444 5.09002,
	1.3856 5.10861,
	1.39179 5.11853,
	1.39303 5.12844,
	1.39179 5.13835,
	1.39303 5.14827,
	1.39923 5.15818,
	1.4079 5.17801,
	1.40914 5.18793,
	1.41038 5.19289,
	1.42526 5.21272,
	1.44385 5.23255,
	1.45128 5.24246,
	1.46244 5.26229,
	1.46739 5.2722,
	1.50581 5.27468,
	1.52564 5.28088,
	1.5306 5.28212,
	1.53308 5.28212,
	1.53804 5.28708,
	1.54051 5.29203,
	1.54175 5.30195,
	1.53928 5.32178,
	1.53184 5.34161,
	1.52936 5.38127,
	1.52936 5.4011,
	1.52936 5.41101,
	1.53432 5.42093,
	1.53556 5.42588,
	1.53308 5.44571,
	1.53308 5.45067,
	1.5244 5.4705,
	1.52192 5.47546,
	1.52069 5.49529,
	1.5244 5.5052,
	1.53432 5.51512,
	1.53928 5.51884,
	1.54175 5.52379,
	1.54175 5.54362,
	1.53928 5.55354,
	1.53184 5.56345,
	1.52688 5.56717,
	1.48722 5.57956,
	1.46863 5.59568,
	1.45996 5.60559,
	1.44013 5.61922,
	1.43021 5.62666,
	1.41038 5.63286,
	1.37072 5.63286,
	1.35089 5.63781,
	1.34098 5.64401,
	1.32115 5.65145,
	1.31619 5.65393,
	1.29636 5.65764,
	1.27653 5.66632,
	1.26662 5.67004,
	1.24679 5.68119,
	1.23687 5.68491,
	1.21704 5.68739,
	1.20713 5.68863,
	1.1873 5.69606,
	1.17738 5.69854,
	1.15756 5.6973,
	1.13773 5.69358,
	1.12781 5.69358,
	1.10798 5.69978,
	1.08815 5.70846,
	1.00883 5.71217,
	0.989003 5.71713,
	0.969174 5.72457,
	0.949344 5.72829,
	0.929514 5.72953,
	0.909685 5.72829,
	0.870025 5.71961,
	0.860111 5.71713,
	0.840281 5.71589,
	0.830366 5.71589,
	0.790707 5.70598,
	0.780792 5.70226,
	0.770877 5.70102,
	0.751047 5.69358,
	0.741133 5.69111,
	0.731218 5.68615,
	0.711388 5.67995,
	0.671729 5.65764,
	0.663053 5.65145,
	0.653139 5.64773,
	0.648181 5.64773,
	0.645703 5.64773,
	0.640745 5.64277,
	0.634548 5.63286,
	0.624634 5.62294,
	0.619676 5.61922,
	0.599847 5.61551,
	0.594889 5.61303,
	0.582496 5.5932,
	0.580017 5.58824,
	0.570102 5.587,
	0.560187 5.58328,
	0.550272 5.57461,
	0.545315 5.56965,
	0.544076 5.55973,
	0.545315 5.5399,
	0.545315 5.53495,
	0.540358 5.52503,
	0.530443 5.51636,
	0.525485 5.5114,
	0.521767 5.50148,
	0.51681 5.46183,
	0.510613 5.442,
	0.506895 5.42217,
	0.506895 5.40234,
	0.506895 5.39738,
	0.506895 5.3949,
	"/>
</Transform>

<Transform dim="0"
 xcoef=" 0 1 0 0 0 0"
 ycoef=" 0 0 1 0 0 0">
<Contour name="d03" hidden="false" closed="true" simplified="true" border="1 0 0.5" fill="1 0 0.5" mode="-11"
 points="0.63083 5.7853,
	0.634548 5.77538,
	0.640745 5.76547,
	0.645703 5.76051,
	0.649421 5.75059,
	0.653139 5.73077,
	0.658096 5.72085,
	0.665532 5.71094,
	0.668011 5.7097,
	0.672968 5.71217,
	0.677926 5.71713,
	0.687841 5.71961,
	0.692798 5.72209,
	0.702713 5.72209,
	0.712628 5.72457,
	0.715106 5.72457,
	0.734936 5.7382,
	0.754766 5.74936,
	0.759723 5.75059,
	0.76468 5.75431,
	0.78451 5.75803,
	0.80434 5.75803,
	0.824169 5.76175,
	0.843999 5.77538,
	0.853914 5.78034,
	0.893573 5.78654,
	0.903488 5.78901,
	0.923317 5.80017,
	0.933232 5.80389,
	0.953062 5.80513,
	0.972892 5.81132,
	0.992721 5.82,
	1.00264 5.82124,
	1.02247 5.82743,
	1.02742 5.82867,
	1.04477 5.84231,
	1.04849 5.84602,
	1.05221 5.85594,
	1.06089 5.86585,
	1.0646 5.88568,
	1.06708 5.8956,
	1.06708 5.90551,
	1.06336 5.91543,
	1.06212 5.92534,
	1.06336 5.94517,
	1.06089 5.95509,
	1.05469 5.965,
	1.04477 5.97492,
	1.03982 5.97987,
	1.0299 5.98607,
	1.01999 5.98855,
	1.01007 5.98731,
	1.0014 5.98111,
	0.9952 5.97244,
	0.991482 5.96748,
	0.987764 5.95757,
	0.981567 5.94765,
	0.961737 5.94145,
	0.941908 5.94022,
	0.931993 5.93898,
	0.922078 5.93526,
	0.903488 5.92163,
	0.893573 5.91419,
	0.886137 5.90427,
	0.883658 5.89932,
	0.873743 5.89188,
	0.853914 5.88073,
	0.814254 5.86957,
	0.774595 5.8609,
	0.734936 5.85842,
	0.715106 5.85718,
	0.695277 5.85346,
	0.675447 5.84231,
	0.67049 5.83735,
	0.67049 5.83239,
	0.661814 5.82496,
	0.651899 5.82,
	0.646942 5.81752,
	0.638266 5.8076,
	0.63207 5.79769,
	0.63083 5.78778,
	0.63083 5.78654,
	"/>
</Transform>

<Transform dim="0"
 xcoef=" 0 1 0 0 0 0"
 ycoef=" 0 0 1 0 0 0">
<Contour name="Ax02" hidden="false" closed="true" simplified="true" border="0.501961 0 1" fill="0.5 0 1" mode="11"
 points="8.5039 6.56653,
	8.51854 6.53723,
	8.53686 6.47863,
	8.54418 6.44934,
	8.56249 6.42004,
	8.61743 6.37975,
	8.6394 6.35045,
	8.69434 6.31383,
	8.70898 6.31017,
	8.72363 6.29918,
	8.73828 6.29552,
	8.75293 6.28453,
	8.81153 6.27721,
	8.84083 6.26988,
	8.87013 6.26988,
	8.89943 6.28819,
	8.91041 6.30284,
	8.9214 6.33214,
	8.92872 6.34679,
	9.04592 6.41271,
	9.06057 6.41638,
	9.0862 6.43835,
	9.12649 6.49695,
	9.15945 6.55188,
	9.1741 6.58118,
	9.22903 6.61414,
	9.24368 6.62147,
	9.28397 6.68006,
	9.29496 6.70936,
	9.29496 6.71669,
	9.3096 6.73133,
	9.31693 6.74598,
	9.30228 6.86318,
	9.30228 6.87783,
	9.29496 6.89248,
	9.29496 6.90713,
	9.26566 6.91079,
	9.25101 6.91079,
	9.23636 6.90346,
	9.22903 6.90346,
	9.2034 6.88149,
	9.1741 6.88149,
	9.15945 6.88149,
	9.1448 6.87416,
	9.13748 6.85952,
	9.10818 6.8412,
	9.07888 6.83022,
	9.02028 6.79726,
	8.99098 6.78261,
	8.97633 6.77162,
	8.91774 6.76063,
	8.88844 6.75331,
	8.87379 6.74598,
	8.81519 6.75697,
	8.78589 6.76796,
	8.75659 6.77162,
	8.7273 6.7643,
	8.698 6.7643,
	8.6394 6.77528,
	8.6101 6.77162,
	8.5808 6.75697,
	8.56615 6.75331,
	8.51854 6.69837,
	8.50756 6.66908,
	8.51122 6.63978,
	8.51488 6.62513,
	8.5039 6.59583,
	8.5039 6.57019,
	"/>
</Transform>

<Transform dim="0"
 xcoef=" 0 1 0 0 0 0"
 ycoef=" 0 0 1 0 0 0">
<Contour name="Ax02B03ssvr412" hidden="false" closed="true" simplified="false" border="0.5 0 1" fill="0.5 0 1" mode="-9"
 points="9.02035 6.49244,
	9.00936 6.48878,
	9.02035 6.48512,
	9.01302 6.47413,
	9.02401 6.48145,
	9.02767 6.47047,
	9.03134 6.48145,
	9.04232 6.47413,
	9.035 6.48512,
	9.04599 6.48878,
	9.035 6.49244,
	9.04232 6.50343,
	9.03134 6.4961,
	9.02767 6.50709,
	9.02401 6.4961,
	9.01302 6.50343,
	"/>
<Contour name="Ax02B03ssvr413" hidden="false" closed="true" simplified="false" border="0.5 0 1" fill="0.5 0 1" mode="-9"
 points="9.05697 6.55836,
	9.04599 6.5547,
	9.05697 6.55104,
	9.04965 6.54005,
	9.06063 6.54738,
	9.0643 6.53639,
	9.06796 6.54738,
	9.07895 6.54005,
	9.07162 6.55104,
	9.08261 6.5547,
	9.07162 6.55836,
	9.07895 6.56935,
	9.06796 6.56202,
	9.0643 6.57301,
	9.06063 6.56202,
	9.04965 6.56935,
	"/>
<Contour name="Ax02B03ssvr414" hidden="false" closed="true" simplified="false" border="0.5 0 1" fill="0.5 0 1" mode="-9"
 points="9.1998 6.75979,
	9.18882 6.75613,
	9.1998 6.75246,
	9.19248 6.74148,
	9.20346 6.7488,
	9.20713 6.73782,
	9.21079 6.7488,
	9.22178 6.74148,
	9.21445 6.75246,
	9.22544 6.75613,
	9.21445 6.75979,
	9.22178 6.77078,
	9.21079 6.76345,
	9.20713 6.77444,
	9.20346 6.76345,
	9.19248 6.77078,
	"/>
<Contour name="Ax02B03ssvr415" hidden="false" closed="true" simplified="false" border="0.5 0 1" fill="0.5 0 1" mode="-9"
 points="9.02401 6.68288,
	9.01302 6.67922,
	9.02401 6.67556,
	9.01669 6.66457,
	9.02767 6.67189,
	9.03134 6.66091,
	9.035 6.67189,
	9.04599 6.66457,
	9.03866 6.67556,
	9.04965 6.67922,
	9.03866 6.68288,
	9.04599 6.69387,
	9.035 6.68654,
	9.03134 6.69753,
	9.02767 6.68654,
	9.01669 6.69387,
	"/>
<Contour name="Ax02B03ssvr416" hidden="false" closed="true" simplified="false" border="0.5 0 1" fill="0.5 0 1" mode="-9"
 points="8.97274 6.6133,
	8.96175 6.60963,
	8.97274 6.60597,
	8.96541 6.59499,
	8.9764 6.60231,
	8.98006 6.59132,
	8.98373 6.60231,
	8.99471 6.59499,
	8.98739 6.60597,
	8.99838 6.60963,
	8.98739 6.6133,
	8.99471 6.62428,
	8.98373 6.61696,
	8.98006 6.62795,
	8.9764 6.61696,
	8.96541 6.62428,
	"/>
<Contour name="Ax02B03ssvr417" hidden="false" closed="true" simplified="false" border="0.5 0 1" fill="0.5 0 1" mode="-9"
 points="8.89583 6.56202,
	8.88484 6.55836,
	8.89583 6.5547,
	8.88851 6.54371,
	8.89949 6.55104,
	8.90316 6.54005,
	8.90682 6.55104,
	8.9178 6.54371,
	8.91048 6.5547,
	8.92147 6.55836,
	8.91048 6.56202,
	8.9178 6.57301,
	8.90682 6.56569,
	8.90316 6.57667,
	8.89949 6.56569,
	8.88851 6.57301,
	"/>
<Contour name="Ax02B03ssvr418" hidden="false" closed="true" simplified="false" border="0.5 0 1" fill="0.5 0 1" mode="-9"
 points="8.87019 6.62062,
	8.85921 6.61696,
	8.87019 6.6133,
	8.86287 6.60231,
	8.87386 6.60963,
	8.87752 6.59865,
	8.88118 6.60963,
	8.89217 6.60231,
	8.88484 6.6133,
	8.89583 6.61696,
	8.88484 6.62062,
	8.89217 6.63161,
	8.88118 6.62428,
	8.87752 6.63527,
	8.87386 6.62428,
	8.86287 6.63161,
	"/>
<Contour name="Ax02B03ssvr419" hidden="false" closed="true" simplified="false" border="0.5 0 1" fill="0.5 0 1" mode="-9"
 points="8.80427 6.64626,
	8.79329 6.6426,
	8.80427 6.63893,
	8.79695 6.62795,
	8.80793 6.63527,
	8.8116 6.62428,
	8.81526 6.63527,
	8.82625 6.62795,
	8.81892 6.63893,
	8.82991 6.6426,
	8.81892 6.64626,
	8.82625 6.65724,
	8.81526 6.64992,
	8.8116 6.66091,
	8.80793 6.64992,
	8.79695 6.65724,
	"/>
<Contour name="Ax02B03ssvr420" hidden="false" closed="true" simplified="false" border="0.5 0 1" fill="0.5 0 1" mode="-9"
 points="8.81892 6.56202,
	8.80793 6.55836,
	8.81892 6.5547,
	8.8116 6.54371,
	8.82258 6.55104,
	8.82625 6.54005,
	8.82991 6.55104,
	8.8409 6.54371,
	8.83357 6.5547,
	8.84456 6.55836,
	8.83357 6.56202,
	8.8409 6.57301,
	8.82991 6.56569,
	8.82625 6.57667,
	8.82258 6.56569,
	8.8116 6.57301,
	"/>
<Contour name="Ax02B03ssvr421" hidden="false" closed="true" simplified="false" border="0.5 0 1" fill="0.5 0 1" mode="-9"
 points="8.65046 6.51441,
	8.63947 6.51075,
	8.65046 6.50709,
	8.64313 6.4961,
	8.65412 6.50343,
	8.65778 6.49244,
	8.66144 6.50343,
	8.67243 6.4961,
	8.6651 6.50709,
	8.67609 6.51075,
	8.6651 6.51441,
	8.67243 6.5254,
	8.66144 6.51808,
	8.65778 6.52906,
	8.65412 6.51808,
	8.64313 6.5254,
	"/>
<Contour name="Ax02B03ssvr422" hidden="false" closed="true" simplified="false" border="0.5 0 1" fill="0.5 0 1" mode="-9"
 points="8.58453 6.5254,
	8.57355 6.52174,
	8.58453 6.51808,
	8.57721 6.50709,
	8.5882 6.51441,
	8.59186 6.50343,
	8.59552 6.51441,
	8.60651 6.50709,
	8.59918 6.51808,
	8.61017 6.52174,
	8.59918 6.5254,
	8.60651 6.53639,
	8.59552 6.52906,
	8.59186 6.54005,
	8.5882 6.52906,
	8.57721 6.53639,
	"/>
</Transform>

<Transform dim="0"
 xcoef=" 0 1 0 0 0 0"
 ycoef=" 0 0 1 0 0 0">
<Contour name="Ax06" hidden="false" closed="true" simplified="true" border="0 0 1" fill="0 0 1" mode="-11"
 points="4.32513 6.90333,
	4.34075 6.85333,
	4.35638 6.82833,
	4.38138 6.80645,
	4.40638 6.79083,
	4.43138 6.7877,
	4.44388 6.79083,
	4.46888 6.80958,
	4.48451 6.83145,
	4.48763 6.85645,
	4.47826 6.90645,
	4.46263 6.93146,
	4.41888 6.97208,
	4.39388 6.99083,
	4.36888 7.00021,
	4.34388 6.99708,
	4.32825 6.97208,
	4.32513 6.92208,
	4.32513 6.90958,
	4.32513 6.90645,
	"/>
</Transform>

<Transform dim="0"
 xcoef=" 0 1 0 0 0 0"
 ycoef=" 0 0 1 0 0 0">
<Contour name="d06" hidden="false" closed="true" simplified="true" border="0 0 1" fill="0 0 1" mode="11"
 points="3.34978 1.47026,
	3.35483 1.45006,
	3.36494 1.43237,
	3.36746 1.42227,
	3.39778 1.38437,
	3.43567 1.36164,
	3.45588 1.34901,
	3.4963 1.33637,
	3.49883 1.33132,
	3.53925 1.32374,
	3.57967 1.33132,
	3.59988 1.3389,
	3.60998 1.3389,
	3.61756 1.34648,
	3.63777 1.35406,
	3.64787 1.36164,
	3.66808 1.36922,
	3.67819 1.37174,
	3.69587 1.38943,
	3.70092 1.39448,
	3.70598 1.41469,
	3.70345 1.45511,
	3.6984 1.47532,
	3.69335 1.48542,
	3.69335 1.49047,
	3.62766 1.55616,
	3.60745 1.57384,
	3.58724 1.58395,
	3.56703 1.5991,
	3.54682 1.60668,
	3.53672 1.61173,
	3.4963 1.61173,
	3.45588 1.60668,
	3.43567 1.60163,
	3.39525 1.5991,
	3.37504 1.59152,
	3.36494 1.58395,
	3.35988 1.57637,
	3.35988 1.55616,
	3.35988 1.54605,
	3.36494 1.53595,
	3.36494 1.52584,
	3.35483 1.50563,
	3.34978 1.49553,
	3.34978 1.47532,
	3.34978 1.47279,
	"/>
<Contour name="d06" hidden="false" closed="true" simplified="true" border="0 0 1" fill="0 0 1" mode="11"
 points="3.88534 1.92751,
	3.89292 1.91741,
	3.90808 1.90478,
	3.94849 1.88204,
	3.96618 1.86941,
	3.97628 1.8492,
	3.98386 1.80878,
	3.98386 1.79867,
	3.96618 1.75825,
	3.96365 1.73805,
	3.96618 1.71784,
	3.97628 1.69763,
	3.98386 1.68752,
	4.02176 1.66478,
	4.03186 1.65973,
	4.07228 1.65973,
	4.1127 1.65215,
	4.19354 1.64963,
	4.21375 1.64457,
	4.25417 1.64457,
	4.27438 1.65215,
	4.3148 1.65468,
	4.33501 1.65215,
	4.35522 1.65468,
	4.36532 1.65721,
	4.37037 1.65721,
	4.37543 1.66226,
	4.38553 1.66478,
	4.42343 1.69257,
	4.45627 1.72036,
	4.47395 1.73552,
	4.49416 1.74057,
	4.50426 1.74562,
	4.52447 1.74815,
	4.54216 1.75573,
	4.58258 1.77846,
	4.60026 1.7911,
	4.60784 1.79867,
	4.61037 1.80878,
	4.61795 1.81888,
	4.62047 1.83909,
	4.61795 1.87951,
	4.61542 1.89972,
	4.61542 1.90478,
	4.59774 1.92246,
	4.58763 1.93256,
	4.56489 1.97298,
	4.55984 1.99319,
	4.55984 1.99825,
	4.55479 2.0033,
	4.55479 2.00835,
	4.53458 2.02604,
	4.5169 2.03867,
	4.50679 2.04624,
	4.49669 2.04877,
	4.49163 2.05382,
	4.47142 2.0614,
	4.43353 2.08919,
	4.42343 2.09172,
	4.41837 2.09677,
	4.39816 2.10182,
	4.39311 2.10687,
	4.38806 2.10687,
	4.38301 2.11193,
	4.37795 2.11193,
	4.3729 2.11698,
	4.36785 2.11698,
	4.3628 2.12203,
	4.32238 2.13214,
	4.30217 2.13719,
	4.29206 2.13972,
	4.28701 2.14477,
	4.2769 2.14477,
	4.2668 2.14982,
	4.24659 2.14982,
	4.23648 2.14729,
	4.22385 2.12708,
	4.2188 2.12203,
	4.21627 2.11193,
	4.19859 2.09677,
	4.17838 2.08919,
	4.16828 2.08414,
	4.14807 2.08161,
	4.10765 2.0614,
	4.08744 2.05382,
	4.07733 2.04624,
	4.07228 2.04372,
	4.06975 2.03361,
	4.0546 2.01846,
	4.04449 2.01088,
	4.03944 2.01088,
	4.03439 2.00583,
	3.95355 2.0033,
	3.93334 2.00077,
	3.89544 1.97804,
	3.88787 1.95783,
	3.88534 1.93762,
	3.88534 1.93004,
	"/>
</Transform>

<Transform dim="6"
 xcoef=" -0.924909528094205 0.99361910456138 0.0786472824186037 0 0 0"
 ycoef=" 0.12616345871088 0.109219331926973 1.01554381088236 0 0 0">
<Image mag="0.0021709" contrast="0.922" brightness="0.03" red="true" green="true" blue="true"
 src="JPTZX.252.jpg" />
<Contour name="domain1" hidden="false" closed="true" simplified="false" border="1 0 1" fill="1 0 1" mode="11"
 points="0 0,
	4083 0,
	4083 4083,
	0 4083,
	"/>
</Transform>

</Section>