<?xml version="1.0"?>
<!DOCTYPE Section SYSTEM "section.dtd">

<Section index="137" thickness="0.038" alignLocked="true">
<Transform dim="0"
 xcoef=" 0 1 0 0 0 0"
 ycoef=" 0 0 1 0 0 0">
<Contour name="mito10" hidden="false" closed="false" simplified="true" border="1 0.5 0" fill="1 0.5 0" mode="-9"
 points="7.06979 7.11289,
	7.28875 6.96047,
	"/>
</Transform>

<Transform dim="0"
 xcoef=" 0 1 0 0 0 0"
 ycoef=" 0 0 1 0 0 0">
<Contour name="d01" hidden="false" closed="true" simplified="true" border="1 0.5 0" fill="1 0.5 0" mode="11"
 points="4.02305 2.663,
	4.02916 2.64669,
	4.0312 2.63038,
	4.0312 2.62222,
	4.03732 2.60591,
	4.04955 2.58959,
	4.08014 2.55697,
	4.09237 2.54066,
	4.125 2.51415,
	4.13316 2.51211,
	4.16578 2.53046,
	4.18005 2.54474,
	4.18005 2.56105,
	4.17598 2.57736,
	4.14131 2.64261,
	4.13112 2.65892,
	4.12704 2.66708,
	4.12704 2.6997,
	4.125 2.71602,
	4.12296 2.72417,
	4.12296 2.72825,
	4.10665 2.74252,
	4.09034 2.74048,
	4.05771 2.71602,
	4.04955 2.7099,
	4.0414 2.70786,
	4.02713 2.69563,
	4.02305 2.68747,
	4.02305 2.67116,
	4.02305 2.66504,
	"/>
</Transform>

<Transform dim="0"
 xcoef=" 0 1 0 0 0 0"
 ycoef=" 0 0 1 0 0 0">
<Contour name="d01" hidden="false" closed="true" simplified="true" border="1 0.5 0" fill="1 0.5 0" mode="11"
 points="4.44006 4.09092,
	4.44391 4.08065,
	4.46445 4.06139,
	4.48499 4.04984,
	4.49526 4.04599,
	4.5158 4.04471,
	4.52607 4.04471,
	4.5466 4.04984,
	4.55687 4.05369,
	4.56201 4.05626,
	4.56714 4.06139,
	4.56971 4.06653,
	4.56842 4.08707,
	4.56457 4.09733,
	4.52478 4.13584,
	4.51965 4.14098,
	4.51323 4.15125,
	4.50296 4.16023,
	4.49911 4.1705,
	4.49783 4.17564,
	4.49012 4.1859,
	4.47985 4.18976,
	4.46959 4.18976,
	4.46445 4.18719,
	4.45675 4.17692,
	4.45161 4.17307,
	4.45547 4.15253,
	4.45932 4.14226,
	4.46188 4.13713,
	4.46188 4.12686,
	4.45803 4.11659,
	4.4529 4.11145,
	4.44776 4.10889,
	4.44263 4.10375,
	4.44006 4.10118,
	4.44006 4.0922,
	"/>
</Transform>

<Transform dim="0"
 xcoef=" 0 1 0 0 0 0"
 ycoef=" 0 0 1 0 0 0">
<Contour name="d01" hidden="false" closed="true" simplified="true" border="1 0.5 0" fill="1 0.5 0" mode="11"
 points="4.4047 4.60633,
	4.40653 4.59899,
	4.43586 4.57516,
	4.45052 4.56417,
	4.46518 4.55867,
	4.47985 4.55867,
	4.48718 4.5605,
	4.51651 4.58433,
	4.54034 4.61366,
	4.54767 4.62832,
	4.55317 4.63382,
	4.56783 4.63382,
	4.5825 4.63749,
	4.59716 4.65032,
	4.60633 4.66498,
	4.63565 4.66681,
	4.64299 4.66865,
	4.65582 4.68148,
	4.65948 4.68881,
	4.67415 4.69981,
	4.7328 4.7218,
	4.74747 4.73097,
	4.76213 4.73647,
	4.79146 4.7383,
	4.80612 4.74197,
	4.82079 4.75113,
	4.83545 4.7658,
	4.84645 4.78046,
	4.85195 4.78779,
	4.85561 4.78963,
	4.85561 4.80429,
	4.85561 4.81162,
	4.84278 4.84095,
	4.83178 4.85561,
	4.81895 4.86478,
	4.7603 4.86661,
	4.74563 4.86478,
	4.73097 4.85928,
	4.72364 4.85561,
	4.71814 4.84828,
	4.71814 4.83362,
	4.71264 4.82629,
	4.68331 4.81529,
	4.65398 4.80796,
	4.62466 4.79696,
	4.59533 4.78963,
	4.58066 4.78229,
	4.555 4.75846,
	4.53117 4.72914,
	4.50184 4.71997,
	4.48718 4.71447,
	4.48351 4.71447,
	4.46885 4.70347,
	4.45419 4.69614,
	4.42669 4.66681,
	4.40836 4.63749,
	4.4047 4.63015,
	4.4047 4.61549,
	4.4047 4.60816,
	"/>
</Transform>

<Transform dim="0"
 xcoef=" 0 1 0 0 0 0"
 ycoef=" 0 0 1 0 0 0">
<Contour name="d01" hidden="false" closed="true" simplified="true" border="1 0.5 0" fill="1 0.5 0" mode="11"
 points="4.20856 3.01162,
	4.23423 2.98229,
	4.24339 2.96762,
	4.25256 2.9383,
	4.26539 2.90897,
	4.26905 2.90164,
	4.28188 2.88697,
	4.29655 2.87781,
	4.3552 2.85948,
	4.36987 2.84665,
	4.3772 2.83931,
	4.39186 2.83015,
	4.39736 2.82282,
	4.3937 2.80815,
	4.3937 2.80082,
	4.37903 2.77149,
	4.3772 2.75683,
	4.3772 2.7495,
	4.38453 2.73483,
	4.3992 2.72933,
	4.40653 2.7275,
	4.42303 2.69817,
	4.42852 2.68351,
	4.42852 2.66885,
	4.42303 2.65418,
	4.42669 2.62485,
	4.43036 2.61752,
	4.48901 2.55887,
	4.50001 2.5442,
	4.50734 2.5387,
	4.52201 2.53687,
	4.58066 2.5552,
	4.588 2.55887,
	4.59166 2.55887,
	4.60633 2.56986,
	4.61366 2.5772,
	4.61732 2.58453,
	4.62099 2.58819,
	4.62099 2.60286,
	4.61549 2.61752,
	4.60999 2.62485,
	4.60633 2.65418,
	4.60633 2.66151,
	4.58066 2.72017,
	4.577 2.73483,
	4.577 2.76416,
	4.56783 2.79349,
	4.56417 2.80815,
	4.55683 2.82282,
	4.55317 2.83015,
	4.5385 2.84298,
	4.47985 2.86498,
	4.45052 2.87597,
	4.42119 2.87781,
	4.39186 2.88514,
	4.3552 2.94196,
	4.35154 2.94929,
	4.34971 2.95113,
	4.3552 2.95479,
	4.32221 3.01345,
	4.29288 3.02995,
	4.26355 3.03911,
	4.24889 3.04094,
	4.23606 3.02811,
	4.2214 3.02811,
	4.21406 3.02811,
	4.2104 3.02811,
	4.20856 3.01345,
	"/>
</Transform>

<Transform dim="0"
 xcoef=" 0 1 0 0 0 0"
 ycoef=" 0 0 1 0 0 0">
<Contour name="d01" hidden="false" closed="true" simplified="true" border="1 0.5 0" fill="1 0.5 0" mode="11"
 points="2.91813 3.70816,
	2.93096 3.69349,
	2.9328 3.67883,
	2.93096 3.66416,
	2.94196 3.63484,
	2.94746 3.62017,
	2.94746 3.61284,
	2.95479 3.59818,
	2.97862 3.56885,
	2.98229 3.56152,
	2.98229 3.55418,
	2.97862 3.54685,
	2.97496 3.54319,
	2.97679 3.51386,
	2.98412 3.50653,
	2.98779 3.49919,
	3.01712 3.4717,
	3.02628 3.45704,
	3.02995 3.4497,
	3.05927 3.43321,
	3.11793 3.43137,
	3.23524 3.43321,
	3.2939 3.43137,
	3.32323 3.43137,
	3.33789 3.42954,
	3.36722 3.41854,
	3.39655 3.40021,
	3.40388 3.39655,
	3.41854 3.39655,
	3.43321 3.40021,
	3.46253 3.40021,
	3.4772 3.40021,
	3.48453 3.40205,
	3.4937 3.41671,
	3.49919 3.42404,
	3.51386 3.42404,
	3.52669 3.41121,
	3.53402 3.40571,
	3.54869 3.40754,
	3.57801 3.42771,
	3.59268 3.43321,
	3.65133 3.44237,
	3.666 3.44604,
	3.72465 3.44604,
	3.75398 3.44237,
	3.81264 3.40938,
	3.8273 3.40021,
	3.83463 3.39655,
	3.86396 3.39655,
	3.87129 3.39288,
	3.88412 3.37822,
	3.89329 3.34889,
	3.89329 3.34522,
	3.90795 3.33239,
	3.92262 3.32506,
	3.92995 3.32139,
	3.93361 3.32139,
	3.95011 3.29207,
	3.95378 3.28473,
	3.98311 3.2719,
	4.01243 3.2719,
	4.0271 3.2774,
	4.04176 3.2884,
	4.04909 3.30306,
	4.04909 3.31773,
	4.03443 3.34706,
	4.02343 3.36172,
	4.00877 3.37638,
	3.9996 3.39105,
	3.9941 3.40571,
	3.99227 3.42038,
	3.98677 3.43504,
	3.96294 3.46437,
	3.93361 3.48086,
	3.91895 3.4882,
	3.90612 3.50103,
	3.89879 3.51569,
	3.89512 3.52302,
	3.89695 3.53769,
	3.90062 3.54502,
	3.92995 3.57068,
	3.93911 3.58535,
	3.94828 3.61467,
	3.95011 3.67333,
	3.95194 3.68799,
	3.96661 3.69899,
	3.97577 3.71365,
	3.98127 3.72832,
	4.0106 3.74848,
	4.03993 3.77598,
	4.05459 3.78331,
	4.08392 3.78881,
	4.11325 3.78514,
	4.12791 3.78514,
	4.14258 3.78881,
	4.14624 3.78881,
	4.17557 3.81814,
	4.1829 3.8328,
	4.19757 3.8383,
	4.20307 3.84196,
	4.1994 3.85663,
	4.19573 3.86396,
	4.1939 3.87862,
	4.19207 3.88596,
	4.17924 3.90062,
	4.1719 3.90429,
	4.11325 3.90612,
	4.10592 3.90979,
	4.10225 3.90979,
	4.09858 3.91345,
	4.09675 3.92078,
	4.09675 3.92445,
	4.11142 3.93911,
	4.11875 3.95378,
	4.11875 3.96844,
	4.12975 3.99777,
	4.14441 4.0051,
	4.15174 4.00877,
	4.15357 4.0216,
	4.15907 4.03626,
	4.1829 4.06376,
	4.19757 4.06926,
	4.20307 4.07476,
	4.2049 4.08942,
	4.20307 4.10408,
	4.17557 4.12975,
	4.16824 4.13708,
	4.15357 4.14441,
	4.12425 4.15174,
	4.09492 4.15541,
	4.08025 4.16274,
	4.07109 4.1774,
	4.06559 4.19207,
	4.06559 4.20673,
	4.07109 4.2214,
	4.08025 4.23606,
	4.09492 4.24889,
	4.10958 4.25806,
	4.11691 4.26172,
	4.12791 4.27639,
	4.13524 4.28188,
	4.14991 4.28738,
	4.15724 4.28922,
	4.16457 4.29472,
	4.16457 4.32404,
	4.16457 4.33138,
	4.16457 4.33504,
	4.16824 4.33871,
	4.16824 4.35337,
	4.15724 4.3662,
	4.03993 4.36804,
	4.02526 4.36987,
	3.96661 4.39003,
	3.95194 4.3992,
	3.92262 4.41203,
	3.90795 4.41936,
	3.90062 4.42303,
	3.87129 4.42119,
	3.8438 4.3937,
	3.83647 4.3882,
	3.80714 4.38087,
	3.79981 4.37903,
	3.77414 4.35154,
	3.75948 4.34237,
	3.73015 4.34054,
	3.70082 4.34604,
	3.6715 4.3552,
	3.64217 4.3607,
	3.58351 4.35887,
	3.55418 4.35337,
	3.53952 4.34971,
	3.51019 4.33138,
	3.49553 4.31671,
	3.4882 4.30938,
	3.46987 4.28005,
	3.46437 4.27272,
	3.4552 4.24339,
	3.4497 4.22873,
	3.44054 4.21406,
	3.42587 4.20123,
	3.41121 4.1939,
	3.40388 4.1884,
	3.38921 4.1829,
	3.35989 4.15357,
	3.33056 4.12975,
	3.31589 4.11875,
	3.28657 4.10775,
	3.25724 4.10225,
	3.24257 4.10042,
	3.23524 4.09858,
	3.20775 4.07292,
	3.14909 4.05093,
	3.13443 4.04543,
	3.1051 4.02893,
	3.04644 4.00327,
	3.03178 3.99227,
	3.02445 3.98677,
	3.00978 3.95744,
	2.98229 3.92812,
	2.95296 3.90795,
	2.94746 3.90062,
	2.9438 3.88596,
	2.94196 3.85663,
	2.9328 3.8273,
	2.9273 3.81264,
	2.92547 3.78331,
	2.92547 3.76864,
	2.93096 3.75398,
	2.9328 3.73932,
	2.9328 3.73198,
	2.92913 3.72465,
	2.9218 3.71915,
	2.91813 3.71732,
	2.91813 3.70999,
	"/>
</Transform>

<Transform dim="0"
 xcoef=" 0 1 0 0 0 0"
 ycoef=" 0 0 1 0 0 0">
<Contour name="d01" hidden="false" closed="true" simplified="true" border="1 0.5 0" fill="1 0.5 0" mode="11"
 points="1.84861 3.93395,
	1.85403 3.91949,
	1.85584 3.90504,
	1.86307 3.89058,
	1.86668 3.88335,
	1.88114 3.87432,
	1.8956 3.8707,
	1.95342 3.8707,
	1.96788 3.8707,
	1.99679 3.86167,
	2.0257 3.8454,
	2.04016 3.83637,
	2.04919 3.82191,
	2.051 3.793,
	2.03835 3.76409,
	2.03112 3.74963,
	2.02751 3.73517,
	2.02751 3.72794,
	2.03293 3.72072,
	2.04739 3.71168,
	2.0763 3.70626,
	2.09076 3.70807,
	2.10521 3.7171,
	2.11244 3.72252,
	2.14135 3.72433,
	2.15581 3.72433,
	2.17027 3.72975,
	2.19918 3.74963,
	2.22809 3.76589,
	2.25701 3.793,
	2.27146 3.80745,
	2.27869 3.81468,
	2.28411 3.82914,
	2.28411 3.8436,
	2.28411 3.85082,
	2.27508 3.86528,
	2.26062 3.87612,
	2.20279 3.88696,
	2.17388 3.89419,
	2.14497 3.90504,
	2.13051 3.90865,
	2.12328 3.91407,
	2.10883 3.91588,
	2.08172 3.92672,
	2.0239 3.95383,
	1.99498 3.96647,
	1.96607 3.97551,
	1.95161 3.97912,
	1.93716 3.98635,
	1.92993 3.99358,
	1.92632 4.00081,
	1.9227 4.00442,
	1.91547 4.00262,
	1.90824 3.99719,
	1.89379 3.99539,
	1.87933 3.98635,
	1.86849 3.9719,
	1.85403 3.96286,
	1.84861 3.9484,
	1.84861 3.93575,
	"/>
</Transform>

<Transform dim="0"
 xcoef=" 0 1 0 0 0 0"
 ycoef=" 0 0 1 0 0 0">
<Contour name="d01mito01" hidden="false" closed="true" simplified="true" border="0 0.25098 0.501961" fill="0.5 0 1" mode="-11"
 points="3.69431 3.96856,
	3.69864 3.95989,
	3.70515 3.95339,
	3.71382 3.94688,
	3.73116 3.93821,
	3.73984 3.93279,
	3.74851 3.92954,
	3.75068 3.92737,
	3.78536 3.91978,
	3.82005 3.89918,
	3.8374 3.89376,
	3.85474 3.8916,
	3.87208 3.8916,
	3.88076 3.8916,
	3.91545 3.91111,
	3.92412 3.91436,
	3.93279 3.91978,
	3.93821 3.92845,
	3.94146 3.9458,
	3.94363 3.95013,
	3.94363 3.95447,
	3.95122 3.96206,
	3.95989 3.96639,
	3.96206 3.97073,
	3.96314 3.98807,
	3.96856 3.99675,
	3.9729 4.00108,
	3.97507 4.00325,
	3.97832 4.02059,
	3.9794 4.03794,
	3.9794 4.04227,
	3.98482 4.05095,
	3.98374 4.06829,
	3.97723 4.08563,
	3.96639 4.10298,
	3.96531 4.12032,
	3.96423 4.12466,
	3.96423 4.12683,
	3.95664 4.13442,
	3.94797 4.13767,
	3.93929 4.13767,
	3.93496 4.13767,
	3.93062 4.13984,
	3.92845 4.13984,
	3.92412 4.14309,
	3.90677 4.14851,
	3.8981 4.15068,
	3.88076 4.15068,
	3.87208 4.15393,
	3.86775 4.15501,
	3.86558 4.15718,
	3.84824 4.15718,
	3.83089 4.15284,
	3.82222 4.15068,
	3.80488 4.14959,
	3.7962 4.14959,
	3.77886 4.14417,
	3.76152 4.13442,
	3.72683 4.11057,
	3.71816 4.10189,
	3.71165 4.09322,
	3.70406 4.07588,
	3.7019 4.0065,
	3.69756 3.98916,
	3.69431 3.98049,
	3.69431 3.97181,
	3.69431 3.96965,
	"/>
</Transform>

<Transform dim="0"
 xcoef=" 0 1 0 0 0 0"
 ycoef=" 0 0 1 0 0 0">
<Contour name="d01ser" hidden="false" closed="true" simplified="true" border="0 0.502 0" fill="1 0.5 0" mode="11"
 points="3.38258 4.14625,
	3.39121 4.14409,
	3.42572 4.15703,
	3.43435 4.15703,
	3.43867 4.15703,
	3.4473 4.16351,
	3.44945 4.18076,
	3.44298 4.18724,
	3.40847 4.17861,
	3.39121 4.17214,
	3.38258 4.16351,
	3.38258 4.14841,
	"/>
</Transform>

<Transform dim="0"
 xcoef=" 0 1 0 0 0 0"
 ycoef=" 0 0 1 0 0 0">
<Contour name="d01ser" hidden="false" closed="true" simplified="true" border="0 0.502 0" fill="1 0.5 0" mode="11"
 points="3.81857 3.87213,
	3.83004 3.85683,
	3.83578 3.84918,
	3.85109 3.84726,
	3.86639 3.85109,
	3.87405 3.853,
	3.87979 3.85874,
	3.86639 3.87213,
	3.85874 3.87787,
	3.84344 3.87596,
	3.82813 3.87787,
	3.82048 3.87787,
	3.81857 3.87405,
	"/>
</Transform>

<Transform dim="0"
 xcoef=" 0 1 0 0 0 0"
 ycoef=" 0 0 1 0 0 0">
<Contour name="d01ser" hidden="false" closed="true" simplified="true" border="0 0.502 0" fill="1 0.5 0" mode="11"
 points="3.1815 3.54308,
	3.19107 3.52777,
	3.20637 3.52586,
	3.21402 3.52395,
	3.2255 3.51056,
	3.25611 3.49908,
	3.27142 3.49908,
	3.28672 3.50482,
	3.28863 3.51247,
	3.28672 3.52012,
	3.27333 3.53351,
	3.24272 3.54499,
	3.22741 3.55264,
	3.21211 3.56412,
	3.19681 3.56604,
	3.1815 3.5603,
	3.1815 3.54499,
	"/>
</Transform>

<Transform dim="0"
 xcoef=" 0 1 0 0 0 0"
 ycoef=" 0 0 1 0 0 0">
<Contour name="d01ser" hidden="false" closed="true" simplified="true" border="0 0.502 0" fill="1 0.5 0" mode="11"
 points="2.96996 3.84576,
	2.97482 3.83605,
	2.98454 3.83483,
	3.00397 3.83605,
	3.01369 3.83726,
	3.02341 3.84334,
	3.02705 3.84819,
	3.02705 3.85791,
	3.01733 3.86399,
	2.9979 3.87127,
	2.98818 3.87249,
	2.97846 3.87127,
	2.97482 3.86641,
	2.97117 3.8567,
	2.96996 3.84698,
	"/>
</Transform>

<Transform dim="0"
 xcoef=" 0 1 0 0 0 0"
 ycoef=" 0 0 1 0 0 0">
<Contour name="d01ser" hidden="false" closed="true" simplified="true" border="0 0.502 0" fill="1 0.5 0" mode="11"
 points="4.02786 4.05447,
	4.03451 4.0456,
	4.03673 4.04117,
	4.0456 4.04117,
	4.05004 4.04117,
	4.05669 4.05891,
	4.05891 4.06778,
	4.06113 4.07222,
	4.07887 4.07222,
	4.08774 4.07887,
	4.08996 4.08774,
	4.07222 4.09218,
	4.06334 4.09218,
	4.05447 4.09661,
	4.0456 4.09661,
	4.03673 4.09218,
	4.03008 4.08331,
	4.02786 4.06556,
	4.02786 4.05669,
	"/>
</Transform>

<Transform dim="0"
 xcoef=" 0 1 0 0 0 0"
 ycoef=" 0 0 1 0 0 0">
<Contour name="d01c31" hidden="false" closed="true" simplified="true" border="0 1 0" fill="0 1 0" mode="11"
 points="4.48645 4.16723,
	4.49945 4.14412,
	4.49945 4.14123,
	4.5139 4.11956,
	4.53701 4.10367,
	4.54856 4.09934,
	4.55434 4.09645,
	4.5659 4.09645,
	4.57167 4.09934,
	4.57312 4.10223,
	4.56301 4.12534,
	4.55867 4.13689,
	4.55001 4.14701,
	4.54712 4.15134,
	4.5269 4.17012,
	4.51678 4.17878,
	4.51101 4.18167,
	4.50812 4.18456,
	4.49656 4.18456,
	4.49078 4.18312,
	4.48645 4.17734,
	4.48645 4.17156,
	4.48645 4.16867,
	"/>
<Contour name="d01cfa31" hidden="false" closed="false" simplified="false" border="0 1 1" fill="0 1 1" mode="9"
 points="4.4899 4.18381,
	4.49857 4.1607,
	4.51012 4.14337,
	4.54479 4.11304,
	4.56501 4.0957,
	"/>
</Transform>

<Transform dim="0"
 xcoef=" 0 1 0 0 0 0"
 ycoef=" 0 0 1 0 0 0">
<Contour name="d01c36" hidden="false" closed="true" simplified="true" border="0 1 0" fill="0 1 0" mode="11"
 points="2.89132 3.72955,
	2.90281 3.69281,
	2.91199 3.67444,
	2.91658 3.66525,
	2.91888 3.64688,
	2.92577 3.62851,
	2.93266 3.61932,
	2.93725 3.61932,
	2.93955 3.61473,
	2.94874 3.61702,
	2.95333 3.62621,
	2.95103 3.66296,
	2.94185 3.6997,
	2.93725 3.77319,
	2.93955 3.79156,
	2.94644 3.80993,
	2.94644 3.81912,
	2.96252 3.85586,
	2.9717 3.87424,
	2.99926 3.91098,
	3.02911 3.94083,
	3.04289 3.95691,
	3.07734 3.98676,
	3.09571 3.99825,
	3.1049 4.00514,
	3.10949 4.00514,
	3.11179 4.00973,
	3.14853 4.02351,
	3.15772 4.0281,
	3.16231 4.0281,
	3.19906 4.05107,
	3.21513 4.06714,
	3.22202 4.08552,
	3.21973 4.0947,
	3.21513 4.09929,
	3.14164 4.08322,
	3.1049 4.06944,
	3.03141 4.0304,
	2.99696 4.00743,
	2.96941 3.97299,
	2.92347 3.8995,
	2.90051 3.82601,
	2.90051 3.82142,
	2.89592 3.81912,
	2.89132 3.78237,
	2.89132 3.74563,
	2.89132 3.73644,
	2.89132 3.73185,
	"/>
<Contour name="d01cfa36" hidden="false" closed="false" simplified="false" border="0 1 1" fill="0 1 1" mode="9"
 points="3.21598 4.08572,
	3.18613 4.07194,
	3.14479 4.05587,
	3.08968 4.0329,
	3.02997 3.99616,
	2.98863 3.95712,
	2.94729 3.91348,
	2.93122 3.86526,
	2.92203 3.80325,
	2.91055 3.73665,
	2.92433 3.67694,
	2.9427 3.61034,
	"/>
</Transform>

<Transform dim="0"
 xcoef=" 0 1 0 0 0 0"
 ycoef=" 0 0 1 0 0 0">
<Contour name="d02" hidden="false" closed="true" simplified="true" border="0 0.251 0.502" fill="0.5 0 1" mode="11"
 points="6.56584 5.16366,
	6.57402 5.15057,
	6.60019 5.13585,
	6.62637 5.1244,
	6.63946 5.11458,
	6.64601 5.10967,
	6.64928 5.10967,
	6.65582 5.10476,
	6.682 5.09985,
	6.70818 5.09004,
	6.73436 5.06877,
	6.74745 5.06222,
	6.75399 5.05895,
	6.78017 5.06059,
	6.79326 5.06059,
	6.80635 5.06549,
	6.81289 5.06877,
	6.81944 5.07531,
	6.82107 5.10149,
	6.81289 5.12767,
	6.81126 5.14076,
	6.81289 5.1473,
	6.81289 5.15057,
	6.83416 5.17675,
	6.86034 5.20129,
	6.88488 5.21766,
	6.91106 5.24056,
	6.9356 5.26674,
	6.94542 5.27819,
	6.95033 5.28474,
	6.95033 5.31092,
	6.94542 5.324,
	6.94542 5.32728,
	6.9356 5.33873,
	6.93233 5.33873,
	6.91924 5.34691,
	6.90615 5.35182,
	6.8538 5.35346,
	6.80144 5.34855,
	6.77526 5.34691,
	6.76872 5.34691,
	6.75563 5.33382,
	6.72291 5.28146,
	6.69673 5.25692,
	6.67055 5.24383,
	6.664 5.2422,
	6.65746 5.23729,
	6.64437 5.23402,
	6.63128 5.22747,
	6.61819 5.2242,
	6.59201 5.22256,
	6.57893 5.21438,
	6.57074 5.20129,
	6.56584 5.17512,
	6.56584 5.16857,
	6.56584 5.1653,
	"/>
</Transform>

<Transform dim="0"
 xcoef=" 0 1 0 0 0 0"
 ycoef=" 0 0 1 0 0 0">
<Contour name="d02" hidden="false" closed="true" simplified="true" border="0 0.251 0.502" fill="0.5 0 1" mode="11"
 points="5.09985 4.80208,
	5.11458 4.77753,
	5.11949 4.76444,
	5.12112 4.73827,
	5.13585 4.71209,
	5.14894 4.699,
	5.15875 4.68591,
	5.17184 4.65973,
	5.17839 4.64664,
	5.18166 4.6401,
	5.19475 4.62864,
	5.22093 4.61719,
	5.24711 4.61228,
	5.27328 4.61228,
	5.29946 4.61556,
	5.32564 4.62537,
	5.378 4.63192,
	5.39109 4.63028,
	5.39763 4.63028,
	5.42381 4.6221,
	5.52852 4.6041,
	5.63324 4.59592,
	5.65941 4.59756,
	5.6725 4.59756,
	5.69868 4.60574,
	5.72486 4.61065,
	5.75104 4.6041,
	5.76413 4.59919,
	5.77722 4.59756,
	5.7903 4.59919,
	5.81648 4.60901,
	5.84266 4.61065,
	5.94737 4.60083,
	5.97355 4.60083,
	5.98664 4.6041,
	5.99973 4.61065,
	6.01282 4.60901,
	6.02591 4.61392,
	6.05209 4.63028,
	6.06518 4.63355,
	6.09135 4.64828,
	6.10444 4.65646,
	6.13062 4.65973,
	6.14371 4.66137,
	6.15026 4.66137,
	6.16335 4.66791,
	6.1748 4.681,
	6.19116 4.70718,
	6.1977 4.72027,
	6.2157 4.74645,
	6.22552 4.77262,
	6.23043 4.7988,
	6.23206 4.82498,
	6.23534 4.83807,
	6.23534 4.84462,
	6.25497 4.87079,
	6.26479 4.88388,
	6.27133 4.89697,
	6.27951 4.92315,
	6.28115 4.94933,
	6.27624 4.96242,
	6.27624 4.96569,
	6.25497 4.99187,
	6.22879 5.01641,
	6.2157 5.02786,
	6.18789 5.08022,
	6.17316 5.1064,
	6.16171 5.11785,
	6.13553 5.12767,
	6.12244 5.13585,
	6.1159 5.14076,
	6.08972 5.14567,
	6.07663 5.14567,
	6.05045 5.15057,
	5.99809 5.16857,
	5.94574 5.18166,
	5.91956 5.18657,
	5.8672 5.20129,
	5.81485 5.2242,
	5.71013 5.2831,
	5.65778 5.30437,
	5.6316 5.31255,
	5.62342 5.33873,
	5.60542 5.36491,
	5.59724 5.378,
	5.59397 5.38454,
	5.59233 5.39763,
	5.59724 5.42381,
	5.60051 5.4369,
	5.60051 5.46308,
	5.5956 5.47617,
	5.58415 5.48925,
	5.56779 5.51543,
	5.56125 5.52034,
	5.50889 5.50562,
	5.50234 5.50234,
	5.4958 5.4958,
	5.49416 5.48271,
	5.50234 5.45653,
	5.50234 5.40418,
	5.49907 5.39109,
	5.48598 5.36491,
	5.46471 5.33873,
	5.45162 5.31255,
	5.44508 5.29946,
	5.44017 5.27328,
	5.4369 5.2602,
	5.43035 5.24711,
	5.40581 5.22093,
	5.39436 5.20784,
	5.38618 5.19475,
	5.38454 5.1882,
	5.37309 5.17512,
	5.34691 5.15385,
	5.32073 5.12767,
	5.31746 5.12112,
	5.31746 5.06877,
	5.31746 5.06222,
	5.31419 5.05568,
	5.28801 5.03441,
	5.26347 5.00823,
	5.2602 5.00168,
	5.26183 4.9886,
	5.26838 4.97551,
	5.27165 4.96896,
	5.27328 4.96569,
	5.2651 4.9526,
	5.21602 4.90188,
	5.20293 4.89534,
	5.18984 4.88552,
	5.1833 4.87897,
	5.15712 4.86752,
	5.14403 4.86425,
	5.13094 4.85607,
	5.11785 4.85116,
	5.1064 4.83807,
	5.09985 4.82498,
	5.09985 4.81189,
	5.09985 4.80535,
	5.09985 4.80371,
	"/>
</Transform>

<Transform dim="0"
 xcoef=" 0 1 0 0 0 0"
 ycoef=" 0 0 1 0 0 0">
<Contour name="d02" hidden="false" closed="true" simplified="true" border="0 0.251 0.502" fill="0.5 0 1" mode="11"
 points="4.65319 5.03277,
	4.66137 5.00659,
	4.66955 4.9935,
	4.67282 4.98696,
	4.68591 4.97551,
	4.71209 4.96078,
	4.73827 4.94115,
	4.76444 4.91661,
	4.78899 4.89534,
	4.79553 4.89206,
	4.84789 4.88388,
	4.87407 4.88388,
	4.90024 4.87897,
	4.91333 4.87407,
	4.91988 4.87079,
	4.94606 4.87079,
	4.95914 4.87243,
	4.97223 4.87897,
	4.97551 4.87897,
	5.00005 4.90188,
	5.00168 4.91497,
	5.00496 4.92151,
	5.00496 4.92806,
	5.00659 4.93133,
	5.00168 4.95751,
	4.99514 4.9706,
	4.99514 4.97714,
	5.00005 4.98369,
	5.05241 4.98205,
	5.07858 4.98696,
	5.09167 4.9886,
	5.09822 4.99023,
	5.1244 5.0115,
	5.15057 5.02295,
	5.17675 5.04422,
	5.1882 5.05568,
	5.20129 5.08186,
	5.20457 5.08513,
	5.21275 5.11131,
	5.21766 5.1244,
	5.21766 5.13748,
	5.21275 5.15057,
	5.19475 5.17675,
	5.17348 5.20129,
	5.1473 5.21929,
	5.12112 5.23402,
	5.06877 5.24547,
	5.04259 5.25038,
	5.03604 5.25365,
	4.98369 5.25529,
	4.95751 5.25201,
	4.94442 5.25038,
	4.93133 5.24547,
	4.87897 5.24383,
	4.86588 5.2422,
	4.85934 5.24056,
	4.80698 5.2062,
	4.75626 5.16366,
	4.73499 5.13748,
	4.7219 5.12603,
	4.70063 5.10149,
	4.67446 5.07531,
	4.66137 5.06386,
	4.65482 5.05077,
	4.65319 5.03768,
	4.65319 5.03441,
	"/>
</Transform>

<Transform dim="0"
 xcoef=" 0 1 0 0 0 0"
 ycoef=" 0 0 1 0 0 0">
<Contour name="d02" hidden="false" closed="true" simplified="true" border="0 0.251 0.502" fill="0.5 0 1" mode="11"
 points="6.37514 5.18877,
	6.37693 5.18159,
	6.3895 5.16724,
	6.39667 5.16006,
	6.40026 5.16006,
	6.40385 5.15647,
	6.41821 5.15647,
	6.42539 5.15647,
	6.45411 5.17262,
	6.46847 5.18159,
	6.48282 5.19416,
	6.48821 5.20852,
	6.49 5.21569,
	6.48641 5.23005,
	6.48462 5.23723,
	6.46488 5.26595,
	6.45949 5.27313,
	6.44513 5.28031,
	6.43078 5.2821,
	6.41642 5.28031,
	6.40924 5.27672,
	6.38232 5.248,
	6.37693 5.24082,
	6.37514 5.21211,
	6.37514 5.19775,
	6.37514 5.19057,
	"/>
</Transform>

<Transform dim="0"
 xcoef=" 0 1 0 0 0 0"
 ycoef=" 0 0 1 0 0 0">
<Contour name="d02" hidden="false" closed="true" simplified="true" border="0 0.251 0.502" fill="0.5 0 1" mode="11"
 points="6.25668 4.4529,
	6.26206 4.43855,
	6.26565 4.43137,
	6.28001 4.4206,
	6.30873 4.40983,
	6.33745 4.39547,
	6.3518 4.39009,
	6.38052 4.39188,
	6.39488 4.39547,
	6.40206 4.39906,
	6.41103 4.41342,
	6.41462 4.41701,
	6.41642 4.42419,
	6.41462 4.43855,
	6.40206 4.46726,
	6.3895 4.47624,
	6.38411 4.48342,
	6.38232 4.49059,
	6.38411 4.49777,
	6.3895 4.50495,
	6.39129 4.51213,
	6.38232 4.52649,
	6.3536 4.53546,
	6.32488 4.53008,
	6.29617 4.52829,
	6.26745 4.50136,
	6.25847 4.48701,
	6.25668 4.45829,
	6.25668 4.4547,
	"/>
</Transform>

<Transform dim="0"
 xcoef=" 0 1 0 0 0 0"
 ycoef=" 0 0 1 0 0 0">
<Contour name="d02" hidden="false" closed="true" simplified="true" border="0 0.251 0.502" fill="0.5 0 1" mode="11"
 points="6.41462 4.20163,
	6.43078 4.17291,
	6.44513 4.15856,
	6.4559 4.14599,
	6.46129 4.13881,
	6.46667 4.12446,
	6.47744 4.1101,
	6.4918 4.09574,
	6.51334 4.0383,
	6.52052 4.02395,
	6.52411 4.01677,
	6.53667 4.0042,
	6.55103 3.99523,
	6.56539 3.99343,
	6.5941 3.99702,
	6.62282 3.99702,
	6.65154 4.00061,
	6.68025 4.01138,
	6.69461 4.01677,
	6.70897 4.01856,
	6.73769 4.03471,
	6.74307 4.04189,
	6.74666 4.04548,
	6.75205 4.0742,
	6.74846 4.08856,
	6.74128 4.10292,
	6.72692 4.11728,
	6.71256 4.12804,
	6.70538 4.12984,
	6.6982 4.13522,
	6.58333 4.18009,
	6.55462 4.18548,
	6.49718 4.20163,
	6.43975 4.20881,
	6.42539 4.2124,
	6.41821 4.2124,
	6.41462 4.21061,
	6.41462 4.20343,
	"/>
</Transform>

<Transform dim="0"
 xcoef=" 0 1 0 0 0 0"
 ycoef=" 0 0 1 0 0 0">
<Contour name="d02p20" hidden="false" closed="true" simplified="false" border="0 1 1" fill="0 1 1" mode="9"
 points="5.54594 5.28755,
	5.55671 5.27678,
	5.51364 5.23372,
	5.52441 5.22295,
	5.56747 5.26602,
	5.57824 5.25525,
	5.57824 5.28755,
	"/>
</Transform>

<Transform dim="0"
 xcoef=" 0 1 0 0 0 0"
 ycoef=" 0 0 1 0 0 0">
<Contour name="d02c18" hidden="false" closed="true" simplified="true" border="1 0 0" fill="1 0 0" mode="-11"
 points="6.80181 5.12379,
	6.80919 5.10412,
	6.81411 5.09429,
	6.82271 5.08569,
	6.82763 5.082,
	6.83254 5.082,
	6.84115 5.09183,
	6.84976 5.1115,
	6.8559 5.13117,
	6.85836 5.141,
	6.8682 5.16067,
	6.87434 5.17051,
	6.89032 5.19018,
	6.92843 5.22829,
	6.9481 5.24181,
	6.95794 5.25164,
	6.96162 5.25656,
	6.96285 5.26148,
	6.96285 5.26394,
	6.94318 5.27869,
	6.93335 5.27992,
	6.91368 5.275,
	6.87434 5.25902,
	6.86942 5.25656,
	6.84976 5.23935,
	6.83254 5.21968,
	6.82025 5.20001,
	6.81411 5.19018,
	6.81165 5.18772,
	6.80427 5.16805,
	6.80181 5.14838,
	6.80181 5.12871,
	6.80181 5.12502,
	"/>
</Transform>

<Transform dim="0"
 xcoef=" 0 1 0 0 0 0"
 ycoef=" 0 0 1 0 0 0">
<Contour name="d02cfa18" hidden="false" closed="false" simplified="false" border="0 1 0.25098" fill="0 1 0" mode="11"
 points="6.94001 5.27526,
	6.93878 5.2728,
	6.93387 5.26665,
	6.92895 5.26051,
	6.91911 5.25067,
	6.90313 5.23838,
	6.89084 5.22977,
	6.87855 5.22117,
	6.84658 5.19412,
	6.83552 5.17691,
	6.82937 5.15724,
	6.82814 5.13389,
	6.82814 5.11668,
	6.82692 5.0884,
	"/>
</Transform>

<Transform dim="0"
 xcoef=" 0 1 0 0 0 0"
 ycoef=" 0 0 1 0 0 0">
<Contour name="d03" hidden="false" closed="true" simplified="true" border="1 0 0.5" fill="1 0 0.5" mode="-11"
 points="1.42115 5.26879,
	1.44251 5.24601,
	1.46529 5.23319,
	1.48808 5.22322,
	1.49947 5.2161,
	1.50517 5.21183,
	1.50801 5.20898,
	1.51941 5.21041,
	1.5308 5.20898,
	1.53649 5.20756,
	1.54219 5.20329,
	1.54646 5.19189,
	1.53934 5.16911,
	1.54077 5.15772,
	1.54219 5.15202,
	1.54931 5.14063,
	1.55358 5.11785,
	1.55216 5.10645,
	1.55643 5.08367,
	1.55643 5.06089,
	1.55928 5.04949,
	1.57921 5.02671,
	1.58918 5.01674,
	1.59488 5.01532,
	1.60627 5.01817,
	1.61766 5.01817,
	1.64045 5.00108,
	1.65184 4.99823,
	1.65753 4.99823,
	1.66038 4.99823,
	1.68316 4.97545,
	1.69456 4.96548,
	1.70595 4.95836,
	1.71164 4.95409,
	1.71734 4.95409,
	1.72873 4.95978,
	1.74012 4.95836,
	1.74582 4.95551,
	1.75579 4.94412,
	1.76291 4.93273,
	1.78569 4.90994,
	1.78854 4.90425,
	1.78996 4.88146,
	1.79993 4.85868,
	1.80848 4.84729,
	1.81987 4.83874,
	1.86544 4.81738,
	1.88822 4.81026,
	1.93379 4.80314,
	1.95657 4.80172,
	1.96227 4.80172,
	1.97366 4.7946,
	1.9822 4.77182,
	1.9879 4.76042,
	1.99929 4.75046,
	2.01068 4.74618,
	2.02208 4.74618,
	2.04486 4.7533,
	2.06764 4.75473,
	2.07904 4.75473,
	2.10182 4.76042,
	2.11321 4.76042,
	2.15878 4.78178,
	2.20435 4.80599,
	2.22713 4.81881,
	2.2727 4.83874,
	2.29548 4.85014,
	2.31827 4.86438,
	2.32966 4.87007,
	2.33536 4.87434,
	2.33963 4.89713,
	2.34105 4.90852,
	2.34675 4.91991,
	2.36811 4.93273,
	2.3795 4.93842,
	2.40228 4.95409,
	2.41368 4.96263,
	2.41937 4.9669,
	2.46494 4.9726,
	2.47064 4.9726,
	2.5162 4.99396,
	2.53899 5.0025,
	2.55038 5.0082,
	2.55608 5.01105,
	2.56747 5.02244,
	2.57316 5.03383,
	2.57601 5.04522,
	2.58171 5.05092,
	2.58313 5.06231,
	2.58171 5.08509,
	2.57174 5.10788,
	2.56462 5.11927,
	2.54184 5.13921,
	2.53044 5.1506,
	2.52332 5.16199,
	2.51905 5.17338,
	2.5162 5.17908,
	2.50481 5.18905,
	2.49342 5.19474,
	2.48203 5.20329,
	2.47633 5.20898,
	2.46636 5.25455,
	2.46636 5.26594,
	2.46921 5.27733,
	2.46921 5.28873,
	2.46921 5.29442,
	2.46779 5.29727,
	2.47206 5.30297,
	2.47206 5.30581,
	2.47633 5.31151,
	2.47918 5.3229,
	2.47776 5.3286,
	2.46636 5.33857,
	2.45497 5.34284,
	2.44358 5.34996,
	2.43361 5.36135,
	2.43219 5.38413,
	2.42649 5.39553,
	2.4151 5.40265,
	2.39232 5.40977,
	2.38092 5.41119,
	2.37523 5.41404,
	2.35529 5.43682,
	2.33251 5.45533,
	2.30972 5.46815,
	2.28694 5.48381,
	2.26416 5.50233,
	2.22856 5.54647,
	2.21289 5.56925,
	2.20008 5.59204,
	2.19296 5.60343,
	2.18299 5.6134,
	2.18014 5.61625,
	2.17872 5.62764,
	2.17872 5.63333,
	2.17587 5.63903,
	2.17729 5.65042,
	2.20292 5.69599,
	2.20862 5.70738,
	2.21859 5.71877,
	2.22144 5.72447,
	2.22144 5.73586,
	2.21859 5.74156,
	2.2072 5.75153,
	2.19153 5.77431,
	2.18726 5.7857,
	2.19011 5.80849,
	2.20577 5.83127,
	2.21289 5.84266,
	2.21432 5.85405,
	2.2072 5.89962,
	2.2015 5.92241,
	2.2015 5.9338,
	2.19438 5.94519,
	2.18299 5.94661,
	2.1716 5.94234,
	2.14881 5.92668,
	2.12603 5.90817,
	2.12033 5.90247,
	2.11891 5.89677,
	2.11036 5.88538,
	2.10609 5.87969,
	2.10182 5.86829,
	2.0947 5.8569,
	2.09043 5.84551,
	2.08758 5.83981,
	2.08473 5.81703,
	2.08616 5.77146,
	2.08758 5.76007,
	2.09185 5.74868,
	2.09328 5.70311,
	2.09043 5.68033,
	2.08473 5.65754,
	2.08046 5.64615,
	2.07904 5.64045,
	2.06195 5.61767,
	2.05625 5.6134,
	2.03347 5.60485,
	2.02208 5.60343,
	2.01068 5.59631,
	2.00641 5.59061,
	2.00499 5.57922,
	2.00926 5.55644,
	2.01068 5.53365,
	2.00784 5.52796,
	2.00784 5.52511,
	1.99787 5.51372,
	1.98648 5.5066,
	1.98078 5.5066,
	1.96939 5.49663,
	1.96227 5.48524,
	1.96084 5.47385,
	1.95088 5.46245,
	1.94803 5.45961,
	1.95088 5.44821,
	1.95657 5.44252,
	1.96084 5.43113,
	1.96227 5.42543,
	1.95657 5.41404,
	1.94518 5.40549,
	1.9224 5.40265,
	1.89961 5.40407,
	1.88822 5.40407,
	1.86544 5.39837,
	1.84265 5.38556,
	1.83696 5.38271,
	1.74582 5.3941,
	1.74012 5.39553,
	1.73728 5.39553,
	1.72731 5.40692,
	1.72446 5.4297,
	1.72588 5.45249,
	1.72588 5.46388,
	1.72446 5.46957,
	1.71592 5.47954,
	1.70452 5.48666,
	1.69883 5.48809,
	1.68744 5.49663,
	1.67177 5.51799,
	1.66323 5.52938,
	1.65184 5.53935,
	1.64045 5.54077,
	1.63475 5.54077,
	1.62336 5.53365,
	1.61766 5.52938,
	1.61481 5.52653,
	1.60912 5.52511,
	1.59773 5.52796,
	1.58633 5.53508,
	1.58349 5.53793,
	1.5607 5.5365,
	1.54931 5.53223,
	1.53792 5.52511,
	1.52653 5.51514,
	1.50801 5.49236,
	1.48523 5.47242,
	1.48096 5.46673,
	1.47811 5.45533,
	1.48238 5.43255,
	1.47811 5.40977,
	1.47384 5.40407,
	1.46672 5.38129,
	1.45533 5.37132,
	1.44821 5.35993,
	1.44393 5.34853,
	1.44251 5.30297,
	1.44109 5.29727,
	1.42969 5.2873,
	1.424 5.28303,
	1.42115 5.27164,
	1.42115 5.27021,
	"/>
</Transform>

<Transform dim="0"
 xcoef=" 0 1 0 0 0 0"
 ycoef=" 0 0 1 0 0 0">
<Contour name="d03" hidden="false" closed="true" simplified="true" border="1 0 0.5" fill="1 0 0.5" mode="-11"
 points="1.69028 4.26345,
	1.7031 4.24066,
	1.71164 4.21788,
	1.72161 4.20791,
	1.733 4.20649,
	1.7387 4.20791,
	1.74867 4.21646,
	1.75436 4.22785,
	1.75721 4.23924,
	1.76291 4.25063,
	1.76433 4.25633,
	1.77715 4.27911,
	1.78142 4.2905,
	1.78142 4.31329,
	1.78142 4.31614,
	1.75864 4.32895,
	1.75294 4.33038,
	1.74724 4.32895,
	1.7444 4.32895,
	1.70025 4.2905,
	1.69171 4.27911,
	1.69028 4.26772,
	1.69028 4.26487,
	"/>
</Transform>

<Transform dim="0"
 xcoef=" 0 1 0 0 0 0"
 ycoef=" 0 0 1 0 0 0">
<Contour name="d03" hidden="false" closed="true" simplified="true" border="1 0 0.5" fill="1 0 0.5" mode="-11"
 points="1.71022 4.37879,
	1.72161 4.37167,
	1.72446 4.36598,
	1.73585 4.35886,
	1.74155 4.35743,
	1.75294 4.3617,
	1.77288 4.38306,
	1.78284 4.39446,
	1.78996 4.40585,
	1.79281 4.41724,
	1.79281 4.44002,
	1.79424 4.45142,
	1.80705 4.4742,
	1.81417 4.48559,
	1.81702 4.49129,
	1.81844 4.51407,
	1.82414 4.53686,
	1.82414 4.54825,
	1.82272 4.55394,
	1.79993 4.56534,
	1.78854 4.56391,
	1.77715 4.55394,
	1.7686 4.54255,
	1.76291 4.53116,
	1.76006 4.51977,
	1.75721 4.51407,
	1.75579 4.50268,
	1.74582 4.4799,
	1.7387 4.45711,
	1.73443 4.43433,
	1.72873 4.42294,
	1.71876 4.41154,
	1.71307 4.40015,
	1.71022 4.38876,
	1.71022 4.38306,
	1.71022 4.38022,
	"/>
</Transform>

<Transform dim="0"
 xcoef=" 0 1 0 0 0 0"
 ycoef=" 0 0 1 0 0 0">
<Contour name="d03" hidden="false" closed="true" simplified="true" border="1 0 0.5" fill="1 0 0.5" mode="-11"
 points="1.60627 3.96726,
	1.60769 3.96156,
	1.61339 3.95586,
	1.62478 3.95586,
	1.63617 3.96014,
	1.64757 3.9701,
	1.65326 3.97438,
	1.66608 3.99716,
	1.67604 4.00855,
	1.68174 4.0114,
	1.69313 4.00998,
	1.7387 3.9815,
	1.76148 3.98292,
	1.77288 3.98577,
	1.78284 3.99574,
	1.78427 4.0413,
	1.79566 4.05127,
	1.80278 4.06266,
	1.80278 4.07406,
	1.79851 4.08545,
	1.78996 4.09542,
	1.7686 4.1182,
	1.76148 4.14098,
	1.75864 4.15238,
	1.75864 4.17516,
	1.75864 4.18655,
	1.75579 4.19794,
	1.75436 4.20364,
	1.74867 4.20506,
	1.72588 4.20079,
	1.71449 4.19937,
	1.71022 4.1951,
	1.70452 4.17231,
	1.66608 4.08118,
	1.66608 4.07833,
	1.65611 4.06836,
	1.63475 4.0527,
	1.61909 4.03134,
	1.61481 4.01994,
	1.60627 3.97438,
	1.60627 3.96868,
	"/>
</Transform>

<Transform dim="0"
 xcoef=" 0 1 0 0 0 0"
 ycoef=" 0 0 1 0 0 0">
<Contour name="d03p20" hidden="false" closed="true" simplified="false" border="0 1 1" fill="0 1 1" mode="9"
 points="2.13915 5.54142,
	2.1548 5.52578,
	2.09222 5.46321,
	2.10787 5.44757,
	2.17044 5.51014,
	2.18608 5.49449,
	2.18608 5.54142,
	"/>
</Transform>

<Transform dim="0"
 xcoef=" 0 1 0 0 0 0"
 ycoef=" 0 0 1 0 0 0">
<Contour name="d03p21" hidden="false" closed="true" simplified="false" border="1 0 0" fill="1 0 0" mode="-11"
 points="1.51344 5.29505,
	1.51344 5.28723,
	1.52127 5.27941,
	1.52909 5.27941,
	1.53691 5.28723,
	1.53691 5.29505,
	1.52909 5.30287,
	1.52127 5.30287,
	"/>
</Transform>

<Transform dim="0"
 xcoef=" 0 1 0 0 0 0"
 ycoef=" 0 0 1 0 0 0">
<Contour name="d03p22" hidden="false" closed="true" simplified="false" border="0 0.251 0.502" fill="0.5 0 1" mode="11"
 points="2.49502 5.07214,
	2.48329 5.06823,
	2.49502 5.06432,
	2.4872 5.05259,
	2.49894 5.06041,
	2.50285 5.04868,
	2.50676 5.06041,
	2.51849 5.05259,
	2.51067 5.06432,
	2.5224 5.06823,
	2.51067 5.07214,
	2.51849 5.08387,
	2.50676 5.07605,
	2.50285 5.08778,
	2.49894 5.07605,
	2.4872 5.08387,
	"/>
</Transform>

<Transform dim="0"
 xcoef=" 0 1 0 0 0 0"
 ycoef=" 0 0 1 0 0 0">
<Contour name="Ax01" hidden="false" closed="true" simplified="true" border="1 0.501961 0" fill="1 0 0" mode="-11"
 points="5.06247 4.92469,
	5.06567 4.89906,
	5.07849 4.88624,
	5.0913 4.87983,
	5.09771 4.87983,
	5.10412 4.87343,
	5.15539 4.87343,
	5.18102 4.88304,
	5.20024 4.90226,
	5.2483 4.94392,
	5.26433 4.96955,
	5.26433 4.99518,
	5.26433 5.00159,
	5.28675 5.02081,
	5.30277 5.04324,
	5.30918 5.05606,
	5.30918 5.08169,
	5.29316 5.10732,
	5.26753 5.11694,
	5.2419 5.11694,
	5.22908 5.11053,
	5.20665 5.0849,
	5.20665 5.05926,
	5.22588 5.03683,
	5.22267 5.02402,
	5.20986 5.01761,
	5.15859 5.02081,
	5.13296 5.0112,
	5.12655 5.0112,
	5.10412 4.98877,
	5.08169 4.97275,
	5.06567 4.94712,
	5.06247 4.9343,
	5.06247 4.9279,
	"/>
</Transform>

<Transform dim="0"
 xcoef=" 0 1 0 0 0 0"
 ycoef=" 0 0 1 0 0 0">
<Contour name="Ax02" hidden="false" closed="true" simplified="true" border="0.501961 0 1" fill="0.5 0 1" mode="11"
 points="7.44549 5.33966,
	7.45647 5.31036,
	7.46014 5.29571,
	7.51141 5.25542,
	7.54071 5.25542,
	7.57 5.26641,
	7.58465 5.27007,
	7.61395 5.29204,
	7.6286 5.29937,
	7.65424 5.32867,
	7.65058 5.38727,
	7.6286 5.41656,
	7.62128 5.42389,
	7.56268 5.42755,
	7.53338 5.42389,
	7.51873 5.41656,
	7.51141 5.40924,
	7.48211 5.40924,
	7.45647 5.39093,
	7.44549 5.36163,
	7.44549 5.34698,
	7.44549 5.34332,
	"/>
</Transform>

<Transform dim="0"
 xcoef=" 0 1 0 0 0 0"
 ycoef=" 0 0 1 0 0 0">
<Contour name="d01ax22*" hidden="false" closed="true" simplified="false" border="0.5 0 1" fill="0.5 0 1" mode="-9"
 points="6.6513 4.20058,
	6.64185 4.19743,
	6.6513 4.19428,
	6.645 4.18483,
	6.65446 4.19113,
	6.65761 4.18167,
	6.66076 4.19113,
	6.67021 4.18483,
	6.66391 4.19428,
	6.67336 4.19743,
	6.66391 4.20058,
	6.67021 4.21004,
	6.66076 4.20373,
	6.65761 4.21319,
	6.65446 4.20373,
	6.645 4.21004,
	"/>
<Contour name="d01ax22*" hidden="false" closed="true" simplified="false" border="0.5 0 1" fill="0.5 0 1" mode="-9"
 points="6.84354 4.09974,
	6.83408 4.09659,
	6.84354 4.09344,
	6.83724 4.08398,
	6.84669 4.09028,
	6.84984 4.08083,
	6.85299 4.09028,
	6.86245 4.08398,
	6.85614 4.09344,
	6.8656 4.09659,
	6.85614 4.09974,
	6.86245 4.10919,
	6.85299 4.10289,
	6.84984 4.11234,
	6.84669 4.10289,
	6.83724 4.10919,
	"/>
<Contour name="d01ax22*" hidden="false" closed="true" simplified="false" border="0.5 0 1" fill="0.5 0 1" mode="-9"
 points="6.72379 4.31403,
	6.71433 4.31088,
	6.72379 4.30773,
	6.71748 4.29828,
	6.72694 4.30458,
	6.73009 4.29512,
	6.73324 4.30458,
	6.74269 4.29828,
	6.73639 4.30773,
	6.74585 4.31088,
	6.73639 4.31403,
	6.74269 4.32349,
	6.73324 4.31718,
	6.73009 4.32664,
	6.72694 4.31718,
	6.71748 4.32349,
	"/>
</Transform>

<Transform dim="0"
 xcoef=" 0 1 0 0 0 0"
 ycoef=" 0 0 1 0 0 0">
<Contour name="Ax05" hidden="false" closed="true" simplified="true" border="1 1 0" fill="1 1 0" mode="-11"
 points="0.983782 4.01205,
	1.01617 3.98371,
	1.14167 3.91084,
	1.17406 3.89869,
	1.18216 3.89464,
	1.24693 3.93108,
	1.31171 3.93917,
	1.34005 3.95942,
	1.36839 3.98776,
	1.38458 3.9999,
	1.41697 4.008,
	1.44531 4.03634,
	1.46555 4.06873,
	1.4696 4.08492,
	1.48175 4.10111,
	1.49389 4.1335,
	1.52223 4.16184,
	1.55462 4.17804,
	1.57081 4.19018,
	1.57891 4.19018,
	1.63559 4.23471,
	1.66798 4.26305,
	1.68822 4.29544,
	1.69227 4.32783,
	1.69227 4.33593,
	1.66393 4.36427,
	1.64773 4.37641,
	1.51818 4.39665,
	1.50199 4.39665,
	1.43721 4.4169,
	1.37244 4.4088,
	1.34005 4.42094,
	1.27527 4.42094,
	1.24288 4.42094,
	1.17811 4.4007,
	1.14572 4.38451,
	1.12953 4.37641,
	1.12143 4.36831,
	1.10524 4.36427,
	1.08904 4.35212,
	1.08095 4.33593,
	1.08499 4.27115,
	1.08499 4.26305,
	1.0769 4.25496,
	1.06475 4.22257,
	1.0607 4.19018,
	1.04856 4.15779,
	1.04046 4.1416,
	1.00807 4.12136,
	0.98783 4.09302,
	0.983782 4.07682,
	0.991879 4.04444,
	0.983782 4.02824,
	0.983782 4.0161,
	"/>
</Transform>

<Transform dim="0"
 xcoef=" 0 1 0 0 0 0"
 ycoef=" 0 0 1 0 0 0">
<Contour name="Ax05B04ssvr142" hidden="false" closed="true" simplified="false" border="0.5 0 1" fill="0.5 0 1" mode="-9"
 points="1.16755 4.27748,
	1.15787 4.27426,
	1.16755 4.27103,
	1.1611 4.26135,
	1.17078 4.2678,
	1.174 4.25812,
	1.17723 4.2678,
	1.18691 4.26135,
	1.18046 4.27103,
	1.19014 4.27426,
	1.18046 4.27748,
	1.18691 4.28716,
	1.17723 4.28071,
	1.174 4.29039,
	1.17078 4.28071,
	1.1611 4.28716,
	"/>
<Contour name="Ax05B04ssvr143" hidden="false" closed="true" simplified="false" border="0.5 0 1" fill="0.5 0 1" mode="-9"
 points="1.10624 4.30653,
	1.09656 4.3033,
	1.10624 4.30007,
	1.09979 4.29039,
	1.10947 4.29684,
	1.11269 4.28716,
	1.11592 4.29684,
	1.1256 4.29039,
	1.11915 4.30007,
	1.12883 4.3033,
	1.11915 4.30653,
	1.1256 4.31621,
	1.11592 4.30975,
	1.11269 4.31943,
	1.10947 4.30975,
	1.09979 4.31621,
	"/>
<Contour name="Ax05B04ssvr144" hidden="false" closed="true" simplified="false" border="0.5 0 1" fill="0.5 0 1" mode="-9"
 points="1.1256 4.16777,
	1.11592 4.16454,
	1.1256 4.16132,
	1.11915 4.15164,
	1.12883 4.15809,
	1.13205 4.14841,
	1.13528 4.15809,
	1.14496 4.15164,
	1.13851 4.16132,
	1.14819 4.16454,
	1.13851 4.16777,
	1.14496 4.17745,
	1.13528 4.171,
	1.13205 4.18068,
	1.12883 4.171,
	1.11915 4.17745,
	"/>
<Contour name="Ax05B04ssvr145" hidden="false" closed="true" simplified="false" border="0.5 0 1" fill="0.5 0 1" mode="-9"
 points="1.26758 4.31943,
	1.2579 4.31621,
	1.26758 4.31298,
	1.26113 4.3033,
	1.27081 4.30975,
	1.27403 4.30007,
	1.27726 4.30975,
	1.28694 4.3033,
	1.28049 4.31298,
	1.29017 4.31621,
	1.28049 4.31943,
	1.28694 4.32911,
	1.27726 4.32266,
	1.27403 4.33234,
	1.27081 4.32266,
	1.26113 4.32911,
	"/>
<Contour name="Ax05B04ssvr146" hidden="false" closed="true" simplified="false" border="0.5 0 1" fill="0.5 0 1" mode="-9"
 points="1.35471 4.36138,
	1.34503 4.35815,
	1.35471 4.35493,
	1.34825 4.34525,
	1.35793 4.3517,
	1.36116 4.34202,
	1.36439 4.3517,
	1.37407 4.34525,
	1.36761 4.35493,
	1.37729 4.35815,
	1.36761 4.36138,
	1.37407 4.37106,
	1.36439 4.36461,
	1.36116 4.37429,
	1.35793 4.36461,
	1.34825 4.37106,
	"/>
<Contour name="Ax05B04ssvr147" hidden="false" closed="true" simplified="false" border="0.5 0 1" fill="0.5 0 1" mode="-9"
 points="1.39988 4.33234,
	1.3902 4.32911,
	1.39988 4.32589,
	1.39343 4.31621,
	1.40311 4.32266,
	1.40634 4.31298,
	1.40956 4.32266,
	1.41924 4.31621,
	1.41279 4.32589,
	1.42247 4.32911,
	1.41279 4.33234,
	1.41924 4.34202,
	1.40956 4.33557,
	1.40634 4.34525,
	1.40311 4.33557,
	1.39343 4.34202,
	"/>
<Contour name="Ax05B04ssvr148" hidden="false" closed="true" simplified="false" border="0.5 0 1" fill="0.5 0 1" mode="-9"
 points="1.34503 4.2549,
	1.33534 4.25167,
	1.34503 4.24844,
	1.33857 4.23876,
	1.34825 4.24522,
	1.35148 4.23553,
	1.35471 4.24522,
	1.36439 4.23876,
	1.35793 4.24844,
	1.36761 4.25167,
	1.35793 4.2549,
	1.36439 4.26458,
	1.35471 4.25812,
	1.35148 4.2678,
	1.34825 4.25812,
	1.33857 4.26458,
	"/>
<Contour name="Ax05B04ssvr149" hidden="false" closed="true" simplified="false" border="0.5 0 1" fill="0.5 0 1" mode="-9"
 points="1.38052 4.2194,
	1.37084 4.21617,
	1.38052 4.21295,
	1.37407 4.20327,
	1.38375 4.20972,
	1.38697 4.20004,
	1.3902 4.20972,
	1.39988 4.20327,
	1.39343 4.21295,
	1.40311 4.21617,
	1.39343 4.2194,
	1.39988 4.22908,
	1.3902 4.22263,
	1.38697 4.23231,
	1.38375 4.22263,
	1.37407 4.22908,
	"/>
<Contour name="Ax05B04ssvr150" hidden="false" closed="true" simplified="false" border="0.5 0 1" fill="0.5 0 1" mode="-9"
 points="1.32244 4.22585,
	1.31276 4.22263,
	1.32244 4.2194,
	1.31598 4.20972,
	1.32566 4.21617,
	1.32889 4.20649,
	1.33212 4.21617,
	1.3418 4.20972,
	1.33534 4.2194,
	1.34503 4.22263,
	1.33534 4.22585,
	1.3418 4.23553,
	1.33212 4.22908,
	1.32889 4.23876,
	1.32566 4.22908,
	1.31598 4.23553,
	"/>
<Contour name="Ax05B04ssvr151" hidden="false" closed="true" simplified="false" border="0.5 0 1" fill="0.5 0 1" mode="-9"
 points="1.35148 4.171,
	1.3418 4.16777,
	1.35148 4.16454,
	1.34503 4.15486,
	1.35471 4.16132,
	1.35793 4.15164,
	1.36116 4.16132,
	1.37084 4.15486,
	1.36439 4.16454,
	1.37407 4.16777,
	1.36439 4.171,
	1.37084 4.18068,
	1.36116 4.17422,
	1.35793 4.18391,
	1.35471 4.17422,
	1.34503 4.18068,
	"/>
<Contour name="Ax05B04ssvr152" hidden="false" closed="true" simplified="false" border="0.5 0 1" fill="0.5 0 1" mode="-9"
 points="1.32889 4.14841,
	1.31921 4.14518,
	1.32889 4.14196,
	1.32244 4.13228,
	1.33212 4.13873,
	1.33534 4.12905,
	1.33857 4.13873,
	1.34825 4.13228,
	1.3418 4.14196,
	1.35148 4.14518,
	1.3418 4.14841,
	1.34825 4.15809,
	1.33857 4.15164,
	1.33534 4.16132,
	1.33212 4.15164,
	1.32244 4.15809,
	"/>
<Contour name="Ax05B04ssvr153" hidden="false" closed="true" simplified="false" border="0.5 0 1" fill="0.5 0 1" mode="-9"
 points="1.30308 4.12582,
	1.2934 4.1226,
	1.30308 4.11937,
	1.29662 4.10969,
	1.3063 4.11614,
	1.30953 4.10646,
	1.31276 4.11614,
	1.32244 4.10969,
	1.31598 4.11937,
	1.32566 4.1226,
	1.31598 4.12582,
	1.32244 4.1355,
	1.31276 4.12905,
	1.30953 4.13873,
	1.3063 4.12905,
	1.29662 4.1355,
	"/>
<Contour name="Ax05B04ssvr154" hidden="false" closed="true" simplified="false" border="0.5 0 1" fill="0.5 0 1" mode="-9"
 points="1.31276 4.07419,
	1.30308 4.07097,
	1.31276 4.06774,
	1.3063 4.05806,
	1.31598 4.06451,
	1.31921 4.05483,
	1.32244 4.06451,
	1.33212 4.05806,
	1.32566 4.06774,
	1.33534 4.07097,
	1.32566 4.07419,
	1.33212 4.08387,
	1.32244 4.07742,
	1.31921 4.0871,
	1.31598 4.07742,
	1.3063 4.08387,
	"/>
<Contour name="Ax05B04ssvr155" hidden="false" closed="true" simplified="false" border="0.5 0 1" fill="0.5 0 1" mode="-9"
 points="1.2579 4.0871,
	1.24822 4.08387,
	1.2579 4.08065,
	1.25145 4.07097,
	1.26113 4.07742,
	1.26435 4.06774,
	1.26758 4.07742,
	1.27726 4.07097,
	1.27081 4.08065,
	1.28049 4.08387,
	1.27081 4.0871,
	1.27726 4.09678,
	1.26758 4.09033,
	1.26435 4.10001,
	1.26113 4.09033,
	1.25145 4.09678,
	"/>
<Contour name="Ax05B04ssvr156" hidden="false" closed="true" simplified="false" border="0.5 0 1" fill="0.5 0 1" mode="-9"
 points="1.24177 4.0387,
	1.23209 4.03547,
	1.24177 4.03224,
	1.23531 4.02256,
	1.24499 4.02902,
	1.24822 4.01934,
	1.25145 4.02902,
	1.26113 4.02256,
	1.25467 4.03224,
	1.26435 4.03547,
	1.25467 4.0387,
	1.26113 4.04838,
	1.25145 4.04192,
	1.24822 4.0516,
	1.24499 4.04192,
	1.23531 4.04838,
	"/>
<Contour name="Ax05B04ssvr157" hidden="false" closed="true" simplified="false" border="0.5 0 1" fill="0.5 0 1" mode="-9"
 points="1.18368 4.01934,
	1.174 4.01611,
	1.18368 4.01288,
	1.17723 4.0032,
	1.18691 4.00966,
	1.19014 3.99997,
	1.19336 4.00966,
	1.20304 4.0032,
	1.19659 4.01288,
	1.20627 4.01611,
	1.19659 4.01934,
	1.20304 4.02902,
	1.19336 4.02256,
	1.19014 4.03224,
	1.18691 4.02256,
	1.17723 4.02902,
	"/>
<Contour name="Ax05B04ssvr158" hidden="false" closed="true" simplified="false" border="0.5 0 1" fill="0.5 0 1" mode="-9"
 points="1.18368 4.07419,
	1.174 4.07097,
	1.18368 4.06774,
	1.17723 4.05806,
	1.18691 4.06451,
	1.19014 4.05483,
	1.19336 4.06451,
	1.20304 4.05806,
	1.19659 4.06774,
	1.20627 4.07097,
	1.19659 4.07419,
	1.20304 4.08387,
	1.19336 4.07742,
	1.19014 4.0871,
	1.18691 4.07742,
	1.17723 4.08387,
	"/>
<Contour name="Ax05B04ssvr159" hidden="false" closed="true" simplified="false" border="0.5 0 1" fill="0.5 0 1" mode="-9"
 points="1.14496 4.04838,
	1.13528 4.04515,
	1.14496 4.04192,
	1.13851 4.03224,
	1.14819 4.0387,
	1.15141 4.02902,
	1.15464 4.0387,
	1.16432 4.03224,
	1.15787 4.04192,
	1.16755 4.04515,
	1.15787 4.04838,
	1.16432 4.05806,
	1.15464 4.0516,
	1.15141 4.06128,
	1.14819 4.0516,
	1.13851 4.05806,
	"/>
<Contour name="Ax05B04ssvr160" hidden="false" closed="true" simplified="false" border="0.5 0 1" fill="0.5 0 1" mode="-9"
 points="1.09333 3.99675,
	1.08365 3.99352,
	1.09333 3.99029,
	1.08688 3.98061,
	1.09656 3.98707,
	1.09979 3.97739,
	1.10301 3.98707,
	1.11269 3.98061,
	1.10624 3.99029,
	1.11592 3.99352,
	1.10624 3.99675,
	1.11269 4.00643,
	1.10301 3.99997,
	1.09979 4.00966,
	1.09656 3.99997,
	1.08688 4.00643,
	"/>
<Contour name="Ax05B04ssvr161" hidden="false" closed="true" simplified="false" border="0.5 0 1" fill="0.5 0 1" mode="-9"
 points="1.18691 4.1355,
	1.17723 4.13228,
	1.18691 4.12905,
	1.18046 4.11937,
	1.19014 4.12582,
	1.19336 4.11614,
	1.19659 4.12582,
	1.20627 4.11937,
	1.19982 4.12905,
	1.2095 4.13228,
	1.19982 4.1355,
	1.20627 4.14518,
	1.19659 4.13873,
	1.19336 4.14841,
	1.19014 4.13873,
	1.18046 4.14518,
	"/>
</Transform>

<Transform dim="0"
 xcoef=" 0 1 0 0 0 0"
 ycoef=" 0 0 1 0 0 0">
<Contour name="Ax05B04c01" hidden="false" closed="true" simplified="true" border="0 1 0" fill="0 1 0" mode="11"
 points="1.00355 4.14973,
	1.01 4.14327,
	1.01 4.13682,
	1.01646 4.13036,
	1.02936 4.13359,
	1.04227 4.14327,
	1.06486 4.1949,
	1.06486 4.20136,
	1.07131 4.20781,
	1.07454 4.23362,
	1.08422 4.25944,
	1.07777 4.31107,
	1.07454 4.32398,
	1.06163 4.33688,
	1.03582 4.33366,
	1.02291 4.32398,
	1.02291 4.29816,
	1.03259 4.28525,
	1.02614 4.23362,
	1.01968 4.20781,
	1.01 4.19813,
	1.00355 4.17231,
	1.00355 4.15941,
	1.00355 4.15295,
	"/>
<Contour name="Ax05B04cfa01" hidden="false" closed="false" simplified="false" border="0 1 1" fill="0 1 1" mode="9"
 points="1.0417 4.33234,
	1.04816 4.29362,
	1.03525 4.20327,
	1.01266 4.1355,
	"/>
</Transform>

<Transform dim="0"
 xcoef=" 0 1 0 0 0 0"
 ycoef=" 0 0 1 0 0 0">
<Contour name="Ax06" hidden="false" closed="true" simplified="true" border="0 0 1" fill="0 0 1" mode="-11"
 points="3.67511 6.93146,
	3.68448 6.91896,
	3.70949 6.90958,
	3.75949 6.91896,
	3.80949 6.93771,
	3.83136 6.95333,
	3.83761 6.95958,
	3.83761 6.96583,
	3.85636 6.99083,
	3.86261 7.00333,
	3.85949 7.01583,
	3.83761 7.03458,
	3.78761 7.04396,
	3.76261 7.04396,
	3.73761 7.03771,
	3.73136 7.03771,
	3.70636 7.01896,
	3.69073 6.99396,
	3.68136 6.97208,
	3.67511 6.95958,
	3.67511 6.93458,
	"/>
</Transform>

<Transform dim="0"
 xcoef=" 0 1 0 0 0 0"
 ycoef=" 0 0 1 0 0 0">
<Contour name="d06" hidden="false" closed="true" simplified="true" border="0 0 1" fill="0 0 1" mode="11"
 points="3.2361 0.722501,
	3.25631 0.712396,
	3.29673 0.70987,
	3.30683 0.70987,
	3.32704 0.702291,
	3.36746 0.697239,
	3.40788 0.697239,
	3.4483 0.692187,
	3.48872 0.679555,
	3.52914 0.661872,
	3.54935 0.654293,
	3.56956 0.641662,
	3.58977 0.639136,
	3.60998 0.641662,
	3.62009 0.644188,
	3.62261 0.684608,
	3.62261 0.694713,
	3.62766 0.704818,
	3.62514 0.725028,
	3.61756 0.745237,
	3.61756 0.755342,
	3.63524 0.773026,
	3.65545 0.785657,
	3.66556 0.790709,
	3.67061 0.795762,
	3.67819 0.813446,
	3.69587 0.828603,
	3.70345 0.836182,
	3.70092 0.876601,
	3.70598 0.917021,
	3.70598 0.927126,
	3.72113 0.967545,
	3.72366 0.97765,
	3.72871 0.980177,
	3.73377 1.00039,
	3.73882 1.01049,
	3.73629 1.05091,
	3.73377 1.06102,
	3.71608 1.0787,
	3.69587 1.09133,
	3.68829 1.10144,
	3.68577 1.11154,
	3.66808 1.1267,
	3.58724 1.15701,
	3.54682 1.15954,
	3.5064 1.15701,
	3.48619 1.15449,
	3.47609 1.15449,
	3.45588 1.14186,
	3.44072 1.12417,
	3.42051 1.11407,
	3.4003 1.10901,
	3.3902 1.10144,
	3.37757 1.06102,
	3.37504 1.0206,
	3.37504 1.01049,
	3.38262 0.990281,
	3.38767 0.949862,
	3.38009 0.929652,
	3.36241 0.911968,
	3.3523 0.906916,
	3.34725 0.906916,
	3.33715 0.896811,
	3.31189 0.858918,
	3.29673 0.841234,
	3.28662 0.838708,
	3.26894 0.826077,
	3.26136 0.805867,
	3.25883 0.795762,
	3.2462 0.775552,
	3.24368 0.755342,
	3.2361 0.735132,
	3.2361 0.725028,
	"/>
<Contour name="d06" hidden="false" closed="true" simplified="true" border="0 0 1" fill="0 0 1" mode="11"
 points="3.57209 1.82394,
	3.57967 1.81636,
	3.57967 1.81131,
	3.59735 1.7911,
	3.60493 1.78099,
	3.60998 1.76078,
	3.61251 1.75068,
	3.64535 1.71784,
	3.65293 1.70773,
	3.69082 1.68247,
	3.70092 1.67489,
	3.70598 1.66731,
	3.72366 1.65215,
	3.74134 1.64457,
	3.78176 1.64205,
	3.80197 1.64205,
	3.81208 1.64205,
	3.83229 1.64963,
	3.8525 1.65215,
	3.87271 1.6471,
	3.91313 1.6471,
	3.93334 1.64963,
	3.93839 1.65468,
	3.9586 1.6471,
	3.96365 1.64205,
	3.9687 1.64205,
	3.97881 1.63447,
	4.01923 1.63194,
	4.02933 1.62689,
	4.06975 1.62436,
	4.11017 1.62942,
	4.15059 1.64205,
	4.1607 1.64457,
	4.19859 1.67236,
	4.2188 1.67994,
	4.25922 1.68247,
	4.27943 1.68752,
	4.29964 1.68752,
	4.30975 1.69005,
	4.3148 1.69005,
	4.31985 1.6951,
	4.34006 1.70268,
	4.35017 1.71026,
	4.3628 1.72794,
	4.36532 1.73805,
	4.37795 1.75825,
	4.38553 1.77846,
	4.38806 1.81888,
	4.38553 1.8593,
	4.38553 1.86941,
	4.37543 1.88962,
	4.37037 1.89972,
	4.37037 1.90478,
	4.35522 1.92499,
	4.34764 1.93509,
	4.30975 1.96035,
	4.29964 1.97046,
	4.29206 1.97551,
	4.27943 1.99572,
	4.27185 2.0134,
	4.2668 2.01846,
	4.25417 2.05888,
	4.22891 2.0993,
	4.19101 2.12961,
	4.18596 2.12961,
	4.18343 2.13466,
	4.17838 2.13466,
	4.17586 2.13972,
	4.09502 2.14224,
	4.0546 2.13719,
	4.03439 2.13214,
	4.02428 2.12961,
	4.01923 2.12961,
	4.01418 2.12456,
	3.99397 2.11951,
	3.95355 2.09424,
	3.94849 2.08919,
	3.94344 2.08919,
	3.90555 2.05635,
	3.88787 2.04372,
	3.88281 2.04372,
	3.87776 2.03867,
	3.86766 2.03614,
	3.85755 2.02856,
	3.8525 2.02856,
	3.83734 2.0134,
	3.79692 1.98814,
	3.78682 1.98562,
	3.78176 1.98056,
	3.74134 1.96288,
	3.72113 1.95277,
	3.70092 1.95025,
	3.69082 1.94772,
	3.68577 1.94772,
	3.66808 1.92751,
	3.66303 1.91741,
	3.62261 1.90478,
	3.60493 1.88709,
	3.59482 1.86688,
	3.5923 1.85678,
	3.57461 1.84162,
	3.57209 1.83152,
	3.57209 1.82646,
	"/>
</Transform>

<Transform dim="0"
 xcoef=" 0 1 0 0 0 0"
 ycoef=" 0 0 1 0 0 0">
<Contour name="d09" hidden="false" closed="true" simplified="true" border="0 1 0" fill="0 1 0" mode="11"
 points="1.17352 2.65368,
	1.18299 2.62339,
	1.18867 2.60825,
	1.19245 2.60068,
	1.20759 2.58743,
	1.20759 2.58365,
	1.2322 2.55904,
	1.23599 2.55147,
	1.25113 2.53822,
	1.26248 2.52876,
	1.27573 2.51361,
	1.28898 2.50604,
	1.29466 2.50036,
	1.29845 2.50036,
	1.32305 2.48144,
	1.35334 2.47008,
	1.38362 2.46819,
	1.41391 2.47008,
	1.42905 2.47386,
	1.45933 2.47386,
	1.47448 2.47954,
	1.48205 2.48333,
	1.48583 2.48333,
	1.4934 2.48901,
	1.49719 2.48901,
	1.50476 2.49469,
	1.50855 2.49469,
	1.51422 2.50036,
	1.51801 2.50036,
	1.53315 2.50983,
	1.53505 2.5174,
	1.55019 2.51929,
	1.55776 2.51929,
	1.56533 2.52497,
	1.56912 2.52497,
	1.59372 2.54958,
	1.60129 2.55715,
	1.60697 2.56093,
	1.62211 2.57607,
	1.63726 2.58554,
	1.6524 2.58743,
	1.65997 2.58743,
	1.69025 2.60068,
	1.71864 2.61961,
	1.74325 2.64232,
	1.74325 2.64611,
	1.75272 2.65746,
	1.77921 2.68586,
	1.80382 2.70668,
	1.82843 2.73128,
	1.836 2.74453,
	1.8341 2.75967,
	1.8341 2.76346,
	1.82086 2.77671,
	1.79057 2.79185,
	1.76218 2.80321,
	1.74704 2.81267,
	1.71675 2.82214,
	1.68647 2.82781,
	1.67133 2.83349,
	1.64104 2.83728,
	1.61076 2.83728,
	1.58047 2.8316,
	1.56533 2.82403,
	1.56154 2.82403,
	1.55776 2.82024,
	1.52747 2.82024,
	1.51233 2.82214,
	1.48205 2.8316,
	1.47448 2.83539,
	1.41391 2.83728,
	1.38362 2.8316,
	1.35334 2.81646,
	1.32495 2.79564,
	1.30413 2.76914,
	1.24356 2.73696,
	1.21327 2.7256,
	1.2057 2.72182,
	1.1811 2.69343,
	1.1811 2.68964,
	1.17731 2.68586,
	1.17352 2.67071,
	1.17352 2.65557,
	"/>
</Transform>

<Transform dim="0"
 xcoef=" 0 1 0 0 0 0"
 ycoef=" 0 0 1 0 0 0">
<Contour name="d09" hidden="false" closed="true" simplified="true" border="0 1 0" fill="0 1 0" mode="11"
 points="0.692757 3.46189,
	0.702221 3.44675,
	0.732506 3.42782,
	0.738184 3.41268,
	0.74197 3.41079,
	0.743863 3.40322,
	0.766576 3.37861,
	0.779825 3.36726,
	0.793075 3.35211,
	0.802539 3.33697,
	0.83093 3.31426,
	0.859322 3.29722,
	0.859322 3.29344,
	0.863108 3.28965,
	0.865 3.28208,
	0.865 3.27829,
	0.876357 3.26694,
	0.883928 3.26126,
	0.887714 3.25369,
	0.91232 3.23287,
	0.919891 3.22908,
	0.921784 3.2253,
	0.929355 3.2234,
	0.933141 3.2234,
	0.935033 3.21962,
	0.963425 3.21015,
	0.978567 3.20448,
	0.986138 3.20448,
	1.00128 3.19501,
	1.00507 3.19123,
	1.00696 3.17608,
	1.01264 3.16094,
	1.02021 3.15337,
	1.02778 3.15148,
	1.03157 3.14769,
	1.06185 3.13444,
	1.0751 3.12309,
	1.08267 3.11741,
	1.08646 3.10984,
	1.09403 3.10227,
	1.10728 3.09659,
	1.12242 3.08712,
	1.13756 3.08523,
	1.14513 3.08902,
	1.15081 3.09659,
	1.14892 3.11173,
	1.14892 3.1193,
	1.13188 3.14959,
	1.12999 3.15716,
	1.12053 3.17041,
	1.12053 3.17798,
	1.12431 3.18555,
	1.12431 3.20069,
	1.11863 3.21583,
	1.11295 3.2234,
	1.10917 3.22719,
	1.10728 3.23476,
	1.1016 3.24233,
	1.09781 3.24612,
	1.09403 3.26126,
	1.09403 3.26883,
	1.10538 3.29912,
	1.11295 3.31426,
	1.11295 3.31804,
	1.12242 3.33319,
	1.12431 3.36347,
	1.12242 3.37861,
	1.11674 3.39375,
	1.11485 3.40133,
	1.10917 3.4089,
	1.09403 3.41836,
	1.08456 3.42972,
	1.07888 3.4354,
	1.07888 3.43918,
	1.05428 3.46757,
	0.99371 3.50732,
	0.978567 3.513,
	0.974782 3.51679,
	0.914213 3.54139,
	0.906642 3.54707,
	0.876357 3.55275,
	0.815788 3.55086,
	0.800646 3.54518,
	0.793075 3.54328,
	0.789289 3.54328,
	0.785504 3.5395,
	0.777933 3.53761,
	0.774147 3.53761,
	0.766576 3.53193,
	0.759005 3.53003,
	0.730613 3.51111,
	0.719256 3.50164,
	0.704114 3.49029,
	0.692757 3.47893,
	0.692757 3.46379,
	"/>
</Transform>

<Transform dim="0"
 xcoef=" 0 1 0 0 0 0"
 ycoef=" 0 0 1 0 0 0">
<Contour name="d09c11" hidden="false" closed="true" simplified="true" border="0 1 0" fill="0 1 0" mode="-9"
 points="0.809888 3.54289,
	0.814305 3.537,
	0.908547 3.52817,
	0.911492 3.52522,
	0.917382 3.52375,
	0.920327 3.52375,
	0.923272 3.5208,
	0.935052 3.51639,
	0.940942 3.51491,
	0.952723 3.50755,
	0.976283 3.49724,
	0.999843 3.48105,
	1.01899 3.46043,
	1.03813 3.44276,
	1.04402 3.43687,
	1.06463 3.42067,
	1.07052 3.41478,
	1.07347 3.41478,
	1.08525 3.40595,
	1.10881 3.39711,
	1.1147 3.39858,
	1.12059 3.403,
	1.11912 3.41478,
	1.11765 3.42067,
	1.11765 3.42362,
	1.1147 3.42656,
	1.11028 3.43834,
	1.072 3.48399,
	1.02635 3.51344,
	1.00426 3.52228,
	1.00132 3.52522,
	0.977756 3.53406,
	0.965975 3.53847,
	0.960085 3.53995,
	0.95714 3.53995,
	0.95125 3.54436,
	0.93947 3.54878,
	0.936525 3.54878,
	0.930635 3.5532,
	0.92769 3.5532,
	0.924745 3.55614,
	0.877624 3.5694,
	0.854064 3.57234,
	0.830503 3.56792,
	0.820196 3.56351,
	0.814305 3.55909,
	0.814305 3.55614,
	0.809888 3.55173,
	0.809888 3.54584,
	0.809888 3.54436,
	"/>
<Contour name="d09cfa11" hidden="false" closed="false" simplified="false" border="0 1 1" fill="0 1 1" mode="-9"
 points="1.11551 3.40191,
	1.06545 3.45492,
	1.02275 3.48731,
	0.949119 3.52707,
	0.875493 3.54769,
	0.80923 3.55063,
	"/>
</Transform>

<Transform dim="6"
 xcoef=" -0.279024585570118 1.01540678698988 0.00987068227779629 0 0 0"
 ycoef=" 0.0494804865794811 0.0577960155759383 1.0086833657102 0 0 0">
<Image mag="0.0021709" contrast="0.922" brightness="0.03" red="true" green="true" blue="true"
 src="JPTZX.197.jpg" />
<Contour name="domain1" hidden="false" closed="true" simplified="false" border="1 0 1" fill="1 0 1" mode="11"
 points="0 0,
	4083 0,
	4083 4083,
	0 4083,
	"/>
</Transform>

<Transform dim="0"
 xcoef=" 0 1 0 0 0 0"
 ycoef=" 0 0 1 0 0 0">
<Contour name="d03ax13" hidden="false" closed="true" simplified="true" border="0 1 1" fill="0 1 1" mode="-11"
 points="0.962243 5.79511,
	0.970114 5.77936,
	0.985857 5.76362,
	0.993728 5.75969,
	1.0075 5.74591,
	1.02128 5.73607,
	1.02521 5.73607,
	1.03308 5.73017,
	1.03702 5.72623,
	1.04095 5.72623,
	1.04883 5.72033,
	1.08031 5.70852,
	1.14328 5.71049,
	1.20625 5.71836,
	1.23773 5.7223,
	1.25347 5.72427,
	1.26135 5.72427,
	1.32431 5.74394,
	1.34006 5.75181,
	1.34399 5.75181,
	1.34793 5.75575,
	1.3558 5.75575,
	1.36367 5.76165,
	1.39515 5.77543,
	1.4109 5.78133,
	1.44041 5.80101,
	1.44828 5.80494,
	1.46403 5.81872,
	1.4719 5.82659,
	1.47977 5.84036,
	1.47977 5.87185,
	1.47583 5.88759,
	1.4719 5.89546,
	1.45812 5.90924,
	1.42664 5.92695,
	1.39515 5.92891,
	1.36367 5.92695,
	1.3007 5.90924,
	1.26922 5.90924,
	1.25347 5.90924,
	1.19051 5.92104,
	1.15902 5.92891,
	1.12754 5.93088,
	1.09605 5.92891,
	1.06457 5.91514,
	1.05079 5.9053,
	1.02128 5.87972,
	1.00553 5.86791,
	0.993728 5.85611,
	0.964211 5.82462,
	0.962243 5.80888,
	0.962243 5.80101,
	0.962243 5.79707,
	"/>
</Transform>

<Transform dim="0"
 xcoef=" 0 1 0 0 0 0"
 ycoef=" 0 0 1 0 0 0">
<Contour name="d06ax09" hidden="false" closed="true" simplified="true" border="0 1 1" fill="0 1 1" mode="-11"
 points="2.33432 1.83368,
	2.33834 1.81759,
	2.34839 1.80352,
	2.36448 1.79347,
	2.3685 1.78542,
	2.37252 1.7814,
	2.37855 1.76532,
	2.37252 1.70098,
	2.37051 1.68489,
	2.37654 1.65272,
	2.38257 1.64468,
	2.39866 1.63865,
	2.41474 1.63865,
	2.42279 1.63865,
	2.48512 1.68087,
	2.5012 1.69293,
	2.51527 1.70902,
	2.52935 1.72108,
	2.5394 1.73516,
	2.54342 1.73717,
	2.54342 1.74119,
	2.56353 1.77336,
	2.56353 1.77738,
	2.56755 1.7814,
	2.56956 1.81357,
	2.56554 1.84574,
	2.55549 1.87791,
	2.55348 1.88595,
	2.54342 1.90204,
	2.52935 1.9141,
	2.49919 1.93019,
	2.49316 1.93622,
	2.46099 1.93823,
	2.45295 1.93622,
	2.4449 1.93019,
	2.41273 1.91812,
	2.39665 1.91209,
	2.39263 1.91209,
	2.36046 1.88997,
	2.34638 1.87389,
	2.33633 1.8578,
	2.33432 1.84172,
	2.33432 1.83569,
	"/>
</Transform>

<Transform dim="0"
 xcoef=" 0 1 0 0 0 0"
 ycoef=" 0 0 1 0 0 0">
<Contour name="d09ax08" hidden="false" closed="true" simplified="true" border="0 1 1" fill="0 1 1" mode="-11"
 points="2.40836 3.39846,
	2.41983 3.38508,
	2.42747 3.37743,
	2.44276 3.3717,
	2.44658 3.36788,
	2.50775 3.34876,
	2.56891 3.34685,
	2.5995 3.3545,
	2.61479 3.36023,
	2.62243 3.36214,
	2.62626 3.36597,
	2.64155 3.36979,
	2.65684 3.37935,
	2.66066 3.37935,
	2.68742 3.39846,
	2.718 3.41375,
	2.73329 3.41948,
	2.74859 3.42904,
	2.77917 3.44242,
	2.79446 3.44816,
	2.8021 3.45007,
	2.81548 3.46154,
	2.81931 3.46536,
	2.81931 3.48065,
	2.81357 3.49594,
	2.80019 3.50932,
	2.7849 3.51888,
	2.77726 3.5227,
	2.77343 3.5227,
	2.71609 3.56093,
	2.70271 3.57431,
	2.68551 3.60298,
	2.67786 3.61636,
	2.6664 3.62974,
	2.65875 3.63547,
	2.62817 3.63738,
	2.62052 3.63547,
	2.61479 3.62783,
	2.61479 3.624,
	2.61096 3.62209,
	2.60905 3.6068,
	2.59185 3.57622,
	2.58803 3.57048,
	2.58038 3.56475,
	2.57847 3.56093,
	2.57465 3.56093,
	2.567 3.55328,
	2.53642 3.5399,
	2.50584 3.52079,
	2.48864 3.49021,
	2.47908 3.47492,
	2.47526 3.46727,
	2.46188 3.45771,
	2.45423 3.45198,
	2.44658 3.45007,
	2.41983 3.43095,
	2.41027 3.41566,
	2.40836 3.40037,
	"/>
</Transform>

<Transform dim="0"
 xcoef=" 0 1 0 0 0 0"
 ycoef=" 0 0 1 0 0 0">
<Contour name="d01ax22*" hidden="false" closed="true" simplified="false" border="0.5 0 1" fill="0.5 0 1" mode="-9"
 points="6.77736 4.1281,
	6.76791 4.12495,
	6.77736 4.1218,
	6.77106 4.11234,
	6.78051 4.11865,
	6.78366 4.10919,
	6.78681 4.11865,
	6.79627 4.11234,
	6.78996 4.1218,
	6.79942 4.12495,
	6.78996 4.1281,
	6.79627 4.13756,
	6.78681 4.13125,
	6.78366 4.14071,
	6.78051 4.13125,
	6.77106 4.13756,
	"/>
</Transform>

<Transform dim="0"
 xcoef=" 0 1 0 0 0 0"
 ycoef=" 0 0 1 0 0 0">
<Contour name="d01ax24" hidden="false" closed="true" simplified="true" border="0 1 1" fill="0 1 1" mode="-11"
 points="5.19796 5.19796,
	5.21761 5.17377,
	5.23273 5.14958,
	5.25239 5.12992,
	5.25843 5.12387,
	5.27053 5.11631,
	5.28262 5.11178,
	5.30681 5.10875,
	5.31891 5.11178,
	5.32949 5.12236,
	5.33705 5.13446,
	5.33705 5.13748,
	5.35368 5.16167,
	5.37787 5.1783,
	5.38997 5.18586,
	5.40962 5.20854,
	5.4323 5.22819,
	5.44289 5.24029,
	5.44742 5.24634,
	5.45045 5.25843,
	5.45196 5.28262,
	5.45347 5.29472,
	5.45347 5.30077,
	5.46405 5.32496,
	5.48068 5.34915,
	5.48976 5.36124,
	5.50034 5.38543,
	5.50487 5.39753,
	5.50487 5.42172,
	5.50034 5.43381,
	5.50034 5.43684,
	5.49429 5.44289,
	5.49278 5.45498,
	5.49429 5.46708,
	5.49732 5.47312,
	5.49732 5.49732,
	5.4958 5.50941,
	5.48824 5.52151,
	5.47615 5.53058,
	5.46405 5.53662,
	5.43986 5.53814,
	5.39148 5.53058,
	5.37939 5.53058,
	5.3552 5.51697,
	5.331 5.49883,
	5.30681 5.48371,
	5.29472 5.47615,
	5.28262 5.46556,
	5.26599 5.44137,
	5.26146 5.42928,
	5.24634 5.40509,
	5.24029 5.39299,
	5.23727 5.3809,
	5.23424 5.37485,
	5.23424 5.35066,
	5.23424 5.34461,
	5.24029 5.33252,
	5.24936 5.32042,
	5.25239 5.31437,
	5.25239 5.30228,
	5.24785 5.29018,
	5.22819 5.26599,
	5.22517 5.25994,
	5.22366 5.24785,
	5.21156 5.23878,
	5.20552 5.23424,
	5.20098 5.22215,
	5.19796 5.2161,
	5.19796 5.204,
	5.19796 5.19947,
	"/>
</Transform>

<Transform dim="0"
 xcoef=" 0 1 0 0 0 0"
 ycoef=" 0 0 1 0 0 0">
<Contour name="d03ax18" hidden="false" closed="true" simplified="true" border="0 1 1" fill="0 1 1" mode="-11"
 points="1.56968 3.85879,
	1.57272 3.83446,
	1.57576 3.82229,
	1.58185 3.81012,
	1.59249 3.79947,
	1.60466 3.79187,
	1.61531 3.78883,
	1.62139 3.78578,
	1.64573 3.78578,
	1.6579 3.78578,
	1.68223 3.79339,
	1.68832 3.79491,
	1.71265 3.8086,
	1.72482 3.81316,
	1.74916 3.81316,
	1.76132 3.81468,
	1.77349 3.81925,
	1.77958 3.82229,
	1.78262 3.82229,
	1.80543 3.83902,
	1.81608 3.84967,
	1.81608 3.85271,
	1.82064 3.85879,
	1.84042 3.90746,
	1.84194 3.91963,
	1.84042 3.94397,
	1.83129 3.9683,
	1.82673 3.98047,
	1.8176 3.99264,
	1.80543 4.00329,
	1.79327 4.01089,
	1.78718 4.01546,
	1.76285 4.02458,
	1.71417 4.0261,
	1.70201 4.02458,
	1.69592 4.02154,
	1.69288 4.02154,
	1.67006 4.00329,
	1.629 3.95918,
	1.60618 3.93636,
	1.58641 3.91355,
	1.58033 3.90138,
	1.5788 3.8953,
	1.57576 3.89225,
	1.5712 3.86792,
	1.56968 3.86183,
	1.56968 3.86031,
	"/>
</Transform>

<Transform dim="0"
 xcoef=" 0 1 0 0 0 0"
 ycoef=" 0 0 1 0 0 0">
<Contour name="d06ax11" hidden="false" closed="true" simplified="true" border="0 1 1" fill="0 1 1" mode="-11"
 points="2.87795 0.270497,
	2.88143 0.26121,
	2.88259 0.256566,
	2.89072 0.247278,
	2.9093 0.233347,
	2.92787 0.222899,
	2.94528 0.207807,
	2.96386 0.196197,
	2.98243 0.18691,
	3.00101 0.179944,
	3.01958 0.179944,
	3.03816 0.182266,
	3.04745 0.184588,
	3.0846 0.203163,
	3.10317 0.215933,
	3.14032 0.235669,
	3.21462 0.264692,
	3.28892 0.290233,
	3.30749 0.294877,
	3.31678 0.298359,
	3.32143 0.298359,
	3.35858 0.312291,
	3.39573 0.334348,
	3.43288 0.351762,
	3.45145 0.355245,
	3.4886 0.356406,
	3.50717 0.357567,
	3.52575 0.362211,
	3.53039 0.362211,
	3.53968 0.365694,
	3.55826 0.377303,
	3.57683 0.391234,
	3.6105 0.424901,
	3.61514 0.434188,
	3.61979 0.452763,
	3.62095 0.489913,
	3.61746 0.527063,
	3.61862 0.564213,
	3.61862 0.582788,
	3.6163 0.601363,
	3.60702 0.619938,
	3.5896 0.63503,
	3.57103 0.646639,
	3.56174 0.653605,
	3.54316 0.661731,
	3.53388 0.664053,
	3.49673 0.679145,
	3.47815 0.687272,
	3.441 0.696559,
	3.42243 0.700042,
	3.34813 0.69772,
	3.32955 0.700042,
	3.32026 0.701203,
	3.30169 0.707007,
	3.2924 0.711651,
	3.27383 0.716295,
	3.26454 0.718617,
	3.24597 0.718617,
	3.23668 0.718617,
	3.22739 0.715134,
	3.21926 0.707007,
	3.21926 0.69772,
	3.22507 0.688433,
	3.22855 0.683789,
	3.23087 0.681467,
	3.23203 0.67218,
	3.22855 0.662892,
	3.22507 0.658248,
	3.20649 0.648961,
	3.20185 0.645478,
	3.18327 0.637352,
	3.14613 0.615294,
	3.12755 0.601363,
	3.0904 0.579305,
	3.07183 0.572339,
	3.06254 0.568857,
	3.05325 0.563052,
	3.04629 0.553764,
	3.04396 0.549121,
	3.0428 0.539833,
	3.0428 0.53519,
	3.03816 0.525902,
	3.01958 0.513132,
	3.00449 0.495718,
	2.99288 0.477143,
	2.97779 0.459729,
	2.9685 0.441154,
	2.94993 0.426062,
	2.9418 0.407487,
	2.93135 0.388912,
	2.92903 0.384268,
	2.92439 0.379625,
	2.91162 0.36105,
	2.89072 0.3239,
	2.88143 0.305325,
	2.87795 0.296038,
	2.87795 0.277463,
	2.87795 0.272819,
	2.87795 0.271658,
	"/>
</Transform>

<Transform dim="0"
 xcoef=" 0 1 0 0 0 0"
 ycoef=" 0 0 1 0 0 0">
<Contour name="d06ax11ssvr" hidden="false" closed="true" simplified="false" border="0 1 0" fill="0 1 0" mode="11"
 points="3.56806 0.481198,
	3.55794 0.471079,
	3.56806 0.46096,
	3.57818 0.471079,
	"/>
</Transform>

<Transform dim="0"
 xcoef=" 0 1 0 0 0 0"
 ycoef=" 0 0 1 0 0 0">
<Contour name="d01ax22" hidden="false" closed="true" simplified="true" border="1 0 0.502" fill="1 0 0.5" mode="-11"
 points="5.90279 4.35112,
	5.90883 4.33502,
	5.93701 4.30483,
	5.93701 4.30081,
	5.95311 4.28672,
	5.96116 4.28068,
	5.96518 4.27666,
	5.99738 4.27062,
	6.02958 4.25854,
	6.03763 4.25452,
	6.06984 4.25049,
	6.08594 4.24446,
	6.11814 4.23842,
	6.18254 4.22031,
	6.21474 4.21829,
	6.27914 4.22433,
	6.40794 4.21829,
	6.44014 4.21427,
	6.44819 4.21427,
	6.46429 4.20823,
	6.49649 4.20622,
	6.5287 4.19616,
	6.5448 4.19616,
	6.6092 4.17804,
	6.6414 4.16798,
	6.6736 4.15188,
	6.68165 4.14987,
	6.71385 4.12572,
	6.74404 4.09553,
	6.7702 4.06333,
	6.78429 4.04924,
	6.79234 4.0432,
	6.82454 4.03515,
	6.85674 4.03515,
	6.87284 4.03515,
	6.88894 4.03918,
	6.89699 4.04119,
	6.90102 4.04522,
	6.96542 4.03918,
	6.99762 4.03515,
	7.06202 4.04119,
	7.07611 4.05729,
	7.08617 4.07339,
	7.08617 4.08949,
	7.09221 4.10559,
	7.11435 4.13779,
	7.12843 4.15389,
	7.13246 4.16194,
	7.14856 4.16999,
	7.15661 4.17402,
	7.17271 4.19012,
	7.18479 4.20622,
	7.18277 4.22232,
	7.18277 4.23037,
	7.16466 4.26257,
	7.13648 4.29477,
	7.10428 4.32295,
	7.08818 4.33703,
	7.05598 4.35515,
	7.03988 4.35716,
	7.02378 4.3632,
	6.95938 4.36722,
	6.94328 4.36923,
	6.87888 4.3632,
	6.75008 4.36521,
	6.71787 4.3632,
	6.68567 4.35313,
	6.66957 4.3471,
	6.63737 4.34307,
	6.62127 4.34106,
	6.55687 4.35917,
	6.52467 4.36923,
	6.50857 4.3793,
	6.47637 4.39137,
	6.44417 4.39741,
	6.42807 4.3954,
	6.41197 4.38936,
	6.37977 4.38735,
	6.34757 4.38936,
	6.31537 4.39741,
	6.28316 4.40949,
	6.21876 4.4115,
	6.18656 4.40949,
	6.17046 4.40747,
	6.15436 4.41351,
	6.12216 4.41754,
	6.05776 4.41552,
	5.99336 4.40949,
	5.97726 4.40546,
	5.96921 4.40345,
	5.95311 4.39137,
	5.94908 4.38735,
	5.93298 4.38735,
	5.91688 4.38332,
	5.90883 4.37527,
	5.90481 4.37125,
	5.90279 4.35515,
	5.90279 4.35313,
	"/>
</Transform>

<Transform dim="0"
 xcoef=" 0 1 0 0 0 0"
 ycoef=" 0 0 1 0 0 0">
<Contour name="d09ax09" hidden="false" closed="true" simplified="true" border="0 1 1" fill="0 1 1" mode="-11"
 points="1.79424 4.19379,
	1.79766 4.17551,
	1.80337 4.15724,
	1.80337 4.15267,
	1.81251 4.1344,
	1.81479 4.13211,
	1.81594 4.12754,
	1.81936 4.12298,
	1.82051 4.11841,
	1.83193 4.10013,
	1.83764 4.09214,
	1.85477 4.07501,
	1.86276 4.06816,
	1.87989 4.05102,
	1.88675 4.04531,
	1.89588 4.03846,
	1.91302 4.02133,
	1.929 4.00762,
	1.94728 3.99506,
	1.95185 3.99392,
	1.95642 3.99049,
	1.9587 3.99049,
	1.96098 3.98821,
	1.96555 3.98707,
	1.98268 3.97565,
	1.99182 3.96994,
	1.9941 3.96765,
	1.99639 3.96765,
	2.00553 3.95966,
	2.0238 3.94824,
	2.03179 3.94367,
	2.03636 3.94138,
	2.03865 3.9391,
	2.04778 3.93567,
	2.05235 3.93453,
	2.05464 3.93453,
	2.0592 3.9311,
	2.07748 3.92654,
	2.11402 3.92425,
	2.15057 3.92425,
	2.18712 3.92996,
	2.19626 3.92996,
	2.21453 3.93681,
	2.22252 3.94138,
	2.22481 3.94138,
	2.2408 3.95395,
	2.25564 3.96994,
	2.27963 4.0042,
	2.28991 4.02133,
	2.29333 4.03047,
	2.29219 4.04874,
	2.28648 4.05788,
	2.26935 4.07501,
	2.26136 4.08072,
	2.25793 4.08414,
	2.25336 4.08529,
	2.24651 4.091,
	2.23851 4.09899,
	2.23395 4.10128,
	2.21567 4.11727,
	2.20653 4.12412,
	2.20197 4.1264,
	2.19968 4.12869,
	2.1974 4.12869,
	2.17912 4.14011,
	2.16085 4.14924,
	2.14258 4.16067,
	2.13801 4.16181,
	2.13458 4.16638,
	2.11631 4.17665,
	2.09804 4.18922,
	2.09347 4.19379,
	2.09004 4.19607,
	2.08319 4.20407,
	2.07405 4.21206,
	2.03865 4.23376,
	2.02037 4.24632,
	2.00438 4.25774,
	1.98725 4.27488,
	1.9804 4.28173,
	1.96213 4.29201,
	1.95299 4.29543,
	1.93472 4.29658,
	1.91644 4.29543,
	1.9073 4.29543,
	1.90274 4.29315,
	1.86619 4.28744,
	1.84792 4.28173,
	1.84335 4.28059,
	1.84106 4.28059,
	1.83878 4.2783,
	1.82964 4.27488,
	1.82051 4.26916,
	1.81251 4.26003,
	1.80908 4.25546,
	1.80109 4.23719,
	1.79538 4.21891,
	1.79424 4.20064,
	1.79424 4.19607,
	1.79424 4.19493,
	"/>
</Transform>

</Section>