<?xml version="1.0"?>
<!DOCTYPE Section SYSTEM "section.dtd">

<Section index="187" thickness="0.0471499" alignLocked="true">
<Transform dim="0"
 xcoef=" 0 1 0 0 0 0"
 ycoef=" 0 0 1 0 0 0">
<Contour name="mito9" hidden="false" closed="false" simplified="true" border="1 0.5 0" fill="1 0.5 0" mode="13"
 points="1.96472 4.33176,
	1.92923 4.10242,
	"/>
</Transform>

<Transform dim="0"
 xcoef=" 0 1 0 0 0 0"
 ycoef=" 0 0 1 0 0 0">
<Contour name="d09" hidden="false" closed="true" simplified="true" border="0 1 0" fill="0 1 0" mode="-11"
 points="7.24746 3.80786,
	7.25791 3.78696,
	7.26835 3.77651,
	7.2788 3.77129,
	7.28403 3.76607,
	7.29447 3.76346,
	7.2997 3.75823,
	7.38327 3.7295,
	7.40416 3.73212,
	7.41461 3.73212,
	7.43289 3.74517,
	7.45379 3.75301,
	7.46423 3.76084,
	7.47468 3.76346,
	7.51647 3.78696,
	7.53736 3.80002,
	7.55825 3.80786,
	7.60004 3.83658,
	7.63138 3.87315,
	7.63399 3.88359,
	7.64183 3.89404,
	7.64444 3.90449,
	7.65227 3.91493,
	7.66011 3.93583,
	7.66011 3.95672,
	7.65489 3.96717,
	7.63399 3.975,
	7.59221 3.97239,
	7.55042 3.96456,
	7.52952 3.95672,
	7.5243 3.95672,
	7.51908 3.9515,
	7.43812 3.92016,
	7.39633 3.9071,
	7.31275 3.9071,
	7.29186 3.89665,
	7.27358 3.88098,
	7.26313 3.87315,
	7.24746 3.83136,
	7.24746 3.81047,
	"/>
</Transform>

<Transform dim="0"
 xcoef=" 0 1 0 0 0 0"
 ycoef=" 0 0 1 0 0 0">
<Contour name="d09" hidden="false" closed="true" simplified="true" border="0 1 0" fill="0 1 0" mode="-11"
 points="7.12732 4.00373,
	7.14038 3.98284,
	7.14822 3.97239,
	7.15866 3.96717,
	7.20045 3.98545,
	7.21873 4.00373,
	7.26052 4.01679,
	7.2788 4.02985,
	7.28925 4.05074,
	7.30492 4.07164,
	7.32581 4.08208,
	7.33365 4.08992,
	7.33626 4.11081,
	7.32581 4.13171,
	7.30492 4.13954,
	7.28403 4.13954,
	7.24224 4.11081,
	7.20306 4.07686,
	7.18478 4.05858,
	7.14299 4.03507,
	7.13255 4.02985,
	7.12732 4.0194,
	7.12732 4.00896,
	7.12732 4.00634,
	"/>
</Transform>

<Transform dim="0"
 xcoef=" 0 1 0 0 0 0"
 ycoef=" 0 0 1 0 0 0">
<Contour name="d09" hidden="false" closed="true" simplified="true" border="0 1 0" fill="0 1 0" mode="-11"
 points="7.80114 4.09514,
	7.81942 4.08208,
	7.84032 4.07425,
	7.85076 4.07425,
	7.87166 4.06641,
	7.95523 4.04813,
	7.96568 4.05074,
	7.97612 4.07164,
	7.97612 4.09253,
	7.96829 4.10037,
	7.9474 4.10559,
	7.9265 4.11604,
	7.88472 4.12648,
	7.86382 4.13171,
	7.82203 4.12909,
	7.81159 4.12648,
	7.80375 4.11604,
	7.80114 4.09775,
	"/>
<Contour name="d09" hidden="false" closed="true" simplified="true" border="0 1 0" fill="0 1 0" mode="-11"
 points="7.39894 4.21267,
	7.40677 4.20222,
	7.41722 4.197,
	7.41983 4.19177,
	7.43028 4.19177,
	7.4355 4.19177,
	7.4564 4.21006,
	7.46946 4.22834,
	7.50863 4.26751,
	7.52952 4.27796,
	7.55042 4.28318,
	7.56086 4.28318,
	7.57654 4.30147,
	7.57915 4.31191,
	7.58698 4.32236,
	7.62877 4.34587,
	7.63922 4.3537,
	7.64966 4.37459,
	7.65227 4.39549,
	7.64183 4.41638,
	7.62093 4.43205,
	7.57915 4.42944,
	7.56609 4.41116,
	7.55564 4.40071,
	7.54519 4.39549,
	7.53997 4.39026,
	7.53475 4.39026,
	7.52952 4.38504,
	7.5243 4.38504,
	7.48774 4.35631,
	7.46684 4.34064,
	7.45901 4.33019,
	7.45117 4.3093,
	7.43812 4.28841,
	7.4355 4.27796,
	7.40677 4.23879,
	7.39894 4.21789,
	7.39894 4.21528,
	"/>
</Transform>

<Transform dim="0"
 xcoef=" 0 1 0 0 0 0"
 ycoef=" 0 0 1 0 0 0">
<Contour name="d09" hidden="false" closed="true" simplified="true" border="0 1 0" fill="0 1 0" mode="-11"
 points="4.41899 4.11865,
	4.43989 4.1082,
	4.52346 4.09253,
	4.54435 4.08731,
	4.58614 4.08992,
	4.62793 4.10298,
	4.64882 4.11081,
	4.65666 4.11604,
	4.66188 4.11604,
	4.68277 4.12909,
	4.688 4.13432,
	4.72978 4.14215,
	4.75068 4.14738,
	4.77157 4.16043,
	4.79247 4.16305,
	4.83425 4.15521,
	4.87604 4.15521,
	4.91783 4.16043,
	4.93872 4.16305,
	4.94917 4.16043,
	4.95439 4.15782,
	4.957 4.16305,
	4.95439 4.16827,
	4.96223 4.17872,
	4.96484 4.18394,
	4.957 4.20483,
	4.92305 4.23356,
	4.90216 4.24923,
	4.89171 4.25184,
	4.88126 4.25968,
	4.86037 4.26751,
	4.81858 4.27274,
	4.73501 4.27535,
	4.65143 4.27013,
	4.56786 4.25446,
	4.54697 4.24662,
	4.54174 4.2414,
	4.52085 4.23356,
	4.48167 4.20745,
	4.46078 4.19439,
	4.43989 4.17349,
	4.42683 4.1526,
	4.41899 4.13171,
	4.41899 4.12126,
	"/>
<Contour name="d09" hidden="false" closed="true" simplified="true" border="0 1 0" fill="0 1 0" mode="-11"
 points="6.1166 4.32497,
	6.12182 4.30408,
	6.12443 4.29363,
	6.12965 4.28841,
	6.14271 4.24662,
	6.15316 4.22573,
	6.16883 4.20745,
	6.20801 4.18394,
	6.24979 4.15521,
	6.27069 4.13954,
	6.27591 4.13954,
	6.28113 4.13432,
	6.30203 4.12648,
	6.30725 4.12126,
	6.31247 4.12126,
	6.33337 4.1082,
	6.33859 4.10298,
	6.34381 4.10298,
	6.36471 4.08992,
	6.38299 4.07164,
	6.39344 4.06641,
	6.47701 4.05074,
	6.5188 4.04291,
	6.60237 4.03507,
	6.64416 4.03507,
	6.66505 4.03246,
	6.68595 4.02463,
	6.72773 4.0194,
	6.73818 4.0194,
	6.74863 4.01418,
	6.76952 4.01157,
	6.77474 4.00896,
	6.78519 4.01418,
	6.79564 4.01418,
	6.80608 4.0194,
	6.82698 4.02201,
	6.83742 4.02463,
	6.84265 4.02985,
	6.84787 4.02985,
	6.85309 4.03507,
	6.85832 4.03507,
	6.87399 4.05074,
	6.88444 4.05335,
	6.90533 4.06903,
	6.91578 4.07947,
	6.921 4.08992,
	6.93145 4.09775,
	6.94189 4.10037,
	6.96279 4.11342,
	6.97323 4.12126,
	6.97846 4.12126,
	6.98368 4.12648,
	6.9889 4.12648,
	7.0098 4.13954,
	7.03069 4.14738,
	7.05158 4.16043,
	7.06203 4.16566,
	7.0777 4.18394,
	7.08554 4.19439,
	7.09337 4.23617,
	7.07509 4.25446,
	7.06464 4.27535,
	7.03069 4.31452,
	7.02286 4.31975,
	6.99151 4.35892,
	6.98368 4.36937,
	6.9889 4.41116,
	6.99151 4.43205,
	6.99151 4.43727,
	6.99674 4.4425,
	7.00457 4.46339,
	7.00719 4.48429,
	7.00719 4.49473,
	6.97846 4.5313,
	6.96279 4.57308,
	6.95756 4.58353,
	6.96017 4.60442,
	6.99413 4.64099,
	7.02286 4.68016,
	7.02547 4.69061,
	7.02024 4.7115,
	7.0098 4.7324,
	6.99413 4.75068,
	6.98368 4.79247,
	6.97846 4.83425,
	6.97846 4.8447,
	6.97062 4.86559,
	6.96801 4.88649,
	6.96017 4.89693,
	6.96017 4.90216,
	6.94712 4.92305,
	6.9445 4.96484,
	6.94973 4.97528,
	6.94973 4.99618,
	6.94189 5.01446,
	6.921 5.03535,
	6.90011 5.03013,
	6.88966 5.02491,
	6.87399 5.00662,
	6.85309 4.98834,
	6.81914 4.957,
	6.79564 4.91522,
	6.7878 4.89432,
	6.74863 4.86037,
	6.72773 4.84731,
	6.70684 4.83948,
	6.68856 4.82119,
	6.67811 4.81075,
	6.66244 4.79769,
	6.65199 4.79247,
	6.64677 4.78202,
	6.60498 4.7559,
	6.59454 4.75329,
	6.58931 4.74807,
	6.54753 4.73501,
	6.52663 4.73501,
	6.50574 4.72978,
	6.50052 4.72978,
	6.49529 4.72456,
	6.4744 4.71934,
	6.45351 4.70889,
	6.44306 4.70106,
	6.43783 4.69061,
	6.43261 4.68539,
	6.42739 4.66449,
	6.41433 4.6436,
	6.40649 4.63838,
	6.38821 4.62009,
	6.37777 4.61226,
	6.35687 4.60442,
	6.34643 4.5992,
	6.3412 4.5992,
	6.33598 4.59398,
	6.29419 4.58614,
	6.2733 4.58092,
	6.23151 4.56002,
	6.21062 4.54958,
	6.20278 4.54174,
	6.19234 4.53913,
	6.17405 4.52346,
	6.16361 4.51563,
	6.15577 4.49473,
	6.15577 4.47384,
	6.16099 4.45294,
	6.15838 4.41116,
	6.14794 4.39026,
	6.12965 4.36937,
	6.11921 4.34848,
	6.1166 4.32758,
	"/>
</Transform>

<Transform dim="0"
 xcoef=" 0 1 0 0 0 0"
 ycoef=" 0 0 1 0 0 0">
<Contour name="d09c49" hidden="false" closed="true" simplified="true" border="0 0.502 1" fill="0 0.502 1" mode="-9"
 points="4.39888 4.14318,
	4.40465 4.1278,
	4.4085 4.12011,
	4.41619 4.11434,
	4.43157 4.11819,
	4.43541 4.12203,
	4.44695 4.15279,
	4.45079 4.15472,
	4.45656 4.1701,
	4.48732 4.19509,
	4.5027 4.20663,
	4.51232 4.22008,
	4.51424 4.23546,
	4.50847 4.24316,
	4.49309 4.24508,
	4.47771 4.24316,
	4.47002 4.24316,
	4.46233 4.23931,
	4.45849 4.23931,
	4.44503 4.22777,
	4.43157 4.21239,
	4.42003 4.20086,
	4.41619 4.19317,
	4.41619 4.18932,
	4.40273 4.17394,
	4.39888 4.16625,
	4.39888 4.15087,
	4.39888 4.1451,
	"/>
<Contour name="d09cfa49" hidden="false" closed="false" simplified="false" border="0 1 1" fill="0 1 1" mode="9"
 points="4.51331 4.22629,
	4.49024 4.21668,
	4.46525 4.19745,
	4.43833 4.17631,
	4.41718 4.13978,
	4.41526 4.11478,
	"/>
</Transform>

<Transform dim="0"
 xcoef=" 0 1 0 0 0 0"
 ycoef=" 0 0 1 0 0 0">
<Contour name="d09c50" hidden="false" closed="true" simplified="true" border="0 0.502 1" fill="0 0.502 1" mode="-9"
 points="6.93286 4.91798,
	6.94247 4.88722,
	6.94824 4.85646,
	6.95785 4.8257,
	6.97131 4.79494,
	6.97323 4.78725,
	6.97323 4.7834,
	6.97708 4.77956,
	6.97708 4.77571,
	6.98092 4.77187,
	6.99438 4.74111,
	7.00207 4.72572,
	7.01553 4.71611,
	7.01937 4.71611,
	7.02322 4.71227,
	7.03091 4.71419,
	7.03668 4.71996,
	7.0386 4.75072,
	7.03668 4.78148,
	7.03091 4.81224,
	7.02514 4.82762,
	7.01937 4.85838,
	7.01553 4.87376,
	7.00207 4.90453,
	6.99823 4.90837,
	6.98669 4.93913,
	6.979 4.95451,
	6.96554 4.96605,
	6.95016 4.96413,
	6.94247 4.96413,
	6.93286 4.94875,
	6.93286 4.91991,
	"/>
<Contour name="d09cfa50" hidden="false" closed="false" simplified="false" border="0 1 1" fill="0 1 1" mode="9"
 points="6.94731 4.96265,
	6.94731 4.93381,
	6.955 4.91074,
	6.96846 4.87805,
	6.97615 4.83575,
	6.98191 4.79538,
	6.99922 4.75308,
	7.02037 4.71848,
	"/>
</Transform>

<Transform dim="0"
 xcoef=" 0 1 0 0 0 0"
 ycoef=" 0 0 1 0 0 0">
<Contour name="d09p50dia" hidden="false" closed="false" simplified="true" border="0 1 1" fill="0 1 1" mode="-9"
 points="6.89732 5.03378,
	7.01075 4.68002,
	"/>
</Transform>

<Transform dim="0"
 xcoef=" 0 1 0 0 0 0"
 ycoef=" 0 0 1 0 0 0">
<Contour name="d01" hidden="false" closed="true" simplified="true" border="1 1 0" fill="1 0.5 0" mode="11"
 points="1.05623 4.95946,
	1.05995 4.94459,
	1.07483 4.91483,
	1.09343 4.88508,
	1.099 4.85533,
	1.10086 4.84789,
	1.13062 4.83115,
	1.16037 4.82186,
	1.17525 4.81814,
	1.23475 4.79024,
	1.24963 4.78466,
	1.26451 4.77537,
	1.27938 4.76235,
	1.28682 4.75491,
	1.34633 4.72888,
	1.37608 4.71586,
	1.39096 4.70842,
	1.39839 4.7047,
	1.41327 4.7047,
	1.42071 4.7047,
	1.45046 4.68797,
	1.48021 4.67495,
	1.50997 4.66565,
	1.51741 4.66379,
	1.53228 4.65078,
	1.53972 4.6452,
	1.54344 4.64148,
	1.60295 4.65078,
	1.66245 4.65264,
	1.69221 4.65821,
	1.70708 4.66193,
	1.73684 4.67495,
	1.75171 4.68239,
	1.78146 4.7047,
	1.83539 4.76421,
	1.85399 4.79396,
	1.85771 4.8014,
	1.88746 4.82743,
	1.90048 4.84231,
	1.90977 4.85719,
	1.91349 4.87206,
	1.91535 4.87578,
	1.90234 4.8888,
	1.87444 4.9074,
	1.867 4.92227,
	1.86329 4.92971,
	1.85585 4.93529,
	1.82609 4.94273,
	1.79634 4.95389,
	1.73684 4.99851,
	1.67733 5.00967,
	1.64758 5.01153,
	1.64014 5.01153,
	1.61038 5.02641,
	1.49137 5.05802,
	1.43187 5.0729,
	1.37236 5.08034,
	1.34261 5.07662,
	1.31285 5.0636,
	1.25335 5.045,
	1.19384 5.02269,
	1.13434 5.00781,
	1.10458 5.00037,
	1.07483 4.97992,
	1.05995 4.96504,
	1.05623 4.96132,
	"/>
</Transform>

<Transform dim="0"
 xcoef=" 0 1 0 0 0 0"
 ycoef=" 0 0 1 0 0 0">
<Contour name="d02" hidden="false" closed="true" simplified="true" border="0.502 0 1" fill="1 0.5 0" mode="11"
 points="2.83183 2.34882,
	2.84654 2.32921,
	2.86615 2.3194,
	2.87596 2.3145,
	2.90293 2.27527,
	2.91519 2.25811,
	2.9348 2.25566,
	2.95442 2.25811,
	2.96177 2.25566,
	2.96913 2.21643,
	2.98874 2.21398,
	3.00836 2.22133,
	3.02552 2.20907,
	3.03778 2.18946,
	3.05739 2.17229,
	3.07701 2.16739,
	3.11624 2.14533,
	3.15547 2.16984,
	3.17508 2.1772,
	3.21431 2.1821,
	3.25354 2.19191,
	3.27315 2.19926,
	3.28296 2.20662,
	3.30503 2.24585,
	3.32219 2.25811,
	3.32709 2.27772,
	3.32954 2.35618,
	3.33935 2.37579,
	3.34426 2.3856,
	3.34671 2.39051,
	3.32464 2.42973,
	3.31729 2.44935,
	3.31238 2.45916,
	3.27315 2.48858,
	3.23392 2.51309,
	3.22412 2.52045,
	3.14566 2.518,
	3.10643 2.5229,
	3.09662 2.5229,
	3.07701 2.50819,
	3.03778 2.50329,
	2.99855 2.49103,
	2.92009 2.45916,
	2.88087 2.4518,
	2.87596 2.4518,
	2.8588 2.41257,
	2.84409 2.39296,
	2.83183 2.35373,
	2.83183 2.35128,
	"/>
</Transform>

<Transform dim="0"
 xcoef=" 0 1 0 0 0 0"
 ycoef=" 0 0 1 0 0 0">
<Contour name="d03" hidden="false" closed="true" simplified="true" border="1 0 0.502" fill="1 0.5 0" mode="11"
 points="0.44072 4.31691,
	0.44502 4.28251,
	0.455769 4.26531,
	0.490167 4.23091,
	0.496617 4.22447,
	0.496617 4.22017,
	0.503066 4.21157,
	0.503066 4.17717,
	0.503066 4.15997,
	0.515965 4.12557,
	0.522415 4.10837,
	0.522415 4.10407,
	0.531014 4.09547,
	0.548213 4.08902,
	0.563262 4.07827,
	0.576161 4.06323,
	0.59121 4.05248,
	0.59981 4.04818,
	0.601959 4.04388,
	0.619158 4.03743,
	0.636357 4.02453,
	0.653556 4.01593,
	0.662155 4.00733,
	0.666455 3.99013,
	0.675054 3.98153,
	0.692253 3.97723,
	0.700853 3.97723,
	0.709452 3.97293,
	0.715902 3.96433,
	0.718052 3.95573,
	0.722351 3.95143,
	0.722351 3.94713,
	0.730951 3.93853,
	0.74815 3.93208,
	0.769648 3.90199,
	0.782547 3.88909,
	0.795446 3.87189,
	0.801896 3.86329,
	0.806196 3.86329,
	0.821245 3.85254,
	0.855642 3.84609,
	0.864242 3.84394,
	0.868541 3.84394,
	0.88574 3.83319,
	0.954536 3.83534,
	0.971734 3.83749,
	0.988933 3.84394,
	1.05773 3.84394,
	1.07493 3.84609,
	1.14372 3.83104,
	1.17812 3.82244,
	1.18672 3.81814,
	1.22112 3.81599,
	1.23832 3.81599,
	1.25552 3.82029,
	1.25982 3.82029,
	1.26411 3.82459,
	1.27271 3.82674,
	1.28991 3.83749,
	1.30496 3.85469,
	1.31571 3.87189,
	1.32646 3.90629,
	1.33291 3.92349,
	1.33721 3.93208,
	1.33721 3.94928,
	1.31571 3.98368,
	1.31141 4.01808,
	1.30711 4.02238,
	1.30711 4.02668,
	1.30066 4.03313,
	1.29636 4.05033,
	1.30066 4.06753,
	1.30926 4.08472,
	1.31571 4.09332,
	1.33291 4.09977,
	1.34151 4.10407,
	1.34581 4.11267,
	1.34581 4.14707,
	1.33936 4.16427,
	1.33506 4.17287,
	1.33721 4.18147,
	1.34366 4.18792,
	1.34581 4.19652,
	1.34366 4.20512,
	1.32646 4.21372,
	1.31786 4.21587,
	1.30926 4.22232,
	1.27486 4.23521,
	1.26626 4.23521,
	1.24907 4.24381,
	1.24477 4.24811,
	1.22757 4.24596,
	1.21897 4.24596,
	1.21037 4.25026,
	1.17597 4.25026,
	1.15877 4.25241,
	1.14587 4.26316,
	1.13297 4.27821,
	1.11577 4.29541,
	1.08353 4.31906,
	1.06633 4.33196,
	1.05773 4.34056,
	1.05343 4.34486,
	1.01903 4.35776,
	1.01043 4.35776,
	0.993233 4.36421,
	0.984634 4.36421,
	0.967435 4.37066,
	0.958835 4.37066,
	0.924438 4.3814,
	0.89004 4.38785,
	0.855642 4.39,
	0.821245 4.4029,
	0.786847 4.40075,
	0.778248 4.39645,
	0.709452 4.3943,
	0.675054 4.39215,
	0.657856 4.39,
	0.649256 4.39,
	0.580461 4.36636,
	0.546063 4.35561,
	0.528864 4.34916,
	0.520265 4.34486,
	0.511665 4.34486,
	0.494467 4.33841,
	0.485867 4.33411,
	0.45147 4.33196,
	0.44717 4.33196,
	0.44072 4.32336,
	0.44072 4.31906,
	"/>
</Transform>

<Transform dim="0"
 xcoef=" 0 1 0 0 0 0"
 ycoef=" 0 0 1 0 0 0">
<Contour name="d03" hidden="false" closed="true" simplified="true" border="1 0 0.502" fill="1 0.5 0" mode="11"
 points="0.524565 5.2564,
	0.537464 5.2435,
	0.554663 5.24135,
	0.558962 5.24135,
	0.567562 5.23275,
	0.584761 5.2306,
	0.601959 5.22415,
	0.610559 5.2177,
	0.627758 5.21125,
	0.636357 5.2091,
	0.640657 5.2091,
	0.644957 5.2048,
	0.662155 5.2048,
	0.679354 5.2091,
	0.687954 5.21125,
	0.705152 5.2091,
	0.713752 5.21125,
	0.746 5.2349,
	0.761049 5.24995,
	0.758899 5.26714,
	0.754599 5.27144,
	0.7374 5.27574,
	0.703003 5.27574,
	0.685804 5.28219,
	0.677204 5.28434,
	0.675054 5.28864,
	0.657856 5.29509,
	0.649256 5.29939,
	0.644957 5.30369,
	0.640657 5.30369,
	0.636357 5.30799,
	0.619158 5.31229,
	0.584761 5.31014,
	0.580461 5.31014,
	0.563262 5.29724,
	0.528864 5.28434,
	0.524565 5.28004,
	0.524565 5.26285,
	0.524565 5.25855,
	"/>
</Transform>

<Transform dim="0"
 xcoef=" 0 1 0 0 0 0"
 ycoef=" 0 0 1 0 0 0">
<Contour name="d04" hidden="false" closed="true" simplified="true" border="1 0 0" fill="1 0.5 0" mode="11"
 points="2.18023 3.18715,
	2.18239 3.1785,
	2.19535 3.16338,
	2.21264 3.16338,
	2.24721 3.16986,
	2.2645 3.16986,
	2.27314 3.16986,
	2.28826 3.16338,
	2.30555 3.16554,
	2.30987 3.16986,
	2.31419 3.16986,
	2.32284 3.17634,
	2.35741 3.18499,
	2.36605 3.18931,
	2.40062 3.18931,
	2.41791 3.18931,
	2.42655 3.18931,
	2.44384 3.19579,
	2.44816 3.19579,
	2.46545 3.21092,
	2.46545 3.2282,
	2.46545 3.23685,
	2.45897 3.24549,
	2.45897 3.24981,
	2.44384 3.26061,
	2.40927 3.26061,
	2.39198 3.25845,
	2.3747 3.25197,
	2.36605 3.25197,
	2.34877 3.24549,
	2.31419 3.24549,
	2.27962 3.23901,
	2.27098 3.23901,
	2.23641 3.22604,
	2.20183 3.22604,
	2.19319 3.22388,
	2.18455 3.2174,
	2.18023 3.20876,
	2.18023 3.19147,
	2.18023 3.18931,
	"/>
</Transform>

<Transform dim="0"
 xcoef=" 0 1 0 0 0 0"
 ycoef=" 0 0 1 0 0 0">
<Contour name="d04" hidden="false" closed="true" simplified="true" border="1 0 0" fill="1 0.5 0" mode="11"
 points="1.77616 3.89589,
	1.78913 3.86131,
	1.79561 3.84403,
	1.79777 3.83538,
	1.81073 3.8181,
	1.84315 3.79433,
	1.87556 3.77488,
	1.89068 3.76408,
	1.89933 3.7576,
	1.90365 3.74895,
	1.90365 3.74031,
	1.92093 3.72302,
	1.93606 3.71438,
	1.94254 3.70574,
	1.94686 3.70142,
	1.94686 3.69709,
	1.95767 3.68197,
	1.97495 3.669,
	2.00953 3.65604,
	2.0441 3.65172,
	2.05922 3.64091,
	2.06787 3.63443,
	2.07219 3.63011,
	2.08083 3.63011,
	2.08515 3.62579,
	2.0938 3.62363,
	2.10676 3.6085,
	2.1154 3.60634,
	2.13269 3.61066,
	2.14133 3.61066,
	2.14998 3.60418,
	2.16726 3.60418,
	2.18455 3.5977,
	2.21912 3.59554,
	2.23641 3.5977,
	2.25369 3.60418,
	2.26234 3.60634,
	2.27746 3.60202,
	2.28611 3.59554,
	2.30339 3.5977,
	2.31203 3.59986,
	2.31636 3.59986,
	2.32068 3.60418,
	2.32932 3.60418,
	2.33364 3.6085,
	2.40279 3.63659,
	2.41143 3.64308,
	2.42007 3.64524,
	2.4244 3.64956,
	2.45897 3.66252,
	2.46761 3.66252,
	2.47625 3.669,
	2.51083 3.67765,
	2.51947 3.68197,
	2.52163 3.69061,
	2.53892 3.69277,
	2.54756 3.69493,
	2.56269 3.7079,
	2.56701 3.71222,
	2.56701 3.72951,
	2.56701 3.73815,
	2.56052 3.74679,
	2.56052 3.75111,
	2.55404 3.75976,
	2.55188 3.76408,
	2.54756 3.76408,
	2.53459 3.77704,
	2.52595 3.78353,
	2.52163 3.79217,
	2.52163 3.80081,
	2.51515 3.80946,
	2.51299 3.8181,
	2.50867 3.82242,
	2.50867 3.82674,
	2.49354 3.84187,
	2.4849 3.85051,
	2.48058 3.85915,
	2.48058 3.87644,
	2.47193 3.89373,
	2.45681 3.90669,
	2.44816 3.91317,
	2.44384 3.91317,
	2.4352 3.91965,
	2.42656 3.92182,
	2.42223 3.92614,
	2.41359 3.92614,
	2.40927 3.93046,
	2.37686 3.94342,
	2.35957 3.94775,
	2.35093 3.95207,
	2.34661 3.95207,
	2.34012 3.95855,
	2.34012 3.96287,
	2.325 3.97367,
	2.31636 3.98016,
	2.31203 3.98448,
	2.27746 3.98448,
	2.26882 3.98448,
	2.25153 3.99096,
	2.23857 4.00609,
	2.204 4.02985,
	2.19535 4.02985,
	2.17807 4.03634,
	2.16294 4.0493,
	2.15646 4.05578,
	2.13917 4.05794,
	2.1046 4.05578,
	2.08731 4.06227,
	2.07003 4.06227,
	2.06138 4.06227,
	2.02897 4.04714,
	1.9944 4.04498,
	1.97711 4.04498,
	1.94254 4.03418,
	1.9339 4.02985,
	1.91661 4.02769,
	1.90797 4.02769,
	1.8734 4.01473,
	1.85827 4.00609,
	1.84098 3.99096,
	1.83234 3.9888,
	1.82802 3.98448,
	1.81938 3.98448,
	1.81073 3.978,
	1.80641 3.978,
	1.79993 3.97151,
	1.79777 3.96287,
	1.79129 3.95423,
	1.77832 3.91965,
	1.77616 3.90237,
	1.77616 3.89805,
	"/>
</Transform>

<Transform dim="0"
 xcoef=" 0 1 0 0 0 0"
 ycoef=" 0 0 1 0 0 0">
<Contour name="d04" hidden="false" closed="true" simplified="true" border="1 0 0" fill="1 0.5 0" mode="11"
 points="2.69017 3.23253,
	2.70098 3.19795,
	2.7161 3.18715,
	2.75067 3.17419,
	2.76796 3.16554,
	2.7766 3.16122,
	2.78092 3.1569,
	2.79821 3.15042,
	2.86736 3.14826,
	2.90193 3.14393,
	2.91921 3.13961,
	2.9365 3.13961,
	2.94082 3.13961,
	2.95595 3.15258,
	2.95811 3.1569,
	2.99052 3.1677,
	3.02509 3.17203,
	3.0575 3.19147,
	3.07479 3.19795,
	3.07911 3.20228,
	3.11368 3.20444,
	3.12017 3.21308,
	3.12449 3.2174,
	3.13097 3.23469,
	3.13097 3.23901,
	3.13745 3.24765,
	3.15474 3.24765,
	3.16986 3.28006,
	3.17419 3.29735,
	3.17419 3.31464,
	3.16986 3.32328,
	3.16986 3.33192,
	3.16122 3.34921,
	3.14826 3.36433,
	3.13097 3.37514,
	3.0964 3.37514,
	3.09208 3.37514,
	3.08343 3.38162,
	3.06615 3.3881,
	3.0575 3.39459,
	3.04886 3.39675,
	3.04454 3.40107,
	3.02725 3.40107,
	3.02293 3.40107,
	3.01861 3.40539,
	2.98404 3.40755,
	2.96675 3.40755,
	2.95811 3.41187,
	2.94082 3.41187,
	2.93218 3.41187,
	2.92354 3.40755,
	2.91489 3.40755,
	2.89761 3.40107,
	2.88032 3.39026,
	2.86303 3.3881,
	2.84575 3.38162,
	2.84143 3.38162,
	2.83278 3.37298,
	2.81766 3.3665,
	2.80037 3.36433,
	2.79173 3.36217,
	2.78741 3.36217,
	2.75499 3.33841,
	2.74635 3.33408,
	2.74203 3.32976,
	2.73339 3.32976,
	2.72474 3.32112,
	2.72258 3.30383,
	2.70962 3.28871,
	2.69233 3.25413,
	2.69017 3.23685,
	2.69017 3.23469,
	"/>
</Transform>

<Transform dim="0"
 xcoef=" 0 1 0 0 0 0"
 ycoef=" 0 0 1 0 0 0">
<Contour name="d05" hidden="false" closed="true" simplified="true" border="1 0.502 0" fill="1 0.5 0" mode="11"
 points="3.97382 4.21729,
	3.97942 4.21309,
	3.98502 4.21169,
	3.98782 4.2089,
	3.99901 4.2047,
	4.00181 4.2047,
	4.00461 4.2019,
	4.027 4.1991,
	4.03259 4.1963,
	4.07737 4.1935,
	4.09976 4.18651,
	4.10255 4.18371,
	4.10535 4.18371,
	4.11655 4.17531,
	4.11935 4.17531,
	4.12914 4.16692,
	4.13194 4.16692,
	4.13754 4.16132,
	4.14873 4.15433,
	4.15153 4.15433,
	4.15712 4.15013,
	4.16832 4.14593,
	4.17392 4.14173,
	4.17671 4.14173,
	4.18231 4.13754,
	4.1935 4.13754,
	4.1991 4.14173,
	4.22149 4.14173,
	4.23268 4.14313,
	4.24388 4.15013,
	4.24388 4.15573,
	4.23268 4.16552,
	4.22149 4.17252,
	4.2103 4.17671,
	4.2061 4.18231,
	4.2061 4.1935,
	4.2019 4.1991,
	4.19071 4.2033,
	4.18511 4.2075,
	4.17392 4.2103,
	4.15153 4.2103,
	4.12914 4.21729,
	4.11795 4.22429,
	4.11235 4.22849,
	4.10955 4.22849,
	4.09836 4.23548,
	4.09276 4.23688,
	4.08996 4.23968,
	4.04519 4.23688,
	4.00041 4.23688,
	3.99481 4.23688,
	3.98362 4.23268,
	3.97382 4.22569,
	3.97382 4.22009,
	3.97382 4.21869,
	"/>
<Contour name="d05" hidden="false" closed="true" simplified="true" border="1 0.502 0" fill="1 0.5 0" mode="11"
 points="3.49948 4.18791,
	3.50368 4.17671,
	3.50648 4.17112,
	3.51767 4.16132,
	3.52887 4.15433,
	3.53167 4.15153,
	3.53726 4.15013,
	3.54006 4.14733,
	3.54286 4.14733,
	3.55266 4.13893,
	3.56385 4.13614,
	3.58624 4.13614,
	3.59743 4.13614,
	3.60862 4.13194,
	3.61982 4.13054,
	3.63101 4.13474,
	3.63661 4.13614,
	3.63941 4.13893,
	3.645 4.14033,
	3.6478 4.14313,
	3.6506 4.14313,
	3.6618 4.15153,
	3.67579 4.17252,
	3.69678 4.17392,
	3.70237 4.17392,
	3.70517 4.17671,
	3.72756 4.18371,
	3.73875 4.18791,
	3.74435 4.18931,
	3.74715 4.18931,
	3.75694 4.1991,
	3.76114 4.2047,
	3.78353 4.21169,
	3.78913 4.21449,
	3.79192 4.21449,
	3.79752 4.21869,
	3.80872 4.22009,
	3.85349 4.23688,
	3.85629 4.23968,
	3.87868 4.24668,
	3.88987 4.24807,
	3.89547 4.24947,
	3.89967 4.25507,
	3.89827 4.27746,
	3.89967 4.28865,
	3.90806 4.29845,
	3.90806 4.30404,
	3.88567 4.30544,
	3.87448 4.30544,
	3.85209 4.29845,
	3.80732 4.29705,
	3.79612 4.29705,
	3.79053 4.30265,
	3.78073 4.30824,
	3.76954 4.30964,
	3.74715 4.31804,
	3.74435 4.31804,
	3.74155 4.32084,
	3.69678 4.32223,
	3.67439 4.33063,
	3.66319 4.32923,
	3.6562 4.31944,
	3.6548 4.30824,
	3.6534 4.30265,
	3.64221 4.29285,
	3.63101 4.28585,
	3.62402 4.27606,
	3.61282 4.26626,
	3.60723 4.26347,
	3.59603 4.26347,
	3.59043 4.26347,
	3.57924 4.25787,
	3.56805 4.24807,
	3.55685 4.24108,
	3.55545 4.23828,
	3.55266 4.23828,
	3.54986 4.23548,
	3.52747 4.23548,
	3.52187 4.23548,
	3.51907 4.23548,
	3.50928 4.22429,
	3.50928 4.22149,
	3.50228 4.21169,
	3.49948 4.2061,
	3.49948 4.1949,
	3.49948 4.18931,
	"/>
</Transform>

<Transform dim="0"
 xcoef=" 0 1 0 0 0 0"
 ycoef=" 0 0 1 0 0 0">
<Contour name="d05" hidden="false" closed="true" simplified="true" border="1 0.502 0" fill="1 0.5 0" mode="11"
 points="3.95795 4.58584,
	3.96075 4.58023,
	3.98037 4.56061,
	3.99159 4.5522,
	3.99719 4.5494,
	3.99859 4.54659,
	4.0014 4.54659,
	4.0056 4.54099,
	4.007 4.53538,
	4.00981 4.53398,
	4.00981 4.53118,
	4.01401 4.52557,
	4.02102 4.50315,
	4.02522 4.49193,
	4.03503 4.48353,
	4.04765 4.4611,
	4.04765 4.45549,
	4.06447 4.43307,
	4.07007 4.42887,
	4.08128 4.43027,
	4.08689 4.43307,
	4.10931 4.43167,
	4.11492 4.43307,
	4.11772 4.43868,
	4.11913 4.4611,
	4.12193 4.47231,
	4.12753 4.48353,
	4.13034 4.48633,
	4.13875 4.50875,
	4.13875 4.51156,
	4.14716 4.52137,
	4.15136 4.52557,
	4.15416 4.52557,
	4.16538 4.53258,
	4.1878 4.53959,
	4.21023 4.53959,
	4.21583 4.53819,
	4.22704 4.52978,
	4.23265 4.52557,
	4.23545 4.52557,
	4.24106 4.52137,
	4.26348 4.51296,
	4.2747 4.51296,
	4.2775 4.51296,
	4.28311 4.51716,
	4.28871 4.51576,
	4.30973 4.50034,
	4.31814 4.49193,
	4.32375 4.48212,
	4.34337 4.4611,
	4.35318 4.45409,
	4.35739 4.44989,
	4.35879 4.44428,
	4.35739 4.43868,
	4.35318 4.43307,
	4.35458 4.42186,
	4.35879 4.41625,
	4.35879 4.41345,
	4.37841 4.39523,
	4.38682 4.38542,
	4.39102 4.37981,
	4.39663 4.37701,
	4.40644 4.3658,
	4.41345 4.35599,
	4.43587 4.34057,
	4.43868 4.34057,
	4.44428 4.33636,
	4.45549 4.33356,
	4.46671 4.32795,
	4.47091 4.32375,
	4.47371 4.32375,
	4.48353 4.31534,
	4.49474 4.30973,
	4.49754 4.30693,
	4.50034 4.30693,
	4.51156 4.29852,
	4.51716 4.29712,
	4.52837 4.29011,
	4.57322 4.2789,
	4.66292 4.2761,
	4.67413 4.2761,
	4.67974 4.2775,
	4.68535 4.2761,
	4.69656 4.2789,
	4.70217 4.2817,
	4.74701 4.28311,
	4.75262 4.28311,
	4.75823 4.28591,
	4.76383 4.28591,
	4.77505 4.29011,
	4.79747 4.28871,
	4.80308 4.28871,
	4.8241 4.2803,
	4.83531 4.2761,
	4.84092 4.27329,
	4.86334 4.2747,
	4.88577 4.2817,
	4.93062 4.2803,
	4.94183 4.2803,
	4.95304 4.2775,
	4.95865 4.2761,
	4.96145 4.27329,
	5.0063 4.25507,
	5.01751 4.25367,
	5.02872 4.25788,
	5.03013 4.26068,
	5.03293 4.26068,
	5.04134 4.26909,
	5.05115 4.2803,
	5.06096 4.30273,
	5.06376 4.30833,
	5.06376 4.31394,
	5.06657 4.31955,
	5.06516 4.36439,
	5.08338 4.40924,
	5.08619 4.42046,
	5.08899 4.42326,
	5.08899 4.42887,
	5.0974 4.45129,
	5.1002 4.47371,
	5.0988 4.49614,
	5.0974 4.50175,
	5.0974 4.50455,
	5.0946 4.50735,
	5.0932 4.51856,
	5.0932 4.52417,
	5.10301 4.54659,
	5.10581 4.5522,
	5.10581 4.555,
	5.12263 4.57603,
	5.12683 4.58163,
	5.12823 4.58724,
	5.13104 4.59004,
	5.13104 4.59565,
	5.13945 4.61807,
	5.14786 4.62788,
	5.14786 4.65031,
	5.14645 4.65591,
	5.14225 4.66152,
	5.13945 4.66292,
	5.13945 4.66573,
	5.12823 4.67273,
	5.12543 4.67834,
	5.12263 4.67974,
	5.12263 4.68254,
	5.10861 4.70357,
	5.10301 4.70637,
	5.0988 4.71198,
	5.096 4.72319,
	5.0974 4.74561,
	5.10441 4.75683,
	5.10301 4.77925,
	5.1016 4.79046,
	5.0974 4.79607,
	5.08619 4.80167,
	5.08058 4.80167,
	5.07498 4.80588,
	5.07217 4.80588,
	5.06797 4.81149,
	5.06797 4.81709,
	5.06096 4.8283,
	5.05535 4.83111,
	5.03293 4.83391,
	5.02172 4.83811,
	5.0105 4.84512,
	4.98808 4.84512,
	4.97687 4.84232,
	4.97126 4.83952,
	4.96846 4.83952,
	4.96285 4.83531,
	4.95164 4.83531,
	4.94043 4.83111,
	4.92922 4.82971,
	4.90679 4.81989,
	4.89558 4.81709,
	4.89278 4.81429,
	4.84793 4.81289,
	4.83671 4.81008,
	4.83111 4.81008,
	4.8255 4.80588,
	4.80308 4.80167,
	4.75823 4.80588,
	4.66853 4.80588,
	4.62368 4.79747,
	4.60125 4.79607,
	4.59004 4.79607,
	4.54519 4.78205,
	4.52277 4.77224,
	4.51997 4.77224,
	4.51436 4.76804,
	4.50875 4.76664,
	4.50595 4.76383,
	4.50315 4.76383,
	4.49754 4.75963,
	4.49474 4.75963,
	4.49053 4.75542,
	4.48773 4.75542,
	4.48493 4.75262,
	4.47371 4.74842,
	4.45129 4.74701,
	4.42887 4.74001,
	4.41765 4.7316,
	4.40924 4.72459,
	4.39803 4.71618,
	4.39243 4.71198,
	4.38962 4.70917,
	4.37841 4.70497,
	4.35599 4.70357,
	4.33356 4.70637,
	4.32235 4.70917,
	4.2775 4.71198,
	4.25507 4.71198,
	4.24947 4.71198,
	4.24667 4.71198,
	4.24386 4.70917,
	4.23826 4.70777,
	4.22704 4.70076,
	4.22144 4.69656,
	4.21863 4.69656,
	4.19761 4.68395,
	4.1864 4.68395,
	4.18079 4.68254,
	4.17799 4.67974,
	4.17519 4.67974,
	4.15837 4.66292,
	4.13735 4.6447,
	4.13594 4.6419,
	4.13314 4.6419,
	4.11212 4.62368,
	4.10091 4.61667,
	4.0953 4.61247,
	4.05045 4.59565,
	3.96075 4.59425,
	3.95795 4.58864,
	3.95795 4.58724,
	"/>
</Transform>

<Transform dim="0"
 xcoef=" 0 1 0 0 0 0"
 ycoef=" 0 0 1 0 0 0">
<Contour name="d07" hidden="false" closed="true" simplified="true" border="1 0 1" fill="1 0.5 0" mode="11"
 points="-0.0375188 2.14036,
	-0.0232259 2.13143,
	-0.0125063 2.11713,
	0.00178661 2.10641,
	0.0160795 2.09927,
	0.0303724 2.09569,
	0.0589581 2.09391,
	0.073251 2.09212,
	0.0803975 2.08855,
	0.0946904 2.08676,
	0.0982636 2.08319,
	0.112556 2.07783,
	0.169728 2.04388,
	0.176874 2.04031,
	0.191167 2.0278,
	0.21082 1.99922,
	0.225113 1.98671,
	0.282284 1.96348,
	0.296577 1.95098,
	0.303724 1.94383,
	0.318017 1.93847,
	0.346602 1.93847,
	0.360895 1.93847,
	0.375188 1.94205,
	0.43236 1.94383,
	0.446653 1.94383,
	0.460946 1.94741,
	0.475238 1.95634,
	0.478812 1.9617,
	0.493104 1.96706,
	0.500251 1.96706,
	0.507397 1.97063,
	0.514544 1.97778,
	0.528837 1.98492,
	0.535983 1.9885,
	0.539556 1.99207,
	0.568142 1.99743,
	0.596728 2.0153,
	0.603874 2.02066,
	0.603874 2.02423,
	0.618167 2.03316,
	0.625314 2.03495,
	0.63246 2.04031,
	0.634247 2.04746,
	0.634247 2.05103,
	0.630674 2.0546,
	0.618167 2.05996,
	0.63246 2.06711,
	0.639607 2.07068,
	0.641393 2.07783,
	0.630674 2.10641,
	0.618167 2.11892,
	0.603874 2.12785,
	0.591368 2.14036,
	0.584222 2.15465,
	0.555636 2.17073,
	0.541343 2.17788,
	0.512757 2.18681,
	0.484171 2.2011,
	0.480598 2.2011,
	0.473452 2.20646,
	0.41628 2.22612,
	0.387694 2.23684,
	0.373402 2.24041,
	0.359109 2.24041,
	0.344816 2.23684,
	0.337669 2.23505,
	0.323376 2.23862,
	0.309084 2.24577,
	0.294791 2.24577,
	0.280498 2.2422,
	0.273351 2.2422,
	0.259059 2.24934,
	0.230473 2.25113,
	0.21618 2.25113,
	0.201887 2.25828,
	0.187594 2.26185,
	0.159008 2.26185,
	0.144715 2.26364,
	0.130423 2.27078,
	0.11613 2.27436,
	0.101837 2.27436,
	0.0875439 2.269,
	0.0589581 2.25113,
	0.0446653 2.24398,
	0.0160795 2.23684,
	0.00178661 2.23148,
	-0.0125063 2.22076,
	-0.032159 2.19217,
	-0.0375188 2.17788,
	-0.0375188 2.14929,
	-0.0375188 2.14215,
	"/>
</Transform>

<Transform dim="0"
 xcoef=" 0 1 0 0 0 0"
 ycoef=" 0 0 1 0 0 0">
<Contour name="d07" hidden="false" closed="true" simplified="true" border="1 0 1" fill="1 0.5 0" mode="11"
 points="3.37625 2.10908,
	3.37912 2.09758,
	3.38056 2.0746,
	3.38487 2.0631,
	3.38631 2.05736,
	3.38631 2.05448,
	3.39205 2.04874,
	3.41504 2.03868,
	3.43803 2.02288,
	3.44234 2.01713,
	3.45383 2.00995,
	3.45958 2.00851,
	3.46245 2.00564,
	3.48544 2.00276,
	3.53141 2.00276,
	3.5544 1.99989,
	3.60037 2.00276,
	3.62336 2.00707,
	3.66934 2.01138,
	3.68083 2.01569,
	3.7268 2.01857,
	3.77278 2.02862,
	3.78427 2.03006,
	3.80726 2.03868,
	3.81301 2.04012,
	3.81875 2.04443,
	3.82163 2.04443,
	3.84461 2.06167,
	3.8676 2.07316,
	3.87909 2.08322,
	3.88772 2.09184,
	3.89921 2.10189,
	3.90639 2.11051,
	3.92507 2.1335,
	3.93082 2.13925,
	3.94231 2.14356,
	3.94806 2.14643,
	3.95955 2.14643,
	3.98254 2.15362,
	4.00552 2.16942,
	4.01271 2.18091,
	4.01702 2.19241,
	4.0242 2.23838,
	4.02851 2.28436,
	4.02851 2.30734,
	4.02708 2.31884,
	4.02708 2.32458,
	4.01845 2.34757,
	4.01127 2.35763,
	3.99978 2.36481,
	3.98828 2.36912,
	3.97679 2.3763,
	3.9538 2.38061,
	3.93082 2.37774,
	3.90783 2.36912,
	3.89634 2.3605,
	3.88484 2.35475,
	3.88197 2.35475,
	3.87622 2.35044,
	3.87335 2.35044,
	3.85036 2.33608,
	3.82737 2.32602,
	3.82163 2.32315,
	3.79864 2.32171,
	3.77565 2.32602,
	3.72968 2.34326,
	3.70669 2.3447,
	3.6837 2.34326,
	3.67221 2.33751,
	3.66646 2.33464,
	3.65497 2.32315,
	3.64635 2.31165,
	3.63773 2.28867,
	3.63342 2.26568,
	3.62911 2.25419,
	3.62624 2.24844,
	3.61474 2.23982,
	3.60325 2.23407,
	3.59175 2.2312,
	3.58601 2.22832,
	3.54003 2.22258,
	3.51705 2.21539,
	3.49406 2.20246,
	3.48257 2.19528,
	3.43803 2.15505,
	3.43228 2.15218,
	3.42941 2.14931,
	3.41791 2.145,
	3.40642 2.14356,
	3.38343 2.13494,
	3.37625 2.12345,
	3.37625 2.11195,
	3.37625 2.11051,
	"/>
</Transform>

<Transform dim="0"
 xcoef=" 0 1 0 0 0 0"
 ycoef=" 0 0 1 0 0 0">
<Contour name="d07" hidden="false" closed="true" simplified="true" border="1 0 1" fill="1 0.5 0" mode="11"
 points="1.80737 2.06167,
	1.81024 2.05017,
	1.82748 2.02719,
	1.82892 2.02144,
	1.84473 1.99845,
	1.85478 1.9884,
	1.86053 1.9769,
	1.86484 1.97115,
	1.87633 1.96397,
	1.88208 1.9611,
	1.89357 1.95104,
	1.90076 1.93955,
	1.90507 1.92805,
	1.90938 1.92231,
	1.90938 1.91943,
	1.92374 1.89645,
	1.93093 1.88495,
	1.93093 1.88208,
	1.93955 1.87059,
	1.95104 1.85909,
	1.95679 1.85622,
	1.95966 1.85622,
	1.97115 1.84904,
	1.9769 1.84329,
	1.97834 1.83898,
	1.97403 1.81599,
	1.97403 1.81024,
	1.98983 1.78726,
	1.99989 1.77576,
	2.00564 1.77002,
	2.01713 1.76283,
	2.02862 1.75852,
	2.03437 1.75709,
	2.05736 1.74416,
	2.0631 1.74128,
	2.06598 1.74128,
	2.08896 1.72835,
	2.09471 1.72548,
	2.1177 1.72692,
	2.16367 1.7341,
	2.16942 1.73554,
	2.19097 1.72548,
	2.21396 1.71255,
	2.22545 1.70537,
	2.22832 1.70537,
	2.25131 1.69243,
	2.2743 1.68238,
	2.29729 1.6795,
	2.34326 1.6795,
	2.36625 1.67807,
	2.37199 1.67663,
	2.38205 1.66945,
	2.39211 1.65939,
	2.4036 1.65221,
	2.42659 1.64502,
	2.43808 1.64359,
	2.46107 1.64646,
	2.48406 1.64502,
	2.53003 1.6364,
	2.54153 1.63784,
	2.56451 1.6479,
	2.57601 1.65077,
	2.58175 1.65077,
	2.59325 1.64359,
	2.60474 1.63928,
	2.62773 1.64071,
	2.65071 1.65077,
	2.69669 1.6479,
	2.70818 1.65077,
	2.71968 1.65795,
	2.73261 1.68094,
	2.75559 1.691,
	2.75703 1.69674,
	2.74841 1.7068,
	2.7441 1.71111,
	2.74266 1.71686,
	2.74697 1.72835,
	2.76421 1.7499,
	2.77571 1.7614,
	2.78433 1.77145,
	2.7872 1.77433,
	2.81019 1.7772,
	2.82168 1.78007,
	2.84323 1.79588,
	2.85473 1.80019,
	2.87771 1.79588,
	2.88921 1.79731,
	2.89495 1.80019,
	2.90645 1.81168,
	2.928 1.81886,
	2.93949 1.82317,
	2.95099 1.82317,
	2.95673 1.82317,
	2.97972 1.8361,
	2.99121 1.84473,
	3.0142 1.85622,
	3.01995 1.85909,
	3.02569 1.86484,
	3.03431 1.88783,
	3.04006 1.89932,
	3.04868 1.90938,
	3.06017 1.91656,
	3.07023 1.92662,
	3.07167 1.93811,
	3.06736 1.9496,
	3.04724 1.96972,
	3.04293 1.99271,
	3.03575 2.0042,
	3.02569 2.01569,
	3.00271 2.02575,
	2.99696 2.03006,
	2.99552 2.04155,
	2.98834 2.05161,
	2.98259 2.05448,
	2.97972 2.05448,
	2.97397 2.05879,
	2.9711 2.06167,
	2.96966 2.07316,
	2.96823 2.07891,
	2.95673 2.08465,
	2.94524 2.08753,
	2.93949 2.08896,
	2.92943 2.09902,
	2.92656 2.10477,
	2.92512 2.11626,
	2.92081 2.12776,
	2.91794 2.1335,
	2.89495 2.13925,
	2.88346 2.14212,
	2.87197 2.14787,
	2.86335 2.15793,
	2.8576 2.16942,
	2.84754 2.18091,
	2.82456 2.19384,
	2.80157 2.19815,
	2.75559 2.21683,
	2.7441 2.22545,
	2.69813 2.247,
	2.68663 2.25131,
	2.68089 2.25419,
	2.6579 2.25562,
	2.6464 2.2585,
	2.62342 2.27286,
	2.60043 2.28148,
	2.58894 2.28579,
	2.57744 2.29298,
	2.56739 2.30447,
	2.5602 2.31596,
	2.55302 2.32458,
	2.54727 2.32889,
	2.52429 2.33751,
	2.51279 2.34182,
	2.50704 2.3447,
	2.5013 2.3447,
	2.4898 2.34901,
	2.46682 2.35332,
	2.45532 2.35619,
	2.44958 2.35763,
	2.42659 2.3763,
	2.4151 2.38349,
	2.40935 2.3878,
	2.38636 2.38924,
	2.34039 2.40504,
	2.32889 2.40935,
	2.31884 2.41941,
	2.30878 2.44239,
	2.29729 2.45101,
	2.2743 2.45676,
	2.26424 2.46394,
	2.25419 2.474,
	2.24844 2.47831,
	2.20246 2.49268,
	2.19097 2.49699,
	2.18522 2.49986,
	2.17948 2.50561,
	2.17373 2.5171,
	2.17373 2.5286,
	2.16942 2.53434,
	2.16367 2.53722,
	2.1608 2.54009,
	2.14931 2.5444,
	2.14643 2.54584,
	2.14643 2.54871,
	2.15649 2.55877,
	2.17948 2.57026,
	2.20103 2.59037,
	2.20246 2.60187,
	2.20103 2.61336,
	2.19097 2.63635,
	2.18666 2.64784,
	2.17086 2.66939,
	2.16511 2.68089,
	2.16511 2.70387,
	2.16367 2.71537,
	2.15362 2.73835,
	2.145 2.74841,
	2.09902 2.74841,
	2.08753 2.74697,
	2.06454 2.73692,
	2.05879 2.73404,
	2.04874 2.72255,
	2.04155 2.69956,
	2.03868 2.68807,
	2.0315 2.67801,
	2.02 2.67083,
	1.99702 2.66939,
	1.98552 2.66652,
	1.97978 2.66365,
	1.9769 2.66221,
	1.9769 2.65071,
	1.98983 2.62773,
	1.99845 2.61623,
	2.0042 2.60474,
	2.00707 2.59325,
	2.02 2.57026,
	2.02431 2.55877,
	2.02719 2.55302,
	2.02719 2.54153,
	2.02144 2.53003,
	2.01857 2.52429,
	2.01282 2.51854,
	2.01138 2.51279,
	2.02288 2.4898,
	2.02575 2.47831,
	2.02575 2.47256,
	2.01138 2.44958,
	2.01282 2.42659,
	2.0042 2.41653,
	2.00276 2.39355,
	2.00133 2.38205,
	1.99989 2.3763,
	1.98983 2.36481,
	1.97834 2.35763,
	1.96828 2.34757,
	1.96828 2.34182,
	1.97259 2.33608,
	1.97834 2.3332,
	1.98265 2.32746,
	1.98265 2.30447,
	1.98265 2.29872,
	1.97403 2.27574,
	1.96828 2.25275,
	1.95966 2.22976,
	1.95248 2.2197,
	1.94098 2.21396,
	1.92949 2.20534,
	1.92374 2.20246,
	1.87921 2.16367,
	1.86771 2.15649,
	1.82892 2.11195,
	1.82461 2.10046,
	1.80881 2.07747,
	1.80737 2.06598,
	1.80737 2.0631,
	"/>
</Transform>

<Transform dim="0"
 xcoef=" 0 1 0 0 0 0"
 ycoef=" 0 0 1 0 0 0">
<Contour name="d07" hidden="false" closed="true" simplified="true" border="1 0 1" fill="1 0.5 0" mode="11"
 points="2.79438 1.28154,
	2.7987 1.27004,
	2.7987 1.2643,
	2.79582 1.25855,
	2.79582 1.2528,
	2.81594 1.23125,
	2.82168 1.22551,
	2.83318 1.21832,
	2.85616 1.21114,
	2.87915 1.21114,
	2.90214 1.20827,
	2.91363 1.20396,
	2.92512 1.19677,
	2.93087 1.18528,
	2.92943 1.16229,
	2.92225 1.15223,
	2.91076 1.14649,
	2.90645 1.14074,
	2.90645 1.13499,
	2.91219 1.1235,
	2.92369 1.12206,
	2.96966 1.12494,
	2.98116 1.12637,
	2.99265 1.13212,
	2.9984 1.13787,
	3.00414 1.14936,
	3.00702 1.16086,
	3.01995 1.18384,
	3.03144 1.18815,
	3.05443 1.18815,
	3.06017 1.19246,
	3.06736 1.20396,
	3.06736 1.21545,
	3.06736 1.2212,
	3.06017 1.23269,
	3.03719 1.24562,
	3.03144 1.24849,
	3.02857 1.24706,
	3.01707 1.25424,
	3.0142 1.25711,
	3.0142 1.25999,
	3.00989 1.26573,
	3.00558 1.27723,
	2.99121 1.30022,
	2.98259 1.31171,
	2.95961 1.33039,
	2.94811 1.33757,
	2.93662 1.34188,
	2.92512 1.34332,
	2.91938 1.34332,
	2.90788 1.34906,
	2.89926 1.35768,
	2.88777 1.3663,
	2.87628 1.37205,
	2.86478 1.37349,
	2.85329 1.36918,
	2.84323 1.35768,
	2.83892 1.35194,
	2.83749 1.32895,
	2.83749 1.31746,
	2.83605 1.31171,
	2.82599 1.30165,
	2.80301 1.29447,
	2.79726 1.29159,
	2.79438 1.28872,
	2.79438 1.28297,
	"/>
</Transform>

<Transform dim="0"
 xcoef=" 0 1 0 0 0 0"
 ycoef=" 0 0 1 0 0 0">
<Contour name="d07" hidden="false" closed="true" simplified="true" border="1 0 1" fill="1 0.5 0" mode="11"
 points="1.19951 2.06572,
	1.21135 2.05726,
	1.22488 2.05219,
	1.25195 2.04881,
	1.27902 2.0505,
	1.28579 2.0505,
	1.29933 2.05557,
	1.30609 2.05896,
	1.30948 2.05896,
	1.32301 2.0708,
	1.32809 2.07588,
	1.32809 2.08941,
	1.33316 2.10294,
	1.33824 2.10971,
	1.33316 2.12325,
	1.32809 2.13001,
	1.32301 2.14355,
	1.31624 2.14693,
	1.30271 2.14693,
	1.27564 2.14186,
	1.26887 2.13847,
	1.25534 2.12494,
	1.2418 2.11986,
	1.22827 2.11817,
	1.2215 2.11817,
	1.20966 2.10802,
	1.20966 2.09449,
	1.20458 2.08095,
	1.19951 2.07418,
	1.19951 2.06742,
	"/>
</Transform>

<Transform dim="0"
 xcoef=" 0 1 0 0 0 0"
 ycoef=" 0 0 1 0 0 0">
<Contour name="d08" hidden="false" closed="true" simplified="true" border="1 0 0" fill="1 0.5 0" mode="11"
 points="4.80558 3.19137,
	4.80854 3.1884,
	4.80854 3.17654,
	4.81447 3.17061,
	4.83819 3.16617,
	4.84412 3.16617,
	4.85598 3.16172,
	4.86191 3.15876,
	4.86487 3.15876,
	4.87673 3.14986,
	4.88859 3.14542,
	4.90044 3.14542,
	4.91082 3.13504,
	4.91675 3.12318,
	4.91971 3.11725,
	4.93157 3.10539,
	4.95529 3.08909,
	4.97901 3.07723,
	4.99086 3.06982,
	5.0131 3.04758,
	5.03682 3.03573,
	5.04867 3.0298,
	5.07239 3.01201,
	5.08425 3.01201,
	5.09611 3.00905,
	5.14354 2.97792,
	5.16726 2.97643,
	5.19097 2.96013,
	5.19542 2.95568,
	5.1969 2.94382,
	5.19987 2.9379,
	5.21173 2.92752,
	5.23544 2.91714,
	5.25916 2.91714,
	5.27102 2.90973,
	5.29325 2.8875,
	5.29918 2.88453,
	5.30215 2.88157,
	5.34958 2.88453,
	5.36144 2.88453,
	5.37329 2.87712,
	5.37922 2.87416,
	5.38219 2.87119,
	5.40591 2.87119,
	5.42962 2.87416,
	5.45334 2.87416,
	5.4563 2.87416,
	5.46223 2.86971,
	5.47409 2.86823,
	5.48595 2.87119,
	5.49484 2.88157,
	5.49929 2.8875,
	5.50225 2.91121,
	5.50522 2.92307,
	5.50522 2.93493,
	5.49781 2.94679,
	5.48595 2.95865,
	5.47409 2.96458,
	5.46223 2.97495,
	5.43852 2.98533,
	5.43259 2.98681,
	5.42073 2.99422,
	5.40887 2.99867,
	5.36144 3.00163,
	5.33772 3.00608,
	5.32586 3.00905,
	5.314 3.01497,
	5.29029 3.03276,
	5.27843 3.03721,
	5.25471 3.05203,
	5.231 3.06241,
	5.21914 3.06834,
	5.21321 3.07278,
	5.18949 3.08168,
	5.17763 3.08316,
	5.16577 3.08761,
	5.15985 3.09057,
	5.14947 3.10243,
	5.14354 3.10836,
	5.11982 3.10984,
	5.10797 3.10984,
	5.10204 3.10984,
	5.09018 3.11429,
	5.08425 3.11725,
	5.06053 3.11725,
	5.0546 3.11725,
	5.04423 3.12763,
	5.03682 3.13949,
	5.02644 3.14986,
	5.00272 3.15134,
	4.99086 3.15134,
	4.96715 3.16765,
	4.94343 3.17654,
	4.91971 3.18247,
	4.896 3.18396,
	4.89007 3.18544,
	4.87821 3.19433,
	4.87228 3.19878,
	4.84856 3.20767,
	4.83671 3.21508,
	4.82485 3.21508,
	4.81892 3.2136,
	4.80854 3.20174,
	4.80558 3.19878,
	4.80558 3.19285,
	"/>
<Contour name="d08" hidden="false" closed="true" simplified="true" border="1 0 0" fill="1 0.5 0" mode="11"
 points="5.58378 2.93641,
	5.59564 2.93345,
	5.60157 2.93345,
	5.61194 2.92604,
	5.61639 2.90232,
	5.61787 2.89639,
	5.61787 2.89343,
	5.64011 2.87416,
	5.64604 2.86971,
	5.66975 2.8623,
	5.67568 2.85933,
	5.68013 2.8534,
	5.68309 2.84155,
	5.68309 2.83562,
	5.68309 2.83265,
	5.69495 2.82228,
	5.70681 2.81487,
	5.73053 2.80597,
	5.74238 2.79856,
	5.74831 2.79411,
	5.76017 2.78967,
	5.76758 2.77929,
	5.77944 2.76891,
	5.7913 2.76595,
	5.80316 2.76595,
	5.80909 2.76595,
	5.82095 2.77336,
	5.82688 2.78522,
	5.82984 2.79115,
	5.83132 2.79411,
	5.84318 2.79411,
	5.89061 2.78077,
	5.93805 2.76447,
	5.96028 2.7452,
	5.97955 2.72296,
	5.99141 2.71852,
	5.99734 2.71555,
	6.0003 2.70962,
	6.0003 2.68591,
	6.00771 2.67405,
	6.02995 2.66071,
	6.0344 2.64885,
	6.0344 2.63699,
	6.03588 2.63106,
	6.04774 2.62365,
	6.05959 2.6192,
	6.08331 2.61476,
	6.08924 2.61179,
	6.11296 2.58956,
	6.12482 2.58215,
	6.13667 2.57918,
	6.14853 2.57918,
	6.16335 2.55546,
	6.1678 2.54361,
	6.1678 2.54064,
	6.17818 2.52878,
	6.22561 2.53175,
	6.23154 2.53175,
	6.25526 2.52137,
	6.26711 2.51396,
	6.27304 2.50951,
	6.29676 2.50803,
	6.30862 2.50951,
	6.32048 2.51693,
	6.32196 2.52878,
	6.32344 2.53471,
	6.32344 2.53768,
	6.32789 2.54361,
	6.35161 2.55991,
	6.36346 2.57029,
	6.36643 2.57325,
	6.36643 2.62069,
	6.36791 2.63254,
	6.39014 2.65181,
	6.39311 2.65478,
	6.39311 2.66664,
	6.39014 2.67849,
	6.37977 2.68887,
	6.36791 2.69628,
	6.35753 2.70666,
	6.35309 2.73037,
	6.35161 2.74223,
	6.34271 2.75261,
	6.33975 2.75557,
	6.3353 2.76743,
	6.3353 2.77929,
	6.33678 2.78522,
	6.3605 2.80597,
	6.36939 2.81783,
	6.36791 2.82969,
	6.36495 2.83562,
	6.38125 2.88305,
	6.38273 2.89491,
	6.38273 2.90084,
	6.39311 2.9127,
	6.39163 2.92455,
	6.39163 2.92752,
	6.37977 2.9379,
	6.37977 2.94382,
	6.38718 2.95568,
	6.39014 2.96161,
	6.39014 2.98533,
	6.3857 2.99719,
	6.38422 3.00905,
	6.38422 3.01497,
	6.3768 3.02535,
	6.37829 3.03128,
	6.38718 3.04314,
	6.39163 3.055,
	6.40645 3.07723,
	6.40497 3.10095,
	6.40349 3.11281,
	6.40052 3.11873,
	6.40052 3.16617,
	6.40052 3.17803,
	6.40497 3.18988,
	6.41238 3.20174,
	6.42424 3.2136,
	6.42572 3.21953,
	6.42424 3.23139,
	6.42127 3.23732,
	6.42127 3.26103,
	6.42127 3.27289,
	6.41386 3.29661,
	6.4109 3.30254,
	6.40941 3.3144,
	6.40645 3.32033,
	6.40645 3.32329,
	6.39459 3.33515,
	6.38866 3.3396,
	6.37532 3.36331,
	6.36643 3.37517,
	6.35605 3.38258,
	6.33234 3.39148,
	6.32492 3.40333,
	6.32048 3.40926,
	6.29676 3.41816,
	6.27304 3.41816,
	6.26119 3.41816,
	6.21375 3.43446,
	6.19004 3.43446,
	6.16632 3.43002,
	6.1426 3.41667,
	6.09517 3.41816,
	6.08331 3.41816,
	6.05959 3.41223,
	6.03588 3.41223,
	6.02402 3.41223,
	6.0003 3.40778,
	5.98844 3.40333,
	5.96473 3.40185,
	5.94101 3.39592,
	5.89358 3.37962,
	5.86986 3.37813,
	5.84614 3.36331,
	5.82243 3.3559,
	5.81057 3.34997,
	5.78685 3.33218,
	5.77648 3.32181,
	5.76907 3.30995,
	5.76165 3.28623,
	5.75869 3.27437,
	5.75573 3.26845,
	5.74387 3.25807,
	5.73794 3.25214,
	5.73201 3.22842,
	5.72756 3.21657,
	5.70533 3.19433,
	5.69495 3.18247,
	5.6905 3.17061,
	5.68902 3.15876,
	5.68458 3.1469,
	5.67568 3.13504,
	5.65197 3.11281,
	5.64011 3.10095,
	5.63714 3.09502,
	5.63862 3.08316,
	5.649 3.07278,
	5.64752 3.06093,
	5.64011 3.04907,
	5.63714 3.04314,
	5.63714 3.04017,
	5.61787 3.01794,
	5.61343 3.01201,
	5.6075 2.98829,
	5.60305 2.97643,
	5.58674 2.95272,
	5.58378 2.94975,
	5.58378 2.9379,
	"/>
</Transform>

<Transform dim="0"
 xcoef=" 0 1 0 0 0 0"
 ycoef=" 0 0 1 0 0 0">
<Contour name="d08" hidden="false" closed="true" simplified="true" border="1 0 0" fill="1 0.5 0" mode="11"
 points="6.89412 3.84654,
	6.90302 3.83468,
	6.91487 3.83023,
	6.92673 3.83023,
	6.95045 3.83468,
	6.96231 3.83023,
	6.96824 3.83023,
	6.97417 3.8332,
	6.98454 3.84506,
	6.99195 3.85691,
	7.00381 3.86581,
	7.00974 3.87174,
	7.01271 3.8747,
	7.01122 3.88063,
	7.00826 3.8836,
	7.02012 3.89101,
	7.02605 3.89694,
	7.03198 3.90879,
	7.03642 3.91324,
	7.04235 3.91472,
	7.05569 3.93696,
	7.05866 3.94289,
	7.05866 3.9666,
	7.0468 3.97846,
	7.03494 3.98291,
	7.01122 3.98439,
	6.99937 3.98291,
	6.98751 3.97846,
	6.98454 3.9755,
	6.97268 3.97105,
	6.95341 3.9503,
	6.946 3.93844,
	6.94304 3.93548,
	6.93711 3.91176,
	6.91784 3.88952,
	6.91191 3.87767,
	6.90895 3.87174,
	6.89857 3.86136,
	6.89412 3.85543,
	6.89412 3.8495,
	6.89412 3.84802,
	"/>
</Transform>

<Transform dim="0"
 xcoef=" 0 1 0 0 0 0"
 ycoef=" 0 0 1 0 0 0">
<Contour name="d10" hidden="false" closed="true" simplified="true" border="0 1 1" fill="1 0.5 0" mode="11"
 points="5.39687 6.60918,
	5.39852 6.60259,
	5.40841 6.59104,
	5.4348 6.5762,
	5.44635 6.56795,
	5.45295 6.56135,
	5.46449 6.53496,
	5.46779 6.52836,
	5.48099 6.51847,
	5.48429 6.51517,
	5.49088 6.51517,
	5.49583 6.51187,
	5.50243 6.50527,
	5.50573 6.49867,
	5.50573 6.48548,
	5.51233 6.47228,
	5.52057 6.44589,
	5.52552 6.4195,
	5.52552 6.40631,
	5.53377 6.39311,
	5.53707 6.38651,
	5.56346 6.36837,
	5.575 6.35682,
	5.57995 6.34363,
	5.58325 6.33703,
	5.5849 6.32384,
	5.58655 6.31724,
	5.60634 6.2925,
	5.60964 6.2859,
	5.63438 6.26611,
	5.64098 6.26281,
	5.65418 6.26281,
	5.66572 6.25456,
	5.67892 6.25291,
	5.68552 6.25291,
	5.71191 6.26446,
	5.7383 6.25951,
	5.79108 6.24466,
	5.81747 6.23477,
	5.83066 6.23147,
	5.85705 6.23312,
	5.86365 6.22982,
	5.87025 6.22322,
	5.87685 6.21992,
	5.89004 6.20673,
	5.91643 6.19188,
	5.92963 6.18694,
	5.95602 6.18694,
	5.96921 6.18694,
	5.98241 6.19188,
	5.9956 6.20013,
	6.02199 6.20013,
	6.02859 6.20178,
	6.04179 6.21168,
	6.04509 6.21498,
	6.05168 6.21333,
	6.05498 6.21003,
	6.08137 6.21168,
	6.18694 6.23972,
	6.20013 6.24466,
	6.22652 6.26281,
	6.25126 6.28425,
	6.27765 6.30239,
	6.30239 6.32714,
	6.31559 6.33538,
	6.34198 6.34033,
	6.39476 6.35682,
	6.40796 6.35847,
	6.41126 6.35847,
	6.42115 6.37167,
	6.42445 6.37497,
	6.43435 6.40136,
	6.43765 6.41455,
	6.44919 6.44094,
	6.45909 6.45414,
	6.46569 6.46734,
	6.48548 6.49373,
	6.51847 6.54651,
	6.52836 6.5597,
	6.54156 6.57125,
	6.56795 6.58279,
	6.58114 6.58939,
	6.60754 6.60918,
	6.61083 6.61083,
	6.61083 6.62403,
	6.60754 6.63063,
	6.60754 6.64382,
	6.61743 6.65537,
	6.61743 6.66197,
	6.61578 6.66526,
	6.58939 6.66361,
	6.5762 6.66361,
	6.563 6.65867,
	6.54981 6.65702,
	6.53661 6.66032,
	6.52342 6.66032,
	6.51022 6.65537,
	6.50692 6.65372,
	6.50527 6.64877,
	6.49867 6.64877,
	6.47393 6.66691,
	6.44754 6.67516,
	6.42115 6.67351,
	6.40796 6.67186,
	6.40136 6.66691,
	6.38816 6.66691,
	6.37497 6.67186,
	6.36177 6.68011,
	6.30899 6.67846,
	6.2958 6.68836,
	6.2826 6.69165,
	6.25621 6.69165,
	6.24302 6.6933,
	6.19023 6.71475,
	6.16384 6.72299,
	6.13745 6.72794,
	6.12426 6.72794,
	6.11106 6.72299,
	6.08467 6.72299,
	6.05828 6.73124,
	6.03189 6.74609,
	6.0055 6.75598,
	5.99231 6.76093,
	5.98571 6.76588,
	5.97251 6.77083,
	5.91973 6.77083,
	5.89334 6.76753,
	5.86695 6.76753,
	5.84056 6.77083,
	5.81417 6.77907,
	5.76139 6.78072,
	5.735 6.78897,
	5.70861 6.78897,
	5.69541 6.78732,
	5.68222 6.77907,
	5.66902 6.76753,
	5.66242 6.76258,
	5.63603 6.75103,
	5.60964 6.74609,
	5.59645 6.74279,
	5.57006 6.72959,
	5.51728 6.71475,
	5.46449 6.6966,
	5.4381 6.68836,
	5.43151 6.68671,
	5.41831 6.67681,
	5.40676 6.66361,
	5.39852 6.65042,
	5.39687 6.62403,
	5.39687 6.61083,
	"/>
</Transform>

<Transform dim="0"
 xcoef=" 0 1 0 0 0 0"
 ycoef=" 0 0 1 0 0 0">
<Contour name="d10" hidden="false" closed="true" simplified="true" border="0 1 1" fill="1 0.5 0" mode="11"
 points="7.23431 6.16879,
	7.23926 6.16219,
	7.26565 6.15395,
	7.31843 6.1556,
	7.34482 6.15725,
	7.37121 6.16219,
	7.3976 6.16219,
	7.42399 6.16549,
	7.43059 6.16549,
	7.44379 6.17209,
	7.44873 6.17704,
	7.44873 6.19023,
	7.44873 6.19353,
	7.43554 6.20673,
	7.42729 6.21992,
	7.4141 6.22817,
	7.4075 6.23312,
	7.38111 6.23972,
	7.37451 6.24302,
	7.34812 6.24302,
	7.34152 6.24302,
	7.32833 6.23807,
	7.32503 6.23477,
	7.29864 6.22487,
	7.29204 6.22322,
	7.27884 6.21168,
	7.26895 6.19848,
	7.264 6.19353,
	7.2508 6.19023,
	7.23761 6.18199,
	7.23431 6.17869,
	7.23431 6.17209,
	7.23431 6.17044,
	"/>
</Transform>

<Transform dim="0"
 xcoef=" 0 1 0 0 0 0"
 ycoef=" 0 0 1 0 0 0">
<Contour name="d05p38" hidden="false" closed="true" simplified="false" border="1 0 0" fill="1 0 0" mode="11"
 points="4.19049 4.62178,
	4.16843 4.59971,
	4.19049 4.57765,
	4.21256 4.59971,
	"/>
</Transform>

<Transform dim="0"
 xcoef=" 0 1 0 0 0 0"
 ycoef=" 0 0 1 0 0 0">
<Contour name="d07p40" hidden="false" closed="true" simplified="false" border="1 0 0" fill="1 0 0" mode="11"
 points="2.09182 2.43362,
	2.14673 2.43362,
	2.11928 2.48394,
	"/>
</Transform>

<Transform dim="0"
 xcoef=" 0 1 0 0 0 0"
 ycoef=" 0 0 1 0 0 0">
<Contour name="d07c38" hidden="false" closed="true" simplified="true" border="1 0 0" fill="1 0 0" mode="11"
 points="0.00134593 2.08753,
	0.00942149 2.07677,
	0.0309563 2.06465,
	0.117096 2.03773,
	0.138631 2.02697,
	0.160165 2.01351,
	0.170933 2.00812,
	0.192468 2.00678,
	0.201889 2.0162,
	0.201889 2.02697,
	0.195159 2.03773,
	0.184392 2.04716,
	0.162857 2.05792,
	0.15209 2.06734,
	0.10902 2.09561,
	0.0874853 2.10368,
	0.0444156 2.10234,
	0.0228808 2.10907,
	0.0121133 2.11041,
	0.00672964 2.10907,
	0.00269185 2.10368,
	0.00134593 2.09292,
	0.00134593 2.08888,
	"/>
</Transform>

<Transform dim="0"
 xcoef=" 0 1 0 0 0 0"
 ycoef=" 0 0 1 0 0 0">
<Contour name="d07cfa38" hidden="false" closed="false" simplified="false" border="0 0 1" fill="1 0 0" mode="11"
 points="0.00310962 2.09695,
	0.00714741 2.09292,
	0.034066 2.0835,
	0.0650223 2.07677,
	0.0946327 2.06734,
	0.122897 2.05388,
	0.168659 2.031,
	0.195577 2.00812,
	"/>
</Transform>

<Transform dim="0"
 xcoef=" 0 1 0 0 0 0"
 ycoef=" 0 0 1 0 0 0">
<Contour name="d07c39" hidden="false" closed="true" simplified="true" border="1 0 0" fill="1 0 0" mode="11"
 points="3.42835 2.17041,
	3.43358 2.16344,
	3.44754 2.16169,
	3.4615 2.16344,
	3.46848 2.16518,
	3.49465 2.18612,
	3.50686 2.19833,
	3.53477 2.21054,
	3.56269 2.21752,
	3.5906 2.22101,
	3.60456 2.2245,
	3.63248 2.24195,
	3.64295 2.2559,
	3.66737 2.31174,
	3.67958 2.32569,
	3.7075 2.32395,
	3.72146 2.3222,
	3.77729 2.30127,
	3.79125 2.29778,
	3.81916 2.29952,
	3.84708 2.30825,
	3.87499 2.3222,
	3.88895 2.32918,
	3.91512 2.35186,
	3.91686 2.36582,
	3.91512 2.3728,
	3.90989 2.37803,
	3.88197 2.37629,
	3.85406 2.36233,
	3.82614 2.35361,
	3.81218 2.35012,
	3.78427 2.35012,
	3.77031 2.35186,
	3.74239 2.36233,
	3.72844 2.36757,
	3.70052 2.36931,
	3.68656 2.36757,
	3.67261 2.36233,
	3.66563 2.36059,
	3.63771 2.33965,
	3.61154 2.31174,
	3.58363 2.28905,
	3.55571 2.2751,
	3.49988 2.2559,
	3.4929 2.25242,
	3.48941 2.25242,
	3.47545 2.24369,
	3.44928 2.21752,
	3.43533 2.20705,
	3.43009 2.20007,
	3.42835 2.17216,
	"/>
</Transform>

<Transform dim="0"
 xcoef=" 0 1 0 0 0 0"
 ycoef=" 0 0 1 0 0 0">
<Contour name="d07cfa39" hidden="false" closed="false" simplified="false" border="0 0 1" fill="0 0 1" mode="11"
 points="3.44218 2.17787,
	3.45174 2.18504,
	3.49237 2.21133,
	3.54734 2.22806,
	3.58797 2.24479,
	3.61187 2.26152,
	3.61665 2.28064,
	3.62621 2.30693,
	3.64533 2.33322,
	3.67162 2.34995,
	3.71464 2.34517,
	3.75288 2.33561,
	3.81024 2.32605,
	3.85326 2.34517,
	3.90106 2.36907,
	"/>
</Transform>

<Transform dim="0"
 xcoef=" 0 1 0 0 0 0"
 ycoef=" 0 0 1 0 0 0">
<Contour name="d08" hidden="false" closed="true" simplified="true" border="1 0 0" fill="1 0.5 0" mode="11"
 points="6.645 3.41006,
	6.6478 3.39885,
	6.66741 3.37784,
	6.67862 3.36803,
	6.70104 3.36243,
	6.71225 3.35262,
	6.72345 3.34702,
	6.81312 3.34562,
	6.83554 3.34562,
	6.88037 3.33861,
	6.90278 3.33441,
	6.91399 3.33441,
	6.93641 3.34001,
	6.94201 3.34421,
	6.94061 3.35542,
	6.94061 3.35822,
	6.9308 3.36943,
	6.9238 3.38064,
	6.921 3.38344,
	6.9182 3.39465,
	6.91679 3.40026,
	6.91679 3.40306,
	6.91259 3.40866,
	6.89018 3.41707,
	6.88457 3.42127,
	6.86215 3.42828,
	6.81732 3.43248,
	6.80611 3.43528,
	6.79491 3.44229,
	6.7893 3.44789,
	6.77809 3.45209,
	6.73326 3.45209,
	6.71085 3.44789,
	6.68843 3.44088,
	6.67722 3.43528,
	6.65481 3.42828,
	6.645 3.41847,
	6.645 3.41286,
	6.645 3.41146,
	"/>
</Transform>

<Transform dim="0"
 xcoef=" 0 1 0 0 0 0"
 ycoef=" 0 0 1 0 0 0">
<Contour name="d01mito03" hidden="false" closed="true" simplified="true" border="1 0 0" fill="1 0 0" mode="11"
 points="1.3429 4.89258,
	1.34705 4.8815,
	1.34982 4.87596,
	1.36089 4.86766,
	1.36643 4.86212,
	1.3692 4.85658,
	1.37197 4.85381,
	1.37197 4.85104,
	1.38305 4.84274,
	1.4052 4.83581,
	1.4495 4.81228,
	1.46057 4.80951,
	1.48272 4.80951,
	1.4938 4.80951,
	1.50488 4.81228,
	1.51041 4.81366,
	1.51318 4.81643,
	1.52426 4.8192,
	1.54641 4.83166,
	1.56856 4.84135,
	1.59071 4.85381,
	1.60179 4.86073,
	1.60732 4.8635,
	1.61701 4.87458,
	1.63917 4.89119,
	1.64886 4.90088,
	1.65301 4.90642,
	1.65578 4.90919,
	1.65439 4.93134,
	1.6447 4.94242,
	1.63363 4.95072,
	1.62809 4.95488,
	1.60594 4.9618,
	1.59486 4.96595,
	1.58933 4.96734,
	1.56718 4.98256,
	1.5561 4.98949,
	1.53395 4.99502,
	1.52287 4.99641,
	1.51734 4.99918,
	1.47303 4.99918,
	1.45088 4.99918,
	1.43981 4.99779,
	1.41766 4.98533,
	1.37335 4.95626,
	1.36782 4.95072,
	1.35536 4.92857,
	1.34844 4.9175,
	1.34428 4.91196,
	1.3429 4.90088,
	1.3429 4.89535,
	1.3429 4.89396,
	"/>
</Transform>

<Transform dim="0"
 xcoef=" 0 1 0 0 0 0"
 ycoef=" 0 0 1 0 0 0">
<Contour name="d01ser" hidden="false" closed="true" simplified="true" border="0.251 0.502 0.502" fill="0 0.502 0.502" mode="-9"
 points="1.29645 4.78658,
	1.3025 4.77852,
	1.30653 4.77448,
	1.32266 4.77448,
	1.32669 4.77448,
	1.33073 4.78255,
	1.32871 4.79868,
	1.32468 4.79666,
	1.30855 4.79868,
	1.30048 4.79868,
	1.29645 4.79061,
	1.29645 4.7886,
	"/>
<Contour name="d01ser" hidden="false" closed="true" simplified="true" border="0.251 0.502 0.502" fill="0 0.502 0.502" mode="-9"
 points="1.39323 4.99224,
	1.40936 4.98821,
	1.41743 4.98821,
	1.42146 4.98821,
	1.42751 4.99627,
	1.42751 5.00434,
	1.41944 5.0124,
	1.41138 5.0124,
	1.40734 5.01442,
	1.39323 5.0003,
	1.39323 4.99426,
	"/>
<Contour name="d01ser" hidden="false" closed="true" simplified="true" border="0.251 0.502 0.502" fill="0 0.502 0.502" mode="-9"
 points="1.67954 4.92772,
	1.69567 4.91159,
	1.7118 4.90554,
	1.74406 4.90957,
	1.75212 4.91562,
	1.75011 4.92369,
	1.73398 4.93377,
	1.71785 4.93982,
	1.70172 4.93982,
	1.69365 4.93982,
	1.67954 4.92974,
	"/>
</Transform>

<Transform dim="0"
 xcoef=" 0 1 0 0 0 0"
 ycoef=" 0 0 1 0 0 0">
<Contour name="d01ser" hidden="false" closed="true" simplified="true" border="0.251 0.502 0.502" fill="0 0.502 0.502" mode="-9"
 points="1.44969 4.73416,
	1.45775 4.73214,
	1.47388 4.73416,
	1.48195 4.73416,
	1.48396 4.74222,
	1.48195 4.75029,
	1.4759 4.75634,
	1.46783 4.75634,
	1.4517 4.74827,
	1.44969 4.74021,
	1.44969 4.73618,
	"/>
</Transform>

<Transform dim="0"
 xcoef=" 0 1 0 0 0 0"
 ycoef=" 0 0 1 0 0 0">
<Contour name="d01ser" hidden="false" closed="true" simplified="true" border="0.251 0.502 0.502" fill="0 0.502 0.502" mode="-9"
 points="1.82471 4.83699,
	1.83277 4.82892,
	1.83681 4.82489,
	1.84487 4.82489,
	1.85092 4.83094,
	1.8489 4.84707,
	1.84084 4.85312,
	1.82471 4.8511,
	1.82471 4.84304,
	1.82471 4.839,
	"/>
</Transform>

<Transform dim="0"
 xcoef=" 0 1 0 0 0 0"
 ycoef=" 0 0 1 0 0 0">
<Contour name="d01ser" hidden="false" closed="true" simplified="true" border="0.251 0.502 0.502" fill="0 0.502 0.502" mode="-9"
 points="1.21983 4.93982,
	1.23596 4.9378,
	1.25209 4.94788,
	1.25814 4.95595,
	1.25814 4.97208,
	1.25411 4.98821,
	1.24806 4.99627,
	1.24806 5.00434,
	1.25008 5.00837,
	1.28234 5.00837,
	1.29847 5.01442,
	1.30048 5.02248,
	1.29443 5.03055,
	1.2783 5.03256,
	1.26217 5.02652,
	1.24604 5.02652,
	1.22991 5.02047,
	1.22386 5.0124,
	1.22386 5.00434,
	1.22991 4.98821,
	1.2279 4.95595,
	1.21983 4.94788,
	1.21983 4.94183,
	"/>
</Transform>

<Transform dim="0"
 xcoef=" 0 1 0 0 0 0"
 ycoef=" 0 0 1 0 0 0">
<Contour name="d01" hidden="false" closed="true" simplified="true" border="1 1 0" fill="1 0.5 0" mode="11"
 points="2.25757 4.41557,
	2.26839 4.39825,
	2.2857 4.39176,
	2.30302 4.39176,
	2.32034 4.38743,
	2.32899 4.38093,
	2.36363 4.36795,
	2.39826 4.36362,
	2.46752 4.36578,
	2.50215 4.36362,
	2.51947 4.36362,
	2.52163 4.35929,
	2.53895 4.35929,
	2.55627 4.36362,
	2.57358 4.37228,
	2.5909 4.37444,
	2.62553 4.37228,
	2.66016 4.36578,
	2.67748 4.36578,
	2.69479 4.37011,
	2.71211 4.37877,
	2.7186 4.3831,
	2.72943 4.40041,
	2.73159 4.43505,
	2.73592 4.45236,
	2.73375 4.48699,
	2.72943 4.50431,
	2.72077 4.52163,
	2.70778 4.53678,
	2.69046 4.54976,
	2.68181 4.55193,
	2.61254 4.53894,
	2.57791 4.53028,
	2.56925 4.52812,
	2.56492 4.52812,
	2.5606 4.52379,
	2.54328 4.51946,
	2.53462 4.51297,
	2.49999 4.50215,
	2.49133 4.49782,
	2.4567 4.49565,
	2.42207 4.48699,
	2.3528 4.4805,
	2.33549 4.47617,
	2.30086 4.46102,
	2.28354 4.45669,
	2.27488 4.45453,
	2.25973 4.44154,
	2.25757 4.42422,
	2.25757 4.41773,
	"/>
</Transform>

<Transform dim="0"
 xcoef=" 0 1 0 0 0 0"
 ycoef=" 0 0 1 0 0 0">
<Contour name="d01c36" hidden="false" closed="true" simplified="true" border="1 0 0" fill="0 1 0" mode="11"
 points="2.36796 4.46968,
	2.37228 4.46535,
	2.40692 4.46535,
	2.42423 4.46751,
	2.43289 4.46751,
	2.46752 4.4805,
	2.47618 4.48267,
	2.48484 4.48916,
	2.51947 4.49349,
	2.53679 4.49782,
	2.57142 4.51297,
	2.60605 4.5173,
	2.62337 4.52163,
	2.62769 4.52596,
	2.63635 4.52812,
	2.64718 4.53894,
	2.64501 4.5476,
	2.64068 4.55193,
	2.62337 4.55409,
	2.5541 4.54544,
	2.53679 4.54327,
	2.53246 4.53894,
	2.5238 4.53894,
	2.51514 4.53461,
	2.51081 4.53461,
	2.50648 4.53028,
	2.47185 4.51513,
	2.45454 4.50864,
	2.4199 4.50431,
	2.40259 4.49998,
	2.39393 4.49349,
	2.38527 4.49132,
	2.38094 4.49132,
	2.37228 4.48483,
	2.36796 4.47617,
	2.36796 4.47184,
	"/>
<Contour name="d01cfa36" hidden="false" closed="false" simplified="false" border="0 0 1" fill="0 0.502 1" mode="11"
 points="2.64421 4.54409,
	2.58794 4.53543,
	2.54248 4.52461,
	2.49054 4.5008,
	2.43642 4.48565,
	2.37582 4.47916,
	"/>
</Transform>

<Transform dim="0"
 xcoef=" 0 1 0 0 0 0"
 ycoef=" 0 0 1 0 0 0">
<Contour name="d02ser" hidden="false" closed="true" simplified="true" border="0.251 0.502 0.502" fill="0 0.502 0.502" mode="-9"
 points="3.21102 2.42428,
	3.21712 2.41818,
	3.21712 2.41208,
	3.22627 2.39988,
	3.23847 2.39988,
	3.24457 2.39988,
	3.25067 2.41208,
	3.24762 2.43648,
	3.24457 2.44867,
	3.23237 2.45782,
	3.22017 2.45782,
	3.21102 2.44562,
	3.21102 2.43343,
	3.21102 2.42733,
	"/>
</Transform>

<Transform dim="0"
 xcoef=" 0 1 0 0 0 0"
 ycoef=" 0 0 1 0 0 0">
<Contour name="d01MT1" hidden="false" closed="true" simplified="false" border="1 0.501961 0" fill="1 0.498039 0" mode="-9"
 points="1.33584 4.96118,
	1.33584 4.95532,
	1.34169 4.94946,
	1.34755 4.94946,
	1.35341 4.95532,
	1.35341 4.96118,
	1.34755 4.96703,
	1.34169 4.96703,
	"/>
</Transform>

<Transform dim="0"
 xcoef=" 0 1 0 0 0 0"
 ycoef=" 0 0 1 0 0 0">
<Contour name="d01MT3" hidden="false" closed="true" simplified="false" border="1 0.501961 0" fill="1 0.498039 0" mode="-9"
 points="1.70902 4.86619,
	1.70902 4.85952,
	1.71568 4.85285,
	1.72235 4.85285,
	1.72902 4.85952,
	1.72902 4.86619,
	1.72235 4.87286,
	1.71568 4.87286,
	"/>
</Transform>

<Transform dim="0"
 xcoef=" 0 1 0 0 0 0"
 ycoef=" 0 0 1 0 0 0">
<Contour name="d01MT5" hidden="false" closed="true" simplified="false" border="1 0.502 0" fill="1 0.498 0" mode="-9"
 points="1.23697 4.9626,
	1.23697 4.95603,
	1.24353 4.94946,
	1.2501 4.94946,
	1.25666 4.95603,
	1.25666 4.9626,
	1.2501 4.96916,
	1.24353 4.96916,
	"/>
</Transform>

<Transform dim="0"
 xcoef=" 0 1 0 0 0 0"
 ycoef=" 0 0 1 0 0 0">
<Contour name="d01MT6" hidden="false" closed="true" simplified="false" border="1 0.502 0" fill="1 0.498 0" mode="-9"
 points="1.3293 4.82485,
	1.3293 4.819,
	1.33515 4.81315,
	1.34099 4.81315,
	1.34684 4.819,
	1.34684 4.82485,
	1.34099 4.83069,
	1.33515 4.83069,
	"/>
</Transform>

<Transform dim="1"
 xcoef=" 0.01 1 0 0 0 0"
 ycoef=" 0.07 0 1 0 0 0">
<Contour name="d01MT2" hidden="false" closed="true" simplified="false" border="1 0.501961 0" fill="1 0.498039 0" mode="-9"
 points="1.61188 4.77112,
	1.61188 4.76468,
	1.61832 4.75825,
	1.62475 4.75825,
	1.63119 4.76468,
	1.63119 4.77112,
	1.62475 4.77756,
	1.61832 4.77756,
	"/>
</Transform>

<Transform dim="0"
 xcoef=" 0 1 0 0 0 0"
 ycoef=" 0 0 1 0 0 0">
<Contour name="d01MT7" hidden="false" closed="true" simplified="false" border="1 0.502 0" fill="1 0.498 0" mode="-9"
 points="1.71628 4.7178,
	1.71628 4.71352,
	1.72057 4.70923,
	1.72486 4.70923,
	1.72915 4.71352,
	1.72915 4.7178,
	1.72486 4.72209,
	1.72057 4.72209,
	"/>
</Transform>

<Transform dim="0"
 xcoef=" 0 1 0 0 0 0"
 ycoef=" 0 0 1 0 0 0">
<Contour name="d01MT4" hidden="false" closed="true" simplified="false" border="1 0.502 0" fill="1 0.498 0" mode="-9"
 points="1.29479 4.90076,
	1.29479 4.89535,
	1.3002 4.88994,
	1.30561 4.88994,
	1.31103 4.89535,
	1.31103 4.90076,
	1.30561 4.90617,
	1.3002 4.90617,
	"/>
</Transform>

<Transform dim="0"
 xcoef=" 0 1 0 0 0 0"
 ycoef=" 0 0 1 0 0 0">
<Contour name="d01MT9" hidden="false" closed="true" simplified="false" border="1 0.502 0" fill="1 0.498 0" mode="-9"
 points="1.51663 4.72762,
	1.51663 4.72221,
	1.52205 4.7168,
	1.52746 4.7168,
	1.53287 4.72221,
	1.53287 4.72762,
	1.52746 4.73303,
	1.52205 4.73303,
	"/>
</Transform>

<Transform dim="0"
 xcoef=" 0 1 0 0 0 0"
 ycoef=" 0 0 1 0 0 0">
<Contour name="d01MT14" hidden="false" closed="true" simplified="false" border="1 0.502 0" fill="1 0.498 0" mode="-9"
 points="1.39793 4.76309,
	1.39793 4.75742,
	1.4036 4.75175,
	1.40927 4.75175,
	1.41494 4.75742,
	1.41494 4.76309,
	1.40927 4.76876,
	1.4036 4.76876,
	"/>
</Transform>

<Transform dim="0"
 xcoef=" 0 1 0 0 0 0"
 ycoef=" 0 0 1 0 0 0">
<Contour name="d01MT17" hidden="false" closed="true" simplified="false" border="1 0.502 0" fill="1 0.498 0" mode="-9"
 points="1.13564 4.9437,
	1.13564 4.93871,
	1.14063 4.93372,
	1.14562 4.93372,
	1.15061 4.93871,
	1.15061 4.9437,
	1.14562 4.94869,
	1.14063 4.94869,
	"/>
</Transform>

<Transform dim="0"
 xcoef=" 0 1 0 0 0 0"
 ycoef=" 0 0 1 0 0 0">
<Contour name="d01MT19" hidden="false" closed="true" simplified="false" border="1 0.502 0" fill="1 0.498 0" mode="-9"
 points="1.74826 4.79169,
	1.74826 4.78449,
	1.75546 4.77729,
	1.76266 4.77729,
	1.76985 4.78449,
	1.76985 4.79169,
	1.76266 4.79889,
	1.75546 4.79889,
	"/>
</Transform>

<Transform dim="0"
 xcoef=" 0 1 0 0 0 0"
 ycoef=" 0 0 1 0 0 0">
<Contour name="d01MT20" hidden="false" closed="true" simplified="false" border="1 0.502 0" fill="1 0.498 0" mode="-9"
 points="1.62227 4.84208,
	1.62227 4.83488,
	1.62947 4.82768,
	1.63667 4.82768,
	1.64387 4.83488,
	1.64387 4.84208,
	1.63667 4.84928,
	1.62947 4.84928,
	"/>
</Transform>

<Transform dim="0"
 xcoef=" 0 1 0 0 0 0"
 ycoef=" 0 0 1 0 0 0">
<Contour name="d01MT21" hidden="false" closed="true" simplified="false" border="1 0.502 0" fill="1 0.498 0" mode="-9"
 points="1.25511 5.02206,
	1.25511 5.01486,
	1.26231 5.00766,
	1.26951 5.00766,
	1.27671 5.01486,
	1.27671 5.02206,
	1.26951 5.02926,
	1.26231 5.02926,
	"/>
<Contour name="d01MT22" hidden="false" closed="true" simplified="false" border="1 0.502 0" fill="1 0.498 0" mode="-9"
 points="1.21552 4.82408,
	1.21552 4.81689,
	1.22272 4.80969,
	1.22992 4.80969,
	1.23712 4.81689,
	1.23712 4.82408,
	1.22992 4.83128,
	1.22272 4.83128,
	"/>
<Contour name="d01MT24" hidden="false" closed="true" simplified="false" border="1 0.502 0" fill="1 0.498 0" mode="-9"
 points="1.49269 4.78809,
	1.49269 4.78089,
	1.49989 4.77369,
	1.50708 4.77369,
	1.51428 4.78089,
	1.51428 4.78809,
	1.50708 4.79529,
	1.49989 4.79529,
	"/>
<Contour name="d01MT25" hidden="false" closed="true" simplified="false" border="1 0.502 0" fill="1 0.498 0" mode="-9"
 points="1.61507 4.77009,
	1.61507 4.76289,
	1.62227 4.75569,
	1.62947 4.75569,
	1.63667 4.76289,
	1.63667 4.77009,
	1.62947 4.77729,
	1.62227 4.77729,
	"/>
</Transform>

<Transform dim="0"
 xcoef=" 0 1 0 0 0 0"
 ycoef=" 0 0 1 0 0 0">
<Contour name="d01MT26" hidden="false" closed="true" simplified="false" border="1 0.502 0" fill="1 0.498 0" mode="-9"
 points="1.4063 4.80249,
	1.4063 4.79529,
	1.4135 4.78809,
	1.42069 4.78809,
	1.42789 4.79529,
	1.42789 4.80249,
	1.42069 4.80969,
	1.4135 4.80969,
	"/>
</Transform>

<Transform dim="0"
 xcoef=" 0 1 0 0 0 0"
 ycoef=" 0 0 1 0 0 0">
<Contour name="Ax08" hidden="false" closed="true" simplified="true" border="1 0 0" fill="1 0 0" mode="11"
 points="-0.615902 4.69134,
	-0.596246 4.66513,
	-0.570037 4.64875,
	-0.543829 4.6422,
	-0.530724 4.63565,
	-0.478307 4.62582,
	-0.42589 4.62254,
	-0.399681 4.62254,
	-0.393129 4.62254,
	-0.383301 4.63565,
	-0.357092 4.63892,
	-0.343988 4.6422,
	-0.340712 4.6553,
	-0.357092 4.68151,
	-0.363644 4.70772,
	-0.363644 4.72082,
	-0.363644 4.72738,
	-0.383301 4.74703,
	-0.435718 4.77652,
	-0.488135 4.7929,
	-0.514344 4.79945,
	-0.540552 4.79945,
	-0.553657 4.79617,
	-0.560209 4.78962,
	-0.566761 4.78962,
	-0.573313 4.78307,
	-0.579865 4.78307,
	-0.599522 4.76014,
	-0.612626 4.73393,
	-0.615902 4.70772,
	-0.615902 4.69462,
	"/>
</Transform>

<Transform dim="0"
 xcoef=" 0 1 0 0 0 0"
 ycoef=" 0 0 1 0 0 0">
<Contour name="Ax09" hidden="false" closed="true" simplified="true" border="0 1 0.251" fill="0 1 0" mode="11"
 points="1.54244 2.7367,
	1.55221 2.72368,
	1.60427 2.6944,
	1.63031 2.67487,
	1.68237 2.65209,
	1.73444 2.64884,
	1.83857 2.65535,
	1.85809 2.67487,
	1.85809 2.68789,
	1.84182 2.71392,
	1.81904 2.7367,
	1.76698 2.76599,
	1.74095 2.77575,
	1.72467 2.80178,
	1.69864 2.8148,
	1.67261 2.8148,
	1.64658 2.80829,
	1.64007 2.80178,
	1.588 2.79202,
	1.57499 2.78877,
	1.55221 2.76924,
	1.54244 2.74321,
	1.54244 2.73995,
	"/>
</Transform>

<Transform dim="0"
 xcoef=" 0 1 0 0 0 0"
 ycoef=" 0 0 1 0 0 0">
<Contour name="d03" hidden="false" closed="true" simplified="true" border="1 0 0.501961" fill="1 0.502 0.753" mode="-11"
 points="0.22468 2.71221,
	0.238054 2.69349,
	0.256777 2.67744,
	0.299573 2.67476,
	0.320972 2.68279,
	0.331671 2.68279,
	0.339695 2.69081,
	0.353069 2.73361,
	0.347719 2.75501,
	0.347719 2.76036,
	0.328996 2.78175,
	0.323646 2.7871,
	0.28085 2.78443,
	0.270151 2.78175,
	0.264802 2.78175,
	0.243403 2.7657,
	0.227355 2.74431,
	0.22468 2.72291,
	0.22468 2.71488,
	"/>
</Transform>

<Transform dim="0"
 xcoef=" 0 1 0 0 0 0"
 ycoef=" 0 0 1 0 0 0">
<Contour name="d09cfa48b" hidden="false" closed="false" simplified="false" border="0 1 0.251" fill="0 1 0" mode="11"
 points="7.46046 3.76302,
	7.50622 3.78249,
	7.55294 3.8078,
	7.5948 3.83603,
	7.63568 3.88665,
	"/>
<Contour name="d09c48b" hidden="false" closed="true" simplified="true" border="1 0 0" fill="1 0 0" mode="-11"
 points="7.44973 3.74579,
	7.45751 3.74287,
	7.4653 3.74287,
	7.46919 3.74287,
	7.47309 3.74482,
	7.47503 3.74677,
	7.48282 3.74969,
	7.51397 3.77207,
	7.52176 3.77597,
	7.52565 3.77792,
	7.5276 3.77986,
	7.52955 3.77986,
	7.53149 3.78181,
	7.53344 3.78181,
	7.53539 3.78376,
	7.53734 3.78376,
	7.55291 3.79349,
	7.5607 3.79641,
	7.57627 3.80517,
	7.60645 3.82853,
	7.61326 3.8334,
	7.62105 3.84022,
	7.63079 3.85482,
	7.63565 3.8626,
	7.6376 3.8665,
	7.6376 3.86844,
	7.63955 3.87039,
	7.64149 3.87818,
	7.64149 3.88597,
	7.63468 3.89278,
	7.63176 3.89473,
	7.62786 3.89473,
	7.62105 3.88791,
	7.6191 3.88402,
	7.6045 3.87039,
	7.4799 3.78278,
	7.46433 3.77207,
	7.46043 3.77207,
	7.45362 3.76526,
	7.4507 3.75747,
	7.44973 3.74969,
	7.44973 3.74677,
	"/>
</Transform>

<Transform dim="0"
 xcoef=" 0 1 0 0 0 0"
 ycoef=" 0 0 1 0 0 0">
<Contour name="d10ax30" hidden="false" closed="true" simplified="true" border="0 1 1" fill="0 1 1" mode="-11"
 points="5.96595 5.60952,
	5.9718 5.59783,
	5.97472 5.58614,
	5.97764 5.5803,
	5.97764 5.56861,
	5.98348 5.54524,
	5.99517 5.52187,
	6.00247 5.49849,
	6.00686 5.45175,
	6.0127 5.44006,
	6.03607 5.42107,
	6.05945 5.40939,
	6.08282 5.405,
	6.12957 5.405,
	6.17631 5.41523,
	6.2698 5.41961,
	6.29318 5.42107,
	6.31655 5.42545,
	6.32824 5.42838,
	6.35161 5.4386,
	6.3633 5.44152,
	6.36914 5.44152,
	6.37206 5.44444,
	6.41881 5.45321,
	6.44218 5.45613,
	6.48893 5.45029,
	6.5123 5.44444,
	6.52398 5.44298,
	6.54736 5.44444,
	6.57073 5.45321,
	6.61748 5.47804,
	6.64085 5.48973,
	6.66422 5.50434,
	6.71097 5.52771,
	6.73288 5.54962,
	6.74018 5.56131,
	6.76064 5.58468,
	6.76794 5.59637,
	6.77671 5.61974,
	6.77817 5.62559,
	6.77232 5.64896,
	6.7621 5.67233,
	6.75918 5.68402,
	6.75187 5.6957,
	6.74018 5.70593,
	6.73434 5.71031,
	6.71097 5.71616,
	6.70513 5.71762,
	6.68175 5.73369,
	6.65838 5.75268,
	6.64669 5.75998,
	6.62332 5.76728,
	6.59995 5.77751,
	6.57657 5.78481,
	6.5532 5.7892,
	6.54151 5.7892,
	6.51814 5.79504,
	6.49477 5.80527,
	6.4714 5.81841,
	6.42465 5.82133,
	6.40128 5.81987,
	6.38959 5.81987,
	6.34284 5.80819,
	6.31947 5.8038,
	6.27272 5.80234,
	6.24935 5.80088,
	6.22598 5.7965,
	6.20261 5.78627,
	6.15586 5.75268,
	6.14417 5.74683,
	6.1208 5.74099,
	6.07405 5.722,
	6.05068 5.70885,
	6.02731 5.68986,
	6.01562 5.67964,
	6.00978 5.67525,
	6.00394 5.67379,
	5.98056 5.65188,
	5.9718 5.64019,
	5.96742 5.63435,
	5.96595 5.61098,
	"/>
</Transform>

<Transform dim="0"
 xcoef=" 0 1 0 0 0 0"
 ycoef=" 0 0 1 0 0 0">
<Contour name="d10ax30ssvr" hidden="false" closed="true" simplified="false" border="0 1 0" fill="0 0 0.502" mode="11"
 points="6.17633 5.47402,
	6.16539 5.46307,
	6.17633 5.45213,
	6.18727 5.46307,
	"/>
<Contour name="d10ax30ssvr" hidden="false" closed="true" simplified="false" border="0 1 0" fill="0 0 0.502" mode="11"
 points="6.20447 5.51622,
	6.19352 5.50528,
	6.20447 5.49434,
	6.21541 5.50528,
	"/>
<Contour name="d10ax30ssvr" hidden="false" closed="true" simplified="false" border="0 1 0" fill="0 0 0.502" mode="11"
 points="6.26699 5.55061,
	6.25605 5.53966,
	6.26699 5.52872,
	6.27793 5.53966,
	"/>
<Contour name="d10ax30ssvr" hidden="false" closed="true" simplified="false" border="0 1 0" fill="0 0 0.502" mode="11"
 points="6.23104 5.5975,
	6.2201 5.58656,
	6.23104 5.57562,
	6.24198 5.58656,
	"/>
<Contour name="d10ax30ssvr" hidden="false" closed="true" simplified="false" border="0 1 0" fill="0 0 0.502" mode="11"
 points="6.17789 5.60062,
	6.16695 5.58968,
	6.17789 5.57874,
	6.18883 5.58968,
	"/>
<Contour name="d10ax30ssvr" hidden="false" closed="true" simplified="false" border="0 1 0" fill="0 0 0.502" mode="11"
 points="6.11068 5.58187,
	6.09974 5.57093,
	6.11068 5.55998,
	6.12162 5.57093,
	"/>
<Contour name="d10ax30ssvr" hidden="false" closed="true" simplified="false" border="0 1 0" fill="0 0 0.502" mode="11"
 points="6.09192 5.66158,
	6.08098 5.65064,
	6.09192 5.6397,
	6.10287 5.65064,
	"/>
<Contour name="d10ax30ssvr" hidden="false" closed="true" simplified="false" border="0 1 0" fill="0 0 0.502" mode="11"
 points="6.19196 5.66471,
	6.18102 5.65377,
	6.19196 5.64283,
	6.2029 5.65377,
	"/>
<Contour name="d10ax30ssvr" hidden="false" closed="true" simplified="false" border="0 1 0" fill="0 0 0.502" mode="11"
 points="6.24511 5.49121,
	6.23416 5.48027,
	6.24511 5.46933,
	6.25605 5.48027,
	"/>
<Contour name="d10ax30ssvr" hidden="false" closed="true" simplified="false" border="0 1 0" fill="0 0 0.502" mode="11"
 points="6.30763 5.51153,
	6.29669 5.50059,
	6.30763 5.48965,
	6.31857 5.50059,
	"/>
<Contour name="d10ax30ssvr" hidden="false" closed="true" simplified="false" border="0 1 0" fill="0 0 0.502" mode="11"
 points="6.35921 5.52872,
	6.34827 5.51778,
	6.35921 5.50684,
	6.37015 5.51778,
	"/>
<Contour name="d10ax30ssvr" hidden="false" closed="true" simplified="false" border="0 1 0" fill="0 0 0.502" mode="11"
 points="6.34358 5.48652,
	6.33264 5.47558,
	6.34358 5.46464,
	6.35452 5.47558,
	"/>
<Contour name="d10ax30ssvr" hidden="false" closed="true" simplified="false" border="0 1 0" fill="0 0 0.502" mode="11"
 points="6.40454 5.55998,
	6.3936 5.54904,
	6.40454 5.5381,
	6.41548 5.54904,
	"/>
<Contour name="d10ax30ssvr" hidden="false" closed="true" simplified="false" border="0 1 0" fill="0 0 0.502" mode="11"
 points="6.47957 5.5381,
	6.46862 5.52716,
	6.47957 5.51622,
	6.49051 5.52716,
	"/>
<Contour name="d10ax30ssvr" hidden="false" closed="true" simplified="false" border="0 1 0" fill="0 0 0.502" mode="11"
 points="6.54365 5.51622,
	6.53271 5.50528,
	6.54365 5.49434,
	6.55459 5.50528,
	"/>
<Contour name="d10ax30ssvr" hidden="false" closed="true" simplified="false" border="0 1 0" fill="0 0 0.502" mode="11"
 points="6.55616 5.54748,
	6.54522 5.53654,
	6.55616 5.5256,
	6.5671 5.53654,
	"/>
<Contour name="d10ax30ssvr" hidden="false" closed="true" simplified="false" border="0 1 0" fill="0 0 0.502" mode="11"
 points="6.59211 5.5553,
	6.58117 5.54435,
	6.59211 5.53341,
	6.60305 5.54435,
	"/>
<Contour name="d10ax30ssvd" hidden="false" closed="true" simplified="false" border="1 0.502 0" fill="0 0 1" mode="11"
 points="6.24823 5.45057,
	6.23729 5.43963,
	6.24823 5.42869,
	6.25917 5.43963,
	"/>
</Transform>

<Transform dim="6"
 xcoef=" 2.85145210456812 0.88071128701406 -0.244412469810083 0 0 0"
 ycoef=" 0.298700851009433 0.0776930089054574 1.08395365576021 0 0 0">
<Image mag="0.00217549" contrast="1.155" brightness="0.015" red="true" green="true" blue="true"
 src="JYBWM.205.jpg" />
<Contour name="domain1" hidden="false" closed="true" simplified="false" border="1 0 1" fill="1 0 1" mode="11"
 points="0 0,
	4083 0,
	4083 4083,
	0 4083,
	"/>
</Transform>

<Transform dim="0"
 xcoef=" 0 1 0 0 0 0"
 ycoef=" 0 0 1 0 0 0">
<Contour name="d10cfa30b" hidden="false" closed="false" simplified="false" border="0 1 0.251" fill="0 1 0" mode="11"
 points="6.37381 5.43538,
	6.30398 5.41276,
	6.21841 5.40194,
	6.16529 5.39801,
	"/>
</Transform>

</Section>