<?xml version="1.0"?>
<!DOCTYPE Section SYSTEM "section.dtd">

<Section index="35" thickness="0.0471499" alignLocked="true">
<Transform dim="0"
 xcoef=" 0 1 0 0 0 0"
 ycoef=" 0 0 1 0 0 0">
<Contour name="d01ser" hidden="false" closed="true" simplified="true" border="0 0.501961 0.501961" fill="0 0.501961 0.501961" mode="-9"
 points="3.74777 4.21925,
	3.75351 4.21008,
	3.77186 4.19631,
	3.78104 4.19402,
	3.79022 4.19402,
	3.79939 4.19172,
	3.80628 4.18255,
	3.81545 4.17681,
	3.83381 4.17796,
	3.84299 4.17681,
	3.85216 4.16763,
	3.86134 4.16649,
	3.87052 4.16763,
	3.87511 4.17107,
	3.87625 4.17566,
	3.88084 4.1791,
	3.88543 4.1791,
	3.89002 4.17681,
	3.89805 4.16878,
	3.90723 4.16993,
	3.9164 4.17566,
	3.92099 4.18025,
	3.92558 4.18828,
	3.92673 4.19287,
	3.92329 4.20205,
	3.92099 4.20434,
	3.91182 4.20319,
	3.90723 4.20319,
	3.90493 4.20549,
	3.86822 4.20319,
	3.85905 4.20205,
	3.85446 4.20319,
	3.84987 4.20664,
	3.84069 4.20549,
	3.83151 4.20205,
	3.81316 4.20778,
	3.79481 4.20778,
	3.77645 4.21352,
	3.7581 4.22384,
	3.74892 4.22499,
	3.74777 4.2204,
	"/>
</Transform>

<Transform dim="0"
 xcoef=" 0 1 0 0 0 0"
 ycoef=" 0 0 1 0 0 0">
<Contour name="d01ser" hidden="false" closed="true" simplified="true" border="0 0.501961 0.501961" fill="0 0.501961 0.501961" mode="-9"
 points="3.46602 4.50382,
	3.48077 4.48236,
	3.48613 4.47164,
	3.48882 4.46627,
	3.49954 4.45823,
	3.50222 4.45555,
	3.50759 4.45555,
	3.51027 4.45555,
	3.51161 4.46627,
	3.51161 4.47164,
	3.51831 4.48102,
	3.521 4.4837,
	3.521 4.49443,
	3.51161 4.51588,
	3.51027 4.52125,
	3.51295 4.52393,
	3.50356 4.53197,
	3.49016 4.55343,
	3.48613 4.55879,
	3.47541 4.55879,
	3.47273 4.55879,
	3.4687 4.55343,
	3.47004 4.53197,
	3.47004 4.52125,
	3.46602 4.51052,
	3.46602 4.50516,
	"/>
</Transform>

<Transform dim="0"
 xcoef=" 0 1 0 0 0 0"
 ycoef=" 0 0 1 0 0 0">
<Contour name="d01ser" hidden="false" closed="true" simplified="true" border="0 0.501961 0.501961" fill="0 0.501961 0.501961" mode="-9"
 points="4.03645 4.6451,
	4.04281 4.63874,
	4.0444 4.62603,
	4.04917 4.62126,
	4.06188 4.61968,
	4.06506 4.61968,
	4.06824 4.62603,
	4.06824 4.63239,
	4.05711 4.64351,
	4.05394 4.65623,
	4.04917 4.66258,
	4.04281 4.66258,
	4.03804 4.65623,
	4.03645 4.64987,
	4.03645 4.64669,
	"/>
</Transform>

<Transform dim="0"
 xcoef=" 0 1 0 0 0 0"
 ycoef=" 0 0 1 0 0 0">
<Contour name="d01ser" hidden="false" closed="true" simplified="true" border="0 0.501961 0.501961" fill="0 0.501961 0.501961" mode="-9"
 points="4.13657 4.33839,
	4.14134 4.33204,
	4.14293 4.32886,
	4.15564 4.32886,
	4.15882 4.33204,
	4.15882 4.34475,
	4.15564 4.35111,
	4.14293 4.3527,
	4.13657 4.34793,
	4.13657 4.34157,
	4.13657 4.33998,
	"/>
</Transform>

<Transform dim="0"
 xcoef=" 0 1 0 0 0 0"
 ycoef=" 0 0 1 0 0 0">
<Contour name="d01ser" hidden="false" closed="true" simplified="true" border="0 0.501961 0.501961" fill="0 0.501961 0.501961" mode="-9"
 points="3.65705 4.2787,
	3.66356 4.25789,
	3.66616 4.25529,
	3.67656 4.25659,
	3.68176 4.25919,
	3.68307 4.2644,
	3.67916 4.2852,
	3.67916 4.29561,
	3.68046 4.30081,
	3.68046 4.30341,
	3.68567 4.30731,
	3.68957 4.32812,
	3.68827 4.33332,
	3.68827 4.33592,
	3.67786 4.34503,
	3.67396 4.35023,
	3.66356 4.34893,
	3.66226 4.34373,
	3.66616 4.33332,
	3.66876 4.32812,
	3.67396 4.32422,
	3.67526 4.31902,
	3.67396 4.31382,
	3.67526 4.30861,
	3.67136 4.30341,
	3.67006 4.29821,
	3.65966 4.28911,
	3.65705 4.2839,
	3.65705 4.28,
	"/>
</Transform>

<Transform dim="0"
 xcoef=" 0 1 0 0 0 0"
 ycoef=" 0 0 1 0 0 0">
<Contour name="d01ser" hidden="false" closed="true" simplified="true" border="0 0.501961 0.501961" fill="0 0.501961 0.501961" mode="-9"
 points="3.66486 4.42176,
	3.67526 4.42046,
	3.68046 4.42046,
	3.69087 4.42826,
	3.69607 4.43216,
	3.69997 4.44257,
	3.70127 4.45297,
	3.70257 4.45557,
	3.69737 4.45817,
	3.68697 4.45817,
	3.67916 4.44777,
	3.66876 4.43997,
	3.66486 4.42956,
	3.66486 4.42436,
	3.66486 4.42306,
	"/>
</Transform>

<Transform dim="0"
 xcoef=" 0 1 0 0 0 0"
 ycoef=" 0 0 1 0 0 0">
<Contour name="d01MT10" hidden="false" closed="true" simplified="false" border="1 0.501961 0" fill="1 0.498039 0" mode="-9"
 points="3.71957 4.61562,
	3.71957 4.60977,
	3.72543 4.60391,
	3.73129 4.60391,
	3.73714 4.60977,
	3.73714 4.61562,
	3.73129 4.62148,
	3.72543 4.62148,
	"/>
<Contour name="d01MT11" hidden="false" closed="true" simplified="false" border="1 0.501961 0" fill="1 0.498039 0" mode="-9"
 points="3.85721 4.68298,
	3.85721 4.67712,
	3.86306 4.67126,
	3.86892 4.67126,
	3.87478 4.67712,
	3.87478 4.68298,
	3.86892 4.68883,
	3.86306 4.68883,
	"/>
<Contour name="D06" hidden="false" closed="true" simplified="true" border="0 0 1" fill="0 0 1" mode="-9"
 points="0.586 6.99391,
	0.594577 6.94518,
	0.619468 6.90121,
	0.658236 6.86632,
	0.707087 6.84392,
	0.761239 6.8362,
	0.815391 6.84392,
	0.864242 6.86632,
	0.903011 6.90121,
	0.927902 6.94518,
	0.936478 6.99391,
	0.927902 7.04265,
	0.903011 7.08662,
	0.864242 7.12151,
	0.815391 7.14391,
	0.761239 7.15163,
	0.707087 7.14391,
	0.658236 7.12151,
	0.619468 7.08662,
	"/>
<Contour name="d09" hidden="false" closed="true" simplified="true" border="0 1 0" fill="0 1 0" mode="-11"
 points="5.07712 7.61921,
	5.08418 7.6098,
	5.08889 7.59096,
	5.08889 7.44032,
	5.08889 7.42149,
	5.08889 7.41208,
	5.0983 7.39325,
	5.10537 7.38619,
	5.11243 7.36735,
	5.13596 7.32969,
	5.14773 7.31086,
	5.17127 7.23554,
	5.17598 7.22613,
	5.20658 7.19553,
	5.23247 7.15787,
	5.24895 7.13904,
	5.27955 7.10844,
	5.28425 7.10138,
	5.29367 7.09196,
	5.3125 7.08019,
	5.32662 7.06607,
	5.34545 7.04724,
	5.36428 7.03547,
	5.3737 7.02841,
	5.38547 7.00958,
	5.4043 6.99781,
	5.42077 6.98133,
	5.42783 6.97663,
	5.46079 6.94367,
	5.4702 6.93426,
	5.48903 6.92484,
	5.50786 6.91072,
	5.54552 6.89424,
	5.58318 6.89424,
	5.65851 6.84952,
	5.67498 6.83775,
	5.69381 6.83775,
	5.70323 6.84011,
	5.71029 6.84952,
	5.7197 6.85188,
	5.7197 6.9272,
	5.72206 6.93661,
	5.72677 6.94132,
	5.73618 6.94367,
	5.75501 6.96015,
	5.76443 6.96486,
	5.77149 7.00252,
	5.7809 7.02135,
	5.8115 7.0543,
	5.81621 7.07313,
	5.82562 7.09196,
	5.83975 7.10844,
	5.84916 7.11785,
	5.84916 7.12727,
	5.85387 7.13668,
	5.85387 7.14139,
	5.86093 7.15081,
	5.86093 7.15551,
	5.89624 7.19082,
	5.90565 7.19788,
	5.92448 7.20259,
	5.94331 7.21671,
	5.96214 7.22377,
	5.98097 7.22613,
	5.98804 7.23319,
	5.98804 7.2379,
	5.99745 7.24025,
	6.00687 7.24967,
	6.0257 7.25908,
	6.03982 7.27791,
	6.05865 7.29674,
	6.06571 7.30616,
	6.06806 7.32499,
	6.07042 7.3344,
	6.07983 7.34146,
	6.09866 7.34852,
	6.10808 7.35323,
	6.11749 7.36265,
	6.11985 7.51329,
	6.11985 7.55095,
	6.11985 7.56037,
	6.11985 7.56507,
	6.10337 7.58155,
	6.08454 7.59332,
	6.04688 7.62627,
	6.03511 7.64275,
	5.9998 7.67099,
	5.96214 7.67805,
	5.94331 7.68276,
	5.86799 7.68041,
	5.86328 7.68041,
	5.84445 7.66158,
	5.83504 7.65687,
	5.75972 7.65687,
	5.74089 7.66393,
	5.72206 7.6757,
	5.71029 7.69218,
	5.71029 7.72984,
	5.71029 7.74867,
	5.71264 7.75808,
	5.72912 7.77691,
	5.74089 7.79574,
	5.7503 7.80516,
	5.75501 7.81457,
	5.75501 7.85224,
	5.7456 7.86165,
	5.73618 7.864,
	5.69852 7.86165,
	5.68204 7.84517,
	5.67263 7.83576,
	5.6538 7.8287,
	5.64438 7.82634,
	5.63967 7.82164,
	5.62084 7.81457,
	5.61143 7.80987,
	5.53611 7.80516,
	5.52669 7.7981,
	5.48903 7.79104,
	5.33839 7.78868,
	5.26307 7.78868,
	5.24424 7.78868,
	5.22541 7.78398,
	5.18775 7.76044,
	5.16892 7.75573,
	5.13126 7.75573,
	5.11243 7.75338,
	5.10537 7.73455,
	5.10537 7.71572,
	5.10537 7.7063,
	5.08183 7.66864,
	5.07712 7.63098,
	5.07712 7.62156,
	"/>
<Contour name="d09" hidden="false" closed="true" simplified="true" border="0 1 0" fill="0 1 0" mode="-11"
 points="6.58472 6.46452,
	6.60074 6.43247,
	6.60675 6.42446,
	6.67086 6.42245,
	6.68688 6.42245,
	6.70291 6.43047,
	6.71092 6.43447,
	6.74298 6.43447,
	6.77503 6.43848,
	6.79105 6.43848,
	6.80708 6.44449,
	6.82311 6.45451,
	6.82311 6.51861,
	6.8211 6.55066,
	6.8171 6.56669,
	6.81309 6.5707,
	6.80708 6.58672,
	6.79105 6.59473,
	6.77503 6.59473,
	6.71092 6.57871,
	6.6949 6.57671,
	6.66285 6.54666,
	6.64682 6.53464,
	6.63881 6.52863,
	6.60675 6.52462,
	6.59874 6.52061,
	6.58472 6.50459,
	6.58472 6.47254,
	6.58472 6.46653,
	"/>
<Contour name="d01" hidden="false" closed="true" simplified="true" border="1 1 0" fill="1 0.5 0" mode="11"
 points="3.2939 4.54712,
	3.30676 4.50595,
	3.31448 4.48536,
	3.31963 4.47507,
	3.34022 4.4622,
	3.38139 4.44676,
	3.40198 4.43904,
	3.44315 4.40559,
	3.46116 4.385,
	3.51263 4.30265,
	3.52292 4.28206,
	3.54094 4.2692,
	3.56152 4.2692,
	3.58211 4.26405,
	3.5924 4.26405,
	3.63358 4.24604,
	3.65417 4.23574,
	3.66189 4.22802,
	3.66703 4.20744,
	3.67218 4.19714,
	3.69277 4.18428,
	3.77511 4.1534,
	3.85746 4.12766,
	3.86775 4.12509,
	3.88834 4.13024,
	3.90893 4.14053,
	3.9501 4.16884,
	3.97069 4.1817,
	3.99128 4.18942,
	4.03245 4.18428,
	4.05304 4.1817,
	4.06333 4.18428,
	4.0762 4.20486,
	4.08134 4.24604,
	4.08134 4.25118,
	4.10193 4.25633,
	4.1431 4.2589,
	4.16369 4.26662,
	4.20486 4.2692,
	4.22545 4.27949,
	4.23317 4.28721,
	4.24089 4.3078,
	4.24346 4.39015,
	4.24346 4.41073,
	4.21001 4.49308,
	4.20744 4.50337,
	4.17398 4.54455,
	4.15854 4.58572,
	4.11994 4.62689,
	4.09421 4.66807,
	4.07362 4.68351,
	4.05304 4.6938,
	3.97069 4.70924,
	3.92951 4.70924,
	3.88834 4.71696,
	3.80599 4.75299,
	3.72365 4.75814,
	3.68247 4.76071,
	3.66189 4.75814,
	3.62071 4.74012,
	3.60013 4.73755,
	3.57954 4.74012,
	3.56924 4.7427,
	3.52807 4.72983,
	3.44572 4.69637,
	3.42514 4.68351,
	3.40455 4.66549,
	3.36338 4.64233,
	3.34279 4.62947,
	3.3222 4.60888,
	3.31191 4.59859,
	3.29647 4.55741,
	3.2939 4.54969,
	"/>
<Contour name="d01" hidden="false" closed="true" simplified="true" border="1 1 0" fill="1 0.5 0" mode="11"
 points="3.56152 3.90635,
	3.56667 3.88577,
	3.60785 3.80342,
	3.62586 3.79055,
	3.63615 3.78541,
	3.7185 3.77769,
	3.80085 3.77511,
	3.81114 3.77769,
	3.82915 3.79827,
	3.83945 3.80857,
	3.84974 3.89091,
	3.85746 3.93209,
	3.86003 4.01444,
	3.86261 4.05561,
	3.85746 4.0762,
	3.85489 4.08649,
	3.84459 4.09678,
	3.83687 4.11737,
	3.81886 4.13024,
	3.77769 4.14568,
	3.73651 4.15597,
	3.71593 4.16112,
	3.69534 4.16112,
	3.68505 4.15854,
	3.64387 4.11994,
	3.62329 4.1045,
	3.6027 4.08392,
	3.59498 4.07362,
	3.58983 4.03245,
	3.56667 3.99128,
	3.56152 3.97069,
	3.56152 3.92951,
	3.56152 3.90893,
	"/>
<Contour name="d02" hidden="false" closed="true" simplified="true" border="0.502 0 1" fill="1 0.5 0" mode="11"
 points="4.19248 4.81267,
	4.2015 4.77658,
	4.20375 4.76756,
	4.20375 4.76305,
	4.21052 4.75403,
	4.21728 4.71795,
	4.22179 4.6999,
	4.23307 4.68412,
	4.25111 4.6751,
	4.27592 4.64127,
	4.28494 4.62323,
	4.28494 4.61872,
	4.29847 4.60067,
	4.29847 4.59616,
	4.30524 4.58714,
	4.30524 4.58263,
	4.32102 4.5691,
	4.33005 4.56459,
	4.34809 4.56685,
	4.35711 4.56685,
	4.36613 4.57136,
	4.40221 4.57136,
	4.40672 4.57136,
	4.41123 4.56685,
	4.44732 4.56459,
	4.4834 4.56685,
	4.49919 4.58263,
	4.50595 4.59165,
	4.51272 4.60969,
	4.52851 4.62548,
	4.53527 4.6345,
	4.53978 4.63676,
	4.53753 4.6548,
	4.52174 4.67059,
	4.51497 4.67961,
	4.51272 4.69765,
	4.50595 4.71569,
	4.49919 4.75177,
	4.4834 4.76079,
	4.47889 4.76079,
	4.46536 4.77658,
	4.46085 4.78109,
	4.42477 4.79462,
	4.41574 4.79462,
	4.3977 4.80139,
	4.39319 4.80139,
	4.38417 4.80815,
	4.37966 4.80815,
	4.36613 4.82169,
	4.36162 4.83071,
	4.35711 4.83522,
	4.35485 4.84424,
	4.35034 4.84875,
	4.35034 4.85777,
	4.33907 4.87581,
	4.33456 4.88032,
	4.31651 4.88032,
	4.30749 4.88258,
	4.30298 4.88258,
	4.30073 4.88709,
	4.28269 4.8916,
	4.26464 4.8916,
	4.22856 4.88483,
	4.21052 4.88483,
	4.2015 4.88258,
	4.19473 4.87356,
	4.19248 4.83747,
	4.19248 4.81943,
	4.19248 4.81492,
	"/>
<Contour name="d03" hidden="false" closed="true" simplified="true" border="1 0 0.501961" fill="1 0.5 0" mode="11"
 points="3.47766 3.09756,
	3.48144 3.08999,
	3.48144 3.08243,
	3.48711 3.07486,
	3.49279 3.05973,
	3.49468 3.05217,
	3.49846 3.05028,
	3.49846 3.0465,
	3.52304 3.02002,
	3.53061 3.01624,
	3.54574 3.01624,
	3.5533 3.01057,
	3.56086 3.00868,
	3.56465 3.00489,
	3.57978 2.99922,
	3.5949 2.98976,
	3.60247 2.98409,
	3.60625 2.98031,
	3.61192 2.96518,
	3.61949 2.95951,
	3.64974 2.95951,
	3.66298 2.94816,
	3.68378 2.9179,
	3.68757 2.91412,
	3.70269 2.91223,
	3.71026 2.90845,
	3.71404 2.90845,
	3.72728 2.89899,
	3.74241 2.89521,
	3.74997 2.89521,
	3.75375 2.89521,
	3.75754 2.89143,
	3.76132 2.89143,
	3.77645 2.87819,
	3.78779 2.86306,
	3.80292 2.85739,
	3.8275 2.8347,
	3.84263 2.8347,
	3.85776 2.82902,
	3.88802 2.82335,
	3.90315 2.81957,
	3.91071 2.81768,
	3.91828 2.81201,
	3.92206 2.81201,
	3.94853 2.7912,
	3.97879 2.77418,
	4.0393 2.77418,
	4.04687 2.77418,
	4.05443 2.77797,
	4.05821 2.77797,
	4.08847 2.80255,
	4.09414 2.81011,
	4.09793 2.8139,
	4.09793 2.81768,
	4.11116 2.83092,
	4.11495 2.8347,
	4.11873 2.8347,
	4.12251 2.83848,
	4.13764 2.84037,
	4.1452 2.84226,
	4.15466 2.85172,
	4.15466 2.8555,
	4.166 2.87063,
	4.1887 2.89521,
	4.20004 2.91034,
	4.21517 2.92358,
	4.24165 2.94438,
	4.25677 2.95573,
	4.28703 2.95951,
	4.2946 2.96518,
	4.30216 2.98031,
	4.30594 2.98787,
	4.32107 2.99922,
	4.3362 3.00489,
	4.34187 3.01057,
	4.34755 3.0238,
	4.37024 3.04839,
	4.38537 3.05784,
	4.38726 3.06163,
	4.40239 3.06541,
	4.40995 3.0673,
	4.42508 3.07864,
	4.43075 3.09377,
	4.43075 3.12403,
	4.4213 3.15429,
	4.41562 3.16942,
	4.41562 3.1732,
	4.39293 3.19778,
	4.39104 3.20156,
	4.38726 3.20156,
	4.37969 3.20724,
	4.31918 3.22804,
	4.30594 3.24128,
	4.30216 3.24128,
	4.30027 3.24506,
	4.2927 3.24695,
	4.27758 3.26019,
	4.26245 3.26964,
	4.2511 3.27721,
	4.22084 3.28855,
	4.20572 3.29423,
	4.19815 3.29801,
	4.19059 3.29801,
	4.17546 3.30368,
	4.1679 3.30746,
	4.13764 3.30935,
	4.13007 3.30935,
	4.12251 3.31503,
	4.09225 3.3207,
	4.07712 3.32448,
	4.062 3.33205,
	4.00148 3.33205,
	3.97122 3.32259,
	3.96366 3.3207,
	3.95799 3.31503,
	3.95421 3.31503,
	3.93908 3.30557,
	3.92395 3.30557,
	3.90882 3.31125,
	3.90126 3.31503,
	3.871 3.31503,
	3.85587 3.31314,
	3.82561 3.30179,
	3.81805 3.29801,
	3.80292 3.29801,
	3.77266 3.28666,
	3.74241 3.28666,
	3.72728 3.28477,
	3.71971 3.28099,
	3.71215 3.28099,
	3.68189 3.26964,
	3.66676 3.26397,
	3.6592 3.26208,
	3.64407 3.25073,
	3.61571 3.2356,
	3.60814 3.23371,
	3.60436 3.22993,
	3.58923 3.22426,
	3.56276 3.20345,
	3.53628 3.17509,
	3.52493 3.16185,
	3.50981 3.16374,
	3.49657 3.15807,
	3.489 3.15429,
	3.48711 3.15051,
	3.48333 3.15051,
	3.47766 3.13727,
	3.47766 3.10701,
	3.47766 3.09945,
	"/>
<Contour name="d03" hidden="false" closed="true" simplified="true" border="1 0 0.501961" fill="1 0.5 0" mode="11"
 points="4.07523 3.35852,
	4.08091 3.34339,
	4.08847 3.33583,
	4.1036 3.32826,
	4.11116 3.32637,
	4.12629 3.31692,
	4.15655 3.31314,
	4.16411 3.31125,
	4.1679 3.31125,
	4.16979 3.30746,
	4.18491 3.30746,
	4.20004 3.30179,
	4.2303 3.30179,
	4.23786 3.30368,
	4.24165 3.30368,
	4.25677 3.31692,
	4.26812 3.33205,
	4.27001 3.33961,
	4.27379 3.34339,
	4.27569 3.35096,
	4.27947 3.35474,
	4.28892 3.385,
	4.2946 3.40012,
	4.30027 3.40769,
	4.3154 3.41147,
	4.32296 3.41336,
	4.32485 3.42849,
	4.31351 3.45875,
	4.30216 3.47388,
	4.29081 3.50413,
	4.28514 3.53439,
	4.27569 3.54952,
	4.26245 3.56465,
	4.24732 3.57599,
	4.21706 3.58734,
	4.20193 3.58545,
	4.18681 3.57978,
	4.16222 3.55141,
	4.14331 3.52115,
	4.13953 3.51737,
	4.12629 3.489,
	4.11873 3.47388,
	4.09603 3.44362,
	4.08469 3.41336,
	4.08091 3.4058,
	4.07712 3.40202,
	4.07523 3.37176,
	4.07523 3.36419,
	4.07523 3.36041,
	"/>
<Contour name="d04" hidden="false" closed="true" simplified="true" border="1 0 0" fill="1 0.5 0" mode="11"
 points="2.48185 5.37505,
	2.48382 5.36717,
	2.5094 5.34159,
	2.51728 5.33765,
	2.52909 5.32191,
	2.53105 5.29042,
	2.53105 5.27467,
	2.53105 5.2668,
	2.53499 5.25892,
	2.52909 5.24318,
	2.52515 5.23531,
	2.52712 5.21956,
	2.52712 5.21563,
	2.53893 5.20185,
	2.54286 5.20185,
	2.54286 5.19791,
	2.54877 5.19201,
	2.54877 5.18413,
	2.54483 5.1802,
	2.54483 5.16445,
	2.55467 5.14871,
	2.55467 5.11722,
	2.55467 5.10147,
	2.55664 5.0936,
	2.56058 5.08966,
	2.56058 5.08573,
	2.57239 5.07195,
	2.57239 5.06801,
	2.58616 5.05424,
	2.5901 5.05424,
	2.596 5.04833,
	2.62749 5.03652,
	2.64324 5.03062,
	2.65898 5.03062,
	2.69048 5.02471,
	2.75346 5.02275,
	2.7692 5.02275,
	2.83021 5.04833,
	2.84596 5.05424,
	2.87351 5.07195,
	2.88926 5.07392,
	2.905 5.06998,
	2.92075 5.06211,
	2.9365 5.06211,
	2.96799 5.07195,
	2.98176 5.08179,
	2.9857 5.08376,
	2.9916 5.07785,
	3.00735 5.07982,
	3.02309 5.08573,
	3.02703 5.08966,
	3.0349 5.09163,
	3.03687 5.09557,
	3.04081 5.09557,
	3.04868 5.10147,
	3.05262 5.10147,
	3.05458 5.10541,
	3.08608 5.10541,
	3.11757 5.09557,
	3.14906 5.08179,
	3.17464 5.05817,
	3.18055 5.05227,
	3.18252 5.04833,
	3.18645 5.04833,
	3.19236 5.04243,
	3.2081 5.04243,
	3.22385 5.04636,
	3.25534 5.04636,
	3.26321 5.04636,
	3.27699 5.0562,
	3.28486 5.06014,
	3.29273 5.06014,
	3.29864 5.06801,
	3.3006 5.13099,
	3.30257 5.16248,
	3.31241 5.17823,
	3.338 5.20185,
	3.34587 5.20775,
	3.35375 5.20972,
	3.35768 5.21366,
	3.38917 5.21563,
	3.39704 5.21956,
	3.41869 5.24908,
	3.43247 5.26286,
	3.44034 5.27073,
	3.44428 5.2727,
	3.45019 5.30419,
	3.45215 5.31994,
	3.46199 5.33371,
	3.46199 5.33765,
	3.4679 5.34356,
	3.47183 5.34552,
	3.47183 5.3534,
	3.47183 5.35733,
	3.4679 5.36127,
	3.46593 5.36914,
	3.46003 5.37701,
	3.45609 5.37701,
	3.45019 5.38292,
	3.44625 5.38292,
	3.44231 5.38686,
	3.41082 5.3967,
	3.39704 5.41244,
	3.39114 5.42031,
	3.3872 5.42425,
	3.37146 5.42819,
	3.35571 5.42819,
	3.32422 5.44,
	3.30848 5.45377,
	3.30257 5.46952,
	3.29076 5.48329,
	3.28486 5.49904,
	3.27305 5.51282,
	3.27108 5.52069,
	3.25927 5.53644,
	3.25337 5.55021,
	3.24943 5.55415,
	3.24943 5.55808,
	3.23959 5.57383,
	3.22778 5.60532,
	3.21007 5.63484,
	3.2022 5.65059,
	3.20023 5.68208,
	3.19039 5.71357,
	3.18448 5.72931,
	3.18448 5.74506,
	3.19039 5.76081,
	3.19432 5.76474,
	3.19826 5.78049,
	3.19826 5.79623,
	3.20417 5.81001,
	3.21794 5.82182,
	3.22188 5.82182,
	3.23762 5.83363,
	3.24156 5.83756,
	3.24156 5.85331,
	3.23762 5.85725,
	3.23762 5.86512,
	3.23172 5.87299,
	3.23172 5.88086,
	3.21401 5.91039,
	3.2081 5.91629,
	3.20613 5.92023,
	3.2022 5.92023,
	3.18645 5.93007,
	3.17858 5.93204,
	3.17071 5.93794,
	3.16283 5.93991,
	3.13331 5.96156,
	3.11757 5.96746,
	3.10969 5.96746,
	3.0782 5.98321,
	3.01522 5.98321,
	2.98373 5.98321,
	2.96799 5.98321,
	2.95224 5.98714,
	2.94437 5.99108,
	2.9365 5.99108,
	2.92075 5.99698,
	2.91288 5.99698,
	2.905 5.99305,
	2.87351 5.99502,
	2.85777 5.99305,
	2.84399 5.98124,
	2.84202 5.97337,
	2.83809 5.96943,
	2.83415 5.93794,
	2.83218 5.92219,
	2.82628 5.90645,
	2.82037 5.89858,
	2.81841 5.8907,
	2.80856 5.87496,
	2.79479 5.85921,
	2.78692 5.85331,
	2.78495 5.84937,
	2.78101 5.84937,
	2.75149 5.81985,
	2.73377 5.79033,
	2.7259 5.77458,
	2.7259 5.76671,
	2.72197 5.75884,
	2.71803 5.72735,
	2.70425 5.69586,
	2.67867 5.66437,
	2.66686 5.64862,
	2.66489 5.61713,
	2.66095 5.60926,
	2.66095 5.60532,
	2.63733 5.5758,
	2.63143 5.56793,
	2.62946 5.56005,
	2.61962 5.54431,
	2.60584 5.53053,
	2.54483 5.49314,
	2.52909 5.48133,
	2.51728 5.47149,
	2.51334 5.46361,
	2.51334 5.45968,
	2.50744 5.4518,
	2.50744 5.44787,
	2.48579 5.41835,
	2.48185 5.41047,
	2.48185 5.37898,
	2.48185 5.37701,
	"/>
<Contour name="d05" hidden="false" closed="true" simplified="true" border="1 0.501961 0" fill="1 0.5 0" mode="11"
 points="5.32712 4.91499,
	5.32851 4.90384,
	5.33408 4.8927,
	5.33686 4.88713,
	5.33686 4.87599,
	5.33965 4.86485,
	5.33965 4.85371,
	5.33686 4.84257,
	5.33965 4.83143,
	5.33965 4.80915,
	5.34104 4.798,
	5.34522 4.78686,
	5.34661 4.77572,
	5.35358 4.76458,
	5.37586 4.74369,
	5.38282 4.73255,
	5.39396 4.72559,
	5.4051 4.7228,
	5.41067 4.72002,
	5.42182 4.71862,
	5.42739 4.71862,
	5.43017 4.72002,
	5.44131 4.71445,
	5.45245 4.71305,
	5.46499 4.69216,
	5.47056 4.68102,
	5.47334 4.67545,
	5.47334 4.65317,
	5.46916 4.63089,
	5.46081 4.61975,
	5.45802 4.57518,
	5.45942 4.56404,
	5.46359 4.55847,
	5.46359 4.55569,
	5.46777 4.55012,
	5.46638 4.54455,
	5.47195 4.53341,
	5.49423 4.52087,
	5.50537 4.51669,
	5.54994 4.51112,
	5.57222 4.50277,
	5.59172 4.48049,
	5.5945 4.47491,
	5.61678 4.46099,
	5.62792 4.45403,
	5.6321 4.44845,
	5.63349 4.42617,
	5.63349 4.4206,
	5.64603 4.39832,
	5.65438 4.38857,
	5.66553 4.37882,
	5.67388 4.36768,
	5.67945 4.36211,
	5.68502 4.36072,
	5.68781 4.36072,
	5.72262 4.31615,
	5.73794 4.29387,
	5.74212 4.27159,
	5.74212 4.26045,
	5.7268 4.21589,
	5.72262 4.20474,
	5.71984 4.19917,
	5.71705 4.19639,
	5.71705 4.1936,
	5.69895 4.17271,
	5.69338 4.16854,
	5.69059 4.16854,
	5.68781 4.16575,
	5.64324 4.16575,
	5.6321 4.16436,
	5.62653 4.16436,
	5.61539 4.15879,
	5.61121 4.15322,
	5.60843 4.15043,
	5.60703 4.13929,
	5.60982 4.12815,
	5.61539 4.12258,
	5.61818 4.11979,
	5.62096 4.11979,
	5.62792 4.10865,
	5.62653 4.09751,
	5.62235 4.08637,
	5.62235 4.07523,
	5.62375 4.06966,
	5.64603 4.05156,
	5.65717 4.0432,
	5.66831 4.03763,
	5.67388 4.03484,
	5.69616 4.03624,
	5.7073 4.04041,
	5.71845 4.04181,
	5.76301 4.0627,
	5.7839 4.07384,
	5.80618 4.08219,
	5.81732 4.08359,
	5.82846 4.08776,
	5.83403 4.09055,
	5.84517 4.1003,
	5.85075 4.10448,
	5.86189 4.10726,
	5.88417 4.10169,
	5.89531 4.09751,
	5.90645 4.09055,
	5.91202 4.08637,
	5.9343 4.07802,
	5.95658 4.07802,
	5.96773 4.07802,
	5.99001 4.08219,
	6.01229 4.08219,
	6.05685 4.07384,
	6.10142 4.0627,
	6.11256 4.0613,
	6.15712 4.04598,
	6.17941 4.03902,
	6.18498 4.03624,
	6.19333 4.0251,
	6.1989 4.01952,
	6.20865 3.99724,
	6.22118 3.97496,
	6.22815 3.96382,
	6.23233 3.95268,
	6.23233 3.94989,
	6.23372 3.92761,
	6.22954 3.92204,
	6.22815 3.91647,
	6.22536 3.91368,
	6.22536 3.90951,
	6.26993 3.92761,
	6.29221 3.9304,
	6.29778 3.9304,
	6.30892 3.93597,
	6.3312 3.95407,
	6.34095 3.96521,
	6.34374 3.97078,
	6.34374 3.97357,
	6.34652 3.97635,
	6.34652 3.97914,
	6.36184 4.00142,
	6.36463 4.0237,
	6.36741 4.03484,
	6.36741 4.04041,
	6.37298 4.05156,
	6.37437 4.0627,
	6.37298 4.07384,
	6.37298 4.07941,
	6.36741 4.09055,
	6.35905 4.10169,
	6.34791 4.11144,
	6.34095 4.12258,
	6.33956 4.13372,
	6.34095 4.13929,
	6.34931 4.15043,
	6.35209 4.16157,
	6.3507 4.17271,
	6.34374 4.18385,
	6.32145 4.19917,
	6.31449 4.21031,
	6.31031 4.2326,
	6.31031 4.24374,
	6.30753 4.25488,
	6.30056 4.26602,
	6.29639 4.27159,
	6.2741 4.28134,
	6.25182 4.28691,
	6.24068 4.2883,
	6.22954 4.29248,
	6.2184 4.29387,
	6.20726 4.29248,
	6.20169 4.29248,
	6.17941 4.28134,
	6.15712 4.28412,
	6.13484 4.28969,
	6.11256 4.28969,
	6.10142 4.28969,
	6.07914 4.30223,
	6.07357 4.3078,
	6.05128 4.31894,
	6.04014 4.32173,
	6.01786 4.32173,
	6.00672 4.32173,
	6.00115 4.32312,
	5.99419 4.33287,
	5.98444 4.34122,
	5.9733 4.34261,
	5.97051 4.34261,
	5.96773 4.33983,
	5.96773 4.33426,
	5.96216 4.33287,
	5.95658 4.33565,
	5.95101 4.34679,
	5.92873 4.3649,
	5.92595 4.3649,
	5.90367 4.383,
	5.8967 4.39414,
	5.8967 4.41642,
	5.8967 4.42757,
	5.8967 4.43314,
	5.89949 4.43871,
	5.89949 4.44428,
	5.91063 4.46656,
	5.91898 4.4777,
	5.92455 4.48188,
	5.92734 4.48327,
	5.93291 4.48188,
	5.93987 4.47213,
	5.94405 4.46656,
	5.94962 4.46656,
	5.96076 4.47631,
	5.96633 4.48606,
	5.96633 4.4972,
	5.9733 4.50834,
	5.98444 4.51252,
	6.00672 4.51252,
	6.029 4.51948,
	6.04014 4.52366,
	6.05128 4.53341,
	6.05685 4.53758,
	6.05825 4.54872,
	6.06382 4.55429,
	6.068 4.57658,
	6.07357 4.58772,
	6.07635 4.59329,
	6.07914 4.59607,
	6.07635 4.61836,
	6.07357 4.62393,
	6.07217 4.63507,
	6.07635 4.64621,
	6.08192 4.65039,
	6.08471 4.66153,
	6.08471 4.67267,
	6.08331 4.67824,
	6.08331 4.68102,
	6.07357 4.69216,
	6.06242 4.70052,
	6.05268 4.70609,
	6.04989 4.71723,
	6.04571 4.7228,
	6.03457 4.72977,
	6.02343 4.73951,
	6.02065 4.7423,
	6.01925 4.74787,
	6.02204 4.75344,
	6.02482 4.75623,
	6.02343 4.76737,
	6.01786 4.77154,
	6.01647 4.77712,
	6.00533 4.78686,
	5.99419 4.79104,
	5.98722 4.80218,
	5.98304 4.82446,
	5.98026 4.83561,
	5.9733 4.84675,
	5.96216 4.8565,
	5.95658 4.85789,
	5.94544 4.86485,
	5.93987 4.86903,
	5.92873 4.87181,
	5.91759 4.88017,
	5.91202 4.89131,
	5.90924 4.89688,
	5.86467 4.94005,
	5.84239 4.94841,
	5.82011 4.96512,
	5.79783 4.97487,
	5.78668 4.97905,
	5.7644 4.99437,
	5.74212 4.99715,
	5.73098 4.99994,
	5.71984 5.0069,
	5.7087 5.00968,
	5.68641 5.0069,
	5.64185 5.0069,
	5.61957 5.0069,
	5.59729 4.99994,
	5.58615 4.99576,
	5.56386 4.99576,
	5.5193 5.01386,
	5.49702 5.02779,
	5.47474 5.03614,
	5.43017 5.03754,
	5.41903 5.03754,
	5.40789 5.03336,
	5.40232 5.02918,
	5.39118 5.025,
	5.38839 5.025,
	5.36611 5.0069,
	5.35915 4.99576,
	5.35636 4.99019,
	5.35079 4.98462,
	5.34801 4.96234,
	5.34522 4.95119,
	5.33686 4.94005,
	5.33129 4.93448,
	5.32851 4.9317,
	5.32712 4.92056,
	5.32712 4.91638,
	"/>
<Contour name="d05" hidden="false" closed="true" simplified="true" border="1 0.501961 0" fill="1 0.5 0" mode="11"
 points="4.69544 5.75198,
	4.70452 5.74291,
	4.71489 5.73902,
	4.72915 5.72217,
	4.73304 5.71698,
	4.73434 5.7118,
	4.73174 5.70143,
	4.73174 5.69624,
	4.74082 5.68717,
	4.75119 5.68457,
	4.75378 5.68457,
	4.76415 5.6768,
	4.77193 5.66902,
	4.77582 5.66383,
	4.77971 5.66124,
	4.78749 5.65087,
	4.79138 5.64568,
	4.79526 5.62624,
	4.79786 5.61587,
	4.81082 5.59512,
	4.81341 5.58994,
	4.81601 5.58735,
	4.81601 5.58475,
	4.8199 5.57957,
	4.8199 5.57697,
	4.82379 5.57179,
	4.82767 5.56142,
	4.82897 5.55623,
	4.82897 5.55364,
	4.83156 5.55105,
	4.83156 5.54845,
	4.83545 5.54327,
	4.83675 5.53808,
	4.85101 5.51734,
	4.85749 5.50697,
	4.86786 5.4979,
	4.8886 5.48493,
	4.89897 5.47975,
	4.91453 5.46419,
	4.92749 5.44604,
	4.93916 5.4253,
	4.95342 5.40585,
	4.95731 5.40197,
	4.9599 5.40067,
	4.9599 5.39808,
	4.96768 5.389,
	4.97287 5.38382,
	4.98324 5.37733,
	4.98842 5.37345,
	4.99102 5.36826,
	4.99102 5.36307,
	4.99361 5.36048,
	4.9975 5.35011,
	5.00528 5.33974,
	5.01046 5.33585,
	5.02083 5.33196,
	5.02213 5.32159,
	5.02213 5.3164,
	5.02861 5.30603,
	5.03769 5.29826,
	5.04287 5.29566,
	5.05324 5.29566,
	5.05972 5.30344,
	5.06491 5.30344,
	5.07009 5.29955,
	5.07658 5.29048,
	5.07917 5.28788,
	5.08954 5.284,
	5.09473 5.27881,
	5.1025 5.25807,
	5.11158 5.24899,
	5.11676 5.2451,
	5.15825 5.2451,
	5.16862 5.24899,
	5.18936 5.25029,
	5.19455 5.25288,
	5.19973 5.25288,
	5.20492 5.25548,
	5.20751 5.25677,
	5.20751 5.26714,
	5.20751 5.26974,
	5.20103 5.27881,
	5.19973 5.28918,
	5.19973 5.29437,
	5.18418 5.31122,
	5.1738 5.319,
	5.15436 5.32807,
	5.14399 5.32937,
	5.13102 5.34881,
	5.11158 5.35789,
	5.09084 5.35789,
	5.08047 5.3553,
	5.07528 5.3527,
	5.05454 5.3527,
	5.04417 5.35659,
	5.02343 5.37215,
	5.02083 5.37215,
	5.01046 5.37993,
	4.99361 5.39937,
	4.98972 5.40326,
	4.98972 5.40585,
	4.97805 5.424,
	4.97027 5.44475,
	4.96639 5.45512,
	4.96639 5.46549,
	4.97027 5.47586,
	4.97027 5.47845,
	4.98583 5.4953,
	4.98583 5.4979,
	4.99231 5.50697,
	4.99231 5.51734,
	4.97805 5.53679,
	4.97416 5.54068,
	4.97027 5.55105,
	4.97027 5.55623,
	4.95861 5.57568,
	4.95213 5.58346,
	4.94953 5.58864,
	4.94694 5.59123,
	4.94305 5.60161,
	4.94175 5.60679,
	4.93916 5.60938,
	4.93916 5.61198,
	4.92879 5.62105,
	4.92361 5.62364,
	4.90935 5.64439,
	4.90027 5.66513,
	4.8886 5.70661,
	4.8899 5.72735,
	4.89379 5.73772,
	4.89638 5.74291,
	4.89638 5.7455,
	4.89897 5.7481,
	4.90675 5.76884,
	4.91064 5.77921,
	4.90935 5.78958,
	4.90935 5.79217,
	4.90675 5.79476,
	4.89638 5.79347,
	4.8912 5.79347,
	4.88083 5.79736,
	4.87953 5.79995,
	4.87694 5.79995,
	4.86786 5.80773,
	4.86397 5.81162,
	4.86138 5.81291,
	4.86138 5.83366,
	4.86008 5.83884,
	4.85749 5.83884,
	4.85619 5.84143,
	4.84582 5.84403,
	4.83545 5.8518,
	4.83286 5.8544,
	4.83027 5.8544,
	4.82119 5.86218,
	4.8186 5.86477,
	4.79786 5.86218,
	4.79008 5.8531,
	4.78878 5.85051,
	4.77841 5.85051,
	4.77323 5.84921,
	4.77063 5.84662,
	4.76804 5.84662,
	4.7486 5.82977,
	4.746 5.82717,
	4.74341 5.82717,
	4.72915 5.81162,
	4.70841 5.79606,
	4.70322 5.79088,
	4.70322 5.7805,
	4.70322 5.77532,
	4.70322 5.77273,
	4.69544 5.76236,
	4.69544 5.75328,
	"/>
<Contour name="d05" hidden="false" closed="true" simplified="true" border="1 0.501961 0" fill="1 0.5 0" mode="11"
 points="5.85699 5.33715,
	5.85958 5.33455,
	5.86995 5.33455,
	5.87644 5.34233,
	5.87903 5.34363,
	5.88292 5.33974,
	5.88292 5.319,
	5.88421 5.30863,
	5.8894 5.30474,
	5.91014 5.30344,
	5.92051 5.29955,
	5.92699 5.29048,
	5.92959 5.28788,
	5.94903 5.2814,
	5.95422 5.27881,
	5.962 5.26844,
	5.96718 5.26325,
	5.97755 5.25936,
	5.98015 5.25677,
	5.99052 5.25288,
	6.00089 5.25159,
	6.01126 5.2477,
	6.032 5.2464,
	6.04237 5.24899,
	6.05015 5.25677,
	6.05274 5.26196,
	6.05404 5.26455,
	6.06441 5.26844,
	6.06959 5.26974,
	6.07348 5.27492,
	6.08126 5.28011,
	6.09163 5.28788,
	6.09682 5.29177,
	6.102 5.29307,
	6.1046 5.29566,
	6.10719 5.29566,
	6.11237 5.30085,
	6.12275 5.30344,
	6.13312 5.30344,
	6.1396 5.31381,
	6.14349 5.32418,
	6.15775 5.34363,
	6.16553 5.35141,
	6.18627 5.36437,
	6.19405 5.37345,
	6.19664 5.38382,
	6.19534 5.40456,
	6.18886 5.41363,
	6.17849 5.41493,
	6.1733 5.41493,
	6.16942 5.40974,
	6.16812 5.40715,
	6.15775 5.40715,
	6.15256 5.40715,
	6.14997 5.40715,
	6.14478 5.40326,
	6.14219 5.40067,
	6.13182 5.40067,
	6.12145 5.40326,
	6.11626 5.40585,
	6.09552 5.40326,
	6.07478 5.40326,
	6.06441 5.39937,
	6.05404 5.39937,
	6.04885 5.40067,
	6.02941 5.41493,
	6.00867 5.42141,
	5.99959 5.4253,
	5.99181 5.43308,
	5.97755 5.45382,
	5.96718 5.45771,
	5.95681 5.45771,
	5.95163 5.45771,
	5.94903 5.45641,
	5.94903 5.45123,
	5.94514 5.44734,
	5.9244 5.44604,
	5.91403 5.43826,
	5.91144 5.43826,
	5.90625 5.43437,
	5.90366 5.43178,
	5.90366 5.4266,
	5.90107 5.42141,
	5.90107 5.41882,
	5.88421 5.40197,
	5.88421 5.39937,
	5.87644 5.39159,
	5.87384 5.38641,
	5.87384 5.37604,
	5.87255 5.37085,
	5.87255 5.36826,
	5.86088 5.35141,
	5.85699 5.34622,
	5.85699 5.34104,
	5.85699 5.33844,
	"/>
<Contour name="d07" hidden="false" closed="true" simplified="true" border="1 0 1" fill="1 0.5 0" mode="11"
 points="3.62025 1.91716,
	3.63161 1.902,
	3.6354 1.89632,
	3.64298 1.88874,
	3.67329 1.88874,
	3.68845 1.88495,
	3.7036 1.88874,
	3.7055 1.89632,
	3.7055 1.90011,
	3.69981 1.90769,
	3.7036 1.938,
	3.70739 1.94557,
	3.70739 1.94936,
	3.72255 1.96073,
	3.73202 1.97589,
	3.73391 1.98346,
	3.72823 1.99862,
	3.69792 2.00241,
	3.68276 2.0062,
	3.66761 2.01756,
	3.66003 2.02325,
	3.64487 2.02325,
	3.6373 2.01946,
	3.62782 2.0043,
	3.62782 1.98915,
	3.63351 1.98157,
	3.63919 1.97778,
	3.62972 1.96262,
	3.62972 1.95884,
	3.62593 1.95694,
	3.62404 1.94936,
	3.62025 1.94557,
	3.62025 1.93042,
	3.62025 1.92284,
	3.62025 1.91905,
	"/>
<Contour name="d07" hidden="false" closed="true" simplified="true" border="1 0 1" fill="1 0.5 0" mode="11"
 points="2.12176 1.11771,
	2.12555 1.11014,
	2.13313 1.10256,
	2.13692 1.09877,
	2.13692 1.09498,
	2.16154 1.06467,
	2.16533 1.05709,
	2.19564 1.04194,
	2.2108 1.03246,
	2.22596 1.02868,
	2.23353 1.02489,
	2.24111 1.01731,
	2.24869 1.01352,
	2.279 1.01352,
	2.29415 1.02299,
	2.30173 1.02489,
	2.31689 1.03625,
	2.37751 1.05709,
	2.43813 1.0533,
	2.44571 1.0533,
	2.47602 1.04004,
	2.48928 1.03057,
	2.5177 1.00215,
	2.52717 0.986998,
	2.52906 0.971843,
	2.52338 0.956687,
	2.52338 0.941532,
	2.52528 0.933954,
	2.55559 0.913115,
	2.56316 0.905538,
	2.56695 0.901749,
	2.56885 0.886593,
	2.57832 0.871438,
	2.5859 0.867649,
	2.60105 0.867649,
	2.61621 0.873332,
	2.62379 0.877121,
	2.6541 0.877121,
	2.66925 0.882804,
	2.67683 0.882804,
	2.69199 0.888488,
	2.7223 0.907432,
	2.72987 0.911221,
	2.73935 0.926376,
	2.74313 0.933954,
	2.74313 0.949109,
	2.74882 0.964265,
	2.7545 0.971843,
	2.7564 0.986998,
	2.7545 1.00215,
	2.73745 1.03246,
	2.73177 1.04762,
	2.72987 1.07793,
	2.7223 1.09309,
	2.70903 1.10824,
	2.70714 1.1234,
	2.70146 1.13855,
	2.69199 1.15371,
	2.67683 1.16697,
	2.67304 1.17076,
	2.66925 1.17076,
	2.63515 1.23138,
	2.62 1.24085,
	2.61621 1.24464,
	2.61242 1.24464,
	2.59726 1.25601,
	2.58969 1.2579,
	2.57453 1.26737,
	2.54422 1.27874,
	2.52906 1.28253,
	2.52149 1.28442,
	2.50633 1.2939,
	2.47602 1.29768,
	2.4154 1.292,
	2.38509 1.28253,
	2.3813 1.27874,
	2.37372 1.27685,
	2.36993 1.27306,
	2.35478 1.26927,
	2.32447 1.27306,
	2.29415 1.27306,
	2.279 1.26737,
	2.27142 1.26548,
	2.26384 1.2598,
	2.23353 1.24843,
	2.22217 1.23517,
	2.21838 1.22001,
	2.20891 1.20486,
	2.19375 1.1916,
	2.17859 1.18212,
	2.17102 1.17834,
	2.15586 1.17644,
	2.1426 1.16697,
	2.13502 1.15181,
	2.12176 1.13855,
	2.12176 1.1234,
	2.12176 1.11961,
	"/>
<Contour name="d07" hidden="false" closed="true" simplified="true" border="1 0 1" fill="1 0.5 0" mode="11"
 points="2.01757 1.78076,
	2.03462 1.75235,
	2.08387 1.7012,
	2.11229 1.67278,
	2.11797 1.6671,
	2.12176 1.6671,
	2.12744 1.66142,
	2.13123 1.66142,
	2.15586 1.63868,
	2.17859 1.61216,
	2.18617 1.60458,
	2.18996 1.60458,
	2.19375 1.60079,
	2.20701 1.597,
	2.21838 1.58374,
	2.23353 1.57427,
	2.24869 1.56859,
	2.25627 1.5648,
	2.26384 1.5648,
	2.27142 1.55912,
	2.28468 1.55343,
	2.29226 1.55154,
	2.29605 1.54775,
	2.35667 1.54585,
	2.37183 1.54207,
	2.43245 1.54207,
	2.43624 1.54207,
	2.44381 1.54775,
	2.45897 1.55343,
	2.48928 1.55343,
	2.49686 1.55533,
	2.50065 1.55912,
	2.50444 1.55912,
	2.51012 1.5648,
	2.52528 1.56669,
	2.54043 1.56101,
	2.57074 1.56101,
	2.57642 1.55533,
	2.60674 1.55533,
	2.63705 1.56101,
	2.6522 1.5648,
	2.67872 1.58753,
	2.69009 1.5989,
	2.70525 1.60648,
	2.70714 1.61027,
	2.7223 1.61595,
	2.72987 1.61784,
	2.76018 1.63868,
	2.7886 1.65573,
	2.79428 1.66331,
	2.79807 1.67846,
	2.80186 1.68604,
	2.80186 1.69362,
	2.80565 1.69741,
	2.81891 1.72772,
	2.83217 1.74288,
	2.83786 1.74666,
	2.84354 1.75424,
	2.84733 1.75803,
	2.85112 1.75803,
	2.87196 1.78266,
	2.87385 1.81297,
	2.87953 1.82812,
	2.88143 1.84328,
	2.88711 1.85844,
	2.89469 1.86222,
	2.89848 1.86601,
	2.89848 1.89632,
	2.88143 1.95695,
	2.87953 1.9721,
	2.87574 1.97968,
	2.87006 2.00999,
	2.86438 2.01757,
	2.86438 2.02136,
	2.85301 2.03462,
	2.84922 2.0422,
	2.84922 2.07251,
	2.84733 2.08008,
	2.83596 2.09524,
	2.83407 2.1104,
	2.83407 2.11797,
	2.84543 2.13313,
	2.87385 2.15586,
	2.88901 2.16154,
	2.90416 2.17291,
	2.91553 2.18428,
	2.92311 2.18617,
	2.92689 2.18996,
	2.95721 2.20133,
	2.96478 2.20322,
	2.96668 2.20133,
	2.98183 2.20701,
	2.98941 2.20891,
	2.98373 2.23922,
	2.98373 2.25437,
	2.97804 2.26953,
	2.96857 2.28089,
	2.96289 2.28847,
	2.9591 2.30363,
	2.95531 2.3112,
	2.95531 2.31499,
	2.94394 2.33015,
	2.94394 2.33394,
	2.93637 2.33773,
	2.92879 2.33583,
	2.925 2.33583,
	2.91742 2.32068,
	2.91742 2.30552,
	2.91742 2.29794,
	2.91363 2.29037,
	2.90037 2.279,
	2.8909 2.26763,
	2.88143 2.25248,
	2.87574 2.2449,
	2.86059 2.23543,
	2.85301 2.23353,
	2.84922 2.22974,
	2.81891 2.22027,
	2.81512 2.21648,
	2.79997 2.2108,
	2.76966 2.2108,
	2.73935 2.20701,
	2.70903 2.19754,
	2.67872 2.19186,
	2.6181 2.18996,
	2.58779 2.18049,
	2.57264 2.17102,
	2.54233 2.17102,
	2.4817 2.14828,
	2.46655 2.14639,
	2.45139 2.14071,
	2.42108 2.13881,
	2.4135 2.13692,
	2.38509 2.11608,
	2.37183 2.1085,
	2.36425 2.10282,
	2.34909 2.09713,
	2.31878 2.09524,
	2.28847 2.08577,
	2.25816 2.08008,
	2.22785 2.07061,
	2.21269 2.07061,
	2.19754 2.0744,
	2.18996 2.08008,
	2.17481 2.08008,
	2.15965 2.0744,
	2.15207 2.07061,
	2.14639 2.06303,
	2.14071 2.04788,
	2.13881 2.01757,
	2.13881 2.00241,
	2.11608 1.94179,
	2.09903 1.91148,
	2.08956 1.89632,
	2.08387 1.88117,
	2.08198 1.86601,
	2.07819 1.85844,
	2.07061 1.85275,
	2.06682 1.85275,
	2.04409 1.82812,
	2.03083 1.81676,
	2.03083 1.81297,
	2.01946 1.79971,
	2.01757 1.78455,
	2.01757 1.78266,
	"/>
<Contour name="d07" hidden="false" closed="true" simplified="true" border="1 0 1" fill="1 0.5 0" mode="11"
 points="1.78266 0.475502,
	1.78834 0.460346,
	1.79024 0.445191,
	1.79403 0.437613,
	1.79403 0.430036,
	1.8016 0.41488,
	1.79971 0.384569,
	1.79971 0.376992,
	1.81297 0.367519,
	1.82055 0.365625,
	1.82434 0.361836,
	1.82812 0.361836,
	1.83381 0.356153,
	1.8357 0.348575,
	1.84707 0.335314,
	1.87738 0.325842,
	1.89254 0.322053,
	1.92285 0.322053,
	1.98347 0.308792,
	1.99862 0.306898,
	2.01378 0.301214,
	2.02136 0.29932,
	2.02515 0.29932,
	2.02893 0.295531,
	2.05925 0.293637,
	2.0744 0.29932,
	2.08956 0.312581,
	2.09524 0.31637,
	2.1104 0.31637,
	2.14071 0.327736,
	2.15397 0.339103,
	2.19375 0.39783,
	2.20322 0.412986,
	2.20701 0.416775,
	2.20701 0.420563,
	2.21269 0.428141,
	2.22785 0.437613,
	2.22974 0.445191,
	2.22596 0.452769,
	2.2108 0.462241,
	2.20512 0.467924,
	2.20133 0.48308,
	2.17102 0.503918,
	2.16912 0.532335,
	2.16912 0.54749,
	2.17481 0.562646,
	2.17859 0.570223,
	2.17859 0.585379,
	2.17481 0.592957,
	2.18049 0.608112,
	2.18996 0.621373,
	2.18996 0.628951,
	2.18049 0.644106,
	2.1767 0.649789,
	2.18049 0.664945,
	2.18049 0.668734,
	2.18428 0.672523,
	2.18238 0.687678,
	2.16912 0.700939,
	2.16533 0.706622,
	2.16154 0.708517,
	2.16154 0.723672,
	2.17102 0.753983,
	2.17102 0.769139,
	2.16533 0.784294,
	2.15586 0.797555,
	2.15776 0.81271,
	2.15776 0.816499,
	2.16154 0.820288,
	2.16723 0.835444,
	2.16723 0.865755,
	2.18428 0.894171,
	2.19375 0.907432,
	2.19564 0.922587,
	2.19564 0.930165,
	2.18617 0.960476,
	2.18428 0.990787,
	2.18428 1.00594,
	2.18238 1.00784,
	2.17859 1.00405,
	2.14828 1.01731,
	2.13313 1.02299,
	2.11797 1.02299,
	2.10282 1.0192,
	2.09524 1.01163,
	2.08766 0.99647,
	2.0763 0.981315,
	2.07061 0.975631,
	2.07061 0.960476,
	2.07061 0.952898,
	2.06114 0.939637,
	2.04598 0.930165,
	2.01567 0.922587,
	2.0081 0.916904,
	2.00052 0.91501,
	1.97021 0.888488,
	1.95884 0.873332,
	1.94937 0.86386,
	1.94937 0.803238,
	1.94747 0.788083,
	1.93611 0.757772,
	1.92853 0.742617,
	1.92474 0.735039,
	1.92474 0.73125,
	1.91337 0.719883,
	1.89822 0.708517,
	1.88306 0.700939,
	1.87549 0.700939,
	1.84517 0.689573,
	1.81676 0.666839,
	1.80539 0.655473,
	1.79971 0.647895,
	1.79403 0.63274,
	1.79213 0.572118,
	1.79024 0.541807,
	1.78266 0.511496,
	1.78266 0.481185,
	1.78266 0.477396,
	"/>
<Contour name="d10" hidden="false" closed="true" simplified="true" border="0 1 1" fill="1 0.5 0" mode="11"
 points="6.15425 7.38006,
	6.16054 7.35488,
	6.16526 7.3423,
	6.18257 7.31712,
	6.18415 7.31397,
	6.19673 7.31397,
	6.20932 7.31712,
	6.22191 7.32813,
	6.23135 7.34072,
	6.22978 7.35331,
	6.22191 7.3659,
	6.21876 7.36905,
	6.21876 7.38164,
	6.21876 7.38793,
	6.22663 7.40052,
	6.22978 7.40681,
	6.24237 7.41468,
	6.26754 7.41468,
	6.28013 7.41153,
	6.28643 7.40839,
	6.31161 7.40839,
	6.32419 7.41311,
	6.32262 7.4257,
	6.32105 7.43199,
	6.31003 7.443,
	6.28485 7.45402,
	6.27227 7.46031,
	6.25968 7.47133,
	6.25338 7.47762,
	6.24709 7.47762,
	6.22191 7.49021,
	6.20932 7.49651,
	6.19673 7.49965,
	6.18415 7.49965,
	6.17156 7.49651,
	6.16684 7.49021,
	6.16212 7.46503,
	6.16054 7.43986,
	6.15582 7.42727,
	6.15425 7.40209,
	6.15425 7.3895,
	6.15425 7.38321,
	6.15425 7.38164,
	"/>
<Contour name="d10" hidden="false" closed="true" simplified="true" border="0 1 1" fill="1 0.5 0" mode="11"
 points="4.70184 6.73175,
	4.71285 6.71916,
	4.71915 6.71444,
	4.73174 6.71129,
	4.83245 6.71129,
	4.85762 6.70972,
	4.87021 6.70815,
	4.8828 6.70028,
	4.88909 6.69713,
	4.91427 6.6987,
	4.92686 6.70342,
	4.93315 6.70657,
	4.93788 6.70185,
	4.94417 6.70185,
	4.94732 6.70185,
	4.95204 6.70815,
	4.95518 6.72073,
	4.95833 6.72703,
	4.97092 6.7349,
	4.98351 6.73962,
	4.9961 6.74119,
	5.00239 6.74434,
	5.00554 6.74434,
	5.01813 6.75378,
	5.02442 6.76007,
	5.02285 6.77266,
	5.01813 6.77896,
	5.00554 6.77896,
	4.99295 6.7821,
	4.96777 6.7821,
	4.95518 6.77896,
	4.93001 6.76165,
	4.91742 6.75693,
	4.89224 6.75693,
	4.88595 6.75693,
	4.86077 6.74906,
	4.84818 6.74434,
	4.823 6.74434,
	4.79783 6.74906,
	4.74747 6.75063,
	4.7223 6.74906,
	4.70971 6.74906,
	4.70341 6.74591,
	4.70184 6.73332,
	"/>
<Contour name="d10" hidden="false" closed="true" simplified="true" border="0 1 1" fill="1 0.5 0" mode="11"
 points="6.23135 5.51066,
	6.23607 5.50436,
	6.26125 5.49177,
	6.26754 5.48705,
	6.27384 5.47446,
	6.27699 5.46188,
	6.28013 5.45558,
	6.28013 5.4304,
	6.28171 5.41782,
	6.28643 5.40523,
	6.31161 5.38477,
	6.32419 5.38005,
	6.33049 5.3769,
	6.35567 5.3769,
	6.36196 5.37533,
	6.38714 5.36117,
	6.39973 5.36117,
	6.4249 5.35487,
	6.43749 5.347,
	6.44379 5.34228,
	6.45637 5.34071,
	6.46896 5.34543,
	6.48155 5.3533,
	6.50673 5.35172,
	6.53191 5.34543,
	6.5382 5.34386,
	6.54921 5.33442,
	6.55394 5.32183,
	6.57124 5.29665,
	6.57754 5.29036,
	6.59013 5.28249,
	6.60272 5.27934,
	6.6153 5.28091,
	6.6216 5.28249,
	6.63104 5.2935,
	6.63576 5.31868,
	6.63576 5.33127,
	6.64206 5.35645,
	6.64363 5.36903,
	6.64678 5.37533,
	6.64835 5.38792,
	6.65779 5.41309,
	6.66409 5.42568,
	6.68454 5.44929,
	6.70972 5.46345,
	6.7349 5.47289,
	6.73804 5.47446,
	6.74276 5.47132,
	6.75535 5.47289,
	6.76165 5.47289,
	6.77424 5.47761,
	6.79941 5.49177,
	6.84977 5.51223,
	6.86236 5.51695,
	6.91271 5.5201,
	6.93789 5.52167,
	6.96306 5.52954,
	6.98824 5.5437,
	7.01342 5.54213,
	7.02601 5.53741,
	7.05118 5.53426,
	7.10154 5.53426,
	7.12672 5.53269,
	7.13301 5.53111,
	7.14403 5.5201,
	7.15661 5.51852,
	7.18179 5.52482,
	7.20697 5.53583,
	7.20697 5.58619,
	7.20067 5.61136,
	7.20067 5.61451,
	7.18966 5.62553,
	7.18337 5.63182,
	7.15819 5.63812,
	7.10783 5.63969,
	7.05748 5.657,
	7.0323 5.66172,
	7.00712 5.66172,
	6.98195 5.66644,
	6.95677 5.6806,
	6.94418 5.6869,
	6.919 5.69319,
	6.86865 5.69634,
	6.84347 5.69791,
	6.8183 5.70263,
	6.79312 5.69948,
	6.76794 5.69162,
	6.75535 5.6869,
	6.705 5.6869,
	6.69241 5.6869,
	6.67982 5.68218,
	6.65464 5.66801,
	6.62947 5.66329,
	6.57911 5.66172,
	6.55394 5.66329,
	6.52876 5.65857,
	6.51617 5.65385,
	6.51302 5.65385,
	6.50043 5.64598,
	6.47526 5.64126,
	6.45008 5.64126,
	6.4249 5.63654,
	6.37455 5.61923,
	6.34937 5.61294,
	6.33678 5.61294,
	6.32419 5.60822,
	6.29902 5.59406,
	6.28643 5.59091,
	6.27384 5.58304,
	6.26754 5.57675,
	6.25338 5.55157,
	6.23293 5.52639,
	6.23135 5.5138,
	6.23135 5.51223,
	"/>
<Contour name="d10" hidden="false" closed="true" simplified="true" border="0 1 1" fill="1 0.5 0" mode="11"
 points="5.35645 6.22978,
	5.37218 6.2046,
	5.37848 6.19201,
	5.38162 6.18572,
	5.40208 6.16054,
	5.42568 6.13536,
	5.43198 6.12278,
	5.43985 6.0976,
	5.44771 6.08501,
	5.45873 6.07242,
	5.46188 6.06927,
	5.46345 6.05669,
	5.46817 6.0441,
	5.49177 6.02207,
	5.49964 6.00948,
	5.49964 5.99689,
	5.50121 5.9906,
	5.50121 5.98745,
	5.5138 5.97958,
	5.52639 5.97486,
	5.52797 5.96227,
	5.52797 5.95598,
	5.53741 5.94339,
	5.53898 5.9308,
	5.54842 5.91821,
	5.55472 5.91192,
	5.56258 5.89933,
	5.57517 5.88674,
	5.58776 5.8773,
	5.59406 5.87415,
	5.61609 5.85055,
	5.62867 5.83953,
	5.63497 5.83324,
	5.64126 5.82065,
	5.64756 5.81593,
	5.67273 5.81593,
	5.69791 5.80334,
	5.70421 5.79862,
	5.75456 5.78288,
	5.76715 5.77816,
	5.77344 5.77344,
	5.78603 5.77344,
	5.79862 5.77816,
	5.81121 5.7876,
	5.83639 5.79233,
	5.84897 5.79547,
	5.85527 5.79705,
	5.88045 5.81436,
	5.89303 5.82537,
	5.91821 5.83953,
	5.91979 5.84268,
	5.91821 5.84583,
	5.9308 5.8537,
	5.94339 5.86471,
	5.94968 5.86943,
	5.97486 5.87258,
	5.98115 5.87415,
	5.98745 5.87887,
	5.9906 5.88517,
	5.99374 5.88831,
	5.99689 5.91349,
	6.00476 5.92608,
	6.05197 5.97486,
	6.06455 6.00004,
	6.07085 6.00633,
	6.08186 6.01105,
	6.10704 6.01577,
	6.11963 6.02049,
	6.16998 6.05354,
	6.19201 6.07872,
	6.2046 6.08816,
	6.2109 6.0913,
	6.21719 6.0976,
	6.24237 6.11176,
	6.25496 6.11648,
	6.26125 6.11963,
	6.27069 6.13222,
	6.27541 6.14481,
	6.27699 6.16998,
	6.27384 6.19516,
	6.27227 6.20145,
	6.25338 6.22663,
	6.22506 6.27699,
	6.21247 6.28485,
	6.18729 6.28643,
	6.1747 6.288,
	6.16212 6.2943,
	6.15582 6.30059,
	6.14795 6.31318,
	6.13536 6.32419,
	6.12278 6.32891,
	6.0976 6.33049,
	6.08501 6.33206,
	6.07242 6.33678,
	6.06927 6.33993,
	6.06613 6.33993,
	6.05983 6.34465,
	6.00948 6.36511,
	5.9843 6.37297,
	5.97171 6.37297,
	5.95912 6.3777,
	5.94654 6.38714,
	5.92136 6.4013,
	5.89618 6.42018,
	5.88359 6.42333,
	5.871 6.42962,
	5.85842 6.43906,
	5.84583 6.44064,
	5.82065 6.43906,
	5.79547 6.44851,
	5.7703 6.43434,
	5.75771 6.42962,
	5.70735 6.42805,
	5.68218 6.42648,
	5.657 6.42176,
	5.64441 6.41703,
	5.59406 6.41546,
	5.56888 6.41546,
	5.55629 6.42018,
	5.53111 6.42176,
	5.50594 6.41703,
	5.49335 6.41389,
	5.48076 6.40759,
	5.45558 6.38871,
	5.44299 6.37612,
	5.40995 6.32577,
	5.4068 6.32262,
	5.39893 6.29744,
	5.39579 6.29115,
	5.38949 6.28485,
	5.3769 6.27699,
	5.36431 6.26597,
	5.35645 6.25338,
	5.35645 6.24079,
	5.35645 6.2345,
	5.35645 6.23135,
	"/>
<Contour name="d11" hidden="false" closed="true" simplified="true" border="1 0.501961 0" fill="1 0.5 0" mode="11"
 points="2.49822 6.35536,
	2.50412 6.33178,
	2.50854 6.31999,
	2.51591 6.30819,
	2.52475 6.29935,
	2.54686 6.27872,
	2.55423 6.25513,
	2.5557 6.24334,
	2.56012 6.23155,
	2.56307 6.22566,
	2.58371 6.20207,
	2.5955 6.19323,
	2.60729 6.18881,
	2.63087 6.1726,
	2.63677 6.16965,
	2.66035 6.14902,
	2.70456 6.10333,
	2.71636 6.09596,
	2.73994 6.08711,
	2.75173 6.08564,
	2.76352 6.08122,
	2.7871 6.06795,
	2.793 6.065,
	2.81658 6.06353,
	2.84016 6.05616,
	2.86374 6.05174,
	2.88733 6.05174,
	2.89912 6.05174,
	2.91091 6.04879,
	2.9227 6.0429,
	2.94628 6.04142,
	2.96986 6.04584,
	2.98165 6.04879,
	3.00524 6.04732,
	3.01113 6.04732,
	3.01408 6.04437,
	3.03766 6.04437,
	3.04945 6.04142,
	3.06124 6.04142,
	3.06419 6.04142,
	3.08777 6.06353,
	3.09956 6.0709,
	3.11135 6.0709,
	3.13494 6.08122,
	3.15852 6.10038,
	3.1821 6.11364,
	3.188 6.11512,
	3.19831 6.12543,
	3.20274 6.13722,
	3.22632 6.15638,
	3.23811 6.16375,
	3.24695 6.17407,
	3.25285 6.17997,
	3.26611 6.22713,
	3.26759 6.23892,
	3.26464 6.25071,
	3.26169 6.25661,
	3.23811 6.27577,
	3.22632 6.28756,
	3.20863 6.31114,
	3.18947 6.35831,
	3.188 6.3642,
	3.17915 6.37599,
	3.15704 6.39663,
	3.14525 6.40842,
	3.12167 6.42463,
	3.10988 6.42905,
	3.06272 6.45706,
	3.01555 6.48801,
	2.99197 6.4998,
	2.94481 6.51748,
	2.89764 6.53075,
	2.87406 6.53665,
	2.85048 6.54549,
	2.8269 6.55728,
	2.821 6.56023,
	2.79742 6.5617,
	2.77384 6.57497,
	2.75025 6.57349,
	2.73846 6.57054,
	2.73257 6.56907,
	2.72667 6.56465,
	2.71488 6.5617,
	2.70899 6.55875,
	2.6854 6.55875,
	2.67361 6.55875,
	2.65003 6.55138,
	2.63824 6.54401,
	2.63529 6.54401,
	2.6235 6.53517,
	2.60139 6.51159,
	2.59402 6.4998,
	2.59108 6.4939,
	2.56897 6.47032,
	2.55865 6.45853,
	2.55423 6.44674,
	2.55276 6.44084,
	2.53065 6.41873,
	2.52033 6.40842,
	2.51296 6.39663,
	2.50854 6.39073,
	2.50854 6.38778,
	2.4997 6.37599,
	2.49822 6.3642,
	2.49822 6.35831,
	2.49822 6.35683,
	"/>
<Contour name="d01c05" hidden="false" closed="true" simplified="true" border="1 0 0" fill="1 0 0" mode="11"
 points="3.52806 3.94303,
	3.53884 3.91428,
	3.55321 3.90171,
	3.56758 3.90171,
	3.57477 3.90171,
	3.58196 3.91608,
	3.58555 3.94482,
	3.58734 3.95919,
	3.59273 3.97356,
	3.6089 4.00231,
	3.61249 4.01668,
	3.61249 4.04542,
	3.61249 4.05979,
	3.6107 4.06697,
	3.60351 4.07236,
	3.58914 4.07416,
	3.58196 4.07236,
	3.57836 4.07236,
	3.54962 4.04542,
	3.54064 4.03105,
	3.52806 3.97356,
	3.52806 3.94482,
	"/>
<Contour name="d01cfa05" hidden="false" closed="false" simplified="false" border="0 0 1" fill="1 0 0" mode="11"
 points="3.59602 4.07036,
	3.58884 4.03264,
	3.5565 3.97336,
	3.56369 3.89971,
	"/>
<Contour name="d04" hidden="false" closed="true" simplified="true" border="1 0 0" fill="1 0.5 0" mode="11"
 points="3.5145 5.05569,
	3.52192 5.04085,
	3.52563 5.03714,
	3.52563 5.03343,
	3.57941 4.97779,
	3.5924 4.96296,
	3.60723 4.95183,
	3.63134 4.92401,
	3.64618 4.91103,
	3.6536 4.90546,
	3.66843 4.90361,
	3.67585 4.90361,
	3.67956 4.90361,
	3.68698 4.89805,
	3.68884 4.89434,
	3.70367 4.89434,
	3.71851 4.8999,
	3.73335 4.90917,
	3.74076 4.91288,
	3.75375 4.92772,
	3.75375 4.94256,
	3.74818 4.94998,
	3.74447 4.95368,
	3.74633 4.98336,
	3.76673 5.01303,
	3.79455 5.04085,
	3.80939 5.05012,
	3.86873 5.06867,
	3.88357 5.07423,
	3.94292 5.07609,
	4.00227 5.07423,
	4.03194 5.07423,
	4.06161 5.06867,
	4.09129 5.05569,
	4.10612 5.04642,
	4.11354 5.04271,
	4.12838 5.02787,
	4.13765 5.01303,
	4.14322 4.9982,
	4.14878 4.99078,
	4.15434 4.97594,
	4.17475 4.94812,
	4.20256 4.92216,
	4.2174 4.90917,
	4.23224 4.90176,
	4.24708 4.8999,
	4.25449 4.8999,
	4.26191 4.90361,
	4.28788 4.93143,
	4.31013 4.9611,
	4.32682 4.99078,
	4.33239 5.00561,
	4.34166 5.02045,
	4.3565 5.02972,
	4.37133 5.03529,
	4.37133 5.04271,
	4.37133 5.04642,
	4.34352 5.07423,
	4.33795 5.08907,
	4.3361 5.09649,
	4.32311 5.10947,
	4.29344 5.12431,
	4.28602 5.12802,
	4.28046 5.13544,
	4.28046 5.14286,
	4.27119 5.15769,
	4.2582 5.17253,
	4.24708 5.2022,
	4.23409 5.21704,
	4.21926 5.22817,
	4.20442 5.23373,
	4.18958 5.23559,
	4.17475 5.24115,
	4.15991 5.25228,
	4.1562 5.25599,
	4.12653 5.25599,
	4.11169 5.2597,
	4.08201 5.2801,
	4.05234 5.29679,
	4.0375 5.3005,
	4.03008 5.3005,
	4.00041 5.31163,
	3.98557 5.3209,
	3.9559 5.33388,
	3.94106 5.33759,
	3.92623 5.34501,
	3.89655 5.34315,
	3.88913 5.34315,
	3.85946 5.35799,
	3.82979 5.37839,
	3.8168 5.39323,
	3.80197 5.39508,
	3.79455 5.39508,
	3.77971 5.38767,
	3.77229 5.38396,
	3.75746 5.36912,
	3.72778 5.34872,
	3.67029 5.3005,
	3.64432 5.27268,
	3.62949 5.2597,
	3.61836 5.24486,
	3.60538 5.21519,
	3.60167 5.20035,
	3.5924 5.18551,
	3.56458 5.1614,
	3.5553 5.14657,
	3.54974 5.11689,
	3.54418 5.10947,
	3.52934 5.10391,
	3.52192 5.10205,
	3.51636 5.09464,
	3.5145 5.06496,
	3.5145 5.05754,
	"/>
<Contour name="d04c05" hidden="false" closed="true" simplified="true" border="1 0 0" fill="1 0 0" mode="11"
 points="3.83619 5.05705,
	3.84912 5.04412,
	3.87867 5.04227,
	3.89345 5.04227,
	3.923 5.05151,
	3.93777 5.0552,
	3.96733 5.0552,
	3.9821 5.0552,
	3.99688 5.05151,
	4.00981 5.05335,
	4.00796 5.0552,
	4.02274 5.05335,
	4.05229 5.04412,
	4.08184 5.0275,
	4.09661 5.01457,
	4.1077 4.99979,
	4.11508 4.98501,
	4.11878 4.97763,
	4.12617 4.97024,
	4.14094 4.96285,
	4.15572 4.9647,
	4.16311 4.96839,
	4.17049 4.97578,
	4.17419 4.97947,
	4.17234 4.99425,
	4.1668 5.00903,
	4.14833 5.03858,
	4.12432 5.06813,
	4.09477 5.08475,
	4.06522 5.09583,
	3.94701 5.10137,
	3.91746 5.10137,
	3.88791 5.09768,
	3.85835 5.08845,
	3.84358 5.07736,
	3.83619 5.06998,
	3.83619 5.06259,
	3.83619 5.05889,
	"/>
<Contour name="d04cfa05" hidden="false" closed="false" simplified="false" border="0 0 1" fill="0 0 1" mode="11"
 points="4.15368 4.96552,
	4.15368 4.96737,
	4.1444 4.98777,
	4.13142 5.01188,
	4.1036 5.0397,
	4.07393 5.05454,
	4.02942 5.06567,
	3.96822 5.06567,
	3.89959 5.06381,
	3.8421 5.05269,
	"/>
<Contour name="d05p06" hidden="false" closed="true" simplified="false" border="1 0 0" fill="1 0 0" mode="11"
 points="5.82104 4.40443,
	5.80682 4.40443,
	5.80682 4.41154,
	5.81393 4.41865,
	5.83525 4.42576,
	5.82104 4.43287,
	5.81393 4.44708,
	5.79971 4.43287,
	5.7926 4.41865,
	5.7926 4.40443,
	5.77838 4.40443,
	5.79971 4.39022,
	"/>
<Contour name="d05c06" hidden="false" closed="true" simplified="true" border="1 0 0" fill="1 0 1" mode="11"
 points="5.79972 4.06558,
	5.80874 4.05655,
	5.92423 4.05475,
	5.98197 4.05475,
	6.03972 4.04934,
	6.05415 4.04934,
	6.06859 4.04573,
	6.0722 4.04392,
	6.074 4.04753,
	6.0722 4.04934,
	6.10107 4.04753,
	6.12994 4.03851,
	6.15881 4.02588,
	6.17325 4.01685,
	6.18769 4.01144,
	6.20212 4.01144,
	6.21475 4.02046,
	6.21475 4.0349,
	6.21475 4.04212,
	6.20212 4.05655,
	6.17325 4.0746,
	6.14438 4.08723,
	6.08663 4.09986,
	6.05776 4.10888,
	6.00002 4.11791,
	5.97115 4.12332,
	5.9134 4.12332,
	5.88453 4.12152,
	5.87731 4.12152,
	5.84844 4.11249,
	5.834 4.10708,
	5.81957 4.09806,
	5.80513 4.08362,
	5.79972 4.0764,
	5.79972 4.06918,
	5.79972 4.06738,
	"/>
<Contour name="d05cfa06" hidden="false" closed="false" simplified="false" border="0 0 1" fill="1 0 1" mode="11"
 points="5.81373 4.08869,
	5.82817 4.0923,
	5.86606 4.11395,
	5.89674 4.10493,
	5.93283 4.08327,
	6.02125 4.08869,
	6.19088 4.04177,
	6.20531 4.0147,
	"/>
<Contour name="d05c09" hidden="false" closed="true" simplified="true" border="1 0 0" fill="0 1 1" mode="11"
 points="5.99471 5.40293,
	6.00267 5.39232,
	6.0239 5.38171,
	6.06636 5.38436,
	6.08759 5.38701,
	6.10617 5.40028,
	6.10617 5.4109,
	6.10086 5.4162,
	6.0584 5.43213,
	6.04778 5.44009,
	6.02655 5.44539,
	6.00532 5.44539,
	5.99471 5.43743,
	5.99471 5.4162,
	5.99471 5.40559,
	"/>
<Contour name="d05cfa09" hidden="false" closed="false" simplified="false" border="0 0 1" fill="0 1 1" mode="11"
 points="5.99822 5.43433,
	6.09906 5.39983,
	"/>
<Contour name="d07p08" hidden="false" closed="true" simplified="false" border="1 0 0" fill="0 1 0" mode="11"
 points="2.71372 2.1559,
	2.71372 2.12589,
	2.74373 2.12589,
	2.74373 2.09589,
	2.77373 2.09589,
	2.77373 2.12589,
	2.80374 2.12589,
	2.80374 2.1559,
	2.77373 2.1559,
	2.77373 2.1859,
	2.74373 2.1859,
	2.74373 2.1559,
	"/>
<Contour name="d07c07" hidden="false" closed="true" simplified="true" border="1 0 0" fill="0 1 0" mode="11"
 points="2.26385 0.998016,
	2.27758 0.979704,
	2.31421 0.954525,
	2.35083 0.933923,
	2.36914 0.924767,
	2.38746 0.920189,
	2.4607 0.922478,
	2.49733 0.931634,
	2.50649 0.933923,
	2.51106 0.933923,
	2.51335 0.938501,
	2.51106 0.943079,
	2.52022 0.947658,
	2.53624 0.96597,
	2.53624 1.00259,
	2.53166 1.02091,
	2.52251 1.03922,
	2.50649 1.05753,
	2.48817 1.06898,
	2.45155 1.08271,
	2.43324 1.08729,
	2.35999 1.08729,
	2.32336 1.08042,
	2.30505 1.07127,
	2.27072 1.04151,
	2.26385 1.0232,
	2.26385 1.00488,
	2.26385 1.00031,
	"/>
<Contour name="d07cfa07" hidden="false" closed="true" simplified="true" border="0 0 1" fill="0 1 0" mode="11"
 points="2.26385 0.988016,
	2.27758 0.969704,
	2.31421 0.944525,
	2.35083 0.923923,
	2.36914 0.914767,
	2.38746 0.910189,
	2.4607 0.912478,
	2.49733 0.921634,
	2.50649 0.923923,
	2.51106 0.923923,
	2.51335 0.928501,
	2.51106 0.933079,
	2.52022 0.937658,
	2.53624 0.95597,
	2.53624 0.99259,
	2.53166 1.01091,
	2.52251 1.02922,
	2.50649 1.04753,
	2.48817 1.05898,
	2.45155 1.07271,
	2.43324 1.07729,
	2.35999 1.07729,
	2.32336 1.07042,
	2.30505 1.06127,
	2.27072 1.03151,
	2.26385 1.0132,
	2.26385 0.99488,
	2.26385 0.99031,
	"/>
<Contour name="d10c08" hidden="false" closed="true" simplified="true" border="1 0 0" fill="1 0 0" mode="11"
 points="6.62105 5.37384,
	6.62385 5.36638,
	6.62572 5.36265,
	6.63317 5.35613,
	6.64063 5.3524,
	6.64809 5.3524,
	6.65182 5.3524,
	6.65554 5.3552,
	6.65927 5.36265,
	6.66393 5.37757,
	6.66673 5.38502,
	6.67232 5.39248,
	6.68724 5.40646,
	6.69003 5.41019,
	6.69003 5.41206,
	6.70122 5.42697,
	6.71334 5.44002,
	6.71707 5.44375,
	6.74689 5.45773,
	6.76181 5.46333,
	6.77672 5.46705,
	6.78418 5.46892,
	6.79909 5.46985,
	6.82892 5.47824,
	6.85875 5.48476,
	6.91841 5.48663,
	6.93332 5.49036,
	6.96315 5.50154,
	6.97807 5.5062,
	6.99298 5.50714,
	7.0079 5.50993,
	7.02281 5.51553,
	7.03027 5.52205,
	7.034 5.52578,
	7.03586 5.52951,
	7.03493 5.53696,
	7.03306 5.54069,
	7.02561 5.54722,
	7.02188 5.55002,
	7.00696 5.55281,
	6.99205 5.55281,
	6.98459 5.55281,
	6.95476 5.54442,
	6.93985 5.53976,
	6.92493 5.53696,
	6.89511 5.52858,
	6.88765 5.52671,
	6.87273 5.52671,
	6.85782 5.52858,
	6.84291 5.52858,
	6.83545 5.52858,
	6.82053 5.52485,
	6.81308 5.52298,
	6.79816 5.51553,
	6.78325 5.5062,
	6.77579 5.50154,
	6.76088 5.49595,
	6.73105 5.49315,
	6.71613 5.49036,
	6.70122 5.4857,
	6.67139 5.46985,
	6.66393 5.46426,
	6.64995 5.44934,
	6.6397 5.43443,
	6.63224 5.41951,
	6.62758 5.41206,
	6.62199 5.39714,
	6.62105 5.38223,
	6.62105 5.37477,
	"/>
<Contour name="d10cfa08" hidden="false" closed="false" simplified="false" border="0 0 1" fill="1 0 0" mode="11"
 points="7.03745 5.52975,
	7.02906 5.53255,
	7.01974 5.53441,
	6.99923 5.53255,
	6.97593 5.52509,
	6.94796 5.51857,
	6.90695 5.5167,
	6.87898 5.51204,
	6.85102 5.50458,
	6.81839 5.49153,
	6.77551 5.47103,
	6.73823 5.46823,
	6.7084 5.45332,
	6.67204 5.42535,
	6.64408 5.35264,
	"/>
<Contour name="d11p09" hidden="false" closed="true" simplified="false" border="1 0 0" fill="1 0.5 0" mode="11"
 points="2.98506 6.4349,
	2.98506 6.43143,
	2.98853 6.42795,
	2.992 6.42795,
	2.99548 6.43143,
	2.99548 6.4349,
	2.992 6.43837,
	2.98853 6.43837,
	"/>
<Contour name="d11c09" hidden="false" closed="true" simplified="true" border="1 0 0" fill="0 1 1" mode="11"
 points="2.94706 6.51236,
	2.95922 6.49847,
	3.01479 6.46373,
	3.02173 6.45679,
	3.07731 6.42032,
	3.0912 6.41337,
	3.10509 6.41337,
	3.11204 6.41337,
	3.11725 6.42032,
	3.11899 6.43421,
	3.11899 6.44116,
	3.11204 6.45505,
	3.10509 6.462,
	3.10683 6.46373,
	3.09294 6.46894,
	3.03736 6.50889,
	3.00958 6.52104,
	2.98179 6.53667,
	2.95401 6.54188,
	2.9488 6.53667,
	2.94706 6.52278,
	2.94706 6.51583,
	2.94706 6.5141,
	"/>
<Contour name="d11cfa09" hidden="false" closed="false" simplified="false" border="0 0 1" fill="0 1 1" mode="11"
 points="2.95033 6.52868,
	3.03195 6.49221,
	3.11704 6.43143,
	"/>
<Contour name="d01mito01" hidden="false" closed="true" simplified="true" border="1 0 0" fill="1 0 0" mode="11"
 points="3.70469 4.25442,
	3.71541 4.2437,
	3.72078 4.23968,
	3.74223 4.23968,
	3.75296 4.23833,
	3.75832 4.23699,
	3.761 4.23699,
	3.77173 4.23029,
	3.77709 4.22627,
	3.77977 4.22359,
	3.80123 4.21688,
	3.84413 4.21688,
	3.86559 4.21688,
	3.88704 4.21956,
	3.89777 4.22359,
	3.90313 4.22493,
	3.91386 4.23565,
	3.92056 4.24638,
	3.9219 4.25711,
	3.92592 4.26783,
	3.94604 4.2866,
	3.95676 4.29465,
	3.96078 4.30538,
	3.9581 4.34828,
	3.95542 4.35901,
	3.94738 4.36973,
	3.93665 4.37778,
	3.93397 4.38314,
	3.92324 4.39253,
	3.92056 4.39521,
	3.87765 4.40862,
	3.8562 4.41666,
	3.85084 4.41666,
	3.82938 4.42471,
	3.80793 4.42605,
	3.78648 4.42203,
	3.78111 4.41935,
	3.77843 4.41935,
	3.75698 4.4046,
	3.71944 4.36169,
	3.71541 4.35096,
	3.71541 4.30806,
	3.71541 4.2866,
	3.71139 4.27588,
	3.70737 4.27051,
	3.70469 4.26783,
	3.70469 4.25711,
	3.70469 4.25577,
	"/>
<Contour name="d02ser" hidden="false" closed="true" simplified="true" border="0.251 0.502 0.502" fill="0 0.502 0.502" mode="-9"
 points="4.24429 4.81415,
	4.26063 4.80802,
	4.27697 4.79576,
	4.29331 4.78964,
	4.30965 4.78964,
	4.32599 4.79576,
	4.34233 4.80598,
	4.34437 4.81415,
	4.34029 4.83049,
	4.33008 4.84478,
	4.31374 4.83866,
	4.28106 4.8407,
	4.27289 4.8407,
	4.25655 4.83253,
	4.24838 4.82844,
	4.24429 4.8264,
	4.24429 4.81823,
	4.24429 4.81619,
	"/>
<Contour name="d02ser" hidden="false" closed="true" simplified="true" border="0.251 0.502 0.502" fill="0 0.502 0.502" mode="-9"
 points="4.23848 4.73498,
	4.25172 4.72505,
	4.26496 4.72671,
	4.26993 4.75319,
	4.26331 4.7565,
	4.25006 4.7565,
	4.24344 4.75484,
	4.23848 4.74822,
	4.23848 4.73664,
	"/>
<Contour name="d02ser" hidden="false" closed="true" simplified="true" border="0.251 0.502 0.502" fill="0 0.502 0.502" mode="-9"
 points="4.2782 4.69361,
	4.28317 4.68037,
	4.28648 4.67706,
	4.2931 4.67706,
	4.29806 4.6903,
	4.30468 4.69195,
	4.30799 4.69361,
	4.30965 4.70685,
	4.30303 4.71347,
	4.28979 4.71512,
	4.28317 4.71181,
	4.2782 4.70519,
	4.2782 4.69857,
	4.2782 4.69526,
	"/>
<Contour name="d02ser" hidden="false" closed="true" simplified="true" border="0.251 0.502 0.502" fill="0 0.502 0.502" mode="-9"
 points="4.30965 4.61251,
	4.32289 4.61086,
	4.32454 4.6241,
	4.32785 4.63072,
	4.32951 4.63237,
	4.32785 4.63403,
	4.33778 4.64727,
	4.34937 4.65554,
	4.36095 4.66878,
	4.36592 4.6754,
	4.36923 4.68864,
	4.3775 4.70188,
	4.38412 4.70519,
	4.38743 4.70685,
	4.38578 4.71347,
	4.37254 4.71512,
	4.3593 4.71016,
	4.33447 4.68864,
	4.32785 4.68533,
	4.32123 4.67871,
	4.31792 4.6754,
	4.32123 4.64892,
	4.31627 4.63568,
	4.3113 4.62906,
	4.30965 4.61582,
	4.30965 4.61417,
	"/>
<Contour name="d03ser" hidden="false" closed="true" simplified="true" border="0.251 0.502 0.502" fill="0 0.502 0.502" mode="-9"
 points="3.80637 2.94834,
	3.81746 2.93864,
	3.82855 2.93171,
	3.83409 2.92893,
	3.83964 2.92339,
	3.85072 2.91646,
	3.8729 2.91646,
	3.87568 2.91785,
	3.87429 2.91923,
	3.87983 2.92062,
	3.88261 2.92339,
	3.88261 2.93448,
	3.88122 2.94002,
	3.87706 2.94418,
	3.85488 2.9428,
	3.84379 2.94418,
	3.8327 2.95111,
	3.82716 2.95389,
	3.82439 2.95666,
	3.8133 2.95666,
	3.80775 2.95389,
	3.80637 2.94973,
	"/>
<Contour name="d03ser" hidden="false" closed="true" simplified="true" border="0.251 0.502 0.502" fill="0 0.502 0.502" mode="-9"
 points="3.98379 3.25745,
	3.98795 3.25191,
	3.99904 3.25191,
	4.00459 3.25329,
	4.00736 3.25607,
	4.01845 3.25745,
	4.02122 3.25884,
	4.02261 3.25745,
	4.02122 3.25607,
	4.02399 3.25468,
	4.03508 3.25884,
	4.04063 3.263,
	4.0434 3.26854,
	4.0434 3.27963,
	4.0434 3.28518,
	4.04201 3.28795,
	4.03647 3.28795,
	4.03231 3.28379,
	4.02261 3.28795,
	4.01706 3.28656,
	4.00736 3.27824,
	3.98518 3.26854,
	3.98379 3.25884,
	"/>
<Contour name="d03ser" hidden="false" closed="true" simplified="true" border="0.251 0.502 0.502" fill="0 0.502 0.502" mode="-9"
 points="3.52913 3.04596,
	3.53686 3.03822,
	3.55233 3.03049,
	3.58325 3.02083,
	3.59871 3.02083,
	3.60644 3.02276,
	3.61224 3.02856,
	3.61224 3.03629,
	3.59871 3.04596,
	3.58325 3.05175,
	3.58132 3.05369,
	3.58325 3.05562,
	3.56779 3.05948,
	3.56006 3.06142,
	3.55619 3.06528,
	3.54073 3.06721,
	3.533 3.06721,
	3.52913 3.05948,
	3.52913 3.05175,
	3.52913 3.04789,
	"/>
<Contour name="d01MT1" hidden="false" closed="true" simplified="false" border="1 0.501961 0" fill="1 0.498039 0" mode="-9"
 points="3.95385 4.40771,
	3.95385 4.40185,
	3.9597 4.39599,
	3.96556 4.39599,
	3.97142 4.40185,
	3.97142 4.40771,
	3.96556 4.41356,
	3.9597 4.41356,
	"/>
<Contour name="d01MT2" hidden="false" closed="true" simplified="false" border="1 0.501961 0" fill="1 0.498039 0" mode="-9"
 points="4.13541 4.40478,
	4.13541 4.39892,
	4.14126 4.39306,
	4.14712 4.39306,
	4.15298 4.39892,
	4.15298 4.40478,
	4.14712 4.41063,
	4.14126 4.41063,
	"/>
<Contour name="d01MT3" hidden="false" closed="true" simplified="false" border="1 0.501961 0" fill="1 0.498039 0" mode="-9"
 points="4.02706 4.36378,
	4.02706 4.35792,
	4.03291 4.35207,
	4.03877 4.35207,
	4.04463 4.35792,
	4.04463 4.36378,
	4.03877 4.36964,
	4.03291 4.36964,
	"/>
<Contour name="d01MT4" hidden="false" closed="true" simplified="false" border="1 0.501961 0" fill="1 0.498039 0" mode="-9"
 points="3.54679 4.55413,
	3.54679 4.54827,
	3.55265 4.54241,
	3.55851 4.54241,
	3.56437 4.54827,
	3.56437 4.55413,
	3.55851 4.55998,
	3.55265 4.55998,
	"/>
<Contour name="d01MT5" hidden="false" closed="true" simplified="false" border="1 0.501961 0" fill="1 0.498039 0" mode="-9"
 points="3.56729 4.65955,
	3.56729 4.65369,
	3.57315 4.64784,
	3.57901 4.64784,
	3.58486 4.65369,
	3.58486 4.65955,
	3.57901 4.66541,
	3.57315 4.66541,
	"/>
<Contour name="d01MT6" hidden="false" closed="true" simplified="false" border="1 0.501961 0" fill="1 0.498039 0" mode="-9"
 points="3.67857 4.44578,
	3.67857 4.43992,
	3.68443 4.43406,
	3.69029 4.43406,
	3.69614 4.43992,
	3.69614 4.44578,
	3.69029 4.45163,
	3.68443 4.45163,
	"/>
<Contour name="d01MT7" hidden="false" closed="true" simplified="false" border="1 0.501961 0" fill="1 0.498039 0" mode="-9"
 points="3.62879 4.59805,
	3.62879 4.5922,
	3.63465 4.58634,
	3.6405 4.58634,
	3.64636 4.5922,
	3.64636 4.59805,
	3.6405 4.60391,
	3.63465 4.60391,
	"/>
<Contour name="d01MT8" hidden="false" closed="true" simplified="false" border="1 0.501961 0" fill="1 0.498039 0" mode="-9"
 points="3.75764 4.67712,
	3.75764 4.67126,
	3.7635 4.66541,
	3.76935 4.66541,
	3.77521 4.67126,
	3.77521 4.67712,
	3.76935 4.68298,
	3.7635 4.68298,
	"/>
<Contour name="d01MT9" hidden="false" closed="true" simplified="false" border="1 0.501961 0" fill="1 0.498039 0" mode="-9"
 points="3.81621 4.46627,
	3.81621 4.46042,
	3.82207 4.45456,
	3.82792 4.45456,
	3.83378 4.46042,
	3.83378 4.46627,
	3.82792 4.47213,
	3.82207 4.47213,
	"/>
</Transform>

<Transform dim="0"
 xcoef=" 0 1 0 0 0 0"
 ycoef=" 0 0 1 0 0 0">
<Contour name="d01MT13" hidden="false" closed="true" simplified="false" border="1 0.501961 0" fill="1 0.498039 0" mode="-9"
 points="4.09441 4.47506,
	4.09441 4.4692,
	4.10027 4.46335,
	4.10612 4.46335,
	4.11198 4.4692,
	4.11198 4.47506,
	4.10612 4.48092,
	4.10027 4.48092,
	"/>
<Contour name="d01MT14" hidden="false" closed="true" simplified="false" border="1 0.501961 0" fill="1 0.498039 0" mode="-9"
 points="3.54387 4.47213,
	3.54387 4.46627,
	3.54972 4.46042,
	3.55558 4.46042,
	3.56144 4.46627,
	3.56144 4.47213,
	3.55558 4.47799,
	3.54972 4.47799,
	"/>
<Contour name="d01MT15" hidden="false" closed="true" simplified="false" border="1 0.501961 0" fill="1 0.498039 0" mode="-9"
 points="4.05927 4.28471,
	4.05927 4.27886,
	4.06512 4.273,
	4.07098 4.273,
	4.07684 4.27886,
	4.07684 4.28471,
	4.07098 4.29057,
	4.06512 4.29057,
	"/>
<Contour name="d01MT16" hidden="false" closed="true" simplified="false" border="1 0.501961 0" fill="1 0.498039 0" mode="-9"
 points="4.13834 4.34621,
	4.13834 4.34035,
	4.14419 4.3345,
	4.15005 4.3345,
	4.15591 4.34035,
	4.15591 4.34621,
	4.15005 4.35207,
	4.14419 4.35207,
	"/>
</Transform>

<Transform dim="0"
 xcoef=" 0 1 0 0 0 0"
 ycoef=" 0 0 1 0 0 0">
<Contour name="d01MT17" hidden="false" closed="true" simplified="false" border="1 0.501961 0" fill="1 0.498039 0" mode="-9"
 points="3.57022 4.37549,
	3.57022 4.36964,
	3.57608 4.36378,
	3.58194 4.36378,
	3.58779 4.36964,
	3.58779 4.37549,
	3.58194 4.38135,
	3.57608 4.38135,
	"/>
</Transform>

<Transform dim="0"
 xcoef=" 0 1 0 0 0 0"
 ycoef=" 0 0 1 0 0 0">
<Contour name="d01MT18" hidden="false" closed="true" simplified="false" border="1 0.501961 0" fill="1 0.498039 0" mode="-9"
 points="3.66979 4.53363,
	3.66979 4.52777,
	3.67565 4.52191,
	3.6815 4.52191,
	3.68736 4.52777,
	3.68736 4.53363,
	3.6815 4.53949,
	3.67565 4.53949,
	"/>
</Transform>

<Transform dim="0"
 xcoef=" 0 1 0 0 0 0"
 ycoef=" 0 0 1 0 0 0">
<Contour name="Ax01" hidden="false" closed="true" simplified="true" border="1 0.502 0" fill="1 0.498 0" mode="-11"
 points="3.30241 5.11977,
	3.3301 5.099,
	3.35779 5.099,
	3.37164 5.10246,
	3.37856 5.10246,
	3.38895 5.13015,
	3.39241 5.15785,
	3.39933 5.17169,
	3.39587 5.19939,
	3.36818 5.20285,
	3.35433 5.19939,
	3.32664 5.18208,
	3.30933 5.16477,
	3.30241 5.13708,
	3.30241 5.12323,
	"/>
</Transform>

<Transform dim="0"
 xcoef=" 0 1 0 0 0 0"
 ycoef=" 0 0 1 0 0 0">
<Contour name="Ax03" hidden="false" closed="true" simplified="true" border="1 0.502 0.753" fill="1 0.502 0.753" mode="-11"
 points="5.79646 5.70631,
	5.80314 5.69963,
	5.80314 5.69295,
	5.82985 5.67626,
	5.85656 5.66624,
	5.90999 5.6629,
	5.96341 5.6796,
	6.01683 5.70297,
	6.07026 5.73302,
	6.09697 5.74972,
	6.11366 5.77643,
	6.1337 5.82985,
	6.16041 5.84989,
	6.18378 5.90331,
	6.19714 5.95673,
	6.20048 5.98344,
	6.20716 5.99012,
	6.20716 6.01683,
	6.18378 6.04021,
	6.17043 6.04355,
	6.117 6.02351,
	6.09029 6.00682,
	6.06358 5.98344,
	6.04689 5.95673,
	6.04689 5.94338,
	6.02351 5.92,
	6.02017 5.90665,
	6.0135 5.89997,
	6.0135 5.89329,
	5.99012 5.86992,
	5.96341 5.85656,
	5.95339 5.84655,
	5.94672 5.84655,
	5.94004 5.83987,
	5.93336 5.83987,
	5.87994 5.7998,
	5.87326 5.7998,
	5.84989 5.78311,
	5.82317 5.75973,
	5.80314 5.73636,
	5.79646 5.723,
	5.79646 5.70965,
	"/>
</Transform>

<Transform dim="0"
 xcoef=" 0 1 0 0 0 0"
 ycoef=" 0 0 1 0 0 0">
<Contour name="Ax04" hidden="false" closed="true" simplified="true" border="1 0 0" fill="1 0 0" mode="-11"
 points="8.05823 6.81103,
	8.06086 6.80053,
	8.07661 6.78215,
	8.09762 6.76902,
	8.10287 6.76902,
	8.10812 6.76377,
	8.12912 6.75852,
	8.13438 6.75852,
	8.13963 6.75326,
	8.18164 6.74276,
	8.22365 6.73751,
	8.24465 6.73226,
	8.28667 6.73226,
	8.32868 6.74276,
	8.37069 6.74801,
	8.39169 6.75589,
	8.40745 6.77164,
	8.42845 6.78477,
	8.46521 6.82416,
	8.47834 6.84516,
	8.48622 6.88717,
	8.48359 6.89768,
	8.48359 6.90293,
	8.46521 6.92131,
	8.4232 6.93444,
	8.4022 6.93706,
	8.36018 6.95544,
	8.31817 6.96857,
	8.23415 6.96857,
	8.19214 6.96332,
	8.15013 6.94494,
	8.13175 6.93181,
	8.09236 6.89243,
	8.07661 6.87667,
	8.06348 6.85567,
	8.05823 6.83466,
	8.05823 6.81366,
	"/>
</Transform>

<Transform dim="0"
 xcoef=" 0 1 0 0 0 0"
 ycoef=" 0 0 1 0 0 0">
<Contour name="d04" hidden="false" closed="true" simplified="true" border="1 0 0" fill="1 0 0" mode="-11"
 points="3.66045 5.94158,
	3.6666 5.92518,
	3.67685 5.90878,
	3.6912 5.89239,
	3.6953 5.88419,
	3.70964 5.86984,
	3.71784 5.86165,
	3.75063 5.8473,
	3.76703 5.8473,
	3.77523 5.84935,
	3.80802 5.8473,
	3.81622 5.84935,
	3.82442 5.8555,
	3.83056 5.87189,
	3.83261 5.88009,
	3.83261 5.88419,
	3.83876 5.89239,
	3.83876 5.89649,
	3.84286 5.90059,
	3.84286 5.90469,
	3.86746 5.93133,
	3.8982 5.94978,
	3.9105 5.96002,
	3.91869 5.96822,
	3.92074 6.00101,
	3.91869 6.00921,
	3.92279 6.02561,
	3.92279 6.042,
	3.91869 6.0584,
	3.8859 6.0584,
	3.8777 6.06045,
	3.86541 6.07275,
	3.84901 6.08299,
	3.81622 6.09324,
	3.79982 6.09324,
	3.78343 6.08709,
	3.77933 6.08709,
	3.77728 6.08299,
	3.76908 6.08094,
	3.74039 6.0584,
	3.70759 6.03176,
	3.69325 6.02151,
	3.66865 5.99077,
	3.66045 5.97437,
	3.66045 5.94363,
	"/>
</Transform>

<Transform dim="0"
 xcoef=" 0 1 0 0 0 0"
 ycoef=" 0 0 1 0 0 0">
<Contour name="d07p07dia" hidden="false" closed="false" simplified="true" border="1 0 1" fill="1 0 1" mode="-9"
 points="2.13867 1.16982,
	2.73859 0.939816,
	"/>
</Transform>

<Transform dim="0"
 xcoef=" 0 1 0 0 0 0"
 ycoef=" 0 0 1 0 0 0">
<Contour name="d07rb08_1" hidden="false" closed="true" simplified="false" border="0.251 0 0.502" fill="0.251 0 0.502" mode="-9"
 points="2.63478 2.046,
	2.63273 2.04531,
	2.63478 2.04463,
	2.63341 2.04259,
	2.63546 2.04395,
	2.63614 2.0419,
	2.63683 2.04395,
	2.63887 2.04259,
	2.63751 2.04463,
	2.63955 2.04531,
	2.63751 2.046,
	2.63887 2.04804,
	2.63683 2.04668,
	2.63614 2.04873,
	2.63546 2.04668,
	2.63341 2.04804,
	"/>
<Contour name="d07rb08_2" hidden="false" closed="true" simplified="false" border="0.251 0 0.502" fill="0.251 0 0.502" mode="-9"
 points="2.62523 2.02484,
	2.62318 2.02416,
	2.62523 2.02348,
	2.62386 2.02143,
	2.62591 2.0228,
	2.62659 2.02075,
	2.62727 2.0228,
	2.62932 2.02143,
	2.62795 2.02348,
	2.63 2.02416,
	2.62795 2.02484,
	2.62932 2.02689,
	2.62727 2.02553,
	2.62659 2.02757,
	2.62591 2.02553,
	2.62386 2.02689,
	"/>
<Contour name="d07rb08_3" hidden="false" closed="true" simplified="false" border="0.251 0 0.502" fill="0.251 0 0.502" mode="-9"
 points="2.65593 2.01939,
	2.65388 2.0187,
	2.65593 2.01802,
	2.65457 2.01597,
	2.65661 2.01734,
	2.6573 2.01529,
	2.65798 2.01734,
	2.66002 2.01597,
	2.65866 2.01802,
	2.66071 2.0187,
	2.65866 2.01939,
	2.66002 2.02143,
	2.65798 2.02007,
	2.6573 2.02212,
	2.65661 2.02007,
	2.65457 2.02143,
	"/>
<Contour name="d07rb08_4" hidden="false" closed="true" simplified="false" border="0.251 0 0.502" fill="0.251 0 0.502" mode="-9"
 points="2.69551 2.02689,
	2.69346 2.02621,
	2.69551 2.02553,
	2.69414 2.02348,
	2.69619 2.02484,
	2.69687 2.0228,
	2.69755 2.02484,
	2.6996 2.02348,
	2.69824 2.02553,
	2.70028 2.02621,
	2.69824 2.02689,
	2.6996 2.02894,
	2.69755 2.02757,
	2.69687 2.02962,
	2.69619 2.02757,
	2.69414 2.02894,
	"/>
<Contour name="d07rb08_5" hidden="false" closed="true" simplified="false" border="0.251 0 0.502" fill="0.251 0 0.502" mode="-9"
 points="2.71939 2.02212,
	2.71734 2.02143,
	2.71939 2.02075,
	2.71802 2.0187,
	2.72007 2.02007,
	2.72075 2.01802,
	2.72143 2.02007,
	2.72348 2.0187,
	2.72212 2.02075,
	2.72416 2.02143,
	2.72212 2.02212,
	2.72348 2.02416,
	2.72143 2.0228,
	2.72075 2.02484,
	2.72007 2.0228,
	2.71802 2.02416,
	"/>
<Contour name="d07rb08_6" hidden="false" closed="true" simplified="false" border="0.251 0 0.502" fill="0.251 0 0.502" mode="-9"
 points="2.67504 2.03781,
	2.67299 2.03713,
	2.67504 2.03644,
	2.67367 2.0344,
	2.67572 2.03576,
	2.6764 2.03372,
	2.67708 2.03576,
	2.67913 2.0344,
	2.67777 2.03644,
	2.67981 2.03713,
	2.67777 2.03781,
	2.67913 2.03986,
	2.67708 2.03849,
	2.6764 2.04054,
	2.67572 2.03849,
	2.67367 2.03986,
	"/>
</Transform>

<Transform dim="0"
 xcoef=" 0 1 0 0 0 0"
 ycoef=" 0 0 1 0 0 0">
<Contour name="d05ax07" hidden="false" closed="true" simplified="true" border="0 1 1" fill="0 1 1" mode="-11"
 points="4.78646 5.95278,
	4.81466 5.91669,
	4.82143 5.90767,
	4.82481 5.89864,
	4.83045 5.86255,
	4.84624 5.82646,
	4.86316 5.80841,
	4.87218 5.80164,
	4.90828 5.78923,
	4.92632 5.78359,
	4.94437 5.7757,
	4.96242 5.77119,
	4.98046 5.77006,
	4.99851 5.77232,
	5.00753 5.77344,
	5.01656 5.77683,
	5.02107 5.77908,
	5.03912 5.796,
	5.04814 5.80051,
	5.05716 5.80164,
	5.07521 5.79826,
	5.09326 5.79262,
	5.10228 5.78923,
	5.12033 5.78585,
	5.15642 5.78472,
	5.19251 5.77344,
	5.20154 5.77119,
	5.23763 5.77232,
	5.25568 5.77457,
	5.27372 5.77908,
	5.29177 5.78585,
	5.30982 5.78923,
	5.32786 5.79487,
	5.34591 5.79826,
	5.36396 5.79939,
	5.382 5.796,
	5.40005 5.79036,
	5.40456 5.78811,
	5.42261 5.78698,
	5.44065 5.78811,
	5.44968 5.79149,
	5.4587 5.79262,
	5.46772 5.79149,
	5.50382 5.77683,
	5.51284 5.77344,
	5.53089 5.77344,
	5.54893 5.78134,
	5.55232 5.78585,
	5.55345 5.79487,
	5.55119 5.81292,
	5.51623 5.88511,
	5.50833 5.90315,
	5.50269 5.9212,
	5.49254 5.93925,
	5.48013 5.95729,
	5.47562 5.96632,
	5.46434 6.00241,
	5.46321 6.01143,
	5.46209 6.01595,
	5.46434 6.03399,
	5.46547 6.04302,
	5.46209 6.06106,
	5.44855 6.07911,
	5.44404 6.08249,
	5.43276 6.10054,
	5.42599 6.10956,
	5.41697 6.11859,
	5.40795 6.12535,
	5.39215 6.1434,
	5.38426 6.16145,
	5.382 6.17047,
	5.37185 6.18852,
	5.3414 6.22461,
	5.32335 6.23589,
	5.31433 6.23927,
	5.27823 6.24266,
	5.26019 6.24717,
	5.24214 6.25394,
	5.20605 6.2607,
	5.188 6.26296,
	5.16995 6.2686,
	5.15191 6.27762,
	5.14288 6.28213,
	5.12484 6.2968,
	5.12033 6.30018,
	5.11469 6.3092,
	5.1113 6.31372,
	5.10228 6.31936,
	5.08649 6.3374,
	5.08085 6.34643,
	5.07183 6.35432,
	5.05378 6.3656,
	5.03573 6.36898,
	5.01769 6.36786,
	5.00866 6.36447,
	4.97257 6.34304,
	4.95452 6.33176,
	4.9455 6.32838,
	4.92745 6.32725,
	4.89136 6.32838,
	4.87331 6.32387,
	4.86429 6.32161,
	4.85527 6.31484,
	4.8485 6.30582,
	4.84511 6.28777,
	4.84737 6.21559,
	4.84399 6.19754,
	4.83722 6.17949,
	4.83496 6.17047,
	4.81917 6.13438,
	4.81353 6.11633,
	4.80789 6.10731,
	4.8 6.09828,
	4.79661 6.09377,
	4.7921 6.07573,
	4.79097 6.05768,
	4.78985 6.04866,
	4.79887 6.0385,
	4.80338 6.03512,
	4.80338 6.03061,
	4.80338 6.02835,
	4.79887 6.02384,
	4.79436 6.02159,
	4.78985 6.00241,
	4.78646 5.96632,
	4.78533 5.95729,
	4.78646 5.95391,
	"/>
</Transform>

<Transform dim="0"
 xcoef=" 0 1 0 0 0 0"
 ycoef=" 0 0 1 0 0 0">
<Contour name="d05ax07" hidden="false" closed="true" simplified="true" border="0 1 1" fill="0 1 1" mode="-11"
 points="6.00003 5.46182,
	6.01351 5.4422,
	6.0221 5.43239,
	6.027 5.42749,
	6.04662 5.41891,
	6.06623 5.41278,
	6.10546 5.41155,
	6.12508 5.41523,
	6.1447 5.42258,
	6.14715 5.42258,
	6.15696 5.42994,
	6.16063 5.43484,
	6.16431 5.45446,
	6.16431 5.47408,
	6.16309 5.48388,
	6.15818 5.49369,
	6.15083 5.5035,
	6.14102 5.51331,
	6.1214 5.52434,
	6.11895 5.52434,
	6.1165 5.52679,
	6.09688 5.5317,
	6.07727 5.53415,
	6.03803 5.53415,
	6.02823 5.53047,
	6.01842 5.52189,
	6.01351 5.51208,
	6.01106 5.50963,
	6.01106 5.50718,
	6.00493 5.49737,
	6.00125 5.47775,
	6.00003 5.46795,
	6.00003 5.46304,
	"/>
</Transform>

<Transform dim="0"
 xcoef=" 0 1 0 0 0 0"
 ycoef=" 0 0 1 0 0 0">
<Contour name="d05ax05" hidden="false" closed="true" simplified="true" border="0 1 1" fill="0 1 1" mode="-11"
 points="6.6409 4.11938,
	6.64764 4.11264,
	6.66113 4.10421,
	6.67461 4.10084,
	6.78248 4.10253,
	6.78923 4.1059,
	6.7926 4.1059,
	6.79597 4.10927,
	6.80945 4.11433,
	6.83642 4.13961,
	6.84822 4.15309,
	6.8617 4.16321,
	6.88867 4.175,
	6.90216 4.18343,
	6.92912 4.20871,
	6.93924 4.22051,
	6.94598 4.22557,
	6.94598 4.23905,
	6.93924 4.25254,
	6.91395 4.27445,
	6.88699 4.28962,
	6.83305 4.31153,
	6.80608 4.32501,
	6.77911 4.3267,
	6.75215 4.32501,
	6.72518 4.31996,
	6.71844 4.3149,
	6.71338 4.30142,
	6.71169 4.27445,
	6.71169 4.26771,
	6.70664 4.25422,
	6.70327 4.24748,
	6.68978 4.234,
	6.6763 4.22388,
	6.66956 4.21714,
	6.66787 4.2104,
	6.67124 4.19692,
	6.66956 4.18343,
	6.66113 4.16995,
	6.64764 4.15646,
	6.6409 4.14298,
	6.6409 4.12949,
	6.6409 4.12275,
	6.6409 4.12107,
	"/>
</Transform>

<Transform dim="0"
 xcoef=" 0 1 0 0 0 0"
 ycoef=" 0 0 1 0 0 0">
<Contour name="d10ax10" hidden="false" closed="true" simplified="true" border="0 1 1" fill="0 1 1" mode="-11"
 points="4.95681 5.57329,
	4.96065 5.55792,
	4.97409 5.54256,
	5.00482 5.52719,
	5.03555 5.51567,
	5.05091 5.50991,
	5.05859 5.50799,
	5.06627 5.50223,
	5.097 5.48878,
	5.11237 5.48494,
	5.14309 5.4715,
	5.15846 5.46766,
	5.21991 5.44077,
	5.25064 5.42733,
	5.25448 5.42733,
	5.25832 5.42349,
	5.26601 5.42157,
	5.26985 5.41772,
	5.27369 5.41772,
	5.33514 5.37931,
	5.36587 5.36203,
	5.3966 5.35243,
	5.41196 5.34859,
	5.47342 5.34859,
	5.50415 5.35051,
	5.53488 5.36203,
	5.5656 5.36971,
	5.59633 5.36971,
	5.6117 5.37163,
	5.62706 5.37931,
	5.6405 5.39468,
	5.65971 5.42541,
	5.67123 5.43885,
	5.70196 5.45613,
	5.7154 5.46958,
	5.72308 5.48494,
	5.73461 5.49839,
	5.74997 5.51183,
	5.76534 5.52143,
	5.79414 5.54832,
	5.79606 5.56368,
	5.78646 5.59441,
	5.78454 5.62514,
	5.78262 5.6405,
	5.77302 5.65587,
	5.75765 5.66931,
	5.72693 5.68852,
	5.71156 5.70004,
	5.6962 5.70772,
	5.66547 5.7154,
	5.65779 5.71924,
	5.59633 5.72885,
	5.53488 5.72885,
	5.50415 5.72308,
	5.48878 5.71924,
	5.42733 5.71732,
	5.36587 5.70772,
	5.30442 5.68659,
	5.27369 5.67699,
	5.21223 5.66547,
	5.15078 5.66163,
	5.12005 5.65779,
	5.08932 5.65011,
	5.07396 5.64434,
	5.04323 5.62322,
	5.02786 5.61554,
	4.99714 5.61362,
	4.98177 5.60977,
	4.96641 5.60209,
	4.95873 5.59441,
	4.95681 5.57905,
	4.95681 5.57521,
	"/>
</Transform>

<Transform dim="6"
 xcoef=" 0.529833095691725 1.00372668991043 -0.074324594728713 0 0 0"
 ycoef=" 0.0390746038297835 0.0511630846873567 1.05603298037572 0 0 0">
<Image mag="0.00217549" contrast="1.155" brightness="0.015" red="true" green="true" blue="true"
 src="JYBWM.53.jpg" />
<Contour name="domain1" hidden="false" closed="true" simplified="false" border="1 0 1" fill="1 0 1" mode="11"
 points="0 0,
	4083 0,
	4083 4083,
	0 4083,
	"/>
</Transform>

<Transform dim="0"
 xcoef=" 0 1 0 0 0 0"
 ycoef=" 0 0 1 0 0 0">
<Contour name="d05ax07ssvr" hidden="false" closed="true" simplified="false" border="0 1 0" fill="0 0 0.502" mode="11"
 points="5.01937 5.90523,
	5.00914 5.89499,
	5.01937 5.88476,
	5.02961 5.89499,
	"/>
<Contour name="d05ax07ssvr" hidden="false" closed="true" simplified="false" border="0 1 0" fill="0 0 0.502" mode="11"
 points="5.06908 5.90669,
	5.05885 5.89645,
	5.06908 5.88622,
	5.07931 5.89645,
	"/>
<Contour name="d05ax07ssvr" hidden="false" closed="true" simplified="false" border="0 1 0" fill="0 0 0.502" mode="11"
 points="5.09832 5.87014,
	5.08809 5.8599,
	5.09832 5.84967,
	5.10856 5.8599,
	"/>
<Contour name="d05ax07ssvr" hidden="false" closed="true" simplified="false" border="0 1 0" fill="0 0 0.502" mode="11"
 points="5.1261 5.92277,
	5.11587 5.91254,
	5.1261 5.9023,
	5.13633 5.91254,
	"/>
<Contour name="d05ax07ssvr" hidden="false" closed="true" simplified="false" border="0 1 0" fill="0 0 0.502" mode="11"
 points="5.15534 5.84236,
	5.14511 5.83213,
	5.15534 5.82189,
	5.16557 5.83213,
	"/>
<Contour name="d05ax07ssvr" hidden="false" closed="true" simplified="false" border="0 1 0" fill="0 0 0.502" mode="11"
 points="4.9682 5.8716,
	4.95797 5.86137,
	4.9682 5.85113,
	4.97844 5.86137,
	"/>
<Contour name="d05ax07ssvr" hidden="false" closed="true" simplified="false" border="0 1 0" fill="0 0 0.502" mode="11"
 points="4.96966 5.92569,
	4.95943 5.91546,
	4.96966 5.90523,
	4.9799 5.91546,
	"/>
<Contour name="d05ax07ssvr" hidden="false" closed="true" simplified="false" border="0 1 0" fill="0 0 0.502" mode="11"
 points="4.91411 5.93739,
	4.90387 5.92716,
	4.91411 5.91692,
	4.92434 5.92716,
	"/>
<Contour name="d05ax07ssvr" hidden="false" closed="true" simplified="false" border="0 1 0" fill="0 0 0.502" mode="11"
 points="4.95358 5.96225,
	4.94335 5.95201,
	4.95358 5.94178,
	4.96382 5.95201,
	"/>
<Contour name="d05ax07ssvr" hidden="false" closed="true" simplified="false" border="0 1 0" fill="0 0 0.502" mode="11"
 points="5.00621 5.95494,
	4.99598 5.9447,
	5.00621 5.93447,
	5.01645 5.9447,
	"/>
<Contour name="d05ax07ssvr" hidden="false" closed="true" simplified="false" border="0 1 0" fill="0 0 0.502" mode="11"
 points="5.04569 5.96078,
	5.03545 5.95055,
	5.04569 5.94032,
	5.05592 5.95055,
	"/>
<Contour name="d05ax07ssvr" hidden="false" closed="true" simplified="false" border="0 1 0" fill="0 0 0.502" mode="11"
 points="5.07347 5.97394,
	5.06323 5.96371,
	5.07347 5.95347,
	5.0837 5.96371,
	"/>
<Contour name="d05ax07ssvr" hidden="false" closed="true" simplified="false" border="0 1 0" fill="0 0 0.502" mode="11"
 points="5.0954 5.96663,
	5.08516 5.9564,
	5.0954 5.94616,
	5.10563 5.9564,
	"/>
<Contour name="d05ax07ssvr" hidden="false" closed="true" simplified="false" border="0 1 0" fill="0 0 0.502" mode="11"
 points="5.06616 6.00464,
	5.05592 5.99441,
	5.06616 5.98418,
	5.07639 5.99441,
	"/>
<Contour name="d05ax07ssvr" hidden="false" closed="true" simplified="false" border="0 1 0" fill="0 0 0.502" mode="11"
 points="5.03399 6.03827,
	5.02376 6.02804,
	5.03399 6.0178,
	5.04423 6.02804,
	"/>
<Contour name="d05ax07ssvr" hidden="false" closed="true" simplified="false" border="0 1 0" fill="0 0 0.502" mode="11"
 points="5.00037 6.00318,
	4.99013 5.99295,
	5.00037 5.98271,
	5.0106 5.99295,
	"/>
<Contour name="d05ax07ssvr" hidden="false" closed="true" simplified="false" border="0 1 0" fill="0 0 0.502" mode="11"
 points="4.91703 5.98418,
	4.9068 5.97394,
	4.91703 5.96371,
	4.92726 5.97394,
	"/>
<Contour name="d05ax07ssvr" hidden="false" closed="true" simplified="false" border="0 1 0" fill="0 0 0.502" mode="11"
 points="4.9258 6.0295,
	4.91557 6.01926,
	4.9258 6.00903,
	4.93604 6.01926,
	"/>
<Contour name="d05ax07ssvr" hidden="false" closed="true" simplified="false" border="0 1 0" fill="0 0 0.502" mode="11"
 points="4.92873 6.07043,
	4.91849 6.0602,
	4.92873 6.04997,
	4.93896 6.0602,
	"/>
<Contour name="d05ax07ssvr" hidden="false" closed="true" simplified="false" border="0 1 0" fill="0 0 0.502" mode="11"
 points="4.97259 6.05435,
	4.96235 6.04412,
	4.97259 6.03388,
	4.98282 6.04412,
	"/>
<Contour name="d05ax07ssvr" hidden="false" closed="true" simplified="false" border="0 1 0" fill="0 0 0.502" mode="11"
 points="4.97259 6.05435,
	4.96235 6.04412,
	4.97259 6.03388,
	4.98282 6.04412,
	"/>
<Contour name="d05ax07ssvr" hidden="false" closed="true" simplified="false" border="0 1 0" fill="0 0 0.502" mode="11"
 points="5.00037 6.09383,
	4.99013 6.08359,
	5.00037 6.07336,
	5.0106 6.08359,
	"/>
<Contour name="d05ax07ssvr" hidden="false" closed="true" simplified="false" border="0 1 0" fill="0 0 0.502" mode="11"
 points="4.86878 6.03388,
	4.85855 6.02365,
	4.86878 6.01342,
	4.87902 6.02365,
	"/>
<Contour name="d05ax07ssvr" hidden="false" closed="true" simplified="false" border="0 1 0" fill="0 0 0.502" mode="11"
 points="4.84832 5.96663,
	4.83808 5.9564,
	4.84832 5.94616,
	4.85855 5.9564,
	"/>
<Contour name="d05ax07ssvr" hidden="false" closed="true" simplified="false" border="0 1 0" fill="0 0 0.502" mode="11"
 points="4.87902 6.10845,
	4.86878 6.09821,
	4.87902 6.08798,
	4.88925 6.09821,
	"/>
<Contour name="d05ax07ssvr" hidden="false" closed="true" simplified="false" border="0 1 0" fill="0 0 0.502" mode="11"
 points="4.92142 6.14354,
	4.91118 6.1333,
	4.92142 6.12307,
	4.93165 6.1333,
	"/>
<Contour name="d05ax07ssvr" hidden="false" closed="true" simplified="false" border="0 1 0" fill="0 0 0.502" mode="11"
 points="4.95943 6.12599,
	4.9492 6.11576,
	4.95943 6.10552,
	4.96966 6.11576,
	"/>
<Contour name="d05ax07ssvr" hidden="false" closed="true" simplified="false" border="0 1 0" fill="0 0 0.502" mode="11"
 points="4.92434 6.18009,
	4.91411 6.16985,
	4.92434 6.15962,
	4.93457 6.16985,
	"/>
<Contour name="d05ax07ssvr" hidden="false" closed="true" simplified="false" border="0 1 0" fill="0 0 0.502" mode="11"
 points="4.87463 6.16985,
	4.8644 6.15962,
	4.87463 6.14938,
	4.88487 6.15962,
	"/>
<Contour name="d05ax07ssvr" hidden="false" closed="true" simplified="false" border="0 1 0" fill="0 0 0.502" mode="11"
 points="4.89364 6.2064,
	4.8834 6.19617,
	4.89364 6.18593,
	4.90387 6.19617,
	"/>
</Transform>

<Transform dim="0"
 xcoef=" 0 1 0 0 0 0"
 ycoef=" 0 0 1 0 0 0">
<Contour name="d10ax10ssvr" hidden="false" closed="true" simplified="false" border="0 1 0" fill="0 0 0.502" mode="11"
 points="5.46119 5.42568,
	5.4497 5.41419,
	5.46119 5.4027,
	5.47268 5.41419,
	"/>
<Contour name="d10ax10ssvr" hidden="false" closed="true" simplified="false" border="0 1 0" fill="0 0 0.502" mode="11"
 points="5.50715 5.42076,
	5.49566 5.40927,
	5.50715 5.39778,
	5.51864 5.40927,
	"/>
<Contour name="d10ax10ssvr" hidden="false" closed="true" simplified="false" border="0 1 0" fill="0 0 0.502" mode="11"
 points="5.54162 5.44702,
	5.53013 5.43553,
	5.54162 5.42404,
	5.55311 5.43553,
	"/>
<Contour name="d10ax10ssvr" hidden="false" closed="true" simplified="false" border="0 1 0" fill="0 0 0.502" mode="11"
 points="5.56952 5.46015,
	5.55803 5.44866,
	5.56952 5.43717,
	5.58101 5.44866,
	"/>
<Contour name="d10ax10ssvr" hidden="false" closed="true" simplified="false" border="0 1 0" fill="0 0 0.502" mode="11"
 points="5.6122 5.42076,
	5.60071 5.40927,
	5.6122 5.39778,
	5.62369 5.40927,
	"/>
<Contour name="d10ax10ssvr" hidden="false" closed="true" simplified="false" border="0 1 0" fill="0 0 0.502" mode="11"
 points="5.48089 5.38629,
	5.4694 5.3748,
	5.48089 5.36331,
	5.49238 5.3748,
	"/>
<Contour name="d10ax10ssvr" hidden="false" closed="true" simplified="false" border="0 1 0" fill="0 0 0.502" mode="11"
 points="5.42179 5.40599,
	5.4103 5.3945,
	5.42179 5.38301,
	5.43328 5.3945,
	"/>
<Contour name="d10ax10ssvr" hidden="false" closed="true" simplified="false" border="0 1 0" fill="0 0 0.502" mode="11"
 points="5.4021 5.45359,
	5.39061 5.4421,
	5.4021 5.43061,
	5.41359 5.4421,
	"/>
<Contour name="d10ax10ssvr" hidden="false" closed="true" simplified="false" border="0 1 0" fill="0 0 0.502" mode="11"
 points="5.25601 5.57998,
	5.24452 5.56849,
	5.25601 5.557,
	5.2675 5.56849,
	"/>
</Transform>

</Section>