<?xml version="1.0"?>
<!DOCTYPE Section SYSTEM "section.dtd">

<Section index="44" thickness="0.046483" alignLocked="true">
<Transform dim="0"
 xcoef=" 0 1 0 0 0 0"
 ycoef=" 0 0 1 0 0 0">
<Contour name="mito3" hidden="false" closed="false" simplified="true" border="1 0 0.5" fill="1 0 0.5" mode="-13"
 points="1.9979 1.73389,
	2.26072 1.74737,
	"/>
</Transform>

<Transform dim="0"
 xcoef=" 0 1 0 0 0 0"
 ycoef=" 0 0 1 0 0 0">
<Contour name="Ax05" hidden="false" closed="true" simplified="true" border="1 1 0" fill="1 1 0" mode="-11"
 points="6.74649 5.41589,
	6.75895 5.39096,
	6.75895 5.38472,
	6.76518 5.37849,
	6.7683 5.36603,
	6.78388 5.3411,
	6.80569 5.31617,
	6.85244 5.28189,
	6.8649 5.27254,
	6.87113 5.27254,
	6.92099 5.2445,
	6.93346 5.23515,
	6.94592 5.23203,
	6.95215 5.2258,
	7.00201 5.21022,
	7.05187 5.20399,
	7.10173 5.18841,
	7.12666 5.18841,
	7.15159 5.19775,
	7.17652 5.21645,
	7.21391 5.26319,
	7.23884 5.31305,
	7.25442 5.33798,
	7.25754 5.36291,
	7.24507 5.38784,
	7.23884 5.4003,
	7.24196 5.42523,
	7.24507 5.43458,
	7.28247 5.48132,
	7.29805 5.50625,
	7.30739 5.53118,
	7.31051 5.55611,
	7.30739 5.60597,
	7.29805 5.6309,
	7.25754 5.67141,
	7.23261 5.68388,
	7.22637 5.69011,
	7.20145 5.69634,
	7.19521 5.70257,
	7.14535 5.71815,
	7.13289 5.72439,
	7.03317 5.7275,
	6.98331 5.7275,
	6.93346 5.73373,
	6.8836 5.73062,
	6.85867 5.7275,
	6.8462 5.72439,
	6.82127 5.7088,
	6.79011 5.65895,
	6.7683 5.60909,
	6.76207 5.55923,
	6.74649 5.50937,
	6.74649 5.45951,
	6.74649 5.43458,
	6.74649 5.42212,
	6.74649 5.419,
	"/>
</Transform>

<Transform dim="0"
 xcoef=" 0 1 0 0 0 0"
 ycoef=" 0 0 1 0 0 0">
<Contour name="Ax05B01ssvr558" hidden="false" closed="true" simplified="false" border="0.5 0 1" fill="0.5 0 1" mode="13"
 points="7.18486 5.38725,
	7.17651 5.38447,
	7.18486 5.38168,
	7.1793 5.37334,
	7.18764 5.3789,
	7.19043 5.37055,
	7.19321 5.3789,
	7.20156 5.37334,
	7.19599 5.38168,
	7.20434 5.38447,
	7.19599 5.38725,
	7.20156 5.3956,
	7.19321 5.39003,
	7.19043 5.39838,
	7.18764 5.39003,
	7.1793 5.3956,
	"/>
<Contour name="Ax05B01ssvr559" hidden="false" closed="true" simplified="false" border="0.5 0 1" fill="0.5 0 1" mode="13"
 points="7.17095 5.34551,
	7.1626 5.34273,
	7.17095 5.33995,
	7.16539 5.3316,
	7.17373 5.33717,
	7.17651 5.32882,
	7.1793 5.33717,
	7.18764 5.3316,
	7.18208 5.33995,
	7.19043 5.34273,
	7.18208 5.34551,
	7.18764 5.35386,
	7.1793 5.3483,
	7.17651 5.35664,
	7.17373 5.3483,
	7.16539 5.35386,
	"/>
<Contour name="Ax05B01ssvr560" hidden="false" closed="true" simplified="false" border="0.5 0 1" fill="0.5 0 1" mode="13"
 points="7.11809 5.32882,
	7.10974 5.32604,
	7.11809 5.32326,
	7.11252 5.31491,
	7.12087 5.32047,
	7.12365 5.31213,
	7.12643 5.32047,
	7.13478 5.31491,
	7.12922 5.32326,
	7.13756 5.32604,
	7.12922 5.32882,
	7.13478 5.33717,
	7.12643 5.3316,
	7.12365 5.33995,
	7.12087 5.3316,
	7.11252 5.33717,
	"/>
<Contour name="Ax05B01ssvr561" hidden="false" closed="true" simplified="false" border="0.5 0 1" fill="0.5 0 1" mode="13"
 points="7.06801 5.33717,
	7.05966 5.33439,
	7.06801 5.3316,
	7.06244 5.32326,
	7.07079 5.32882,
	7.07357 5.32047,
	7.07635 5.32882,
	7.0847 5.32326,
	7.07913 5.3316,
	7.08748 5.33439,
	7.07913 5.33717,
	7.0847 5.34551,
	7.07635 5.33995,
	7.07357 5.3483,
	7.07079 5.33995,
	7.06244 5.34551,
	"/>
<Contour name="Ax05B01ssvr562" hidden="false" closed="true" simplified="false" border="0.5 0 1" fill="0.5 0 1" mode="13"
 points="7.04018 5.32882,
	7.03184 5.32604,
	7.04018 5.32326,
	7.03462 5.31491,
	7.04297 5.32047,
	7.04575 5.31213,
	7.04853 5.32047,
	7.05688 5.31491,
	7.05131 5.32326,
	7.05966 5.32604,
	7.05131 5.32882,
	7.05688 5.33717,
	7.04853 5.3316,
	7.04575 5.33995,
	7.04297 5.3316,
	7.03462 5.33717,
	"/>
<Contour name="Ax05B01ssvr563" hidden="false" closed="true" simplified="false" border="0.5 0 1" fill="0.5 0 1" mode="13"
 points="6.9901 5.32047,
	6.98175 5.31769,
	6.9901 5.31491,
	6.98454 5.30656,
	6.99288 5.31213,
	6.99567 5.30378,
	6.99845 5.31213,
	7.0068 5.30656,
	7.00123 5.31491,
	7.00958 5.31769,
	7.00123 5.32047,
	7.0068 5.32882,
	6.99845 5.32326,
	6.99567 5.3316,
	6.99288 5.32326,
	6.98454 5.32882,
	"/>
<Contour name="Ax05B01ssvr564" hidden="false" closed="true" simplified="false" border="0.5 0 1" fill="0.5 0 1" mode="13"
 points="6.96228 5.35943,
	6.95393 5.35664,
	6.96228 5.35386,
	6.95671 5.34551,
	6.96506 5.35108,
	6.96784 5.34273,
	6.97063 5.35108,
	6.97897 5.34551,
	6.97341 5.35386,
	6.98175 5.35664,
	6.97341 5.35943,
	6.97897 5.36777,
	6.97063 5.36221,
	6.96784 5.37055,
	6.96506 5.36221,
	6.95671 5.36777,
	"/>
<Contour name="Ax05B01ssvr565" hidden="false" closed="true" simplified="false" border="0.5 0 1" fill="0.5 0 1" mode="13"
 points="6.92889 5.38725,
	6.92054 5.38447,
	6.92889 5.38168,
	6.92333 5.37334,
	6.93167 5.3789,
	6.93446 5.37055,
	6.93724 5.3789,
	6.94559 5.37334,
	6.94002 5.38168,
	6.94837 5.38447,
	6.94002 5.38725,
	6.94559 5.3956,
	6.93724 5.39003,
	6.93446 5.39838,
	6.93167 5.39003,
	6.92333 5.3956,
	"/>
<Contour name="Ax05B01ssvr566" hidden="false" closed="true" simplified="false" border="0.5 0 1" fill="0.5 0 1" mode="13"
 points="6.8955 5.40951,
	6.88716 5.40672,
	6.8955 5.40394,
	6.88994 5.3956,
	6.89829 5.40116,
	6.90107 5.39281,
	6.90385 5.40116,
	6.9122 5.3956,
	6.90663 5.40394,
	6.91498 5.40672,
	6.90663 5.40951,
	6.9122 5.41785,
	6.90385 5.41229,
	6.90107 5.42064,
	6.89829 5.41229,
	6.88994 5.41785,
	"/>
<Contour name="Ax05B01ssvr567" hidden="false" closed="true" simplified="false" border="0.5 0 1" fill="0.5 0 1" mode="13"
 points="6.86212 5.47072,
	6.85377 5.46793,
	6.86212 5.46515,
	6.85655 5.45681,
	6.8649 5.46237,
	6.86768 5.45402,
	6.87046 5.46237,
	6.87881 5.45681,
	6.87325 5.46515,
	6.88159 5.46793,
	6.87325 5.47072,
	6.87881 5.47906,
	6.87046 5.4735,
	6.86768 5.48185,
	6.8649 5.4735,
	6.85655 5.47906,
	"/>
<Contour name="Ax05B01ssvr568" hidden="false" closed="true" simplified="false" border="0.5 0 1" fill="0.5 0 1" mode="13"
 points="6.85377 5.50689,
	6.84542 5.5041,
	6.85377 5.50132,
	6.84821 5.49298,
	6.85655 5.49854,
	6.85933 5.49019,
	6.86212 5.49854,
	6.87046 5.49298,
	6.8649 5.50132,
	6.87325 5.5041,
	6.8649 5.50689,
	6.87046 5.51523,
	6.86212 5.50967,
	6.85933 5.51802,
	6.85655 5.50967,
	6.84821 5.51523,
	"/>
<Contour name="Ax05B01ssvr569" hidden="false" closed="true" simplified="false" border="0.5 0 1" fill="0.5 0 1" mode="13"
 points="6.82038 5.56531,
	6.81204 5.56253,
	6.82038 5.55975,
	6.81482 5.5514,
	6.82316 5.55697,
	6.82595 5.54862,
	6.82873 5.55697,
	6.83708 5.5514,
	6.83151 5.55975,
	6.83986 5.56253,
	6.83151 5.56531,
	6.83708 5.57366,
	6.82873 5.5681,
	6.82595 5.57644,
	6.82316 5.5681,
	6.81482 5.57366,
	"/>
<Contour name="Ax05B01ssvr570" hidden="false" closed="true" simplified="false" border="0.5 0 1" fill="0.5 0 1" mode="13"
 points="6.91498 5.60427,
	6.90663 5.60148,
	6.91498 5.5987,
	6.90942 5.59036,
	6.91776 5.59592,
	6.92054 5.58757,
	6.92333 5.59592,
	6.93167 5.59036,
	6.92611 5.5987,
	6.93446 5.60148,
	6.92611 5.60427,
	6.93167 5.61261,
	6.92333 5.60705,
	6.92054 5.6154,
	6.91776 5.60705,
	6.90942 5.61261,
	"/>
<Contour name="Ax05B01ssvr571" hidden="false" closed="true" simplified="false" border="0.5 0 1" fill="0.5 0 1" mode="13"
 points="6.97341 5.62096,
	6.96506 5.61818,
	6.97341 5.6154,
	6.96784 5.60705,
	6.97619 5.61261,
	6.97897 5.60427,
	6.98175 5.61261,
	6.9901 5.60705,
	6.98454 5.6154,
	6.99288 5.61818,
	6.98454 5.62096,
	6.9901 5.62931,
	6.98175 5.62374,
	6.97897 5.63209,
	6.97619 5.62374,
	6.96784 5.62931,
	"/>
<Contour name="Ax05B01ssvr572" hidden="false" closed="true" simplified="false" border="0.5 0 1" fill="0.5 0 1" mode="13"
 points="7.02071 5.62374,
	7.01236 5.62096,
	7.02071 5.61818,
	7.01514 5.60983,
	7.02349 5.6154,
	7.02627 5.60705,
	7.02905 5.6154,
	7.0374 5.60983,
	7.03184 5.61818,
	7.04018 5.62096,
	7.03184 5.62374,
	7.0374 5.63209,
	7.02905 5.62653,
	7.02627 5.63487,
	7.02349 5.62653,
	7.01514 5.63209,
	"/>
<Contour name="Ax05B01ssvr573" hidden="false" closed="true" simplified="false" border="0.5 0 1" fill="0.5 0 1" mode="13"
 points="7.06522 5.64044,
	7.05688 5.63765,
	7.06522 5.63487,
	7.05966 5.62653,
	7.06801 5.63209,
	7.07079 5.62374,
	7.07357 5.63209,
	7.08192 5.62653,
	7.07635 5.63487,
	7.0847 5.63765,
	7.07635 5.64044,
	7.08192 5.64878,
	7.07357 5.64322,
	7.07079 5.65157,
	7.06801 5.64322,
	7.05966 5.64878,
	"/>
<Contour name="Ax05B01ssvr574" hidden="false" closed="true" simplified="false" border="0.5 0 1" fill="0.5 0 1" mode="13"
 points="7.03462 5.67661,
	7.02627 5.67382,
	7.03462 5.67104,
	7.02905 5.66269,
	7.0374 5.66826,
	7.04018 5.65991,
	7.04297 5.66826,
	7.05131 5.66269,
	7.04575 5.67104,
	7.05409 5.67382,
	7.04575 5.67661,
	7.05131 5.68495,
	7.04297 5.67939,
	7.04018 5.68774,
	7.0374 5.67939,
	7.02905 5.68495,
	"/>
<Contour name="Ax05B01ssvr575" hidden="false" closed="true" simplified="false" border="0.5 0 1" fill="0.5 0 1" mode="13"
 points="7.11252 5.63209,
	7.10418 5.62931,
	7.11252 5.62653,
	7.10696 5.61818,
	7.1153 5.62374,
	7.11809 5.6154,
	7.12087 5.62374,
	7.12922 5.61818,
	7.12365 5.62653,
	7.132 5.62931,
	7.12365 5.63209,
	7.12922 5.64044,
	7.12087 5.63487,
	7.11809 5.64322,
	7.1153 5.63487,
	7.10696 5.64044,
	"/>
<Contour name="Ax05B01ssvr576" hidden="false" closed="true" simplified="false" border="0.5 0 1" fill="0.5 0 1" mode="13"
 points="7.18486 5.53471,
	7.17651 5.53193,
	7.18486 5.52915,
	7.1793 5.5208,
	7.18764 5.52636,
	7.19043 5.51802,
	7.19321 5.52636,
	7.20156 5.5208,
	7.19599 5.52915,
	7.20434 5.53193,
	7.19599 5.53471,
	7.20156 5.54306,
	7.19321 5.53749,
	7.19043 5.54584,
	7.18764 5.53749,
	7.1793 5.54306,
	"/>
<Contour name="Ax05B01ssvr577" hidden="false" closed="true" simplified="false" border="0.5 0 1" fill="0.5 0 1" mode="13"
 points="7.17095 5.49019,
	7.1626 5.48741,
	7.17095 5.48463,
	7.16539 5.47628,
	7.17373 5.48185,
	7.17651 5.4735,
	7.1793 5.48185,
	7.18764 5.47628,
	7.18208 5.48463,
	7.19043 5.48741,
	7.18208 5.49019,
	7.18764 5.49854,
	7.1793 5.49298,
	7.17651 5.50132,
	7.17373 5.49298,
	7.16539 5.49854,
	"/>
<Contour name="Ax05B01ssvr578" hidden="false" closed="true" simplified="false" border="0.5 0 1" fill="0.5 0 1" mode="13"
 points="7.12643 5.57088,
	7.11809 5.5681,
	7.12643 5.56531,
	7.12087 5.55697,
	7.12922 5.56253,
	7.132 5.55419,
	7.13478 5.56253,
	7.14313 5.55697,
	7.13756 5.56531,
	7.14591 5.5681,
	7.13756 5.57088,
	7.14313 5.57923,
	7.13478 5.57366,
	7.132 5.58201,
	7.12922 5.57366,
	7.12087 5.57923,
	"/>
<Contour name="Ax05B01ssvr579" hidden="false" closed="true" simplified="false" border="0.5 0 1" fill="0.5 0 1" mode="13"
 points="7.14035 5.5208,
	7.132 5.51802,
	7.14035 5.51523,
	7.13478 5.50689,
	7.14313 5.51245,
	7.14591 5.5041,
	7.14869 5.51245,
	7.15704 5.50689,
	7.15147 5.51523,
	7.15982 5.51802,
	7.15147 5.5208,
	7.15704 5.52915,
	7.14869 5.52358,
	7.14591 5.53193,
	7.14313 5.52358,
	7.13478 5.52915,
	"/>
<Contour name="Ax05B01ssvr580" hidden="false" closed="true" simplified="false" border="0.5 0 1" fill="0.5 0 1" mode="13"
 points="7.12365 5.4735,
	7.1153 5.47072,
	7.12365 5.46793,
	7.11809 5.45959,
	7.12643 5.46515,
	7.12922 5.45681,
	7.132 5.46515,
	7.14035 5.45959,
	7.13478 5.46793,
	7.14313 5.47072,
	7.13478 5.4735,
	7.14035 5.48185,
	7.132 5.47628,
	7.12922 5.48463,
	7.12643 5.47628,
	7.11809 5.48185,
	"/>
<Contour name="Ax05B01ssvr581" hidden="false" closed="true" simplified="false" border="0.5 0 1" fill="0.5 0 1" mode="13"
 points="7.09861 5.42898,
	7.09026 5.4262,
	7.09861 5.42342,
	7.09305 5.41507,
	7.10139 5.42064,
	7.10418 5.41229,
	7.10696 5.42064,
	7.1153 5.41507,
	7.10974 5.42342,
	7.11809 5.4262,
	7.10974 5.42898,
	7.1153 5.43733,
	7.10696 5.43177,
	7.10418 5.44011,
	7.10139 5.43177,
	7.09305 5.43733,
	"/>
<Contour name="Ax05B01ssvr582" hidden="false" closed="true" simplified="false" border="0.5 0 1" fill="0.5 0 1" mode="13"
 points="7.10974 5.37055,
	7.10139 5.36777,
	7.10974 5.36499,
	7.10418 5.35664,
	7.11252 5.36221,
	7.1153 5.35386,
	7.11809 5.36221,
	7.12643 5.35664,
	7.12087 5.36499,
	7.12922 5.36777,
	7.12087 5.37055,
	7.12643 5.3789,
	7.11809 5.37334,
	7.1153 5.38168,
	7.11252 5.37334,
	7.10418 5.3789,
	"/>
<Contour name="Ax05B01ssvr583" hidden="false" closed="true" simplified="false" border="0.5 0 1" fill="0.5 0 1" mode="13"
 points="7.07079 5.39281,
	7.06244 5.39003,
	7.07079 5.38725,
	7.06522 5.3789,
	7.07357 5.38447,
	7.07635 5.37612,
	7.07913 5.38447,
	7.08748 5.3789,
	7.08192 5.38725,
	7.09026 5.39003,
	7.08192 5.39281,
	7.08748 5.40116,
	7.07913 5.3956,
	7.07635 5.40394,
	7.07357 5.3956,
	7.06522 5.40116,
	"/>
<Contour name="Ax05B01ssvr584" hidden="false" closed="true" simplified="false" border="0.5 0 1" fill="0.5 0 1" mode="13"
 points="7.01514 5.37055,
	7.0068 5.36777,
	7.01514 5.36499,
	7.00958 5.35664,
	7.01792 5.36221,
	7.02071 5.35386,
	7.02349 5.36221,
	7.03184 5.35664,
	7.02627 5.36499,
	7.03462 5.36777,
	7.02627 5.37055,
	7.03184 5.3789,
	7.02349 5.37334,
	7.02071 5.38168,
	7.01792 5.37334,
	7.00958 5.3789,
	"/>
<Contour name="Ax05B01ssvr585" hidden="false" closed="true" simplified="false" border="0.5 0 1" fill="0.5 0 1" mode="13"
 points="6.97341 5.40951,
	6.96506 5.40672,
	6.97341 5.40394,
	6.96784 5.3956,
	6.97619 5.40116,
	6.97897 5.39281,
	6.98175 5.40116,
	6.9901 5.3956,
	6.98454 5.40394,
	6.99288 5.40672,
	6.98454 5.40951,
	6.9901 5.41785,
	6.98175 5.41229,
	6.97897 5.42064,
	6.97619 5.41229,
	6.96784 5.41785,
	"/>
<Contour name="Ax05B01ssvr586" hidden="false" closed="true" simplified="false" border="0.5 0 1" fill="0.5 0 1" mode="13"
 points="6.90385 5.45402,
	6.8955 5.45124,
	6.90385 5.44846,
	6.89829 5.44011,
	6.90663 5.44568,
	6.90942 5.43733,
	6.9122 5.44568,
	6.92054 5.44011,
	6.91498 5.44846,
	6.92333 5.45124,
	6.91498 5.45402,
	6.92054 5.46237,
	6.9122 5.45681,
	6.90942 5.46515,
	6.90663 5.45681,
	6.89829 5.46237,
	"/>
<Contour name="Ax05B01ssvr587" hidden="false" closed="true" simplified="false" border="0.5 0 1" fill="0.5 0 1" mode="13"
 points="6.88994 5.53471,
	6.88159 5.53193,
	6.88994 5.52915,
	6.88437 5.5208,
	6.89272 5.52636,
	6.8955 5.51802,
	6.89829 5.52636,
	6.90663 5.5208,
	6.90107 5.52915,
	6.90942 5.53193,
	6.90107 5.53471,
	6.90663 5.54306,
	6.89829 5.53749,
	6.8955 5.54584,
	6.89272 5.53749,
	6.88437 5.54306,
	"/>
<Contour name="Ax05B01ssvr588" hidden="false" closed="true" simplified="false" border="0.5 0 1" fill="0.5 0 1" mode="13"
 points="6.92889 5.56531,
	6.92054 5.56253,
	6.92889 5.55975,
	6.92333 5.5514,
	6.93167 5.55697,
	6.93446 5.54862,
	6.93724 5.55697,
	6.94559 5.5514,
	6.94002 5.55975,
	6.94837 5.56253,
	6.94002 5.56531,
	6.94559 5.57366,
	6.93724 5.5681,
	6.93446 5.57644,
	6.93167 5.5681,
	6.92333 5.57366,
	"/>
<Contour name="Ax05B01ssvr589" hidden="false" closed="true" simplified="false" border="0.5 0 1" fill="0.5 0 1" mode="13"
 points="6.97063 5.57923,
	6.96228 5.57644,
	6.97063 5.57366,
	6.96506 5.56531,
	6.97341 5.57088,
	6.97619 5.56253,
	6.97897 5.57088,
	6.98732 5.56531,
	6.98175 5.57366,
	6.9901 5.57644,
	6.98175 5.57923,
	6.98732 5.58757,
	6.97897 5.58201,
	6.97619 5.59036,
	6.97341 5.58201,
	6.96506 5.58757,
	"/>
<Contour name="Ax05B01ssvr590" hidden="false" closed="true" simplified="false" border="0.5 0 1" fill="0.5 0 1" mode="13"
 points="7.01792 5.58479,
	7.00958 5.58201,
	7.01792 5.57923,
	7.01236 5.57088,
	7.02071 5.57644,
	7.02349 5.5681,
	7.02627 5.57644,
	7.03462 5.57088,
	7.02905 5.57923,
	7.0374 5.58201,
	7.02905 5.58479,
	7.03462 5.59314,
	7.02627 5.58757,
	7.02349 5.59592,
	7.02071 5.58757,
	7.01236 5.59314,
	"/>
<Contour name="Ax05B01ssvr591" hidden="false" closed="true" simplified="false" border="0.5 0 1" fill="0.5 0 1" mode="13"
 points="7.07635 5.57088,
	7.06801 5.5681,
	7.07635 5.56531,
	7.07079 5.55697,
	7.07913 5.56253,
	7.08192 5.55419,
	7.0847 5.56253,
	7.09305 5.55697,
	7.08748 5.56531,
	7.09583 5.5681,
	7.08748 5.57088,
	7.09305 5.57923,
	7.0847 5.57366,
	7.08192 5.58201,
	7.07913 5.57366,
	7.07079 5.57923,
	"/>
<Contour name="Ax05B01ssvr592" hidden="false" closed="true" simplified="false" border="0.5 0 1" fill="0.5 0 1" mode="13"
 points="7.0847 5.51245,
	7.07635 5.50967,
	7.0847 5.50689,
	7.07913 5.49854,
	7.08748 5.5041,
	7.09026 5.49576,
	7.09305 5.5041,
	7.10139 5.49854,
	7.09583 5.50689,
	7.10418 5.50967,
	7.09583 5.51245,
	7.10139 5.5208,
	7.09305 5.51523,
	7.09026 5.52358,
	7.08748 5.51523,
	7.07913 5.5208,
	"/>
<Contour name="Ax05B01ssvr593" hidden="false" closed="true" simplified="false" border="0.5 0 1" fill="0.5 0 1" mode="13"
 points="7.06522 5.45402,
	7.05688 5.45124,
	7.06522 5.44846,
	7.05966 5.44011,
	7.06801 5.44568,
	7.07079 5.43733,
	7.07357 5.44568,
	7.08192 5.44011,
	7.07635 5.44846,
	7.0847 5.45124,
	7.07635 5.45402,
	7.08192 5.46237,
	7.07357 5.45681,
	7.07079 5.46515,
	7.06801 5.45681,
	7.05966 5.46237,
	"/>
<Contour name="Ax05B01ssvr594" hidden="false" closed="true" simplified="false" border="0.5 0 1" fill="0.5 0 1" mode="13"
 points="7.02905 5.5041,
	7.02071 5.50132,
	7.02905 5.49854,
	7.02349 5.49019,
	7.03184 5.49576,
	7.03462 5.48741,
	7.0374 5.49576,
	7.04575 5.49019,
	7.04018 5.49854,
	7.04853 5.50132,
	7.04018 5.5041,
	7.04575 5.51245,
	7.0374 5.50689,
	7.03462 5.51523,
	7.03184 5.50689,
	7.02349 5.51245,
	"/>
<Contour name="Ax05B01ssvr595" hidden="false" closed="true" simplified="false" border="0.5 0 1" fill="0.5 0 1" mode="13"
 points="6.99567 5.46237,
	6.98732 5.45959,
	6.99567 5.45681,
	6.9901 5.44846,
	6.99845 5.45402,
	7.00123 5.44568,
	7.00401 5.45402,
	7.01236 5.44846,
	7.0068 5.45681,
	7.01514 5.45959,
	7.0068 5.46237,
	7.01236 5.47072,
	7.00401 5.46515,
	7.00123 5.4735,
	6.99845 5.46515,
	6.9901 5.47072,
	"/>
<Contour name="Ax05B01ssvr596" hidden="false" closed="true" simplified="false" border="0.5 0 1" fill="0.5 0 1" mode="13"
 points="6.98732 5.5208,
	6.97897 5.51802,
	6.98732 5.51523,
	6.98175 5.50689,
	6.9901 5.51245,
	6.99288 5.5041,
	6.99567 5.51245,
	7.00401 5.50689,
	6.99845 5.51523,
	7.0068 5.51802,
	6.99845 5.5208,
	7.00401 5.52915,
	6.99567 5.52358,
	6.99288 5.53193,
	6.9901 5.52358,
	6.98175 5.52915,
	"/>
<Contour name="Ax05B01ssvr597" hidden="false" closed="true" simplified="false" border="0.5 0 1" fill="0.5 0 1" mode="13"
 points="6.93724 5.48185,
	6.92889 5.47906,
	6.93724 5.47628,
	6.93167 5.46793,
	6.94002 5.4735,
	6.9428 5.46515,
	6.94559 5.4735,
	6.95393 5.46793,
	6.94837 5.47628,
	6.95671 5.47906,
	6.94837 5.48185,
	6.95393 5.49019,
	6.94559 5.48463,
	6.9428 5.49298,
	6.94002 5.48463,
	6.93167 5.49019,
	"/>
<Contour name="Ax05B01ssvr598" hidden="false" closed="true" simplified="false" border="0.5 0 1" fill="0.5 0 1" mode="13"
 points="6.95393 5.5208,
	6.94559 5.51802,
	6.95393 5.51523,
	6.94837 5.50689,
	6.95671 5.51245,
	6.9595 5.5041,
	6.96228 5.51245,
	6.97063 5.50689,
	6.96506 5.51523,
	6.97341 5.51802,
	6.96506 5.5208,
	6.97063 5.52915,
	6.96228 5.52358,
	6.9595 5.53193,
	6.95671 5.52358,
	6.94837 5.52915,
	"/>
</Transform>

<Transform dim="0"
 xcoef=" 0 1 0 0 0 0"
 ycoef=" 0 0 1 0 0 0">
<Contour name="Ax05B01ssvd11" hidden="false" closed="true" simplified="false" border="1 0.5 0" fill="1 0.5 0" mode="13"
 points="7.18486 5.29822,
	7.18486 5.29265,
	7.19043 5.28709,
	7.19599 5.28709,
	7.20156 5.29265,
	7.20156 5.29822,
	7.19599 5.30378,
	7.19043 5.30378,
	"/>
</Transform>

<Transform dim="0"
 xcoef=" 0 1 0 0 0 0"
 ycoef=" 0 0 1 0 0 0">
<Contour name="Ax05B01c02" hidden="false" closed="true" simplified="true" border="0 1 0" fill="0 1 0" mode="11"
 points="7.16439 5.19731,
	7.16995 5.18618,
	7.16995 5.18062,
	7.18108 5.17227,
	7.19221 5.17505,
	7.21447 5.19174,
	7.2256 5.20009,
	7.23116 5.20566,
	7.23116 5.21122,
	7.23672 5.214,
	7.24507 5.23626,
	7.24785 5.24739,
	7.26177 5.26965,
	7.26733 5.28078,
	7.26455 5.30304,
	7.26177 5.31417,
	7.2562 5.31973,
	7.24507 5.31973,
	7.22281 5.3086,
	7.21447 5.29747,
	7.21168 5.28634,
	7.20055 5.27521,
	7.18108 5.2613,
	7.16717 5.24183,
	7.16439 5.20009,
	"/>
<Contour name="Ax05B01cfa02" hidden="false" closed="false" simplified="false" border="0 1 1" fill="0 1 1" mode="9"
 points="7.26555 5.30934,
	7.23494 5.27317,
	7.19877 5.22588,
	7.1793 5.18136,
	"/>
</Transform>

<Transform dim="0"
 xcoef=" 0 1 0 0 0 0"
 ycoef=" 0 0 1 0 0 0">
<Contour name="d01" hidden="false" closed="true" simplified="true" border="1 0 0.5" fill="1 0 0.5" mode="11"
 points="4.58754 3.08764,
	4.59132 3.08575,
	4.62154 3.08481,
	4.6291 3.08481,
	4.63288 3.08575,
	4.63477 3.08575,
	4.63666 3.08764,
	4.65177 3.09236,
	4.65366 3.09425,
	4.66121 3.09709,
	4.67444 3.10653,
	4.67727 3.10936,
	4.67727 3.11125,
	4.68199 3.11787,
	4.68388 3.11975,
	4.68388 3.12164,
	4.68577 3.12353,
	4.6886 3.13865,
	4.68766 3.1462,
	4.6801 3.16131,
	4.67916 3.16226,
	4.66688 3.14809,
	4.66121 3.14148,
	4.6461 3.1292,
	4.64043 3.12448,
	4.63288 3.1207,
	4.6291 3.11787,
	4.62721 3.11787,
	4.61304 3.10842,
	4.60549 3.1037,
	4.6036 3.1037,
	4.58943 3.09331,
	4.58754 3.08953,
	4.58754 3.08859,
	"/>
</Transform>

<Transform dim="0"
 xcoef=" 0 1 0 0 0 0"
 ycoef=" 0 0 1 0 0 0">
<Contour name="d01" hidden="false" closed="true" simplified="true" border="1 0 0.5" fill="1 0 0.5" mode="11"
 points="5.64015 2.44597,
	5.65528 2.40873,
	5.66575 2.39011,
	5.67274 2.3808,
	5.67506 2.37615,
	5.68321 2.368,
	5.69252 2.36684,
	5.71114 2.37033,
	5.72975 2.36917,
	5.73441 2.36917,
	5.75303 2.36219,
	5.76234 2.35986,
	5.77164 2.3552,
	5.77397 2.3552,
	5.7763 2.35288,
	5.78095 2.35171,
	5.79957 2.33891,
	5.80772 2.33426,
	5.82634 2.31913,
	5.83564 2.31331,
	5.84379 2.30982,
	5.84612 2.30749,
	5.85543 2.30517,
	5.89266 2.30517,
	5.90197 2.30168,
	5.9043 2.29935,
	5.92292 2.29353,
	5.92524 2.2912,
	5.93455 2.29004,
	5.94386 2.28655,
	5.9811 2.2784,
	5.99041 2.27491,
	5.99506 2.27491,
	6.06954 2.2528,
	6.10677 2.24117,
	6.12539 2.23768,
	6.19986 2.23651,
	6.2371 2.23651,
	6.27434 2.24582,
	6.28365 2.24815,
	6.2883 2.25048,
	6.32554 2.25629,
	6.34415 2.26095,
	6.34648 2.26328,
	6.3651 2.27142,
	6.38372 2.28306,
	6.39186 2.29004,
	6.40117 2.28422,
	6.41048 2.28539,
	6.41979 2.2912,
	6.43608 2.30866,
	6.44423 2.31797,
	6.44423 2.32029,
	6.45121 2.3296,
	6.45586 2.33891,
	6.46285 2.34822,
	6.46634 2.35288,
	6.46983 2.37149,
	6.46983 2.39011,
	6.46634 2.40873,
	6.46401 2.41804,
	6.46634 2.42269,
	6.46634 2.44131,
	6.46285 2.4448,
	6.44423 2.45062,
	6.43492 2.45179,
	6.43026 2.45179,
	6.42794 2.45179,
	6.42561 2.44946,
	6.4163 2.44597,
	6.39768 2.43433,
	6.39535 2.432,
	6.39303 2.432,
	6.38837 2.42735,
	6.37906 2.42269,
	6.37674 2.42269,
	6.35928 2.41222,
	6.35463 2.40873,
	6.34532 2.4064,
	6.33601 2.40175,
	6.31739 2.39593,
	6.28015 2.38779,
	6.26154 2.38662,
	6.25223 2.38429,
	6.21499 2.38429,
	6.17775 2.3936,
	6.16845 2.39477,
	6.16379 2.39709,
	6.12655 2.40291,
	6.1219 2.40291,
	6.11957 2.40524,
	6.11492 2.40524,
	6.0963 2.41339,
	6.05906 2.43782,
	6.04045 2.45295,
	6.02299 2.4704,
	6.01368 2.47971,
	5.99855 2.49717,
	5.99041 2.50648,
	5.97877 2.52509,
	5.97179 2.5344,
	5.97179 2.53673,
	5.95899 2.55419,
	5.9555 2.55884,
	5.9555 2.56117,
	5.94852 2.57048,
	5.94386 2.57862,
	5.92874 2.59724,
	5.92175 2.60539,
	5.91244 2.61353,
	5.90779 2.61819,
	5.90314 2.62051,
	5.90197 2.62284,
	5.89732 2.624,
	5.89266 2.62749,
	5.87404 2.63331,
	5.86474 2.63564,
	5.8275 2.63797,
	5.80888 2.63797,
	5.79957 2.63564,
	5.78212 2.62633,
	5.74488 2.61469,
	5.70764 2.61004,
	5.68903 2.60422,
	5.67972 2.59724,
	5.67506 2.59491,
	5.66808 2.5856,
	5.65877 2.56699,
	5.6483 2.52975,
	5.64481 2.51113,
	5.64132 2.50182,
	5.64015 2.46459,
	5.64015 2.44713,
	"/>
</Transform>

<Transform dim="0"
 xcoef=" 0 1 0 0 0 0"
 ycoef=" 0 0 1 0 0 0">
<Contour name="d01" hidden="false" closed="true" simplified="true" border="1 0 0.5" fill="1 0 0.5" mode="11"
 points="4.92046 2.28227,
	4.93948 2.2388,
	4.96936 2.19532,
	4.97752 2.17359,
	4.9748 2.13012,
	4.96936 2.10838,
	5.02099 2.02144,
	5.04544 1.97796,
	5.04816 1.9671,
	5.03729 1.94536,
	5.04272 1.92363,
	5.04272 1.91276,
	5.03729 1.90189,
	5.03457 1.89646,
	5.04001 1.88559,
	5.04001 1.88015,
	5.04816 1.86929,
	5.05631 1.82581,
	5.06174 1.82038,
	5.06174 1.77691,
	5.05903 1.75517,
	5.04544 1.7117,
	5.04544 1.66823,
	5.04272 1.64649,
	5.03729 1.63562,
	5.04001 1.61389,
	5.05903 1.57042,
	5.08891 1.52695,
	5.10521 1.50521,
	5.11608 1.49706,
	5.12423 1.47532,
	5.12423 1.46445,
	5.14053 1.44272,
	5.14869 1.39925,
	5.13238 1.35578,
	5.11065 1.33676,
	5.09978 1.31502,
	5.09163 1.27155,
	5.09163 1.26068,
	5.10521 1.23894,
	5.11336 1.19547,
	5.1188 1.17374,
	5.14869 1.13027,
	5.1677 1.08679,
	5.17042 1.07593,
	5.18944 1.05419,
	5.19487 1.03245,
	5.19759 1.02159,
	5.19216 0.99985,
	5.18944 0.994416,
	5.20031 0.97268,
	5.20574 0.961813,
	5.2465 0.921058,
	5.26552 0.902039,
	5.27095 0.891171,
	5.27095 0.869435,
	5.2628 0.825963,
	5.2628 0.804227,
	5.28182 0.785209,
	5.29269 0.777058,
	5.29812 0.76619,
	5.31986 0.752605,
	5.33072 0.747171,
	5.34431 0.725435,
	5.35246 0.717284,
	5.36061 0.695548,
	5.3742 0.673812,
	5.38506 0.662944,
	5.4068 0.652076,
	5.42582 0.633057,
	5.43397 0.622189,
	5.4557 0.608605,
	5.49103 0.565133,
	5.51276 0.556982,
	5.54808 0.516227,
	5.56982 0.494491,
	5.59155 0.483623,
	5.61329 0.464604,
	5.63503 0.453736,
	5.64589 0.445585,
	5.65133 0.434718,
	5.67306 0.421133,
	5.71654 0.407548,
	5.76001 0.383095,
	5.77088 0.377661,
	5.85782 0.393963,
	5.87955 0.39668,
	5.92303 0.385812,
	6.00997 0.374944,
	6.09691 0.372227,
	6.14039 0.39668,
	6.16212 0.404831,
	6.16755 0.410265,
	6.17299 0.410265,
	6.19472 0.42385,
	6.20559 0.426567,
	6.24906 0.453736,
	6.25993 0.45917,
	6.27895 0.478189,
	6.2871 0.489057,
	6.28167 0.510793,
	6.25722 0.554265,
	6.24906 0.597737,
	6.24091 0.619472,
	6.22733 0.641208,
	6.21918 0.662944,
	6.21646 0.706416,
	6.20016 0.728152,
	6.17842 0.73902,
	6.17027 0.749888,
	6.16484 0.755322,
	6.1594 0.798793,
	6.14039 0.817812,
	6.09691 0.834114,
	6.07518 0.842265,
	6.06974 0.847699,
	6.06703 0.858567,
	6.06974 0.880303,
	6.07246 0.891171,
	6.06703 0.912907,
	6.04529 0.931926,
	6.02355 0.945511,
	6.01812 0.967247,
	6.00725 0.988982,
	6.00182 0.99985,
	5.9991 1.04332,
	5.99638 1.05419,
	5.96378 1.09766,
	5.95563 1.1194,
	5.94476 1.12755,
	5.92303 1.12755,
	5.90129 1.10853,
	5.89314 1.1194,
	5.88771 1.14113,
	5.88227 1.152,
	5.88771 1.15744,
	5.93118 1.15472,
	5.94205 1.15744,
	5.96378 1.17374,
	5.96922 1.18461,
	5.9665 1.22808,
	5.9665 1.23894,
	5.95835 1.24981,
	5.95563 1.26068,
	5.94748 1.26883,
	5.92574 1.26611,
	5.91488 1.25525,
	5.90401 1.24981,
	5.88227 1.25253,
	5.8714 1.25796,
	5.85782 1.2797,
	5.84967 1.32317,
	5.84695 1.33404,
	5.82793 1.35306,
	5.81706 1.36121,
	5.79533 1.36664,
	5.78446 1.36936,
	5.76544 1.38838,
	5.75457 1.41011,
	5.74914 1.45359,
	5.74914 1.45902,
	5.7274 1.48076,
	5.71925 1.49162,
	5.7111 1.5351,
	5.71382 1.57857,
	5.71654 1.6003,
	5.7111 1.64378,
	5.67306 1.68181,
	5.67035 1.69268,
	5.68393 1.73615,
	5.69208 1.75789,
	5.69752 1.80136,
	5.69752 1.8231,
	5.65404 1.86385,
	5.64861 1.86657,
	5.64046 1.91004,
	5.63774 1.95351,
	5.63774 1.97525,
	5.63774 1.98068,
	5.61601 1.99698,
	5.60514 2.00242,
	5.59427 2.02415,
	5.58884 2.03502,
	5.59427 2.05676,
	5.61057 2.07849,
	5.65404 2.12196,
	5.6622 2.13283,
	5.65948 2.1763,
	5.65676 2.19804,
	5.63774 2.21434,
	5.61601 2.22521,
	5.60514 2.23064,
	5.56167 2.23608,
	5.53993 2.23608,
	5.45299 2.2714,
	5.43125 2.27412,
	5.38778 2.29857,
	5.36604 2.30944,
	5.34431 2.31487,
	5.33344 2.3203,
	5.28997 2.3203,
	5.26823 2.32302,
	5.22476 2.34476,
	5.18129 2.35291,
	5.17042 2.35291,
	5.15955 2.35834,
	5.07261 2.37193,
	5.02914 2.37464,
	4.98567 2.36921,
	4.9748 2.36649,
	4.96936 2.36649,
	4.95035 2.34747,
	4.94491 2.32574,
	4.94491 2.3203,
	4.92589 2.29857,
	4.92046 2.2877,
	4.92046 2.28498,
	"/>
<Contour name="d01" hidden="false" closed="true" simplified="true" border="1 0 0.5" fill="1 0 0.5" mode="11"
 points="6.29525 0.679246,
	6.30069 0.673812,
	6.30612 0.652076,
	6.30884 0.641208,
	6.34144 0.600454,
	6.38491 0.597737,
	6.42839 0.616755,
	6.45012 0.633057,
	6.5099 0.717284,
	6.51805 0.73902,
	6.51533 0.760756,
	6.50718 0.782492,
	6.49359 0.804227,
	6.49088 0.815095,
	6.47457 0.836831,
	6.46371 0.858567,
	6.45556 0.869435,
	6.45284 0.880303,
	6.44469 0.888454,
	6.44197 0.893888,
	6.3985 0.902039,
	6.37676 0.902039,
	6.35503 0.88302,
	6.35231 0.872152,
	6.34416 0.861284,
	6.33601 0.839548,
	6.33601 0.817812,
	6.34144 0.806944,
	6.34144 0.785209,
	6.33329 0.763473,
	6.30612 0.720001,
	6.29797 0.709133,
	6.29525 0.687397,
	6.29525 0.681963,
	"/>
</Transform>

<Transform dim="0"
 xcoef=" 0 1 0 0 0 0"
 ycoef=" 0 0 1 0 0 0">
<Contour name="d04" hidden="false" closed="true" simplified="true" border="0 1 0" fill="0 1 0" mode="-11"
 points="5.3358 3.01141,
	5.34203 2.99895,
	5.35138 2.98648,
	5.35761 2.97401,
	5.35605 2.96155,
	5.34359 2.94908,
	5.33891 2.94441,
	5.34047 2.93194,
	5.3654 2.91169,
	5.39033 2.89766,
	5.40124 2.8852,
	5.40436 2.87273,
	5.40592 2.8665,
	5.40592 2.86339,
	5.40903 2.86027,
	5.41059 2.8478,
	5.41838 2.82287,
	5.41994 2.81041,
	5.42773 2.78548,
	5.42773 2.78236,
	5.43085 2.77924,
	5.42929 2.75431,
	5.41682 2.74496,
	5.40903 2.7325,
	5.40592 2.72003,
	5.39501 2.70757,
	5.37008 2.6951,
	5.36073 2.68264,
	5.35605 2.67017,
	5.35761 2.62031,
	5.36073 2.60785,
	5.37164 2.58292,
	5.37319 2.55799,
	5.37319 2.54552,
	5.37943 2.52059,
	5.37943 2.51747,
	5.4028 2.4941,
	5.42773 2.47384,
	5.4402 2.46294,
	5.46357 2.44736,
	5.4885 2.43801,
	5.49161 2.43801,
	5.49317 2.43489,
	5.5181 2.42866,
	5.51966 2.4271,
	5.54303 2.42554,
	5.56796 2.43022,
	5.5929 2.44736,
	5.60069 2.45982,
	5.61159 2.48475,
	5.6225 2.53461,
	5.6225 2.53773,
	5.63185 2.55019,
	5.63808 2.55643,
	5.65834 2.60629,
	5.68327 2.62031,
	5.7082 2.62499,
	5.75806 2.64057,
	5.78299 2.64368,
	5.80792 2.64992,
	5.82039 2.65615,
	5.82974 2.66862,
	5.83285 2.68108,
	5.83597 2.6842,
	5.83753 2.69666,
	5.84376 2.70134,
	5.85622 2.69978,
	5.86869 2.69199,
	5.88115 2.68108,
	5.89362 2.67796,
	5.91855 2.68264,
	5.93102 2.68731,
	5.95595 2.69043,
	5.98088 2.68887,
	6.03074 2.67796,
	6.0432 2.67329,
	6.06813 2.67173,
	6.0806 2.67173,
	6.10553 2.67952,
	6.13046 2.67796,
	6.18032 2.66394,
	6.23018 2.64368,
	6.25511 2.63122,
	6.30497 2.61096,
	6.31744 2.60785,
	6.32367 2.60317,
	6.32991 2.60161,
	6.33614 2.59694,
	6.3486 2.59227,
	6.37353 2.57824,
	6.386 2.57045,
	6.39846 2.56578,
	6.4047 2.5611,
	6.41093 2.55954,
	6.41716 2.55487,
	6.4234 2.55331,
	6.44833 2.53461,
	6.49819 2.48943,
	6.51844 2.4645,
	6.52779 2.45203,
	6.55272 2.43177,
	6.56519 2.42554,
	6.59012 2.42243,
	6.61505 2.42554,
	6.62751 2.43022,
	6.63375 2.43177,
	6.65868 2.45047,
	6.66647 2.46294,
	6.66958 2.48787,
	6.66803 2.50033,
	6.65556 2.52526,
	6.58856 2.62499,
	6.53558 2.72471,
	6.50598 2.77457,
	6.47326 2.82443,
	6.45612 2.84936,
	6.43586 2.87429,
	6.4047 2.92415,
	6.37977 2.97401,
	6.36419 2.99895,
	6.36263 3.00518,
	6.34549 3.03011,
	6.32056 3.05036,
	6.31744 3.05348,
	6.29251 3.05504,
	6.26758 3.05192,
	6.26135 3.05036,
	6.25823 3.04725,
	6.252 3.04569,
	6.23953 3.03634,
	6.2333 3.03011,
	6.22551 3.01764,
	6.22395 3.00518,
	6.22862 2.99271,
	6.23797 2.98025,
	6.24888 2.95532,
	6.252 2.94908,
	6.25044 2.92415,
	6.24421 2.89922,
	6.24265 2.87429,
	6.23797 2.84936,
	6.23018 2.8369,
	6.21772 2.82599,
	6.19279 2.81197,
	6.16786 2.79483,
	6.14293 2.78548,
	6.13046 2.78548,
	6.12423 2.78704,
	6.0993 2.80573,
	6.09618 2.80729,
	6.09618 2.81976,
	6.10241 2.84469,
	6.11955 2.86962,
	6.12423 2.88208,
	6.12579 2.89455,
	6.11955 2.91948,
	6.118 2.92571,
	6.11488 2.92727,
	6.11332 2.9335,
	6.1102 2.93662,
	6.1102 2.94908,
	6.11176 2.95532,
	6.12267 2.96778,
	6.12734 2.9709,
	6.15228 2.99427,
	6.16318 3.00674,
	6.17409 3.03167,
	6.18032 3.04413,
	6.18344 3.06906,
	6.18188 3.09399,
	6.18032 3.10023,
	6.15695 3.12516,
	6.13202 3.13762,
	6.11955 3.14385,
	6.10709 3.1532,
	6.09306 3.17658,
	6.08839 3.18904,
	6.0806 3.20151,
	6.06969 3.21241,
	6.04476 3.22955,
	6.02139 3.24981,
	6.00892 3.27474,
	5.99334 3.3246,
	5.98088 3.33551,
	5.96841 3.33083,
	5.95595 3.32304,
	5.93102 3.31369,
	5.90609 3.30746,
	5.88115 3.3059,
	5.85622 3.29967,
	5.83129 3.28876,
	5.78143 3.27786,
	5.7565 3.27474,
	5.65678 3.24825,
	5.63185 3.24358,
	5.61938 3.24202,
	5.60692 3.23734,
	5.55862 3.18904,
	5.54615 3.17969,
	5.53368 3.17502,
	5.50875 3.1532,
	5.49629 3.1423,
	5.47136 3.12671,
	5.46513 3.12204,
	5.46201 3.11892,
	5.45578 3.11737,
	5.45266 3.11425,
	5.42773 3.11269,
	5.41526 3.11425,
	5.4028 3.11269,
	5.39033 3.10802,
	5.37787 3.09555,
	5.37631 3.07062,
	5.37164 3.05816,
	5.36229 3.04569,
	5.33891 3.02076,
	5.3358 3.01453,
	5.3358 3.01297,
	"/>
</Transform>

<Transform dim="0"
 xcoef=" 0 1 0 0 0 0"
 ycoef=" 0 0 1 0 0 0">
<Contour name="d04" hidden="false" closed="true" simplified="true" border="0 1 0" fill="0 1 0" mode="-11"
 points="4.70097 3.30486,
	4.71032 3.2924,
	4.72279 3.2846,
	4.7259 3.28149,
	4.73214 3.27993,
	4.75707 3.26279,
	4.7633 3.25812,
	4.76642 3.25812,
	4.78979 3.24253,
	4.7929 3.23942,
	4.81784 3.23319,
	4.8303 3.23319,
	4.83342 3.23474,
	4.83186 3.23786,
	4.84432 3.24409,
	4.85056 3.24721,
	4.90042 3.24721,
	4.91288 3.24721,
	4.92535 3.24409,
	4.93781 3.24409,
	4.96274 3.23942,
	5.06247 3.23786,
	5.11233 3.23786,
	5.16219 3.23163,
	5.17465 3.23319,
	5.17465 3.24565,
	5.1731 3.25188,
	5.16998 3.255,
	5.16998 3.25812,
	5.13414 3.30642,
	5.12479 3.31577,
	5.11233 3.32667,
	5.10298 3.33914,
	5.09051 3.35005,
	5.06714 3.36563,
	5.06247 3.3703,
	5.05935 3.3703,
	5.05 3.38121,
	5.02507 3.39679,
	5.00014 3.40926,
	4.98768 3.41549,
	4.98144 3.41705,
	4.97833 3.42016,
	4.97209 3.42172,
	4.94716 3.43575,
	4.92847 3.456,
	4.90353 3.4747,
	4.8786 3.4747,
	4.86614 3.47158,
	4.85991 3.46847,
	4.85679 3.46535,
	4.85367 3.46535,
	4.84121 3.45756,
	4.83498 3.45444,
	4.83186 3.45444,
	4.82874 3.45133,
	4.81628 3.44821,
	4.81316 3.4451,
	4.8007 3.44198,
	4.79758 3.43886,
	4.79135 3.4373,
	4.77888 3.4264,
	4.77265 3.42328,
	4.76174 3.41237,
	4.73837 3.39523,
	4.73058 3.38433,
	4.7259 3.3594,
	4.71967 3.34693,
	4.70721 3.33602,
	4.70253 3.32979,
	4.70097 3.30642,
	"/>
</Transform>

<Transform dim="0"
 xcoef=" 0 1 0 0 0 0"
 ycoef=" 0 0 1 0 0 0">
<Contour name="d01p02" hidden="false" closed="true" simplified="false" border="0.5 0 1" fill="0.5 0 1" mode="-13"
 points="6.14066 0.622696,
	6.12743 0.618286,
	6.14066 0.613875,
	6.13184 0.600642,
	6.14507 0.609464,
	6.14948 0.596231,
	6.15389 0.609464,
	6.16712 0.600642,
	6.1583 0.613875,
	6.17153 0.618286,
	6.1583 0.622696,
	6.16712 0.635929,
	6.15389 0.627107,
	6.14948 0.64034,
	6.14507 0.627107,
	6.13184 0.635929,
	"/>
</Transform>

<Transform dim="0"
 xcoef=" 0 1 0 0 0 0"
 ycoef=" 0 0 1 0 0 0">
<Contour name="d04p03" hidden="false" closed="true" simplified="false" border="1 0 0.5" fill="1 0 0.5" mode="11"
 points="5.56282 2.74478,
	5.5889 2.74478,
	5.57586 2.76869,
	"/>
</Transform>

<Transform dim="0"
 xcoef=" 0 1 0 0 0 0"
 ycoef=" 0 0 1 0 0 0">
<Contour name="d04p04" hidden="false" closed="true" simplified="false" border="1 0 0" fill="1 0 0" mode="-13"
 points="6.02148 2.81869,
	6.03235 2.80347,
	6.02148 2.78826,
	6.02801 2.78826,
	6.0367 2.8013,
	6.0454 2.78826,
	6.05192 2.78826,
	6.04105 2.80347,
	6.05192 2.81869,
	6.0454 2.81869,
	6.0367 2.80565,
	6.02801 2.81869,
	"/>
</Transform>

<Transform dim="0"
 xcoef=" 0 1 0 0 0 0"
 ycoef=" 0 0 1 0 0 0">
<Contour name="d04p05" hidden="false" closed="true" simplified="false" border="1 1 0" fill="1 1 0" mode="-13"
 points="5.44978 3.08389,
	5.44978 3.04911,
	5.415 3.04911,
	5.415 3.07954,
	5.41065 3.08389,
	5.41065 3.04476,
	5.45413 3.04476,
	5.45413 3.08824,
	5.41065 3.08824,
	5.415 3.08389,
	"/>
</Transform>

<Transform dim="0"
 xcoef=" 0 1 0 0 0 0"
 ycoef=" 0 0 1 0 0 0">
<Contour name="d04c03" hidden="false" closed="true" simplified="true" border="1 0 1" fill="1 0 1" mode="11"
 points="5.31811 2.62737,
	5.32192 2.61516,
	5.33795 2.5915,
	5.33872 2.58845,
	5.34024 2.58692,
	5.34406 2.57471,
	5.35398 2.55028,
	5.3578 2.54417,
	5.36238 2.53959,
	5.36772 2.53654,
	5.37078 2.53501,
	5.38299 2.53578,
	5.3891 2.53807,
	5.39062 2.53959,
	5.39215 2.53959,
	5.39826 2.54417,
	5.40742 2.55562,
	5.40971 2.55868,
	5.412 2.57089,
	5.41047 2.59532,
	5.40665 2.60753,
	5.40284 2.61363,
	5.40131 2.61592,
	5.38986 2.62661,
	5.38452 2.63043,
	5.38146 2.63272,
	5.37841 2.63348,
	5.37688 2.63501,
	5.37078 2.63653,
	5.36772 2.63806,
	5.35551 2.6373,
	5.3494 2.6373,
	5.33719 2.63501,
	5.33108 2.63424,
	5.32803 2.63424,
	5.3265 2.63272,
	5.3204 2.63119,
	5.31811 2.6289,
	5.31811 2.62814,
	"/>
</Transform>

<Transform dim="0"
 xcoef=" 0 1 0 0 0 0"
 ycoef=" 0 0 1 0 0 0">
<Contour name="d04cfa03" hidden="false" closed="false" simplified="false" border="1 0 0" fill="1 0 0" mode="11"
 points="5.37492 2.53504,
	5.37023 2.56942,
	5.3632 2.5991,
	5.35539 2.63347,
	"/>
</Transform>

<Transform dim="0"
 xcoef=" 0 1 0 0 0 0"
 ycoef=" 0 0 1 0 0 0">
<Contour name="d04cfa04" hidden="false" closed="false" simplified="false" border="1 0 0" fill="1 0 0" mode="11"
 points="6.42611 2.8903,
	6.46661 2.834,
	6.5236 2.74681,
	6.5847 2.62941,
	6.64512 2.54222,
	"/>
</Transform>

<Transform dim="0"
 xcoef=" 0 1 0 0 0 0"
 ycoef=" 0 0 1 0 0 0">
<Contour name="d01c05" hidden="false" closed="true" simplified="true" border="1 0 1" fill="1 0 1" mode="11"
 points="5.82745 2.62767,
	5.84527 2.60392,
	5.86902 2.58017,
	5.91651 2.53861,
	5.93878 2.51486,
	5.95065 2.50299,
	5.96995 2.47924,
	6.01745 2.43619,
	6.0412 2.41541,
	6.06198 2.39166,
	6.07386 2.38424,
	6.09761 2.3783,
	6.14511 2.37533,
	6.15698 2.37533,
	6.20448 2.36346,
	6.22823 2.36197,
	6.2401 2.36049,
	6.25198 2.36197,
	6.25792 2.36346,
	6.26385 2.36791,
	6.26385 2.39166,
	6.26385 2.40354,
	6.26385 2.40947,
	6.26385 2.41096,
	6.26088 2.41393,
	6.23714 2.41393,
	6.18964 2.42432,
	6.16589 2.43174,
	6.14214 2.44213,
	6.13026 2.44807,
	6.08425 2.48221,
	6.06792 2.50596,
	6.05901 2.51783,
	6.013 2.56533,
	5.99073 2.58908,
	5.96698 2.60689,
	5.94323 2.62025,
	5.91948 2.63658,
	5.89573 2.64549,
	5.87198 2.65142,
	5.86011 2.64994,
	5.84823 2.64549,
	5.83636 2.63658,
	5.83042 2.63213,
	5.82745 2.62916,
	"/>
</Transform>

<Transform dim="0"
 xcoef=" 0 1 0 0 0 0"
 ycoef=" 0 0 1 0 0 0">
<Contour name="d01diap05" hidden="false" closed="false" simplified="true" border="0 1 1" fill="0 1 1" mode="-11"
 points="5.68199 2.59353,
	6.36479 2.27143,
	"/>
</Transform>

<Transform dim="0"
 xcoef=" 0 1 0 0 0 0"
 ycoef=" 0 0 1 0 0 0">
<Contour name="d01cfa05" hidden="false" closed="false" simplified="false" border="1 0 0" fill="1 0 0" mode="11"
 points="6.26459 2.3915,
	6.23161 2.38629,
	6.18994 2.39063,
	6.11616 2.40538,
	6.07102 2.43143,
	6.02935 2.46354,
	5.98335 2.5191,
	5.94255 2.58333,
	5.8896 2.625,
	5.83578 2.63281,
	"/>
</Transform>

<Transform dim="6"
 xcoef=" -0.162675396050911 1.00742851439165 0.0997201801923174 0 0 0"
 ycoef=" 0.132830516354557 -0.0142752487197414 0.991516809066511 0 0 0">
<Image mag="0.00217927" contrast="1" brightness="0" red="true" green="true" blue="true"
 src="LKJKD_und.044.jpg" />
<Contour name="domain1" hidden="false" closed="true" simplified="false" border="1 0 1" fill="1 0 1" mode="11"
 points="0 0,
	4112 0,
	4112 4096,
	0 4096,
	"/>
</Transform>

<Transform dim="0"
 xcoef=" 0 1 0 0 0 0"
 ycoef=" 0 0 1 0 0 0">
<Contour name="d04ax06" hidden="false" closed="true" simplified="true" border="0 1 1" fill="0 1 1" mode="-11"
 points="4.47738 2.76544,
	4.48208 2.72781,
	4.48208 2.709,
	4.48678 2.69019,
	4.50089 2.67373,
	4.51971 2.66432,
	4.55733 2.66197,
	4.57614 2.66432,
	4.58555 2.66667,
	4.60436 2.68078,
	4.63964 2.71606,
	4.65845 2.72781,
	4.69607 2.73957,
	4.71489 2.74898,
	4.72429 2.75368,
	4.7337 2.76309,
	4.73605 2.7819,
	4.73135 2.79131,
	4.72194 2.80071,
	4.71489 2.81953,
	4.71253 2.83834,
	4.71489 2.87596,
	4.71253 2.89478,
	4.71018 2.90418,
	4.69137 2.92064,
	4.65375 2.9277,
	4.63493 2.9277,
	4.55968 2.91124,
	4.54087 2.90418,
	4.52206 2.89242,
	4.50325 2.88537,
	4.47973 2.81012,
	4.47738 2.77249,
	4.47738 2.76779,
	"/>
</Transform>

<Transform dim="0"
 xcoef=" 0 1 0 0 0 0"
 ycoef=" 0 0 1 0 0 0">
<Contour name="d01ax03" hidden="false" closed="true" simplified="true" border="0 1 1" fill="0 1 1" mode="-11"
 points="6.03647 2.05284,
	6.04586 2.00277,
	6.04742 1.99025,
	6.07089 1.97617,
	6.09593 1.96522,
	6.10845 1.95896,
	6.13348 1.95114,
	6.146 1.94331,
	6.15695 1.93079,
	6.16477 1.91828,
	6.18042 1.86821,
	6.19294 1.84317,
	6.21015 1.81814,
	6.23049 1.7931,
	6.23831 1.78059,
	6.26178 1.76025,
	6.26491 1.76025,
	6.28995 1.73991,
	6.30246 1.73052,
	6.3275 1.71957,
	6.35253 1.71174,
	6.35879 1.71174,
	6.38383 1.70392,
	6.39634 1.70392,
	6.4026 1.70548,
	6.41199 1.71487,
	6.41825 1.72113,
	6.42451 1.73365,
	6.42294 1.75868,
	6.41356 1.78372,
	6.40886 1.80875,
	6.4073 1.85882,
	6.4073 1.87134,
	6.41043 1.8776,
	6.41199 1.89011,
	6.42294 1.91515,
	6.42451 1.92141,
	6.4292 1.92767,
	6.4292 1.93079,
	6.44641 1.95583,
	6.44954 1.96209,
	6.47301 1.98556,
	6.48397 1.99808,
	6.509 2.01216,
	6.53404 2.02311,
	6.55907 2.02937,
	6.5841 2.04032,
	6.59662 2.04502,
	6.60288 2.04658,
	6.6154 2.05597,
	6.63104 2.081,
	6.63887 2.09352,
	6.64356 2.11855,
	6.64826 2.13107,
	6.64826 2.15611,
	6.64826 2.16862,
	6.642 2.18114,
	6.64043 2.1874,
	6.61696 2.21087,
	6.61383 2.214,
	6.56376 2.22808,
	6.53873 2.23277,
	6.52621 2.23747,
	6.50118 2.2406,
	6.45111 2.2406,
	6.42607 2.23747,
	6.41356 2.23747,
	6.36349 2.22808,
	6.31342 2.22808,
	6.26335 2.22339,
	6.23831 2.21869,
	6.18824 2.19835,
	6.13818 2.18427,
	6.11314 2.17332,
	6.08811 2.15924,
	6.08498 2.15924,
	6.05994 2.1389,
	6.05212 2.12638,
	6.04117 2.10134,
	6.03647 2.07631,
	6.03647 2.06379,
	6.03647 2.05753,
	6.03647 2.0544,
	"/>
</Transform>

<Transform dim="0"
 xcoef=" 0 1 0 0 0 0"
 ycoef=" 0 0 1 0 0 0">
<Contour name="d01ax03" hidden="false" closed="true" simplified="true" border="0 1 1" fill="0 1 1" mode="-11"
 points="6.10342 2.82135,
	6.11055 2.80994,
	6.1134 2.80709,
	6.11625 2.80709,
	6.12196 2.80281,
	6.14478 2.80281,
	6.15619 2.80423,
	6.17902 2.81707,
	6.18472 2.82135,
	6.19613 2.82563,
	6.20754 2.83276,
	6.21895 2.84275,
	6.22466 2.85416,
	6.23607 2.8998,
	6.23607 2.91121,
	6.24035 2.93403,
	6.23892 2.95686,
	6.22323 2.97825,
	6.21182 2.98824,
	6.20041 2.99537,
	6.17759 2.99822,
	6.16618 2.99679,
	6.15477 2.99251,
	6.14906 2.99251,
	6.13765 2.98253,
	6.12909 2.97112,
	6.11911 2.9483,
	6.11768 2.93689,
	6.11911 2.92548,
	6.12053 2.91977,
	6.12481 2.91406,
	6.12909 2.90265,
	6.13337 2.89695,
	6.13337 2.88554,
	6.13052 2.87413,
	6.12481 2.86272,
	6.11625 2.85558,
	6.11055 2.84988,
	6.1077 2.84703,
	6.1077 2.84417,
	6.10342 2.83847,
	6.10342 2.82706,
	6.10342 2.82278,
	"/>
</Transform>

<Transform dim="0"
 xcoef=" 0 1 0 0 0 0"
 ycoef=" 0 0 1 0 0 0">
<Contour name="d01ax01" hidden="false" closed="true" simplified="true" border="0 1 1" fill="0 1 1" mode="-11"
 points="4.33263 1.18275,
	4.34085 1.16632,
	4.3429 1.15811,
	4.35317 1.14168,
	4.35933 1.12525,
	4.36343 1.11704,
	4.36343 1.11293,
	4.36959 1.10472,
	4.37165 1.09651,
	4.38191 1.08008,
	4.38602 1.06365,
	4.39013 0.997943,
	4.39629 0.981516,
	4.41887 0.948662,
	4.4353 0.936342,
	4.45173 0.928128,
	4.46816 0.913754,
	4.4928 0.8809,
	4.50512 0.864473,
	4.5236 0.831619,
	4.53181 0.815192,
	4.55645 0.782338,
	4.56466 0.765911,
	4.59136 0.733057,
	4.65707 0.675562,
	4.67144 0.659135,
	4.68171 0.626281,
	4.70019 0.593427,
	4.73304 0.57084,
	4.7392 0.562626,
	4.74331 0.546199,
	4.74536 0.513345,
	4.78848 0.381929,
	4.80491 0.349075,
	4.84803 0.283367,
	4.86651 0.250512,
	4.88499 0.184804,
	4.89321 0.15195,
	4.91579 0.119096,
	4.94249 0.086242,
	4.95481 0.0698149,
	4.97123 0.0574947,
	4.99793 0.0246406,
	5.00819 0.00821352,
	5.0123 -0.00821352,
	5.0123 -0.0246406,
	5.01641 -0.0328541,
	5.03284 -0.0472278,
	5.06569 -0.0554413,
	5.09854 -0.059548,
	5.16425 -0.0616014,
	5.22996 -0.059548,
	5.26281 -0.0636548,
	5.27924 -0.0657082,
	5.34495 -0.0616014,
	5.3778 -0.059548,
	5.41066 -0.0533879,
	5.41887 -0.0513345,
	5.42503 -0.043121,
	5.42092 -0.0349075,
	5.41271 -0.0308007,
	5.39628 -0.0308007,
	5.38807 -0.0308007,
	5.35522 -0.016427,
	5.32236 -0.00616014,
	5.25665 0.0225872,
	5.22996 0.0554413,
	5.21764 0.0718683,
	5.19916 0.104722,
	5.16836 0.13347,
	5.15193 0.14579,
	5.14372 0.149897,
	5.12113 0.182751,
	5.1047 0.197125,
	5.09649 0.201231,
	5.08417 0.217658,
	5.07801 0.234085,
	5.07596 0.250512,
	5.07596 0.258726,
	5.08417 0.275153,
	5.08622 0.29158,
	5.08417 0.299794,
	5.05748 0.332648,
	5.05132 0.349075,
	5.05132 0.381929,
	5.05748 0.447637,
	5.05132 0.579053,
	5.04105 0.611907,
	5.03694 0.620121,
	5.03489 0.652975,
	5.03489 0.669402,
	5.02873 0.685829,
	5.02668 0.694043,
	5.02052 0.702256,
	5.0123 0.73511,
	5.01025 0.767964,
	5.01025 0.784391,
	4.99177 0.817245,
	4.9815 0.833672,
	4.97534 0.8501,
	4.97123 0.882954,
	4.96097 0.915808,
	4.95481 0.932235,
	4.95275 0.965089,
	4.93427 1.0308,
	4.92606 1.04722,
	4.89937 1.08008,
	4.88294 1.09651,
	4.85008 1.11499,
	4.81723 1.12936,
	4.80286 1.14373,
	4.79464 1.15195,
	4.77616 1.1848,
	4.74947 1.21765,
	4.72688 1.25051,
	4.69403 1.27926,
	4.6776 1.29158,
	4.64475 1.30595,
	4.57904 1.31827,
	4.51333 1.31622,
	4.48048 1.31006,
	4.44762 1.29979,
	4.41477 1.28542,
	4.39834 1.28131,
	4.36549 1.25462,
	4.34906 1.23819,
	4.33879 1.22176,
	4.33263 1.20533,
	4.33263 1.18891,
	4.33263 1.1848,
	"/>
</Transform>

<Transform dim="0"
 xcoef=" 0 1 0 0 0 0"
 ycoef=" 0 0 1 0 0 0">
<Contour name="d04ax04" hidden="false" closed="true" simplified="true" border="0 1 1" fill="0 1 1" mode="-11"
 points="6.2823 3.29389,
	6.29627 3.23803,
	6.31547 3.18217,
	6.32071 3.15424,
	6.32071 3.12631,
	6.32071 3.11235,
	6.32594 3.08442,
	6.35038 3.02856,
	6.35562 3.0146,
	6.35736 3.00063,
	6.3626 2.98667,
	6.36784 2.97969,
	6.37133 2.9762,
	6.37307 2.96921,
	6.38355 2.95525,
	6.39751 2.92732,
	6.41497 2.89939,
	6.4202 2.89241,
	6.43242 2.86448,
	6.44813 2.83655,
	6.45511 2.82258,
	6.47781 2.7964,
	6.48828 2.78244,
	6.49003 2.77545,
	6.49526 2.76847,
	6.5005 2.75451,
	6.51795 2.72658,
	6.52145 2.72309,
	6.52145 2.7196,
	6.52668 2.71261,
	6.53017 2.70912,
	6.53541 2.69516,
	6.54588 2.68119,
	6.54588 2.6777,
	6.55461 2.66374,
	6.5581 2.64977,
	6.5581 2.64628,
	6.57032 2.63232,
	6.57905 2.61835,
	6.59301 2.60439,
	6.59825 2.6009,
	6.62618 2.57297,
	6.6384 2.559,
	6.6576 2.53282,
	6.66633 2.51886,
	6.67855 2.49093,
	6.67855 2.48744,
	6.70124 2.46125,
	6.7152 2.44903,
	6.74313 2.43158,
	6.77106 2.42285,
	6.79899 2.42285,
	6.81296 2.4211,
	6.84088 2.40889,
	6.85485 2.40016,
	6.86183 2.39667,
	6.88976 2.37397,
	6.91769 2.35652,
	6.9718 2.31288,
	6.98402 2.30066,
	6.99799 2.29368,
	7.02591 2.29368,
	7.0329 2.29542,
	7.06083 2.31637,
	7.07479 2.3251,
	7.10272 2.33383,
	7.1097 2.33557,
	7.12367 2.34604,
	7.13763 2.35303,
	7.16556 2.36175,
	7.17953 2.3635,
	7.18651 2.36525,
	7.19174 2.37048,
	7.19 2.38445,
	7.18127 2.39667,
	7.16731 2.40889,
	7.16032 2.41587,
	7.13239 2.43507,
	7.10447 2.45776,
	7.09225 2.47173,
	7.07654 2.49965,
	7.07305 2.50664,
	7.06955 2.51013,
	7.06432 2.52409,
	7.05559 2.53806,
	7.04861 2.54504,
	7.03115 2.57297,
	7.02242 2.6009,
	7.01893 2.61486,
	7.01893 2.64279,
	7.01893 2.65676,
	7.02242 2.67072,
	7.02941 2.6777,
	7.04337 2.68469,
	7.05035 2.68992,
	7.05035 2.70389,
	7.04861 2.71087,
	7.03464 2.72309,
	6.97878 2.75451,
	6.96657 2.76673,
	6.95958 2.77371,
	6.94387 2.80164,
	6.90373 2.8575,
	6.895 2.87146,
	6.88627 2.89939,
	6.86707 2.92732,
	6.8531 2.93954,
	6.83914 2.94827,
	6.83216 2.95525,
	6.81819 2.96398,
	6.80423 2.9762,
	6.7763 2.99191,
	6.76932 2.99365,
	6.76233 3.00063,
	6.74313 3.02682,
	6.7152 3.04951,
	6.68727 3.06347,
	6.67331 3.07046,
	6.65935 3.08442,
	6.64887 3.09838,
	6.64189 3.11235,
	6.6192 3.14028,
	6.60349 3.16821,
	6.58079 3.22407,
	6.56159 3.25199,
	6.53366 3.27643,
	6.5197 3.28691,
	6.50923 3.30087,
	6.50574 3.30785,
	6.50224 3.31134,
	6.50224 3.31484,
	6.49177 3.3288,
	6.47781 3.34102,
	6.46384 3.348,
	6.43591 3.35673,
	6.42195 3.36022,
	6.40798 3.36022,
	6.38005 3.36546,
	6.3242 3.36371,
	6.31721 3.36371,
	6.30325 3.35673,
	6.29103 3.34276,
	6.28405 3.3288,
	6.2823 3.30087,
	6.2823 3.29563,
	"/>
</Transform>

<Transform dim="0"
 xcoef=" 0 1 0 0 0 0"
 ycoef=" 0 0 1 0 0 0">
<Contour name="d04ax04" hidden="false" closed="true" simplified="true" border="0 1 1" fill="0 1 1" mode="-11"
 points="5.39063 4.45297,
	5.39968 4.43849,
	5.41235 4.42401,
	5.4214 4.40953,
	5.43045 4.38057,
	5.43588 4.36609,
	5.4395 4.35884,
	5.46666 4.33169,
	5.4739 4.32807,
	5.48657 4.3154,
	5.50286 4.28644,
	5.50648 4.2792,
	5.52096 4.26653,
	5.54811 4.24662,
	5.5626 4.23756,
	5.62052 4.23575,
	5.635 4.24118,
	5.66396 4.24299,
	5.69293 4.25024,
	5.70017 4.25567,
	5.70741 4.27015,
	5.70741 4.29911,
	5.70741 4.30635,
	5.70017 4.32083,
	5.67663 4.34979,
	5.66396 4.36427,
	5.65853 4.37152,
	5.6531 4.386,
	5.65129 4.39324,
	5.63319 4.42039,
	5.60785 4.44754,
	5.59518 4.46021,
	5.58794 4.46564,
	5.57889 4.48012,
	5.57346 4.49461,
	5.56984 4.49823,
	5.56803 4.50547,
	5.55716 4.51995,
	5.54268 4.53443,
	5.51372 4.54348,
	5.48476 4.54348,
	5.4558 4.53443,
	5.42683 4.51452,
	5.39968 4.49099,
	5.39063 4.4765,
	5.39063 4.46202,
	5.39063 4.45478,
	"/>
</Transform>

<Transform dim="0"
 xcoef=" 0 1 0 0 0 0"
 ycoef=" 0 0 1 0 0 0">
<Contour name="d04ax04ssvr" hidden="false" closed="true" simplified="false" border="0 1 0" fill="0 1 0" mode="11"
 points="6.70128 2.78786,
	6.6917 2.77828,
	6.70128 2.7687,
	6.71086 2.77828,
	"/>
<Contour name="d04ax04ssvr" hidden="false" closed="true" simplified="false" border="0 1 0" fill="0 1 0" mode="11"
 points="6.74644 2.8207,
	6.73686 2.81112,
	6.74644 2.80154,
	6.75602 2.81112,
	"/>
<Contour name="d04ax04ssvr" hidden="false" closed="true" simplified="false" border="0 1 0" fill="0 1 0" mode="11"
 points="6.73412 2.85628,
	6.72454 2.8467,
	6.73412 2.83712,
	6.7437 2.8467,
	"/>
<Contour name="d04ax04ssvr" hidden="false" closed="true" simplified="false" border="0 1 0" fill="0 1 0" mode="11"
 points="6.69444 2.83712,
	6.68486 2.82754,
	6.69444 2.81796,
	6.70402 2.82754,
	"/>
<Contour name="d04ax04ssvr" hidden="false" closed="true" simplified="false" border="0 1 0" fill="0 1 0" mode="11"
 points="6.66707 2.85628,
	6.6575 2.8467,
	6.66707 2.83712,
	6.67665 2.8467,
	"/>
<Contour name="d04ax04ssvr" hidden="false" closed="true" simplified="false" border="0 1 0" fill="0 1 0" mode="11"
 points="6.6315 2.86996,
	6.62192 2.86038,
	6.6315 2.8508,
	6.64108 2.86038,
	"/>
<Contour name="d04ax04ssvr" hidden="false" closed="true" simplified="false" border="0 1 0" fill="0 1 0" mode="11"
 points="6.62876 2.81386,
	6.61918 2.80428,
	6.62876 2.7947,
	6.63834 2.80428,
	"/>
<Contour name="d04ax04ssvr" hidden="false" closed="true" simplified="false" border="0 1 0" fill="0 1 0" mode="11"
 points="6.62329 2.77144,
	6.61371 2.76186,
	6.62329 2.75228,
	6.63287 2.76186,
	"/>
<Contour name="d04ax04ssvr" hidden="false" closed="true" simplified="false" border="0 1 0" fill="0 1 0" mode="11"
 points="6.68076 2.74544,
	6.67118 2.73586,
	6.68076 2.72629,
	6.69034 2.73586,
	"/>
<Contour name="d04ax04ssvr" hidden="false" closed="true" simplified="false" border="0 1 0" fill="0 1 0" mode="11"
 points="6.63971 2.70166,
	6.63013 2.69208,
	6.63971 2.6825,
	6.64929 2.69208,
	"/>
<Contour name="d04ax04ssvr" hidden="false" closed="true" simplified="false" border="0 1 0" fill="0 1 0" mode="11"
 points="6.68349 2.67566,
	6.67392 2.66608,
	6.68349 2.6565,
	6.69307 2.66608,
	"/>
<Contour name="d04ax04ssvr" hidden="false" closed="true" simplified="false" border="0 1 0" fill="0 1 0" mode="11"
 points="6.72181 2.64829,
	6.71223 2.63871,
	6.72181 2.62914,
	6.73139 2.63871,
	"/>
<Contour name="d04ax04ssvr" hidden="false" closed="true" simplified="false" border="0 1 0" fill="0 1 0" mode="11"
 points="6.73412 2.69892,
	6.72454 2.68934,
	6.73412 2.67976,
	6.7437 2.68934,
	"/>
<Contour name="d04ax04ssvr" hidden="false" closed="true" simplified="false" border="0 1 0" fill="0 1 0" mode="11"
 points="6.7697 2.68934,
	6.76012 2.67976,
	6.7697 2.67018,
	6.77928 2.67976,
	"/>
<Contour name="d04ax04ssvr" hidden="false" closed="true" simplified="false" border="0 1 0" fill="0 1 0" mode="11"
 points="6.76696 2.73586,
	6.75738 2.72629,
	6.76696 2.71671,
	6.77654 2.72629,
	"/>
<Contour name="d04ax04ssvr" hidden="false" closed="true" simplified="false" border="0 1 0" fill="0 1 0" mode="11"
 points="6.73002 2.74818,
	6.72044 2.7386,
	6.73002 2.72902,
	6.7396 2.7386,
	"/>
<Contour name="d04ax04ssvr" hidden="false" closed="true" simplified="false" border="0 1 0" fill="0 1 0" mode="11"
 points="6.74781 2.77555,
	6.73823 2.76597,
	6.74781 2.75639,
	6.75738 2.76597,
	"/>
<Contour name="d04ax04ssvr" hidden="false" closed="true" simplified="false" border="0 1 0" fill="0 1 0" mode="11"
 points="6.80801 2.76734,
	6.79843 2.75776,
	6.80801 2.74818,
	6.81759 2.75776,
	"/>
<Contour name="d04ax04ssvr" hidden="false" closed="true" simplified="false" border="0 1 0" fill="0 1 0" mode="11"
 points="6.84769 2.77691,
	6.83812 2.76734,
	6.84769 2.75776,
	6.85727 2.76734,
	"/>
<Contour name="d04ax04ssvr" hidden="false" closed="true" simplified="false" border="0 1 0" fill="0 1 0" mode="11"
 points="6.82717 2.74407,
	6.81759 2.7345,
	6.82717 2.72492,
	6.83675 2.7345,
	"/>
<Contour name="d04ax04ssvr" hidden="false" closed="true" simplified="false" border="0 1 0" fill="0 1 0" mode="11"
 points="6.8518 2.70576,
	6.84222 2.69618,
	6.8518 2.6866,
	6.86138 2.69618,
	"/>
<Contour name="d04ax04ssvr" hidden="false" closed="true" simplified="false" border="0 1 0" fill="0 1 0" mode="11"
 points="6.8778 2.72081,
	6.86822 2.71123,
	6.8778 2.70166,
	6.88737 2.71123,
	"/>
<Contour name="d04ax04ssvr" hidden="false" closed="true" simplified="false" border="0 1 0" fill="0 1 0" mode="11"
 points="6.89285 2.75365,
	6.88327 2.74407,
	6.89285 2.7345,
	6.90243 2.74407,
	"/>
<Contour name="d04ax04ssvr" hidden="false" closed="true" simplified="false" border="0 1 0" fill="0 1 0" mode="11"
 points="6.8819 2.80702,
	6.87232 2.79744,
	6.8819 2.78786,
	6.89148 2.79744,
	"/>
<Contour name="d04ax04ssvr" hidden="false" closed="true" simplified="false" border="0 1 0" fill="0 1 0" mode="11"
 points="6.86138 2.85901,
	6.8518 2.84943,
	6.86138 2.83986,
	6.87095 2.84943,
	"/>
<Contour name="d04ax04ssvr" hidden="false" closed="true" simplified="false" border="0 1 0" fill="0 1 0" mode="11"
 points="6.83401 2.83165,
	6.82443 2.82207,
	6.83401 2.81249,
	6.84359 2.82207,
	"/>
<Contour name="d04ax04ssvr" hidden="false" closed="true" simplified="false" border="0 1 0" fill="0 1 0" mode="11"
 points="6.80391 2.8768,
	6.79433 2.86722,
	6.80391 2.85764,
	6.81349 2.86722,
	"/>
<Contour name="d04ax04ssvr" hidden="false" closed="true" simplified="false" border="0 1 0" fill="0 1 0" mode="11"
 points="6.76012 2.90006,
	6.75054 2.89048,
	6.76012 2.88091,
	6.7697 2.89048,
	"/>
<Contour name="d04ax04ssvr" hidden="false" closed="true" simplified="false" border="0 1 0" fill="0 1 0" mode="11"
 points="6.80254 2.92196,
	6.79296 2.91238,
	6.80254 2.9028,
	6.81212 2.91238,
	"/>
<Contour name="d04ax04ssvr" hidden="false" closed="true" simplified="false" border="0 1 0" fill="0 1 0" mode="11"
 points="6.76559 2.94385,
	6.75602 2.93427,
	6.76559 2.92469,
	6.77517 2.93427,
	"/>
<Contour name="d04ax04ssvr" hidden="false" closed="true" simplified="false" border="0 1 0" fill="0 1 0" mode="11"
 points="6.70402 2.90143,
	6.69444 2.89185,
	6.70402 2.88227,
	6.7136 2.89185,
	"/>
<Contour name="d04ax04ssvr" hidden="false" closed="true" simplified="false" border="0 1 0" fill="0 1 0" mode="11"
 points="6.66571 2.93017,
	6.65613 2.92059,
	6.66571 2.91101,
	6.67528 2.92059,
	"/>
<Contour name="d04ax04ssvr" hidden="false" closed="true" simplified="false" border="0 1 0" fill="0 1 0" mode="11"
 points="6.61645 2.90143,
	6.60687 2.89185,
	6.61645 2.88227,
	6.62603 2.89185,
	"/>
<Contour name="d04ax04ssvr" hidden="false" closed="true" simplified="false" border="0 1 0" fill="0 1 0" mode="11"
 points="6.55761 2.83849,
	6.54803 2.82891,
	6.55761 2.81933,
	6.56719 2.82891,
	"/>
<Contour name="d04ax04ssvr" hidden="false" closed="true" simplified="false" border="0 1 0" fill="0 1 0" mode="11"
 points="6.54393 2.88227,
	6.53435 2.8727,
	6.54393 2.86312,
	6.5535 2.8727,
	"/>
<Contour name="d04ax04ssvr" hidden="false" closed="true" simplified="false" border="0 1 0" fill="0 1 0" mode="11"
 points="6.56445 2.91785,
	6.55487 2.90827,
	6.56445 2.89869,
	6.57403 2.90827,
	"/>
<Contour name="d04ax04ssvr" hidden="false" closed="true" simplified="false" border="0 1 0" fill="0 1 0" mode="11"
 points="6.52203 2.93564,
	6.51245 2.92606,
	6.52203 2.91648,
	6.53161 2.92606,
	"/>
<Contour name="d04ax04ssvr" hidden="false" closed="true" simplified="false" border="0 1 0" fill="0 1 0" mode="11"
 points="6.55487 2.96848,
	6.54529 2.9589,
	6.55487 2.94932,
	6.56445 2.9589,
	"/>
<Contour name="d04ax04ssvr" hidden="false" closed="true" simplified="false" border="0 1 0" fill="0 1 0" mode="11"
 points="6.6014 2.94248,
	6.59182 2.9329,
	6.6014 2.92332,
	6.61097 2.9329,
	"/>
<Contour name="d04ax04ssvr" hidden="false" closed="true" simplified="false" border="0 1 0" fill="0 1 0" mode="11"
 points="6.65339 2.97395,
	6.64381 2.96437,
	6.65339 2.9548,
	6.66297 2.96437,
	"/>
<Contour name="d04ax04ssvr" hidden="false" closed="true" simplified="false" border="0 1 0" fill="0 1 0" mode="11"
 points="6.63013 3.00679,
	6.62055 2.99721,
	6.63013 2.98764,
	6.63971 2.99721,
	"/>
<Contour name="d04ax04ssvr" hidden="false" closed="true" simplified="false" border="0 1 0" fill="0 1 0" mode="11"
 points="6.67255 3.00542,
	6.66297 2.99585,
	6.67255 2.98627,
	6.68213 2.99585,
	"/>
<Contour name="d04ax04ssvr" hidden="false" closed="true" simplified="false" border="0 1 0" fill="0 1 0" mode="11"
 points="6.70539 2.99448,
	6.69581 2.9849,
	6.70539 2.97532,
	6.71497 2.9849,
	"/>
<Contour name="d04ax04ssvr" hidden="false" closed="true" simplified="false" border="0 1 0" fill="0 1 0" mode="11"
 points="6.72728 2.94932,
	6.7177 2.93974,
	6.72728 2.93017,
	6.73686 2.93974,
	"/>
<Contour name="d04ax04ssvr" hidden="false" closed="true" simplified="false" border="0 1 0" fill="0 1 0" mode="11"
 points="6.7437 2.97806,
	6.73412 2.96848,
	6.7437 2.9589,
	6.75328 2.96848,
	"/>
<Contour name="d04ax04ssvr" hidden="false" closed="true" simplified="false" border="0 1 0" fill="0 1 0" mode="11"
 points="6.70539 3.0369,
	6.69581 3.02732,
	6.70539 3.01774,
	6.71497 3.02732,
	"/>
<Contour name="d04ax04ssvr" hidden="false" closed="true" simplified="false" border="0 1 0" fill="0 1 0" mode="11"
 points="6.6616 3.04921,
	6.65202 3.03963,
	6.6616 3.03005,
	6.67118 3.03963,
	"/>
<Contour name="d04ax04ssvr" hidden="false" closed="true" simplified="false" border="0 1 0" fill="0 1 0" mode="11"
 points="6.6014 3.04921,
	6.59182 3.03963,
	6.6014 3.03005,
	6.61097 3.03963,
	"/>
<Contour name="d04ax04ssvr" hidden="false" closed="true" simplified="false" border="0 1 0" fill="0 1 0" mode="11"
 points="6.62876 3.06426,
	6.61918 3.05468,
	6.62876 3.04511,
	6.63834 3.05468,
	"/>
<Contour name="d04ax04ssvr" hidden="false" closed="true" simplified="false" border="0 1 0" fill="0 1 0" mode="11"
 points="6.55898 3.0369,
	6.5494 3.02732,
	6.55898 3.01774,
	6.56856 3.02732,
	"/>
<Contour name="d04ax04ssvr" hidden="false" closed="true" simplified="false" border="0 1 0" fill="0 1 0" mode="11"
 points="6.53845 3.00406,
	6.52887 2.99448,
	6.53845 2.9849,
	6.54803 2.99448,
	"/>
<Contour name="d04ax04ssvr" hidden="false" closed="true" simplified="false" border="0 1 0" fill="0 1 0" mode="11"
 points="6.48372 3.00816,
	6.47414 2.99858,
	6.48372 2.989,
	6.4933 2.99858,
	"/>
<Contour name="d04ax04ssvr" hidden="false" closed="true" simplified="false" border="0 1 0" fill="0 1 0" mode="11"
 points="6.45225 3.03279,
	6.44267 3.02321,
	6.45225 3.01363,
	6.46183 3.02321,
	"/>
<Contour name="d04ax04ssvr" hidden="false" closed="true" simplified="false" border="0 1 0" fill="0 1 0" mode="11"
 points="6.47825 3.067,
	6.46867 3.05742,
	6.47825 3.04784,
	6.48782 3.05742,
	"/>
<Contour name="d04ax04ssvr" hidden="false" closed="true" simplified="false" border="0 1 0" fill="0 1 0" mode="11"
 points="6.52203 3.06289,
	6.51245 3.05331,
	6.52203 3.04374,
	6.53161 3.05331,
	"/>
<Contour name="d04ax04ssvr" hidden="false" closed="true" simplified="false" border="0 1 0" fill="0 1 0" mode="11"
 points="6.48509 3.10668,
	6.47551 3.0971,
	6.48509 3.08752,
	6.49467 3.0971,
	"/>
<Contour name="d04ax04ssvr" hidden="false" closed="true" simplified="false" border="0 1 0" fill="0 1 0" mode="11"
 points="6.44678 3.08615,
	6.4372 3.07658,
	6.44678 3.067,
	6.45635 3.07658,
	"/>
<Contour name="d04ax04ssvr" hidden="false" closed="true" simplified="false" border="0 1 0" fill="0 1 0" mode="11"
 points="6.52614 3.10394,
	6.51656 3.09436,
	6.52614 3.08479,
	6.53572 3.09436,
	"/>
<Contour name="d04ax04ssvr" hidden="false" closed="true" simplified="false" border="0 1 0" fill="0 1 0" mode="11"
 points="6.50835 3.14636,
	6.49877 3.13678,
	6.50835 3.1272,
	6.51793 3.13678,
	"/>
<Contour name="d04ax04ssvr" hidden="false" closed="true" simplified="false" border="0 1 0" fill="0 1 0" mode="11"
 points="6.55898 3.14499,
	6.5494 3.13541,
	6.55898 3.12584,
	6.56856 3.13541,
	"/>
<Contour name="d04ax04ssvr" hidden="false" closed="true" simplified="false" border="0 1 0" fill="0 1 0" mode="11"
 points="6.52887 3.19562,
	6.5193 3.18604,
	6.52887 3.17646,
	6.53845 3.18604,
	"/>
<Contour name="d04ax04ssvr" hidden="false" closed="true" simplified="false" border="0 1 0" fill="0 1 0" mode="11"
 points="6.47688 3.20246,
	6.4673 3.19288,
	6.47688 3.18331,
	6.48646 3.19288,
	"/>
<Contour name="d04ax04ssvr" hidden="false" closed="true" simplified="false" border="0 1 0" fill="0 1 0" mode="11"
 points="6.49603 2.96848,
	6.48646 2.9589,
	6.49603 2.94932,
	6.50561 2.9589,
	"/>
<Contour name="d04ax04ssvr" hidden="false" closed="true" simplified="false" border="0 1 0" fill="0 1 0" mode="11"
 points="6.46319 2.96574,
	6.45362 2.95616,
	6.46319 2.94659,
	6.47277 2.95616,
	"/>
<Contour name="d04ax04ssvr" hidden="false" closed="true" simplified="false" border="0 1 0" fill="0 1 0" mode="11"
 points="6.48646 2.91511,
	6.47688 2.90554,
	6.48646 2.89596,
	6.49603 2.90554,
	"/>
<Contour name="d04ax04ssvr" hidden="false" closed="true" simplified="false" border="0 1 0" fill="0 1 0" mode="11"
 points="6.51245 2.87817,
	6.50288 2.86859,
	6.51245 2.85901,
	6.52203 2.86859,
	"/>
<Contour name="d04ax04ssvr" hidden="false" closed="true" simplified="false" border="0 1 0" fill="0 1 0" mode="11"
 points="6.82717 2.62093,
	6.81759 2.61135,
	6.82717 2.60177,
	6.83675 2.61135,
	"/>
<Contour name="d04ax04ssvr" hidden="false" closed="true" simplified="false" border="0 1 0" fill="0 1 0" mode="11"
 points="6.76149 2.6305,
	6.75191 2.62093,
	6.76149 2.61135,
	6.77107 2.62093,
	"/>
<Contour name="d04ax04ssvr" hidden="false" closed="true" simplified="false" border="0 1 0" fill="0 1 0" mode="11"
 points="6.7998 2.65513,
	6.79022 2.64555,
	6.7998 2.63598,
	6.80938 2.64555,
	"/>
<Contour name="d04ax04ssvr" hidden="false" closed="true" simplified="false" border="0 1 0" fill="0 1 0" mode="11"
 points="6.90379 2.65513,
	6.89422 2.64555,
	6.90379 2.63598,
	6.91337 2.64555,
	"/>
<Contour name="d04ax04ssvr" hidden="false" closed="true" simplified="false" border="0 1 0" fill="0 1 0" mode="11"
 points="6.91474 2.70576,
	6.90516 2.69618,
	6.91474 2.6866,
	6.92432 2.69618,
	"/>
<Contour name="d04ax04ssvr" hidden="false" closed="true" simplified="false" border="0 1 0" fill="0 1 0" mode="11"
 points="6.94895 2.6825,
	6.93937 2.67292,
	6.94895 2.66334,
	6.95853 2.67292,
	"/>
<Contour name="d04ax04ssvr" hidden="false" closed="true" simplified="false" border="0 1 0" fill="0 1 0" mode="11"
 points="6.94348 2.62777,
	6.9339 2.61819,
	6.94348 2.60861,
	6.95305 2.61819,
	"/>
<Contour name="d04ax04ssvr" hidden="false" closed="true" simplified="false" border="0 1 0" fill="0 1 0" mode="11"
 points="6.8819 2.59356,
	6.87232 2.58398,
	6.8819 2.5744,
	6.89148 2.58398,
	"/>
<Contour name="d04ax04ssvr" hidden="false" closed="true" simplified="false" border="0 1 0" fill="0 1 0" mode="11"
 points="6.8217 2.5703,
	6.81212 2.56072,
	6.8217 2.55114,
	6.83127 2.56072,
	"/>
<Contour name="d04ax04ssvr" hidden="false" closed="true" simplified="false" border="0 1 0" fill="0 1 0" mode="11"
 points="6.73823 2.56756,
	6.72865 2.55798,
	6.73823 2.5484,
	6.74781 2.55798,
	"/>
<Contour name="d04ax04ssvr" hidden="false" closed="true" simplified="false" border="0 1 0" fill="0 1 0" mode="11"
 points="6.69034 2.59903,
	6.68076 2.58945,
	6.69034 2.57988,
	6.69991 2.58945,
	"/>
<Contour name="d04ax04ssvr" hidden="false" closed="true" simplified="false" border="0 1 0" fill="0 1 0" mode="11"
 points="6.85043 2.52104,
	6.84085 2.51146,
	6.85043 2.50188,
	6.86001 2.51146,
	"/>
<Contour name="d04ax04ssvr" hidden="false" closed="true" simplified="false" border="0 1 0" fill="0 1 0" mode="11"
 points="6.80801 2.5183,
	6.79843 2.50872,
	6.80801 2.49914,
	6.81759 2.50872,
	"/>
<Contour name="d04ax04ssvr" hidden="false" closed="true" simplified="false" border="0 1 0" fill="0 1 0" mode="11"
 points="6.89011 2.54704,
	6.88053 2.53746,
	6.89011 2.52788,
	6.89969 2.53746,
	"/>
<Contour name="d04ax04ssvr" hidden="false" closed="true" simplified="false" border="0 1 0" fill="0 1 0" mode="11"
 points="6.94621 2.57577,
	6.93663 2.56619,
	6.94621 2.55661,
	6.95579 2.56619,
	"/>
<Contour name="d04ax04ssvr" hidden="false" closed="true" simplified="false" border="0 1 0" fill="0 1 0" mode="11"
 points="6.95305 2.52925,
	6.94348 2.51967,
	6.95305 2.51009,
	6.96263 2.51967,
	"/>
<Contour name="d04ax04ssvr" hidden="false" closed="true" simplified="false" border="0 1 0" fill="0 1 0" mode="11"
 points="6.98589 2.52377,
	6.97632 2.5142,
	6.98589 2.50462,
	6.99547 2.5142,
	"/>
<Contour name="d04ax04ssvr" hidden="false" closed="true" simplified="false" border="0 1 0" fill="0 1 0" mode="11"
 points="6.94758 2.47862,
	6.938 2.46904,
	6.94758 2.45946,
	6.95716 2.46904,
	"/>
<Contour name="d04ax04ssvr" hidden="false" closed="true" simplified="false" border="0 1 0" fill="0 1 0" mode="11"
 points="6.89422 2.50051,
	6.88464 2.49093,
	6.89422 2.48136,
	6.90379 2.49093,
	"/>
<Contour name="d04ax04ssvr" hidden="false" closed="true" simplified="false" border="0 1 0" fill="0 1 0" mode="11"
 points="6.83675 2.47862,
	6.82717 2.46904,
	6.83675 2.45946,
	6.84633 2.46904,
	"/>
<Contour name="d04ax04ssvr" hidden="false" closed="true" simplified="false" border="0 1 0" fill="0 1 0" mode="11"
 points="6.81622 2.4882,
	6.80664 2.47862,
	6.81622 2.46904,
	6.8258 2.47862,
	"/>
<Contour name="d04ax04ssvr" hidden="false" closed="true" simplified="false" border="0 1 0" fill="0 1 0" mode="11"
 points="6.77654 2.48136,
	6.76696 2.47178,
	6.77654 2.4622,
	6.78612 2.47178,
	"/>
<Contour name="d04ax04ssvr" hidden="false" closed="true" simplified="false" border="0 1 0" fill="0 1 0" mode="11"
 points="6.91748 2.45946,
	6.9079 2.44988,
	6.91748 2.44031,
	6.92706 2.44988,
	"/>
<Contour name="d04ax04ssvr" hidden="false" closed="true" simplified="false" border="0 1 0" fill="0 1 0" mode="11"
 points="6.95305 2.42662,
	6.94348 2.41705,
	6.95305 2.40747,
	6.96263 2.41705,
	"/>
<Contour name="d04ax04ssvr" hidden="false" closed="true" simplified="false" border="0 1 0" fill="0 1 0" mode="11"
 points="6.98316 2.47451,
	6.97358 2.46494,
	6.98316 2.45536,
	6.99274 2.46494,
	"/>
<Contour name="d04ax04ssvr" hidden="false" closed="true" simplified="false" border="0 1 0" fill="0 1 0" mode="11"
 points="7.01189 2.47725,
	7.00231 2.46767,
	7.01189 2.45809,
	7.02147 2.46767,
	"/>
<Contour name="d04ax04ssvr" hidden="false" closed="true" simplified="false" border="0 1 0" fill="0 1 0" mode="11"
 points="7.03379 2.41157,
	7.02421 2.40199,
	7.03379 2.39242,
	7.04336 2.40199,
	"/>
<Contour name="d04ax04ssvr" hidden="false" closed="true" simplified="false" border="0 1 0" fill="0 1 0" mode="11"
 points="6.89832 2.41431,
	6.88874 2.40473,
	6.89832 2.39515,
	6.9079 2.40473,
	"/>
<Contour name="d04ax04ssvr" hidden="false" closed="true" simplified="false" border="0 1 0" fill="0 1 0" mode="11"
 points="6.97495 2.38421,
	6.96537 2.37463,
	6.97495 2.36505,
	6.98453 2.37463,
	"/>
<Contour name="d04ax04ssvr" hidden="false" closed="true" simplified="false" border="0 1 0" fill="0 1 0" mode="11"
 points="6.58087 2.99858,
	6.57129 2.989,
	6.58087 2.97943,
	6.59045 2.989,
	"/>
<Contour name="d04ax04ssvr" hidden="false" closed="true" simplified="false" border="0 1 0" fill="0 1 0" mode="11"
 points="6.56992 3.09026,
	6.56035 3.08068,
	6.56992 3.0711,
	6.5795 3.08068,
	"/>
</Transform>

<Transform dim="0"
 xcoef=" 0 1 0 0 0 0"
 ycoef=" 0 0 1 0 0 0">
<Contour name="d04c04" hidden="false" closed="true" simplified="true" border="1 0 1" fill="1 0 1" mode="11"
 points="6.31794 2.83508,
	6.43498 2.67655,
	6.4932 2.59728,
	6.5223 2.55764,
	6.53716 2.53783,
	6.55079 2.51801,
	6.55822 2.5081,
	6.56689 2.49819,
	6.64616 2.54154,
	6.68579 2.56322,
	6.70561 2.57436,
	6.72543 2.58427,
	6.73038 2.58675,
	6.73286 2.58799,
	6.73534 2.59047,
	6.73595 2.59109,
	6.53035 2.90816,
	6.51797 2.92798,
	6.51425 2.93293,
	6.43498 2.89639,
	6.39535 2.87843,
	6.37553 2.86914,
	6.3359 2.84747,
	6.32599 2.84128,
	6.32103 2.83756,
	6.31856 2.8357,
	"/>
</Transform>

</Section>