<?xml version="1.0"?>
<!DOCTYPE Section SYSTEM "section.dtd">

<Section index="111" thickness="0.046483" alignLocked="true">
<Transform dim="0"
 xcoef=" 0 1 0 0 0 0"
 ycoef=" 0 0 1 0 0 0">
<Contour name="Ax01" hidden="false" closed="true" simplified="true" border="1 0.5 0" fill="1 0.5 0" mode="11"
 points="7.48528 5.21553,
	7.5098 5.19101,
	7.53782 5.177,
	7.59387 5.16649,
	7.64991 5.16299,
	7.67793 5.16649,
	7.68494 5.16649,
	7.70245 5.19451,
	7.72697 5.21553,
	7.74098 5.22954,
	7.73748 5.25756,
	7.72697 5.28558,
	7.70595 5.3136,
	7.67793 5.33112,
	7.67093 5.33112,
	7.66392 5.33812,
	7.60788 5.34863,
	7.59387 5.34863,
	7.56584 5.33812,
	7.54833 5.32061,
	7.54483 5.3066,
	7.51681 5.28558,
	7.49929 5.25756,
	7.48879 5.24355,
	7.48528 5.21903,
	"/>
</Transform>

<Transform dim="0"
 xcoef=" 0 1 0 0 0 0"
 ycoef=" 0 0 1 0 0 0">
<Contour name="Ax01" hidden="false" closed="true" simplified="true" border="1 0.5 0" fill="1 0.5 0" mode="11"
 points="2.95365 4.84162,
	2.95733 4.82687,
	2.98683 4.80106,
	3.01264 4.78631,
	3.13064 4.76418,
	3.18964 4.76418,
	3.24864 4.77893,
	3.30764 4.81212,
	3.33714 4.82318,
	3.45514 4.83424,
	3.48464 4.84162,
	3.49939 4.85268,
	3.50676 4.85637,
	3.52889 4.91537,
	3.53626 4.93012,
	3.52889 4.98912,
	3.52151 5.00387,
	3.52151 5.01124,
	3.4957 5.03705,
	3.4367 5.06286,
	3.4072 5.07393,
	3.3482 5.07024,
	3.33345 5.05918,
	3.30395 5.0518,
	3.24495 5.0518,
	3.21545 5.0518,
	3.2007 5.0518,
	3.18595 5.04443,
	3.12696 5.03337,
	3.06796 5.01493,
	3.01264 4.97437,
	2.97946 4.91537,
	2.97208 4.90062,
	2.97208 4.89324,
	2.95365 4.86374,
	2.95365 4.84899,
	2.95365 4.84531,
	"/>
</Transform>

<Transform dim="0"
 xcoef=" 0 1 0 0 0 0"
 ycoef=" 0 0 1 0 0 0">
<Contour name="Ax02" hidden="false" closed="true" simplified="true" border="0.5 0 1" fill="0.5 0 1" mode="11"
 points="0.28541 7.53539,
	0.299401 7.49062,
	0.299401 7.47943,
	0.293805 7.46824,
	0.296603 7.44585,
	0.296603 7.44026,
	0.335777 7.40388,
	0.425317 7.38709,
	0.514858 7.33393,
	0.526051 7.32833,
	0.531647 7.32833,
	0.537243 7.32274,
	0.579215 7.30874,
	0.668756 7.30035,
	0.758296 7.29755,
	0.803067 7.29475,
	0.825452 7.29196,
	0.82825 7.29475,
	0.850635 7.28076,
	0.87302 7.27797,
	0.884213 7.28636,
	0.887011 7.29755,
	0.884213 7.30874,
	0.853433 7.35352,
	0.842241 7.36471,
	0.836644 7.3759,
	0.79747 7.41228,
	0.786278 7.41787,
	0.763893 7.43746,
	0.758296 7.43746,
	0.744306 7.45705,
	0.724719 7.47104,
	0.713526 7.47384,
	0.702333 7.48223,
	0.679948 7.48503,
	0.590408 7.5214,
	0.545638 7.54659,
	0.500867 7.56338,
	0.478482 7.56897,
	0.458895 7.58296,
	0.439308 7.60255,
	0.428116 7.61094,
	0.383345 7.61654,
	0.338575 7.61374,
	0.31619 7.60255,
	0.296603 7.58016,
	0.288209 7.56897,
	0.28541 7.54659,
	0.28541 7.53819,
	"/>
</Transform>

<Transform dim="0"
 xcoef=" 0 1 0 0 0 0"
 ycoef=" 0 0 1 0 0 0">
<Contour name="Ax04" hidden="false" closed="true" simplified="true" border="1 0 0" fill="1 0 0" mode="-11"
 points="7.27959 3.94058,
	7.30719 3.89643,
	7.32098 3.87435,
	7.32374 3.86056,
	7.31822 3.85504,
	7.32098 3.83296,
	7.34306 3.81364,
	7.36514 3.79985,
	7.37065 3.79433,
	7.37617 3.79433,
	7.39825 3.78053,
	7.43412 3.7419,
	7.47828 3.71706,
	7.52243 3.70326,
	7.5445 3.69774,
	7.56658 3.69774,
	7.61073 3.70602,
	7.65488 3.72534,
	7.6742 3.74466,
	7.688 3.76397,
	7.69352 3.78605,
	7.69904 3.79709,
	7.7018 3.79985,
	7.69352 3.80813,
	7.69076 3.8302,
	7.67696 3.85228,
	7.65488 3.87159,
	7.61073 3.90195,
	7.56658 3.92678,
	7.5445 3.93782,
	7.52519 3.95438,
	7.49207 3.99853,
	7.46724 4.03716,
	7.45344 4.08132,
	7.44516 4.12547,
	7.4286 4.14479,
	7.40653 4.15858,
	7.38445 4.1641,
	7.36238 4.1641,
	7.3403 4.1503,
	7.32926 4.14203,
	7.31822 4.13927,
	7.3127 4.13927,
	7.29615 4.11995,
	7.29615 4.09787,
	7.30719 4.0758,
	7.31822 4.06476,
	7.3265 4.04268,
	7.32926 4.02061,
	7.30167 3.97922,
	7.28235 3.9599,
	7.27959 3.94886,
	7.27959 3.94334,
	"/>
</Transform>

<Transform dim="0"
 xcoef=" 0 1 0 0 0 0"
 ycoef=" 0 0 1 0 0 0">
<Contour name="Ax04" hidden="false" closed="true" simplified="true" border="1 0 0" fill="1 0 0" mode="-11"
 points="7.61349 3.27278,
	7.61625 3.26174,
	7.63281 3.23967,
	7.63281 3.23415,
	7.64936 3.21207,
	7.69076 3.18172,
	7.71283 3.16792,
	7.75699 3.15688,
	7.77906 3.15136,
	7.7901 3.14584,
	7.81218 3.14584,
	7.83425 3.15688,
	7.84529 3.16792,
	7.85357 3.21207,
	7.85909 3.23415,
	7.85633 3.2783,
	7.84805 3.32245,
	7.84253 3.34453,
	7.82873 3.3666,
	7.7901 3.40248,
	7.76802 3.41352,
	7.74595 3.41903,
	7.7018 3.41627,
	7.67972 3.41627,
	7.65764 3.408,
	7.64109 3.39144,
	7.61901 3.34729,
	7.61349 3.32521,
	7.61349 3.28106,
	7.61349 3.27554,
	"/>
</Transform>

<Transform dim="0"
 xcoef=" 0 1 0 0 0 0"
 ycoef=" 0 0 1 0 0 0">
<Contour name="Ax04B02ssvr323" hidden="false" closed="true" simplified="false" border="0.5 0 1" fill="0.5 0 1" mode="13"
 points="7.7234 3.26134,
	7.71381 3.25814,
	7.7234 3.25495,
	7.71701 3.24536,
	7.7266 3.25175,
	7.72979 3.24216,
	7.73299 3.25175,
	7.74258 3.24536,
	7.73619 3.25495,
	7.74578 3.25814,
	7.73619 3.26134,
	7.74258 3.27093,
	7.73299 3.26454,
	7.72979 3.27413,
	7.7266 3.26454,
	7.71701 3.27093,
	"/>
<Contour name="Ax04B02ssvr324" hidden="false" closed="true" simplified="false" border="0.5 0 1" fill="0.5 0 1" mode="13"
 points="7.71381 3.35084,
	7.70422 3.34764,
	7.71381 3.34445,
	7.70742 3.33486,
	7.71701 3.34125,
	7.7202 3.33166,
	7.7234 3.34125,
	7.73299 3.33486,
	7.7266 3.34445,
	7.73619 3.34764,
	7.7266 3.35084,
	7.73299 3.36043,
	7.7234 3.35404,
	7.7202 3.36363,
	7.71701 3.35404,
	7.70742 3.36043,
	"/>
</Transform>

<Transform dim="0"
 xcoef=" 0 1 0 0 0 0"
 ycoef=" 0 0 1 0 0 0">
<Contour name="Ax05" hidden="false" closed="true" simplified="true" border="1 1 0" fill="1 1 0" mode="-11"
 points="4.79577 4.94846,
	4.80512 4.92353,
	4.82382 4.90172,
	4.87056 4.87367,
	4.89549 4.86121,
	4.90795 4.85186,
	4.95781 4.8394,
	4.98274 4.8394,
	4.9952 4.84563,
	5.02013 4.84874,
	5.04506 4.86121,
	5.09492 4.86433,
	5.11985 4.86433,
	5.16971 4.87367,
	5.21957 4.87679,
	5.2445 4.87679,
	5.29436 4.88925,
	5.3037 4.8986,
	5.29436 4.92042,
	5.26943 4.936,
	5.2445 4.94535,
	5.23826 4.94535,
	5.23203 4.95158,
	5.18217 4.97027,
	5.15724 4.97962,
	5.13855 5.00144,
	5.1292 5.0139,
	5.12297 5.02013,
	5.11985 5.0326,
	5.10115 5.05753,
	5.05129 5.08557,
	5.00144 5.10427,
	4.95158 5.11362,
	4.90172 5.1105,
	4.85186 5.0918,
	4.82693 5.08246,
	4.80512 5.06376,
	4.79577 5.05441,
	4.79577 5.04195,
	4.802 5.02948,
	4.79577 4.97962,
	4.79577 4.95469,
	4.79577 4.95158,
	"/>
</Transform>

<Transform dim="0"
 xcoef=" 0 1 0 0 0 0"
 ycoef=" 0 0 1 0 0 0">
<Contour name="Ax06" hidden="false" closed="true" simplified="true" border="0 0 1" fill="0 0 1" mode="11"
 points="5.01356 5.72129,
	5.02707 5.70239,
	5.04868 5.69158,
	5.0919 5.68888,
	5.11351 5.68888,
	5.15673 5.68078,
	5.17834 5.67267,
	5.22156 5.67267,
	5.24317 5.67267,
	5.28639 5.66457,
	5.308 5.65917,
	5.35122 5.65917,
	5.37283 5.66187,
	5.39444 5.66997,
	5.40525 5.67267,
	5.41065 5.67267,
	5.41605 5.67807,
	5.42686 5.68078,
	5.43766 5.68888,
	5.5241 5.70239,
	5.54571 5.70509,
	5.58893 5.72129,
	5.67537 5.74561,
	5.68618 5.74831,
	5.70779 5.76181,
	5.71589 5.77262,
	5.71859 5.79423,
	5.71589 5.81584,
	5.69698 5.83745,
	5.68348 5.85906,
	5.67537 5.86986,
	5.65376 5.87797,
	5.61054 5.87527,
	5.5241 5.85636,
	5.50249 5.85366,
	5.45927 5.83745,
	5.41605 5.82664,
	5.32961 5.82935,
	5.308 5.82935,
	5.26478 5.82124,
	5.25397 5.81314,
	5.23236 5.80503,
	5.22156 5.79963,
	5.21886 5.79693,
	5.17564 5.80233,
	5.13242 5.81584,
	5.0892 5.82394,
	5.06759 5.81854,
	5.02707 5.78342,
	5.01896 5.77262,
	5.01356 5.7294,
	5.01356 5.724,
	"/>
</Transform>

<Transform dim="0"
 xcoef=" 0 1 0 0 0 0"
 ycoef=" 0 0 1 0 0 0">
<Contour name="Ax07" hidden="false" closed="true" simplified="true" border="1 0 1" fill="1 0 1" mode="11"
 points="3.68538 1.45713,
	3.6979 1.41707,
	3.7004 1.40705,
	3.70541 1.40205,
	3.70541 1.39704,
	3.74297 1.35949,
	3.78302 1.33194,
	3.79304 1.32944,
	3.81307 1.31692,
	3.8331 1.31692,
	3.87316 1.32944,
	3.88317 1.33695,
	3.9032 1.34446,
	3.92072 1.35949,
	3.92573 1.3695,
	3.92573 1.37451,
	3.95327 1.41457,
	3.96078 1.43459,
	3.96329 1.45462,
	3.97581 1.49468,
	3.98332 1.5047,
	3.98582 1.51471,
	3.99333 1.52473,
	3.99834 1.56478,
	4.01336 1.57981,
	4.0434 1.61987,
	4.05592 1.63989,
	4.07595 1.64741,
	4.08597 1.64741,
	4.12602 1.66994,
	4.13854 1.68997,
	4.13854 1.69497,
	4.15607 1.71,
	4.18611 1.74755,
	4.20113 1.76508,
	4.20865 1.78511,
	4.21616 1.82516,
	4.22116 1.84519,
	4.23118 1.86522,
	4.23619 1.88525,
	4.23368 1.92531,
	4.23118 1.94534,
	4.23368 1.95536,
	4.25121 1.97288,
	4.25872 1.9829,
	4.25872 1.99291,
	4.25872 1.99792,
	4.2437 2.01544,
	4.23619 2.03547,
	4.24119 2.0555,
	4.2462 2.058,
	4.2462 2.06301,
	4.25121 2.06802,
	4.25121 2.07303,
	4.25872 2.08304,
	4.26122 2.09306,
	4.26623 2.09806,
	4.26373 2.11809,
	4.25121 2.13812,
	4.24119 2.14814,
	4.22116 2.16065,
	4.1811 2.17568,
	4.15106 2.21073,
	4.14105 2.22074,
	4.10099 2.23827,
	4.06093 2.23576,
	4.05091 2.23326,
	4.03339 2.21824,
	4.00585 2.17818,
	3.99083 2.16566,
	3.98081 2.16065,
	3.97581 2.15565,
	3.95578 2.15314,
	3.93825 2.14063,
	3.9032 2.10808,
	3.87316 2.07553,
	3.84562 2.03547,
	3.8331 2.01544,
	3.82809 2.00543,
	3.82308 2.00042,
	3.81557 1.96036,
	3.81557 1.9203,
	3.82559 1.88025,
	3.82809 1.86022,
	3.84061 1.82016,
	3.84061 1.81515,
	3.84562 1.81014,
	3.84562 1.79011,
	3.84061 1.77008,
	3.84311 1.75006,
	3.85563 1.73003,
	3.86314 1.72001,
	3.86564 1.69998,
	3.88067 1.65992,
	3.87316 1.63989,
	3.8356 1.61235,
	3.81557 1.59483,
	3.81056 1.58481,
	3.77051 1.56478,
	3.76049 1.56228,
	3.75548 1.56228,
	3.75048 1.55727,
	3.74046 1.55477,
	3.72043 1.53975,
	3.70541 1.52473,
	3.69289 1.5047,
	3.68538 1.48467,
	3.68538 1.46464,
	3.68538 1.45963,
	"/>
</Transform>

<Transform dim="0"
 xcoef=" 0 1 0 0 0 0"
 ycoef=" 0 0 1 0 0 0">
<Contour name="Ax07B02ssvr117" hidden="false" closed="true" simplified="false" border="0.5 0 1" fill="0.5 0 1" mode="13"
 points="3.91637 1.5038,
	3.90886 1.50129,
	3.91637 1.49879,
	3.91137 1.49128,
	3.91888 1.49628,
	3.92138 1.48877,
	3.92389 1.49628,
	3.9314 1.49128,
	3.92639 1.49879,
	3.9339 1.50129,
	3.92639 1.5038,
	3.9314 1.51131,
	3.92389 1.5063,
	3.92138 1.51381,
	3.91888 1.5063,
	3.91137 1.51131,
	"/>
<Contour name="Ax07B02ssvr118" hidden="false" closed="true" simplified="false" border="0.5 0 1" fill="0.5 0 1" mode="13"
 points="3.84878 1.47125,
	3.84126 1.46874,
	3.84878 1.46624,
	3.84377 1.45873,
	3.85128 1.46374,
	3.85378 1.45623,
	3.85629 1.46374,
	3.8638 1.45873,
	3.85879 1.46624,
	3.8663 1.46874,
	3.85879 1.47125,
	3.8638 1.47876,
	3.85629 1.47375,
	3.85378 1.48126,
	3.85128 1.47375,
	3.84377 1.47876,
	"/>
<Contour name="Ax07B02ssvr119" hidden="false" closed="true" simplified="false" border="0.5 0 1" fill="0.5 0 1" mode="13"
 points="3.85879 1.51381,
	3.85128 1.51131,
	3.85879 1.5088,
	3.85378 1.50129,
	3.86129 1.5063,
	3.8638 1.49879,
	3.8663 1.5063,
	3.87381 1.50129,
	3.86881 1.5088,
	3.87632 1.51131,
	3.86881 1.51381,
	3.87381 1.52132,
	3.8663 1.51631,
	3.8638 1.52382,
	3.86129 1.51631,
	3.85378 1.52132,
	"/>
<Contour name="Ax07B02ssvr120" hidden="false" closed="true" simplified="false" border="0.5 0 1" fill="0.5 0 1" mode="13"
 points="3.82124 1.52132,
	3.81372 1.51882,
	3.82124 1.51631,
	3.81623 1.5088,
	3.82374 1.51381,
	3.82624 1.5063,
	3.82875 1.51381,
	3.83626 1.5088,
	3.83125 1.51631,
	3.83876 1.51882,
	3.83125 1.52132,
	3.83626 1.52883,
	3.82875 1.52382,
	3.82624 1.53134,
	3.82374 1.52382,
	3.81623 1.52883,
	"/>
<Contour name="Ax07B02ssvr121" hidden="false" closed="true" simplified="false" border="0.5 0 1" fill="0.5 0 1" mode="13"
 points="3.76866 1.51631,
	3.76115 1.51381,
	3.76866 1.51131,
	3.76365 1.5038,
	3.77116 1.5088,
	3.77367 1.50129,
	3.77617 1.5088,
	3.78368 1.5038,
	3.77867 1.51131,
	3.78618 1.51381,
	3.77867 1.51631,
	3.78368 1.52382,
	3.77617 1.51882,
	3.77367 1.52633,
	3.77116 1.51882,
	3.76365 1.52382,
	"/>
<Contour name="Ax07B02ssvr122" hidden="false" closed="true" simplified="false" border="0.5 0 1" fill="0.5 0 1" mode="13"
 points="3.79119 1.47876,
	3.78368 1.47626,
	3.79119 1.47375,
	3.78618 1.46624,
	3.7937 1.47125,
	3.7962 1.46374,
	3.7987 1.47125,
	3.80621 1.46624,
	3.80121 1.47375,
	3.80872 1.47626,
	3.80121 1.47876,
	3.80621 1.48627,
	3.7987 1.48126,
	3.7962 1.48877,
	3.7937 1.48126,
	3.78618 1.48627,
	"/>
<Contour name="Ax07B02ssvr123" hidden="false" closed="true" simplified="false" border="0.5 0 1" fill="0.5 0 1" mode="13"
 points="3.73862 1.46874,
	3.7311 1.46624,
	3.73862 1.46374,
	3.73361 1.45623,
	3.74112 1.46123,
	3.74362 1.45372,
	3.74613 1.46123,
	3.75364 1.45623,
	3.74863 1.46374,
	3.75614 1.46624,
	3.74863 1.46874,
	3.75364 1.47626,
	3.74613 1.47125,
	3.74362 1.47876,
	3.74112 1.47125,
	3.73361 1.47626,
	"/>
<Contour name="Ax07B02ssvr124" hidden="false" closed="true" simplified="false" border="0.5 0 1" fill="0.5 0 1" mode="13"
 points="3.74613 1.41366,
	3.73862 1.41116,
	3.74613 1.40866,
	3.74112 1.40115,
	3.74863 1.40615,
	3.75113 1.39864,
	3.75364 1.40615,
	3.76115 1.40115,
	3.75614 1.40866,
	3.76365 1.41116,
	3.75614 1.41366,
	3.76115 1.42117,
	3.75364 1.41617,
	3.75113 1.42368,
	3.74863 1.41617,
	3.74112 1.42117,
	"/>
<Contour name="Ax07B02ssvr125" hidden="false" closed="true" simplified="false" border="0.5 0 1" fill="0.5 0 1" mode="13"
 points="3.80371 1.37361,
	3.7962 1.3711,
	3.80371 1.3686,
	3.7987 1.36109,
	3.80621 1.36609,
	3.80872 1.35858,
	3.81122 1.36609,
	3.81873 1.36109,
	3.81372 1.3686,
	3.82124 1.3711,
	3.81372 1.37361,
	3.81873 1.38112,
	3.81122 1.37611,
	3.80872 1.38362,
	3.80621 1.37611,
	3.7987 1.38112,
	"/>
<Contour name="Ax07B02ssvr126" hidden="false" closed="true" simplified="false" border="0.5 0 1" fill="0.5 0 1" mode="13"
 points="3.87381 1.5739,
	3.8663 1.57139,
	3.87381 1.56889,
	3.86881 1.56138,
	3.87632 1.56639,
	3.87882 1.55888,
	3.88132 1.56639,
	3.88883 1.56138,
	3.88383 1.56889,
	3.89134 1.57139,
	3.88383 1.5739,
	3.88883 1.58141,
	3.88132 1.5764,
	3.87882 1.58391,
	3.87632 1.5764,
	3.86881 1.58141,
	"/>
<Contour name="Ax07B02ssvr127" hidden="false" closed="true" simplified="false" border="0.5 0 1" fill="0.5 0 1" mode="13"
 points="3.92639 1.66403,
	3.91888 1.66153,
	3.92639 1.65902,
	3.92138 1.65151,
	3.92889 1.65652,
	3.9314 1.64901,
	3.9339 1.65652,
	3.94141 1.65151,
	3.9364 1.65902,
	3.94391 1.66153,
	3.9364 1.66403,
	3.94141 1.67154,
	3.9339 1.66653,
	3.9314 1.67404,
	3.92889 1.66653,
	3.92138 1.67154,
	"/>
<Contour name="Ax07B02ssvr128" hidden="false" closed="true" simplified="false" border="0.5 0 1" fill="0.5 0 1" mode="13"
 points="4.1417 1.77169,
	4.13419 1.76918,
	4.1417 1.76668,
	4.1367 1.75917,
	4.14421 1.76418,
	4.14671 1.75666,
	4.14921 1.76418,
	4.15673 1.75917,
	4.15172 1.76668,
	4.15923 1.76918,
	4.15172 1.77169,
	4.15673 1.7792,
	4.14921 1.77419,
	4.14671 1.7817,
	4.14421 1.77419,
	4.1367 1.7792,
	"/>
<Contour name="Ax07B02ssvr129" hidden="false" closed="true" simplified="false" border="0.5 0 1" fill="0.5 0 1" mode="13"
 points="4.06659 1.77419,
	4.05908 1.77169,
	4.06659 1.76918,
	4.06159 1.76167,
	4.0691 1.76668,
	4.0716 1.75917,
	4.0741 1.76668,
	4.08162 1.76167,
	4.07661 1.76918,
	4.08412 1.77169,
	4.07661 1.77419,
	4.08162 1.7817,
	4.0741 1.77669,
	4.0716 1.7842,
	4.0691 1.77669,
	4.06159 1.7817,
	"/>
<Contour name="Ax07B02ssvr130" hidden="false" closed="true" simplified="false" border="0.5 0 1" fill="0.5 0 1" mode="13"
 points="4.02153 1.76918,
	4.01402 1.76668,
	4.02153 1.76418,
	4.01652 1.75666,
	4.02403 1.76167,
	4.02654 1.75416,
	4.02904 1.76167,
	4.03655 1.75666,
	4.03154 1.76418,
	4.03905 1.76668,
	4.03154 1.76918,
	4.03655 1.77669,
	4.02904 1.77169,
	4.02654 1.7792,
	4.02403 1.77169,
	4.01652 1.77669,
	"/>
<Contour name="Ax07B02ssvr131" hidden="false" closed="true" simplified="false" border="0.5 0 1" fill="0.5 0 1" mode="13"
 points="3.97396 1.71661,
	3.96645 1.7141,
	3.97396 1.7116,
	3.96895 1.70409,
	3.97646 1.7091,
	3.97897 1.70158,
	3.98147 1.7091,
	3.98898 1.70409,
	3.98397 1.7116,
	3.99148 1.7141,
	3.98397 1.71661,
	3.98898 1.72412,
	3.98147 1.71911,
	3.97897 1.72662,
	3.97646 1.71911,
	3.96895 1.72412,
	"/>
<Contour name="Ax07B02ssvr132" hidden="false" closed="true" simplified="false" border="0.5 0 1" fill="0.5 0 1" mode="13"
 points="3.90386 1.73914,
	3.89635 1.73664,
	3.90386 1.73413,
	3.89885 1.72662,
	3.90636 1.73163,
	3.90886 1.72412,
	3.91137 1.73163,
	3.91888 1.72662,
	3.91387 1.73413,
	3.92138 1.73664,
	3.91387 1.73914,
	3.91888 1.74665,
	3.91137 1.74164,
	3.90886 1.74915,
	3.90636 1.74164,
	3.89885 1.74665,
	"/>
<Contour name="Ax07B02ssvr133" hidden="false" closed="true" simplified="false" border="0.5 0 1" fill="0.5 0 1" mode="13"
 points="3.90886 1.79172,
	3.90135 1.78921,
	3.90886 1.78671,
	3.90386 1.7792,
	3.91137 1.7842,
	3.91387 1.77669,
	3.91637 1.7842,
	3.92389 1.7792,
	3.91888 1.78671,
	3.92639 1.78921,
	3.91888 1.79172,
	3.92389 1.79923,
	3.91637 1.79422,
	3.91387 1.80173,
	3.91137 1.79422,
	3.90386 1.79923,
	"/>
<Contour name="Ax07B02ssvr134" hidden="false" closed="true" simplified="false" border="0.5 0 1" fill="0.5 0 1" mode="13"
 points="3.9364 1.82927,
	3.92889 1.82677,
	3.9364 1.82426,
	3.9314 1.81675,
	3.93891 1.82176,
	3.94141 1.81425,
	3.94391 1.82176,
	3.95143 1.81675,
	3.94642 1.82426,
	3.95393 1.82677,
	3.94642 1.82927,
	3.95143 1.83678,
	3.94391 1.83177,
	3.94141 1.83929,
	3.93891 1.83177,
	3.9314 1.83678,
	"/>
<Contour name="Ax07B02ssvr135" hidden="false" closed="true" simplified="false" border="0.5 0 1" fill="0.5 0 1" mode="13"
 points="3.999 1.80173,
	3.99148 1.79923,
	3.999 1.79672,
	3.99399 1.78921,
	4.0015 1.79422,
	4.004 1.78671,
	4.00651 1.79422,
	4.01402 1.78921,
	4.00901 1.79672,
	4.01652 1.79923,
	4.00901 1.80173,
	4.01402 1.80924,
	4.00651 1.80423,
	4.004 1.81175,
	4.0015 1.80423,
	3.99399 1.80924,
	"/>
<Contour name="Ax07B02ssvr136" hidden="false" closed="true" simplified="false" border="0.5 0 1" fill="0.5 0 1" mode="13"
 points="4.04656 1.81425,
	4.03905 1.81175,
	4.04656 1.80924,
	4.04156 1.80173,
	4.04907 1.80674,
	4.05157 1.79923,
	4.05408 1.80674,
	4.06159 1.80173,
	4.05658 1.80924,
	4.06409 1.81175,
	4.05658 1.81425,
	4.06159 1.82176,
	4.05408 1.81675,
	4.05157 1.82426,
	4.04907 1.81675,
	4.04156 1.82176,
	"/>
<Contour name="Ax07B02ssvr137" hidden="false" closed="true" simplified="false" border="0.5 0 1" fill="0.5 0 1" mode="13"
 points="4.13419 1.82677,
	4.12668 1.82426,
	4.13419 1.82176,
	4.12919 1.81425,
	4.1367 1.81926,
	4.1392 1.81175,
	4.1417 1.81926,
	4.14921 1.81425,
	4.14421 1.82176,
	4.15172 1.82426,
	4.14421 1.82677,
	4.14921 1.83428,
	4.1417 1.82927,
	4.1392 1.83678,
	4.1367 1.82927,
	4.12919 1.83428,
	"/>
<Contour name="Ax07B02ssvr138" hidden="false" closed="true" simplified="false" border="0.5 0 1" fill="0.5 0 1" mode="13"
 points="4.1417 1.85931,
	4.13419 1.85681,
	4.1417 1.85431,
	4.1367 1.8468,
	4.14421 1.8518,
	4.14671 1.84429,
	4.14921 1.8518,
	4.15673 1.8468,
	4.15172 1.85431,
	4.15923 1.85681,
	4.15172 1.85931,
	4.15673 1.86683,
	4.14921 1.86182,
	4.14671 1.86933,
	4.14421 1.86182,
	4.1367 1.86683,
	"/>
<Contour name="Ax07B02ssvr139" hidden="false" closed="true" simplified="false" border="0.5 0 1" fill="0.5 0 1" mode="13"
 points="4.15673 1.90188,
	4.14921 1.89937,
	4.15673 1.89687,
	4.15172 1.88936,
	4.15923 1.89437,
	4.16173 1.88685,
	4.16424 1.89437,
	4.17175 1.88936,
	4.16674 1.89687,
	4.17425 1.89937,
	4.16674 1.90188,
	4.17175 1.90939,
	4.16424 1.90438,
	4.16173 1.91189,
	4.15923 1.90438,
	4.15172 1.90939,
	"/>
<Contour name="Ax07B02ssvr140" hidden="false" closed="true" simplified="false" border="0.5 0 1" fill="0.5 0 1" mode="13"
 points="4.14421 1.94444,
	4.1367 1.94194,
	4.14421 1.93943,
	4.1392 1.93192,
	4.14671 1.93693,
	4.14921 1.92942,
	4.15172 1.93693,
	4.15923 1.93192,
	4.15422 1.93943,
	4.16173 1.94194,
	4.15422 1.94444,
	4.15923 1.95195,
	4.15172 1.94694,
	4.14921 1.95445,
	4.14671 1.94694,
	4.1392 1.95195,
	"/>
<Contour name="Ax07B02ssvr141" hidden="false" closed="true" simplified="false" border="0.5 0 1" fill="0.5 0 1" mode="13"
 points="4.12418 1.97448,
	4.11667 1.97198,
	4.12418 1.96948,
	4.11917 1.96196,
	4.12668 1.96697,
	4.12919 1.95946,
	4.13169 1.96697,
	4.1392 1.96196,
	4.13419 1.96948,
	4.1417 1.97198,
	4.13419 1.97448,
	4.1392 1.98199,
	4.13169 1.97699,
	4.12919 1.9845,
	4.12668 1.97699,
	4.11917 1.98199,
	"/>
<Contour name="Ax07B02ssvr142" hidden="false" closed="true" simplified="false" border="0.5 0 1" fill="0.5 0 1" mode="13"
 points="4.08412 1.99451,
	4.07661 1.99201,
	4.08412 1.9895,
	4.07911 1.98199,
	4.08662 1.987,
	4.08913 1.97949,
	4.09163 1.987,
	4.09914 1.98199,
	4.09413 1.9895,
	4.10165 1.99201,
	4.09413 1.99451,
	4.09914 2.00202,
	4.09163 1.99702,
	4.08913 2.00453,
	4.08662 1.99702,
	4.07911 2.00202,
	"/>
<Contour name="Ax07B02ssvr143" hidden="false" closed="true" simplified="false" border="0.5 0 1" fill="0.5 0 1" mode="13"
 points="4.04156 2.01454,
	4.03405 2.01204,
	4.04156 2.00953,
	4.03655 2.00202,
	4.04406 2.00703,
	4.04656 1.99952,
	4.04907 2.00703,
	4.05658 2.00202,
	4.05157 2.00953,
	4.05908 2.01204,
	4.05157 2.01454,
	4.05658 2.02205,
	4.04907 2.01704,
	4.04656 2.02456,
	4.04406 2.01704,
	4.03655 2.02205,
	"/>
<Contour name="Ax07B02ssvr144" hidden="false" closed="true" simplified="false" border="0.5 0 1" fill="0.5 0 1" mode="13"
 points="3.99148 1.99702,
	3.98397 1.99451,
	3.99148 1.99201,
	3.98648 1.9845,
	3.99399 1.9895,
	3.99649 1.98199,
	3.999 1.9895,
	4.00651 1.9845,
	4.0015 1.99201,
	4.00901 1.99451,
	4.0015 1.99702,
	4.00651 2.00453,
	3.999 1.99952,
	3.99649 2.00703,
	3.99399 1.99952,
	3.98648 2.00453,
	"/>
<Contour name="Ax07B02ssvr145" hidden="false" closed="true" simplified="false" border="0.5 0 1" fill="0.5 0 1" mode="13"
 points="3.95393 1.96447,
	3.94642 1.96196,
	3.95393 1.95946,
	3.94892 1.95195,
	3.95643 1.95696,
	3.95894 1.94945,
	3.96144 1.95696,
	3.96895 1.95195,
	3.96394 1.95946,
	3.97146 1.96196,
	3.96394 1.96447,
	3.96895 1.97198,
	3.96144 1.96697,
	3.95894 1.97448,
	3.95643 1.96697,
	3.94892 1.97198,
	"/>
<Contour name="Ax07B02ssvr146" hidden="false" closed="true" simplified="false" border="0.5 0 1" fill="0.5 0 1" mode="13"
 points="3.9314 1.90688,
	3.92389 1.90438,
	3.9314 1.90188,
	3.92639 1.89437,
	3.9339 1.89937,
	3.9364 1.89186,
	3.93891 1.89937,
	3.94642 1.89437,
	3.94141 1.90188,
	3.94892 1.90438,
	3.94141 1.90688,
	3.94642 1.9144,
	3.93891 1.90939,
	3.9364 1.9169,
	3.9339 1.90939,
	3.92639 1.9144,
	"/>
<Contour name="Ax07B02ssvr147" hidden="false" closed="true" simplified="false" border="0.5 0 1" fill="0.5 0 1" mode="13"
 points="3.99399 1.93442,
	3.98648 1.93192,
	3.99399 1.92942,
	3.98898 1.92191,
	3.99649 1.92691,
	3.999 1.9194,
	4.0015 1.92691,
	4.00901 1.92191,
	4.004 1.92942,
	4.01151 1.93192,
	4.004 1.93442,
	4.00901 1.94194,
	4.0015 1.93693,
	3.999 1.94444,
	3.99649 1.93693,
	3.98898 1.94194,
	"/>
<Contour name="Ax07B02ssvr148" hidden="false" closed="true" simplified="false" border="0.5 0 1" fill="0.5 0 1" mode="13"
 points="4.01402 1.89687,
	4.00651 1.89437,
	4.01402 1.89186,
	4.00901 1.88435,
	4.01652 1.88936,
	4.01902 1.88185,
	4.02153 1.88936,
	4.02904 1.88435,
	4.02403 1.89186,
	4.03154 1.89437,
	4.02403 1.89687,
	4.02904 1.90438,
	4.02153 1.89937,
	4.01902 1.90688,
	4.01652 1.89937,
	4.00901 1.90438,
	"/>
<Contour name="Ax07B02ssvr149" hidden="false" closed="true" simplified="false" border="0.5 0 1" fill="0.5 0 1" mode="13"
 points="4.07661 1.93442,
	4.0691 1.93192,
	4.07661 1.92942,
	4.0716 1.92191,
	4.07911 1.92691,
	4.08162 1.9194,
	4.08412 1.92691,
	4.09163 1.92191,
	4.08662 1.92942,
	4.09413 1.93192,
	4.08662 1.93442,
	4.09163 1.94194,
	4.08412 1.93693,
	4.08162 1.94444,
	4.07911 1.93693,
	4.0716 1.94194,
	"/>
<Contour name="Ax07B02ssvr150" hidden="false" closed="true" simplified="false" border="0.5 0 1" fill="0.5 0 1" mode="13"
 points="4.06409 1.89687,
	4.05658 1.89437,
	4.06409 1.89186,
	4.05908 1.88435,
	4.06659 1.88936,
	4.0691 1.88185,
	4.0716 1.88936,
	4.07911 1.88435,
	4.0741 1.89186,
	4.08162 1.89437,
	4.0741 1.89687,
	4.07911 1.90438,
	4.0716 1.89937,
	4.0691 1.90688,
	4.06659 1.89937,
	4.05908 1.90438,
	"/>
</Transform>

<Transform dim="0"
 xcoef=" 0 1 0 0 0 0"
 ycoef=" 0 0 1 0 0 0">
<Contour name="Ax07B02c01" hidden="false" closed="true" simplified="true" border="0 1 0" fill="0 1 0" mode="11"
 points="3.79554 1.97538,
	3.80806 1.95536,
	3.81807 1.95285,
	3.82809 1.96287,
	3.8331 1.97288,
	3.8381 1.97789,
	3.84061 1.9879,
	3.86815 2.02546,
	3.87566 2.03547,
	3.91321 2.058,
	3.92323 2.06552,
	3.93324 2.06802,
	3.95077 2.08054,
	3.96078 2.08805,
	3.96579 2.08805,
	3.98582 2.10057,
	4.02087 2.13311,
	4.03339 2.15314,
	4.0384 2.16316,
	4.0384 2.17317,
	4.03339 2.18319,
	4.02337 2.1907,
	3.98332 2.17317,
	3.9057 2.1206,
	3.89068 2.10057,
	3.85062 2.07303,
	3.8356 2.058,
	3.80806 2.01795,
	3.79554 1.99792,
	3.79554 1.97789,
	"/>
<Contour name="Ax07B02cfa01" hidden="false" closed="false" simplified="false" border="0 1 1" fill="0 1 1" mode="9"
 points="4.03405 2.18229,
	4.004 2.15475,
	3.97146 2.13221,
	3.91888 2.09716,
	3.87632 2.06712,
	3.83876 2.03207,
	3.81623 1.9895,
	3.81122 1.94945,
	"/>
</Transform>

<Transform dim="0"
 xcoef=" 0 1 0 0 0 0"
 ycoef=" 0 0 1 0 0 0">
<Contour name="Ax08" hidden="false" closed="true" simplified="true" border="1 0 0" fill="1 0 0" mode="11"
 points="6.98122 4.5033,
	6.99777 4.48122,
	7.00881 4.47295,
	7.03089 4.46467,
	7.0502 4.44535,
	7.064 4.42604,
	7.08607 4.41224,
	7.17437 4.40396,
	7.17989 4.39844,
	7.19093 4.39568,
	7.21025 4.37637,
	7.23232 4.36257,
	7.23784 4.36257,
	7.24336 4.35705,
	7.26543 4.35429,
	7.27647 4.35429,
	7.29855 4.36257,
	7.30958 4.36809,
	7.3151 4.37361,
	7.32614 4.37637,
	7.33718 4.38465,
	7.35925 4.39292,
	7.4034 4.39568,
	7.4917 4.41224,
	7.53309 4.43983,
	7.54413 4.44535,
	7.63243 4.45087,
	7.67658 4.45363,
	7.69866 4.45363,
	7.74281 4.46743,
	7.74832 4.47295,
	7.75936 4.47571,
	7.76764 4.48398,
	7.77316 4.48398,
	7.77868 4.4895,
	7.80075 4.49226,
	7.8449 4.48398,
	7.86698 4.47847,
	7.91113 4.48122,
	7.95528 4.4895,
	7.99943 4.49226,
	8.0215 4.49502,
	8.06565 4.51158,
	8.08773 4.52537,
	8.12636 4.56401,
	8.13464 4.58608,
	8.1374 4.60816,
	8.13464 4.63023,
	8.13464 4.64127,
	8.10704 4.68266,
	8.08497 4.69922,
	8.07393 4.70197,
	8.06841 4.70749,
	8.05737 4.71025,
	8.05186 4.71577,
	8.02978 4.72129,
	8.01874 4.72957,
	7.99667 4.73509,
	7.98563 4.74061,
	7.94148 4.74337,
	7.91941 4.74612,
	7.89733 4.7544,
	7.89181 4.7544,
	7.88353 4.76268,
	7.83938 4.77372,
	7.81731 4.782,
	7.79523 4.782,
	7.75108 4.79027,
	7.57448 4.78476,
	7.56345 4.78476,
	7.55241 4.77924,
	7.53033 4.77648,
	7.48618 4.75992,
	7.48067 4.7544,
	7.43652 4.74337,
	7.39237 4.72405,
	7.35097 4.69646,
	7.3289 4.68266,
	7.30682 4.67438,
	7.29579 4.66886,
	7.25164 4.66886,
	7.22956 4.66886,
	7.20749 4.66058,
	7.16334 4.65782,
	7.14126 4.65507,
	7.05572 4.61643,
	7.03365 4.60816,
	7.01157 4.58884,
	6.99502 4.56677,
	6.98674 4.55573,
	6.98122 4.53365,
	6.98122 4.51158,
	6.98122 4.50606,
	"/>
</Transform>

<Transform dim="0"
 xcoef=" 0 1 0 0 0 0"
 ycoef=" 0 0 1 0 0 0">
<Contour name="Ax08" hidden="false" closed="true" simplified="true" border="1 0 0" fill="1 0 0" mode="11"
 points="8.43817 4.7544,
	8.44921 4.74337,
	8.49336 4.72957,
	8.58166 4.72129,
	8.62581 4.71853,
	8.64788 4.71025,
	8.65892 4.70749,
	8.66444 4.70197,
	8.70859 4.69094,
	8.75274 4.6937,
	8.76377 4.70197,
	8.77481 4.70473,
	8.78309 4.71301,
	8.78585 4.72405,
	8.79413 4.73509,
	8.79413 4.91169,
	8.79137 4.95584,
	8.78861 4.97791,
	8.78033 4.99999,
	8.77481 5.00551,
	8.73066 4.98619,
	8.70859 4.97239,
	8.69755 4.96963,
	8.69203 4.96412,
	8.64788 4.95308,
	8.60373 4.95308,
	8.55958 4.93928,
	8.51543 4.91169,
	8.49336 4.89789,
	8.45748 4.8565,
	8.44369 4.83442,
	8.43817 4.81235,
	8.43817 4.7682,
	8.43817 4.75716,
	"/>
</Transform>

<Transform dim="0"
 xcoef=" 0 1 0 0 0 0"
 ycoef=" 0 0 1 0 0 0">
<Contour name="Ax08" hidden="false" closed="true" simplified="true" border="1 0 0" fill="1 0 0" mode="11"
 points="2.15522 3.23742,
	2.1644 3.22519,
	2.26222 3.21602,
	2.28668 3.21602,
	2.29891 3.21602,
	2.31113 3.22214,
	2.31725 3.22214,
	2.32336 3.22825,
	2.32948 3.22825,
	2.37533 3.27716,
	2.39673 3.29245,
	2.4915 3.31996,
	2.51596 3.33525,
	2.53736 3.3597,
	2.58321 3.38722,
	2.68104 3.39639,
	2.70549 3.39639,
	2.90115 3.3383,
	2.9256 3.34442,
	2.94394 3.3597,
	2.94089 3.38416,
	2.89809 3.4239,
	2.8828 3.4453,
	2.8614 3.49116,
	2.84612 3.51256,
	2.82166 3.53396,
	2.77581 3.56453,
	2.75135 3.57676,
	2.74524 3.58287,
	2.69632 3.60121,
	2.68409 3.60733,
	2.63518 3.61344,
	2.58627 3.60427,
	2.58016 3.59815,
	2.53124 3.58898,
	2.50679 3.57676,
	2.49456 3.56758,
	2.48844 3.56758,
	2.44259 3.5309,
	2.4273 3.51256,
	2.41202 3.4881,
	2.40285 3.47587,
	2.38145 3.42696,
	2.37839 3.41473,
	2.36005 3.39027,
	2.33865 3.37193,
	2.29279 3.35053,
	2.26834 3.3383,
	2.26222 3.33219,
	2.21331 3.31385,
	2.18885 3.30162,
	2.16745 3.28328,
	2.15522 3.25882,
	2.15522 3.24659,
	2.15522 3.24048,
	"/>
</Transform>

<Transform dim="0"
 xcoef=" 0 1 0 0 0 0"
 ycoef=" 0 0 1 0 0 0">
<Contour name="Ax08B02ssvr1" hidden="false" closed="true" simplified="false" border="0.5 0 1" fill="0.5 0 1" mode="13"
 points="2.75754 3.51191,
	2.74726 3.50849,
	2.75754 3.50506,
	2.75069 3.49479,
	2.76096 3.50164,
	2.76439 3.49137,
	2.76781 3.50164,
	2.77808 3.49479,
	2.77124 3.50506,
	2.78151 3.50849,
	2.77124 3.51191,
	2.77808 3.52219,
	2.76781 3.51534,
	2.76439 3.52561,
	2.76096 3.51534,
	2.75069 3.52219,
	"/>
</Transform>

<Transform dim="0"
 xcoef=" 0 1 0 0 0 0"
 ycoef=" 0 0 1 0 0 0">
<Contour name="Ax08B05ssvr128" hidden="false" closed="true" simplified="false" border="0.5 0 1" fill="0.5 0 1" mode="13"
 points="7.30769 4.42084,
	7.2977 4.41751,
	7.30769 4.41418,
	7.30103 4.40419,
	7.31102 4.41085,
	7.31435 4.40086,
	7.31768 4.41085,
	7.32767 4.40419,
	7.32101 4.41418,
	7.331 4.41751,
	7.32101 4.42084,
	7.32767 4.43083,
	7.31768 4.42417,
	7.31435 4.43416,
	7.31102 4.42417,
	7.30103 4.43083,
	"/>
<Contour name="Ax08B05ssvr129" hidden="false" closed="true" simplified="false" border="0.5 0 1" fill="0.5 0 1" mode="13"
 points="7.24775 4.45081,
	7.23776 4.44748,
	7.24775 4.44415,
	7.24109 4.43416,
	7.25108 4.44082,
	7.25441 4.43083,
	7.25774 4.44082,
	7.26773 4.43416,
	7.26107 4.44415,
	7.27106 4.44748,
	7.26107 4.45081,
	7.26773 4.4608,
	7.25774 4.45414,
	7.25441 4.46413,
	7.25108 4.45414,
	7.24109 4.4608,
	"/>
<Contour name="Ax08B05ssvr130" hidden="false" closed="true" simplified="false" border="0.5 0 1" fill="0.5 0 1" mode="13"
 points="7.18781 4.46746,
	7.17782 4.46413,
	7.18781 4.4608,
	7.18115 4.45081,
	7.19114 4.45747,
	7.19447 4.44748,
	7.1978 4.45747,
	7.20779 4.45081,
	7.20113 4.4608,
	7.21112 4.46413,
	7.20113 4.46746,
	7.20779 4.47745,
	7.1978 4.47079,
	7.19447 4.48078,
	7.19114 4.47079,
	7.18115 4.47745,
	"/>
<Contour name="Ax08B05ssvr131" hidden="false" closed="true" simplified="false" border="0.5 0 1" fill="0.5 0 1" mode="13"
 points="7.15784 4.54072,
	7.14785 4.53739,
	7.15784 4.53406,
	7.15118 4.52407,
	7.16117 4.53073,
	7.1645 4.52074,
	7.16783 4.53073,
	7.17782 4.52407,
	7.17116 4.53406,
	7.18115 4.53739,
	7.17116 4.54072,
	7.17782 4.55071,
	7.16783 4.54405,
	7.1645 4.55404,
	7.16117 4.54405,
	7.15118 4.55071,
	"/>
<Contour name="Ax08B05ssvr132" hidden="false" closed="true" simplified="false" border="0.5 0 1" fill="0.5 0 1" mode="13"
 points="7.25108 4.51408,
	7.24109 4.51075,
	7.25108 4.50742,
	7.24442 4.49743,
	7.25441 4.50409,
	7.25774 4.4941,
	7.26107 4.50409,
	7.27106 4.49743,
	7.2644 4.50742,
	7.27439 4.51075,
	7.2644 4.51408,
	7.27106 4.52407,
	7.26107 4.51741,
	7.25774 4.5274,
	7.25441 4.51741,
	7.24442 4.52407,
	"/>
<Contour name="Ax08B05ssvr133" hidden="false" closed="true" simplified="false" border="0.5 0 1" fill="0.5 0 1" mode="13"
 points="7.34432 4.50409,
	7.33433 4.50076,
	7.34432 4.49743,
	7.33766 4.48744,
	7.34765 4.4941,
	7.35098 4.48411,
	7.35431 4.4941,
	7.3643 4.48744,
	7.35764 4.49743,
	7.36763 4.50076,
	7.35764 4.50409,
	7.3643 4.51408,
	7.35431 4.50742,
	7.35098 4.51741,
	7.34765 4.50742,
	7.33766 4.51408,
	"/>
<Contour name="Ax08B05ssvr134" hidden="false" closed="true" simplified="false" border="0.5 0 1" fill="0.5 0 1" mode="13"
 points="7.41758 4.59733,
	7.40759 4.594,
	7.41758 4.59067,
	7.41092 4.58068,
	7.42091 4.58734,
	7.42424 4.57735,
	7.42757 4.58734,
	7.43756 4.58068,
	7.4309 4.59067,
	7.44089 4.594,
	7.4309 4.59733,
	7.43756 4.60732,
	7.42757 4.60066,
	7.42424 4.61065,
	7.42091 4.60066,
	7.41092 4.60732,
	"/>
<Contour name="Ax08B05ssvr135" hidden="false" closed="true" simplified="false" border="0.5 0 1" fill="0.5 0 1" mode="13"
 points="7.42424 4.64728,
	7.41425 4.64395,
	7.42424 4.64062,
	7.41758 4.63063,
	7.42757 4.63729,
	7.4309 4.6273,
	7.43423 4.63729,
	7.44422 4.63063,
	7.43756 4.64062,
	7.44755 4.64395,
	7.43756 4.64728,
	7.44422 4.65727,
	7.43423 4.65061,
	7.4309 4.6606,
	7.42757 4.65061,
	7.41758 4.65727,
	"/>
<Contour name="Ax08B05ssvr136" hidden="false" closed="true" simplified="false" border="0.5 0 1" fill="0.5 0 1" mode="13"
 points="7.42424 4.68391,
	7.41425 4.68058,
	7.42424 4.67725,
	7.41758 4.66726,
	7.42757 4.67392,
	7.4309 4.66393,
	7.43423 4.67392,
	7.44422 4.66726,
	7.43756 4.67725,
	7.44755 4.68058,
	7.43756 4.68391,
	7.44422 4.6939,
	7.43423 4.68724,
	7.4309 4.69723,
	7.42757 4.68724,
	7.41758 4.6939,
	"/>
<Contour name="Ax08B05ssvr137" hidden="false" closed="true" simplified="false" border="0.5 0 1" fill="0.5 0 1" mode="13"
 points="7.38095 4.67725,
	7.37096 4.67392,
	7.38095 4.67059,
	7.37429 4.6606,
	7.38428 4.66726,
	7.38761 4.65727,
	7.39094 4.66726,
	7.40093 4.6606,
	7.39427 4.67059,
	7.40426 4.67392,
	7.39427 4.67725,
	7.40093 4.68724,
	7.39094 4.68058,
	7.38761 4.69057,
	7.38428 4.68058,
	7.37429 4.68724,
	"/>
<Contour name="Ax08B05ssvr138" hidden="false" closed="true" simplified="false" border="0.5 0 1" fill="0.5 0 1" mode="13"
 points="7.34765 4.64728,
	7.33766 4.64395,
	7.34765 4.64062,
	7.34099 4.63063,
	7.35098 4.63729,
	7.35431 4.6273,
	7.35764 4.63729,
	7.36763 4.63063,
	7.36097 4.64062,
	7.37096 4.64395,
	7.36097 4.64728,
	7.36763 4.65727,
	7.35764 4.65061,
	7.35431 4.6606,
	7.35098 4.65061,
	7.34099 4.65727,
	"/>
<Contour name="Ax08B05ssvr139" hidden="false" closed="true" simplified="false" border="0.5 0 1" fill="0.5 0 1" mode="13"
 points="7.25441 4.58068,
	7.24442 4.57735,
	7.25441 4.57402,
	7.24775 4.56403,
	7.25774 4.57069,
	7.26107 4.5607,
	7.2644 4.57069,
	7.27439 4.56403,
	7.26773 4.57402,
	7.27772 4.57735,
	7.26773 4.58068,
	7.27439 4.59067,
	7.2644 4.58401,
	7.26107 4.594,
	7.25774 4.58401,
	7.24775 4.59067,
	"/>
<Contour name="Ax08B05ssvr140" hidden="false" closed="true" simplified="false" border="0.5 0 1" fill="0.5 0 1" mode="13"
 points="7.31435 4.53406,
	7.30436 4.53073,
	7.31435 4.5274,
	7.30769 4.51741,
	7.31768 4.52407,
	7.32101 4.51408,
	7.32434 4.52407,
	7.33433 4.51741,
	7.32767 4.5274,
	7.33766 4.53073,
	7.32767 4.53406,
	7.33433 4.54405,
	7.32434 4.53739,
	7.32101 4.54738,
	7.31768 4.53739,
	7.30769 4.54405,
	"/>
<Contour name="Ax08B05ssvr141" hidden="false" closed="true" simplified="false" border="0.5 0 1" fill="0.5 0 1" mode="13"
 points="7.34765 4.54405,
	7.33766 4.54072,
	7.34765 4.53739,
	7.34099 4.5274,
	7.35098 4.53406,
	7.35431 4.52407,
	7.35764 4.53406,
	7.36763 4.5274,
	7.36097 4.53739,
	7.37096 4.54072,
	7.36097 4.54405,
	7.36763 4.55404,
	7.35764 4.54738,
	7.35431 4.55737,
	7.35098 4.54738,
	7.34099 4.55404,
	"/>
<Contour name="Ax08B05ssvr142" hidden="false" closed="true" simplified="false" border="0.5 0 1" fill="0.5 0 1" mode="13"
 points="7.37762 4.56736,
	7.36763 4.56403,
	7.37762 4.5607,
	7.37096 4.55071,
	7.38095 4.55737,
	7.38428 4.54738,
	7.38761 4.55737,
	7.3976 4.55071,
	7.39094 4.5607,
	7.40093 4.56403,
	7.39094 4.56736,
	7.3976 4.57735,
	7.38761 4.57069,
	7.38428 4.58068,
	7.38095 4.57069,
	7.37096 4.57735,
	"/>
<Contour name="Ax08B05ssvr143" hidden="false" closed="true" simplified="false" border="0.5 0 1" fill="0.5 0 1" mode="13"
 points="7.34099 4.59067,
	7.331 4.58734,
	7.34099 4.58401,
	7.33433 4.57402,
	7.34432 4.58068,
	7.34765 4.57069,
	7.35098 4.58068,
	7.36097 4.57402,
	7.35431 4.58401,
	7.3643 4.58734,
	7.35431 4.59067,
	7.36097 4.60066,
	7.35098 4.594,
	7.34765 4.60399,
	7.34432 4.594,
	7.33433 4.60066,
	"/>
<Contour name="Ax08B05ssvr144" hidden="false" closed="true" simplified="false" border="0.5 0 1" fill="0.5 0 1" mode="13"
 points="7.30436 4.57735,
	7.29437 4.57402,
	7.30436 4.57069,
	7.2977 4.5607,
	7.30769 4.56736,
	7.31102 4.55737,
	7.31435 4.56736,
	7.32434 4.5607,
	7.31768 4.57069,
	7.32767 4.57402,
	7.31768 4.57735,
	7.32434 4.58734,
	7.31435 4.58068,
	7.31102 4.59067,
	7.30769 4.58068,
	7.2977 4.58734,
	"/>
</Transform>

<Transform dim="0"
 xcoef=" 0 1 0 0 0 0"
 ycoef=" 0 0 1 0 0 0">
<Contour name="Ax10" hidden="false" closed="true" simplified="true" border="0 1 1" fill="0 1 1" mode="11"
 points="2.28109 7.3185,
	2.34589 7.27962,
	2.38046 7.26233,
	2.5187 7.21481,
	2.58783 7.18457,
	2.60511 7.17593,
	2.63967 7.17593,
	2.64831 7.17593,
	2.65263 7.21049,
	2.64831 7.24505,
	2.63535 7.27529,
	2.57055 7.32282,
	2.50142 7.37898,
	2.48846 7.39194,
	2.4539 7.4049,
	2.41934 7.4049,
	2.40206 7.4049,
	2.38478 7.39194,
	2.36749 7.38762,
	2.35885 7.37898,
	2.32429 7.37898,
	2.30701 7.37466,
	2.28973 7.3617,
	2.28109 7.34442,
	2.28109 7.32714,
	2.28109 7.32282,
	"/>
</Transform>

<Transform dim="0"
 xcoef=" 0 1 0 0 0 0"
 ycoef=" 0 0 1 0 0 0">
<Contour name="Ax10" hidden="false" closed="true" simplified="true" border="0 1 1" fill="0 1 1" mode="11"
 points="1.64169 7.89741,
	1.66329 7.86285,
	1.69354 7.83261,
	1.71082 7.81533,
	1.73242 7.78508,
	1.73242 7.77644,
	1.76266 7.75052,
	1.87067 7.61659,
	1.89659 7.58635,
	1.95275 7.53883,
	1.98299 7.51291,
	2.00027 7.49563,
	2.06508 7.45675,
	2.1342 7.45242,
	2.16876 7.45242,
	2.20333 7.47403,
	2.21629 7.49131,
	2.21197 7.52587,
	2.16444 7.59499,
	2.1342 7.62955,
	2.12124 7.66412,
	2.091 7.69868,
	2.05644 7.72028,
	1.98731 7.7462,
	1.92251 7.7894,
	1.86203 7.84125,
	1.80154 7.88445,
	1.77994 7.91901,
	1.74538 7.95357,
	1.71082 7.97517,
	1.67626 7.97949,
	1.64601 7.95789,
	1.64169 7.92333,
	1.64169 7.90605,
	1.64169 7.90173,
	"/>
</Transform>

<Transform dim="1"
 xcoef=" 0.11 1 0 0 0 0"
 ycoef=" 0.04 0 1 0 0 0">
<Contour name="Brick Analysis" hidden="false" closed="false" simplified="true" border="1 0 0" fill="1 0 1" mode="9"
 points="2.89398 8.1437,
	2.89398 6.3937,
	2.89398 2.8937,
	6.39398 2.8937,
	6.39398 1.1437,
	"/>
<Contour name="Brick Analysis" hidden="false" closed="false" simplified="true" border="0 1 0" fill="1 0 1" mode="9"
 points="2.89398 6.3937,
	6.39398 6.3937,
	6.39398 2.8937,
	"/>
</Transform>

<Transform dim="0"
 xcoef=" 0 1 0 0 0 0"
 ycoef=" 0 0 1 0 0 0">
<Contour name="Brax51" hidden="false" closed="true" simplified="false" border="1 0.5 0" fill="1 0.5 0" mode="-13"
 points="4.33759 4.95366,
	4.33759 4.94511,
	4.34613 4.93657,
	4.35468 4.93657,
	4.36322 4.94511,
	4.36322 4.95366,
	4.35468 4.9622,
	4.34613 4.9622,
	"/>
</Transform>

<Transform dim="0"
 xcoef=" 0 1 0 0 0 0"
 ycoef=" 0 0 1 0 0 0">
<Contour name="Brax52" hidden="false" closed="true" simplified="false" border="0.5 0 1" fill="0.5 0 1" mode="-13"
 points="4.26925 4.05667,
	4.25643 4.0524,
	4.26925 4.04813,
	4.26071 4.03531,
	4.27352 4.04385,
	4.27779 4.03104,
	4.28206 4.04385,
	4.29488 4.03531,
	4.28633 4.04813,
	4.29915 4.0524,
	4.28633 4.05667,
	4.29488 4.06948,
	4.28206 4.06094,
	4.27779 4.07375,
	4.27352 4.06094,
	4.26071 4.06948,
	"/>
</Transform>

<Transform dim="0"
 xcoef=" 0 1 0 0 0 0"
 ycoef=" 0 0 1 0 0 0">
<Contour name="Brax63" hidden="false" closed="true" simplified="false" border="1 0 0.5" fill="1 0 0.5" mode="-13"
 points="4.4401 5.35089,
	4.49136 5.35089,
	4.46573 5.39788,
	"/>
</Transform>

<Transform dim="0"
 xcoef=" 0 1 0 0 0 0"
 ycoef=" 0 0 1 0 0 0">
<Contour name="Brax65" hidden="false" closed="true" simplified="false" border="1 1 0" fill="1 1 0" mode="-13"
 points="5.01674 6.27778,
	5.01674 6.20944,
	4.9484 6.20944,
	4.9484 6.26924,
	4.93985 6.27778,
	4.93985 6.2009,
	5.02528 6.2009,
	5.02528 6.28632,
	4.93985 6.28632,
	4.9484 6.27778,
	"/>
</Transform>

<Transform dim="0"
 xcoef=" 0 1 0 0 0 0"
 ycoef=" 0 0 1 0 0 0">
<Contour name="Brax67" hidden="false" closed="true" simplified="false" border="1 0 1" fill="1 0 1" mode="-13"
 points="4.27779 6.21798,
	4.27779 6.2009,
	4.29488 6.18381,
	4.31196 6.18381,
	4.32905 6.2009,
	4.32905 6.21798,
	4.31196 6.23507,
	4.29488 6.23507,
	"/>
</Transform>

<Transform dim="0"
 xcoef=" 0 1 0 0 0 0"
 ycoef=" 0 0 1 0 0 0">
<Contour name="Brax68" hidden="false" closed="true" simplified="false" border="1 0 0" fill="1 0 0" mode="-13"
 points="3.76523 3.50139,
	3.7396 3.50139,
	3.7396 3.5142,
	3.75241 3.52702,
	3.79086 3.53983,
	3.76523 3.55265,
	3.75241 3.57828,
	3.72678 3.55265,
	3.71397 3.52702,
	3.71397 3.50139,
	3.68834 3.50139,
	3.72678 3.47576,
	"/>
</Transform>

<Transform dim="0"
 xcoef=" 0 1 0 0 0 0"
 ycoef=" 0 0 1 0 0 0">
<Contour name="Brax69" hidden="false" closed="true" simplified="false" border="0 1 0" fill="0 1 0" mode="-13"
 points="3.82075 3.88581,
	3.82075 3.85164,
	3.85493 3.85164,
	3.85493 3.81747,
	3.8891 3.81747,
	3.8891 3.85164,
	3.92327 3.85164,
	3.92327 3.88581,
	3.8891 3.88581,
	3.8891 3.91998,
	3.85493 3.91998,
	3.85493 3.88581,
	"/>
</Transform>

<Transform dim="0"
 xcoef=" 0 1 0 0 0 0"
 ycoef=" 0 0 1 0 0 0">
<Contour name="Brax70" hidden="false" closed="true" simplified="false" border="0 1 1" fill="0 1 1" mode="-13"
 points="6.24262 4.34712,
	6.25971 4.33004,
	6.19137 4.26169,
	6.20845 4.24461,
	6.27679 4.31295,
	6.29388 4.29587,
	6.29388 4.34712,
	"/>
</Transform>

<Transform dim="0"
 xcoef=" 0 1 0 0 0 0"
 ycoef=" 0 0 1 0 0 0">
<Contour name="Brax71" hidden="false" closed="true" simplified="false" border="1 0.5 0" fill="1 0.5 0" mode="-13"
 points="5.74287 4.94511,
	5.74287 4.93657,
	5.75141 4.92803,
	5.75996 4.92803,
	5.7685 4.93657,
	5.7685 4.94511,
	5.75996 4.95366,
	5.75141 4.95366,
	"/>
</Transform>

<Transform dim="0"
 xcoef=" 0 1 0 0 0 0"
 ycoef=" 0 0 1 0 0 0">
<Contour name="Brax72" hidden="false" closed="true" simplified="false" border="0.5 0 1" fill="0.5 0 1" mode="-13"
 points="5.56347 6.07276,
	5.55066 6.06848,
	5.56347 6.06421,
	5.55493 6.0514,
	5.56775 6.05994,
	5.57202 6.04713,
	5.57629 6.05994,
	5.5891 6.0514,
	5.58056 6.06421,
	5.59337 6.06848,
	5.58056 6.07276,
	5.5891 6.08557,
	5.57629 6.07703,
	5.57202 6.08984,
	5.56775 6.07703,
	5.55493 6.08557,
	"/>
</Transform>

<Transform dim="0"
 xcoef=" 0 1 0 0 0 0"
 ycoef=" 0 0 1 0 0 0">
<Contour name="Brax73" hidden="false" closed="true" simplified="false" border="1 0 0.5" fill="1 0 0.5" mode="-13"
 points="3.67126 4.33004,
	3.72251 4.33004,
	3.69689 4.37702,
	"/>
</Transform>

<Transform dim="0"
 xcoef=" 0 1 0 0 0 0"
 ycoef=" 0 0 1 0 0 0">
<Contour name="Brax74" hidden="false" closed="true" simplified="false" border="1 0 0" fill="1 0 0" mode="-13"
 points="6.28106 3.15541,
	6.30242 3.12551,
	6.28106 3.09561,
	6.29388 3.09561,
	6.31096 3.12124,
	6.32805 3.09561,
	6.34086 3.09561,
	6.31951 3.12551,
	6.34086 3.15541,
	6.32805 3.15541,
	6.31096 3.12978,
	6.29388 3.15541,
	"/>
</Transform>

<Transform dim="0"
 xcoef=" 0 1 0 0 0 0"
 ycoef=" 0 0 1 0 0 0">
<Contour name="Brax78" hidden="false" closed="true" simplified="false" border="1 0 0" fill="1 0 0" mode="-13"
 points="6.13157 5.38934,
	6.10594 5.38934,
	6.10594 5.40215,
	6.11875 5.41496,
	6.15719 5.42778,
	6.13157 5.44059,
	6.11875 5.46622,
	6.09312 5.44059,
	6.08031 5.41496,
	6.08031 5.38934,
	6.05468 5.38934,
	6.09312 5.36371,
	"/>
</Transform>

<Transform dim="0"
 xcoef=" 0 1 0 0 0 0"
 ycoef=" 0 0 1 0 0 0">
<Contour name="Ax07B02ssvd1" hidden="false" closed="true" simplified="false" border="1 0.5 0" fill="1 0.5 0" mode="13"
 points="3.91387 2.03457,
	3.91387 2.02956,
	3.91888 2.02456,
	3.92389 2.02456,
	3.92889 2.02956,
	3.92889 2.03457,
	3.92389 2.03958,
	3.91888 2.03958,
	"/>
</Transform>

<Transform dim="0"
 xcoef=" 0 1 0 0 0 0"
 ycoef=" 0 0 1 0 0 0">
<Contour name="d01" hidden="false" closed="true" simplified="false" border="1 0 0.5" fill="1 0 0.5" mode="-13"
 points="3.36027 4.61726,
	3.45446 4.61726,
	3.40737 4.7036,
	"/>
</Transform>

<Transform dim="0"
 xcoef=" 0 1 0 0 0 0"
 ycoef=" 0 0 1 0 0 0">
<Contour name="d01" hidden="false" closed="true" simplified="true" border="1 0 0.5" fill="1 0 0.5" mode="11"
 points="2.94436 4.60717,
	2.95276 4.59374,
	2.96619 4.58366,
	2.99307 4.5719,
	3.0065 4.56518,
	3.00314 4.55175,
	3.00482 4.53831,
	3.0065 4.53159,
	3.01322 4.52655,
	3.01658 4.52319,
	3.07033 4.52655,
	3.08377 4.52655,
	3.09048 4.52655,
	3.11736 4.51647,
	3.12408 4.51143,
	3.13751 4.50976,
	3.15095 4.51143,
	3.16439 4.50976,
	3.17111 4.50976,
	3.2786 4.46105,
	3.30547 4.45097,
	3.33235 4.43417,
	3.34578 4.42577,
	3.3525 4.42074,
	3.36594 4.39554,
	3.37098 4.38882,
	3.38442 4.3821,
	3.41129 4.38378,
	3.42473 4.38378,
	3.4516 4.39218,
	3.46504 4.39386,
	3.49191 4.40562,
	3.50535 4.41066,
	3.53222 4.41402,
	3.54566 4.41906,
	3.59941 4.41906,
	3.61284 4.42074,
	3.61956 4.42242,
	3.62292 4.42242,
	3.63636 4.43417,
	3.64644 4.44593,
	3.65987 4.45265,
	3.68675 4.45937,
	3.71362 4.46273,
	3.74049 4.46273,
	3.76737 4.45937,
	3.79424 4.45265,
	3.84799 4.43417,
	3.86143 4.43585,
	3.87486 4.44089,
	3.90174 4.45769,
	3.91517 4.46609,
	3.92861 4.47112,
	3.94205 4.4728,
	3.96892 4.46776,
	3.99579 4.45601,
	4.00251 4.45265,
	4.02939 4.45601,
	4.04282 4.45937,
	4.05626 4.46609,
	4.08145 4.49128,
	4.08817 4.49632,
	4.10161 4.49968,
	4.12848 4.49632,
	4.15536 4.498,
	4.18223 4.5064,
	4.18391 4.50976,
	4.18223 4.51647,
	4.15536 4.52991,
	4.14192 4.53159,
	4.11505 4.52823,
	4.0613 4.53327,
	4.03443 4.53831,
	4.00755 4.54839,
	4.00083 4.55007,
	3.98908 4.56182,
	3.98236 4.57526,
	3.979 4.5887,
	3.97732 4.59542,
	3.96556 4.60885,
	3.9622 4.61557,
	3.94877 4.62733,
	3.94037 4.65252,
	3.93365 4.6542,
	3.92021 4.64916,
	3.91349 4.64748,
	3.90677 4.64916,
	3.8883 4.67436,
	3.87654 4.68779,
	3.87318 4.69451,
	3.8715 4.72139,
	3.85303 4.74826,
	3.83959 4.75498,
	3.81272 4.7533,
	3.80936 4.74994,
	3.80768 4.74322,
	3.80768 4.73986,
	3.80096 4.73314,
	3.79424 4.73314,
	3.79088 4.73314,
	3.77744 4.74322,
	3.77073 4.75666,
	3.76065 4.77009,
	3.75393 4.77513,
	3.75225 4.77681,
	3.74553 4.77177,
	3.7321 4.76842,
	3.70522 4.77177,
	3.69178 4.77345,
	3.68507 4.77345,
	3.65819 4.79193,
	3.64476 4.80033,
	3.63132 4.81208,
	3.6246 4.82552,
	3.61788 4.8272,
	3.60444 4.82384,
	3.59101 4.81712,
	3.58429 4.81376,
	3.53054 4.80873,
	3.50367 4.80705,
	3.47679 4.80201,
	3.47344 4.80201,
	3.46672 4.80705,
	3.45328 4.81041,
	3.42641 4.81041,
	3.37266 4.80033,
	3.34578 4.80369,
	3.31891 4.80201,
	3.30547 4.80033,
	3.2786 4.78353,
	3.26516 4.77513,
	3.23829 4.76338,
	3.18454 4.76002,
	3.17111 4.7533,
	3.16439 4.74994,
	3.14087 4.72307,
	3.13583 4.71635,
	3.1224 4.70963,
	3.11568 4.70627,
	3.0888 4.70627,
	3.07537 4.70459,
	3.06865 4.70459,
	3.05521 4.69955,
	3.04178 4.68947,
	3.03506 4.68443,
	3.02162 4.68275,
	3.00818 4.67604,
	3.00146 4.67268,
	2.97627 4.6458,
	2.95108 4.62397,
	2.94604 4.61053,
	2.94436 4.60885,
	"/>
<Contour name="d01" hidden="false" closed="true" simplified="true" border="1 0 0.5" fill="1 0 0.5" mode="11"
 points="4.41066 4.50472,
	4.41402 4.498,
	4.42745 4.4896,
	4.45433 4.47952,
	4.4812 4.47616,
	4.50808 4.47616,
	4.53495 4.4728,
	4.5887 4.47448,
	4.61557 4.4812,
	4.62229 4.48288,
	4.63069 4.49464,
	4.63573 4.52151,
	4.63405 4.53495,
	4.62733 4.54839,
	4.60213 4.5719,
	4.60045 4.58534,
	4.61221 4.61221,
	4.61389 4.61557,
	4.60213 4.64244,
	4.59709 4.64748,
	4.57022 4.65756,
	4.55678 4.65756,
	4.55007 4.65756,
	4.52319 4.64244,
	4.51143 4.63573,
	4.50472 4.63237,
	4.50136 4.62565,
	4.48792 4.61221,
	4.4812 4.59877,
	4.45937 4.5719,
	4.43417 4.54671,
	4.42745 4.53999,
	4.41402 4.53159,
	4.41066 4.51815,
	4.41066 4.5064,
	"/>
</Transform>

<Transform dim="0"
 xcoef=" 0 1 0 0 0 0"
 ycoef=" 0 0 1 0 0 0">
<Contour name="d03" hidden="false" closed="true" simplified="false" border="0 0 1" fill="0 0 1" mode="-13"
 points="7.13777 7.37592,
	7.08129 7.31944,
	7.13777 7.26296,
	7.19425 7.31944,
	"/>
</Transform>

<Transform dim="0"
 xcoef=" 0 1 0 0 0 0"
 ycoef=" 0 0 1 0 0 0">
<Contour name="d03" hidden="false" closed="true" simplified="true" border="0 0 1" fill="0 0 1" mode="11"
 points="7.78767 7.32046,
	7.79859 7.30299,
	7.79859 7.28552,
	7.80296 7.27679,
	7.82042 7.26806,
	7.83789 7.26587,
	7.84662 7.26151,
	7.86409 7.25932,
	7.88155 7.25277,
	7.90993 7.22221,
	7.92958 7.18946,
	7.9405 7.17199,
	7.9536 7.13706,
	7.95797 7.1327,
	7.97762 7.06283,
	7.9798 7.04537,
	7.98198 7.03663,
	7.9929 7.01917,
	7.99945 7.01043,
	7.99945 7.00607,
	8.01255 6.99078,
	8.03001 6.97987,
	8.04748 6.9755,
	8.08241 6.9755,
	8.15228 6.98205,
	8.18721 6.9886,
	8.20467 6.99515,
	8.21341 7.0017,
	8.21777 7.01043,
	8.21777 7.01917,
	8.21341 7.0279,
	8.19812 7.04318,
	8.17629 7.07811,
	8.17193 7.08466,
	8.16319 7.0934,
	8.14573 7.09995,
	8.12826 7.11086,
	8.11953 7.11305,
	8.10424 7.12615,
	8.08896 7.16108,
	8.08241 7.17854,
	8.08023 7.21348,
	8.0846 7.28334,
	8.08896 7.31827,
	8.09769 7.33574,
	8.11079 7.3532,
	8.12826 7.37067,
	8.14354 7.38159,
	8.17848 7.3925,
	8.18284 7.3925,
	8.18721 7.39687,
	8.22214 7.40342,
	8.292 7.39469,
	8.30947 7.38814,
	8.32694 7.38595,
	8.33567 7.38814,
	8.35095 7.40342,
	8.35969 7.41215,
	8.35969 7.42089,
	8.35314 7.42962,
	8.35314 7.43399,
	8.34222 7.44927,
	8.33785 7.46673,
	8.3313 7.47547,
	8.32694 7.47983,
	8.292 7.47983,
	8.22214 7.49075,
	8.20467 7.49293,
	8.18721 7.48857,
	8.15228 7.48857,
	8.08241 7.50167,
	8.04748 7.50385,
	8.03001 7.51477,
	8.02128 7.51913,
	7.98635 7.51913,
	7.96888 7.51913,
	7.96015 7.51913,
	7.94487 7.53223,
	7.94487 7.5366,
	7.93832 7.54533,
	7.93613 7.55406,
	7.92303 7.56716,
	7.92085 7.57153,
	7.90339 7.57153,
	7.88592 7.56498,
	7.87937 7.55625,
	7.86845 7.52132,
	7.86627 7.50385,
	7.86409 7.49512,
	7.86409 7.49075,
	7.85972 7.48638,
	7.85317 7.46892,
	7.83789 7.45145,
	7.83352 7.44708,
	7.82915 7.44708,
	7.81169 7.43617,
	7.79641 7.42089,
	7.79422 7.38595,
	7.79641 7.35102,
	7.79641 7.34229,
	7.78986 7.33574,
	7.78767 7.32701,
	7.78767 7.32264,
	"/>
</Transform>

<Transform dim="0"
 xcoef=" 0 1 0 0 0 0"
 ycoef=" 0 0 1 0 0 0">
<Contour name="d03" hidden="false" closed="true" simplified="true" border="0 0 1" fill="0 0 1" mode="11"
 points="6.53012 7.11305,
	6.54103 7.09558,
	6.5454 7.08685,
	6.5454 7.08248,
	6.55195 7.07375,
	6.55413 7.06938,
	6.5585 7.06938,
	6.56723 7.06283,
	6.60216 7.0541,
	6.61963 7.04973,
	6.62836 7.04973,
	6.6371 7.04537,
	6.70696 7.04755,
	6.72443 7.05192,
	6.73316 7.05628,
	6.73753 7.05628,
	6.77246 7.0803,
	6.78774 7.0934,
	6.79647 7.09776,
	6.82922 7.13051,
	6.84669 7.14361,
	6.85542 7.15016,
	6.89035 7.15671,
	6.92529 7.15671,
	6.93402 7.15235,
	6.94712 7.13488,
	6.9493 7.11741,
	6.95149 7.10868,
	6.9755 7.07811,
	6.98205 7.06065,
	6.99952 7.04755,
	7.01698 7.03882,
	7.02572 7.03445,
	7.03008 7.02572,
	7.03008 7.01698,
	7.041 6.99952,
	7.04318 6.96459,
	7.04318 6.95585,
	7.03663 6.93839,
	7.03445 6.92092,
	7.03663 6.90345,
	7.03445 6.88599,
	7.0279 6.86852,
	7.02572 6.85106,
	7.0279 6.83359,
	7.041 6.81831,
	7.041 6.81394,
	7.04973 6.80739,
	7.0672 6.80739,
	7.08466 6.81176,
	7.0934 6.81612,
	7.12833 6.82049,
	7.16326 6.83141,
	7.19819 6.84669,
	7.23313 6.85761,
	7.25059 6.86634,
	7.25496 6.86634,
	7.25932 6.87071,
	7.27679 6.87507,
	7.28116 6.87944,
	7.31609 6.89035,
	7.32482 6.8969,
	7.32919 6.8969,
	7.36194 6.92092,
	7.37067 6.92529,
	7.38595 6.94275,
	7.40342 6.94275,
	7.42089 6.93839,
	7.43835 6.93839,
	7.45582 6.94275,
	7.47328 6.95149,
	7.47765 6.95367,
	7.47328 6.97113,
	7.47328 6.9886,
	7.46673 7.02353,
	7.46673 7.03227,
	7.45363 7.04973,
	7.45582 7.0672,
	7.47328 7.0803,
	7.48202 7.08248,
	7.49948 7.09995,
	7.5104 7.11523,
	7.5104 7.15016,
	7.5104 7.16763,
	7.5235 7.18073,
	7.54533 7.21566,
	7.54751 7.22439,
	7.57153 7.25496,
	7.58245 7.27242,
	7.589 7.28116,
	7.60646 7.28989,
	7.6152 7.28989,
	7.61956 7.29426,
	7.62829 7.29644,
	7.66323 7.32046,
	7.69161 7.34884,
	7.69816 7.35757,
	7.70034 7.36194,
	7.68506 7.3794,
	7.68069 7.38377,
	7.68069 7.40124,
	7.68288 7.40997,
	7.69816 7.42525,
	7.76802 7.44927,
	7.80296 7.46455,
	7.82042 7.47547,
	7.82697 7.48202,
	7.82697 7.49948,
	7.81605 7.5104,
	7.78112 7.52568,
	7.77021 7.54315,
	7.75929 7.57808,
	7.75056 7.59555,
	7.73746 7.61301,
	7.72872 7.62175,
	7.71126 7.62393,
	7.70253 7.61956,
	7.69161 7.6021,
	7.68724 7.58463,
	7.68288 7.5759,
	7.66759 7.56716,
	7.63266 7.56498,
	7.6152 7.56498,
	7.60428 7.58026,
	7.6021 7.589,
	7.6152 7.6021,
	7.62393 7.60865,
	7.62175 7.62611,
	7.61956 7.63484,
	7.58681 7.66978,
	7.57371 7.68724,
	7.56498 7.69161,
	7.54751 7.69161,
	7.51258 7.68069,
	7.49512 7.67851,
	7.47765 7.68069,
	7.46237 7.69379,
	7.46018 7.72872,
	7.458 7.73746,
	7.44053 7.73964,
	7.4318 7.73964,
	7.41652 7.75056,
	7.38159 7.75274,
	7.36412 7.75274,
	7.35539 7.75711,
	7.35102 7.76147,
	7.35102 7.76584,
	7.33356 7.76802,
	7.32482 7.76584,
	7.25496 7.71781,
	7.23749 7.70253,
	7.22221 7.69379,
	7.20474 7.68943,
	7.16981 7.66759,
	7.13706 7.64139,
	7.1196 7.62829,
	7.11086 7.62611,
	7.07811 7.60646,
	7.06283 7.59555,
	7.04755 7.58026,
	7.041 7.5759,
	7.0279 7.55843,
	6.99733 7.53441,
	6.9624 7.51695,
	6.91655 7.44927,
	6.8838 7.42744,
	6.87507 7.42307,
	6.86197 7.4056,
	6.84451 7.39905,
	6.83359 7.38595,
	6.82922 7.36849,
	6.82049 7.35102,
	6.80521 7.33792,
	6.79211 7.32046,
	6.78992 7.30299,
	6.78337 7.28552,
	6.78337 7.27679,
	6.78774 7.27242,
	6.78774 7.26369,
	6.77464 7.24623,
	6.75936 7.21129,
	6.75936 7.20693,
	6.75281 7.19819,
	6.74626 7.18291,
	6.73098 7.16763,
	6.71569 7.15671,
	6.68076 7.14361,
	6.64583 7.13925,
	6.6371 7.13706,
	6.60216 7.15235,
	6.56723 7.15453,
	6.54977 7.1458,
	6.54103 7.14143,
	6.53448 7.1327,
	6.53012 7.12833,
	6.53012 7.1196,
	6.53012 7.11523,
	"/>
</Transform>

<Transform dim="0"
 xcoef=" 0 1 0 0 0 0"
 ycoef=" 0 0 1 0 0 0">
<Contour name="d03" hidden="false" closed="true" simplified="true" border="0 0 1" fill="0 0 1" mode="11"
 points="5.83514 6.86804,
	5.83821 6.86497,
	5.83821 6.8619,
	5.84896 6.84962,
	5.85356 6.84348,
	5.85663 6.84194,
	5.86737 6.81739,
	5.87505 6.80511,
	5.88579 6.79744,
	5.89807 6.79283,
	5.90421 6.78976,
	5.91035 6.78362,
	5.92263 6.78055,
	5.97174 6.78055,
	5.98402 6.78516,
	6.00704 6.80511,
	6.01625 6.81739,
	6.01778 6.82353,
	6.02085 6.8266,
	6.02238 6.83274,
	6.02545 6.83581,
	6.02699 6.84194,
	6.0362 6.85269,
	6.0408 6.86497,
	6.04234 6.87724,
	6.04234 6.88338,
	6.03927 6.88952,
	6.0362 6.89106,
	6.03773 6.90333,
	6.04234 6.90947,
	6.03313 6.92175,
	6.02852 6.92789,
	6.01625 6.92636,
	6.01318 6.92636,
	6.01011 6.92329,
	5.99783 6.92175,
	5.99476 6.91868,
	5.98248 6.91561,
	5.9702 6.91561,
	5.94565 6.92022,
	5.92109 6.92175,
	5.89653 6.91868,
	5.88426 6.91868,
	5.87198 6.91561,
	5.86584 6.91561,
	5.84435 6.8972,
	5.83821 6.89259,
	5.83514 6.88645,
	5.83514 6.87417,
	5.83514 6.86957,
	"/>
</Transform>

<Transform dim="0"
 xcoef=" 0 1 0 0 0 0"
 ycoef=" 0 0 1 0 0 0">
<Contour name="d04" hidden="false" closed="true" simplified="true" border="0 1 0" fill="0 1 0" mode="-11"
 points="3.16946 1.87631,
	3.17384 1.85298,
	3.17821 1.84132,
	3.18113 1.83549,
	3.19279 1.82966,
	3.19862 1.82674,
	3.203 1.82091,
	3.20445 1.79758,
	3.21029 1.78592,
	3.23215 1.76405,
	3.24527 1.74073,
	3.25548 1.72906,
	3.26131 1.72761,
	3.26423 1.72469,
	3.31088 1.72615,
	3.32254 1.72761,
	3.33421 1.73198,
	3.34587 1.73344,
	3.35753 1.73198,
	3.36628 1.72032,
	3.38961 1.70282,
	3.41293 1.69845,
	3.41876 1.69845,
	3.44209 1.68241,
	3.45375 1.67658,
	3.50041 1.67075,
	3.51207 1.66346,
	3.5179 1.66054,
	3.53685 1.63722,
	3.54706 1.61389,
	3.54852 1.60223,
	3.55581 1.5789,
	3.55872 1.56724,
	3.56164 1.56141,
	3.5733 1.55412,
	3.59663 1.5512,
	3.64328 1.55266,
	3.73659 1.56724,
	3.74825 1.5687,
	3.77158 1.57744,
	3.77449 1.57744,
	3.78615 1.58765,
	3.80073 1.61097,
	3.80219 1.61681,
	3.81094 1.62847,
	3.81677 1.63284,
	3.8401 1.6343,
	3.85176 1.63576,
	3.85759 1.63867,
	3.85905 1.662,
	3.85613 1.67366,
	3.85613 1.6795,
	3.83718 1.72615,
	3.82698 1.74947,
	3.82552 1.7728,
	3.82843 1.78446,
	3.83135 1.7903,
	3.83135 1.80196,
	3.83135 1.80779,
	3.82114 1.83112,
	3.81969 1.85444,
	3.81823 1.86611,
	3.81531 1.87194,
	3.80365 1.88214,
	3.78032 1.8836,
	3.76866 1.8836,
	3.76283 1.88506,
	3.75116 1.89381,
	3.73367 1.91713,
	3.72492 1.9288,
	3.7016 1.94775,
	3.65494 1.97545,
	3.60829 2.01481,
	3.58642 2.03668,
	3.57476 2.04689,
	3.5631 2.05126,
	3.51644 2.05272,
	3.49312 2.05126,
	3.46979 2.04397,
	3.44646 2.0396,
	3.39981 2.04397,
	3.37649 2.05709,
	3.35316 2.06584,
	3.34733 2.07021,
	3.34441 2.07021,
	3.33858 2.07459,
	3.31525 2.08333,
	3.30359 2.08771,
	3.28026 2.08916,
	3.25694 2.08771,
	3.24527 2.08479,
	3.23944 2.08333,
	3.23361 2.07896,
	3.22778 2.0775,
	3.21612 2.06584,
	3.2132 2.06001,
	3.21174 2.01335,
	3.20883 2.00169,
	3.20883 1.99586,
	3.20445 1.9842,
	3.18842 1.96087,
	3.17967 1.94921,
	3.16946 1.90255,
	3.16946 1.87923,
	3.16946 1.87777,
	"/>
</Transform>

<Transform dim="0"
 xcoef=" 0 1 0 0 0 0"
 ycoef=" 0 0 1 0 0 0">
<Contour name="d01p18" hidden="false" closed="true" simplified="false" border="1 0 0" fill="1 0 0" mode="-13"
 points="3.84369 4.55367,
	3.81737 4.55367,
	3.81737 4.56683,
	3.83053 4.57999,
	3.87001 4.59315,
	3.84369 4.60631,
	3.83053 4.63264,
	3.8042 4.60631,
	3.79104 4.57999,
	3.79104 4.55367,
	3.76472 4.55367,
	3.8042 4.52734,
	"/>
</Transform>

<Transform dim="0"
 xcoef=" 0 1 0 0 0 0"
 ycoef=" 0 0 1 0 0 0">
<Contour name="d03p01" hidden="false" closed="true" simplified="false" border="1 0.5 0" fill="1 0.5 0" mode="-13"
 points="7.61441 7.50459,
	7.61441 7.49358,
	7.62542 7.48257,
	7.63643 7.48257,
	7.64744 7.49358,
	7.64744 7.50459,
	7.63643 7.5156,
	7.62542 7.5156,
	"/>
</Transform>

<Transform dim="0"
 xcoef=" 0 1 0 0 0 0"
 ycoef=" 0 0 1 0 0 0">
<Contour name="d03p02" hidden="false" closed="true" simplified="false" border="0.5 0 1" fill="0.5 0 1" mode="-13"
 points="7.37216 7.0256,
	7.35564 7.02009,
	7.37216 7.01459,
	7.36115 6.99807,
	7.37766 7.00908,
	7.38317 6.99257,
	7.38867 7.00908,
	7.40519 6.99807,
	7.39418 7.01459,
	7.4107 7.02009,
	7.39418 7.0256,
	7.40519 7.04212,
	7.38867 7.03111,
	7.38317 7.04762,
	7.37766 7.03111,
	7.36115 7.04212,
	"/>
</Transform>

<Transform dim="1"
 xcoef=" -0.01 1 0 0 0 0"
 ycoef=" 0 0 1 0 0 0">
<Contour name="d03c01" hidden="false" closed="true" simplified="true" border="1 0 1" fill="1 0 1" mode="11"
 points="7.99281 7.24408,
	8.00845 7.18849,
	8.02061 7.1607,
	8.03798 7.1329,
	8.06056 7.10858,
	8.07272 7.10164,
	8.0762 7.09816,
	8.10399 7.09121,
	8.11789 7.08426,
	8.14569 7.08253,
	8.15785 7.09295,
	8.15958 7.10685,
	8.14916 7.13464,
	8.137 7.1468,
	8.12831 7.1607,
	8.12484 7.16765,
	8.12658 7.22324,
	8.14569 7.27883,
	8.15958 7.30662,
	8.16827 7.32052,
	8.21691 7.36916,
	8.21865 7.38306,
	8.21517 7.39696,
	8.20475 7.40912,
	8.19085 7.4178,
	8.16306 7.42302,
	8.14916 7.42475,
	8.12137 7.43344,
	8.10747 7.43344,
	8.09357 7.42823,
	8.06925 7.40912,
	8.04146 7.41085,
	8.02756 7.41085,
	8.0154 7.40217,
	8.00497 7.39001,
	7.99629 7.36221,
	7.99281 7.34832,
	7.99281 7.29273,
	7.99281 7.26493,
	7.99281 7.25103,
	7.99281 7.24582,
	"/>
</Transform>

<Transform dim="0"
 xcoef=" 0 1 0 0 0 0"
 ycoef=" 0 0 1 0 0 0">
<Contour name="d03cfa02" hidden="false" closed="true" simplified="true" border="1 0 0" fill="1 0 0" mode="11"
 points="7.99263 7.24417,
	8.00235 7.2096,
	8.01424 7.17503,
	8.02288 7.15774,
	8.03369 7.14045,
	8.03909 7.13181,
	8.05529 7.11452,
	8.06394 7.10696,
	8.07258 7.10156,
	8.0769 7.09832,
	8.11148 7.08859,
	8.12012 7.08427,
	8.13741 7.08319,
	8.14173 7.08211,
	8.14605 7.08319,
	8.15469 7.08967,
	8.15793 7.094,
	8.15901 7.10264,
	8.16009 7.10696,
	8.15361 7.12425,
	8.15037 7.13289,
	8.14281 7.14153,
	8.13849 7.14585,
	8.12768 7.16314,
	8.12444 7.17178,
	8.12552 7.20636,
	8.1266 7.22364,
	8.13849 7.25822,
	8.15361 7.29279,
	8.16226 7.31008,
	8.16766 7.31872,
	8.20115 7.35329,
	8.21736 7.37058,
	8.21844 7.37922,
	8.2152 7.39651,
	8.20871 7.40515,
	8.20007 7.41272,
	8.18278 7.4192,
	8.14821 7.42568,
	8.13957 7.42676,
	8.12228 7.43216,
	8.10499 7.43324,
	8.08771 7.42352,
	8.07042 7.41055,
	8.05313 7.40947,
	8.03585 7.41055,
	8.03153 7.41055,
	8.0272 7.40839,
	8.01532 7.39111,
	8.01316 7.38895,
	8.01208 7.38462,
	8.00019 7.36734,
	7.99371 7.35005,
	7.99263 7.31548,
	7.99371 7.30792,
	7.99587 7.30684,
	7.99587 7.30467,
	7.99695 7.29819,
	8.00019 7.28955,
	8.00127 7.27226,
	8.00019 7.26362,
	8.00019 7.26146,
	7.99803 7.2593,
	7.99803 7.25714,
	7.99587 7.25498,
	7.99479 7.25498,
	7.99263 7.25173,
	7.99263 7.24741,
	7.99263 7.24525,
	"/>
</Transform>

<Transform dim="0"
 xcoef=" 0 1 0 0 0 0"
 ycoef=" 0 0 1 0 0 0">
<Contour name="d03cfa01" hidden="false" closed="false" simplified="false" border="1 0 0" fill="1 0 0" mode="11"
 points="8.18062 7.33168,
	8.16874 7.3198,
	8.14173 7.27334,
	"/>
<Contour name="d03cfa01" hidden="false" closed="false" simplified="false" border="1 0 0" fill="1 0 0" mode="11"
 points="8.15793 7.09508,
	8.15685 7.11452,
	8.14605 7.13289,
	8.1266 7.16098,
	8.11904 7.19015,
	8.1266 7.23769,
	"/>
</Transform>

<Transform dim="0"
 xcoef=" 0 1 0 0 0 0"
 ycoef=" 0 0 1 0 0 0">
<Contour name="d01ax15" hidden="false" closed="true" simplified="true" border="0 1 1" fill="0 1 1" mode="-11"
 points="3.80942 5.18316,
	3.82147 5.17261,
	3.83352 5.16508,
	3.84557 5.16056,
	3.86967 5.16056,
	3.88172 5.16056,
	3.89377 5.15454,
	3.89829 5.14851,
	3.90431 5.12441,
	3.91185 5.11236,
	3.9239 5.10182,
	3.93595 5.09579,
	3.94197 5.09278,
	3.96607 5.09278,
	3.97812 5.09579,
	4.02632 5.12742,
	4.03837 5.13194,
	4.08658 5.12893,
	4.11068 5.13044,
	4.13478 5.14098,
	4.14683 5.14701,
	4.16641 5.16659,
	4.17545 5.17563,
	4.1875 5.18165,
	4.2116 5.18466,
	4.21762 5.18768,
	4.23419 5.21178,
	4.24775 5.23588,
	4.25528 5.24793,
	4.26281 5.27203,
	4.27336 5.28408,
	4.2839 5.29312,
	4.28992 5.29613,
	4.30047 5.30818,
	4.30499 5.32023,
	4.30499 5.34433,
	4.30047 5.36843,
	4.29896 5.39253,
	4.29896 5.39856,
	4.28842 5.42266,
	4.27336 5.44676,
	4.25377 5.46785,
	4.22967 5.4799,
	4.18147 5.49948,
	4.15737 5.51454,
	4.14532 5.51755,
	4.12122 5.51755,
	4.10917 5.51605,
	4.09712 5.51153,
	4.09109 5.50701,
	4.06699 5.49797,
	4.05494 5.49345,
	4.03084 5.49044,
	4.02482 5.49044,
	4.00072 5.4814,
	3.99469 5.47839,
	3.9721 5.45429,
	3.96306 5.44224,
	3.95703 5.43621,
	3.94197 5.41362,
	3.91787 5.40006,
	3.89528 5.37747,
	3.88473 5.36542,
	3.87268 5.35789,
	3.86063 5.34584,
	3.85461 5.33981,
	3.83804 5.31722,
	3.83502 5.30517,
	3.83201 5.29914,
	3.82749 5.27504,
	3.82599 5.25094,
	3.82599 5.23889,
	3.82297 5.22684,
	3.81243 5.20274,
	3.80942 5.19671,
	3.80942 5.18466,
	"/>
</Transform>

<Transform dim="0"
 xcoef=" 0 1 0 0 0 0"
 ycoef=" 0 0 1 0 0 0">
<Contour name="d01ax16" hidden="false" closed="true" simplified="true" border="0 1 1" fill="0 1 1" mode="-11"
 points="2.94177 5.1407,
	2.94388 5.13226,
	2.94599 5.12804,
	2.95021 5.12382,
	2.95232 5.1196,
	2.95654 5.11538,
	2.96181 5.10694,
	2.96603 5.09006,
	2.9692 5.08162,
	2.97448 5.07317,
	2.9903 5.06368,
	2.99874 5.0584,
	3.00719 5.05524,
	3.02196 5.04363,
	3.03884 5.03519,
	3.05572 5.02991,
	3.0726 5.02886,
	3.14013 5.03519,
	3.14858 5.03519,
	3.16546 5.03835,
	3.18234 5.04469,
	3.19922 5.04785,
	3.21611 5.04785,
	3.23299 5.05102,
	3.24987 5.05735,
	3.25409 5.0584,
	3.26253 5.06368,
	3.29419 5.09428,
	3.30263 5.09955,
	3.31635 5.11644,
	3.3269 5.13332,
	3.33217 5.1502,
	3.33217 5.16708,
	3.32795 5.18397,
	3.31107 5.19874,
	3.30685 5.20296,
	3.29841 5.20823,
	3.28258 5.22301,
	3.27519 5.23989,
	3.27097 5.24833,
	3.25409 5.26416,
	3.23721 5.27787,
	3.22033 5.28843,
	3.2045 5.3032,
	3.19711 5.31164,
	3.19289 5.31586,
	3.17601 5.32325,
	3.16757 5.32641,
	3.16546 5.32641,
	3.16335 5.32852,
	3.14647 5.33169,
	3.12958 5.33169,
	3.12114 5.33063,
	3.10426 5.32536,
	3.08738 5.31797,
	3.07894 5.31375,
	3.07049 5.31164,
	3.03673 5.31058,
	3.02829 5.30742,
	3.00085 5.27893,
	2.99558 5.27049,
	2.99241 5.26627,
	2.98503 5.24939,
	2.97764 5.24094,
	2.97131 5.23461,
	2.96709 5.23039,
	2.94704 5.19663,
	2.94599 5.17974,
	2.9481 5.16286,
	2.94177 5.14598,
	2.94177 5.14176,
	"/>
</Transform>

<Transform dim="0"
 xcoef=" 0 1 0 0 0 0"
 ycoef=" 0 0 1 0 0 0">
<Contour name="d01ax18" hidden="false" closed="true" simplified="true" border="0 1 1" fill="0 1 1" mode="-11"
 points="4.69739 4.58999,
	4.69904 4.57677,
	4.71226 4.55034,
	4.71722 4.5239,
	4.71722 4.51068,
	4.72382 4.48425,
	4.72878 4.47103,
	4.74696 4.44459,
	4.77009 4.41981,
	4.78331 4.40824,
	4.80974 4.39007,
	4.83618 4.37685,
	4.86261 4.36694,
	4.86922 4.36528,
	4.87583 4.36033,
	4.92871 4.34876,
	4.98158 4.33389,
	5.00801 4.32563,
	5.06089 4.32398,
	5.08732 4.31902,
	5.10054 4.31902,
	5.12698 4.32893,
	5.17985 4.34215,
	5.20629 4.35041,
	5.2129 4.35207,
	5.23933 4.37354,
	5.25255 4.38346,
	5.27899 4.39337,
	5.30542 4.40824,
	5.31864 4.41981,
	5.33681 4.44624,
	5.35829 4.47268,
	5.37151 4.48259,
	5.38473 4.4892,
	5.41117 4.49416,
	5.42438 4.49746,
	5.45082 4.51564,
	5.46239 4.52886,
	5.49708 4.58173,
	5.52187 4.60651,
	5.5483 4.62469,
	5.57309 4.64782,
	5.5797 4.65443,
	5.58796 4.66765,
	5.59292 4.69408,
	5.59126 4.72052,
	5.59126 4.73374,
	5.58961 4.74035,
	5.5797 4.75357,
	5.56648 4.76678,
	5.55657 4.78,
	5.54335 4.78992,
	5.49048 4.81139,
	5.47726 4.81635,
	5.45082 4.83287,
	5.39795 4.87088,
	5.38473 4.87749,
	5.35829 4.88244,
	5.33186 4.88244,
	5.31864 4.88244,
	5.30542 4.88575,
	5.29881 4.88575,
	5.2922 4.88905,
	5.26577 4.88905,
	5.2129 4.88079,
	5.16002 4.87914,
	5.10715 4.87253,
	5.05428 4.86096,
	5.04106 4.85601,
	5.03445 4.8527,
	5.02784 4.8527,
	5.01462 4.84774,
	4.98819 4.84609,
	4.96175 4.84114,
	4.94853 4.83948,
	4.9221 4.83122,
	4.86922 4.82296,
	4.85601 4.81966,
	4.82957 4.80644,
	4.80313 4.78826,
	4.79818 4.78496,
	4.77174 4.76017,
	4.76017 4.74696,
	4.72878 4.69408,
	4.72052 4.68087,
	4.71061 4.65443,
	4.69739 4.62799,
	4.69739 4.60156,
	4.69739 4.59495,
	4.69739 4.59164,
	"/>
</Transform>

<Transform dim="0"
 xcoef=" 0 1 0 0 0 0"
 ycoef=" 0 0 1 0 0 0">
<Contour name="d03ax07" hidden="false" closed="true" simplified="true" border="0 1 1" fill="0 1 1" mode="-11"
 points="6.09985 6.91843,
	6.10915 6.89983,
	6.12776 6.89983,
	6.13706 6.89983,
	6.17427 6.91146,
	6.18357 6.91611,
	6.18822 6.92076,
	6.19287 6.92076,
	6.23008 6.94634,
	6.3045 6.97657,
	6.37891 6.9882,
	6.39752 6.99518,
	6.40682 6.9975,
	6.4231 7.01611,
	6.42775 7.02076,
	6.42775 7.03936,
	6.42542 7.04866,
	6.42077 7.05331,
	6.40217 7.05564,
	6.36496 7.04866,
	6.34636 7.04401,
	6.30915 7.02541,
	6.27194 7.01378,
	6.19752 6.98355,
	6.16031 6.96495,
	6.15101 6.96262,
	6.14636 6.96262,
	6.10915 6.94169,
	6.09985 6.93239,
	6.09985 6.92309,
	6.09985 6.92076,
	"/>
</Transform>

<Transform dim="0"
 xcoef=" 0 1 0 0 0 0"
 ycoef=" 0 0 1 0 0 0">
<Contour name="d01ax18ssvr" hidden="false" closed="true" simplified="false" border="0 1 0" fill="0 1 0" mode="11"
 points="4.94016 4.42261,
	4.93076 4.41321,
	4.94016 4.40381,
	4.94957 4.41321,
	"/>
<Contour name="d01ax18ssvr" hidden="false" closed="true" simplified="false" border="0 1 0" fill="0 1 0" mode="11"
 points="4.94419 4.45889,
	4.93479 4.44948,
	4.94419 4.44008,
	4.9536 4.44948,
	"/>
<Contour name="d01ax18ssvr" hidden="false" closed="true" simplified="false" border="0 1 0" fill="0 1 0" mode="11"
 points="4.96435 4.46561,
	4.95494 4.4562,
	4.96435 4.4468,
	4.97375 4.4562,
	"/>
<Contour name="d01ax18ssvr" hidden="false" closed="true" simplified="false" border="0 1 0" fill="0 1 0" mode="11"
 points="4.97778 4.50322,
	4.96838 4.49382,
	4.97778 4.48441,
	4.98718 4.49382,
	"/>
<Contour name="d01ax18ssvr" hidden="false" closed="true" simplified="false" border="0 1 0" fill="0 1 0" mode="11"
 points="4.99659 4.47367,
	4.98718 4.46426,
	4.99659 4.45486,
	5.00599 4.46426,
	"/>
<Contour name="d01ax18ssvr" hidden="false" closed="true" simplified="false" border="0 1 0" fill="0 1 0" mode="11"
 points="4.9939 4.40515,
	4.9845 4.39574,
	4.9939 4.38634,
	5.00331 4.39574,
	"/>
<Contour name="d01ax18ssvr" hidden="false" closed="true" simplified="false" border="0 1 0" fill="0 1 0" mode="11"
 points="5.03555 4.39171,
	5.02615 4.38231,
	5.03555 4.37291,
	5.04495 4.38231,
	"/>
<Contour name="d01ax18ssvr" hidden="false" closed="true" simplified="false" border="0 1 0" fill="0 1 0" mode="11"
 points="5.04227 4.43471,
	5.03286 4.4253,
	5.04227 4.4159,
	5.05167 4.4253,
	"/>
<Contour name="d01ax18ssvr" hidden="false" closed="true" simplified="false" border="0 1 0" fill="0 1 0" mode="11"
 points="5.07048 4.43202,
	5.06108 4.42261,
	5.07048 4.41321,
	5.07988 4.42261,
	"/>
<Contour name="d01ax18ssvr" hidden="false" closed="true" simplified="false" border="0 1 0" fill="0 1 0" mode="11"
 points="5.09332 4.45486,
	5.08391 4.44545,
	5.09332 4.43605,
	5.10272 4.44545,
	"/>
<Contour name="d01ax18ssvr" hidden="false" closed="true" simplified="false" border="0 1 0" fill="0 1 0" mode="11"
 points="5.0772 4.47635,
	5.06779 4.46695,
	5.0772 4.45754,
	5.0866 4.46695,
	"/>
<Contour name="d01ax18ssvr" hidden="false" closed="true" simplified="false" border="0 1 0" fill="0 1 0" mode="11"
 points="5.04227 4.47367,
	5.03286 4.46426,
	5.04227 4.45486,
	5.05167 4.46426,
	"/>
<Contour name="d01ax18ssvr" hidden="false" closed="true" simplified="false" border="0 1 0" fill="0 1 0" mode="11"
 points="5.03958 4.50322,
	5.03018 4.49382,
	5.03958 4.48441,
	5.04898 4.49382,
	"/>
<Contour name="d01ax18ssvr" hidden="false" closed="true" simplified="false" border="0 1 0" fill="0 1 0" mode="11"
 points="4.91464 4.46695,
	4.90523 4.45754,
	4.91464 4.44814,
	4.92404 4.45754,
	"/>
<Contour name="d01ax18ssvr" hidden="false" closed="true" simplified="false" border="0 1 0" fill="0 1 0" mode="11"
 points="4.89045 4.48038,
	4.88105 4.47098,
	4.89045 4.46157,
	4.89986 4.47098,
	"/>
<Contour name="d01ax18ssvr" hidden="false" closed="true" simplified="false" border="0 1 0" fill="0 1 0" mode="11"
 points="4.92807 4.49919,
	4.91867 4.48979,
	4.92807 4.48038,
	4.93748 4.48979,
	"/>
<Contour name="d01ax18ssvr" hidden="false" closed="true" simplified="false" border="0 1 0" fill="0 1 0" mode="11"
 points="4.9536 4.51934,
	4.94419 4.50994,
	4.9536 4.50054,
	4.963 4.50994,
	"/>
<Contour name="d01ax18ssvr" hidden="false" closed="true" simplified="false" border="0 1 0" fill="0 1 0" mode="11"
 points="4.92404 4.52069,
	4.91464 4.51128,
	4.92404 4.50188,
	4.93345 4.51128,
	"/>
<Contour name="d01ax18ssvr" hidden="false" closed="true" simplified="false" border="0 1 0" fill="0 1 0" mode="11"
 points="4.88239 4.51666,
	4.87299 4.50725,
	4.88239 4.49785,
	4.8918 4.50725,
	"/>
<Contour name="d01ax18ssvr" hidden="false" closed="true" simplified="false" border="0 1 0" fill="0 1 0" mode="11"
 points="4.8394 4.49516,
	4.83 4.48576,
	4.8394 4.47635,
	4.84881 4.48576,
	"/>
<Contour name="d01ax18ssvr" hidden="false" closed="true" simplified="false" border="0 1 0" fill="0 1 0" mode="11"
 points="4.88239 4.44142,
	4.87299 4.43202,
	4.88239 4.42261,
	4.8918 4.43202,
	"/>
<Contour name="d01ax18ssvr" hidden="false" closed="true" simplified="false" border="0 1 0" fill="0 1 0" mode="11"
 points="4.91867 4.5489,
	4.90926 4.5395,
	4.91867 4.53009,
	4.92807 4.5395,
	"/>
<Contour name="d01ax18ssvr" hidden="false" closed="true" simplified="false" border="0 1 0" fill="0 1 0" mode="11"
 points="4.95091 4.56368,
	4.94151 4.55427,
	4.95091 4.54487,
	4.96031 4.55427,
	"/>
<Contour name="d01ax18ssvr" hidden="false" closed="true" simplified="false" border="0 1 0" fill="0 1 0" mode="11"
 points="4.97778 4.58652,
	4.96838 4.57711,
	4.97778 4.56771,
	4.98718 4.57711,
	"/>
<Contour name="d01ax18ssvr" hidden="false" closed="true" simplified="false" border="0 1 0" fill="0 1 0" mode="11"
 points="4.96703 4.61473,
	4.95763 4.60533,
	4.96703 4.59592,
	4.97644 4.60533,
	"/>
<Contour name="d01ax18ssvr" hidden="false" closed="true" simplified="false" border="0 1 0" fill="0 1 0" mode="11"
 points="4.98181 4.64026,
	4.97241 4.63085,
	4.98181 4.62145,
	4.99121 4.63085,
	"/>
<Contour name="d01ax18ssvr" hidden="false" closed="true" simplified="false" border="0 1 0" fill="0 1 0" mode="11"
 points="4.94285 4.63623,
	4.93345 4.62682,
	4.94285 4.61742,
	4.95225 4.62682,
	"/>
<Contour name="d01ax18ssvr" hidden="false" closed="true" simplified="false" border="0 1 0" fill="0 1 0" mode="11"
 points="4.91732 4.59861,
	4.90792 4.5892,
	4.91732 4.5798,
	4.92673 4.5892,
	"/>
<Contour name="d01ax18ssvr" hidden="false" closed="true" simplified="false" border="0 1 0" fill="0 1 0" mode="11"
 points="4.8609 4.55696,
	4.85149 4.54756,
	4.8609 4.53815,
	4.8703 4.54756,
	"/>
<Contour name="d01ax18ssvr" hidden="false" closed="true" simplified="false" border="0 1 0" fill="0 1 0" mode="11"
 points="4.82059 4.54621,
	4.81119 4.53681,
	4.82059 4.5274,
	4.83 4.53681,
	"/>
<Contour name="d01ax18ssvr" hidden="false" closed="true" simplified="false" border="0 1 0" fill="0 1 0" mode="11"
 points="4.88911 4.62951,
	4.87971 4.6201,
	4.88911 4.6107,
	4.89852 4.6201,
	"/>
<Contour name="d01ax18ssvr" hidden="false" closed="true" simplified="false" border="0 1 0" fill="0 1 0" mode="11"
 points="4.84478 4.64563,
	4.83537 4.63623,
	4.84478 4.62682,
	4.85418 4.63623,
	"/>
<Contour name="d01ax18ssvr" hidden="false" closed="true" simplified="false" border="0 1 0" fill="0 1 0" mode="11"
 points="4.87702 4.67384,
	4.86762 4.66444,
	4.87702 4.65503,
	4.88642 4.66444,
	"/>
<Contour name="d01ax18ssvr" hidden="false" closed="true" simplified="false" border="0 1 0" fill="0 1 0" mode="11"
 points="4.88239 4.72355,
	4.87299 4.71415,
	4.88239 4.70474,
	4.8918 4.71415,
	"/>
<Contour name="d01ax18ssvr" hidden="false" closed="true" simplified="false" border="0 1 0" fill="0 1 0" mode="11"
 points="4.78432 4.6631,
	4.77492 4.65369,
	4.78432 4.64429,
	4.79372 4.65369,
	"/>
<Contour name="d01ax18ssvr" hidden="false" closed="true" simplified="false" border="0 1 0" fill="0 1 0" mode="11"
 points="4.75611 4.61204,
	4.7467 4.60264,
	4.75611 4.59324,
	4.76551 4.60264,
	"/>
<Contour name="d01ax18ssvr" hidden="false" closed="true" simplified="false" border="0 1 0" fill="0 1 0" mode="11"
 points="5.01271 4.59458,
	5.00331 4.58517,
	5.01271 4.57577,
	5.02211 4.58517,
	"/>
<Contour name="d01ax18ssvr" hidden="false" closed="true" simplified="false" border="0 1 0" fill="0 1 0" mode="11"
 points="5.05033 4.56368,
	5.04092 4.55427,
	5.05033 4.54487,
	5.05973 4.55427,
	"/>
<Contour name="d01ax18ssvr" hidden="false" closed="true" simplified="false" border="0 1 0" fill="0 1 0" mode="11"
 points="5.00599 4.52875,
	4.99659 4.51934,
	5.00599 4.50994,
	5.0154 4.51934,
	"/>
<Contour name="d01ax18ssvr" hidden="false" closed="true" simplified="false" border="0 1 0" fill="0 1 0" mode="11"
 points="5.04898 4.53412,
	5.03958 4.52472,
	5.04898 4.51531,
	5.05839 4.52472,
	"/>
<Contour name="d01ax18ssvr" hidden="false" closed="true" simplified="false" border="0 1 0" fill="0 1 0" mode="11"
 points="5.12691 4.44545,
	5.1175 4.43605,
	5.12691 4.42664,
	5.13631 4.43605,
	"/>
<Contour name="d01ax18ssvr" hidden="false" closed="true" simplified="false" border="0 1 0" fill="0 1 0" mode="11"
 points="5.14034 4.47635,
	5.13094 4.46695,
	5.14034 4.45754,
	5.14974 4.46695,
	"/>
<Contour name="d01ax18ssvr" hidden="false" closed="true" simplified="false" border="0 1 0" fill="0 1 0" mode="11"
 points="5.12153 4.4965,
	5.11213 4.4871,
	5.12153 4.4777,
	5.13094 4.4871,
	"/>
<Contour name="d01ax18ssvr" hidden="false" closed="true" simplified="false" border="0 1 0" fill="0 1 0" mode="11"
 points="5.14168 4.41187,
	5.13228 4.40246,
	5.14168 4.39306,
	5.15109 4.40246,
	"/>
<Contour name="d01ax18ssvr" hidden="false" closed="true" simplified="false" border="0 1 0" fill="0 1 0" mode="11"
 points="5.11481 4.38634,
	5.10541 4.37694,
	5.11481 4.36753,
	5.12422 4.37694,
	"/>
<Contour name="d01ax18ssvr" hidden="false" closed="true" simplified="false" border="0 1 0" fill="0 1 0" mode="11"
 points="5.18602 4.43202,
	5.17661 4.42261,
	5.18602 4.41321,
	5.19542 4.42261,
	"/>
<Contour name="d01ax18ssvr" hidden="false" closed="true" simplified="false" border="0 1 0" fill="0 1 0" mode="11"
 points="5.20751 4.44411,
	5.19811 4.43471,
	5.20751 4.4253,
	5.21692 4.43471,
	"/>
<Contour name="d01ax18ssvr" hidden="false" closed="true" simplified="false" border="0 1 0" fill="0 1 0" mode="11"
 points="5.24379 4.44142,
	5.23438 4.43202,
	5.24379 4.42261,
	5.25319 4.43202,
	"/>
<Contour name="d01ax18ssvr" hidden="false" closed="true" simplified="false" border="0 1 0" fill="0 1 0" mode="11"
 points="5.21692 4.40784,
	5.20751 4.39843,
	5.21692 4.38903,
	5.22632 4.39843,
	"/>
<Contour name="d01ax18ssvr" hidden="false" closed="true" simplified="false" border="0 1 0" fill="0 1 0" mode="11"
 points="5.23976 4.48576,
	5.23035 4.47635,
	5.23976 4.46695,
	5.24916 4.47635,
	"/>
<Contour name="d01ax18ssvr" hidden="false" closed="true" simplified="false" border="0 1 0" fill="0 1 0" mode="11"
 points="5.2102 4.47904,
	5.2008 4.46964,
	5.2102 4.46023,
	5.21961 4.46964,
	"/>
<Contour name="d01ax18ssvr" hidden="false" closed="true" simplified="false" border="0 1 0" fill="0 1 0" mode="11"
 points="5.18871 4.50457,
	5.1793 4.49516,
	5.18871 4.48576,
	5.19811 4.49516,
	"/>
<Contour name="d01ax18ssvr" hidden="false" closed="true" simplified="false" border="0 1 0" fill="0 1 0" mode="11"
 points="5.21423 4.53144,
	5.20483 4.52203,
	5.21423 4.51263,
	5.22364 4.52203,
	"/>
<Contour name="d01ax18ssvr" hidden="false" closed="true" simplified="false" border="0 1 0" fill="0 1 0" mode="11"
 points="5.23707 4.51397,
	5.22767 4.50457,
	5.23707 4.49516,
	5.24648 4.50457,
	"/>
<Contour name="d01ax18ssvr" hidden="false" closed="true" simplified="false" border="0 1 0" fill="0 1 0" mode="11"
 points="5.24916 4.53681,
	5.23976 4.5274,
	5.24916 4.518,
	5.25857 4.5274,
	"/>
<Contour name="d01ax18ssvr" hidden="false" closed="true" simplified="false" border="0 1 0" fill="0 1 0" mode="11"
 points="5.2935 4.49516,
	5.28409 4.48576,
	5.2935 4.47635,
	5.3029 4.48576,
	"/>
<Contour name="d01ax18ssvr" hidden="false" closed="true" simplified="false" border="0 1 0" fill="0 1 0" mode="11"
 points="5.31365 4.5395,
	5.30424 4.53009,
	5.31365 4.52069,
	5.32305 4.53009,
	"/>
<Contour name="d01ax18ssvr" hidden="false" closed="true" simplified="false" border="0 1 0" fill="0 1 0" mode="11"
 points="5.31096 4.58786,
	5.30156 4.57846,
	5.31096 4.56905,
	5.32037 4.57846,
	"/>
<Contour name="d01ax18ssvr" hidden="false" closed="true" simplified="false" border="0 1 0" fill="0 1 0" mode="11"
 points="5.24782 4.56905,
	5.23841 4.55965,
	5.24782 4.55024,
	5.25722 4.55965,
	"/>
<Contour name="d01ax18ssvr" hidden="false" closed="true" simplified="false" border="0 1 0" fill="0 1 0" mode="11"
 points="5.21154 4.58652,
	5.20214 4.57711,
	5.21154 4.56771,
	5.22095 4.57711,
	"/>
<Contour name="d01ax18ssvr" hidden="false" closed="true" simplified="false" border="0 1 0" fill="0 1 0" mode="11"
 points="5.36067 4.56905,
	5.35127 4.55965,
	5.36067 4.55024,
	5.37007 4.55965,
	"/>
<Contour name="d01ax18ssvr" hidden="false" closed="true" simplified="false" border="0 1 0" fill="0 1 0" mode="11"
 points="5.09466 4.53815,
	5.08526 4.52875,
	5.09466 4.51934,
	5.10407 4.52875,
	"/>
<Contour name="d01ax18ssvr" hidden="false" closed="true" simplified="false" border="0 1 0" fill="0 1 0" mode="11"
 points="5.10407 4.58114,
	5.09466 4.57174,
	5.10407 4.56234,
	5.11347 4.57174,
	"/>
<Contour name="d01ax18ssvr" hidden="false" closed="true" simplified="false" border="0 1 0" fill="0 1 0" mode="11"
 points="5.07854 4.60667,
	5.06914 4.59727,
	5.07854 4.58786,
	5.08795 4.59727,
	"/>
<Contour name="d01ax18ssvr" hidden="false" closed="true" simplified="false" border="0 1 0" fill="0 1 0" mode="11"
 points="5.11481 4.62682,
	5.10541 4.61742,
	5.11481 4.60801,
	5.12422 4.61742,
	"/>
<Contour name="d01ax18ssvr" hidden="false" closed="true" simplified="false" border="0 1 0" fill="0 1 0" mode="11"
 points="5.1484 4.61742,
	5.139 4.60801,
	5.1484 4.59861,
	5.15781 4.60801,
	"/>
<Contour name="d01ax18ssvr" hidden="false" closed="true" simplified="false" border="0 1 0" fill="0 1 0" mode="11"
 points="4.87568 4.5892,
	4.86627 4.5798,
	4.87568 4.5704,
	4.88508 4.5798,
	"/>
<Contour name="d01ax18ssvr" hidden="false" closed="true" simplified="false" border="0 1 0" fill="0 1 0" mode="11"
 points="5.14303 4.518,
	5.13362 4.5086,
	5.14303 4.49919,
	5.15243 4.5086,
	"/>
<Contour name="d01ax18ssvr" hidden="false" closed="true" simplified="false" border="0 1 0" fill="0 1 0" mode="11"
 points="5.17796 4.59861,
	5.16855 4.5892,
	5.17796 4.5798,
	5.18736 4.5892,
	"/>
<Contour name="d01ax18ssvr" hidden="false" closed="true" simplified="false" border="0 1 0" fill="0 1 0" mode="11"
 points="5.20348 4.63891,
	5.19408 4.62951,
	5.20348 4.6201,
	5.21289 4.62951,
	"/>
<Contour name="d01ax18ssvr" hidden="false" closed="true" simplified="false" border="0 1 0" fill="0 1 0" mode="11"
 points="5.28678 4.68862,
	5.27737 4.67922,
	5.28678 4.66981,
	5.29618 4.67922,
	"/>
<Contour name="d01ax18ssvr" hidden="false" closed="true" simplified="false" border="0 1 0" fill="0 1 0" mode="11"
 points="5.33917 4.66981,
	5.32977 4.66041,
	5.33917 4.651,
	5.34858 4.66041,
	"/>
<Contour name="d01ax18ssvr" hidden="false" closed="true" simplified="false" border="0 1 0" fill="0 1 0" mode="11"
 points="5.34455 4.73564,
	5.33514 4.72624,
	5.34455 4.71683,
	5.35395 4.72624,
	"/>
<Contour name="d01ax18ssvr" hidden="false" closed="true" simplified="false" border="0 1 0" fill="0 1 0" mode="11"
 points="5.31768 4.78401,
	5.30827 4.7746,
	5.31768 4.7652,
	5.32708 4.7746,
	"/>
<Contour name="d01ax18ssvr" hidden="false" closed="true" simplified="false" border="0 1 0" fill="0 1 0" mode="11"
 points="5.38888 4.77998,
	5.37948 4.77057,
	5.38888 4.76117,
	5.39829 4.77057,
	"/>
<Contour name="d01ax18ssvr" hidden="false" closed="true" simplified="false" border="0 1 0" fill="0 1 0" mode="11"
 points="5.36739 4.8364,
	5.35798 4.827,
	5.36739 4.8176,
	5.37679 4.827,
	"/>
</Transform>

<Transform dim="6"
 xcoef=" 0.0489757095052293 1.00437603550562 0.017107932894945 0 0 0"
 ycoef=" -0.190121135870589 0.00720865035146347 1.05182323505901 0 0 0">
<Image mag="0.00217927" contrast="1" brightness="0" red="true" green="true" blue="true"
 src="LKJKD_und.111.jpg" />
<Contour name="domain1" hidden="false" closed="true" simplified="false" border="1 0 1" fill="1 0 1" mode="11"
 points="0 0,
	4112 0,
	4112 4096,
	0 4096,
	"/>
</Transform>

<Transform dim="0"
 xcoef=" 0 1 0 0 0 0"
 ycoef=" 0 0 1 0 0 0">
<Contour name="Brax66" hidden="false" closed="true" simplified="false" border="0 0 1" fill="0 0 1" mode="-13"
 points="5.14915 4.5735,
	5.11925 4.54361,
	5.14915 4.51371,
	5.17905 4.54361,
	"/>
</Transform>

<Transform dim="0"
 xcoef=" 0 1 0 0 0 0"
 ycoef=" 0 0 1 0 0 0">
<Contour name="d01ax18ssvr" hidden="false" closed="true" simplified="false" border="0 1 0" fill="0 1 0" mode="11"
 points="5.14034 4.57174,
	5.13094 4.56234,
	5.14034 4.55293,
	5.14974 4.56234,
	"/>
<Contour name="d01ax18ssvr" hidden="false" closed="true" simplified="false" border="0 1 0" fill="0 1 0" mode="11"
 points="5.1793 4.54487,
	5.1699 4.53547,
	5.1793 4.52606,
	5.18871 4.53547,
	"/>
<Contour name="d01ax18ssvr" hidden="false" closed="true" simplified="false" border="0 1 0" fill="0 1 0" mode="11"
 points="4.81253 4.57443,
	4.80313 4.56502,
	4.81253 4.55562,
	4.82194 4.56502,
	"/>
<Contour name="d01ax18ssvr" hidden="false" closed="true" simplified="false" border="0 1 0" fill="0 1 0" mode="11"
 points="4.92135 4.67653,
	4.91195 4.66713,
	4.92135 4.65772,
	4.93076 4.66713,
	"/>
</Transform>

</Section>